1 53 1988  8  6.88709 562 99 119 1 1 1 1 1  -21.260  -13.620    0.6    0.6 0
1 53 1988  8  6.89542 562 99 119 1 1 1 1 1  -19.000  -14.160    0.6    0.6 0
1 53 1988  8 13.89435 562 99 119 1 1 1 1 1  -23.280  -13.500    0.6    0.6 0
1 53 1988  8 13.90054 562 99 119 1 1 1 1 1  -22.870  -14.550    0.6    0.6 0
1 53 1988  8 13.90708 562 99 119 1 1 1 1 1  -21.030  -14.940    0.6    0.6 0
1 53 1988  8 16.92613 562 99 119 1 1 1 1 1   22.880   14.460    0.6    0.6 0
1 53 1988  8 16.93233 562 99 119 1 1 1 1 1   21.190   15.060    0.6    0.6 0
1 53 1988  8 16.93846 562 99 119 1 1 1 1 1   19.950   15.640    0.6    0.6 0
1 53 1988  8 20.90928 562 99 119 1 1 1 1 1  -25.460  -14.840    0.6    0.6 0
1 53 1988  8 20.91692 562 99 119 1 1 1 1 1  -24.000  -15.950    0.6    0.6 0
1 53 1988  8 20.92352 562 99 119 1 1 1 1 1  -23.120  -17.040    0.6    0.6 0
1 53 1988  8 21.88159 562 99 119 1 1 1 1 1  -22.230  -16.160    0.6    0.6 0
1 53 1988  8 25.85613 562 99 119 1 1 1 1 1   24.210   15.710    0.6    0.6 0
1 53 1988  8 26.00636 562 99 119 1 1 1 1 1  -26.380  -14.220    0.6    0.6 0
1 53 1988  8 26.13073 562 99 119 1 1 1 1 1  -26.370  -15.620    0.6    0.6 0
1 53 1988  9  1.82796 562 99 119 1 1 1 1 1   25.650   15.760    0.6    0.6 0
1 53 1988  9  1.87514 562 99 119 1 1 1 1 1   24.240   16.370    0.6    0.6 0
1 53 1988  9  1.88139 562 99 119 1 1 1 1 1   23.940   17.070    0.6    0.6 0
1 53 1988  9  1.88788 562 99 119 1 1 1 1 1   22.200   18.040    0.6    0.6 0
1 53 1988  8 21.88150 562 99 119 2 1 1 1 1  -50.800  -40.650    0.2    0.2 0
1 53 1988  8 12.95294 562 99 119 3 1 1 1 1  -37.300  -16.470    0.3    0.3 0
1 53 1988  8 21.88159 562 99 119 3 1 1 1 1  -28.570  -24.490    0.3    0.3 0
1 53 1988  8 21.88680 562 99 119 3 1 1 1 1  -29.120  -24.150    0.3    0.3 0
1 53 1988  8 22.98422 562 99 119 3 1 1 1 1  -86.370  -40.360    0.3    0.3 0
1 53 1988  8 22.99094 562 99 119 3 1 1 1 1  -85.430  -42.350    0.3    0.3 0
1 53 1988  8 22.99742 562 99 119 3 1 1 1 1  -84.320  -43.180    0.3    0.3 0
1 53 1988  8 24.89343 562 99 119 3 1 1 1 1   39.320   13.860    0.3    0.3 0
1 53 1988  8 24.90755 562 99 119 3 1 1 1 1   41.420   14.080    0.3    0.3 0
1 53 1988  8 26.99963 562 99 119 3 1 1 1 1  -18.930  -23.900    0.3    0.3 0
1 53 1988  8 27.00483 562 99 119 3 1 1 1 1  -19.050  -23.880    0.3    0.3 0
1 53 1988  9  2.97594 562 99 119 3 1 1 1 1   56.620   54.960    0.3    0.3 0
1 53 1988  9  2.98265 562 99 119 3 1 1 1 1   54.200   55.800    0.3    0.3 0
1 53 1988  9  2.98884 562 99 119 3 1 1 1 1   51.460   56.330    0.3    0.3 0
1 53 1988  9  2.99509 562 99 119 3 1 1 1 1   48.450   56.330    0.3    0.3 0
1 53 1988  9  3.93047 562 99 119 3 1 1 1 1   90.980   32.850    0.3    0.3 0
1 53 1988  9  3.94546 562 99 119 3 1 1 1 1   91.910   38.850    0.3    0.3 0
1 53 1988  9  3.95160 562 99 119 3 1 1 1 1   91.250   40.510    0.3    0.3 0