1 52 1986  7 22.72625 552 99 129 1 1 1 1 1   29.070  -10.150    1.0    1.0 0
1 52 1986  7 22.72919 552 99 129 1 1 1 1 1   28.170   -8.440    1.0    1.0 0
1 52 1986  7 22.72772 552 99 129 1 1 1 1 1   28.620   -9.290    1.0    1.0 0
1 52 1986  7 22.72772 552 99 129 1 1 1 1 1   28.040   -9.050    1.0    1.0 0
1 52 1986  7 26.84342 552 99 129 1 1 1 1 1   29.510  -10.070    1.0    1.0 0
1 52 1986  7 26.84481 552 99 129 1 1 1 1 1   29.120   -9.530    1.0    1.0 0
1 52 1986  7 26.84706 552 99 129 1 1 1 1 1   29.600   -9.570    1.0    1.0 0
1 52 1986  7 26.84971 552 99 129 1 1 1 1 1   29.820   -8.500    1.0    1.0 0
1 52 1986  7 26.85497 552 99 129 1 1 1 1 1   29.700   -9.100    1.0    1.0 0
1 52 1986  7 26.85664 552 99 129 1 1 1 1 1   30.020   -9.220    1.0    1.0 0
1 52 1986  7 26.85872 552 99 129 1 1 1 1 1   30.260   -9.990    1.0    1.0 0
1 52 1986  7 26.85678 552 99 129 1 1 1 1 1   30.000   -9.430    1.0    1.0 0
1 52 1986  7 26.85678 552 99 129 1 1 1 1 1   29.680   -8.830    1.0    1.0 0
1 52 1986  7 26.87044 552 99 129 1 1 1 1 1   28.150   -9.370    1.0    1.0 0
1 52 1986  7 26.87246 552 99 129 1 1 1 1 1   27.840   -8.380    1.0    1.0 0
1 52 1986  7 26.87454 552 99 129 1 1 1 1 1   26.660  -10.030    1.0    1.0 0
1 52 1986  7 26.87633 552 99 129 1 1 1 1 1   25.050   -9.410    1.0    1.0 0
1 52 1986  7 26.87760 552 99 129 1 1 1 1 1   25.490   -9.870    1.0    1.0 0
1 52 1986  7 26.87427 552 99 129 1 1 1 1 1   28.120   -7.010    1.0    1.0 0
1 52 1986  7 26.87427 552 99 129 1 1 1 1 1   26.640   -9.390    1.0    1.0 0
1 52 1986  7 26.87376 552 99 129 1 1 1 1 1   28.230   -8.530    1.0    1.0 0
1 52 1986  7 28.74401 552 99 129 1 1 1 1 1   26.200   -7.620    1.0    1.0 0
1 52 1986  7 28.74551 552 99 129 1 1 1 1 1   26.680   -8.640    1.0    1.0 0
1 52 1986  7 28.74736 552 99 129 1 1 1 1 1   27.120   -9.080    1.0    1.0 0
1 52 1986  7 28.74944 552 99 129 1 1 1 1 1   28.360   -7.340    1.0    1.0 0
1 52 1986  7 28.75232 552 99 129 1 1 1 1 1   29.260   -8.430    1.0    1.0 0
1 52 1986  7 28.75463 552 99 129 1 1 1 1 1   29.120   -9.900    1.0    1.0 0
1 52 1986  7 28.76173 552 99 129 1 1 1 1 1   28.980  -10.160    1.0    1.0 0
1 52 1986  7 28.76381 552 99 129 1 1 1 1 1   28.700  -10.680    1.0    1.0 0
1 52 1986  7 28.76589 552 99 129 1 1 1 1 1   29.040  -10.180    1.0    1.0 0
1 52 1986  7 28.76848 552 99 129 1 1 1 1 1   29.160  -10.300    1.0    1.0 0
1 52 1986  7 28.77160 552 99 129 1 1 1 1 1   28.880  -10.380    1.0    1.0 0
1 52 1986  7 28.79838 552 99 129 1 1 1 1 1   24.800   -5.230    1.0    1.0 0
1 52 1986  7 30.82633 552 99 129 1 1 1 1 1  -26.020   10.990    1.0    1.0 0
1 52 1986  7 30.84842 552 99 129 1 1 1 1 1  -28.260   10.470    1.0    1.0 0
1 52 1986  7 30.84980 552 99 129 1 1 1 1 1  -28.880    9.490    1.0    1.0 0
1 52 1986  7 30.85102 552 99 129 1 1 1 1 1  -28.830   10.510    1.0    1.0 0
1 52 1986  7 30.85275 552 99 129 1 1 1 1 1  -28.520   10.170    1.0    1.0 0
1 52 1986  7 30.85483 552 99 129 1 1 1 1 1  -27.360   10.170    1.0    1.0 0
1 52 1986  7 30.85697 552 99 129 1 1 1 1 1  -27.040    9.470    1.0    1.0 0
1 52 1986  7 30.86674 552 99 129 1 1 1 1 1  -23.970    9.440    1.0    1.0 0
1 52 1986  7 31.77473 552 99 129 1 1 1 1 1  -25.790   10.400    1.0    1.0 0
1 52 1986  7 31.77750 552 99 129 1 1 1 1 1  -26.070   10.670    1.0    1.0 0
1 52 1986  7 31.77900 552 99 129 1 1 1 1 1  -25.810   10.500    1.0    1.0 0
1 52 1986  7 31.78061 552 99 129 1 1 1 1 1  -25.580   11.690    1.0    1.0 0
1 52 1986  7 31.78298 552 99 129 1 1 1 1 1  -26.940   10.330    1.0    1.0 0
1 52 1986  7 31.78517 552 99 129 1 1 1 1 1  -27.260   10.010    1.0    1.0 0
1 52 1986  7 31.78000 552 99 129 1 1 1 1 1  -26.240   10.600    1.0    1.0 0
1 52 1986  7 31.78000 552 99 129 1 1 1 1 1  -25.660   10.820    1.0    1.0 0
1 52 1986  7 31.79741 552 99 129 1 1 1 1 1  -28.720   10.010    1.0    1.0 0
1 52 1986  7 31.79879 552 99 129 1 1 1 1 1  -28.850   10.210    1.0    1.0 0
1 52 1986  7 31.80000 552 99 129 1 1 1 1 1  -29.670   10.340    1.0    1.0 0
1 52 1986  7 31.80191 552 99 129 1 1 1 1 1  -28.610   10.190    1.0    1.0 0
1 52 1986  7 31.80479 552 99 129 1 1 1 1 1  -28.410    9.910    1.0    1.0 0
1 52 1986  7 31.81691 552 99 129 1 1 1 1 1  -25.350   10.370    1.0    1.0 0
1 52 1986  7 31.81836 552 99 129 1 1 1 1 1  -25.270   10.350    1.0    1.0 0
1 52 1986  7 31.81991 552 99 129 1 1 1 1 1  -24.390    9.630    1.0    1.0 0
1 52 1986  7 31.82234 552 99 129 1 1 1 1 1  -25.130    9.130    1.0    1.0 0
1 52 1986  7 31.82759 552 99 129 1 1 1 1 1  -24.560    8.530    1.0    1.0 0
1 52 1986  8  2.73060 552 99 129 1 1 1 1 1  -25.380    8.180    1.0    1.0 0
1 52 1986  8  2.73210 552 99 129 1 1 1 1 1  -24.810    8.150    1.0    1.0 0
1 52 1986  8  2.73337 552 99 129 1 1 1 1 1  -24.810    9.200    1.0    1.0 0
1 52 1986  8  2.73510 552 99 129 1 1 1 1 1  -24.460    9.680    1.0    1.0 0
1 52 1986  8  2.73735 552 99 129 1 1 1 1 1  -24.700    9.580    1.0    1.0 0
1 52 1986  8  2.73931 552 99 129 1 1 1 1 1  -23.030    7.810    1.0    1.0 0
1 52 1986  8  2.85872 552 99 129 1 1 1 1 1   29.030  -10.520    1.0    1.0 0
1 52 1986  8  2.86010 552 99 129 1 1 1 1 1   28.850   -9.590    1.0    1.0 0
1 52 1986  8  2.86132 552 99 129 1 1 1 1 1   28.450   -8.460    1.0    1.0 0
1 52 1986  8  2.86293 552 99 129 1 1 1 1 1   28.790   -8.810    1.0    1.0 0
1 52 1986  8  2.86484 552 99 129 1 1 1 1 1   27.440   -9.580    1.0    1.0 0
1 52 1986  8  2.86715 552 99 129 1 1 1 1 1   29.610   -8.100    1.0    1.0 0
1 52 1986  8  2.87338 552 99 129 1 1 1 1 1   29.130  -12.060    1.0    1.0 0
1 52 1986  8  2.87569 552 99 129 1 1 1 1 1   28.140  -11.060    1.0    1.0 0
1 52 1986  8  2.87875 552 99 129 1 1 1 1 1   28.810   -9.740    1.0    1.0 0
1 52 1986  8  2.88290 552 99 129 1 1 1 1 1   28.110   -8.860    1.0    1.0 0
1 52 1986  8  2.88417 552 99 129 1 1 1 1 1   27.750   -9.090    1.0    1.0 0
1 52 1986  8  2.88567 552 99 129 1 1 1 1 1   26.920   -8.160    1.0    1.0 0
1 52 1986  8  2.88711 552 99 129 1 1 1 1 1   27.610   -8.240    1.0    1.0 0
1 52 1986  8  2.88867 552 99 129 1 1 1 1 1   26.650   -7.440    1.0    1.0 0
1 52 1986  8  2.89023 552 99 129 1 1 1 1 1   26.470   -7.460    1.0    1.0 0
1 52 1986  8  3.80644 552 99 129 1 1 1 1 1   26.150   -9.390    1.0    1.0 0
1 52 1986  8  3.80851 552 99 129 1 1 1 1 1   28.200   -9.190    1.0    1.0 0
1 52 1986  8  3.81065 552 99 129 1 1 1 1 1   28.310   -7.660    1.0    1.0 0
1 52 1986  8  3.81227 552 99 129 1 1 1 1 1   28.620   -9.290    1.0    1.0 0
1 52 1986  8  3.81354 552 99 129 1 1 1 1 1   27.400   -9.150    1.0    1.0 0
1 52 1986  8  3.81475 552 99 129 1 1 1 1 1   28.410   -9.190    1.0    1.0 0
1 52 1986  8  3.82017 552 99 129 1 1 1 1 1   28.800  -10.400    1.0    1.0 0
1 52 1986  8  3.82242 552 99 129 1 1 1 1 1   28.490  -10.240    1.0    1.0 0
1 52 1986  8  3.82398 552 99 129 1 1 1 1 1   28.130  -10.330    1.0    1.0 0
1 52 1986  8  3.82635 552 99 129 1 1 1 1 1   28.650  -10.550    1.0    1.0 0
1 52 1986  8  3.82912 552 99 129 1 1 1 1 1   28.630  -10.420    1.0    1.0 0
1 52 1986  8  3.83195 552 99 129 1 1 1 1 1   28.190  -10.720    1.0    1.0 0
1 52 1986  8  3.84078 552 99 129 1 1 1 1 1   27.640   -9.400    1.0    1.0 0
1 52 1986  8  3.84256 552 99 129 1 1 1 1 1   27.180   -8.850    1.0    1.0 0
1 52 1986  8  3.84372 552 99 129 1 1 1 1 1   26.790   -7.350    1.0    1.0 0
1 52 1986  8  3.84522 552 99 129 1 1 1 1 1   27.140   -7.540    1.0    1.0 0
1 52 1986  8  3.84718 552 99 129 1 1 1 1 1   26.830   -7.680    1.0    1.0 0
1 52 1986  8  3.84914 552 99 129 1 1 1 1 1   26.710   -7.560    1.0    1.0 0
1 52 1986  8  4.78053 552 99 129 1 1 1 1 1   28.500   -9.800    1.0    1.0 0
1 52 1986  8  4.78226 552 99 129 1 1 1 1 1   28.120   -9.120    1.0    1.0 0
1 52 1986  8  4.78399 552 99 129 1 1 1 1 1   29.010   -9.890    1.0    1.0 0
1 52 1986  8  4.78590 552 99 129 1 1 1 1 1   28.570   -9.310    1.0    1.0 0
1 52 1986  8  4.78797 552 99 129 1 1 1 1 1   28.380   -9.160    1.0    1.0 0
1 52 1986  8  4.79351 552 99 129 1 1 1 1 1   27.660   -9.820    1.0    1.0 0
1 52 1986  8  4.79611 552 99 129 1 1 1 1 1   27.000   -9.760    1.0    1.0 0
1 52 1986  8  4.79767 552 99 129 1 1 1 1 1   28.320   -9.530    1.0    1.0 0
1 52 1986  8  4.79975 552 99 129 1 1 1 1 1   27.260   -9.120    1.0    1.0 0
1 52 1986  8  4.80096 552 99 129 1 1 1 1 1   27.020   -9.280    1.0    1.0 0
1 52 1986  8  4.80217 552 99 129 1 1 1 1 1   26.450   -9.700    1.0    1.0 0
1 52 1986  8  5.72589 552 99 129 1 1 1 1 1   28.260   -8.040    1.0    1.0 0
1 52 1986  8  5.73484 552 99 129 1 1 1 1 1   28.470   -9.660    1.0    1.0 0
1 52 1986  8  5.73611 552 99 129 1 1 1 1 1   28.280  -10.720    1.0    1.0 0
1 52 1986  8  5.73749 552 99 129 1 1 1 1 1   28.480  -10.100    1.0    1.0 0
1 52 1986  8  5.73957 552 99 129 1 1 1 1 1   28.480  -10.380    1.0    1.0 0
1 52 1986  8  5.74269 552 99 129 1 1 1 1 1   28.740   -9.990    1.0    1.0 0
1 52 1986  8  5.74546 552 99 129 1 1 1 1 1   27.940  -10.150    1.0    1.0 0
1 52 1986  8  5.75624 552 99 129 1 1 1 1 1   27.790   -7.880    1.0    1.0 0
1 52 1986  7 26.84342 552 99 129 2 1 1 1 1   44.670  -13.000    1.3    1.3 0
1 52 1986  7 26.84481 552 99 129 2 1 1 1 1   43.940  -11.950    1.3    1.3 0
1 52 1986  7 26.84706 552 99 129 2 1 1 1 1   43.780  -11.470    1.3    1.3 0
1 52 1986  7 26.84971 552 99 129 2 1 1 1 1   42.350  -10.480    1.3    1.3 0
1 52 1986  7 28.74401 552 99 129 2 1 1 1 1  -40.720   14.260    1.3    1.3 0
1 52 1986  7 28.74551 552 99 129 2 1 1 1 1  -39.720   13.200    1.3    1.3 0
1 52 1986  7 28.74736 552 99 129 2 1 1 1 1  -39.000   12.100    1.3    1.3 0
1 52 1986  7 28.74944 552 99 129 2 1 1 1 1  -38.050   13.570    1.3    1.3 0
1 52 1986  7 28.75232 552 99 129 2 1 1 1 1  -36.700   12.730    1.3    1.3 0
1 52 1986  7 28.75463 552 99 129 2 1 1 1 1  -37.060   11.180    1.3    1.3 0
1 52 1986  7 28.76173 552 99 129 2 1 1 1 1  -35.000   10.490    1.3    1.3 0
1 52 1986  7 28.76381 552 99 129 2 1 1 1 1  -35.070    8.380    1.3    1.3 0
1 52 1986  7 28.76589 552 99 129 2 1 1 1 1  -34.370    7.680    1.3    1.3 0
1 52 1986  7 28.76848 552 99 129 2 1 1 1 1  -34.000    8.760    1.3    1.3 0
1 52 1986  7 28.77160 552 99 129 2 1 1 1 1  -32.710    8.690    1.3    1.3 0
1 52 1986  7 30.86952 552 99 129 2 1 1 1 1  -36.200   15.230    1.3    1.3 0
1 52 1986  7 30.87975 552 99 129 2 1 1 1 1  -39.930   16.310    1.3    1.3 0
1 52 1986  7 31.77473 552 99 129 2 1 1 1 1   68.830  -21.710    1.3    1.3 0
1 52 1986  7 31.77750 552 99 129 2 1 1 1 1   69.090  -22.330    1.3    1.3 0
1 52 1986  7 31.77900 552 99 129 2 1 1 1 1   68.030  -20.370    1.3    1.3 0
1 52 1986  7 31.78061 552 99 129 2 1 1 1 1   69.460  -20.350    1.3    1.3 0
1 52 1986  7 31.78298 552 99 129 2 1 1 1 1   68.290  -21.980    1.3    1.3 0
1 52 1986  7 31.78517 552 99 129 2 1 1 1 1   68.190  -22.020    1.3    1.3 0
1 52 1986  7 31.78000 552 99 129 2 1 1 1 1   68.640  -21.470    1.3    1.3 0
1 52 1986  7 31.78000 552 99 129 2 1 1 1 1   70.090  -22.120    1.3    1.3 0
1 52 1986  7 31.80479 552 99 129 2 1 1 1 1   63.510  -19.870    1.3    1.3 0
1 52 1986  7 31.81691 552 99 129 2 1 1 1 1   61.890  -18.910    1.3    1.3 0
1 52 1986  7 31.81836 552 99 129 2 1 1 1 1   61.110  -18.810    1.3    1.3 0
1 52 1986  7 31.81991 552 99 129 2 1 1 1 1   61.340  -18.250    1.3    1.3 0
1 52 1986  7 31.82234 552 99 129 2 1 1 1 1   60.890  -18.710    1.3    1.3 0
1 52 1986  7 31.82759 552 99 129 2 1 1 1 1   60.160  -19.280    1.3    1.3 0
1 52 1986  8  2.73510 552 99 129 2 1 1 1 1  -53.850   19.930    1.3    1.3 0
1 52 1986  8  2.73735 552 99 129 2 1 1 1 1  -53.150   18.300    1.3    1.3 0
1 52 1986  8  2.73931 552 99 129 2 1 1 1 1  -53.570   19.140    1.3    1.3 0
1 52 1986  8  3.80644 552 99 129 2 1 1 1 1  -73.700   25.300    1.3    1.3 0
1 52 1986  8  3.80851 552 99 129 2 1 1 1 1  -67.960   24.760    1.3    1.3 0
1 52 1986  8  3.81065 552 99 129 2 1 1 1 1  -68.230   26.430    1.3    1.3 0
1 52 1986  8  3.82017 552 99 129 2 1 1 1 1  -70.320   25.420    1.3    1.3 0
1 52 1986  8  3.82242 552 99 129 2 1 1 1 1  -71.050   24.260    1.3    1.3 0
1 52 1986  8  3.82635 552 99 129 2 1 1 1 1  -70.330   25.150    1.3    1.3 0
1 52 1986  8  3.82912 552 99 129 2 1 1 1 1  -70.730   24.170    1.3    1.3 0
1 52 1986  8  3.83195 552 99 129 2 1 1 1 1  -70.950   24.350    1.3    1.3 0
1 52 1986  8  3.84078 552 99 129 2 1 1 1 1  -70.460   24.000    1.3    1.3 0
1 52 1986  8  3.84256 552 99 129 2 1 1 1 1  -70.810   24.520    1.3    1.3 0
1 52 1986  8  3.84522 552 99 129 2 1 1 1 1  -70.830   26.490    1.3    1.3 0
1 52 1986  8  3.84718 552 99 129 2 1 1 1 1  -71.180   25.900    1.3    1.3 0
1 52 1986  8  3.84914 552 99 129 2 1 1 1 1  -71.150   26.910    1.3    1.3 0
1 52 1986  8  5.72814 552 99 129 2 1 1 1 1   71.820  -21.480    1.3    1.3 0
1 52 1986  8  5.73484 552 99 129 2 1 1 1 1   69.220  -25.140    1.3    1.3 0
1 52 1986  8  5.73611 552 99 129 2 1 1 1 1   70.570  -24.800    1.3    1.3 0
1 52 1986  8  5.73749 552 99 129 2 1 1 1 1   70.640  -23.620    1.3    1.3 0
1 52 1986  8  5.73957 552 99 129 2 1 1 1 1   72.070  -25.640    1.3    1.3 0
1 52 1986  8  5.74269 552 99 129 2 1 1 1 1   71.960  -25.220    1.3    1.3 0
1 52 1986  8  5.74546 552 99 129 2 1 1 1 1   70.360  -22.920    1.3    1.3 0
1 52 1986  8  5.75624 552 99 129 2 1 1 1 1   69.880  -22.490    1.3    1.3 0
1 52 1986  8  5.80026 552 99 129 2 1 1 1 1   70.200  -21.290    1.3    1.3 0