 1 1988   8  20.876852  0 49 56.992   0 -15  53.65
 1 1988   8  20.879399  0 49 56.985   0 -15  53.98
 1 1988   8  20.882234  0 49 57.005   0 -15  54.80
 1 1988   8  20.890012  0 49 57.029   0 -15  56.41
 1 1988   8  20.892674  0 49 57.058   0 -15  56.79
 1 1988   8  20.895012  0 49 57.078   0 -15  57.39
 1 1988   8  20.900915  0 49 57.153   0 -15  58.28
 1 1988   8  20.903808  0 49 57.192   0 -15  58.79
 1 1988   8  20.906609  0 49 57.245   0 -15  59.14
 1 1988   8  20.912292  0 49 57.344   0 -15  59.78
 1 1988   8  20.917848  0 49 57.485   0 -16  00.26
 1 1988   8  20.923970  0 49 57.633   0 -16  00.58
 1 1988   8  20.926771  0 49 57.711   0 -16  00.69
 1 1988   8  20.929399  0 49 57.797   0 -16  00.49
 1 1988   8  20.934167  0 49 57.936   0 -16  00.74
 1 1988   8  20.936748  0 49 58.039   0 -16  00.55
 1 1988   8  20.939179  0 49 58.121   0 -16  00.37
 1 1988   8  20.943843  0 49 58.282   0 -15  59.87
 1 1988   8  20.946771  0 49 58.400   0 -15  59.70
 1 1988   8  20.949271  0 49 58.480   0 -15  59.20
 1 1988   8  20.954850  0 49 58.728   0 -15  58.36
 1 1988   8  20.957535  0 49 58.841   0 -15  58.04
 1 1988   8  21.844700  0 50 14.229   0 -15  18.66
 1 1988   8  21.848936  0 50 14.250   0 -15  20.00
 1 1988   8  21.851181  0 50 14.251   0 -15  20.56
 1 1988   8  21.853507  0 50 14.269   0 -15  20.71
 1 1988   8  21.858334  0 50 14.323   0 -15  21.92
 1 1988   8  21.864005  0 50 14.390   0 -15  22.72
 1 1988   8  21.868797  0 50 14.493   0 -15  23.62
 1 1988   8  21.872616  0 50 14.549   0 -15  23.83
 1 1988   8  21.885267  0 50 14.835   0 -15  24.25
 1 1988   8  21.888473  0 50 14.949   0 -15  24.30
 1 1988   8  21.892176  0 50 15.066   0 -15  24.35
 1 1988   8  21.895533  0 50 15.171   0 -15  24.12
 1 1988   8  21.900683  0 50 15.348   0 -15  23.90
 1 1988   8  21.904167  0 50 15.464   0 -15  23.29
 1 1988   8  21.907396  0 50 15.574   0 -15  23.21
 1 1988   8  21.910244  0 50 15.685   0 -15  22.89
 1 1988   8  23.925984  0 50 44.004   0 -14  24.73
 1 1988   8  23.928531  0 50 43.991   0 -14  23.61
 1 1988   8  23.931227  0 50 44.004   0 -14  23.18
 1 1988   8  23.937211  0 50 44.023   0 -14  22.26
 1 1988   8  23.940186  0 50 44.005   0 -14  21.32
 1 1988   8  23.942477  0 50 44.012   0 -14  20.90
 1 1988   8  26.791575  0 50 59.389   0 -15  25.67
 1 1988   8  26.793577  0 50 59.394   0 -15  25.23
 1 1988   8  26.795579  0 50 59.395   0 -15  24.97
 1 1988   8  26.799248  0 50 59.397   0 -15  24.27
 1 1988   8  26.803044  0 50 59.357   0 -15  23.51
 1 1988   8  26.806945  0 50 59.335   0 -15  22.94
 1 1988   8  26.810649  0 50 59.279   0 -15  22.40
 1 1988   8  26.814491  0 50 59.239   0 -15  22.09
 1 1988   8  26.816366  0 50 59.207   0 -15  21.95
 1 1988   8  26.818392  0 50 59.159   0 -15  21.99
 1 1988   8  26.822211  0 50 59.105   0 -15  21.78
 1 1988   8  26.830926  0 50 58.902   0 -15  21.58
 1 1988   8  26.832790  0 50 58.858   0 -15  21.77
 1 1988   8  26.834619  0 50 58.803   0 -15  21.66
 1 1988   8  26.838426  0 50 58.654   0 -15  21.93
 1 1988   8  26.840232  0 50 58.634   0 -15  22.24
 1 1988   8  26.842234  0 50 58.570   0 -15  22.61
 1 1988   8  26.927014  0 50 55.530   0 -15  47.16
 1 1988   8  26.928947  0 50 55.480   0 -15  47.79
 1 1988   8  26.930359  0 50 55.453   0 -15  48.20
 1 1988   8  26.933913  0 50 55.358   0 -15  49.81
 1 1988   8  26.935244  0 50 55.337   0 -15  50.03
 1 1988   8  26.936505  0 50 55.297   0 -15  50.74
 1 1988   8  26.939352  0 50 55.243   0 -15  51.54
 1 1988   8  26.940903  0 50 55.217   0 -15  52.20
 1 1988   8  26.942304  0 50 55.206   0 -15  52.56
 1 1988   8  26.945382  0 50 55.150   0 -15  53.57
 1 1988   8  26.947003  0 50 55.126   0 -15  54.25
 1 1988   8  26.948438  0 50 55.109   0 -15  54.48
 1 1988   8  26.951320  0 50 55.072   0 -15  55.54
 1 1988   8  26.952755  0 50 55.063   0 -15  55.87
 1 1988   8  26.954237  0 50 55.041   0 -15  56.48
 1 1988   8  26.957419  0 50 55.013   0 -15  57.20
 1 1988   8  26.958727  0 50 55.004   0 -15  57.69
 1 1988   8  26.960035  0 50 54.999   0 -15  57.86
 1 1988   8  26.963751  0 50 54.977   0 -15  58.78
 1 1988   8  26.966656  0 50 54.974   0 -15  59.39
 1 1988   8  26.970058  0 50 54.985   0 -15  59.99
 1 1988   8  26.973959  0 50 54.970   0 -16  00.96
 1 1988   8  26.977720  0 50 55.006   0 -16  01.59
 1 1988   8  26.980683  0 50 55.017   0 -16  01.92
 1 1988   8  26.983913  0 50 55.061   0 -16  02.51
 1 1988   8  26.985382  0 50 55.064   0 -16  02.79
 1 1988   8  26.987026  0 50 55.077   0 -16  02.66
 1 1988   8  26.989943  0 50 55.113   0 -16  02.98
 1 1988   8  26.991413  0 50 55.142   0 -16  03.20
 1 1988   8  26.992859  0 50 55.161   0 -16  03.41
 1 1988   8  26.997234  0 50 55.237   0 -16  03.64
 1 1988   8  26.999341  0 50 55.272   0 -16  03.47
 1 1988   8  27.001494  0 50 55.323   0 -16  03.45
 1 1988   8  27.005070  0 50 55.391   0 -16  03.40
 1 1988   8  27.007211  0 50 55.436   0 -16  03.50
 1 1988   8  27.009341  0 50 55.465   0 -16  03.34
 1 1988   8  27.013079  0 50 55.574   0 -16  03.10
 1 1988   8  27.015024  0 50 55.604   0 -16  03.16
 1 1988   9  17.794457  0 38 41.726  -1  19  58.16
 1 1988   9  17.796378  0 38 41.595  -1  19  58.03
 1 1988   9  17.798484  0 38 41.457  -1  19  58.06
 1 1988   9  17.803658  0 38 41.102  -1  19  58.10
 1 1988   9  17.806285  0 38 40.910  -1  19  58.18
 1 1988   9  17.808878  0 38 40.717  -1  19  58.39
 1 1988   9  17.814931  0 38 40.246  -1  19  58.78
 1 1988   9  17.817281  0 38 40.053  -1  19  59.10
 1 1988   9  17.819850  0 38 39.842  -1  19  59.29
 1 1988   9  17.824063  0 38 39.487  -1  19  59.97
 1 1988   9  17.825950  0 38 39.321  -1  20  00.17
 1 1988   9  17.827998  0 38 39.136  -1  20  00.69
 1 1988   9  17.833519  0 38 38.638  -1  20  01.72
 1 1988   9  17.835278  0 38 38.466  -1  20  02.23
 1 1988   9  17.837338  0 38 38.283  -1  20  02.71
 1 1988   9  17.840950  0 38 37.919  -1  20  03.58
 1 1988   9  17.843218  0 38 37.699  -1  20  04.36
 1 1988   9  17.844989  0 38 37.532  -1  20  04.89
 1 1988   9  17.848947  0 38 37.130  -1  20  06.18
 1 1988   9  17.850776  0 38 36.951  -1  20  06.91
 1 1988   9  17.852605  0 38 36.753  -1  20  07.53
 1 1988   9  17.856169  0 38 36.388  -1  20  08.91
 1 1988   9  17.858878  0 38 36.105  -1  20  09.92
 1 1988   9  17.860440  0 38 35.949  -1  20  10.56
 1 1988   9  17.917107  0 38 30.009  -1  20  42.07
 1 1988   9  17.919167  0 38 29.814  -1  20  43.51
 1 1988   9  17.923241  0 38 29.438  -1  20  45.94
 1 1988   9  17.925174  0 38 29.258  -1  20  47.35
 1 1988   9  17.927014  0 38 29.091  -1  20  48.19
 1 1988   9  17.931308  0 38 28.682  -1  20  51.10
 1 1988   9  17.934028  0 38 28.453  -1  20  52.71
 1 1988   9  17.936482  0 38 28.253  -1  20  54.07
 1 1988   9  17.983056  0 38 25.073  -1  21  17.44
 1 1988   9  17.985764  0 38 24.938  -1  21  18.39
 1 1988   9  17.988704  0 38 24.798  -1  21  19.37
 1 1988   9  17.993334  0 38 24.581  -1  21  20.82
 1 1988   9  17.996621  0 38 24.440  -1  21  21.93
 1 1988   9  17.998936  0 38 24.356  -1  21  22.30
 1 1988   9  18.005556  0 38 24.079  -1  21  23.93
 1 1988   9  18.007257  0 38 24.025  -1  21  24.27
 1 1988   9  18.720961  0 37 43.569  -1  24  09.22
 1 1988   9  18.725880  0 37 43.329  -1  24  08.97
 1 1988   9  18.728264  0 37 43.237  -1  24  08.81
 1 1988   9  18.730996  0 37 43.076  -1  24  08.33
 1 1988   9  18.735741  0 37 42.848  -1  24  07.95
 1 1988   9  18.737628  0 37 42.756  -1  24  07.70
 1 1988   9  18.739248  0 37 42.659  -1  24  07.84
 1 1988   9  18.744804  0 37 42.340  -1  24  07.38
 1 1988   9  18.746540  0 37 42.214  -1  24  07.24
 1 1988   9  18.750880  0 37 41.959  -1  24  07.11
 1 1988   9  18.752929  0 37 41.829  -1  24  07.01
 1 1988   9  18.754688  0 37 41.691  -1  24  07.07
 1 1988   9  18.757663  0 37 41.474  -1  24  07.03
 1 1988   9  18.759630  0 37 41.362  -1  24  07.16
 1 1988   9  18.761806  0 37 41.200  -1  24  07.08
 1 1988   9  18.766459  0 37 40.851  -1  24  07.33
 1 1988   9  18.768484  0 37 40.683  -1  24  07.51
 1 1988   9  18.770869  0 37 40.493  -1  24  07.70
 1 1988   9  18.776586  0 37 40.027  -1  24  08.36
 1 1988   9  18.778600  0 37 39.861  -1  24  08.68
 1 1988   9  18.780475  0 37 39.679  -1  24  08.79
 1 1988   9  18.784468  0 37 39.337  -1  24  09.58
 1 1988   9  18.786308  0 37 39.169  -1  24  10.39
 1 1988   9  18.788357  0 37 38.960  -1  24  10.40
 1 1988   9  18.793669  0 37 38.462  -1  24  11.58
 1 1988   9  18.795857  0 37 38.259  -1  24  12.17
 1 1988   9  18.797732  0 37 38.070  -1  24  12.73
 1 1988   9  18.801251  0 37 37.721  -1  24  13.69
 1 1988   9  18.804318  0 37 37.410  -1  24  14.85
 1 1988   9  18.806389  0 37 37.197  -1  24  15.51
 1 1988   9  18.809688  0 37 36.853  -1  24  16.55
 1 1988   9  18.811505  0 37 36.679  -1  24  17.24
 1 1988   9  18.813507  0 37 36.448  -1  24  18.05
 1 1988   9  18.876123  0 37 29.799  -1  24  52.73
 1 1988   9  18.880637  0 37 29.362  -1  24  55.68
 1 1988   9  18.883785  0 37 29.056  -1  24  57.67
 1 1988   9  18.886297  0 37 28.833  -1  24  59.06
 1 1988   9  18.890105  0 37 28.493  -1  25  01.52
 1 1988   9  18.892385  0 37 28.284  -1  25  03.07
 1 1988   9  18.894607  0 37 28.098  -1  25  04.15
 1 1988   9  18.898461  0 37 27.773  -1  25  06.52
 1 1988   9  18.902674  0 37 27.425  -1  25  08.94
 1 1988   9  18.906366  0 37 27.129  -1  25  11.01
 1 1988   9  18.908924  0 37 26.925  -1  25  12.54
 1 1988   9  18.911100  0 37 26.772  -1  25  13.56
 1 1988   9  18.917373  0 37 26.318  -1  25  16.88
 1 1988   9  18.919329  0 37 26.186  -1  25  17.80
 1 1988   9  18.921320  0 37 26.045  -1  25  18.85
 1 1988   9  18.924838  0 37 25.813  -1  25  20.49
 1 1988   9  18.927512  0 37 25.650  -1  25  21.80
 1 1988   9  18.929572  0 37 25.516  -1  25  22.59
 1 1988   9  18.933056  0 37 25.315  -1  25  24.02
 1 1988   9  18.935244  0 37 25.185  -1  25  25.04
 1 1988   9  18.937211  0 37 25.070  -1  25  25.81
 1 1988   9  18.949584  0 37 24.438  -1  25  30.09
 1 1988   9  18.951760  0 37 24.348  -1  25  30.66
 1 1988   9  18.953392  0 37 24.261  -1  25  31.23
 1 1988   9  18.956239  0 37 24.148  -1  25  31.81
 1 1988   9  18.958010  0 37 24.077  -1  25  32.29
 1 1988   9  18.959572  0 37 23.997  -1  25  32.41
 1 1988   9  18.963137  0 37 23.858  -1  25  33.53
 1 1988   9  18.965093  0 37 23.782  -1  25  33.83
 1 1988   9  18.966991  0 37 23.708  -1  25  34.20
 1 1988   9  18.970544  0 37 23.589  -1  25  34.54
 1 1988   9  18.972431  0 37 23.524  -1  25  35.08
 1 1988   9  18.974005  0 37 23.462  -1  25  34.99
 1 1988   9  19.700626  0 36 41.153  -1  28  16.69
 1 1988   9  19.702778  0 36 41.026  -1  28  16.90
 1 1988   9  19.704781  0 36 40.879  -1  28  17.08
 1 1988   9  19.707911  0 36 40.688  -1  28  16.56
 1 1988   9  19.709723  0 36 40.565  -1  28  16.52
 1 1988   9  19.714862  0 36 40.209  -1  28  16.42
 1 1988   9  19.716621  0 36 40.085  -1  28  16.31
 1 1988   9  19.718068  0 36 39.968  -1  28  16.62
 1 1988   9  19.720672  0 36 39.779  -1  28  16.58
 1 1988   9  19.722269  0 36 39.664  -1  28  16.81
 1 1988   9  19.723588  0 36 39.546  -1  28  17.14
 1 1988   9  19.727582  0 36 39.243  -1  28  17.01
 1 1988   9  19.729757  0 36 39.056  -1  28  17.27
 1 1988   9  19.731910  0 36 38.871  -1  28  17.65
 1 1988   9  19.735568  0 36 38.572  -1  28  18.13
 1 1988   9  19.738102  0 36 38.336  -1  28  18.47
 1 1988   9  19.740024  0 36 38.155  -1  28  18.81
 1 1988   9  19.743380  0 36 37.866  -1  28  19.36
 1 1988   9  19.745255  0 36 37.680  -1  28  19.83
 1 1988   9  19.747801  0 36 37.446  -1  28  20.67
 1 1988   9  19.750753  0 36 37.151  -1  28  21.17
 1 1988   9  19.752477  0 36 36.991  -1  28  21.64
 1 1988   9  19.754098  0 36 36.837  -1  28  22.19
 1 1988   9  19.757014  0 36 36.541  -1  28  22.87
 1 1988   9  19.758658  0 36 36.353  -1  28  23.43
 1 1988   9  19.760209  0 36 36.208  -1  28  24.15
 1 1988   9  19.765301  0 36 35.670  -1  28  25.56
 1 1988   9  19.844040  0 36 27.354  -1  29  09.23
 1 1988   9  19.845950  0 36 27.200  -1  29  10.33
 1 1988   9  19.850382  0 36 26.795  -1  29  13.16
 1 1988   9  19.852107  0 36 26.632  -1  29  14.24
 1 1988   9  19.853889  0 36 26.478  -1  29  15.38
 1 1988   9  19.858044  0 36 26.132  -1  29  17.69
 1 1988   9  19.860012  0 36 25.970  -1  29  18.92
 1 1988   9  19.865290  0 36 25.541  -1  29  21.85
 1 1988   9  19.868924  0 36 25.265  -1  29  23.98
 1 1988   9  19.872501  0 36 24.994  -1  29  25.50
 1 1988   9  19.874410  0 36 24.859  -1  29  26.59
 1 1988   9  19.876123  0 36 24.726  -1  29  27.58
 1 1988   9  19.880301  0 36 24.449  -1  29  29.60
 1 1988   9  19.881968  0 36 24.334  -1  29  30.28
 1 1988   9  19.883669  0 36 24.240  -1  29  31.12
 1 1988   9  19.886586  0 36 24.049  -1  29  32.34
 1 1988   9  19.888044  0 36 23.955  -1  29  32.99
 1 1988   9  19.889838  0 36 23.843  -1  29  33.89
 1 1988   9  19.895197  0 36 23.541  -1  29  35.79
 1 1988   9  19.896783  0 36 23.444  -1  29  36.54
 1 1988   9  19.898183  0 36 23.374  -1  29  37.04
 1 1988   9  19.901274  0 36 23.201  -1  29  37.89
 1 1988   9  19.903241  0 36 23.107  -1  29  38.55
 1 1988   9  19.905024  0 36 23.027  -1  29  39.21
 1 1988   9  19.907963  0 36 22.875  -1  29  39.94
 1 1988   9  19.909538  0 36 22.798  -1  29  40.54
 1 1988   9  19.911065  0 36 22.734  -1  29  40.89
 1 1988   9  19.914075  0 36 22.585  -1  29  41.57
 1 1988   9  19.915521  0 36 22.516  -1  29  41.93
 1 1988   9  19.916910  0 36 22.456  -1  29  42.54
 1 1988   9  19.920371  0 36 22.320  -1  29  42.93
 1 1988   9  19.922084  0 36 22.247  -1  29  43.36
 1 1988   9  19.923739  0 36 22.180  -1  29  43.83
 1 1988   9  19.928357  0 36 22.000  -1  29  44.46
 1 1988   9  19.929792  0 36 21.940  -1  29  45.15
 1 1988  10   4.673901  0 19 31.220  -2  24  00.26
 1 1988  10   4.675602  0 19 31.125  -2  23  59.70
 1 1988  10   4.677373  0 19 31.044  -2  24  00.16
 1 1988  10   4.681829  0 19 30.780  -2  23  59.15
 1 1988  10   4.683369  0 19 30.679  -2  23  58.41
 1 1988  10   4.684989  0 19 30.579  -2  23  58.33
 1 1988  10   4.688519  0 19 30.366  -2  23  57.91
 1 1988  10   4.690105  0 19 30.249  -2  23  57.52
 1 1988  10   4.691945  0 19 30.130  -2  23  57.30
 1 1988  10   4.694862  0 19 29.927  -2  23  56.88
 1 1988  10   4.696470  0 19 29.829  -2  23  56.86
 1 1988  10   4.698102  0 19 29.698  -2  23  56.69
 1 1988  10   4.701413  0 19 29.452  -2  23  56.11
 1 1988  10   4.703068  0 19 29.333  -2  23  55.88
 1 1988  10   4.704873  0 19 29.195  -2  23  55.94
 1 1988  10   4.707709  0 19 28.975  -2  23  55.76
 1 1988  10   4.709399  0 19 28.836  -2  23  55.64
 1 1988  10   4.711146  0 19 28.698  -2  23  55.81
 1 1988  10   4.714700  0 19 28.405  -2  23  55.53
 1 1988  10   4.716308  0 19 28.270  -2  23  55.43
 1 1988  10   4.717906  0 19 28.122  -2  23  55.52
 1 1988  10   4.721459  0 19 27.809  -2  23  55.43
 1 1988  10   4.723299  0 19 27.648  -2  23  55.72
 1 1988  10   4.725116  0 19 27.485  -2  23  55.68
 1 1988  10   4.728496  0 19 27.174  -2  23  55.88
 1 1988  10   4.730139  0 19 27.012  -2  23  56.05
 1 1988  10   4.731667  0 19 26.852  -2  23  56.19
 1 1988  10   4.735544  0 19 26.486  -2  23  56.58
 1 1988  10   4.737142  0 19 26.323  -2  23  56.92
 1 1988  10   4.738924  0 19 26.139  -2  23  57.07
 1 1988  10   4.744862  0 19 25.542  -2  23  58.01
 1 1988  10   4.746494  0 19 25.380  -2  23  58.55
 1 1988  10   4.748612  0 19 25.159  -2  23  59.03
 1 1988  10   4.752246  0 19 24.758  -2  24  00.03
 1 1988  10   4.822917  0 19 17.176  -2  24  29.85
 1 1988  10   4.824896  0 19 17.001  -2  24  30.44
 1 1988  10   4.828126  0 19 16.687  -2  24  32.16
 1 1988  10   4.829873  0 19 16.545  -2  24  33.18
 1 1988  10   4.831517  0 19 16.389  -2  24  33.87
 1 1988  10   4.834700  0 19 16.105  -2  24  35.48
 1 1988  10   4.836262  0 19 15.956  -2  24  36.26
 1 1988  10   4.837917  0 19 15.801  -2  24  36.89
 1 1988  10   4.841135  0 19 15.545  -2  24  38.58
 1 1988  10   4.842616  0 19 15.400  -2  24  39.03
 1 1988  10   4.844260  0 19 15.286  -2  24  39.80
 1 1988  10   4.847512  0 19 15.017  -2  24  41.56
 1 1988  10   4.850660  0 19 14.772  -2  24  42.92
 1 1988  10   4.854075  0 19 14.516  -2  24  44.43
 1 1988  10   4.857466  0 19 14.266  -2  24  45.65
 1 1988  10   4.860244  0 19 14.051  -2  24  46.91
 1 1988  10   4.861783  0 19 13.953  -2  24  47.54
 1 1988  10   4.863473  0 19 13.844  -2  24  48.04
 1 1988  10   4.867142  0 19 13.593  -2  24  49.38
 1 1988  10   4.868693  0 19 13.492  -2  24  49.86
 1 1988  10   4.870313  0 19 13.390  -2  24  50.57
 1 1988  10   4.873565  0 19 13.170  -2  24  51.52
 1 1988  10   4.875348  0 19 13.075  -2  24  52.17
 1 1988  10   4.883068  0 19 12.640  -2  24  54.24
 1 1988  10   4.884723  0 19 12.546  -2  24  54.91
 1 1988  10   4.886308  0 19 12.464  -2  24  55.07
 1 1988  10   4.889376  0 19 12.309  -2  24  55.67
 1 1988  10   4.891077  0 19 12.236  -2  24  56.20
 1 1988  10   4.892570  0 19 12.151  -2  24  56.54
 1 1988  10   4.896343  0 19 11.980  -2  24  57.25
 1 1988  10   4.897963  0 19 11.904  -2  24  57.47
 1 1988  10   4.902663  0 19 11.697  -2  24  58.25
 1 1988  10   4.904318  0 19 11.648  -2  24  58.30
 1 1988  10   4.909665  0 19 11.417  -2  24  59.13
 1 1988  10   4.911378  0 19 11.365  -2  24  59.29
 1 1988  10   5.631285  0 18 28.746  -2  26  21.34
 1 1988  10   5.632882  0 18 28.678  -2  26  20.93
 1 1988  10   5.636216  0 18 28.499  -2  26  20.47
 1 1988  10   5.637929  0 18 28.388  -2  26  19.87
 1 1988  10   5.639607  0 18 28.289  -2  26  20.15
 1 1988  10   5.642882  0 18 28.089  -2  26  19.28
 1 1988  10   5.644561  0 18 28.004  -2  26  18.80
 1 1988  10   5.646019  0 18 27.930  -2  26  18.63
 1 1988  10   5.648832  0 18 27.746  -2  26  18.15
 1 1988  10   5.650487  0 18 27.634  -2  26  18.16
 1 1988  10   5.651945  0 18 27.549  -2  26  18.07
 1 1988  10   5.655568  0 18 27.310  -2  26  17.50
 1 1988  10   5.657269  0 18 27.168  -2  26  17.39
 1 1988  10   5.659653  0 18 26.987  -2  26  17.11
 1 1988  10   5.663068  0 18 26.734  -2  26  16.87
 1 1988  10   5.664862  0 18 26.590  -2  26  16.62
 1 1988  10   5.666262  0 18 26.493  -2  26  16.54
 1 1988  10   5.671285  0 18 26.072  -2  26  16.25
 1 1988  10   5.672697  0 18 25.963  -2  26  16.39
 1 1988  10   5.674132  0 18 25.855  -2  26  16.29
 1 1988  10   5.677836  0 18 25.542  -2  26  16.22
 1 1988  10   5.679283  0 18 25.407  -2  26  16.45
 1 1988  10   5.680707  0 18 25.262  -2  26  16.41
 1 1988  10   5.683855  0 18 24.989  -2  26  16.59
 1 1988  10   5.687211  0 18 24.678  -2  26  16.66
 1 1988  10   5.690348  0 18 24.382  -2  26  17.07
 1 1988  10   5.691771  0 18 24.241  -2  26  17.24
 1 1988  10   5.693207  0 18 24.105  -2  26  17.31
 1 1988  10   5.696366  0 18 23.786  -2  26  17.93
 1 1988  10   5.697975  0 18 23.641  -2  26  18.12
 1 1988  10   5.699387  0 18 23.512  -2  26  18.31
 1 1988  10   5.797813  0 18 13.429  -2  26  57.64
 1 1988  10   5.799613  0 18 13.273  -2  26  58.40
 1 1988  10   5.801204  0 18 13.155  -2  26  59.18
 1 1988  10   5.804075  0 18 12.918  -2  27  00.39
 1 1988  10   5.805811  0 18 12.790  -2  27  01.36
 1 1988  10   5.807674  0 18 12.637  -2  27  01.98
 1 1988  10   5.810672  0 18 12.421  -2  27  03.29
 1 1988  10   5.812107  0 18 12.308  -2  27  03.82
 1 1988  10   5.813496  0 18 12.207  -2  27  04.48
 1 1988  10   5.816042  0 18 12.022  -2  27  05.40
 1 1988  10   5.817605  0 18 11.927  -2  27  06.00
 1 1988  10   5.819457  0 18 11.786  -2  27  06.71
 1 1988  10   5.822686  0 18 11.583  -2  27  07.85
 1 1988  10   5.824364  0 18 11.469  -2  27  08.53
 1 1988  10   5.825857  0 18 11.378  -2  27  08.90
 1 1988  10   5.828774  0 18 11.194  -2  27  09.85
 1 1988  10   5.830452  0 18 11.086  -2  27  10.45
 1 1988  10   5.831852  0 18 11.004  -2  27  10.80
 1 1988  10   5.857524  0 18 09.711  -2  27  16.44
 1 1988  10   5.862466  0 18 09.511  -2  27  16.80
 1 1988  10   5.864202  0 18 09.443  -2  27  16.98
 1 1988  10   5.866690  0 18 09.328  -2  27  17.25
 1 1988  10   5.868149  0 18 09.279  -2  27  17.29
 1 1988  10   5.869630  0 18 09.223  -2  27  17.31
 1 1988  10   5.872489  0 18 09.123  -2  27  17.56
 1 1988  10   5.874399  0 18 09.057  -2  27  17.57
 1 1988  10   5.875892  0 18 08.993  -2  27  17.47
 1 1988  10   5.937767  0 18 06.821  -2  27  08.87
 1 1988  10   5.940660  0 18 06.687  -2  27  07.60
 1 1988  10   5.942142  0 18 06.634  -2  27  07.48
 1 1988  10   5.943901  0 18 06.563  -2  27  07.00
 1 1988  10   5.946528  0 18 06.428  -2  27  06.62
 1 1988  10   5.948531  0 18 06.320  -2  27  05.92
 1 1988  10   5.950012  0 18 06.269  -2  27  05.44
 1 1988  10   8.662732  0 15 15.852  -2  32  33.89
 1 1988  10   8.664329  0 15 15.758  -2  32  35.00
 1 1988  10   8.666169  0 15 15.611  -2  32  35.35
 1 1988  10   8.669781  0 15 15.336  -2  32  36.60
 1 1988  10   8.671482  0 15 15.202  -2  32  37.55
 1 1988  10   8.672882  0 15 15.098  -2  32  38.10
 1 1988  10   8.675533  0 15 14.897  -2  32  39.23
 1 1988  10   8.677084  0 15 14.793  -2  32  39.70
 1 1988  10   8.678693  0 15 14.689  -2  32  40.43
 1 1988  10   8.681227  0 15 14.507  -2  32  41.07
 1 1988  10   8.682524  0 15 14.431  -2  32  41.86
 1 1988  10   8.683878  0 15 14.331  -2  32  42.40
 1 1988  10   8.686447  0 15 14.162  -2  32  42.96
 1 1988  10   8.687940  0 15 14.068  -2  32  43.64
 1 1988  10   8.689410  0 15 13.984  -2  32  44.03
 1 1988  10   8.692524  0 15 13.777  -2  32  44.76
 1 1988  10   8.694075  0 15 13.699  -2  32  45.86
 1 1988  10   8.695463  0 15 13.625  -2  32  45.84
 1 1988  10   8.701656  0 15 13.288  -2  32  47.53
 1 1988  10   8.705290  0 15 13.076  -2  32  48.20
 1 1988  10   8.706702  0 15 12.986  -2  32  48.69
 1 1988  10   8.708195  0 15 12.941  -2  32  49.32
 1 1988  10   8.711551  0 15 12.773  -2  32  49.72
 1 1988  10   8.713068  0 15 12.706  -2  32  50.18
 1 1988  10   8.714433  0 15 12.644  -2  32  50.27
 1 1988  10   8.717119  0 15 12.518  -2  32  50.65
 1 1988  10   8.718612  0 15 12.454  -2  32  51.21
 1 1988  10   8.720012  0 15 12.399  -2  32  51.27
 1 1988  10   8.724792  0 15 12.190  -2  32  51.69
 1 1988  10   8.726482  0 15 12.128  -2  32  52.24
 1 1988  10   8.728207  0 15 12.071  -2  32  52.10
 1 1988  10   8.735915  0 15 11.781  -2  32  52.54
 1 1988  10   8.737466  0 15 11.739  -2  32  53.33
 1 1988  10   8.738970  0 15 11.678  -2  32  52.96
 1 1988  10   8.807026  0 15 09.462  -2  32  42.00
 1 1988  10   8.808565  0 15 09.406  -2  32  41.63
 1 1988  10   8.810174  0 15 09.334  -2  32  41.35
 1 1988  10   8.813033  0 15 09.203  -2  32  40.43
 1 1988  10   8.814676  0 15 09.135  -2  32  39.93
 1 1988  10   8.816274  0 15 09.059  -2  32  39.56
 1 1988  10   8.819885  0 15 08.884  -2  32  38.69
 1 1988  10   8.821436  0 15 08.811  -2  32  38.17
 1 1988  10   8.823207  0 15 08.727  -2  32  37.90
 1 1988  10   8.827674  0 15 08.488  -2  32  36.80
 1 1988  10   8.829121  0 15 08.399  -2  32  36.39
 1 1988  10   8.830637  0 15 08.325  -2  32  36.06
 1 1988  10   8.833531  0 15 08.156  -2  32  35.57
 1 1988  10   8.835533  0 15 08.040  -2  32  35.01
 1 1988  10   8.836968  0 15 07.944  -2  32  34.77
 1 1988  10   8.839885  0 15 07.772  -2  32  34.42
 1 1988  10   8.841251  0 15 07.688  -2  32  33.92
 1 1988  10   8.842732  0 15 07.587  -2  32  33.58
 1 1988  10   8.845521  0 15 07.389  -2  32  33.28
 1 1988  10   8.846887  0 15 07.322  -2  32  32.98
 1 1988  10   8.848450  0 15 07.196  -2  32  33.01
 1 1988  10   8.851517  0 15 06.978  -2  32  32.50
 1 1988  10   8.852952  0 15 06.877  -2  32  32.19
 1 1988  10   8.854491  0 15 06.766  -2  32  32.06
 1 1988  10   8.858762  0 15 06.450  -2  32  31.88
 1 1988  10   8.860244  0 15 06.334  -2  32  31.58
 1 1988  10   8.861731  0 15 06.214  -2  32  31.51
 1 1988  10   8.864908  0 15 05.952  -2  32  31.24
 1 1988  10   8.866320  0 15 05.831  -2  32  31.14
 1 1988  10   8.867952  0 15 05.707  -2  32  31.17
 1 1988  10   8.872396  0 15 05.331  -2  32  31.21
 1 1988  10   8.873878  0 15 05.212  -2  32  31.10
 1 1988  10   8.875475  0 15 05.064  -2  32  31.07
 1 1988  10   8.878195  0 15 04.833  -2  32  31.38
 1 1988  10   8.879630  0 15 04.695  -2  32  31.27
 1 1988  10   8.881054  0 15 04.568  -2  32  31.45
 1 1988  10   8.884642  0 15 04.239  -2  32  31.58
 1 1988  10   8.886239  0 15 04.101  -2  32  31.60
 1 1988  10   8.887767  0 15 03.946  -2  32  32.01
 1 1988  10   8.891042  0 15 03.628  -2  32  32.18
 1 1988  10   8.892535  0 15 03.515  -2  32  32.40
 1 1988  10   8.894700  0 15 03.296  -2  32  32.86
 1 1988  10   8.897917  0 15 02.965  -2  32  33.46
 1 1988  10   9.641806  0 14 18.164  -2  34  07.15
 1 1988  10   9.643218  0 14 18.079  -2  34  07.76
 1 1988  10   9.644607  0 14 17.998  -2  34  08.25
 1 1988  10   9.647165  0 14 17.833  -2  34  08.87
 1 1988  10   9.648496  0 14 17.772  -2  34  09.49
 1 1988  10   9.650487  0 14 17.657  -2  34  09.92
 1 1988  10   9.653218  0 14 17.506  -2  34  10.63
 1 1988  10   9.654653  0 14 17.429  -2  34  10.96
 1 1988  10   9.656054  0 14 17.352  -2  34  11.30
 1 1988  10   9.658785  0 14 17.211  -2  34  12.17
 1 1988  10   9.661644  0 14 17.065  -2  34  12.75
 1 1988  10   9.663125  0 14 16.985  -2  34  13.06
 1 1988  10   9.665915  0 14 16.867  -2  34  13.76
 1 1988  10   9.667315  0 14 16.810  -2  34  13.95
 1 1988  10   9.668669  0 14 16.745  -2  34  14.20
 1 1988  10   9.671285  0 14 16.629  -2  34  14.70
 1 1988  10   9.672836  0 14 16.574  -2  34  14.87
 1 1988  10   9.675452  0 14 16.447  -2  34  15.39
 1 1988  10   9.678635  0 14 16.332  -2  34  15.71
 1 1988  10   9.680035  0 14 16.257  -2  34  15.78
 1 1988  10   9.681598  0 14 16.220  -2  34  15.96
 1 1988  10   9.684202  0 14 16.136  -2  34  16.28
 1 1988  10   9.685544  0 14 16.078  -2  34  16.11
 1 1988  10   9.686852  0 14 16.032  -2  34  16.19
 1 1988  10   9.691887  0 14 15.862  -2  34  16.25
 1 1988  10   9.693392  0 14 15.803  -2  34  16.83
 1 1988  10   9.694862  0 14 15.756  -2  34  16.52
 1 1988  10   9.697443  0 14 15.679  -2  34  16.66
 1 1988  10   9.698762  0 14 15.636  -2  34  16.85
 1 1988  10   9.767940  0 14 13.509  -2  34  04.23
 1 1988  10   9.769468  0 14 13.444  -2  34  03.03
 1 1988  10   9.770915  0 14 13.352  -2  34  02.83
 1 1988  10   9.773716  0 14 13.229  -2  34  02.35
 1 1988  10   9.775151  0 14 13.171  -2  34  01.84
 1 1988  10   9.776656  0 14 13.102  -2  34  01.27
 1 1988  10   9.779294  0 14 12.979  -2  34  00.84
 1 1988  10   9.780776  0 14 12.900  -2  34  00.40
 1 1988  10   9.782246  0 14 12.818  -2  34  00.08
 1 1988  10   9.785058  0 14 12.692  -2  33  59.31
 1 1988  10   9.787929  0 14 12.510  -2  33  58.59
 1 1988  10   9.790313  0 14 12.390  -2  33  58.13
 1 1988  10   9.791679  0 14 12.312  -2  33  57.97
 1 1988  10   9.793183  0 14 12.219  -2  33  57.51
 1 1988  10   9.796135  0 14 12.043  -2  33  57.12
 1 1988  10   9.797582  0 14 11.949  -2  33  56.65
 1 1988  10   9.799005  0 14 11.853  -2  33  56.36
 1 1988  10   9.801459  0 14 11.707  -2  33  56.10
 1 1988  10   9.802744  0 14 11.620  -2  33  55.69
 1 1988  10   9.804144  0 14 11.520  -2  33  55.49
 1 1988  10   9.807165  0 14 11.316  -2  33  54.96
 1 1988  10   9.808739  0 14 11.214  -2  33  54.69
 1 1988  10   9.810197  0 14 11.095  -2  33  54.74
 1 1988  10   9.812697  0 14 10.915  -2  33  54.44
 1 1988  10   9.814364  0 14 10.790  -2  33  54.08
 1 1988  10   9.815857  0 14 10.681  -2  33  53.87
 1 1988  10   9.823936  0 14 10.049  -2  33  53.49
 1 1988  10   9.825440  0 14 09.925  -2  33  53.47
 1 1988  10   9.826968  0 14 09.786  -2  33  53.26
 1 1988  10   9.831250  0 14 09.433  -2  33  53.45
 1 1988  10   9.833403  0 14 09.249  -2  33  53.50
 1 1988  10   9.834769  0 14 09.125  -2  33  53.07
 1 1988  10   9.838936  0 14 08.759  -2  33  53.43
 1 1988  10   9.840278  0 14 08.633  -2  33  53.39
 1 1988  10   9.842373  0 14 08.451  -2  33  53.67
 1 1988  10   9.843774  0 14 08.319  -2  33  53.93
 1 1988  10   9.845174  0 14 08.193  -2  33  53.87
 1 1988  10   9.847836  0 14 07.935  -2  33  54.30
 1 1988  10   9.849225  0 14 07.805  -2  33  54.34
 1 1988  10   9.850544  0 14 07.694  -2  33  54.40
 1 1988  10   9.854607  0 14 07.310  -2  33  55.10
 1 1988  10   9.856007  0 14 07.166  -2  33  55.36
 1 1988  11   1.607373  0 03 47.090  -1  48  35.80
 1 1988  11   1.609792  0 03 47.100  -1  48  35.60
 1 1988  11   1.611968  0 03 47.114  -1  48  35.08
 1 1988  11   1.615683  0 03 47.145  -1  48  34.74
 1 1988  11   1.619075  0 03 47.174  -1  48  34.25
 1 1988  11   1.620614  0 03 47.201  -1  48  33.83
 1 1988  11   1.624109  0 03 47.250  -1  48  33.18
 1 1988  11   1.626019  0 03 47.276  -1  48  32.85
 1 1988  11   1.627593  0 03 47.306  -1  48  32.51
 1 1988  11   1.630869  0 03 47.370  -1  48  31.74
 1 1988  11   1.632848  0 03 47.389  -1  48  31.31
 1 1988  11   1.634815  0 03 47.432  -1  48  30.94
 1 1988  11   1.639121  0 03 47.517  -1  48  29.67
 1 1988  11   1.640718  0 03 47.542  -1  48  29.38
 1 1988  11   1.642443  0 03 47.599  -1  48  28.91
 1 1988  11   1.645556  0 03 47.667  -1  48  27.86
 1 1988  11   1.647477  0 03 47.717  -1  48  27.13
 1 1988  11   1.649364  0 03 47.761  -1  48  26.73
 1 1988  11   1.652188  0 03 47.824  -1  48  25.67
 1 1988  11   1.653577  0 03 47.866  -1  48  25.14
 1 1988  11   1.655232  0 03 47.907  -1  48  24.51
 1 1988  11   1.726343  0 03 49.895  -1  47  48.04
 1 1988  11   1.729491  0 03 49.959  -1  47  46.46
 1 1988  11   1.731308  0 03 50.005  -1  47  45.47
 1 1988  11   1.732940  0 03 50.019  -1  47  44.24
 1 1988  11   1.735625  0 03 50.067  -1  47  42.66
 1 1988  11   1.737709  0 03 50.106  -1  47  41.63
 1 1988  11   1.739480  0 03 50.117  -1  47  40.46
 1 1988  11   1.743253  0 03 50.162  -1  47  38.09
 1 1988  11   1.746818  0 03 50.197  -1  47  36.00
 1 1988  11   1.749885  0 03 50.224  -1  47  34.21
 1 1988  11   1.751528  0 03 50.241  -1  47  33.37
 1 1988  11   1.752929  0 03 50.242  -1  47  32.54
 1 1988  11   1.755834  0 03 50.254  -1  47  30.96
 1 1988  11   1.757327  0 03 50.251  -1  47  30.10
 1 1988  11   1.758762  0 03 50.260  -1  47  29.32
 1 1988  11   1.762061  0 03 50.259  -1  47  27.45
 1 1988  11   1.763519  0 03 50.261  -1  47  26.76
 1 1988  11   1.764954  0 03 50.265  -1  47  26.06
 1 1988  11   1.767680  0 03 50.262  -1  47  24.58
 1 1988  11   1.769457  0 03 50.243  -1  47  23.62
 1 1988  11   1.771123  0 03 50.236  -1  47  22.81
 1 1988  11   1.774121  0 03 50.226  -1  47  21.43
 1 1988  11   1.775591  0 03 50.198  -1  47  20.70
 1 1988  11   1.777223  0 03 50.190  -1  47  19.90
 1 1988  11   1.779850  0 03 50.164  -1  47  18.67
 1 1988  11   1.781656  0 03 50.140  -1  47  18.02
 1 1988  11   1.782952  0 03 50.138  -1  47  17.38
 1 1988  11   1.786401  0 03 50.093  -1  47  15.76
 1 1988  11   1.787871  0 03 50.070  -1  47  15.25
 1 1988  11   1.789433  0 03 50.038  -1  47  14.62
 1 1988  11   1.792373  0 03 49.993  -1  47  13.49
 1 1988  11   1.793936  0 03 49.970  -1  47  12.77
 1 1988  11   1.795371  0 03 49.945  -1  47  12.30
 1 1988  11   1.798311  0 03 49.882  -1  47  11.16
 1 1988  11   1.799711  0 03 49.860  -1  47  10.60
 1 1988  11   1.801042  0 03 49.821  -1  47  10.40
 1 1988  11   1.803635  0 03 49.761  -1  47  09.41
 1 1988  11   1.805325  0 03 49.741  -1  47  08.75
 1 1988  11   1.806875  0 03 49.709  -1  47  08.18
 1 1988  11   1.809410  0 03 49.657  -1  47  07.59
 1 1988  11   1.810938  0 03 49.605  -1  47  07.34
 1 1988  11   1.812489  0 03 49.563  -1  47  06.79
 1 1988  11   2.569364  0 03 54.285  -1  43  29.68
 1 1988  11   2.571818  0 03 54.307  -1  43  29.03
 1 1988  11   2.574098  0 03 54.335  -1  43  28.77
 1 1988  11   2.578044  0 03 54.395  -1  43  28.04
 1 1988  11   2.580035  0 03 54.437  -1  43  27.82
 1 1988  11   2.582003  0 03 54.458  -1  43  27.34
 1 1988  11   2.586031  0 03 54.534  -1  43  26.24
 1 1988  11   2.588426  0 03 54.585  -1  43  25.54
 1 1988  11   2.590707  0 03 54.643  -1  43  25.23
 1 1988  11   2.594063  0 03 54.721  -1  43  24.12
 1 1988  11   2.601679  0 03 54.914  -1  43  22.05
 1 1988  11   2.603565  0 03 54.966  -1  43  21.40
 1 1988  11   2.605903  0 03 55.024  -1  43  20.59
 1 1988  11   2.689977  0 03 57.519  -1  42  36.68
 1 1988  11   2.692130  0 03 57.586  -1  42  35.93
 1 1988  11   2.694781  0 03 57.630  -1  42  34.16
 1 1988  11   2.699167  0 03 57.698  -1  42  31.23
 1 1988  11   2.701968  0 03 57.733  -1  42  29.87
 1 1988  11   2.706054  0 03 57.802  -1  42  27.16
 1 1988  11   2.708565  0 03 57.790  -1  42  25.80
 1 1988  11   2.710996  0 03 57.829  -1  42  24.46
 1 1988  11   3.650695  0 04 07.765  -1  37  13.31
 1 1988  11   3.652917  0 04 07.828  -1  37  11.75
 1 1988  11   3.655012  0 04 07.851  -1  37  10.75
 1 1988  11   3.661158  0 04 07.937  -1  37  06.85
 1 1988  11   3.663808  0 04 07.965  -1  37  05.18
 1 1988  11   3.667500  0 04 08.030  -1  37  03.22
 1 1988  11   3.669723  0 04 08.021  -1  37  01.85
 1 1988  11   3.672014  0 04 08.068  -1  37  00.37
 1 1988  11   3.675556  0 04 08.073  -1  36  58.33
 1 1988  11   3.677963  0 04 08.090  -1  36  57.15
 1 1988  11   3.680521  0 04 08.101  -1  36  56.15
 1 1988  11   3.684109  0 04 08.108  -1  36  54.04
 1 1988  11   3.686517  0 04 08.092  -1  36  52.66
 1 1988  11   3.688704  0 04 08.104  -1  36  51.38
 1 1988  11   3.692350  0 04 08.078  -1  36  49.78
 1 1988  11   3.694630  0 04 08.065  -1  36  48.80
 1 1988  11   3.696910  0 04 08.050  -1  36  47.59
 1 1988  11   3.700533  0 04 08.018  -1  36  45.97
 1 1988  11   3.702929  0 04 07.988  -1  36  45.07
 1 1988  11   3.705093  0 04 07.978  -1  36  44.15
 1 1988  11   3.708843  0 04 07.917  -1  36  42.48
 1 1988  11   3.711355  0 04 07.903  -1  36  41.45
 1 1988  11   3.713878  0 04 07.866  -1  36  40.73
 1 1988  11   3.717535  0 04 07.805  -1  36  39.01
 1 1988  11   3.720012  0 04 07.754  -1  36  38.57
 1 1988  11   3.810510  0 04 06.144  -1  36  24.42
 1 1988  11   3.812547  0 04 06.136  -1  36  24.09
 2 1988   8  20.876852  0 49 59.872   0 -16  02.13
 2 1988   8  20.882234  0 50 00.041   0 -16  00.62
 2 1988   8  20.890012  0 50 00.285   0 -15  58.96
 2 1988   8  20.892674  0 50 00.390   0 -15  58.30
 2 1988   8  20.895012  0 50 00.467   0 -15  57.84
 2 1988   8  20.900915  0 50 00.652   0 -15  56.25
 2 1988   8  20.903808  0 50 00.742   0 -15  55.73
 2 1988   8  20.906609  0 50 00.823   0 -15  54.85
 2 1988   8  20.912292  0 50 01.005   0 -15  53.48
 2 1988   8  20.917848  0 50 01.168   0 -15  52.25
 2 1988   8  20.923970  0 50 01.361   0 -15  50.80
 2 1988   8  20.926771  0 50 01.454   0 -15  50.23
 2 1988   8  20.929399  0 50 01.528   0 -15  49.35
 2 1988   8  20.934167  0 50 01.668   0 -15  48.26
 2 1988   8  20.936748  0 50 01.738   0 -15  47.96
 2 1988   8  20.939179  0 50 01.813   0 -15  47.07
 2 1988   8  20.943843  0 50 01.963   0 -15  45.93
 2 1988   8  20.946771  0 50 02.036   0 -15  45.23
 2 1988   8  20.949271  0 50 02.107   0 -15  44.64
 2 1988   8  20.954850  0 50 02.262   0 -15  43.25
 2 1988   8  20.957535  0 50 02.341   0 -15  42.49
 2 1988   8  21.844700  0 50 12.068   0 -15  48.14
 2 1988   8  21.848936  0 50 12.162   0 -15  48.16
 2 1988   8  21.853507  0 50 12.234   0 -15  48.48
 2 1988   8  21.858334  0 50 12.334   0 -15  48.79
 2 1988   8  21.864005  0 50 12.445   0 -15  48.58
 2 1988   8  21.872616  0 50 12.644   0 -15  48.91
 2 1988   8  21.888473  0 50 13.007   0 -15  48.20
 2 1988   8  21.895533  0 50 13.160   0 -15  48.38
 2 1988   8  21.900683  0 50 13.279   0 -15  48.56
 2 1988   8  21.904167  0 50 13.354   0 -15  48.36
 2 1988   8  21.907396  0 50 13.422   0 -15  47.72
 2 1988   8  21.910244  0 50 13.513   0 -15  47.81
 2 1988   8  26.791575  0 50 53.382   0 -16  06.70
 2 1988   8  26.793577  0 50 53.392   0 -16  06.81
 2 1988   8  26.795579  0 50 53.369   0 -16  07.33
 2 1988   8  26.799248  0 50 53.359   0 -16  07.97
 2 1988   8  26.803044  0 50 53.343   0 -16  08.75
 2 1988   8  26.806945  0 50 53.327   0 -16  09.20
 2 1988   8  26.810649  0 50 53.301   0 -16  10.10
 2 1988   8  26.814491  0 50 53.294   0 -16  10.78
 2 1988   8  26.816366  0 50 53.281   0 -16  11.23
 2 1988   8  26.818392  0 50 53.261   0 -16  11.58
 2 1988   8  26.822211  0 50 53.269   0 -16  12.13
 2 1988   8  26.830926  0 50 53.225   0 -16  13.61
 2 1988   8  26.832790  0 50 53.235   0 -16  13.98
 2 1988   8  26.834619  0 50 53.225   0 -16  14.19
 2 1988   8  26.838426  0 50 53.206   0 -16  14.95
 2 1988   8  26.840232  0 50 53.203   0 -16  15.29
 2 1988   8  26.842234  0 50 53.209   0 -16  15.40
 2 1988   8  26.927014  0 50 53.383   0 -16  25.02
 2 1988   8  26.928947  0 50 53.385   0 -16  24.83
 2 1988   8  26.930359  0 50 53.390   0 -16  25.11
 2 1988   8  26.933913  0 50 53.405   0 -16  25.46
 2 1988   8  26.936505  0 50 53.419   0 -16  25.74
 2 1988   8  26.939352  0 50 53.449   0 -16  25.98
 2 1988   8  26.942304  0 50 53.463   0 -16  26.10
 2 1988   8  26.945382  0 50 53.490   0 -16  26.18
 2 1988   8  26.948438  0 50 53.516   0 -16  26.33
 2 1988   8  26.951320  0 50 53.537   0 -16  26.24
 2 1988   8  26.954237  0 50 53.561   0 -16  26.37
 2 1988   8  26.957419  0 50 53.582   0 -16  26.67
 2 1988   8  26.960035  0 50 53.605   0 -16  26.80
 2 1988   8  26.963751  0 50 53.649   0 -16  26.93
 2 1988   8  26.966656  0 50 53.659   0 -16  27.04
 2 1988   8  26.970058  0 50 53.693   0 -16  26.81
 2 1988   8  26.973959  0 50 53.721   0 -16  27.24
 2 1988   8  26.980683  0 50 53.795   0 -16  27.04
 2 1988   8  26.983913  0 50 53.825   0 -16  27.31
 2 1988   8  26.987026  0 50 53.864   0 -16  27.49
 2 1988   8  26.989943  0 50 53.890   0 -16  27.28
 2 1988   8  26.992859  0 50 53.917   0 -16  27.54
 2 1988   8  26.997234  0 50 53.969   0 -16  27.27
 2 1988   8  26.999341  0 50 54.017   0 -16  27.45
 2 1988   8  27.001494  0 50 54.029   0 -16  27.49
 2 1988   8  27.005070  0 50 54.077   0 -16  27.29
 2 1988   8  27.007211  0 50 54.092   0 -16  27.72
 2 1988   8  27.009341  0 50 54.132   0 -16  27.44
 2 1988   8  27.013079  0 50 54.171   0 -16  27.26
 2 1988   8  27.015024  0 50 54.203   0 -16  27.31
 2 1988   9  17.794457  0 38 44.190  -1  19  54.34
 2 1988   9  17.796378  0 38 44.081  -1  19  54.38
 2 1988   9  17.798484  0 38 43.963  -1  19  54.62
 2 1988   9  17.803658  0 38 43.664  -1  19  54.77
 2 1988   9  17.806285  0 38 43.498  -1  19  54.92
 2 1988   9  17.808878  0 38 43.350  -1  19  55.14
 2 1988   9  17.814931  0 38 42.993  -1  19  55.35
 2 1988   9  17.817281  0 38 42.847  -1  19  55.38
 2 1988   9  17.819850  0 38 42.691  -1  19  55.62
 2 1988   9  17.824063  0 38 42.436  -1  19  55.86
 2 1988   9  17.825950  0 38 42.318  -1  19  55.90
 2 1988   9  17.827998  0 38 42.189  -1  19  56.12
 2 1988   9  17.833519  0 38 41.846  -1  19  56.33
 2 1988   9  17.835278  0 38 41.734  -1  19  56.60
 2 1988   9  17.837338  0 38 41.608  -1  19  56.62
 2 1988   9  17.840950  0 38 41.372  -1  19  56.87
 2 1988   9  17.843218  0 38 41.226  -1  19  57.02
 2 1988   9  17.844989  0 38 41.123  -1  19  57.09
 2 1988   9  17.848947  0 38 40.857  -1  19  57.51
 2 1988   9  17.850776  0 38 40.743  -1  19  57.52
 2 1988   9  17.852605  0 38 40.620  -1  19  57.61
 2 1988   9  17.856169  0 38 40.387  -1  19  57.95
 2 1988   9  17.858878  0 38 40.209  -1  19  58.19
 2 1988   9  17.860440  0 38 40.108  -1  19  58.38
 2 1988   9  17.863797  0 38 39.888  -1  19  58.57
 2 1988   9  17.866042  0 38 39.729  -1  19  58.65
 2 1988   9  17.868114  0 38 39.584  -1  19  58.87
 2 1988   9  17.915093  0 38 36.329  -1  20  03.98
 2 1988   9  17.917107  0 38 36.188  -1  20  04.22
 2 1988   9  17.919167  0 38 36.028  -1  20  04.38
 2 1988   9  17.923241  0 38 35.737  -1  20  04.91
 2 1988   9  17.925174  0 38 35.601  -1  20  05.26
 2 1988   9  17.927014  0 38 35.456  -1  20  05.53
 2 1988   9  17.931308  0 38 35.139  -1  20  06.04
 2 1988   9  17.934028  0 38 34.937  -1  20  06.43
 2 1988   9  17.936482  0 38 34.764  -1  20  06.83
 2 1988   9  17.983056  0 38 31.198  -1  20  14.54
 2 1988   9  17.985764  0 38 30.994  -1  20  15.11
 2 1988   9  17.988704  0 38 30.753  -1  20  15.66
 2 1988   9  17.993334  0 38 30.390  -1  20  16.69
 2 1988   9  17.996621  0 38 30.134  -1  20  17.41
 2 1988   9  17.998936  0 38 29.940  -1  20  17.68
 2 1988   9  18.005556  0 38 29.414  -1  20  19.25
 2 1988   9  18.007257  0 38 29.290  -1  20  19.56
 2 1988   9  18.716285  0 37 39.748  -1  24  55.38
 2 1988   9  18.718311  0 37 39.647  -1  24  55.88
 2 1988   9  18.720961  0 37 39.519  -1  24  56.26
 2 1988   9  18.725880  0 37 39.273  -1  24  57.41
 2 1988   9  18.728264  0 37 39.176  -1  24  57.84
 2 1988   9  18.730996  0 37 39.036  -1  24  58.32
 2 1988   9  18.735741  0 37 38.805  -1  24  59.15
 2 1988   9  18.737628  0 37 38.731  -1  24  59.56
 2 1988   9  18.739248  0 37 38.645  -1  24  59.85
 2 1988   9  18.744804  0 37 38.385  -1  25  00.97
 2 1988   9  18.746540  0 37 38.288  -1  25  01.12
 2 1988   9  18.750880  0 37 38.097  -1  25  01.98
 2 1988   9  18.752929  0 37 38.006  -1  25  02.25
 2 1988   9  18.754688  0 37 37.909  -1  25  02.62
 2 1988   9  18.757663  0 37 37.759  -1  25  03.11
 2 1988   9  18.759630  0 37 37.682  -1  25  03.38
 2 1988   9  18.761806  0 37 37.586  -1  25  03.71
 2 1988   9  18.766459  0 37 37.367  -1  25  04.65
 2 1988   9  18.768484  0 37 37.258  -1  25  04.77
 2 1988   9  18.770869  0 37 37.146  -1  25  05.14
 2 1988   9  18.776586  0 37 36.877  -1  25  06.14
 2 1988   9  18.778600  0 37 36.796  -1  25  06.41
 2 1988   9  18.780475  0 37 36.694  -1  25  06.53
 2 1988   9  18.784468  0 37 36.520  -1  25  07.03
 2 1988   9  18.786308  0 37 36.438  -1  25  07.71
 2 1988   9  18.788357  0 37 36.328  -1  25  07.59
 2 1988   9  18.793669  0 37 36.073  -1  25  08.14
 2 1988   9  18.795857  0 37 35.988  -1  25  08.65
 2 1988   9  18.797732  0 37 35.898  -1  25  08.90
 2 1988   9  18.801251  0 37 35.731  -1  25  09.24
 2 1988   9  18.804318  0 37 35.588  -1  25  09.83
 2 1988   9  18.806389  0 37 35.496  -1  25  10.00
 2 1988   9  18.809688  0 37 35.340  -1  25  10.33
 2 1988   9  18.811505  0 37 35.268  -1  25  10.58
 2 1988   9  18.813507  0 37 35.156  -1  25  10.78
 2 1988   9  18.817038  0 37 35.006  -1  25  11.04
 2 1988   9  18.819318  0 37 34.891  -1  25  11.47
 2 1988   9  18.821285  0 37 34.802  -1  25  11.61
 2 1988   9  18.870267  0 37 32.510  -1  25  15.82
 2 1988   9  18.873218  0 37 32.375  -1  25  15.93
 2 1988   9  18.876123  0 37 32.237  -1  25  16.20
 2 1988   9  18.880637  0 37 32.017  -1  25  16.41
 2 1988   9  18.883785  0 37 31.875  -1  25  16.63
 2 1988   9  18.886297  0 37 31.750  -1  25  16.76
 2 1988   9  18.890105  0 37 31.573  -1  25  17.11
 2 1988   9  18.892385  0 37 31.481  -1  25  17.12
 2 1988   9  18.894607  0 37 31.365  -1  25  17.22
 2 1988   9  18.898461  0 37 31.179  -1  25  17.44
 2 1988   9  18.902674  0 37 30.983  -1  25  17.71
 2 1988   9  18.906366  0 37 30.798  -1  25  17.78
 2 1988   9  18.908924  0 37 30.676  -1  25  17.96
 2 1988   9  18.911100  0 37 30.566  -1  25  17.99
 2 1988   9  18.917373  0 37 30.273  -1  25  18.37
 2 1988   9  18.919329  0 37 30.183  -1  25  18.34
 2 1988   9  18.921320  0 37 30.084  -1  25  18.38
 2 1988   9  18.924838  0 37 29.917  -1  25  18.60
 2 1988   9  18.927512  0 37 29.790  -1  25  18.68
 2 1988   9  18.929572  0 37 29.692  -1  25  18.72
 2 1988   9  18.933056  0 37 29.515  -1  25  18.92
 2 1988   9  18.935244  0 37 29.422  -1  25  18.92
 2 1988   9  18.937211  0 37 29.305  -1  25  19.08
 2 1988   9  18.949584  0 37 28.706  -1  25  19.44
 2 1988   9  18.951760  0 37 28.612  -1  25  19.57
 2 1988   9  18.953392  0 37 28.502  -1  25  19.83
 2 1988   9  18.956239  0 37 28.384  -1  25  19.65
 2 1988   9  18.958010  0 37 28.292  -1  25  19.77
 2 1988   9  18.959572  0 37 28.214  -1  25  19.73
 2 1988   9  18.963137  0 37 28.041  -1  25  19.84
 2 1988   9  18.965093  0 37 27.942  -1  25  19.98
 2 1988   9  18.966991  0 37 27.828  -1  25  19.94
 2 1988   9  18.970544  0 37 27.658  -1  25  19.98
 2 1988   9  18.972431  0 37 27.579  -1  25  20.05
 2 1988   9  18.974005  0 37 27.499  -1  25  20.11
 2 1988   9  18.977431  0 37 27.324  -1  25  20.24
 2 1988   9  18.979352  0 37 27.223  -1  25  20.41
 2 1988   9  18.980961  0 37 27.133  -1  25  20.39
 2 1988   9  19.700626  0 36 34.754  -1  28  45.35
 2 1988   9  19.702778  0 36 34.585  -1  28  46.64
 2 1988   9  19.704781  0 36 34.411  -1  28  47.64
 2 1988   9  19.707911  0 36 34.170  -1  28  48.86
 2 1988   9  19.709723  0 36 34.027  -1  28  49.79
 2 1988   9  19.714862  0 36 33.632  -1  28  52.00
 2 1988   9  19.716621  0 36 33.496  -1  28  52.97
 2 1988   9  19.718068  0 36 33.373  -1  28  53.81
 2 1988   9  19.720672  0 36 33.184  -1  28  55.04
 2 1988   9  19.722269  0 36 33.067  -1  28  55.65
 2 1988   9  19.723588  0 36 32.957  -1  28  56.73
 2 1988   9  19.727582  0 36 32.654  -1  28  58.06
 2 1988   9  19.729757  0 36 32.484  -1  28  59.05
 2 1988   9  19.731910  0 36 32.319  -1  29  00.37
 2 1988   9  19.735568  0 36 32.040  -1  29  01.86
 2 1988   9  19.738102  0 36 31.839  -1  29  03.01
 2 1988   9  19.740024  0 36 31.703  -1  29  03.84
 2 1988   9  19.743380  0 36 31.447  -1  29  05.34
 2 1988   9  19.745255  0 36 31.304  -1  29  06.16
 2 1988   9  19.747801  0 36 31.105  -1  29  07.62
 2 1988   9  19.750753  0 36 30.894  -1  29  08.52
 2 1988   9  19.752477  0 36 30.756  -1  29  09.30
 2 1988   9  19.754098  0 36 30.653  -1  29  10.41
 2 1988   9  19.757014  0 36 30.418  -1  29  11.47
 2 1988   9  19.758658  0 36 30.299  -1  29  11.97
 2 1988   9  19.760209  0 36 30.185  -1  29  12.84
 2 1988   9  19.765301  0 36 29.814  -1  29  14.89
 2 1988   9  19.844040  0 36 24.380  -1  29  46.40
 2 1988   9  19.845950  0 36 24.262  -1  29  46.76
 2 1988   9  19.850382  0 36 23.981  -1  29  48.77
 2 1988   9  19.852107  0 36 23.857  -1  29  49.21
 2 1988   9  19.853889  0 36 23.747  -1  29  49.99
 2 1988   9  19.858044  0 36 23.487  -1  29  51.40
 2 1988   9  19.860012  0 36 23.359  -1  29  52.14
 2 1988   9  19.865290  0 36 23.024  -1  29  53.69
 2 1988   9  19.868924  0 36 22.811  -1  29  55.17
 2 1988   9  19.872501  0 36 22.597  -1  29  55.93
 2 1988   9  19.874410  0 36 22.467  -1  29  56.75
 2 1988   9  19.876123  0 36 22.345  -1  29  57.44
 2 1988   9  19.880301  0 36 22.109  -1  29  58.69
 2 1988   9  19.881968  0 36 22.007  -1  29  59.31
 2 1988   9  19.883669  0 36 21.909  -1  29  59.95
 2 1988   9  19.886586  0 36 21.738  -1  30  00.68
 2 1988   9  19.888044  0 36 21.647  -1  30  01.09
 2 1988   9  19.889838  0 36 21.520  -1  30  01.90
 2 1988   9  19.895197  0 36 21.226  -1  30  03.24
 2 1988   9  19.896783  0 36 21.126  -1  30  03.85
 2 1988   9  19.898183  0 36 21.044  -1  30  04.44
 2 1988   9  19.901274  0 36 20.869  -1  30  05.16
 2 1988   9  19.903241  0 36 20.754  -1  30  05.71
 2 1988   9  19.905024  0 36 20.658  -1  30  06.46
 2 1988   9  19.907963  0 36 20.478  -1  30  07.09
 2 1988   9  19.909538  0 36 20.390  -1  30  07.58
 2 1988   9  19.911065  0 36 20.297  -1  30  08.17
 2 1988   9  19.914075  0 36 20.133  -1  30  08.75
 2 1988   9  19.915521  0 36 20.045  -1  30  09.31
 2 1988   9  19.916910  0 36 19.969  -1  30  09.84
 2 1988   9  19.920371  0 36 19.773  -1  30  10.59
 2 1988   9  19.922084  0 36 19.679  -1  30  11.08
 2 1988   9  19.923739  0 36 19.583  -1  30  11.58
 2 1988   9  19.926690  0 36 19.423  -1  30  12.29
 2 1988   9  19.928357  0 36 19.334  -1  30  12.80
 2 1988   9  19.929792  0 36 19.252  -1  30  13.21
 2 1988  10   4.673901  0 19 27.744  -2  23  45.97
 2 1988  10   4.675602  0 19 27.604  -2  23  46.56
 2 1988  10   4.677373  0 19 27.430  -2  23  47.22
 2 1988  10   4.681829  0 19 27.010  -2  23  48.78
 2 1988  10   4.683369  0 19 26.871  -2  23  49.56
 2 1988  10   4.684989  0 19 26.726  -2  23  49.86
 2 1988  10   4.688519  0 19 26.386  -2  23  51.16
 2 1988  10   4.690105  0 19 26.238  -2  23  51.76
 2 1988  10   4.691945  0 19 26.070  -2  23  52.43
 2 1988  10   4.694862  0 19 25.799  -2  23  53.30
 2 1988  10   4.696470  0 19 25.658  -2  23  54.07
 2 1988  10   4.698102  0 19 25.488  -2  23  54.77
 2 1988  10   4.701413  0 19 25.188  -2  23  55.82
 2 1988  10   4.703068  0 19 25.032  -2  23  56.38
 2 1988  10   4.704873  0 19 24.856  -2  23  57.17
 2 1988  10   4.707709  0 19 24.600  -2  23  58.29
 2 1988  10   4.709399  0 19 24.434  -2  23  58.96
 2 1988  10   4.711146  0 19 24.270  -2  23  59.60
 2 1988  10   4.714700  0 19 23.955  -2  24  00.78
 2 1988  10   4.716308  0 19 23.794  -2  24  01.36
 2 1988  10   4.717906  0 19 23.650  -2  24  01.90
 2 1988  10   4.721459  0 19 23.318  -2  24  03.40
 2 1988  10   4.723299  0 19 23.158  -2  24  04.04
 2 1988  10   4.725116  0 19 22.982  -2  24  04.77
 2 1988  10   4.728496  0 19 22.686  -2  24  05.88
 2 1988  10   4.730139  0 19 22.523  -2  24  06.46
 2 1988  10   4.731667  0 19 22.377  -2  24  07.14
 2 1988  10   4.735544  0 19 22.025  -2  24  08.62
 2 1988  10   4.737142  0 19 21.876  -2  24  09.08
 2 1988  10   4.738924  0 19 21.718  -2  24  09.87
 2 1988  10   4.744862  0 19 21.182  -2  24  12.06
 2 1988  10   4.746494  0 19 21.041  -2  24  12.91
 2 1988  10   4.748612  0 19 20.845  -2  24  13.44
 2 1988  10   4.752246  0 19 20.520  -2  24  14.60
 2 1988  10   4.822917  0 19 14.367  -2  24  40.90
 2 1988  10   4.824896  0 19 14.198  -2  24  41.76
 2 1988  10   4.828126  0 19 13.935  -2  24  42.97
 2 1988  10   4.829873  0 19 13.797  -2  24  43.73
 2 1988  10   4.831517  0 19 13.655  -2  24  44.24
 2 1988  10   4.834700  0 19 13.385  -2  24  45.30
 2 1988  10   4.836262  0 19 13.265  -2  24  45.78
 2 1988  10   4.837917  0 19 13.121  -2  24  46.47
 2 1988  10   4.841135  0 19 12.868  -2  24  47.70
 2 1988  10   4.842616  0 19 12.736  -2  24  48.24
 2 1988  10   4.844260  0 19 12.617  -2  24  48.63
 2 1988  10   4.847512  0 19 12.355  -2  24  49.89
 2 1988  10   4.850660  0 19 12.093  -2  24  51.13
 2 1988  10   4.854075  0 19 11.831  -2  24  52.26
 2 1988  10   4.857466  0 19 11.561  -2  24  53.20
 2 1988  10   4.860244  0 19 11.338  -2  24  54.28
 2 1988  10   4.861783  0 19 11.225  -2  24  54.87
 2 1988  10   4.863473  0 19 11.099  -2  24  55.61
 2 1988  10   4.867142  0 19 10.799  -2  24  56.74
 2 1988  10   4.868693  0 19 10.690  -2  24  57.16
 2 1988  10   4.870313  0 19 10.559  -2  24  57.81
 2 1988  10   4.873565  0 19 10.302  -2  24  58.82
 2 1988  10   4.875348  0 19 10.171  -2  24  59.43
 2 1988  10   4.883068  0 19 09.580  -2  25  01.96
 2 1988  10   4.884723  0 19 09.462  -2  25  02.65
 2 1988  10   4.886308  0 19 09.343  -2  25  03.12
 2 1988  10   4.889376  0 19 09.114  -2  25  04.10
 2 1988  10   4.891077  0 19 08.987  -2  25  04.62
 2 1988  10   4.892570  0 19 08.865  -2  25  05.13
 2 1988  10   4.896343  0 19 08.600  -2  25  06.42
 2 1988  10   4.897963  0 19 08.481  -2  25  06.93
 2 1988  10   4.902663  0 19 08.128  -2  25  08.71
 2 1988  10   4.904318  0 19 08.019  -2  25  08.83
 2 1988  10   4.909665  0 19 07.632  -2  25  10.75
 2 1988  10   4.911378  0 19 07.521  -2  25  11.50
 2 1988  10   4.913033  0 19 07.416  -2  25  11.50
 2 1988  10   5.628913  0 18 31.673  -2  25  45.29
 2 1988  10   5.631285  0 18 31.452  -2  25  45.39
 2 1988  10   5.632882  0 18 31.341  -2  25  45.54
 2 1988  10   5.636216  0 18 31.076  -2  25  45.78
 2 1988  10   5.637929  0 18 30.935  -2  25  45.95
 2 1988  10   5.639607  0 18 30.814  -2  25  46.14
 2 1988  10   5.642882  0 18 30.544  -2  25  46.32
 2 1988  10   5.644561  0 18 30.397  -2  25  46.40
 2 1988  10   5.646019  0 18 30.291  -2  25  46.31
 2 1988  10   5.648832  0 18 30.056  -2  25  46.95
 2 1988  10   5.650487  0 18 29.918  -2  25  46.82
 2 1988  10   5.651945  0 18 29.816  -2  25  47.06
 2 1988  10   5.655568  0 18 29.512  -2  25  47.26
 2 1988  10   5.657269  0 18 29.372  -2  25  47.28
 2 1988  10   5.659653  0 18 29.173  -2  25  47.83
 2 1988  10   5.663068  0 18 28.881  -2  25  47.92
 2 1988  10   5.664862  0 18 28.738  -2  25  48.13
 2 1988  10   5.666262  0 18 28.631  -2  25  48.13
 2 1988  10   5.671285  0 18 28.183  -2  25  48.87
 2 1988  10   5.672697  0 18 28.067  -2  25  49.02
 2 1988  10   5.674132  0 18 27.957  -2  25  48.99
 2 1988  10   5.677836  0 18 27.630  -2  25  49.43
 2 1988  10   5.679283  0 18 27.513  -2  25  49.68
 2 1988  10   5.680707  0 18 27.387  -2  25  49.65
 2 1988  10   5.683855  0 18 27.116  -2  25  50.18
 2 1988  10   5.687211  0 18 26.830  -2  25  50.39
 2 1988  10   5.690348  0 18 26.560  -2  25  50.89
 2 1988  10   5.691771  0 18 26.436  -2  25  51.14
 2 1988  10   5.693207  0 18 26.309  -2  25  51.21
 2 1988  10   5.696366  0 18 26.041  -2  25  51.65
 2 1988  10   5.697975  0 18 25.891  -2  25  51.72
 2 1988  10   5.699387  0 18 25.784  -2  25  51.95
 2 1988  10   5.797813  0 18 16.736  -2  26  10.01
 2 1988  10   5.799613  0 18 16.574  -2  26  10.38
 2 1988  10   5.801204  0 18 16.420  -2  26  10.80
 2 1988  10   5.804075  0 18 16.150  -2  26  11.56
 2 1988  10   5.805811  0 18 15.978  -2  26  12.12
 2 1988  10   5.807674  0 18 15.794  -2  26  12.41
 2 1988  10   5.810672  0 18 15.520  -2  26  13.08
 2 1988  10   5.812107  0 18 15.388  -2  26  13.52
 2 1988  10   5.813496  0 18 15.248  -2  26  13.84
 2 1988  10   5.816042  0 18 15.002  -2  26  14.43
 2 1988  10   5.817605  0 18 14.874  -2  26  14.98
 2 1988  10   5.819457  0 18 14.679  -2  26  15.49
 2 1988  10   5.822686  0 18 14.376  -2  26  16.27
 2 1988  10   5.824364  0 18 14.230  -2  26  16.79
 2 1988  10   5.825857  0 18 14.088  -2  26  16.87
 2 1988  10   5.828774  0 18 13.804  -2  26  17.85
 2 1988  10   5.830452  0 18 13.657  -2  26  18.21
 2 1988  10   5.831852  0 18 13.510  -2  26  18.57
 2 1988  10   5.857524  0 18 11.069  -2  26  25.75
 2 1988  10   5.862466  0 18 10.602  -2  26  27.03
 2 1988  10   5.864202  0 18 10.436  -2  26  27.40
 2 1988  10   5.866690  0 18 10.196  -2  26  28.12
 2 1988  10   5.868149  0 18 10.060  -2  26  28.81
 2 1988  10   5.869630  0 18 09.918  -2  26  28.95
 2 1988  10   5.872489  0 18 09.654  -2  26  29.68
 2 1988  10   5.874399  0 18 09.468  -2  26  30.49
 2 1988  10   5.875892  0 18 09.329  -2  26  30.68
 2 1988  10   5.937767  0 18 03.591  -2  26  50.53
 2 1988  10   5.940660  0 18 03.324  -2  26  51.18
 2 1988  10   5.942142  0 18 03.191  -2  26  52.12
 2 1988  10   5.943901  0 18 03.038  -2  26  52.63
 2 1988  10   5.946528  0 18 02.807  -2  26  53.42
 2 1988  10   5.948531  0 18 02.617  -2  26  54.17
 2 1988  10   5.950012  0 18 02.487  -2  26  54.45
 2 1988  10   8.662732  0 15 12.940  -2  32  50.85
 2 1988  10   8.664329  0 15 12.834  -2  32  51.89
 2 1988  10   8.666169  0 15 12.707  -2  32  51.98
 2 1988  10   8.669781  0 15 12.466  -2  32  52.64
 2 1988  10   8.671482  0 15 12.342  -2  32  53.53
 2 1988  10   8.672882  0 15 12.254  -2  32  53.90
 2 1988  10   8.675533  0 15 12.059  -2  32  54.69
 2 1988  10   8.677084  0 15 11.955  -2  32  54.98
 2 1988  10   8.678693  0 15 11.856  -2  32  55.62
 2 1988  10   8.681227  0 15 11.679  -2  32  56.12
 2 1988  10   8.683878  0 15 11.510  -2  32  57.05
 2 1988  10   8.686447  0 15 11.332  -2  32  57.59
 2 1988  10   8.687940  0 15 11.236  -2  32  58.06
 2 1988  10   8.689410  0 15 11.144  -2  32  58.48
 2 1988  10   8.692524  0 15 10.915  -2  32  59.07
 2 1988  10   8.694075  0 15 10.822  -2  33  00.30
 2 1988  10   8.695463  0 15 10.746  -2  32  59.83
 2 1988  10   8.701656  0 15 10.335  -2  33  01.51
 2 1988  10   8.705290  0 15 10.086  -2  33  02.14
 2 1988  10   8.706702  0 15 09.974  -2  33  02.87
 2 1988  10   8.708195  0 15 09.896  -2  33  03.23
 2 1988  10   8.711551  0 15 09.674  -2  33  03.90
 2 1988  10   8.713068  0 15 09.574  -2  33  04.50
 2 1988  10   8.714433  0 15 09.499  -2  33  04.62
 2 1988  10   8.717119  0 15 09.319  -2  33  05.31
 2 1988  10   8.718612  0 15 09.229  -2  33  05.79
 2 1988  10   8.720012  0 15 09.148  -2  33  06.03
 2 1988  10   8.724792  0 15 08.828  -2  33  06.96
 2 1988  10   8.726482  0 15 08.729  -2  33  07.82
 2 1988  10   8.728207  0 15 08.634  -2  33  07.97
 2 1988  10   8.735915  0 15 08.142  -2  33  09.53
 2 1988  10   8.737466  0 15 08.045  -2  33  10.57
 2 1988  10   8.738970  0 15 07.971  -2  33  10.67
 2 1988  10   8.807026  0 15 04.015  -2  33  23.48
 2 1988  10   8.808565  0 15 03.935  -2  33  23.60
 2 1988  10   8.810174  0 15 03.842  -2  33  23.93
 2 1988  10   8.813033  0 15 03.699  -2  33  24.25
 2 1988  10   8.814676  0 15 03.603  -2  33  24.70
 2 1988  10   8.816274  0 15 03.513  -2  33  24.89
 2 1988  10   8.819885  0 15 03.331  -2  33  25.31
 2 1988  10   8.821436  0 15 03.254  -2  33  25.52
 2 1988  10   8.823207  0 15 03.151  -2  33  25.89
 2 1988  10   8.827674  0 15 02.923  -2  33  26.35
 2 1988  10   8.829121  0 15 02.844  -2  33  26.49
 2 1988  10   8.830637  0 15 02.765  -2  33  26.74
 2 1988  10   8.833531  0 15 02.622  -2  33  27.05
 2 1988  10   8.835533  0 15 02.520  -2  33  27.37
 2 1988  10   8.836968  0 15 02.441  -2  33  27.58
 2 1988  10   8.839885  0 15 02.299  -2  33  27.84
 2 1988  10   8.841251  0 15 02.234  -2  33  27.95
 2 1988  10   8.842732  0 15 02.151  -2  33  28.20
 2 1988  10   8.845521  0 15 02.008  -2  33  28.54
 2 1988  10   8.846887  0 15 01.963  -2  33  28.60
 2 1988  10   8.848450  0 15 01.872  -2  33  29.14
 2 1988  10   8.851517  0 15 01.714  -2  33  29.47
 2 1988  10   8.852952  0 15 01.652  -2  33  29.28
 2 1988  10   8.854491  0 15 01.573  -2  33  29.48
 2 1988  10   8.858762  0 15 01.364  -2  33  30.02
 2 1988  10   8.860244  0 15 01.285  -2  33  30.24
 2 1988  10   8.861731  0 15 01.224  -2  33  30.21
 2 1988  10   8.864908  0 15 01.071  -2  33  30.60
 2 1988  10   8.866320  0 15 00.993  -2  33  30.54
 2 1988  10   8.867952  0 15 00.919  -2  33  30.83
 2 1988  10   8.872396  0 15 00.715  -2  33  31.20
 2 1988  10   8.873878  0 15 00.661  -2  33  31.24
 2 1988  10   8.875475  0 15 00.574  -2  33  31.46
 2 1988  10   8.878195  0 15 00.442  -2  33  31.67
 2 1988  10   8.879630  0 15 00.381  -2  33  31.75
 2 1988  10   8.881054  0 15 00.313  -2  33  31.84
 2 1988  10   8.884642  0 15 00.145  -2  33  32.07
 2 1988  10   8.886239  0 15 00.077  -2  33  32.12
 2 1988  10   8.887767  0 15 00.001  -2  33  32.33
 2 1988  10   8.891042  0 14 59.853  -2  33  32.46
 2 1988  10   8.892535  0 14 59.802  -2  33  32.63
 2 1988  10   8.894700  0 14 59.707  -2  33  33.01
 2 1988  10   8.897917  0 14 59.542  -2  33  32.94
 2 1988  10   9.678635  0 14 16.935  -2  33  31.52
 2 1988  10   9.680035  0 14 16.793  -2  33  31.83
 2 1988  10   9.681598  0 14 16.665  -2  33  32.27
 2 1988  10   9.684202  0 14 16.437  -2  33  32.85
 2 1988  10   9.685544  0 14 16.326  -2  33  33.05
 2 1988  10   9.686852  0 14 16.219  -2  33  33.41
 2 1988  10   9.691887  0 14 15.784  -2  33  34.84
 2 1988  10   9.693392  0 14 15.643  -2  33  35.11
 2 1988  10   9.694862  0 14 15.512  -2  33  35.62
 2 1988  10   9.697443  0 14 15.304  -2  33  36.27
 2 1988  10   9.698762  0 14 15.184  -2  33  36.80
 2 1988  10   9.767940  0 14 09.252  -2  33  56.03
 2 1988  10   9.769468  0 14 09.135  -2  33  56.50
 2 1988  10   9.770915  0 14 09.013  -2  33  56.67
 2 1988  10   9.773716  0 14 08.783  -2  33  57.75
 2 1988  10   9.775151  0 14 08.662  -2  33  58.05
 2 1988  10   9.776656  0 14 08.532  -2  33  58.36
 2 1988  10   9.779294  0 14 08.319  -2  33  59.24
 2 1988  10   9.780776  0 14 08.198  -2  33  59.71
 2 1988  10   9.782246  0 14 08.063  -2  34  00.02
 2 1988  10   9.785058  0 14 07.847  -2  34  01.03
 2 1988  10   9.787929  0 14 07.583  -2  34  01.73
 2 1988  10   9.790313  0 14 07.407  -2  34  02.54
 2 1988  10   9.791679  0 14 07.291  -2  34  02.91
 2 1988  10   9.793183  0 14 07.165  -2  34  03.27
 2 1988  10   9.796135  0 14 06.929  -2  34  04.32
 2 1988  10   9.797582  0 14 06.814  -2  34  04.45
 2 1988  10   9.799005  0 14 06.688  -2  34  05.00
 2 1988  10   9.801459  0 14 06.497  -2  34  05.89
 2 1988  10   9.802744  0 14 06.397  -2  34  06.05
 2 1988  10   9.804144  0 14 06.278  -2  34  06.46
 2 1988  10   9.807165  0 14 06.038  -2  34  07.40
 2 1988  10   9.808739  0 14 05.906  -2  34  07.73
 2 1988  10   9.810197  0 14 05.791  -2  34  08.25
 2 1988  10   9.812697  0 14 05.588  -2  34  09.07
 2 1988  10   9.814364  0 14 05.454  -2  34  09.42
 2 1988  10   9.815857  0 14 05.342  -2  34  09.76
 2 1988  10   9.823936  0 14 04.710  -2  34  12.35
 2 1988  10   9.825440  0 14 04.583  -2  34  12.67
 2 1988  10   9.826968  0 14 04.453  -2  34  13.04
 2 1988  10   9.831250  0 14 04.133  -2  34  14.55
 2 1988  10   9.833403  0 14 03.969  -2  34  15.11
 2 1988  10   9.834769  0 14 03.851  -2  34  15.28
 2 1988  10   9.838936  0 14 03.532  -2  34  16.57
 2 1988  10   9.840278  0 14 03.438  -2  34  16.91
 2 1988  10   9.842373  0 14 03.273  -2  34  17.51
 2 1988  10   9.843774  0 14 03.162  -2  34  18.01
 2 1988  10   9.845174  0 14 03.057  -2  34  18.38
 2 1988  10   9.847836  0 14 02.847  -2  34  19.14
 2 1988  10   9.849225  0 14 02.739  -2  34  19.45
 2 1988  10   9.850544  0 14 02.645  -2  34  19.75
 2 1988  10   9.854607  0 14 02.341  -2  34  21.05
 2 1988  10   9.856007  0 14 02.238  -2  34  21.34
 2 1988  11   1.607373  0 03 44.959  -1  48  36.78
 2 1988  11   1.609792  0 03 44.966  -1  48  36.39
 2 1988  11   1.611968  0 03 44.946  -1  48  35.99
 2 1988  11   1.615683  0 03 44.923  -1  48  35.55
 2 1988  11   1.619075  0 03 44.907  -1  48  35.11
 2 1988  11   1.620614  0 03 44.919  -1  48  34.90
 2 1988  11   1.624109  0 03 44.894  -1  48  34.32
 2 1988  11   1.626019  0 03 44.882  -1  48  34.05
 2 1988  11   1.630869  0 03 44.880  -1  48  33.21
 2 1988  11   1.632848  0 03 44.851  -1  48  33.10
 2 1988  11   1.634815  0 03 44.854  -1  48  32.80
 2 1988  11   1.639121  0 03 44.847  -1  48  31.95
 2 1988  11   1.640718  0 03 44.834  -1  48  31.82
 2 1988  11   1.642443  0 03 44.838  -1  48  31.60
 2 1988  11   1.645556  0 03 44.829  -1  48  30.89
 2 1988  11   1.647477  0 03 44.822  -1  48  30.63
 2 1988  11   1.649364  0 03 44.816  -1  48  30.26
 2 1988  11   1.652188  0 03 44.815  -1  48  29.99
 2 1988  11   1.653577  0 03 44.806  -1  48  29.57
 2 1988  11   1.655232  0 03 44.804  -1  48  29.30
 2 1988  11   1.726343  0 03 44.962  -1  48  16.19
 2 1988  11   1.729491  0 03 44.981  -1  48  15.59
 2 1988  11   1.731308  0 03 44.989  -1  48  15.20
 2 1988  11   1.732940  0 03 45.002  -1  48  14.88
 2 1988  11   1.735625  0 03 45.020  -1  48  14.22
 2 1988  11   1.737709  0 03 45.030  -1  48  13.88
 2 1988  11   1.739480  0 03 45.046  -1  48  13.37
 2 1988  11   1.743253  0 03 45.077  -1  48  12.65
 2 1988  11   1.746818  0 03 45.103  -1  48  11.78
 2 1988  11   1.749885  0 03 45.121  -1  48  11.16
 2 1988  11   1.751528  0 03 45.133  -1  48  10.69
 2 1988  11   1.752929  0 03 45.146  -1  48  10.33
 2 1988  11   1.755834  0 03 45.173  -1  48  09.74
 2 1988  11   1.757327  0 03 45.180  -1  48  09.53
 2 1988  11   1.758762  0 03 45.200  -1  48  08.94
 2 1988  11   1.762061  0 03 45.228  -1  48  08.27
 2 1988  11   1.763519  0 03 45.232  -1  48  07.92
 2 1988  11   1.764954  0 03 45.260  -1  48  07.67
 2 1988  11   1.767680  0 03 45.286  -1  48  06.96
 2 1988  11   1.769457  0 03 45.297  -1  48  06.47
 2 1988  11   1.771123  0 03 45.324  -1  48  06.17
 2 1988  11   1.774121  0 03 45.350  -1  48  05.28
 2 1988  11   1.775591  0 03 45.363  -1  48  04.93
 2 1988  11   1.777223  0 03 45.381  -1  48  04.54
 2 1988  11   1.779850  0 03 45.409  -1  48  03.98
 2 1988  11   1.781656  0 03 45.430  -1  48  03.46
 2 1988  11   1.782952  0 03 45.444  -1  48  03.22
 2 1988  11   1.786401  0 03 45.485  -1  48  02.37
 2 1988  11   1.787871  0 03 45.495  -1  48  01.97
 2 1988  11   1.789433  0 03 45.525  -1  48  01.57
 2 1988  11   1.792373  0 03 45.553  -1  48  00.80
 2 1988  11   1.793936  0 03 45.575  -1  48  00.36
 2 1988  11   1.795371  0 03 45.601  -1  47  59.98
 2 1988  11   1.798311  0 03 45.633  -1  47  59.22
 2 1988  11   1.799711  0 03 45.655  -1  47  58.84
 2 1988  11   1.801042  0 03 45.675  -1  47  58.41
 2 1988  11   1.803635  0 03 45.713  -1  47  57.90
 2 1988  11   1.805325  0 03 45.727  -1  47  57.51
 2 1988  11   1.806875  0 03 45.736  -1  47  56.78
 2 1988  11   1.809410  0 03 45.791  -1  47  56.08
 2 1988  11   1.810938  0 03 45.801  -1  47  55.67
 2 1988  11   1.812489  0 03 45.824  -1  47  55.17
 2 1988  11   2.569364  0 03 56.759  -1  42  45.72
 2 1988  11   2.571818  0 03 56.739  -1  42  45.06
 2 1988  11   2.574098  0 03 56.701  -1  42  44.58
 2 1988  11   2.578044  0 03 56.645  -1  42  43.76
 2 1988  11   2.580035  0 03 56.623  -1  42  43.09
 2 1988  11   2.582003  0 03 56.597  -1  42  42.82
 2 1988  11   2.586031  0 03 56.535  -1  42  41.49
 2 1988  11   2.588426  0 03 56.504  -1  42  41.07
 2 1988  11   2.590707  0 03 56.470  -1  42  40.60
 2 1988  11   2.594063  0 03 56.429  -1  42  39.68
 2 1988  11   2.596355  0 03 56.371  -1  42  38.83
 2 1988  11   2.601679  0 03 56.319  -1  42  38.17
 2 1988  11   2.603565  0 03 56.299  -1  42  37.34
 2 1988  11   2.605903  0 03 56.241  -1  42  36.87
 2 1988  11   2.689977  0 03 54.963  -1  42  19.86
 2 1988  11   2.692130  0 03 54.936  -1  42  19.61
 2 1988  11   2.694781  0 03 54.893  -1  42  19.13
 2 1988  11   2.699167  0 03 54.822  -1  42  18.19
 2 1988  11   2.701968  0 03 54.800  -1  42  18.01
 2 1988  11   2.706054  0 03 54.761  -1  42  16.88
 2 1988  11   2.708565  0 03 54.698  -1  42  17.16
 2 1988  11   2.710996  0 03 54.631  -1  42  15.91
 2 1988  11   3.650695  0 04 09.919  -1  36  45.53
 2 1988  11   3.652917  0 04 09.922  -1  36  44.72
 2 1988  11   3.655012  0 04 09.914  -1  36  43.85
 2 1988  11   3.661158  0 04 09.894  -1  36  41.26
 2 1988  11   3.663808  0 04 09.900  -1  36  40.00
 2 1988  11   3.667500  0 04 09.891  -1  36  38.59
 2 1988  11   3.669723  0 04 09.871  -1  36  37.73
 2 1988  11   3.672014  0 04 09.884  -1  36  36.63
 2 1988  11   3.675556  0 04 09.871  -1  36  35.23
 2 1988  11   3.677963  0 04 09.852  -1  36  34.30
 2 1988  11   3.680521  0 04 09.853  -1  36  33.26
 2 1988  11   3.684109  0 04 09.839  -1  36  31.97
 2 1988  11   3.686517  0 04 09.826  -1  36  30.95
 2 1988  11   3.688704  0 04 09.820  -1  36  29.95
 2 1988  11   3.692350  0 04 09.782  -1  36  28.82
 2 1988  11   3.694630  0 04 09.792  -1  36  27.85
 2 1988  11   3.696910  0 04 09.777  -1  36  26.68
 2 1988  11   3.700533  0 04 09.757  -1  36  25.42
 2 1988  11   3.702929  0 04 09.748  -1  36  24.56
 2 1988  11   3.705093  0 04 09.740  -1  36  23.62
 2 1988  11   3.708843  0 04 09.711  -1  36  22.21
 2 1988  11   3.711355  0 04 09.697  -1  36  21.42
 2 1988  11   3.713878  0 04 09.685  -1  36  20.41
 2 1988  11   3.717535  0 04 09.653  -1  36  19.26
 2 1988  11   3.720012  0 04 09.649  -1  36  18.21
 2 1988  11   3.810510  0 04 08.897  -1  35  47.85
 2 1988  11   3.812547  0 04 08.885  -1  35  47.44