2004 11 16   14 21 50.946    128.1826   -32.6734    0.0064   -1389.54   -11518.08    604.17
2004 11 16   14 22 00.751    128.2033   -32.9930    0.0063   -1380.85   -11511.19    614.51
2004 12 14   08 05 08.883    151.7854   -24.8395    0.0075   -1684.92    -9666.01    392.20
2004 12 14   08 05 13.248    151.8719   -25.0207    0.0075   -1679.96    -9661.85    397.62
2004 12 14   08 05 18.149    151.9777   -25.2221    0.0080   -1674.38    -9657.18    403.71
2005 09 16   23 24 21.222    311.6387   +28.3537    0.0075    4633.25     9039.98  -2289.90
2005 11 20   09 06 19.796    332.2536   -32.9532    0.0085    5460.89     5823.45   -229.62
2005 11 20   09 06 24.701    332.4769   -32.7575    0.0085    5451.58     5822.67   -236.76
2005 11 24   20 38 56.692    030.3705   +03.1852    0.0149    5108.99     5581.51   -394.06
2005 11 24   20 38 59.962    030.4577   +03.4450    0.0181    5102.42     5580.85   -398.96
2005 12 08   13 44 00.307    047.7121   -20.3372    0.0141    5591.37     4984.11    296.98
2005 12 08   13 44 04.122    047.7349   -19.9900    0.0140    5584.02     4984.50    290.69
2005 12 13   08 02 51.150    341.4132   -33.1388    0.0080    4781.02     4797.31   -265.48
2005 12 13   08 02 56.055    341.5824   -32.9379    0.0067    4770.31     4797.01   -273.82
2005 12 20   01 15 06.755    043.1437   -12.9479    0.0108    5064.07     4532.23     98.60
2005 12 20   01 15 09.480    043.1533   -12.7515    0.0108    5058.33     4532.57     93.74
2005 12 20   01 15 12.205    043.1625   -12.5557    0.0108    5052.59     4532.90     88.89
2005 12 20   01 15 14.385    043.1726   -12.4001    0.0108    5047.99     4533.16     85.01
2006 01 20   23 07 43.213    104.9109   +00.8364    0.0055    5889.16     2962.30   1718.90
2006 01 20   23 07 49.753    104.9246   +01.0678    0.0055    5878.62     2968.26   1705.54
2006 01 20   23 07 55.507    104.9255   +01.2810    0.0055    5869.33     2973.49   1693.78
2006 02 01   17 26 22.171    030.9473   -53.2045    0.0063    5561.58     2618.30   1651.18
2006 02 01   17 26 28.166    030.9485   -52.9884    0.0061    5551.86     2624.64   1638.13
2006 02 01   17 26 33.616    030.9285   -52.7910    0.0060    5542.99     2630.39   1626.26
2006 02 10   04 40 21.065    179.5424   -31.2877    0.0258   -5357.80    -6051.72   1834.89
2006 02 10   04 40 24.880    179.5108   -31.5924    0.0135   -5356.70    -6057.67   1841.30
2006 02 28   16 24 42.868    143.1118   -00.6978    0.0160   -6359.91    -6183.40   1568.57
2006 02 28   16 24 47.229    143.0555   -01.0775    0.0178   -6359.47    -6189.89   1575.18
2006 03 05   11 05 35.566    117.7762   -18.1318    0.0074   -6269.39    -7899.35   3395.07
2006 03 05   11 05 42.106    117.7872   -18.3630    0.0071   -6266.48    -7906.19   3403.78
2006 03 19   04 19 04.148    103.0178   -09.7458    0.0147   -7415.84    -6925.51   1940.36
2006 03 19   04 19 07.963    102.9667   -10.0344    0.0147   -7415.38    -6930.25   1945.40
2006 03 19   04 19 11.778    102.8938   -10.3184    0.0148   -7414.92    -6934.99   1950.44
2006 03 21   09 58 56.585    091.1273   -05.8746    0.0344   -7574.96    -6345.23   1300.81
2006 03 21   09 58 58.765    090.9983   -06.2668    0.0344   -7575.03    -6348.18   1303.72
2006 03 21   09 59 01.490    090.8268   -06.7444    0.0347   -7575.12    -6351.87   1307.35
2006 03 30   15 54 53.716    069.3915   -02.3374    0.0218   -8153.44    -6619.79   1391.56
2006 03 30   15 54 57.531    069.2394   -02.7533    0.0228   -8153.48    -6624.52   1396.34
2006 04 18   03 46 10.245    052.7746   +05.6981    0.0120   -9328.89    -6930.38   1385.01
2006 04 18   03 46 14.605    052.6752   +05.4585    0.0120   -9328.75    -6934.95   1389.86
2006 04 18   03 46 19.510    052.5738   +05.1852    0.0130   -9328.59    -6940.08   1395.32
2006 05 06   23 15 08.280    077.4882   -25.5293    0.0070   -9111.26    -9016.12   4211.84
2006 05 06   23 15 16.455    077.4682   -25.7499    0.0059   -9105.53    -9019.37   4218.76
2006 05 06   23 15 24.086    077.4487   -25.9510    0.0061   -9100.17    -9022.38   4225.22
2006 05 13   23 41 03.708    083.0564   -35.1959    0.0056   -8522.11    -9123.20   4868.50
2006 05 13   23 41 12.428    083.0599   -35.4199    0.0060   -8514.25    -9124.92   4875.01
2006 05 13   23 41 21.449    083.0633   -35.6565    0.0054   -8506.11    -9126.70   4881.74
2006 08 07   10 50 42.982    127.2599   -41.3039    0.0472   -7808.31    -4938.76   2442.51
2006 12 11   21 23 53.534    298.6406   +41.0410    0.0140    7549.43     4383.00  -4444.69
2006 12 11   21 24 00.075    298.6963   +41.4933    0.0143    7548.28     4390.07  -4455.16
2006 12 23   08 54 31.697    272.4611   +19.4975    0.0324    8285.04     3689.58  -3521.28
2006 12 23   08 54 33.877    272.4388   +19.8700    0.0327    8285.25     3692.01  -3524.77
2007 01 01   14 51 48.802    241.1644   +24.9186    0.0229    8879.64     3814.62  -3792.37
2007 01 01   14 51 52.072    241.0447   +25.2915    0.0229    8879.85     3817.95  -3797.25
2007 01 01   14 51 54.551    240.9498   +25.6020    0.0231    8880.01     3820.48  -3800.95
2007 01 03   20 30 11.752    177.2960   -08.1914    0.0452    8920.72     3203.45  -2933.07
2007 01 03   20 30 15.567    177.0507   -07.3290    0.0439    8921.77     3207.59  -2938.98
2007 01 10   20 46 41.277    227.7806   +11.1299    0.0299    9470.09     3724.33  -3770.06
2007 01 10   20 46 45.637    227.6604   +11.4983    0.0176    9470.44     3728.49  -3776.21
2007 01 10   20 46 49.452    227.5329   +11.8071    0.0173    9470.75     3732.13  -3781.59
2007 01 13   02 26 09.255    187.5142   -04.3872    0.0242    9526.26     3216.62  -3055.25
2007 01 13   02 26 12.525    187.3773   -04.0437    0.0233    9527.07     3219.88  -3060.00
2007 02 16   13 04 40.907    149.8086   -29.5627    0.0315   11155.82     1600.82  -1196.12
2007 02 16   13 04 46.902    149.7653   -29.3309    0.0089   11159.14     1605.85  -1203.62
2007 02 16   13 04 52.352    149.7258   -29.1174    0.0081   11162.15     1610.41  -1210.43
2007 02 25   02 44 11.994    320.8202   +01.8002    0.0053   -1897.67     3628.22  -5936.10
2007 02 25   02 44 19.080    320.9649   +01.7516    0.0047   -1909.89     3620.18  -5924.59
2007 02 25   02 44 26.710    321.1199   +01.6942    0.0049   -1923.03     3611.51  -5912.16
2007 02 25   02 44 33.795    321.2621   +01.6356    0.0028   -1935.23     3603.43  -5900.58
