2441170.67525463 01 322.90918410 -21.83487027
2441170.67621528 01 322.90890256 -21.83484677
2441170.68329861 01 322.90676019 -21.83525434
2441170.69184028 01 322.90391679 -21.83567801
2441170.69782407 01 322.90177542 -21.83603073
2441170.69843750 01 322.90151723 -21.83605944
2441170.70306713 01 322.89982880 -21.83635494
2441170.70370370 01 322.89951945 -21.83637538
2441176.73090278 01 321.29639416 -22.37035219
2441176.73159722 01 321.29619424 -22.37036561
2441176.73414352 01 321.29543150 -22.37042414
2441176.73472222 01 321.29526611 -22.37044697
2441176.73726852 01 321.29447107 -22.37052137
2441176.73813657 01 321.29422268 -22.37055280
2441176.74079861 01 321.29335922 -22.37063533
2441176.74149306 01 321.29312868 -22.37065931
2441176.74519676 01 321.29184836 -22.37077796
2441176.74809028 01 321.29089551 -22.37084930
2441176.74884259 01 321.29061077 -22.37090626
2441176.75193287 01 321.28948319 -22.37100085
2441176.75260417 01 321.28926212 -22.37104265
2441176.75590278 01 321.28801371 -22.37117731
2441176.75642361 01 321.28782770 -22.37119147
2441176.75962963 01 321.28658426 -22.37131102
2441176.76024306 01 321.28632836 -22.37134856
2441176.76435185 01 321.28468202 -22.37152214
2441176.76776620 01 321.28327559 -22.37166274
2441176.76857639 01 321.28295786 -22.37170750
2441188.65700231 01 318.30954300 -22.96193528
2441188.65763889 01 318.30935501 -22.96195252
2441188.66018519 01 318.30857542 -22.96214138
2441188.66076389 01 318.30840781 -22.96214305
2441188.66377315 01 318.30750381 -22.96233974
2441188.66574074 01 318.30695622 -22.96248056
2441188.66921296 01 318.30601357 -22.96269402
2441188.67152778 01 318.30542156 -22.96283427
2441188.67390046 01 318.30477455 -22.96301287
2441188.67667824 01 318.30417666 -22.96317667
2441188.67719907 01 318.30402214 -22.96325367
2441188.67916667 01 318.30360946 -22.96331858
2441188.68240741 01 318.30282367 -22.96358637
2441189.65474537 01 318.10478460 -22.97902573
2441189.65526620 01 318.10474800 -22.97908072
2441189.65763889 01 318.10443666 -22.97921687
2441189.65966435 01 318.10413756 -22.97932331
2441189.66018519 01 318.10409828 -22.97933118
2441189.66297454 01 318.10374264 -22.97950357
2441189.66527778 01 318.10355917 -22.97966022
2441189.66574074 01 318.10347213 -22.97965221
2441189.66851852 01 318.10317302 -22.97979548
2441189.67077546 01 318.10295117 -22.97988494
2441189.67123843 01 318.10299273 -22.97997563
2441189.67320602 01 318.10280305 -22.98003255
2441189.67557870 01 318.10264030 -22.98016597
2441189.67604167 01 318.10258721 -22.98019146
2441189.67806713 01 318.10245847 -22.98026331
2441189.67858796 01 318.10244251 -22.98030193
2441199.65659722 01 316.70111816 -22.82628239
2441199.65729167 01 316.70111990 -22.82623507
2441199.65995370 01 316.70118200 -22.82603632
2441199.66053241 01 316.70117455 -22.82597960
2441199.66440972 01 316.70119322 -22.82564668
2441199.66516204 01 316.70113242 -22.82561781
2441199.66921296 01 316.70108526 -22.82525370
2441199.66979167 01 316.70108241 -22.82520334
2441199.67361111 01 316.70092709 -22.82489570
2441199.67783565 01 316.70069076 -22.82452567
2441199.67841435 01 316.70067635 -22.82446434
2441199.68130787 01 316.70052725 -22.82423084
2441199.68188657 01 316.70046727 -22.82419503
2441199.68796296 01 316.69997706 -22.82365775
2441199.68865741 01 316.69987565 -22.82358343
2441199.69664352 01 316.69908177 -22.82290113
2441199.69739583 01 316.69896854 -22.82281430
2441199.70578704 01 316.69780291 -22.82212926
2441199.70648148 01 316.69767400 -22.82207309
2441199.71186343 01 316.69683186 -22.82163175
2441199.71307870 01 316.69662627 -22.82150921
2441975.66093750 01  32.12333543  10.70906074
2441975.66163194 01  32.12305907  10.70906205
2441975.66504630 01  32.12186155  10.70903796
2441975.66875000 01  32.12048626  10.70900038
2441975.66944444 01  32.12022273  10.70900434
2441975.67268518 01  32.11902669  10.70893136
2441975.67627315 01  32.11764078  10.70882875
2441975.67696759 01  32.11736254  10.70882327
2441975.67986111 01  32.11623343  10.70872883
2441975.68032407 01  32.11603112  10.70869925
2441975.68431713 01  32.11439291  10.70850897
2441975.68778935 01  32.11298350  10.70834650
2441975.69137731 01  32.11148684  10.70811466
2441976.76834491 01  31.73108006  10.63689915
2441976.76903935 01  31.73082460  10.63681103
2441976.77743056 01  31.72799864  10.63581688
2441976.78217593 01  31.72646647  10.63530608
2441976.79232639 01  31.72341321  10.63439405
2441976.79670139 01  31.72220950  10.63407680
2441976.80167824 01  31.72079918  10.63376376
2441976.80642361 01  31.71955985  10.63348274
2441976.80706019 01  31.71940239  10.63346744
2441977.72430556 01  31.40253856  10.58227207
2441977.72777778 01  31.40133337  10.58180376
2441977.73055556 01  31.40037965  10.58147957
2441977.73101852 01  31.40019441  10.58142255
2441977.73443287 01  31.39908986  10.58102958
2441977.73506944 01  31.39888398  10.58097852
2441977.73807870 01  31.39790546  10.58065354
2441977.73871528 01  31.39775934  10.58060985
2441977.74340278 01  31.39624476  10.58012743
2441977.74403935 01  31.39607651  10.58009298
2441977.75167824 01  31.39382966  10.57945688
2441977.75231481 01  31.39364196  10.57940525
2441977.75464120 01  31.39299245  10.57923216
2441977.75532407 01  31.39282690  10.57919995
2441977.75798611 01  31.39209125  10.57903221
2441977.75862268 01  31.39191900  10.57899326
2441977.76093750 01  31.39134185  10.57880847
2441977.76157407 01  31.39109259  10.57884371
2441977.76452546 01  31.39037582  10.57865729
2441977.76521991 01  31.39020270  10.57862645
2441978.68883102 01  31.07036946  10.52663582
2441978.68952546 01  31.07013672  10.52651985
2441978.69299769 01  31.06897756  10.52610261
2441978.69363426 01  31.06881459  10.52608090
2441978.69728009 01  31.06766223  10.52568217
2441978.69791667 01  31.06745857  10.52565867
2441978.70222222 01  31.06615863  10.52528156
2441978.70825231 01  31.06441094  10.52479387
2441978.70891204 01  31.06422834  10.52474958
2441978.71582176 01  31.06234026  10.52427596
2441978.71643519 01  31.06212202  10.52424561
2441978.72326389 01  31.06039544  10.52392266
2441978.72390046 01  31.06023176  10.52387605
2441978.72819444 01  31.05916827  10.52372445
2441978.72881944 01  31.05902263  10.52369582
2441978.73182870 01  31.05827816  10.52360347
2441978.73246528 01  31.05811595  10.52362262
2441978.73651620 01  31.05717179  10.52352510
2441978.73715278 01  31.05700870  10.52349414
2441978.74068287 01  31.05620702  10.52346231
2441978.74131944 01  31.05607442  10.52348947
2441978.74369213 01  31.05554033  10.52346221
2441979.78304398 01  30.70668126  10.47210611
2441979.78368056 01  30.70648988  10.47211855
2441979.78663194 01  30.70561115  10.47221485
2441979.78726852 01  30.70540296  10.47222704
2441979.79062500 01  30.70436857  10.47232776
2441979.79126157 01  30.70417128  10.47234438
2441979.79565972 01  30.70276304  10.47242929
2441979.79629630 01  30.70250659  10.47243319
2441983.64542824 01  29.39550591  10.26227124
2441983.65133102 01  29.39322023  10.26211751
2442752.73119213 01  86.56119382  25.83634125
2442752.73206019 01  86.56081476  25.83635597
2442752.73292824 01  86.56044697  25.83639430
2442752.73613426 01  86.55910429  25.83647883
2442752.73674769 01  86.55884220  25.83648241
2442752.73755787 01  86.55846593  25.83653891
2442752.74045139 01  86.55732340  25.83660826
2442752.74120370 01  86.55697510  25.83664779
2442752.74189815 01  86.55670954  25.83669527
2442752.74479167 01  86.55553703  25.83679041
2442752.74554398 01  86.55522036  25.83683004
2442752.74623843 01  86.55497894  25.83687618
2442752.75052083 01  86.55328683  25.83705495
2442752.75387731 01  86.55199545  25.83720708
2442752.75462963 01  86.55173052  25.83725438
2442752.75526620 01  86.55148188  25.83726075
2442752.75792824 01  86.55050305  25.83742658
2442752.75868056 01  86.55021576  25.83749173
2442752.75937500 01  86.54995228  25.83750713
2442752.76267361 01  86.54874524  25.83768443
2442752.76342593 01  86.54849429  25.83774423
2442752.76400463 01  86.54827649  25.83778932
2442752.76712963 01  86.54718016  25.83801789
2442752.76788194 01  86.54690954  25.83802529
2442752.76851852 01  86.54671137  25.83807414
2442752.77106481 01  86.54579300  25.83825981
2442752.77175926 01  86.54560215  25.83827312
2442752.77239583 01  86.54536875  25.83833621
2442752.77604167 01  86.54411939  25.83859356
2442752.77673611 01  86.54388924  25.83864485
2442752.77731481 01  86.54376860  25.83866463
2442758.63756944 01  84.05045528  26.00779371
2442758.63848380 01  84.05003784  26.00782946
2442758.63935185 01  84.04964586  26.00783904
2442758.64322917 01  84.04793161  26.00793099
2442758.64496528 01  84.04712840  26.00794167
2442758.64803241 01  84.04571306  26.00800923
2442758.64895833 01  84.04529687  26.00798424
2442758.64971065 01  84.04494432  26.00800455
2442758.65827546 01  84.04089343  26.00803723
2442758.65891204 01  84.04053774  26.00802972
2442758.66585648 01  84.03710645  26.00796321
2442758.67089120 01  84.03455703  26.00790330
2442758.67251157 01  84.03375853  26.00788615
2442758.76637731 01  83.98305323  26.00470106
2442758.77581019 01  83.97840635  26.00461783
2442758.77800926 01  83.97738805  26.00460815
2442758.77976852 01  83.97655387  26.00457285
2442758.78084491 01  83.97604526  26.00459040
2442758.78344907 01  83.97482488  26.00458050
2442758.78437500 01  83.97435728  26.00457961
2442758.78593750 01  83.97364092  26.00457739
2442758.78883102 01  83.97235410  26.00461994
2442758.78969907 01  83.97195608  26.00462108
2442758.79646991 01  83.96897599  26.00472804
2442758.79878472 01  83.96793091  26.00473135
2442758.80057870 01  83.96719020  26.00479583
2442758.80162037 01  83.96681723  26.00478122
2442758.80434028 01  83.96557736  26.00486080
2442758.80503472 01  83.96532127  26.00487140
2442758.80695602 01  83.96452492  26.00494723
2442758.82135417 01  83.95883645  26.00550237
2442758.82245370 01  83.95842694  26.00554814
2442758.82355324 01  83.95802614  26.00560879
2442770.73402778 01  78.96620176  26.08427532
2442770.73478009 01  78.96594498  26.08430183
2442770.74012731 01  78.96407443  26.08441165
2442770.74068287 01  78.96387053  26.08442695
2442770.74143519 01  78.96357761  26.08442580
2442770.74398148 01  78.96266683  26.08446647
2442770.74467593 01  78.96242274  26.08447692
2442770.74542824 01  78.96211668  26.08447042
2442770.74861111 01  78.96093813  26.08451593
2442770.74924769 01  78.96071852  26.08449565
2442770.75000000 01  78.96041299  26.08451162
2442770.75460648 01  78.95863269  26.08452771
2442770.75526620 01  78.95837872  26.08451023
2442770.75601852 01  78.95808870  26.08452002
2442770.76087963 01  78.95613060  26.08448495
2442770.76151620 01  78.95588412  26.08449295
2442770.76591435 01  78.95406462  26.08441701
2442770.76660880 01  78.95377514  26.08441531
2442770.77025463 01  78.95223256  26.08434854
2442770.77094907 01  78.95195086  26.08433231
2443527.71865741 01 126.41883387  23.74133179
2443531.68188657 01 124.75710010  24.15013487
2443531.68333333 01 124.75656711  24.15025790
2443531.68813657 01 124.75477627  24.15064097
2443531.68906250 01 124.75443598  24.15072599
2443531.69739583 01 124.75117694  24.15137604
2443531.69855324 01 124.75072604  24.15147718
2443531.70162037 01 124.74949399  24.15170756
2443531.70653935 01 124.74745375  24.15207207
2443531.71273148 01 124.74480578  24.15250250
2443531.71377315 01 124.74435788  24.15260657
2443531.71504630 01 124.74379221  24.15268733
2443531.72042824 01 124.74139075  24.15304402
2443531.72158565 01 124.74086672  24.15313076
2443542.69901620 01 120.31800650  24.99738820
2443542.69994213 01 120.31766322  24.99742155
2443542.70092593 01 120.31727271  24.99750465
2443542.70405093 01 120.31613455  24.99775816
2443542.70532407 01 120.31563928  24.99784505
2443542.70711806 01 120.31494144  24.99794713
2443542.71996528 01 120.31043644  24.99895360
2443542.72060185 01 120.31019831  24.99902361
2443542.72175926 01 120.30984466  24.99910522
2443542.72633102 01 120.30833231  24.99947567
2443542.72737268 01 120.30796607  24.99957325
2443542.72986111 01 120.30717434  24.99976161
2444288.70523148 01 161.72962276  12.47969141
2444317.68252315 01 151.76990607  15.63014004
2444317.68315972 01 151.76973662  15.63017718
2444317.68802083 01 151.76862762  15.63057128
2444317.68900463 01 151.76838871  15.63064283
2444317.69079861 01 151.76796742  15.63079308
2444317.69398148 01 151.76726529  15.63104048
2444317.69456019 01 151.76715780  15.63108197
2444317.69554398 01 151.76692666  15.63116767
2444317.70405093 01 151.76517073  15.63178707
2444317.70468750 01 151.76503487  15.63182995
2444317.70598380 01 151.76480445  15.63193679
2444317.71006944 01 151.76401660  15.63222669
2444317.71134259 01 151.76377544  15.63231822
2444317.71252315 01 151.76359175  15.63246336
2445831.76469907 01 228.63853022 -18.15894337
2445831.76579861 01 228.63814020 -18.15896048
2445831.76828704 01 228.63725149 -18.15895068
2445831.76956019 01 228.63681313 -18.15895590
2445831.77060185 01 228.63643135 -18.15898220
2445831.77395833 01 228.63520877 -18.15898744
2445831.77511574 01 228.63474585 -18.15894780
2445831.77638889 01 228.63430532 -18.15894774
2445831.78200231 01 228.63216229 -18.15887775
2445831.78315972 01 228.63168867 -18.15883991
2445831.78431713 01 228.63125229 -18.15885666
2445846.62696759 01 223.22604442 -17.39648475
2445846.62789352 01 223.22583979 -17.39641739
2446616.79809028 01 291.68918993 -27.26040971
2446616.79924769 01 291.68873974 -27.26045314
2446616.80046296 01 291.68822803 -27.26059133
2446616.80370370 01 291.68691577 -27.26083238
2446616.80439815 01 291.68666695 -27.26093292
2446616.80572917 01 291.68618140 -27.26102131
2446624.77677083 01 289.19419737 -27.94746002
2446624.77883102 01 289.19331373 -27.94758133
2446624.77953704 01 289.19300313 -27.94762398
2446627.70405093 01 288.26490883 -28.15247113
2446627.70526620 01 288.26469468 -28.15261764
2446627.70648148 01 288.26444286 -28.15271845
2446635.64380787 01 285.93574871 -28.54335708
2446635.64496528 01 285.93545259 -28.54338297
2446635.64618056 01 285.93511355 -28.54342285
2446635.66840278 01 285.93030036 -28.54471047
2446635.66996528 01 285.93002141 -28.54481172
2446635.67118056 01 285.92980311 -28.54489293
2447416.71481481 01  10.96827264  -0.94674205
2447416.71568287 01  10.96811028  -0.94685313
2447416.71701389 01  10.96778729  -0.94702572
2447416.73478009 01  10.96433404  -0.94928497
2447416.73564815 01  10.96419578  -0.94938091
2447416.74583333 01  10.96265441  -0.95038509
2447416.74843750 01  10.96229434  -0.95061878
2447423.74762731 01   9.27384600  -1.44193487
2447423.74909722 01   9.27352876  -1.44213644
2447423.75034722 01   9.27326094  -1.44225920
2447423.75491898 01   9.27225933  -1.44280159
2447423.75613426 01   9.27202085  -1.44291987
2447423.75740741 01   9.27173332  -1.44305422
2447423.77575231 01   9.26845288  -1.44465303
2447423.77638889 01   9.26838249  -1.44471900
2447423.77696759 01   9.26829035  -1.44474512
2447423.78408565 01   9.26724796  -1.44517665
2447423.78466435 01   9.26716075  -1.44520968
2447431.68246528 01   7.01800986  -1.99087220
2447431.68292824 01   7.01785054  -1.99094123
2447431.68344907 01   7.01768397  -1.99106180
2447431.71296296 01   7.00828396  -1.99528799
2447431.71377315 01   7.00808038  -1.99539064
2447431.72326389 01   7.00566014  -1.99650371
2447431.72442130 01   7.00536912  -1.99660121
2447431.73640046 01   7.00271392  -1.99773614
2447431.73680556 01   7.00264990  -1.99776489
2447431.73767361 01   7.00245916  -1.99784100
2447432.65763889 01   6.73110795  -2.05400376
2447432.65815972 01   6.73096953  -2.05408053
2447432.65902778 01   6.73069790  -2.05421376
2447432.69380787 01   6.72193025  -2.05806029
2447432.69427083 01   6.72184948  -2.05807806
2447432.69502315 01   6.72167332  -2.05816505
2447432.79178241 01   6.70660099  -2.05804806
2447432.79265046 01   6.70642702  -2.05807528
2447432.80150463 01   6.70451838  -2.05774756
2447432.80196759 01   6.70441837  -2.05769561
2447432.80254630 01   6.70427507  -2.05768566
2447433.74675926 01   6.42673215  -2.11617034
2447433.74797454 01   6.42649166  -2.11611312
2447433.74872685 01   6.42631662  -2.11607597
2447433.75225694 01   6.42560694  -2.11594172
2447433.75835648 01   6.42426707  -2.11567466
2447433.75879630 01   6.42414276  -2.11567927
2447433.76736111 01   6.42204352  -2.11540639
2447433.76822917 01   6.42184202  -2.11537252
2447433.77395833 01   6.42030062  -2.11523842
2447436.68396991 01   5.57529578  -2.27501672
2447436.68437500 01   5.57513275  -2.27503078
2447436.68506944 01   5.57484392  -2.27506847
2448216.74618056 01  65.98907748  22.76953262
2448216.74820602 01  65.98835700  22.76963470
2448216.75609954 01  65.98538758  22.76985713
2448216.75729167 01  65.98490334  22.76986696
2448216.75827546 01  65.98451672  22.76989038
2448216.76545139 01  65.98164562  22.77000547
2448216.76655093 01  65.98120213  22.77000287
2448216.76747685 01  65.98081002  22.77001761
2448217.70046296 01  65.59915777  22.75792871
2448217.70150463 01  65.59879222  22.75794852
2448217.70243056 01  65.59843559  22.75797226
2448217.71157407 01  65.59500318  22.75826740
2448217.71261574 01  65.59458010  22.75828992
2448217.71365741 01  65.59420731  22.75831016
2448217.72298611 01  65.59041967  22.75843549
2448217.72384259 01  65.59007193  22.75843342
2448217.73194444 01  65.58660488  22.75845546
2448217.73304398 01  65.58612414  22.75841973
2448217.73396991 01  65.58573867  22.75843997
2448217.74201389 01  65.58207517  22.75831701
2448217.74311343 01  65.58159017  22.75829544
2448217.74398148 01  65.58117841  22.75827752
2448217.75543981 01  65.57572845  22.75788095
2448217.75636574 01  65.57525241  22.75784989
2448221.72256944 01  63.92840474  22.68271999
2448221.72343750 01  63.92806042  22.68268756
2448221.72447917 01  63.92768283  22.68268615
2448222.65561343 01  63.54397389  22.66328272
2448222.65671296 01  63.54351082  22.66321820
2448222.65769676 01  63.54308836  22.66314905
2448234.62517361 01  59.02637162  22.33285307
2448234.62598380 01  59.02610249  22.33286542
2448236.69421296 01  58.35985959  22.26257345
2448236.69508102 01  58.35960431  22.26254014
2448236.69612268 01  58.35934066  22.26249211
2448236.70706019 01  58.35625219  22.26201790
2448236.70798611 01  58.35601160  22.26197293
2448236.71562500 01  58.35405198  22.26174107
2448236.71672454 01  58.35377429  22.26170052
2448236.71776620 01  58.35350589  22.26168601
2448236.72146991 01  58.35261469  22.26163465
2448236.72239583 01  58.35240095  22.26162830
2448236.72465278 01  58.35190079  22.26158468
2448236.72528935 01  58.35172442  22.26157306
2448236.72627315 01  58.35147693  22.26154782
2449762.74120370 01 146.01695597  18.42641341
2449762.74241898 01 146.01646898  18.42662360
2449762.74346065 01 146.01604581  18.42678760
2449762.75266204 01 146.01238779  18.42822525
2449762.75370370 01 146.01200249  18.42839791
2449762.75503472 01 146.01146235  18.42858111
2449762.76423611 01 146.00806354  18.43000011
2449762.76545139 01 146.00762983  18.43021492
2449762.76736111 01 146.00691146  18.43047866
2449767.68362269 01 144.09407375  19.00636928
2449767.68501157 01 144.09357270  19.00650347
2449767.68611111 01 144.09315887  19.00657002
2449767.69699074 01 144.08896702  19.00742302
2449767.69803241 01 144.08855062  19.00746993
2449767.69915509 01 144.08813471  19.00757935
2450528.66049768 01 177.12969135   5.17678185
2450528.66180556 01 177.12915644   5.17693598
2450528.66273148 01 177.12873640   5.17703173
2450528.67042824 01 177.12549403   5.17792374
2450528.67146991 01 177.12504228   5.17807108
2441170.67621528 02 322.92358337 -21.83259932
2441170.69184028 02 322.91907400 -21.83373892
2441170.69843750 02 322.91712148 -21.83424197
2441170.70306713 02 322.91573553 -21.83457772
2441170.70370370 02 322.91550611 -21.83462814
2441176.73090278 02 321.29886601 -22.37473596
2441176.73159722 02 321.29872924 -22.37477757
2441176.73414352 02 321.29832501 -22.37491022
2441176.73472222 02 321.29823935 -22.37495001
2441176.73726852 02 321.29783050 -22.37509093
2441176.73813657 02 321.29769213 -22.37514504
2441176.74079861 02 321.29725935 -22.37530879
2441176.74149306 02 321.29715241 -22.37533144
2441176.74519676 02 321.29654518 -22.37553389
2441176.74809028 02 321.29608432 -22.37566682
2441176.74884259 02 321.29593744 -22.37571750
2441176.75193287 02 321.29542537 -22.37590845
2441176.75260417 02 321.29531150 -22.37595956
2441176.75642361 02 321.29467841 -22.37614881
2441176.75962963 02 321.29413546 -22.37631314
2441176.76024306 02 321.29404420 -22.37636585
2441176.76435185 02 321.29333478 -22.37657993
2441176.76776620 02 321.29274282 -22.37677461
2441176.76857639 02 321.29259861 -22.37682022
2441188.65700231 02 318.31227125 -22.95843692
2441188.65763889 02 318.31205261 -22.95846002
2441188.66018519 02 318.31123455 -22.95854902
2441188.66076389 02 318.31103781 -22.95852567
2441188.66377315 02 318.31006010 -22.95864156
2441188.66574074 02 318.30937532 -22.95870250
2441188.66921296 02 318.30826695 -22.95885571
2441188.67152778 02 318.30751209 -22.95887413
2441188.67390046 02 318.30670763 -22.95893917
2441188.67667824 02 318.30582506 -22.95898181
2441188.67719907 02 318.30562104 -22.95904877
2441188.68032407 02 318.30457667 -22.95916007
2441199.65659722 02 316.71648233 -22.82436466
2441199.65729167 02 316.71639624 -22.82430236
2441199.65995370 02 316.71618881 -22.82412556
2441199.66053241 02 316.71613774 -22.82408976
2441199.66440972 02 316.71581328 -22.82383649
2441199.66516204 02 316.71573246 -22.82380088
2441199.66921296 02 316.71539249 -22.82353350
2441199.66979167 02 316.71532179 -22.82349806
2441199.67361111 02 316.71499421 -22.82325609
2441199.67841435 02 316.71451556 -22.82294110
2441199.68188657 02 316.71416262 -22.82269276
2441199.68865741 02 316.71353774 -22.82225950
2441199.69664352 02 316.71271193 -22.82175540
2441199.69739583 02 316.71263562 -22.82172237
2441199.70578704 02 316.71173396 -22.82115788
2441199.70648148 02 316.71165263 -22.82110940
2441975.66093750 02  32.09934079  10.69405955
2441975.66163194 02  32.09909827  10.69400465
2441975.66442130 02  32.09812994  10.69373368
2441975.66504630 02  32.09790990  10.69369759
2441975.66875000 02  32.09662798  10.69334491
2441975.66944444 02  32.09639685  10.69326089
2441975.67268518 02  32.09526162  10.69295226
2441975.67627315 02  32.09402701  10.69263283
2441975.67696759 02  32.09381088  10.69257478
2441975.67986111 02  32.09282004  10.69230193
2441975.68032407 02  32.09265695  10.69227860
2441975.68431713 02  32.09130639  10.69192000
2441975.68778935 02  32.09013083  10.69159519
2441975.69068287 02  32.08913708  10.69135210
2441975.69137731 02  32.08894935  10.69127574
2441976.76834491 02  31.72642910  10.63917655
2441976.76903935 02  31.72613621  10.63908066
2441976.77743056 02  31.72273381  10.63806414
2441976.78217593 02  31.72082576  10.63750644
2441976.79232639 02  31.71672550  10.63628000
2441976.79670139 02  31.71497499  10.63579154
2441976.80167824 02  31.71297036  10.63521302
2441976.80642361 02  31.71111985  10.63461607
2441976.80706019 02  31.71085384  10.63456606
2441977.72430556 02  31.42159731  10.59906240
2441977.72777778 02  31.42019205  10.59882556
2441977.73055556 02  31.41905464  10.59863297
2441977.73101852 02  31.41886242  10.59857676
2441977.73443287 02  31.41748411  10.59835047
2441977.73506944 02  31.41721354  10.59829170
2441977.73807870 02  31.41599978  10.59806530
2441977.73871528 02  31.41574699  10.59800826
2441977.74340278 02  31.41384103  10.59766454
2441977.74403935 02  31.41356528  10.59762918
2441977.75167824 02  31.41042001  10.59702559
2441977.75231481 02  31.41014691  10.59700812
2441977.75464120 02  31.40921050  10.59680118
2441977.75532407 02  31.40891642  10.59674091
2441977.75798611 02  31.40782873  10.59653761
2441977.75862268 02  31.40756462  10.59648864
2441977.76093750 02  31.40659092  10.59628050
2441977.76157407 02  31.40633868  10.59624480
2441977.76452546 02  31.40517287  10.59597786
2441977.76521991 02  31.40482676  10.59593931
2441978.68883102 02  31.09008435  10.53505489
2441978.68952546 02  31.08987517  10.53505830
2441978.69299769 02  31.08889594  10.53507460
2441978.69363426 02  31.08871959  10.53508141
2441978.69728009 02  31.08765277  10.53508938
2441978.69791667 02  31.08745190  10.53509008
2441978.70222222 02  31.08619534  10.53506804
2441978.70283565 02  31.08601197  10.53509776
2441978.70825231 02  31.08443357  10.53512010
2441978.70891204 02  31.08422338  10.53512172
2441978.71582176 02  31.08217044  10.53513989
2441978.71643519 02  31.08200110  10.53512205
2441978.72326389 02  31.07997481  10.53515120
2441978.72390046 02  31.07977017  10.53515064
2441978.72819444 02  31.07847406  10.53513726
2441978.72881944 02  31.07828149  10.53515199
2441978.73182870 02  31.07735396  10.53512895
2441978.73246528 02  31.07716872  10.53515596
2441978.73651620 02  31.07593333  10.53512187
2441978.73715278 02  31.07573816  10.53511340
2441978.74068287 02  31.07464623  10.53512331
2441978.74131944 02  31.07448427  10.53512270
2441978.74369213 02  31.07372540  10.53511232
2441979.78304398 02  30.70095311  10.46257241
2441979.78368056 02  30.70077473  10.46256025
2441979.78663194 02  30.70001720  10.46256580
2441979.78726852 02  30.69984310  10.46255731
2441979.79062500 02  30.69899675  10.46256253
2441979.79126157 02  30.69882376  10.46256049
2441979.79565972 02  30.69769673  10.46254147
2441979.79629630 02  30.69751981  10.46255563
2441983.64542824 02  29.39639291  10.25506999
2441983.65133102 02  29.39488055  10.25513329
2442752.73206019 02  86.57563883  25.84293882
2442752.73292824 02  86.57536343  25.84299689
2442752.73613426 02  86.57425376  25.84319431
2442752.73674769 02  86.57402033  25.84323498
2442752.74045139 02  86.57276189  25.84348098
2442752.74120370 02  86.57249632  25.84349800
2442752.74189815 02  86.57221959  25.84355062
2442752.74479167 02  86.57122093  25.84373396
2442752.74554398 02  86.57095230  25.84379584
2442752.74623843 02  86.57069086  25.84384084
2442752.75387731 02  86.56802888  25.84430557
2442752.75462963 02  86.56778788  25.84436396
2442752.75526620 02  86.56755392  25.84438955
2442752.75792824 02  86.56662213  25.84455028
2442752.75868056 02  86.56634758  25.84460681
2442752.75937500 02  86.56610865  25.84464530
2442752.76267361 02  86.56493330  25.84482614
2442752.76342593 02  86.56467995  25.84488239
2442752.76400463 02  86.56445949  25.84492830
2442752.77106481 02  86.56197024  25.84536608
2442752.77175926 02  86.56172742  25.84541236
2442752.77239583 02  86.56147737  25.84543950
2442752.77604167 02  86.56018779  25.84564875
2442752.77673611 02  86.55995747  25.84569855
2442752.77731481 02  86.55970671  25.84572132
2442752.78344907 02  86.55752194  25.84607026
2442752.78414352 02  86.55726733  25.84613242
2442752.78466435 02  86.55709712  25.84616348
2442752.78819444 02  86.55581060  25.84635679
2442752.78929398 02  86.55540837  25.84641193
2442752.79011574 02  86.55513934  25.84646219
2442758.63756944 02  84.02881479  25.99758406
2442758.63848380 02  84.02845965  25.99762007
2442758.63935185 02  84.02808177  25.99761840
2442758.64322917 02  84.02644880  25.99773703
2442758.64496528 02  84.02572814  25.99777650
2442758.64803241 02  84.02442339  25.99785115
2442758.64895833 02  84.02403155  25.99787085
2442758.64971065 02  84.02371978  25.99788666
2442758.65827546 02  84.02014027  25.99812466
2442758.65891204 02  84.01990090  25.99813706
2442758.65983796 02  84.01949803  25.99816049
2442758.66585648 02  84.01700794  25.99832289
2442758.66649306 02  84.01674405  25.99835408
2442758.66724537 02  84.01645592  25.99835418
2442758.67089120 02  84.01494154  25.99846061
2442758.67158565 02  84.01466981  25.99850988
2442758.67251157 02  84.01427413  25.99853241
2442758.67494213 02  84.01328383  25.99858933
2442758.67581019 02  84.01293806  25.99862821
2442758.67690972 02  84.01249813  25.99864514
2442758.75931713 02  83.98002173  26.00167873
2442758.76226852 02  83.97888979  26.00181773
2442758.76637731 02  83.97733647  26.00198306
2442758.77581019 02  83.97375328  26.00239840
2442758.77800926 02  83.97293405  26.00250239
2442758.77976852 02  83.97229546  26.00258228
2442758.78084491 02  83.97189020  26.00262788
2442758.78344907 02  83.97087365  26.00273047
2442758.78437500 02  83.97056033  26.00279912
2442758.78593750 02  83.96998246  26.00286455
2442758.78883102 02  83.96886883  26.00300723
2442758.78969907 02  83.96856768  26.00303038
2442758.79646991 02  83.96603914  26.00336740
2442758.79878472 02  83.96515621  26.00347268
2442758.80057870 02  83.96451200  26.00354744
2442758.80162037 02  83.96416302  26.00354981
2442758.80434028 02  83.96313374  26.00371296
2442758.80503472 02  83.96286354  26.00376100
2442758.80695602 02  83.96215881  26.00385971
2442758.82135417 02  83.95685487  26.00457419
2442758.82245370 02  83.95644633  26.00463084
2442758.82355324 02  83.95602260  26.00469249
2442770.62071759 02  79.01902715  26.08948553
2442770.62181713 02  79.01857986  26.08947330
2442770.62285880 02  79.01817399  26.08945382
2442770.63466435 02  79.01341753  26.08938078
2442770.63564815 02  79.01302158  26.08936221
2442770.63663194 02  79.01261381  26.08932891
2442770.65156250 02  79.00650886  26.08918719
2442770.65237269 02  79.00618209  26.08915738
2442770.65335648 02  79.00576914  26.08913301
2442770.66163194 02  79.00236536  26.08901442
2442770.66250000 02  79.00198022  26.08902663
2442770.66342593 02  79.00160799  26.08900407
2442770.66793981 02  78.99973264  26.08893381
2442770.66967593 02  78.99902148  26.08889415
2442770.70533565 02  78.98395791  26.08819409
2442770.70613426 02  78.98361225  26.08820288
2442770.70700231 02  78.98324544  26.08815924
2442770.71539352 02  78.97962308  26.08797203
2442770.71603009 02  78.97936130  26.08795798
2442770.71678241 02  78.97906297  26.08795026
2442770.71969907 02  78.97779108  26.08786208
2442770.72031250 02  78.97753554  26.08784072
2442770.72106481 02  78.97718577  26.08784475
2442770.72494213 02  78.97551128  26.08774560
2442770.72557870 02  78.97523725  26.08770055
2442770.72621528 02  78.97495919  26.08769570
2442770.72879630 02  78.97390320  26.08762327
2442770.72945602 02  78.97355457  26.08760594
2442770.73020833 02  78.97323356  26.08758687
2442770.73402778 02  78.97157647  26.08750326
2442770.73478009 02  78.97122714  26.08747837
2442770.73559028 02  78.97089622  26.08745691
2442770.74012731 02  78.96888014  26.08733568
2442770.74068287 02  78.96867072  26.08729822
2442770.74143519 02  78.96831091  26.08727980
2442770.74398148 02  78.96723868  26.08720520
2442770.74467593 02  78.96691735  26.08720265
2442770.74542824 02  78.96660326  26.08717886
2442770.74861111 02  78.96519352  26.08709362
2442770.74924769 02  78.96491860  26.08707358
2442770.75000000 02  78.96457951  26.08704376
2442770.75460648 02  78.96254690  26.08691565
2442770.75526620 02  78.96227679  26.08688581
2442770.75601852 02  78.96192690  26.08685385
2442770.76087963 02  78.95978505  26.08670503
2442770.76151620 02  78.95950834  26.08669129
2442770.76591435 02  78.95755082  26.08655248
2442770.76660880 02  78.95724693  26.08653804
2442770.76741898 02  78.95687660  26.08651349
2442770.77025463 02  78.95563337  26.08641573
2442770.77094907 02  78.95533468  26.08638028
2442770.77175926 02  78.95497112  26.08638148
2443527.70341435 02 126.41967073  23.74119493
2443542.69901620 02 120.30926970  24.99662574
2443542.69994213 02 120.30895575  24.99667051
2443542.70092593 02 120.30857848  24.99673459
2443542.70405093 02 120.30746028  24.99695681
2443542.70532407 02 120.30700659  24.99702673
2443542.70711806 02 120.30634720  24.99717799
2443542.71996528 02 120.30170036  24.99803381
2443542.72060185 02 120.30148790  24.99806296
2443542.72175926 02 120.30106515  24.99812953
2443542.72633102 02 120.29945242  24.99842567
2443542.72737268 02 120.29906842  24.99848993
2443542.72986111 02 120.29819407  24.99865902
2443542.73483796 02 120.29642923  24.99902898
2443542.73582176 02 120.29607847  24.99904567
2443542.73692130 02 120.29571687  24.99914806
2443542.74288194 02 120.29360541  24.99953367
2443542.74375000 02 120.29329328  24.99960733
2443542.74496528 02 120.29290500  24.99965873
2444288.70523148 02 161.72731206  12.47513897
2444288.70682870 02 161.72664522  12.47541617
2444288.71258102 02 161.72423738  12.47638561
2444288.71396991 02 161.72366696  12.47662855
2444288.81379630 02 161.68304141  12.49383414
2444288.81668981 02 161.68188753  12.49432937
2444314.68975694 02 152.55722137  15.46850818
2444314.69056713 02 152.55701712  15.46855465
2444314.69143519 02 152.55679181  15.46859841
2445831.68738426 02 228.65336410 -18.15801795
2445831.68825231 02 228.65299258 -18.15791609
2445831.68912037 02 228.65262767 -18.15782913
2445831.72233796 02 228.63831721 -18.15455103
2445831.72320602 02 228.63794750 -18.15446620
2445831.72401620 02 228.63761197 -18.15436458
2445831.76469907 02 228.62052916 -18.15050303
2445831.76579861 02 228.62006500 -18.15038776
2445831.76828704 02 228.61902773 -18.15015701
2445831.76956019 02 228.61849857 -18.15004935
2445831.77060185 02 228.61808917 -18.14994989
2445831.77395833 02 228.61670670 -18.14961602
2445831.77511574 02 228.61618881 -18.14950006
2445831.77638889 02 228.61570409 -18.14940928
2445831.78200231 02 228.61340551 -18.14887585
2445831.78431713 02 228.61245299 -18.14866096
2445833.72505787 02 227.90474400 -18.06645250
2445833.72638889 02 227.90427444 -18.06639863
2445833.72766204 02 227.90379038 -18.06640478
2445846.62696759 02 223.23474282 -17.40897429
2445846.62789352 02 223.23437402 -17.40889477
2445846.62899306 02 223.23394676 -17.40883625
2446616.79809028 02 291.71816219 -27.26713902
2446616.79924769 02 291.71778899 -27.26719670
2446616.80046296 02 291.71733890 -27.26730589
2446616.80370370 02 291.71623554 -27.26755131
2446616.80439815 02 291.71597458 -27.26757128
2446616.80572917 02 291.71551433 -27.26766732
2446624.77677083 02 289.18364158 -27.94428342
2446624.77883102 02 289.18278007 -27.94443903
2446624.77953704 02 289.18253640 -27.94449116
2446635.64380787 02 285.96907898 -28.55290667
2446635.64496528 02 285.96878790 -28.55294681
2446635.64618056 02 285.96841970 -28.55298065
2446635.66840278 02 285.96222863 -28.55354278
2446635.66996528 02 285.96176037 -28.55357303
2446635.67118056 02 285.96145149 -28.55359616
2447423.74762731 02   9.29989243  -1.42489545
2447423.74909722 02   9.29942852  -1.42496847
2447423.75034722 02   9.29902755  -1.42505700
2447423.75491898 02   9.29759742  -1.42531403
2447423.75613426 02   9.29719406  -1.42536214
2447423.75740741 02   9.29678401  -1.42544903
2447423.77575231 02   9.29081341  -1.42655547
2447423.77638889 02   9.29063021  -1.42661201
2447423.77696759 02   9.29043946  -1.42665649
2447423.78408565 02   9.28808654  -1.42711567
2447423.78466435 02   9.28788612  -1.42715564
2447431.68246528 02   7.01139801  -1.98871888
2447431.68292824 02   7.01120946  -1.98875983
2447431.68344907 02   7.01103172  -1.98882443
2447431.71296296 02   7.00032829  -1.99258328
2447431.71377315 02   7.00004016  -1.99268988
2447431.72326389 02   6.99669506  -1.99389784
2447431.72366898 02   6.99653249  -1.99394197
2447431.72442130 02   6.99627373  -1.99403223
2447431.73640046 02   6.99208166  -1.99554297
2447431.73680556 02   6.99194161  -1.99557822
2447431.73767361 02   6.99165015  -1.99570467
2447432.65763889 02   6.75210750  -2.03804807
2447432.65815972 02   6.75193370  -2.03808220
2447432.65902778 02   6.75162738  -2.03814817
2447432.69380787 02   6.73844170  -2.04072857
2447432.69427083 02   6.73826324  -2.04077436
2447432.69502315 02   6.73795758  -2.04082300
2447432.79178241 02   6.70005989  -2.04990647
2447432.79265046 02   6.69971188  -2.05002556
2447432.80150463 02   6.69623066  -2.05094878
2447432.80196759 02   6.69606457  -2.05099938
2447432.80254630 02   6.69581766  -2.05105334
2447433.73593750 02   6.44392476  -2.10751284
2447433.73651620 02   6.44377388  -2.10750652
2447433.73784722 02   6.44336296  -2.10753632
2447433.74675926 02   6.44075507  -2.10765751
2447433.74797454 02   6.44039149  -2.10771059
2447433.74872685 02   6.44016527  -2.10770582
2447433.75225694 02   6.43911847  -2.10774548
2447433.75835648 02   6.43727439  -2.10788372
2447433.75879630 02   6.43712905  -2.10788373
2447433.76736111 02   6.43452015  -2.10806594
2447433.76822917 02   6.43427103  -2.10809199
2447433.77395833 02   6.43250602  -2.10822013
2447436.68396991 02   5.55893122  -2.27671786
2447436.68437500 02   5.55876491  -2.27675365
2447436.68506944 02   5.55849422  -2.27682562
2448216.73668981 02  66.00236521  22.77650866
2448216.73761574 02  66.00198238  22.77649920
2448216.74618056 02  65.99833429  22.77645573
2448216.74820602 02  65.99745774  22.77642929
2448216.75609954 02  65.99406308  22.77638027
2448216.75729167 02  65.99357573  22.77636537
2448216.75827546 02  65.99313701  22.77634924
2448216.76545139 02  65.99001712  22.77626907
2448216.76655093 02  65.98952731  22.77625107
2448216.76747685 02  65.98912036  22.77625329
2448217.73194444 02  65.58745817  22.75561706
2448217.73304398 02  65.58708824  22.75566620
2448217.73396991 02  65.58676987  22.75569337
2448217.74201389 02  65.58400351  22.75600114
2448217.74311343 02  65.58364214  22.75602505
2448217.74398148 02  65.58332997  22.75606589
2448217.75543981 02  65.57942686  22.75650584
2448217.75636574 02  65.57908107  22.75650840
2448217.77083333 02  65.57408801  22.75704712
2448221.72256944 02  63.94965622  22.69602236
2448221.72343750 02  63.94931557  22.69604261
2448221.72447917 02  63.94887361  22.69604366
2448221.73240741 02  63.94562889  22.69603125
2448221.73333333 02  63.94525150  22.69603526
2448221.73431713 02  63.94482698  22.69603839
2448221.74149306 02  63.94189463  22.69600309
2448221.74289352 02  63.94128501  22.69600975
2448221.74392361 02  63.94084915  22.69598977
2448235.58790509 02  58.72399062  22.30828506
2448235.58883102 02  58.72372100  22.30830433
2448235.59004630 02  58.72331684  22.30827533
2448235.60549769 02  58.71841200  22.30815957
2448235.60642361 02  58.71812048  22.30814160
2448235.60746528 02  58.71780657  22.30813643
2448236.68402778 02  58.37764176  22.26888551
2448236.68501157 02  58.37739142  22.26891645
2448236.68587963 02  58.37717525  22.26893412
2448236.69421296 02  58.37508686  22.26906349
2448236.69508102 02  58.37486065  22.26908646
2448236.69612268 02  58.37460828  22.26910335
2448236.70549769 02  58.37221741  22.26925293
2448236.70706019 02  58.37181589  22.26928646
2448236.70798611 02  58.37158594  22.26929243
2448236.71562500 02  58.36962066  22.26940972
2448236.71672454 02  58.36933536  22.26945933
2448236.71776620 02  58.36906314  22.26945101
2448236.72055556 02  58.36834053  22.26949958
2448236.72146991 02  58.36809975  22.26952011
2448236.72239583 02  58.36787021  22.26953900
2448236.72465278 02  58.36730100  22.26956081
2448236.72528935 02  58.36712514  22.26958905
2448236.72627315 02  58.36685331  22.26957740
2448236.72905093 02  58.36614800  22.26963786
2448236.72968750 02  58.36596987  22.26965133
2448236.73067130 02  58.36569537  22.26965946
2449762.72962963 02 146.01431097  18.42371290
2449762.73229167 02 146.01317753  18.42408974
2449762.74120370 02 146.00941173  18.42539046
2449762.74241898 02 146.00889343  18.42557610
2449762.74346065 02 146.00845847  18.42572815
2449762.75266204 02 146.00462190  18.42707860
2449762.75370370 02 146.00417850  18.42721430
2449762.75503472 02 146.00362087  18.42742653
2449762.76423611 02 145.99981040  18.42877124
2449762.76545139 02 145.99930632  18.42894703
2449762.76736111 02 145.99852131  18.42921127
2449767.68362269 02 144.07967021  19.00383967
2449767.68611111 02 144.07860143  19.00414916
2449767.69699074 02 144.07383801  19.00549458
2449767.69803241 02 144.07339521  19.00563090
2449767.69915509 02 144.07290416  19.00576429
2449767.72563657 02 144.06152446  19.00907588
2449767.72685185 02 144.06100401  19.00922175
2449767.72771991 02 144.06062728  19.00931780
2450528.66049768 02 177.13694866   5.17304058
2450528.66180556 02 177.13641944   5.17320081
2450528.66273148 02 177.13605804   5.17330466
2450528.67042824 02 177.13301867   5.17418894
2450528.67146991 02 177.13260843   5.17433074
2450528.67239583 02 177.13225587   5.17441951
2450528.67962963 02 177.12937071   5.17525917
2450528.68078704 02 177.12892243   5.17539251
2450528.68159722 02 177.12857016   5.17549744
