2453143.857141800  01    87.2271    -3.0065   0.0200   0.0200  h0413_0002     5783.70     4873.53      732.04 1  
2453143.857173400  01    87.2925    -2.7708   0.0200   0.0200  h0413_0003     5780.93     4871.64      726.06 1  
2453143.857198500  01    87.2908    -2.5395   0.0200   0.0200  h0413_0004     5778.73     4870.13      721.31 1  
2453143.857230200  01    87.3506    -2.2850   0.0200   0.0200  h0413_0005     5775.95     4868.23      715.33 1  
2453210.027934900  01   221.9619   -40.6812   0.0200   0.0200  h0649_0002    -6496.82    -4703.80     1185.27 1  
2453210.027998100  01   221.8039   -41.1716   0.0200   0.0200  h0649_0003    -6501.12    -4707.70     1196.78 1  
2453219.274337200  01   203.2378   -35.3993   0.0600   0.0600  h0682_0001    -6980.29    -4913.60     1121.50 1  
2453219.274368700  01   202.9440   -35.5029   0.0300   0.0300  h0682_0002    -6982.42    -4915.47     1126.86 1  
2453219.274400300  01   202.8478   -35.7209   0.0300   0.0300  h0682_0003    -6984.56    -4917.33     1132.24 1  
2453228.521043700  01   178.1214   -25.5504   0.0200   0.0200  h0715_0002    -7506.36    -5137.19     1072.26 1  
2453228.521069000  01   177.9476   -25.7920   0.0300   0.0300  h0715_0003    -7508.02    -5138.60     1076.28 1  
2453228.521113100  01   177.8050   -26.2397   0.0400   0.0400  h0715_0005    -7510.91    -5141.05     1083.30 1  
2453237.767850700  01   150.5665   -10.0882   0.0600   0.0600  h0748_0003    -8079.52    -5376.32     1048.80 1  
2453237.767869700  01   150.3960   -10.2352   0.0300   0.0300  h0748_0004    -8080.69    -5377.29     1051.61 1  
2453237.767894800  01   150.2351   -10.4536   0.0300   0.0300  h0748_0005    -8082.24    -5378.57     1055.34 1  
2453326.098392800  01   128.1568   -32.3503   0.0500   0.0500  h1064_0004    -9463.00    -5004.76     4531.66 1  
2453326.098506300  01   128.1798   -32.6663   0.0100   0.0100  h1064_0005    -9452.08    -4999.96     4541.00 1  
2453326.098619800  01   128.2142   -32.9839   0.0100   0.0100  h1064_0006    -9441.14    -4995.14     4550.33 1  
2453353.836908400  01   151.7630   -24.8287   0.0100   0.0100  h1163_0002    -8281.51    -3959.35     3487.78 1  
2453353.836958900  01   151.8753   -25.0101   0.0100   0.0100  h1163_0003    -8275.09    -3956.78     3492.63 1  
2453353.837015600  01   151.9916   -25.2078   0.0100   0.0100  h1163_0004    -8267.89    -3953.88     3498.08 1  
2453464.493165300  01   230.2318    14.9733   0.0100   0.0100  h1558_0005    -5729.63    -1581.61     -710.17 1  
2453464.493247300  01   230.2428    14.5478   0.0300   0.0300  h1558_0006    -5720.98    -1580.38     -690.36 1  
2453468.972610600  01   274.4145    -0.6930   0.0100   0.0100  h1574_0005    -5892.27    -1536.35    -1558.23 1  
2453478.218975500  01   267.0145    -0.3927   0.0100   0.0100  h1607_0005    -5549.51    -1376.33    -1432.16 1  
2453478.219070100  01   266.9891    -0.8145   0.0100   0.0100  h1607_0006    -5542.42    -1375.95    -1407.91 1  
2453300.837533700  02   222.7077    -9.4856   0.0040   0.0040  h0973_0001   -11710.76    -6457.10     1897.17 1  
2453300.837666100  02   222.7234    -9.5893   0.0040   0.0040  h0973_0002   -11709.39    -6457.27     1910.44 1  
2453300.837798700  02   222.7409    -9.6938   0.0040   0.0040  h0973_0003   -11707.99    -6457.42     1923.71 1  
2453300.837937400  02   222.7597    -9.8028   0.0040   0.0040  h0973_0004   -11706.50    -6457.56     1937.59 1  
2453310.927174600  02   219.9086    -4.9287   0.0040   0.0040  h1010_0001   -11838.80    -6294.83     1571.81 1  
2453310.927307200  02   219.9270    -5.0325   0.0040   0.0040  h1010_0002   -11836.34    -6294.43     1584.94 1  
2453310.927439600  02   219.9475    -5.1364   0.0040   0.0040  h1010_0003   -11833.85    -6294.01     1598.05 1  
2453310.927578300  02   219.9705    -5.2441   0.0040   0.0040  h1010_0004   -11831.21    -6293.56     1611.78 1  
2453370.315009800  02   265.8960    -8.6569   0.0040   0.0040  h1222_0003   -11273.47    -4582.99    -3152.60 1  
2453370.315356800  02   265.9535    -8.9190   0.0040   0.0040  h1222_0004   -11267.48    -4583.04    -3112.43 1  
2453326.098506300  01   128.1826   -32.6734   0.0064   0.0064  h1064_0005    -1389.54   -11518.08      604.17 2 
2453326.098619800  01   128.2033   -32.9930   0.0063   0.0063  h1064_0006    -1380.85   -11511.19      614.51 2 
2453353.836908400  01   151.7854   -24.8395   0.0075   0.0075  h1163_0002    -1684.92    -9666.01      392.20 2 
2453353.836958900  01   151.8719   -25.0207   0.0075   0.0075  h1163_0003    -1679.96    -9661.85      397.62 2 
2453353.837015600  01   151.9777   -25.2221   0.0080   0.0080  h1163_0004    -1674.38    -9657.18      403.71 2 
2453630.475245600  01   311.6387    28.3537   0.0075   0.0075  h2151_0005     4633.25     9039.98    -2289.90 2 
2453694.879395800  01   332.2536   -32.9532   0.0085   0.0085  h2381_0005     5460.89     5823.45     -229.62 2 
2453694.879452600  01   332.4769   -32.7575   0.0085   0.0085  h2381_0006     5451.58     5822.67     -236.76 2 
2453699.360378400  01    30.3705     3.1852   0.0149   0.0149  h2397_0002     5108.99     5581.51     -394.06 2 
2453699.360416200  01    30.4577     3.4450   0.0181   0.0181  h2397_0003     5102.42     5580.85     -398.96 2 
2453713.072225800  01    47.7121   -20.3372   0.0141   0.0141  h2446_0004     5591.37     4984.11      296.98 2 
2453713.072269900  01    47.7349   -19.9900   0.0140   0.0140  h2446_0005     5584.02     4984.50      290.69 2 
2453717.835314200  01   341.4132   -33.1388   0.0080   0.0080  h2463_0004     4781.02     4797.31     -265.48 2 
2453717.835371000  01   341.5824   -32.9379   0.0067   0.0067  h2463_0005     4770.31     4797.01     -273.82 2 
2453724.552161500  01    43.1437   -12.9479   0.0108   0.0108  h2487_0003     5064.07     4532.23       98.60 2 
2453724.552193100  01    43.1533   -12.7515   0.0108   0.0108  h2487_0004     5058.33     4532.57       93.74 2 
2453724.552224600  01    43.1625   -12.5557   0.0108   0.0108  h2487_0005     5052.59     4532.90       88.89 2 
2453724.552249800  01    43.1726   -12.4001   0.0108   0.0108  h2487_0006     5047.99     4533.16       85.01 2 
2453756.463694600  01   104.9109     0.8364   0.0055   0.0055  h2601_0005     5889.16     2962.30     1718.90 2 
2453756.463770300  01   104.9246     1.0678   0.0055   0.0055  h2601_0006     5878.62     2968.26     1705.54 2 
2453756.463836900  01   104.9255     1.2810   0.0055   0.0055  h2601_0007     5869.33     2973.49     1693.78 2 
2453768.226645500  01    30.9473   -53.2045   0.0063   0.0063  h2643_0004     5561.58     2618.30     1651.18 2 
2453768.226714900  01    30.9485   -52.9884   0.0061   0.0061  h2643_0005     5551.86     2624.64     1638.13 2 
2453768.226778000  01    30.9285   -52.7910   0.0060   0.0060  h2643_0006     5542.99     2630.39     1626.26 2 
2453776.694688300  01   179.5424   -31.2877   0.0258   0.0258  h2673_0004    -5357.80    -6051.72     1834.89 2 
2453776.694732400  01   179.5108   -31.5924   0.0135   0.0135  h2673_0005    -5356.70    -6057.67     1841.30 2 
2453795.183829500  01   143.1118    -0.6978   0.0160   0.0160  h2739_0004    -6359.91    -6183.40     1568.57 2 
2453795.183880000  01   143.0555    -1.0775   0.0178   0.0178  h2739_0005    -6359.47    -6189.89     1575.18 2 
2453799.962217200  01   117.7762   -18.1318   0.0074   0.0074  h2756_0004    -6269.39    -7899.35     3395.07 2 
2453799.962292900  01   117.7872   -18.3630   0.0071   0.0071  h2756_0005    -6266.48    -7906.19     3403.78 2 
2453813.679909100  01   103.0178    -9.7458   0.0147   0.0147  h2805_0022    -7415.84    -6925.51     1940.36 2 
2453813.679953300  01   102.9667   -10.0344   0.0147   0.0147  h2805_0023    -7415.38    -6930.25     1945.40 2 
2453813.679997400  01   102.8938   -10.3184   0.0148   0.0148  h2805_0024    -7414.92    -6934.99     1950.44 2 
2453815.915932700  01    91.1273    -5.8746   0.0344   0.0344  h2813_0004    -7574.96    -6345.23     1300.81 2 
2453815.915957900  01    90.9983    -6.2668   0.0344   0.0344  h2813_0005    -7575.03    -6348.18     1303.72 2 
2453815.915989500  01    90.8268    -6.7444   0.0347   0.0347  h2813_0006    -7575.12    -6351.87     1307.35 2 
2453825.163121700  01    69.3915    -2.3374   0.0218   0.0218  h2846_0006    -8153.44    -6619.79     1391.56 2 
2453825.163165900  01    69.2394    -2.7533   0.0228   0.0228  h2846_0007    -8153.48    -6624.52     1396.34 2 
2453843.657063000  01    52.7746     5.6981   0.0120   0.0120  h2912_0004    -9328.89    -6930.38     1385.01 2 
2453843.657113500  01    52.6752     5.4585   0.0120   0.0120  h2912_0005    -9328.75    -6934.95     1389.86 2 
2453843.657170300  01    52.5738     5.1852   0.0130   0.0130  h2912_0006    -9328.59    -6940.08     1395.32 2 
2453862.468845800  01    77.4882   -25.5293   0.0070   0.0070  h2979_0005    -9111.26    -9016.12     4211.84 2 
2453862.468940500  01    77.4682   -25.7499   0.0059   0.0059  h2979_0006    -9105.53    -9019.37     4218.76 2 
2453862.469028800  01    77.4487   -25.9510   0.0061   0.0061  h2979_0007    -9100.17    -9022.38     4225.22 2 
2453869.486848500  01    83.0564   -35.1959   0.0056   0.0056  h3005_0005    -8522.11    -9123.20     4868.50 2 
2453869.486949400  01    83.0599   -35.4199   0.0060   0.0060  h3005_0006    -8514.25    -9124.92     4875.01 2 
2453869.487053800  01    83.0633   -35.6565   0.0054   0.0054  h3005_0007    -8506.11    -9126.70     4881.74 2 
2453954.951886400  01   127.2599   -41.3039   0.0472   0.0472  h3310_0003    -7808.31    -4938.76     2442.51 2 
2454081.391591800  01   298.6406    41.0410   0.0140   0.0140  h3761_0004     7549.43     4383.00    -4444.69 2 
2454081.391667500  01   298.6963    41.4933   0.0143   0.0143  h3761_0005     7548.28     4390.07    -4455.16 2 
2454092.871200200  01   272.4611    19.4975   0.0324   0.0324  h3802_0003     8285.04     3689.58    -3521.28 2 
2454092.871225400  01   272.4388    19.8700   0.0327   0.0327  h3802_0004     8285.25     3692.01    -3524.77 2 
2454102.119314800  01   241.1644    24.9186   0.0229   0.0229  h3835_0005     8879.64     3814.62    -3792.37 2 
2454102.119352700  01   241.0447    25.2915   0.0229   0.0229  h3835_0006     8879.85     3817.95    -3797.25 2 
2454102.119381400  01   240.9498    25.6020   0.0231   0.0231  h3835_0007     8880.01     3820.48    -3800.95 2 
2454104.354302700  01   177.2960    -8.1914   0.0452   0.0452  h3843_0003     8920.72     3203.45    -2933.07 2 
2454104.354346800  01   177.0507    -7.3290   0.0439   0.0439  h3843_0005     8921.77     3207.59    -2938.98 2 
2454111.365755500  01   227.7806    11.1299   0.0299   0.0299  h3868_0003     9470.09     3724.33    -3770.06 2 
2454111.365806000  01   227.6604    11.4983   0.0176   0.0176  h3868_0004     9470.44     3728.49    -3776.21 2 
2454111.365850100  01   227.5329    11.8071   0.0173   0.0173  h3868_0005     9470.75     3732.13    -3781.59 2 
2454113.601496000  01   187.5142    -4.3872   0.0242   0.0242  h3876_0003     9526.26     3216.62    -3055.25 2 
2454113.601533900  01   187.3773    -4.0437   0.0233   0.0233  h3876_0004     9527.07     3219.88    -3060.00 2 
2454148.044917900  01   149.8086   -29.5627   0.0315   0.0315  h3999_0003    11155.82     1600.82    -1196.12 2 
2454148.044987300  01   149.7653   -29.3309   0.0089   0.0089  h3999_0004    11159.14     1605.85    -1203.62 2 
2454148.045050400  01   149.7258   -29.1174   0.0081   0.0081  h3999_0005    11162.15     1610.41    -1210.43 2 
2454156.614027700  01   320.8202     1.8002   0.0053   0.0053  h4030_0003    -1897.67     3628.22    -5936.10 2 
2454156.614109700  01   320.9649     1.7516   0.0047   0.0047  h4030_0004    -1909.89     3620.18    -5924.59 2 
2454156.614198000  01   321.1199     1.6942   0.0049   0.0049  h4030_0005    -1923.03     3611.51    -5912.16 2 
2454156.614280000  01   321.2621     1.6356   0.0028   0.0028  h4030_0006    -1935.23     3603.43    -5900.58 2 
2453584.199747100  02    37.6893     1.8576   0.0031   0.0031  h1985_0005     7410.07    11231.46      -52.22 3 
2453584.200106700  02    37.7394     2.1548   0.0031   0.0031  h1985_0006     7392.21    11247.05      -80.00 3 
2453811.997728000  02   203.5345    12.7750   0.0044   0.0044  h2799_0003    -7322.58    -6788.02     1832.36 3 
2453811.997955100  02   203.5254    12.6115   0.0044   0.0044  h2799_0004    -7320.58    -6813.10     1858.71 3 
2453811.998182200  02   203.5164    12.4476   0.0044   0.0044  h2799_0005    -7318.46    -6838.07     1885.02 3 
2453811.998403000  02   203.5067    12.2878   0.0044   0.0044  h2799_0006    -7316.30    -6862.25     1910.57 3 
2453814.536172400  02   202.2866     1.2119   0.0062   0.0062  h2808_0004    -7076.51    -8379.57     3640.82 3 
2453814.536399400  02   202.3065     1.0382   0.0062   0.0062  h2808_0005    -7067.86    -8397.19     3664.23 3 
2453814.536620200  02   202.2920     0.8681   0.0062   0.0062  h2808_0006    -7059.38    -8414.23     3686.96 3 
2453822.101469700  02   198.8517     4.6258   0.0090   0.0090  h2835_0004    -7574.42    -8441.10     3546.86 3 
2453822.101684200  02   198.8835     4.4628   0.0090   0.0090  h2835_0005    -7566.69    -8457.03     3568.07 3 
2453822.101898700  02   198.8900     4.2979   0.0090   0.0090  h2835_0006    -7558.89    -8472.89     3589.23 3 
2453827.139227500  02   196.1302    11.3492   0.0090   0.0090  h2853_0005    -8076.86    -8027.88     2918.63 3 
2453827.139454600  02   196.1368    11.1796   0.0090   0.0090  h2853_0006    -8070.83    -8046.22     2941.26 3 
2453827.139675400  02   196.1557    11.0139   0.0090   0.0090  h2853_0007    -8064.88    -8063.98     2963.23 3 
2453829.653826500  02   194.5924    17.7655   0.0028   0.0028  h2862_0003    -8384.44    -7428.42     2167.19 3 
2453829.654053600  02   194.5980    17.6069   0.0029   0.0029  h2862_0004    -8381.23    -7449.01     2190.34 3 
2453829.654280700  02   194.6040    17.4483   0.0029   0.0029  h2862_0005    -8377.92    -7469.52     2213.46 3 
2453829.654501500  02   194.6095    17.2931   0.0029   0.0029  h2862_0006    -8374.61    -7489.38     2235.92 3 
2453834.719779700  02   193.9436     3.6080   0.0030   0.0030  h2880_0005    -8004.39    -9060.68     4212.83 3 
2453834.719994100  02   193.9734     3.4489   0.0030   0.0030  h2880_0006    -7994.35    -9072.47     4231.42 3 
2453834.720208600  02   194.0036     3.2900   0.0030   0.0030  h2880_0007    -7984.26    -9084.21     4249.99 3 
2453922.990338100  02   157.4384    39.0763   0.0025   0.0025  h3196_0004   -10550.87    -6258.03     1950.73 3 
2453922.990603100  02   157.5905    38.9290   0.0025   0.0025  h3196_0005   -10527.85    -6265.48     1971.20 3 
2453922.990861700  02   157.7383    38.7853   0.0025   0.0025  h3196_0006   -10505.27    -6272.68     1991.16 3 
2454133.225389500  02    12.4316   -23.4442   0.0069   0.0069  h3946_0004    10824.41     3854.61    -4331.16 3 
2454133.225604000  02    12.4762   -23.2805   0.0069   0.0069  h3946_0005    10822.78     3868.71    -4353.10 3 
2454133.225818500  02    12.5113   -23.1141   0.0069   0.0069  h3946_0006    10821.07     3882.79    -4375.01 3 
2454160.984058800  02     1.8932   -22.7540   0.0047   0.0047  h4045_0004    11476.49     4216.27    -5678.16 3 
2454160.984241700  02     1.9571   -22.6106   0.0047   0.0047  h4045_0005    11467.09     4224.36    -5691.90 3 
2454160.984430900  02     2.0228   -22.4606   0.0047   0.0047  h4045_0006    11457.32     4232.70    -5706.09 3 
2454182.526613000  02    59.2211   -11.1136   0.0035   0.0035  h4122_0005    13080.56     1668.00    -2152.62 3 
2454182.526859000  02    59.2703   -10.9394   0.0035   0.0035  h4122_0006    13079.31     1681.17    -2174.29 3 
2454182.527111300  02    59.3258   -10.7615   0.0035   0.0035  h4122_0007    13077.92     1694.67    -2196.49 3 
2454208.905499100  02   339.3366   -40.2311   0.0054   0.0054  h4217_0004    11414.02     2384.19    -4214.99 3 
2454208.905732500  02   339.4795   -40.0767   0.0052   0.0052  h4217_0005    11393.60     2394.05    -4231.43 3 
2454208.905972200  02   339.6285   -39.9190   0.0052   0.0052  h4217_0006    11372.52     2404.15    -4248.27 3 
2454401.436547000  02   176.5001    23.8474   0.0091   0.0091  h4904_0003    -9450.78     -704.71     6857.77 3 
2454401.436711100  02   176.5534    23.7232   0.0091   0.0091  h4904_0004    -9448.64     -714.00     6877.22 3 
2454401.436875100  02   176.6106    23.6008   0.0091   0.0091  h4904_0005    -9446.46     -723.28     6896.64 3 
2454401.437039100  02   176.6491    23.4735   0.0091   0.0091  h4904_0006    -9444.23     -732.56     6916.01 3 
2454414.065471600  02   175.9804    14.2831   0.0047   0.0047  h4949_0003    -9599.59    -1275.34     8719.67 3 
2454414.065641900  02   176.0406    14.1632   0.0047   0.0047  h4949_0004    -9592.17    -1283.82     8734.40 3 
2454414.065812300  02   176.0971    14.0425   0.0047   0.0047  h4949_0005    -9584.72    -1292.30     8749.11 3 
2454414.065982600  02   176.1464    13.9191   0.0047   0.0047  h4949_0006    -9577.22    -1300.78     8763.77 3 
2454419.097382300  02   169.2521    25.5397   0.0035   0.0035  h4967_0003   -10279.59     -471.89     7517.65 3 
2454419.097558900  02   169.3196    25.4067   0.0035   0.0035  h4967_0004   -10275.03     -480.79     7535.11 3 
2454419.097735600  02   169.3846    25.2726   0.0035   0.0035  h4967_0005   -10270.41     -489.68     7552.53 3 
2454419.097912200  02   169.4484    25.1388   0.0035   0.0035  h4967_0006   -10265.75     -498.56     7569.91 3 
2454463.256087800  02   155.7122    35.3150   0.0041   0.0041  h5124_0004   -11460.27      785.04     7328.67 3 
2454463.256333900  02   155.8680    35.1454   0.0041   0.0041  h5124_0005   -11446.69      773.53     7345.98 3 
2454463.256579900  02   156.0169    34.9707   0.0041   0.0041  h5124_0006   -11433.02      762.02     7363.23 3 
2454469.538388100  02   134.2288    35.8726   0.0047   0.0047  h5146_0004   -11169.57      768.93     7423.42 3 
2454469.538621500  02   134.4111    35.7521   0.0047   0.0047  h5146_0005   -11154.07      757.69     7438.41 3 
2454469.538854900  02   134.6006    35.6399   0.0047   0.0047  h5146_0006   -11138.49      746.44     7453.35 3 
2454474.655001000  02   190.9043    36.0762   0.0037   0.0037  h5164_0004   -12201.74     1855.51     5826.43 3 
2454474.655228100  02   190.9942    35.8969   0.0037   0.0037  h5164_0005   -12192.53     1845.13     5844.55 3 
2454474.655455200  02   191.0510    35.7084   0.0037   0.0037  h5164_0006   -12183.25     1834.74     5862.63 3 
2454496.068160000  02   154.2573    43.1518   0.0073   0.0073  h5239_0005   -11176.20     1845.43     5928.27 3 
2454496.068399700  02   154.4099    42.9798   0.0073   0.0073  h5239_0006   -11157.97     1832.47     5944.49 3 
2454496.068636600  02   154.5903    42.8237   0.0073   0.0073  h5239_0007   -11139.86     1819.65     5960.45 3 
2454518.876236500  02   217.3047    30.6361   0.0033   0.0033  h5319_0004   -11804.35     3451.23     3354.36 3 
2454518.876501400  02   217.3030    30.4538   0.0033   0.0033  h5319_0005   -11789.54     3436.96     3377.16 3 
2454518.876766400  02   217.3027    30.2717   0.0036   0.0036  h5319_0006   -11774.61     3422.66     3399.92 3 
2454533.991686900  02   204.7199    45.2414   0.0034   0.0034  h5372_0003   -11612.15     4103.34     2037.35 3 
2454533.991939200  02   204.7402    45.0715   0.0032   0.0032  h5372_0004   -11599.37     4089.49     2061.17 3 
2454533.992191600  02   204.7692    44.9017   0.0032   0.0032  h5372_0005   -11586.46     4075.60     2084.97 3 
2454533.992443900  02   204.7859    44.7315   0.0034   0.0034  h5372_0006   -11573.42     4061.67     2108.75 3 
2454549.129735200  02   190.0141    40.7617   0.0048   0.0048  h5425_0003    -9617.03     3116.64     3072.52 3 
2454549.129943300  02   190.0181    40.6031   0.0047   0.0047  h5425_0004    -9596.71     3101.06     3091.92 3 
2454549.130151500  02   190.0322    40.4440   0.0047   0.0047  h5425_0005    -9576.28     3085.45     3111.28 3 
2454549.130359600  02   190.0489    40.2854   0.0047   0.0047  h5425_0006    -9555.73     3069.80     3130.61 3 
2454730.123673300  02   274.5665   -14.1755   0.0119   0.0119  h6060_0005     7927.07    -3041.54   -10685.76 3 
2454730.123932000  02   274.7445   -14.1499   0.0119   0.0119  h6060_0006     7910.33    -3027.20   -10699.55 3 
2454730.124187700  02   274.9225   -14.1195   0.0119   0.0119  h6060_0007     7893.70    -3012.99   -10713.10 3 
2454747.819153800  02   283.3242   -21.7494   0.0168   0.0168  h6122_0005     8321.14    -3844.00    -9839.44 3 
2454747.819399800  02   283.5179   -21.6778   0.0168   0.0168  h6122_0006     8304.21    -3829.52    -9852.03 3 
2454747.819643000  02   283.7188   -21.6334   0.0168   0.0168  h6122_0007     8287.41    -3815.19    -9864.39 3 
2454765.507406300  02   289.3814   -33.3067   0.0127   0.0127  h6184_0005     9074.73    -5035.43    -8355.22 3 
2454765.507620800  02   289.5764   -33.2393   0.0127   0.0127  h6184_0006     9060.99    -5022.91    -8368.35 3 
2454765.507832400  02   289.7661   -33.1633   0.0127   0.0127  h6184_0007     9047.38    -5010.52    -8381.25 3 
2454983.202927000  02    92.1225     9.7190   0.0039   0.0039  h6943_0003    -4564.88     5172.88    10791.39 3 
2454983.203046900  02    92.1975     9.6914   0.0039   0.0039  h6943_0004    -4559.56     5167.04    10802.77 3 
2454983.203166700  02    92.2707     9.6601   0.0039   0.0039  h6943_0005    -4554.23     5161.20    10814.12 3 
2454983.203286600  02    92.3422     9.6248   0.0039   0.0039  h6943_0006    -4548.89     5155.34    10825.45 3 
2454983.203403600  02    92.4151     9.5934   0.0039   0.0039  h6943_0007    -4543.67     5149.60    10836.48 3 
2454983.203526300  02    92.4912     9.5672   0.0039   0.0039  h6943_0008    -4538.18     5143.58    10848.03 3 
2455008.499082200  02   114.4227    22.6529   0.0044   0.0044  h7031_0004    -5534.17     6837.56    10036.38 3 
2455008.499309300  02   114.5902    22.5547   0.0044   0.0044  h7031_0005    -5525.25     6827.88    10056.65 3 
2455008.499536400  02   114.7556    22.4524   0.0044   0.0044  h7031_0006    -5516.29     6818.14    10076.85 3 
2455034.967678700  02    91.0072    14.6074   0.0108   0.0108  h7124_0004    -5344.16     7278.40    10343.80 3 
2455034.967912000  02    91.1837    14.5504   0.0108   0.0108  h7124_0005    -5331.79     7264.09    10357.50 3 
2455034.968145500  02    91.3664    14.5242   0.0108   0.0108  h7124_0006    -5319.39     7249.74    10371.13 3 
2455045.026104200  02    70.2473     9.7585   0.0037   0.0037  h7159_0005    -5722.57     7951.09     9554.07 3 
2455045.026369200  02    70.4280     9.7450   0.0037   0.0037  h7159_0006    -5708.88     7935.24     9570.64 3 
2455045.026631200  02    70.6075     9.7187   0.0037   0.0037  h7159_0007    -5695.28     7919.49     9586.96 3 
2455114.594918000  02   163.1846    50.3932   0.0033   0.0033  h7401_0004    -6077.55     9558.38     4477.63 3 
2455114.595176600  02   163.2818    50.2187   0.0034   0.0034  h7401_0005    -6061.81     9539.41     4499.10 3 
2455114.595435200  02   163.3817    50.0453   0.0033   0.0033  h7401_0006    -6045.99     9520.33     4520.51 3 
2455358.752216600  02   268.7471   -32.0992   0.0100   0.0100  h8246_0004     2469.45   -11660.83    -7022.56 3 
2455358.752412200  02   268.9459   -32.0607   0.0100   0.0100  h8246_0005     2461.35   -11650.60    -7037.13 3 
2455358.752607700  02   269.1454   -32.0233   0.0100   0.0100  h8246_0006     2453.23   -11640.31    -7051.67 3 
2455363.729995200  02   237.7161    -2.9655   0.0027   0.0027  h8263_0004     1622.22   -10412.24    -8013.46 3 
2455363.730190700  02   237.8653    -2.9678   0.0027   0.0027  h8263_0005     1612.97   -10396.13    -8024.31 3 
2455363.730386300  02   238.0142    -2.9706   0.0027   0.0027  h8263_0006     1603.72   -10379.97    -8035.11 3 
2455381.486616900  02   271.4923   -49.9516   0.0033   0.0033  h8324_0004     3197.89   -12643.69    -4436.87 3 
2455381.486844000  02   271.7616   -49.9118   0.0033   0.0033  h8324_0005     3188.95   -12634.84    -4456.06 3 
2455381.487071100  02   272.0313   -49.8709   0.0033   0.0033  h8324_0006     3180.00   -12625.91    -4475.22 3 
2455621.882600400  02    67.9442    -3.1741   0.0038   0.0038  h9148_0004     2667.74    10769.90     8333.29 3 
2455621.882972600  02    68.2290    -3.2071   0.0036   0.0036  h9148_0005     2681.69    10749.86     8361.03 3 
2455652.204794100  02    73.6474    20.2319   0.0051   0.0051  h9253_0004     1928.76    12514.16     5790.56 3 
2455652.205002300  02    73.8429    20.2131   0.0051   0.0051  h9253_0005     1936.77    12504.92     5807.04 3 
2455652.205210500  02    74.0381    20.1928   0.0051   0.0051  h9253_0006     1944.77    12495.62     5823.48 3 
2455653.407092200  02    55.0610   -11.8595   0.0075   0.0075  h9257_0004     3106.54    10036.11     8030.85 3 
2455653.407344600  02    55.2540   -11.8339   0.0075   0.0075  h9257_0005     3113.35    10011.98     8042.88 3 
2455653.407596900  02    55.4438   -11.7928   0.0075   0.0075  h9257_0006     3120.13     9987.76     8054.85 3 
2455668.556118200  02    47.7262    -3.8302   0.0074   0.0074  h9309_0004     2419.03    11621.86     6156.30 3 
2455668.556320000  02    47.8865    -3.8267   0.0074   0.0074  h9309_0005     2425.72    11605.87     6169.44 3 
2455668.556521900  02    48.0470    -3.8231   0.0074   0.0074  h9309_0006     2432.41    11589.81     6182.55 3 
2455697.690751400  02    93.1376    51.2673   0.0053   0.0053  h9409_0004      902.27    13385.05     1988.59 3 
2455697.690965900  02    93.3829    51.2218   0.0053   0.0053  h9409_0005      911.19    13376.00     2007.08 3 
2455697.691180300  02    93.6279    51.1748   0.0053   0.0053  h9409_0006      920.12    13366.88     2025.56 3 
2455712.851425200  02    99.3267    56.9815   0.0040   0.0040  h9461_0003      473.66    13328.04      602.21 3 
2455712.851620800  02    99.5508    56.9347   0.0039   0.0039  h9461_0004      482.26    13320.46      619.96 3 
2455712.851816300  02    99.7750    56.8871   0.0039   0.0039  h9461_0005      490.87    13312.82      637.72 3 
2455712.852011900  02   100.0001    56.8387   0.0039   0.0039  h9461_0006      499.47    13305.10      655.47 3 
2455720.432843800  02   103.7242    58.6625   0.0027   0.0027  h9487_0003      319.67    13178.71       49.10 3 
2455720.433077200  02   103.9890    58.6004   0.0027   0.0027  h9487_0004      330.24    13169.53       70.88 3 
2455720.433310600  02   104.2532    58.5377   0.0027   0.0027  h9487_0005      340.80    13160.26       92.65 3 
2455720.433544000  02   104.5169    58.4749   0.0027   0.0027  h9487_0006      351.36    13150.88      114.43 3 
2455740.577630800  02    73.0281    36.7242   0.0028   0.0028  h9556_0004     1138.97    10906.16     1262.03 3 
2455740.577839000  02    73.2162    36.6676   0.0028   0.0028  h9556_0005     1148.72    10886.06     1283.09 3 
2455740.578047100  02    73.4049    36.6103   0.0028   0.0028  h9556_0006     1158.46    10865.85     1304.14 3 
2455744.367896000  02    74.4410    37.8902   0.0028   0.0028  h9569_0004     1079.64    10785.28     1052.85 3 
2455744.368091600  02    74.6180    37.8343   0.0027   0.0027  h9569_0005     1089.03    10766.31     1073.20 3 
2455744.368287100  02    74.7939    37.7775   0.0027   0.0027  h9569_0006     1098.41    10747.24     1093.53 3 
2456425.861686600  01   176.9322    61.2022   0.0073   0.0073  hb908_0004    -6387.53    -3852.90     -985.15 4 
2456425.861781200  01   177.4171    61.4669   0.0073   0.0073  hb908_0005    -6400.79    -3849.67    -1000.94 4 
2456425.861875800  01   177.9128    61.7272   0.0073   0.0073  hb908_0006    -6414.02    -3846.42    -1016.73 4 
2456426.672286500  01    11.6158    15.8703   0.0082   0.0082  hb911_0004     4040.30     4735.18    -2200.66 4 
2456426.672330700  01    11.8258    15.8184   0.0082   0.0082  hb911_0005     4042.46     4729.43    -2191.69 4 
2456426.672374800  01    12.0356    15.7663   0.0083   0.0083  hb911_0006     4044.62     4723.67    -2182.71 4 
2456435.176074600  01   320.0783   -30.7045   0.0048   0.0048  hb940_0004    -5816.45    -4209.72       99.58 4 
2456435.176150300  01   320.2189   -30.5966   0.0048   0.0048  hb940_0005    -5829.03    -4208.98       87.60 4 
2456435.176226000  01   320.3551   -30.4858   0.0048   0.0048  hb940_0006    -5841.58    -4208.21       75.61 4 
2456441.875487800  01   324.9782   -30.4992   0.0039   0.0039  hb963_0004    -6117.21    -4374.93      140.54 4 
2456441.875569800  01   325.1150   -30.3918   0.0039   0.0039  hb963_0005    -6130.43    -4374.26      128.19 4 
2456441.875651800  01   325.2483   -30.2831   0.0039   0.0039  hb963_0006    -6143.62    -4373.57      115.84 4 
2456450.264667500  01     8.9029    -5.3826   0.0079   0.0079  hb992_0004     3660.78     3771.02    -1616.88 4 
2456450.264718000  01     9.1061    -5.4819   0.0079   0.0079  hb992_0005     3663.65     3763.58    -1605.02 4 
2456450.264768500  01     9.3173    -5.5699   0.0079   0.0079  hb992_0006     3666.50     3756.12    -1593.15 4 
2456466.054014600  01   200.6740    69.8474   0.0212   0.0212  hc046_0002    -7347.78    -5039.81      343.88 4 
2456466.054039800  01   201.3032    70.0022   0.0212   0.0212  hc046_0003    -7351.33    -5039.67      340.73 4 
2456472.751862300  01   188.9035    60.8542   0.0330   0.0330  hc069_0003    -7301.37    -5248.88      775.42 4 
2456472.751887600  01   189.4518    61.1558   0.0331   0.0331  hc069_0004    -7305.00    -5248.90      772.45 4 
2456472.751938000  01   190.6316    61.7036   0.0331   0.0331  hc069_0006    -7312.25    -5248.94      766.50 4 
2456472.751960400  01   191.2344    61.9820   0.0332   0.0332  hc069_0007    -7315.46    -5248.95      763.86 4 
2456479.450586600  01   200.0961    46.8114   0.0813   0.0813  hc092_0004    -7369.27    -5455.14     1117.17 4 
2456479.450674900  01   204.3666    48.5397   0.0834   0.0834  hc092_0011    -7381.94    -5455.56     1107.36 4 
2456482.662061200  01   323.5663   -20.3784   0.0071   0.0071  hc103_0004    -8411.92    -5541.92      444.20 4 
2456482.662187400  01   323.7197   -20.2200   0.0071   0.0071  hc103_0005    -8427.32    -5540.86      430.29 4 
2456482.662313500  01   323.8668   -20.0609   0.0070   0.0070  hc103_0006    -8442.69    -5539.78      416.37 4 
2456482.662436900  01   324.0169   -19.9085   0.0070   0.0070  hc103_0007    -8457.66    -5538.69      402.77 4 
2456489.650186300  01    75.8731    39.5644   0.0218   0.0218  hc127_0002    -8194.00    -5791.16     1098.47 4 
2456489.650217800  01    75.4897    39.6440   0.0219   0.0219  hc127_0003    -8198.04    -5791.14     1095.20 4 
2456496.350622600  01    47.4209    13.1206   0.0280   0.0280  hc150_0003    -8399.99    -6009.94     1367.17 4 
2456496.350654100  01    47.0036    13.0960   0.0280   0.0280  hc150_0004    -8403.92    -6009.96     1364.07 4 
2456496.635751100  01    96.3333    22.5878   0.0046   0.0046  hc151_0028    -7600.41    -5981.55     1968.81 4 
2456496.635757400  01    96.3283    22.5930   0.0046   0.0046  hc151_0029    -7601.29    -5981.62     1968.21 4 
2456496.635763700  01    96.3232    22.5980   0.0047   0.0047  hc151_0030    -7602.17    -5981.70     1967.62 4 
2456496.635770000  01    96.3183    22.6035   0.0047   0.0047  hc151_0031    -7603.05    -5981.77     1967.02 4 
2456496.635776300  01    96.3132    22.6086   0.0046   0.0046  hc151_0033    -7603.93    -5981.85     1966.42 4 
2456496.635782600  01    96.3084    22.6139   0.0046   0.0046  hc151_0034    -7604.81    -5981.92     1965.82 4 
2456496.635788900  01    96.3032    22.6190   0.0047   0.0047  hc151_0035    -7605.69    -5981.99     1965.22 4 
2456496.635795300  01    96.2985    22.6243   0.0047   0.0047  hc151_0036    -7606.57    -5982.07     1964.63 4 
2456496.635801600  01    96.2931    22.6293   0.0047   0.0047  hc151_0037    -7607.44    -5982.14     1964.03 4 
2456496.635807900  01    96.2888    22.6348   0.0047   0.0047  hc151_0038    -7608.32    -5982.22     1963.43 4 
2456496.635814200  01    96.2834    22.6399   0.0047   0.0047  hc151_0039    -7609.20    -5982.29     1962.83 4 
2456496.635820500  01    96.2784    22.6451   0.0046   0.0046  hc151_0040    -7610.08    -5982.36     1962.23 4 
2456496.635826800  01    96.2735    22.6504   0.0047   0.0047  hc151_0041    -7610.96    -5982.44     1961.64 4 
2456496.635833100  01    96.2686    22.6554   0.0046   0.0046  hc151_0042    -7611.84    -5982.51     1961.04 4 
2456496.635839400  01    96.2632    22.6606   0.0047   0.0047  hc151_0043    -7612.71    -5982.59     1960.44 4 
2456496.635845700  01    96.2569    22.6656   0.0047   0.0047  hc151_0044    -7613.59    -5982.66     1959.84 4 
2456496.635852000  01    96.2525    22.6708   0.0047   0.0047  hc151_0045    -7614.47    -5982.73     1959.24 4 
2456496.635858300  01    96.2462    22.6760   0.0047   0.0047  hc151_0046    -7615.35    -5982.81     1958.65 4 
2456496.635864600  01    96.2412    22.6811   0.0047   0.0047  hc151_0047    -7616.22    -5982.88     1958.05 4 
2456496.635870900  01    96.2364    22.6861   0.0047   0.0047  hc151_0048    -7617.10    -5982.95     1957.45 4 
2456496.635877300  01    96.2316    22.6914   0.0047   0.0047  hc151_0049    -7617.98    -5983.03     1956.85 4 
2456496.635883600  01    96.2264    22.6965   0.0047   0.0047  hc151_0050    -7618.86    -5983.10     1956.25 4 
2456496.635896200  01    96.2168    22.7073   0.0048   0.0048  hc151_0051    -7620.62    -5983.25     1955.05 4 
2456496.635902600  01    96.2116    22.7129   0.0048   0.0048  hc151_0052    -7621.50    -5983.32     1954.45 4 
2456496.635908900  01    96.2069    22.7179   0.0048   0.0048  hc151_0053    -7622.37    -5983.39     1953.85 4 
2456496.635915200  01    96.2016    22.7233   0.0048   0.0048  hc151_0054    -7623.25    -5983.47     1953.26 4 
2456496.635921500  01    96.1964    22.7285   0.0048   0.0048  hc151_0055    -7624.13    -5983.54     1952.66 4 
2456496.635927800  01    96.1916    22.7338   0.0048   0.0048  hc151_0056    -7625.00    -5983.61     1952.06 4 
2456496.635934100  01    96.1866    22.7391   0.0048   0.0048  hc151_0057    -7625.88    -5983.68     1951.46 4 
2456496.635940400  01    96.1816    22.7438   0.0048   0.0048  hc151_0058    -7626.76    -5983.76     1950.86 4 
2456496.635946700  01    96.1765    22.7494   0.0048   0.0048  hc151_0059    -7627.63    -5983.83     1950.26 4 
2456496.635953000  01    96.1715    22.7546   0.0048   0.0048  hc151_0060    -7628.51    -5983.90     1949.66 4 
2456496.635959300  01    96.1663    22.7599   0.0048   0.0048  hc151_0061    -7629.38    -5983.97     1949.07 4 
2456496.635965600  01    96.1613    22.7647   0.0048   0.0048  hc151_0062    -7630.26    -5984.04     1948.47 4 
2456496.635971900  01    96.1563    22.7702   0.0048   0.0048  hc151_0063    -7631.13    -5984.12     1947.87 4 
2456496.635978300  01    96.1512    22.7753   0.0048   0.0048  hc151_0064    -7632.01    -5984.19     1947.27 4 
2456496.635984600  01    96.1463    22.7804   0.0048   0.0048  hc151_0065    -7632.89    -5984.26     1946.67 4 
2456496.635990900  01    96.1410    22.7855   0.0048   0.0048  hc151_0066    -7633.76    -5984.33     1946.07 4 
2456496.635997200  01    96.1362    22.7909   0.0048   0.0048  hc151_0067    -7634.64    -5984.40     1945.47 4 
2456496.636003500  01    96.1311    22.7962   0.0048   0.0048  hc151_0068    -7635.51    -5984.48     1944.88 4 
2456496.636009800  01    96.1261    22.8014   0.0048   0.0048  hc151_0069    -7636.39    -5984.55     1944.28 4 
2456496.636016100  01    96.1209    22.8064   0.0048   0.0048  hc151_0070    -7637.26    -5984.62     1943.68 4 
2456496.636022400  01    96.1160    22.8120   0.0048   0.0048  hc151_0071    -7638.14    -5984.69     1943.08 4 
2456496.636028700  01    96.1110    22.8172   0.0048   0.0048  hc151_0072    -7639.01    -5984.76     1942.48 4 
2456496.636035000  01    96.1060    22.8225   0.0048   0.0048  hc151_0073    -7639.89    -5984.83     1941.88 4 
2456496.636041300  01    96.1008    22.8277   0.0048   0.0048  hc151_0074    -7640.76    -5984.90     1941.28 4 
2456496.636047700  01    96.0958    22.8326   0.0048   0.0048  hc151_0075    -7641.64    -5984.97     1940.68 4 
2456496.636054000  01    96.0908    22.8381   0.0048   0.0048  hc151_0076    -7642.51    -5985.05     1940.08 4 
2456496.636060300  01    96.0859    22.8432   0.0048   0.0048  hc151_0077    -7643.39    -5985.12     1939.48 4 
2456496.636066600  01    96.0802    22.8484   0.0048   0.0048  hc151_0078    -7644.26    -5985.19     1938.89 4 
2456496.636072900  01    96.0752    22.8538   0.0048   0.0048  hc151_0079    -7645.14    -5985.26     1938.29 4 
2456496.636079200  01    96.0701    22.8590   0.0048   0.0048  hc151_0080    -7646.01    -5985.33     1937.69 4 
2456496.636085500  01    96.0650    22.8642   0.0048   0.0048  hc151_0081    -7646.88    -5985.40     1937.09 4 
2456496.636091800  01    96.0599    22.8690   0.0048   0.0048  hc151_0082    -7647.76    -5985.47     1936.49 4 
2456496.636098100  01    96.0550    22.8748   0.0048   0.0048  hc151_0083    -7648.63    -5985.54     1935.89 4 
2456496.636104400  01    96.0497    22.8798   0.0048   0.0048  hc151_0084    -7649.50    -5985.61     1935.29 4 
2456496.636110700  01    96.0447    22.8849   0.0048   0.0048  hc151_0085    -7650.38    -5985.68     1934.69 4 
2456496.636117000  01    96.0395    22.8899   0.0048   0.0048  hc151_0086    -7651.25    -5985.75     1934.09 4 
2456496.636123300  01    96.0346    22.8955   0.0048   0.0048  hc151_0087    -7652.12    -5985.82     1933.49 4 
2456496.636129700  01    96.0294    22.9008   0.0048   0.0048  hc151_0088    -7653.00    -5985.89     1932.89 4 
2456496.636136000  01    96.0244    22.9062   0.0048   0.0048  hc151_0089    -7653.87    -5985.96     1932.29 4 
2456496.636142300  01    96.0194    22.9113   0.0048   0.0048  hc151_0090    -7654.74    -5986.03     1931.70 4 
2456496.636148600  01    96.0143    22.9166   0.0048   0.0048  hc151_0091    -7655.62    -5986.10     1931.10 4 
2456496.636154900  01    96.0092    22.9220   0.0048   0.0048  hc151_0092    -7656.49    -5986.17     1930.50 4 
2456496.636161200  01    96.0040    22.9270   0.0048   0.0048  hc151_0093    -7657.36    -5986.24     1929.90 4 
2456496.636167500  01    95.9988    22.9321   0.0048   0.0048  hc151_0094    -7658.24    -5986.31     1929.30 4 
2456496.636173800  01    95.9944    22.9376   0.0048   0.0048  hc151_0095    -7659.11    -5986.38     1928.70 4 
2456496.636180100  01    95.9892    22.9428   0.0048   0.0048  hc151_0096    -7659.98    -5986.45     1928.10 4 
2456496.636186400  01    95.9840    22.9481   0.0048   0.0048  hc151_0097    -7660.85    -5986.52     1927.50 4 
2456496.636192700  01    95.9791    22.9534   0.0048   0.0048  hc151_0098    -7661.72    -5986.59     1926.90 4 
2456496.636199000  01    95.9737    22.9587   0.0048   0.0048  hc151_0099    -7662.60    -5986.66     1926.30 4 
2456496.636205300  01    95.9688    22.9642   0.0048   0.0048  hc151_0100    -7663.47    -5986.73     1925.70 4 
2456496.636211700  01    95.9636    22.9694   0.0048   0.0048  hc151_0101    -7664.34    -5986.80     1925.10 4 
2456496.636218000  01    95.9587    22.9747   0.0048   0.0048  hc151_0102    -7665.21    -5986.87     1924.50 4 
2456496.636224300  01    95.9535    22.9799   0.0048   0.0048  hc151_0103    -7666.08    -5986.93     1923.90 4 
2456496.636230600  01    95.9484    22.9852   0.0048   0.0048  hc151_0104    -7666.96    -5987.00     1923.30 4 
2456496.636236900  01    95.9431    22.9903   0.0048   0.0048  hc151_0105    -7667.83    -5987.07     1922.70 4 
2456496.636243200  01    95.9382    22.9958   0.0048   0.0048  hc151_0106    -7668.70    -5987.14     1922.10 4 
2456496.636249500  01    95.9333    23.0011   0.0048   0.0048  hc151_0107    -7669.57    -5987.21     1921.50 4 
2456496.636255800  01    95.9280    23.0061   0.0048   0.0048  hc151_0108    -7670.44    -5987.28     1920.90 4 
2456496.636262100  01    95.9230    23.0114   0.0048   0.0048  hc151_0109    -7671.31    -5987.35     1920.30 4 
2456496.636268400  01    95.9180    23.0170   0.0048   0.0048  hc151_0110    -7672.18    -5987.41     1919.70 4 
2456496.636274700  01    95.9128    23.0223   0.0048   0.0048  hc151_0111    -7673.06    -5987.48     1919.10 4 
2456496.636281000  01    95.9077    23.0277   0.0048   0.0048  hc151_0112    -7673.93    -5987.55     1918.50 4 
2456496.636287300  01    95.9025    23.0326   0.0048   0.0048  hc151_0113    -7674.80    -5987.62     1917.90 4 
2456496.636293700  01    95.8975    23.0379   0.0048   0.0048  hc151_0114    -7675.67    -5987.69     1917.30 4 
2456496.636300000  01    95.8925    23.0436   0.0048   0.0048  hc151_0115    -7676.54    -5987.75     1916.70 4 
2456496.636306300  01    95.8874    23.0487   0.0048   0.0048  hc151_0116    -7677.41    -5987.82     1916.10 4 
2456496.636312600  01    95.8820    23.0539   0.0048   0.0048  hc151_0117    -7678.28    -5987.89     1915.50 4 
2456496.636318900  01    95.8773    23.0592   0.0048   0.0048  hc151_0118    -7679.15    -5987.96     1914.90 4 
2456496.636325200  01    95.8723    23.0650   0.0048   0.0048  hc151_0119    -7680.02    -5988.03     1914.30 4 
2456496.636331500  01    95.8670    23.0702   0.0048   0.0048  hc151_0120    -7680.89    -5988.09     1913.70 4 
2456496.636343100  01    95.8569    23.0809   0.0048   0.0048  hc151_0121    -7682.49    -5988.22     1912.60 4 
2456496.636355700  01    95.8468    23.0877   0.0048   0.0048  hc151_0122    -7684.23    -5988.35     1911.40 4 
2456496.636368300  01    95.8367    23.0984   0.0048   0.0048  hc151_0123    -7685.97    -5988.49     1910.20 4 
2456496.636380900  01    95.8236    23.1090   0.0064   0.0064  hc151_0124    -7687.70    -5988.62     1909.00 4 
2456503.047417000  01    68.0179   -19.5518   0.0258   0.0258  hc173_0003    -8126.55    -6215.24     2006.96 4 
2456503.047448500  01    67.6212   -19.5931   0.0258   0.0258  hc173_0004    -8130.63    -6215.48     2004.08 4 
2456509.747437900  01    48.4686   -44.5070   0.0195   0.0195  hc196_0004    -8211.69    -6424.19     2371.69 4 
2456513.249125200  01    60.1060    -2.5636   0.0142   0.0142  hc208_0004    -8955.34    -6565.26     2072.85 4 
2456513.249181900  01    59.7640    -2.5921   0.0142   0.0142  hc208_0005    -8961.78    -6565.30     2067.94 4 
2456513.249238700  01    59.4137    -2.6084   0.0142   0.0142  hc208_0006    -8968.22    -6565.33     2063.03 4 
2456533.961531400  01    56.7846    23.9015   0.0050   0.0050  hc279_0016   -11451.71    -6828.31     1090.27 4 
2456533.961537700  01    56.7731    23.9036   0.0050   0.0050  hc279_0017   -11452.09    -6828.13     1089.74 4 
2456533.961544100  01    56.7631    23.9064   0.0050   0.0050  hc279_0018   -11452.48    -6827.96     1089.21 4 
2456533.961550400  01    56.7523    23.9094   0.0050   0.0050  hc279_0019   -11452.87    -6827.79     1088.68 4 
2456533.961556700  01    56.7418    23.9123   0.0050   0.0050  hc279_0020   -11453.26    -6827.61     1088.15 4 
2456533.961563000  01    56.7316    23.9163   0.0050   0.0050  hc279_0021   -11453.64    -6827.44     1087.62 4 
2456533.961569300  01    56.7212    23.9194   0.0050   0.0050  hc279_0022   -11454.03    -6827.27     1087.09 4 
2456533.961575600  01    56.7106    23.9221   0.0050   0.0050  hc279_0023   -11454.42    -6827.09     1086.57 4 
2456533.961581900  01    56.6998    23.9255   0.0051   0.0051  hc279_0024   -11454.81    -6826.92     1086.04 4 
2456533.961588200  01    56.6896    23.9288   0.0050   0.0050  hc279_0025   -11455.19    -6826.75     1085.51 4 
2456533.961594500  01    56.6790    23.9320   0.0050   0.0050  hc279_0026   -11455.58    -6826.57     1084.98 4 
2456533.961600800  01    56.6682    23.9351   0.0050   0.0050  hc279_0027   -11455.97    -6826.40     1084.45 4 
2456533.961607100  01    56.6577    23.9382   0.0050   0.0050  hc279_0028   -11456.35    -6826.23     1083.92 4 
2456533.961619700  01    56.6365    23.9442   0.0050   0.0050  hc279_0030   -11457.13    -6825.88     1082.86 4 
2456533.961626100  01    56.6260    23.9471   0.0050   0.0050  hc279_0031   -11457.51    -6825.71     1082.33 4 
2456533.961632400  01    56.6153    23.9502   0.0050   0.0050  hc279_0033   -11457.90    -6825.53     1081.80 4 
2456533.961638700  01    56.6049    23.9532   0.0051   0.0051  hc279_0034   -11458.29    -6825.36     1081.28 4 
2456533.961645000  01    56.5943    23.9565   0.0050   0.0050  hc279_0035   -11458.67    -6825.19     1080.75 4 
2456533.961651300  01    56.5841    23.9596   0.0051   0.0051  hc279_0036   -11459.06    -6825.01     1080.22 4 
2456533.961657600  01    56.5733    23.9625   0.0050   0.0050  hc279_0037   -11459.45    -6824.84     1079.69 4 
2456533.961663900  01    56.5623    23.9653   0.0051   0.0051  hc279_0038   -11459.83    -6824.67     1079.16 4 
2456533.961670200  01    56.5520    23.9682   0.0050   0.0050  hc279_0039   -11460.22    -6824.49     1078.63 4 
2456533.961676500  01    56.5412    23.9713   0.0050   0.0050  hc279_0040   -11460.61    -6824.32     1078.10 4 
2456533.961682800  01    56.5306    23.9744   0.0050   0.0050  hc279_0041   -11460.99    -6824.14     1077.57 4 
2456533.961689100  01    56.5200    23.9776   0.0050   0.0050  hc279_0042   -11461.38    -6823.97     1077.04 4 
2456533.961695500  01    56.5097    23.9807   0.0050   0.0050  hc279_0043   -11461.76    -6823.80     1076.51 4 
2456533.961701800  01    56.4990    23.9836   0.0050   0.0050  hc279_0044   -11462.15    -6823.62     1075.98 4 
2456533.961708100  01    56.4882    23.9866   0.0050   0.0050  hc279_0045   -11462.54    -6823.45     1075.46 4 
2456533.961714400  01    56.4776    23.9898   0.0050   0.0050  hc279_0046   -11462.92    -6823.28     1074.93 4 
2456533.961720700  01    56.4669    23.9929   0.0050   0.0050  hc279_0047   -11463.31    -6823.10     1074.40 4 
2456533.961727000  01    56.4562    23.9958   0.0050   0.0050  hc279_0048   -11463.69    -6822.93     1073.87 4 
2456533.961733300  01    56.4457    23.9988   0.0050   0.0050  hc279_0049   -11464.08    -6822.75     1073.34 4 
2456533.961739600  01    56.4352    24.0021   0.0051   0.0051  hc279_0050   -11464.47    -6822.58     1072.81 4 
2456533.961745900  01    56.4246    24.0050   0.0050   0.0050  hc279_0051   -11464.85    -6822.40     1072.28 4 
2456533.961752200  01    56.4139    24.0081   0.0050   0.0050  hc279_0052   -11465.24    -6822.23     1071.75 4 
2456533.961758500  01    56.4033    24.0109   0.0050   0.0050  hc279_0053   -11465.62    -6822.06     1071.22 4 
2456533.961764800  01    56.3928    24.0143   0.0051   0.0051  hc279_0054   -11466.01    -6821.88     1070.69 4 
2456533.961771100  01    56.3820    24.0171   0.0050   0.0050  hc279_0055   -11466.39    -6821.71     1070.16 4 
2456533.961777500  01    56.3713    24.0198   0.0050   0.0050  hc279_0056   -11466.78    -6821.53     1069.64 4 
2456533.961783800  01    56.3608    24.0230   0.0050   0.0050  hc279_0057   -11467.16    -6821.36     1069.11 4 
2456533.961790100  01    56.3501    24.0263   0.0051   0.0051  hc279_0058   -11467.55    -6821.18     1068.58 4 
2456533.961796400  01    56.3392    24.0295   0.0051   0.0051  hc279_0059   -11467.93    -6821.01     1068.05 4 
2456533.961802700  01    56.3287    24.0324   0.0051   0.0051  hc279_0060   -11468.32    -6820.84     1067.52 4 
2456533.961809000  01    56.3179    24.0355   0.0051   0.0051  hc279_0061   -11468.70    -6820.66     1066.99 4 
2456533.961815300  01    56.3073    24.0384   0.0051   0.0051  hc279_0062   -11469.09    -6820.49     1066.46 4 
2456533.961821600  01    56.2966    24.0413   0.0051   0.0051  hc279_0063   -11469.47    -6820.31     1065.93 4 
2456533.961827900  01    56.2858    24.0445   0.0050   0.0050  hc279_0064   -11469.86    -6820.14     1065.40 4 
2456533.961834200  01    56.2751    24.0474   0.0050   0.0050  hc279_0065   -11470.24    -6819.96     1064.87 4 
2456533.961840500  01    56.2645    24.0505   0.0050   0.0050  hc279_0066   -11470.63    -6819.79     1064.34 4 
2456533.961846800  01    56.2537    24.0532   0.0050   0.0050  hc279_0067   -11471.01    -6819.61     1063.82 4 
2456533.961853100  01    56.2431    24.0564   0.0050   0.0050  hc279_0068   -11471.40    -6819.44     1063.29 4 
2456533.961859500  01    56.2327    24.0594   0.0050   0.0050  hc279_0069   -11471.78    -6819.26     1062.76 4 
2456533.961865800  01    56.2220    24.0625   0.0050   0.0050  hc279_0070   -11472.17    -6819.09     1062.23 4 
2456533.961872100  01    56.2117    24.0656   0.0050   0.0050  hc279_0071   -11472.55    -6818.91     1061.70 4 
2456533.961878400  01    56.2009    24.0686   0.0050   0.0050  hc279_0072   -11472.93    -6818.74     1061.17 4 
2456533.961884700  01    56.1905    24.0718   0.0050   0.0050  hc279_0073   -11473.32    -6818.56     1060.64 4 
2456533.961891000  01    56.1800    24.0747   0.0050   0.0050  hc279_0074   -11473.70    -6818.39     1060.11 4 
2456533.961897300  01    56.1690    24.0780   0.0050   0.0050  hc279_0075   -11474.09    -6818.21     1059.58 4 
2456533.961903600  01    56.1580    24.0811   0.0050   0.0050  hc279_0076   -11474.47    -6818.04     1059.05 4 
2456533.961909900  01    56.1464    24.0840   0.0050   0.0050  hc279_0077   -11474.86    -6817.86     1058.52 4 
2456533.961916200  01    56.1341    24.0870   0.0050   0.0050  hc279_0078   -11475.24    -6817.69     1057.99 4 
2456533.961922500  01    56.1254    24.0900   0.0050   0.0050  hc279_0079   -11475.62    -6817.51     1057.46 4 
2456533.961928800  01    56.1150    24.0938   0.0050   0.0050  hc279_0080   -11476.01    -6817.34     1056.94 4 
2456595.512771400  01    26.2309    70.6980   0.0056   0.0056  hc491_0004    -9870.49    -3258.30    -1483.18 4 
2456595.512834500  01    25.8000    70.8137   0.0056   0.0056  hc491_0005    -9865.73    -3252.16    -1489.34 4 
2456595.512897600  01    25.3598    70.9281   0.0056   0.0056  hc491_0006    -9860.96    -3246.03    -1495.50 4 
2456605.407199500  01    13.0656    51.4518   0.0089   0.0089  hc525_0003   -10123.95    -4271.11      109.57 4 
2456605.407243700  01    12.7757    51.4916   0.0090   0.0090  hc525_0004   -10121.85    -4267.13      104.82 4 
2456605.407287900  01    12.4897    51.5389   0.0090   0.0090  hc525_0005   -10119.75    -4263.14      100.07 4 
2456605.407332000  01    12.1973    51.5804   0.0089   0.0089  hc525_0006   -10117.64    -4259.15       95.32 4 
2456605.407373300  01    11.9066    51.6208   0.0089   0.0089  hc525_0007   -10115.66    -4255.42       90.88 4 
2456611.275053100  01   349.1368    -6.7818   0.0025   0.0025  hc545_0001    -4834.25      461.04    -3725.53 4 
2456611.275072000  01   349.1375    -6.7758   0.0025   0.0025  hc545_0002    -4830.03      463.40    -3726.53 4 
2456611.275091000  01   349.1384    -6.7694   0.0025   0.0025  hc545_0003    -4825.80      465.77    -3727.53 4 
2456611.275109900  01   349.1396    -6.7632   0.0025   0.0025  hc545_0004    -4821.58      468.13    -3728.53 4 
2456611.275128800  01   349.1398    -6.7569   0.0025   0.0025  hc545_0005    -4817.35      470.50    -3729.53 4 
2456611.275147700  01   349.1407    -6.7504   0.0025   0.0025  hc545_0006    -4813.12      472.87    -3730.52 4 
2456611.275166700  01   349.1414    -6.7443   0.0025   0.0025  hc545_0007    -4808.88      475.23    -3731.52 4 
2456611.275185600  01   349.1423    -6.7377   0.0025   0.0025  hc545_0008    -4804.65      477.60    -3732.51 4 
2456611.275204500  01   349.1432    -6.7312   0.0025   0.0025  hc545_0009    -4800.41      479.96    -3733.50 4 
2456611.275223400  01   349.1441    -6.7255   0.0025   0.0025  hc545_0010    -4796.17      482.33    -3734.49 4 
2456611.275242400  01   349.1450    -6.7191   0.0025   0.0025  hc545_0012    -4791.92      484.69    -3735.47 4 
2456611.275261300  01   349.1456    -6.7125   0.0025   0.0025  hc545_0013    -4787.68      487.05    -3736.45 4 
2456611.275280200  01   349.1462    -6.7062   0.0025   0.0025  hc545_0014    -4783.43      489.42    -3737.44 4 
2456611.275299100  01   349.1474    -6.7005   0.0025   0.0025  hc545_0015    -4779.18      491.78    -3738.42 4 
2456611.275318100  01   349.1478    -6.6938   0.0025   0.0025  hc545_0016    -4774.93      494.14    -3739.39 4 
2456611.275337000  01   349.1490    -6.6877   0.0025   0.0025  hc545_0017    -4770.67      496.51    -3740.37 4 
2456611.275355900  01   349.1498    -6.6813   0.0025   0.0025  hc545_0018    -4766.41      498.87    -3741.35 4 
2456611.275374800  01   349.1507    -6.6750   0.0025   0.0025  hc545_0019    -4762.15      501.23    -3742.32 4 
2456611.275393800  01   349.1514    -6.6688   0.0025   0.0025  hc545_0020    -4757.89      503.60    -3743.29 4 
2456611.275412700  01   349.1524    -6.6626   0.0025   0.0025  hc545_0021    -4753.62      505.96    -3744.26 4 
2456611.275431600  01   349.1529    -6.6563   0.0025   0.0025  hc545_0022    -4749.36      508.32    -3745.22 4 
2456611.275450500  01   349.1533    -6.6499   0.0025   0.0025  hc545_0023    -4745.09      510.68    -3746.19 4 
2456611.275469500  01   349.1539    -6.6437   0.0025   0.0025  hc545_0024    -4740.81      513.04    -3747.15 4 
2456611.275488400  01   349.1549    -6.6376   0.0025   0.0025  hc545_0025    -4736.54      515.40    -3748.11 4 
2456611.275507300  01   349.1559    -6.6314   0.0025   0.0025  hc545_0026    -4732.26      517.76    -3749.07 4 
2456611.275526200  01   349.1568    -6.6255   0.0025   0.0025  hc545_0027    -4727.98      520.12    -3750.03 4 
2456611.275545200  01   349.1575    -6.6191   0.0025   0.0025  hc545_0028    -4723.70      522.48    -3750.98 4 
2456611.275564100  01   349.1580    -6.6130   0.0025   0.0025  hc545_0029    -4719.41      524.84    -3751.94 4 
2456611.275583000  01   349.1590    -6.6064   0.0025   0.0025  hc545_0030    -4715.13      527.20    -3752.89 4 
2456611.275601900  01   349.1595    -6.6001   0.0025   0.0025  hc545_0031    -4710.84      529.56    -3753.84 4 
2456611.275620800  01   349.1608    -6.5940   0.0025   0.0025  hc545_0032    -4706.55      531.92    -3754.78 4 
2456611.275639800  01   349.1616    -6.5881   0.0025   0.0025  hc545_0033    -4702.25      534.28    -3755.73 4 
2456611.275658700  01   349.1621    -6.5815   0.0025   0.0025  hc545_0034    -4697.95      536.64    -3756.67 4 
2456611.275677600  01   349.1628    -6.5756   0.0025   0.0025  hc545_0035    -4693.66      539.00    -3757.62 4 
2456611.275696500  01   349.1637    -6.5693   0.0025   0.0025  hc545_0036    -4689.35      541.36    -3758.55 4 
2456611.275715500  01   349.1646    -6.5629   0.0025   0.0025  hc545_0037    -4685.05      543.71    -3759.49 4 
2456611.275734400  01   349.1654    -6.5565   0.0025   0.0025  hc545_0038    -4680.74      546.07    -3760.43 4 
2456611.275753300  01   349.1663    -6.5508   0.0025   0.0025  hc545_0039    -4676.43      548.43    -3761.36 4 
2456611.275772200  01   349.1672    -6.5449   0.0025   0.0025  hc545_0040    -4672.12      550.79    -3762.29 4 
2456611.275791200  01   349.1677    -6.5382   0.0025   0.0025  hc545_0041    -4667.81      553.14    -3763.22 4 
2456611.275810100  01   349.1684    -6.5324   0.0025   0.0025  hc545_0042    -4663.49      555.50    -3764.15 4 
2456611.275829000  01   349.1694    -6.5260   0.0025   0.0025  hc545_0043    -4659.17      557.85    -3765.08 4 
2456611.275847900  01   349.1697    -6.5198   0.0025   0.0025  hc545_0044    -4654.85      560.21    -3766.00 4 
2456611.275866900  01   349.1706    -6.5137   0.0025   0.0025  hc545_0045    -4650.53      562.57    -3766.92 4 
2456611.275885800  01   349.1714    -6.5077   0.0026   0.0026  hc545_0046    -4646.20      564.92    -3767.84 4 
2456611.275904700  01   349.1724    -6.5013   0.0025   0.0025  hc545_0047    -4641.87      567.28    -3768.76 4 
2456611.275923600  01   349.1735    -6.4950   0.0025   0.0025  hc545_0048    -4637.54      569.63    -3769.68 4 
2456611.275942600  01   349.1742    -6.4896   0.0025   0.0025  hc545_0049    -4633.21      571.98    -3770.59 4 
2456611.275961500  01   349.1749    -6.4827   0.0025   0.0025  hc545_0050    -4628.87      574.34    -3771.50 4 
2456611.275980400  01   349.1757    -6.4766   0.0025   0.0025  hc545_0051    -4624.53      576.69    -3772.41 4 
2456611.275999300  01   349.1766    -6.4705   0.0025   0.0025  hc545_0052    -4620.19      579.04    -3773.32 4 
2456611.276018300  01   349.1774    -6.4648   0.0025   0.0025  hc545_0053    -4615.85      581.40    -3774.23 4 
2456611.276037200  01   349.1782    -6.4585   0.0025   0.0025  hc545_0054    -4611.50      583.75    -3775.13 4 
2456611.276056100  01   349.1795    -6.4524   0.0025   0.0025  hc545_0055    -4607.16      586.10    -3776.03 4 
2456616.489731700  01    56.5833    23.8538   0.0023   0.0023  hc563_0001    -8767.91    -2906.53     -902.74 4 
2456616.489763200  01    56.5987    23.8897   0.0023   0.0023  hc563_0002    -8765.20    -2903.09     -906.38 4 
2456616.489794800  01    56.6138    23.9249   0.0023   0.0023  hc563_0003    -8762.48    -2899.65     -910.03 4 
2456616.489826300  01    56.6290    23.9606   0.0023   0.0023  hc563_0004    -8759.76    -2896.21     -913.67 4 
2456616.489857800  01    56.6446    23.9962   0.0023   0.0023  hc563_0005    -8757.03    -2892.76     -917.32 4 
2456616.489889400  01    56.6602    24.0318   0.0023   0.0023  hc563_0006    -8754.30    -2889.32     -920.96 4 
2456616.489920900  01    56.6752    24.0676   0.0023   0.0023  hc563_0008    -8751.57    -2885.87     -924.61 4 
2456616.489952500  01    56.6907    24.1025   0.0023   0.0023  hc563_0009    -8748.83    -2882.43     -928.25 4 
2456616.489977700  01    56.7033    24.1312   0.0023   0.0023  hc563_0010    -8746.64    -2879.67     -931.17 4 
2456616.490009200  01    56.7183    24.1671   0.0023   0.0023  hc563_0011    -8743.90    -2876.22     -934.81 4 
2456616.490040800  01    56.7337    24.2029   0.0023   0.0023  hc563_0012    -8741.16    -2872.77     -938.45 4 
2456616.490072300  01    56.7493    24.2386   0.0023   0.0023  hc563_0013    -8738.41    -2869.32     -942.10 4 
2456616.490103900  01    56.7650    24.2739   0.0023   0.0023  hc563_0014    -8735.65    -2865.87     -945.74 4 
2456616.490135400  01    56.7802    24.3101   0.0023   0.0023  hc563_0015    -8732.90    -2862.41     -949.38 4 
2456616.490166900  01    56.7959    24.3463   0.0023   0.0023  hc563_0016    -8730.14    -2858.96     -953.02 4 
2456622.306935100  01    22.1226    67.7665   0.0104   0.0104  hc583_0003    -9147.67    -3805.95      374.53 4 
2456622.307048700  01    20.6912    68.0540   0.0104   0.0104  hc583_0006    -9141.19    -3794.52      360.67 4 
2456622.307083600  01    20.2001    68.1429   0.0104   0.0104  hc583_0007    -9139.19    -3791.00      356.40 4 
2456626.690041400  01    56.0981    24.1354   0.0024   0.0024  hc598_0002    -7884.07    -2290.31    -1144.93 4 
2456626.690073000  01    56.1167    24.1751   0.0024   0.0024  hc598_0003    -7880.73    -2286.53    -1148.84 4 
2456626.690104500  01    56.1351    24.2142   0.0024   0.0024  hc598_0004    -7877.39    -2282.75    -1152.75 4 
2456626.690136000  01    56.1536    24.2529   0.0024   0.0024  hc598_0005    -7874.04    -2278.97    -1156.66 4 
2456626.690167600  01    56.1722    24.2919   0.0024   0.0024  hc598_0006    -7870.69    -2275.19    -1160.57 4 
2456626.690199100  01    56.1905    24.3310   0.0024   0.0024  hc598_0008    -7867.34    -2271.41    -1164.48 4 
2456626.690230600  01    56.2091    24.3701   0.0024   0.0024  hc598_0009    -7863.98    -2267.62    -1168.38 4 
2456626.690262200  01    56.2274    24.4096   0.0024   0.0024  hc598_0010    -7860.61    -2263.84    -1172.29 4 
2456626.690287400  01    56.2423    24.4403   0.0024   0.0024  hc598_0011    -7857.92    -2260.81    -1175.42 4 
2456626.690319000  01    56.2608    24.4796   0.0024   0.0024  hc598_0012    -7854.55    -2257.02    -1179.32 4 
2456626.690350500  01    56.2795    24.5190   0.0024   0.0024  hc598_0013    -7851.17    -2253.23    -1183.23 4 
2456626.690382000  01    56.2981    24.5581   0.0024   0.0024  hc598_0014    -7847.79    -2249.44    -1187.13 4 
2456626.690413600  01    56.3166    24.5977   0.0024   0.0024  hc598_0015    -7844.40    -2245.65    -1191.03 4 
2456626.690445100  01    56.3347    24.6373   0.0024   0.0024  hc598_0016    -7841.01    -2241.85    -1194.94 4 
2456629.004652100  01    31.1960    64.0740   0.0131   0.0131  hc606_0002    -8965.68    -3997.85      927.61 4 
2456629.004683600  01    30.7969    64.1929   0.0132   0.0132  hc606_0003    -8964.15    -3994.70      923.58 4 
2456629.004715200  01    30.3966    64.3127   0.0132   0.0132  hc606_0004    -8962.62    -3991.55      919.55 4 
2456635.700285800  01    59.1463    48.2692   0.0159   0.0159  hc629_0004    -8808.42    -4316.66     1668.52 4 
2456635.700323700  01    58.9249    48.4961   0.0160   0.0160  hc629_0005    -8807.09    -4313.00     1663.52 4 
2456635.700361600  01    58.7047    48.7268   0.0160   0.0160  hc629_0006    -8805.75    -4309.34     1658.52 4 
2456635.700396500  01    58.4773    48.9567   0.0160   0.0160  hc629_0007    -8804.51    -4305.96     1653.89 4 
2456642.399449300  01    61.3896    48.0558   0.0238   0.0238  hc652_0003    -8498.83    -4293.60     1956.92 4 
2456642.399480900  01    61.1146    48.3454   0.0238   0.0238  hc652_0004    -8497.84    -4290.51     1952.57 4 
2456645.900262100  01    95.5874    59.1640   0.0120   0.0120  hc664_0003    -8131.39    -3720.87     1324.40 4 
2456645.900300000  01    95.6910    59.3846   0.0120   0.0120  hc664_0004    -8129.61    -3716.82     1318.94 4 
2456645.900337800  01    95.8030    59.6070   0.0120   0.0120  hc664_0005    -8127.83    -3712.77     1313.47 4 
2456645.900375700  01    95.9130    59.8284   0.0120   0.0120  hc664_0006    -8126.04    -3708.71     1308.00 4 
2456649.098284200  01    71.0706    37.3848   0.0453   0.0453  hc675_0003    -8206.39    -4323.12     2312.96 4 
2456649.098309400  01    70.7997    37.7920   0.0456   0.0456  hc675_0004    -8205.75    -4320.65     2309.35 4 
2456652.601431300  01   138.1702    72.8674   0.0147   0.0147  hc687_0003    -7750.06    -3466.48     1261.24 4 
2456652.601462800  01   138.8616    73.0200   0.0147   0.0147  hc687_0004    -7748.46    -3462.95     1256.44 4 
2456652.601494400  01   139.5717    73.1740   0.0147   0.0147  hc687_0005    -7746.86    -3459.41     1251.63 4 
2456652.601525900  01   140.2833    73.3236   0.0147   0.0147  hc687_0006    -7745.26    -3455.88     1246.83 4 
2456659.299210200  01   151.3529    63.5093   0.0175   0.0175  hc710_0004    -7515.05    -3531.48     1622.89 4 
2456659.299235500  01   151.8364    63.6236   0.0175   0.0175  hc710_0005    -7513.97    -3528.66     1618.90 4 
2456659.299260700  01   152.3197    63.7379   0.0175   0.0175  hc710_0006    -7512.90    -3525.84     1614.90 4 
2456659.299283100  01   152.8163    63.8465   0.0175   0.0175  hc710_0007    -7511.95    -3523.34     1611.36 4 
2456662.495883000  01   196.1463   -54.4376   0.0513   0.0513  hc721_0005    -7569.92    -4254.28     2832.99 4 
2456665.995105500  01   136.0291    37.8553   0.0190   0.0190  hc733_0005    -7325.17    -3803.03     2296.56 4 
2456682.891193700  01   144.2590    39.9174   0.0107   0.0107  hc791_0002    -6506.93    -3181.16     1999.89 4 
2456682.891231500  01   144.5125    40.0532   0.0107   0.0107  hc791_0003    -6505.79    -3176.65     1992.94 4 
2456682.891269400  01   144.7733    40.1826   0.0107   0.0107  hc791_0004    -6504.65    -3172.14     1985.98 4 
2456682.891307200  01   145.0315    40.3151   0.0107   0.0107  hc791_0005    -6503.50    -3167.62     1979.01 4 
2456687.893186000  01   101.0058    22.9443   0.0067   0.0067  hc808_0004     4882.09     1900.98     -748.28 4 
2456687.893255400  01   101.2001    22.8581   0.0067   0.0067  hc808_0005     4895.89     1896.72     -734.19 4 
2456687.893324800  01   101.3922    22.7700   0.0067   0.0067  hc808_0006     4909.64     1892.44     -720.10 4 
2456695.987204300  01   217.3727   -45.8094   0.0104   0.0104  hc836_0002    -5994.42    -3961.14     3796.83 4 
2456695.987242100  01   217.6411   -45.7258   0.0104   0.0104  hc836_0003    -5995.13    -3957.35     3790.05 4 
2456695.987280000  01   217.9091   -45.6427   0.0104   0.0104  hc836_0004    -5995.83    -3953.55     3783.26 4 
2456696.287521200  01   163.3166    33.5296   0.0104   0.0104  hc837_0002    -5983.69    -2941.01     2074.94 4 
2456696.287552800  01   163.5428    33.6009   0.0104   0.0104  hc837_0003    -5982.99    -2937.11     2068.66 4 
2456696.287584300  01   163.7659    33.6775   0.0104   0.0104  hc837_0004    -5982.28    -2933.21     2062.38 4 
2456696.287615800  01   163.9782    33.7761   0.0104   0.0104  hc837_0005    -5981.57    -2929.31     2056.10 4 
2456696.287647400  01   164.2047    33.8512   0.0104   0.0104  hc837_0006    -5980.85    -2925.40     2049.82 4 
2456706.182780400  01   185.9146   -12.1499   0.0120   0.0120  hc871_0002    -5619.67    -3468.44     3311.18 4 
2456706.182812000  01   186.1185   -12.0924   0.0120   0.0120  hc871_0003    -5620.17    -3465.00     3305.02 4 
2456706.182843500  01   186.3107   -12.0003   0.0120   0.0120  hc871_0004    -5620.67    -3461.55     3298.85 4 
2456714.981329500  01    96.3080    -1.1045   0.0059   0.0059  hc901_0004     6767.85     1734.16       74.85 4 
2456714.981405200  01    96.5007    -1.1437   0.0059   0.0059  hc901_0005     6779.03     1729.58       87.90 4 
2456714.981480900  01    96.6908    -1.1874   0.0059   0.0059  hc901_0006     6790.18     1724.98      100.95 4 
2456719.577313800  01   186.9109   -16.3077   0.0101   0.0101  hc917_0003    -5068.70    -3388.33     3638.99 4 
2456719.577358000  01   187.1412   -16.2359   0.0101   0.0101  hc917_0004    -5070.28    -3383.61     3630.03 4 
2456719.577402100  01   187.3727   -16.1609   0.0101   0.0101  hc917_0005    -5071.86    -3378.88     3621.07 4 
2456719.577446300  01   187.6021   -16.0852   0.0101   0.0101  hc917_0006    -5073.43    -3374.15     3612.10 4 
