1 53 1988  9 17.94000 562 99 188 3 1 1 1 4   99.678   49.280    0.7    0.7
1 53 1988  9 18.75815 562 99 188 3 1 1 1 4  -54.913  -56.010    0.7    0.7
1 53 1988  9 18.76014 562 99 188 3 1 1 1 4  -54.868  -56.050    0.7    0.7
1 53 1988  9 19.88927 562 99 188 3 1 1 1 4  -34.698  -28.310    0.7    0.7
1 53 1988  9 19.89043 562 99 188 3 1 1 1 4  -34.638  -27.680    0.7    0.7
1 53 1988  9 19.89175 562 99 188 3 1 1 1 4  -34.773  -27.830    0.7    0.7
1 53 1988  9 19.89603 562 99 188 3 1 1 1 4  -34.788  -27.530    0.7    0.7
1 53 1988  9 19.89687 562 99 188 3 1 1 1 4  -34.518  -27.220    0.7    0.7
1 53 1988  9 19.90097 562 99 188 3 1 1 1 4  -35.013  -27.220    0.7    0.7
1 53 1988  9 23.71497 562 99 188 3 1 1 1 4  -24.228  -28.970    0.7    0.7
1 53 1988  9 23.71658 562 99 188 3 1 1 1 4  -25.563  -28.160    0.7    0.7
1 53 1988  9 23.71762 562 99 188 3 1 1 1 4  -25.443  -29.110    0.7    0.7
1 53 1988  9 24.98367 562 99 188 3 1 1 1 4  -21.424  -29.880    0.7    0.7
1 53 1988  9 24.98794 562 99 188 3 1 1 1 4  -22.758  -28.900    0.7    0.7
1 53 1988  9 27.83765 562 99 188 3 1 1 1 4   86.750   15.400    0.7    0.7
1 53 1988  9 27.84855 562 99 188 3 1 1 1 4   88.819   21.120    0.7    0.7
1 53 1988  9 27.85554 562 99 188 3 1 1 1 4   89.524   23.790    0.7    0.7
1 53 1988  9 27.86237 562 99 188 3 1 1 1 4   89.943   27.010    0.7    0.7
1 53 1988  9 27.86431 562 99 188 3 1 1 1 4   89.494   27.260    0.7    0.7
1 53 1988  9 27.86792 562 99 188 3 1 1 1 4   89.628   28.440    0.7    0.7
1 53 1988  9 28.80604 562 99 188 3 1 1 1 4  -10.898  -30.270    0.7    0.7
1 53 1988  9 30.72229 562 99 188 3 1 1 1 4   61.950   57.470    0.7    0.7
1 53 1988  9 30.72365 562 99 188 3 1 1 1 4   62.369   57.720    0.7    0.7
1 53 1988  9 30.72703 562 99 188 3 1 1 1 4   59.491   58.060    0.7    0.7
1 53 1988  9 30.72888 562 99 188 3 1 1 1 4   57.753   59.610    0.7    0.7
1 53 1988  9 30.73367 562 99 188 3 1 1 1 4   57.003   59.340    0.7    0.7
1 53 1988  9 30.73523 562 99 188 3 1 1 1 4   55.174   59.880    0.7    0.7
1 53 1988 10  1.85215 562 99 188 3 1 1 1 4   40.094   25.210    0.7    0.7
1 53 1988 10  1.85571 562 99 188 3 1 1 1 4   40.603   25.360    0.7    0.7
1 53 1988 10  1.85978 562 99 188 3 1 1 1 4   41.203   25.160    0.7    0.7
1 53 1988 10  4.69763 562 99 188 3 1 1 1 4  -63.065    2.180    0.7    0.7
1 53 1988 10  4.70128 562 99 188 3 1 1 1 4  -64.818    0.660    0.7    0.7
1 53 1988 10  4.70536 562 99 188 3 1 1 1 4  -65.313   -1.890    0.7    0.7
1 53 1988 10  4.71205 562 99 188 3 1 1 1 4  -66.272   -3.660    0.7    0.7
1 53 1988 10  4.71444 562 99 188 3 1 1 1 4  -66.587   -5.380    0.7    0.7
1 53 1988 10  4.87104 562 99 188 3 1 1 1 4  -42.637   -7.360    0.7    0.7
1 53 1988 10  4.87207 562 99 188 3 1 1 1 4  -42.622   -6.920    0.7    0.7
1 53 1988 10  4.87466 562 99 188 3 1 1 1 4  -43.521   -7.590    0.7    0.7
1 53 1988 10  4.87768 562 99 188 3 1 1 1 4  -43.701   -7.180    0.7    0.7
1 53 1988 10  4.87852 562 99 188 3 1 1 1 4  -43.956   -7.170    0.7    0.7
1 53 1988 10  4.87933 562 99 188 3 1 1 1 4  -44.900   -6.900    0.7    0.7
1 53 1988 10  4.88412 562 99 188 3 1 1 1 4  -46.833   -7.660    0.7    0.7
1 53 1988 10  4.88522 562 99 188 3 1 1 1 4  -45.784   -7.770    0.7    0.7
1 53 1988 10  4.88632 562 99 188 3 1 1 1 4  -46.414   -7.370    0.7    0.7
1 53 1988 10  7.88783 562 99 188 3 1 1 1 4   17.278  -19.120    0.7    0.7
1 53 1988 10  7.88792 562 99 188 3 1 1 1 4   17.278  -19.120    0.7    0.7
1 53 1988 10  7.89178 562 99 188 3 1 1 1 4   17.503  -19.230    0.7    0.7
1 53 1988 10  7.89187 562 99 188 3 1 1 1 4   17.503  -19.230    0.7    0.7
1 53 1988 10  7.89650 562 99 188 3 1 1 1 4   19.871  -18.110    0.7    0.7
1 53 1988 10  7.89656 562 99 188 3 1 1 1 4   19.871  -18.110    0.7    0.7
1 53 1988 10  7.90149 562 99 188 3 1 1 1 4   21.414  -18.600    0.7    0.7
1 53 1988 10  7.90279 562 99 188 3 1 1 1 4   23.572  -18.760    0.7    0.7
1 53 1988 10  7.90409 562 99 188 3 1 1 1 4   22.478  -18.650    0.7    0.7
1 53 1988 10  7.90807 562 99 188 3 1 1 1 4   24.801  -17.740    0.7    0.7
1 53 1988 10  7.90914 562 99 188 3 1 1 1 4   25.640  -18.090    0.7    0.7
1 53 1988 10  7.91013 562 99 188 3 1 1 1 4   25.400  -18.630    0.7    0.7
1 53 1988 10  8.70127 562 99 188 3 1 1 1 4  -43.127  -13.320    0.7    0.7
1 53 1988 10  8.70254 562 99 188 3 1 1 1 4  -43.817  -13.400    0.7    0.7
1 53 1988 10  8.70867 562 99 188 3 1 1 1 4  -45.899  -13.520    0.7    0.7
1 53 1988 10  8.70951 562 99 188 3 1 1 1 4  -46.064  -14.150    0.7    0.7
1 53 1988 10  8.84605 562 99 188 3 1 1 1 4  -80.260  -55.520    0.7    0.7
1 53 1988 10  8.84743 562 99 188 3 1 1 1 4  -80.050  -55.080    0.7    0.7
1 53 1988 10  8.84954 562 99 188 3 1 1 1 4  -79.061  -56.300    0.7    0.7
1 53 1988 10  8.85396 562 99 188 3 1 1 1 4  -78.492  -57.600    0.7    0.7
1 53 1988 10  8.85489 562 99 188 3 1 1 1 4  -77.682  -57.690    0.7    0.7
1 53 1988 10  8.85671 562 99 188 3 1 1 1 4  -77.458  -57.760    0.7    0.7
1 53 1988 10  8.86130 562 99 188 3 1 1 1 4  -74.940  -58.120    0.7    0.7
1 53 1988 10  8.86217 562 99 188 3 1 1 1 4  -74.805  -58.890    0.7    0.7
1 53 1988 10  8.86296 562 99 188 3 1 1 1 4  -74.356  -59.100    0.7    0.7
1 53 1988 10 10.76026 562 99 188 3 1 1 1 4   18.162   30.740    0.7    0.7
1 53 1988 10 10.76968 562 99 188 3 1 1 1 4   17.457   28.430    0.7    0.7
1 53 1988 10 11.71331 562 99 188 3 1 1 1 4   25.579   -8.940    0.7    0.7
1 53 1988 10 11.71530 562 99 188 3 1 1 1 4   26.957  -10.070    0.7    0.7
1 53 1988 10 11.72327 562 99 188 3 1 1 1 4   30.254   -9.550    0.7    0.7
1 53 1988 10 11.72434 562 99 188 3 1 1 1 4   29.864   -9.450    0.7    0.7
1 53 1988 10 11.72530 562 99 188 3 1 1 1 4   29.594  -10.190    0.7    0.7
1 53 1988 10 12.67497 562 99 188 3 1 1 1 4  -67.669  -53.950    0.7    0.7
1 53 1988 10 12.67638 562 99 188 3 1 1 1 4  -66.635  -54.260    0.7    0.7
1 53 1988 10 12.67753 562 99 188 3 1 1 1 4  -66.710  -54.360    0.7    0.7
1 53 1988 10 12.68169 562 99 188 3 1 1 1 4  -64.552  -55.480    0.7    0.7
1 53 1988 10 12.68259 562 99 188 3 1 1 1 4  -64.792  -55.200    0.7    0.7 0
1 53 1988 10 12.68343 562 99 188 3 1 1 1 4  -64.028  -56.150    0.7    0.7 0
1 53 1988 10 14.74467 562 99 188 3 1 1 1 4  301.555  -60.650    0.7    0.7 0
1 53 1988 10 14.74550 562 99 188 3 1 1 1 4  -16.213   53.530    0.7    0.7 0
1 53 1988 10 14.74623 562 99 188 3 1 1 1 4  -14.610   54.230    0.7    0.7 0
1 53 1988 10 14.90661 562 99 188 3 1 1 1 4  -86.594  -20.470    0.7    0.7 0
1 53 1988 10 14.90756 562 99 188 3 1 1 1 4  -86.519  -21.370    0.7    0.7 0
1 53 1988 10 14.90840 562 99 188 3 1 1 1 4  -88.093  -21.410    0.7    0.7 0
1 53 1988  9 17.93906 562 99 188 1 1 1 1 4  -25.883   -9.260    1.2    1.2 0
1 53 1988  9 17.94000 562 99 188 1 1 1 1 4  -28.012   -8.810    1.2    1.2 0
1 53 1988  9 18.75815 562 99 188 1 1 1 1 4   28.222   13.650    1.2    1.2 0
1 53 1988  9 18.76014 562 99 188 1 1 1 1 4   29.106   13.860    1.2    1.2 0
1 53 1988  9 19.88927 562 99 188 1 1 1 1 4  -27.591  -17.560    1.2    1.2 0
1 53 1988  9 19.89043 562 99 188 1 1 1 1 4  -27.096  -17.870    1.2    1.2 0
1 53 1988  9 19.89175 562 99 188 1 1 1 1 4  -26.871  -17.690    1.2    1.2 0
1 53 1988  9 19.89603 562 99 188 1 1 1 1 4  -26.226  -18.460    1.2    1.2 0
1 53 1988  9 19.89687 562 99 188 1 1 1 1 4  -26.151  -18.630    1.2    1.2 0
1 53 1988  9 19.90097 562 99 188 1 1 1 1 4  -24.397  -18.740    1.2    1.2 0
1 53 1988  9 23.71497 562 99 188 1 1 1 1 4  -28.487  -16.830    1.2    1.2 0
1 53 1988  9 23.71658 562 99 188 1 1 1 1 4  -27.002  -18.200    1.2    1.2 0
1 53 1988  9 23.71762 562 99 188 1 1 1 1 4  -27.407  -16.040    1.2    1.2 0
1 53 1988  9 23.86893 562 99 188 1 1 1 1 4   28.891   16.190    1.2    1.2 0
1 53 1988  9 23.87020 562 99 188 1 1 1 1 4   28.711   16.190    1.2    1.2 0
1 53 1988  9 23.87586 562 99 188 1 1 1 1 4   27.167   16.250    1.2    1.2 0
1 53 1988  9 23.87667 562 99 188 1 1 1 1 4   27.677   17.050    1.2    1.2 0
1 53 1988  9 23.87771 562 99 188 1 1 1 1 4   27.197   17.930    1.2    1.2 0
1 53 1988  9 27.83765 562 99 188 1 1 1 1 4  -28.947  -11.670    1.2    1.2 0
1 53 1988  9 27.84855 562 99 188 1 1 1 1 4  -28.632  -14.980    1.2    1.2 0
1 53 1988  9 27.85554 562 99 188 1 1 1 1 4  -28.287  -15.760    1.2    1.2 0
1 53 1988  9 27.86237 562 99 188 1 1 1 1 4  -28.977  -17.330    1.2    1.2 0
1 53 1988  9 27.86431 562 99 188 1 1 1 1 4  -28.572  -17.320    1.2    1.2 0
1 53 1988  9 27.86792 562 99 188 1 1 1 1 4  -27.058  -18.140    1.2    1.2 0
1 53 1988  9 30.72229 562 99 188 1 1 1 1 4  -28.284  -14.410    1.2    1.2 0
1 53 1988  9 30.72365 562 99 188 1 1 1 1 4  -28.988  -14.350    1.2    1.2 0
1 53 1988  9 30.72703 562 99 188 1 1 1 1 4  -28.134  -15.020    1.2    1.2 0
1 53 1988  9 30.72888 562 99 188 1 1 1 1 4  -26.680  -16.050    1.2    1.2 0
1 53 1988  9 30.73367 562 99 188 1 1 1 1 4  -27.190  -16.970    1.2    1.2 0
1 53 1988  9 30.73523 562 99 188 1 1 1 1 4  -25.091  -17.390    1.2    1.2 0
1 53 1988  9 30.88843 562 99 188 1 1 1 1 4   26.665   16.450    1.2    1.2 0
1 53 1988  9 30.89141 562 99 188 1 1 1 1 4   27.624   16.580    1.2    1.2 0
1 53 1988  9 30.89407 562 99 188 1 1 1 1 4   27.804   16.580    1.2    1.2 0
1 53 1988 10  1.85215 562 99 188 1 1 1 1 4   26.964   17.410    1.2    1.2 0
1 53 1988 10  1.85571 562 99 188 1 1 1 1 4   26.005   16.670    1.2    1.2 0
1 53 1988 10  1.85978 562 99 188 1 1 1 1 4   24.985   17.910    1.2    1.2 0
1 53 1988 10  2.67573 562 99 188 1 1 1 1 4  -17.851  -17.870    1.2    1.2 0
1 53 1988 10  2.67694 562 99 188 1 1 1 1 4  -20.384  -17.390    1.2    1.2 0
1 53 1988 10  2.67798 562 99 188 1 1 1 1 4  -22.242  -17.060    1.2    1.2 0
1 53 1988 10  4.69763 562 99 188 1 1 1 1 4   27.396   11.440    1.2    1.2 0
1 53 1988 10  4.70128 562 99 188 1 1 1 1 4   28.700   13.100    1.2    1.2 0
1 53 1988 10  4.70536 562 99 188 1 1 1 1 4   27.591   13.790    1.2    1.2 0
1 53 1988 10  4.71205 562 99 188 1 1 1 1 4   27.021   14.690    1.2    1.2 0
1 53 1988 10  4.71444 562 99 188 1 1 1 1 4   26.002   15.830    1.2    1.2 0
1 53 1988 10  4.71647 562 99 188 1 1 1 1 4   25.642   16.170    1.2    1.2 0
1 53 1988 10  4.87104 562 99 188 1 1 1 1 4  -26.272  -14.900    1.2    1.2 0
1 53 1988 10  4.87207 562 99 188 1 1 1 1 4  -26.242  -16.480    1.2    1.2 0
1 53 1988 10  4.87466 562 99 188 1 1 1 1 4  -26.017  -15.540    1.2    1.2 0
1 53 1988 10  4.87768 562 99 188 1 1 1 1 4  -25.762  -16.630    1.2    1.2 0
1 53 1988 10  4.87852 562 99 188 1 1 1 1 4  -25.492  -16.700    1.2    1.2 0
1 53 1988 10  4.87933 562 99 188 1 1 1 1 4  -25.073  -17.340    1.2    1.2 0
1 53 1988 10  4.88412 562 99 188 1 1 1 1 4  -23.469  -16.650    1.2    1.2 0
1 53 1988 10  4.88522 562 99 188 1 1 1 1 4  -24.698  -16.520    1.2    1.2 0
1 53 1988 10  4.88632 562 99 188 1 1 1 1 4  -23.694  -17.250    1.2    1.2 0
1 53 1988 10  7.73409 562 99 188 1 1 1 1 4  -29.701  -13.400    1.2    1.2 0
1 53 1988 10  7.73531 562 99 188 1 1 1 1 4  -29.956  -13.690    1.2    1.2 0
1 53 1988 10  7.73616 562 99 188 1 1 1 1 4  -29.237  -14.030    1.2    1.2 0
1 53 1988 10  7.74218 562 99 188 1 1 1 1 4  -28.188  -15.440    1.2    1.2 0
1 53 1988 10  7.74410 562 99 188 1 1 1 1 4  -27.453  -15.250    1.2    1.2 0
1 53 1988 10  7.74733 562 99 188 1 1 1 1 4  -27.588  -16.220    1.2    1.2 0
1 53 1988 10  7.74817 562 99 188 1 1 1 1 4  -27.424  -15.750    1.2    1.2 0
1 53 1988 10  7.74888 562 99 188 1 1 1 1 4  -28.203  -16.090    1.2    1.2 0
1 53 1988 10  7.75202 562 99 188 1 1 1 1 4  -25.880  -18.190    1.2    1.2 0
1 53 1988 10  7.75345 562 99 188 1 1 1 1 4  -25.071  -16.810    1.2    1.2 0
1 53 1988 10  7.75470 562 99 188 1 1 1 1 4  -25.416  -16.620    1.2    1.2 0
1 53 1988  9 17.93790 562 99 188 2 1 1 1 4   72.145   40.600    1.2    1.2 0
1 53 1988  9 17.94000 562 99 188 2 1 1 1 4   71.665   40.470    1.2    1.2 0
1 53 1988  9 18.75815 562 99 188 2 1 1 1 4  -26.692  -42.360    1.2    1.2 0
1 53 1988  9 18.76014 562 99 188 2 1 1 1 4  -25.762  -42.190    1.2    1.2 0
1 53 1988  9 19.80203 562 99 188 2 1 1 1 4  -73.850  -36.420    1.2    1.2 0
1 53 1988  9 19.80423 562 99 188 2 1 1 1 4  -72.576  -37.260    1.2    1.2 0
1 53 1988  9 19.80948 562 99 188 2 1 1 1 4  -72.306  -38.010    1.2    1.2 0
1 53 1988  9 19.81038 562 99 188 2 1 1 1 4  -72.096  -38.490    1.2    1.2 0
1 53 1988  9 19.81116 562 99 188 2 1 1 1 4  -72.246  -38.580    1.2    1.2 0
1 53 1988  9 19.88927 562 99 188 2 1 1 1 4  -62.289  -45.870    1.2    1.2 0
1 53 1988  9 19.89043 562 99 188 2 1 1 1 4  -61.734  -45.550    1.2    1.2 0
1 53 1988  9 19.89175 562 99 188 2 1 1 1 4  -61.644  -45.520    1.2    1.2 0
1 53 1988  9 19.89603 562 99 188 2 1 1 1 4  -61.014  -45.990    1.2    1.2 0
1 53 1988  9 19.89687 562 99 188 2 1 1 1 4  -60.669  -45.850    1.2    1.2 0
1 53 1988  9 19.90097 562 99 188 2 1 1 1 4  -59.410  -45.960    1.2    1.2 0
1 53 1988  9 23.71497 562 99 188 2 1 1 1 4  -52.715  -45.800    1.2    1.2 0
1 53 1988  9 23.71658 562 99 188 2 1 1 1 4  -52.565  -46.360    1.2    1.2 0
1 53 1988  9 23.71762 562 99 188 2 1 1 1 4  -52.850  -45.150    1.2    1.2 0
1 53 1988  9 27.83765 562 99 188 2 1 1 1 4   57.803    3.730    1.2    1.2 0
1 53 1988  9 27.84855 562 99 188 2 1 1 1 4   60.187    6.140    1.2    1.2 0
1 53 1988  9 27.85554 562 99 188 2 1 1 1 4   61.236    8.030    1.2    1.2 0
1 53 1988  9 27.86237 562 99 188 2 1 1 1 4   60.967    9.680    1.2    1.2 0
1 53 1988  9 27.86431 562 99 188 2 1 1 1 4   60.922    9.940    1.2    1.2 0
1 53 1988  9 27.86792 562 99 188 2 1 1 1 4   62.570   10.300    1.2    1.2 0
1 53 1988  9 30.72229 562 99 188 2 1 1 1 4   33.665   43.060    1.2    1.2 0
1 53 1988  9 30.72365 562 99 188 2 1 1 1 4   33.380   43.370    1.2    1.2 0
1 53 1988  9 30.72703 562 99 188 2 1 1 1 4   31.357   43.040    1.2    1.2 0
1 53 1988  9 30.72888 562 99 188 2 1 1 1 4   31.072   43.560    1.2    1.2 0
1 53 1988  9 30.73367 562 99 188 2 1 1 1 4   29.813   42.370    1.2    1.2 0
1 53 1988  9 30.73523 562 99 188 2 1 1 1 4   30.083   42.490    1.2    1.2 0
1 53 1988 10  1.85215 562 99 188 2 1 1 1 4   67.058   42.620    1.2    1.2 0
1 53 1988 10  1.85571 562 99 188 2 1 1 1 4   66.608   42.030    1.2    1.2 0
1 53 1988 10  1.85978 562 99 188 2 1 1 1 4   66.188   43.070    1.2    1.2 0
1 53 1988 10  4.69763 562 99 188 2 1 1 1 4  -35.669   13.620    1.2    1.2 0
1 53 1988 10  4.70128 562 99 188 2 1 1 1 4  -36.118   13.760    1.2    1.2 0
1 53 1988 10  4.70536 562 99 188 2 1 1 1 4  -37.722   11.900    1.2    1.2 0
1 53 1988 10  4.71205 562 99 188 2 1 1 1 4  -39.251   11.030    1.2    1.2 0
1 53 1988 10  4.71444 562 99 188 2 1 1 1 4  -40.584   10.450    1.2    1.2 0
1 53 1988 10  4.87104 562 99 188 2 1 1 1 4  -68.909  -22.260    1.2    1.2 0
1 53 1988 10  4.87207 562 99 188 2 1 1 1 4  -68.864  -23.400    1.2    1.2 0
1 53 1988 10  4.87466 562 99 188 2 1 1 1 4  -69.538  -23.130    1.2    1.2 0
1 53 1988 10  4.87768 562 99 188 2 1 1 1 4  -69.464  -23.810    1.2    1.2 0
1 53 1988 10  4.87852 562 99 188 2 1 1 1 4  -69.449  -23.870    1.2    1.2 0
1 53 1988 10  4.87933 562 99 188 2 1 1 1 4  -69.973  -24.240    1.2    1.2 0
1 53 1988 10  4.88412 562 99 188 2 1 1 1 4  -70.303  -24.310    1.2    1.2 0
1 53 1988 10  4.88522 562 99 188 2 1 1 1 4  -70.483  -24.290    1.2    1.2 0
1 53 1988 10  4.88632 562 99 188 2 1 1 1 4  -70.108  -24.620    1.2    1.2 0