H7492_0035_SR2.IMG  2009 11 05  08 12 45.138    1571.18   -3073.30   -3135.23  1  0.19322  0.00196
H7492_0036_SR2.IMG  2009 11 05  08 12 45.683    1570.60   -3072.83   -3137.08  1  0.18642  0.00198
H7492_0037_SR2.IMG  2009 11 05  08 12 46.228    1570.03   -3072.36   -3138.94  1  0.17959  0.00199
H7492_0038_SR2.IMG  2009 11 05  08 12 46.773    1569.46   -3071.89   -3140.80  1  0.17280  0.00201
H7492_0039_SR2.IMG  2009 11 05  08 12 47.318    1568.88   -3071.41   -3142.66  1  0.16606  0.00202
H7492_0040_SR2.IMG  2009 11 05  08 12 47.863    1568.31   -3070.94   -3144.51  1  0.15976  0.00204
H7492_0041_SR2.IMG  2009 11 05  08 12 48.408    1567.74   -3070.47   -3146.37  1  0.15307  0.00206
H7492_0042_SR2.IMG  2009 11 05  08 12 48.953    1567.16   -3069.99   -3148.22  0  0.14654  0.00208
H7492_0043_SR2.IMG  2009 11 05  08 12 49.498    1566.59   -3069.52   -3150.08  0  0.14002  0.00210
H7492_0044_SR2.IMG  2009 11 05  08 12 50.043    1566.01   -3069.04   -3151.93  0  0.13357  0.00212
H7492_0045_SR2.IMG  2009 11 05  08 12 50.588    1565.44   -3068.57   -3153.79  0  0.12723  0.00214
H7492_0046_SR2.IMG  2009 11 05  08 12 51.133    1564.86   -3068.09   -3155.64  0  0.12098  0.00216
H7492_0047_SR2.IMG  2009 11 05  08 12 51.678    1564.29   -3067.62   -3157.50  0  0.11477  0.00219
H7492_0048_SR2.IMG  2009 11 05  08 12 52.223    1563.71   -3067.14   -3159.35  0  0.10873  0.00221
H7492_0049_SR2.IMG  2009 11 05  08 12 52.768    1563.14   -3066.66   -3161.20  0  0.10274  0.00224
H7492_0050_SR2.IMG  2009 11 05  08 12 53.313    1562.56   -3066.19   -3163.06  0  0.09693  0.00226
H7492_0051_SR2.IMG  2009 11 05  08 12 53.858    1561.98   -3065.71   -3164.91  0  0.09136  0.00229
H7492_0052_SR2.IMG  2009 11 05  08 12 54.403    1561.41   -3065.23   -3166.76  0  0.08592  0.00231
H7492_0053_SR2.IMG  2009 11 05  08 12 54.948    1560.83   -3064.75   -3168.61  0  0.08069  0.00233
H7492_0054_SR2.IMG  2009 11 05  08 12 55.493    1560.26   -3064.27   -3170.46  0  0.07591  0.00234
H7492_0070_SR2.IMG  2009 11 05  08 13 04.213    1551.00   -3056.56   -3200.03  0  0.08306  0.00233
H7492_0071_SR2.IMG  2009 11 05  08 13 04.758    1550.42   -3056.08   -3201.87  0  0.08829  0.00234
H7492_0072_SR2.IMG  2009 11 05  08 13 05.303    1549.84   -3055.59   -3203.71  0  0.09380  0.00233
H7492_0073_SR2.IMG  2009 11 05  08 13 05.848    1549.26   -3055.11   -3205.56  0  0.09947  0.00233
H7492_0074_SR2.IMG  2009 11 05  08 13 06.393    1548.68   -3054.62   -3207.40  0  0.10530  0.00231
H7492_0075_SR2.IMG  2009 11 05  08 13 06.938    1548.10   -3054.14   -3209.24  0  0.11125  0.00230
H7492_0076_SR2.IMG  2009 11 05  08 13 07.483    1547.52   -3053.65   -3211.09  0  0.11730  0.00229
H7492_0077_SR2.IMG  2009 11 05  08 13 08.028    1546.94   -3053.16   -3212.93  1  0.12344  0.00228
H7492_0078_SR2.IMG  2009 11 05  08 13 08.573    1546.36   -3052.67   -3214.77  1  0.12965  0.00226
H7492_0079_SR2.IMG  2009 11 05  08 13 09.118    1545.78   -3052.19   -3216.61  1  0.13612  0.00225
H7492_0080_SR2.IMG  2009 11 05  08 13 09.663    1545.20   -3051.70   -3218.45  1  0.14226  0.00224
H7492_0081_SR2.IMG  2009 11 05  08 13 10.208    1544.62   -3051.21   -3220.29  1  0.14890  0.00222
H7492_0082_SR2.IMG  2009 11 05  08 13 10.753    1544.03   -3050.72   -3222.13  1  0.15519  0.00221
H7492_0083_SR2.IMG  2009 11 05  08 13 11.298    1543.45   -3050.23   -3223.97  1  0.16192  0.00220
H7492_0084_SR2.IMG  2009 11 05  08 13 11.843    1542.87   -3049.74   -3225.81  1  0.16828  0.00219
H9700_0048_SR2.IMG  2011 08 09  01 58 59.240    1752.53    6283.28    2166.67  1  0.22626  0.00233
H9700_0049_SR2.IMG  2011 08 09  01 58 59.785    1752.83    6282.04    2167.46  1  0.22258  0.00233
H9700_0050_SR2.IMG  2011 08 09  01 59 00.330    1753.13    6280.79    2168.25  1  0.21899  0.00233
H9700_0051_SR2.IMG  2011 08 09  01 59 00.875    1753.43    6279.54    2169.03  1  0.21491  0.00234
H9700_0052_SR2.IMG  2011 08 09  01 59 01.420    1753.72    6278.29    2169.82  1  0.21139  0.00234
H9700_0053_SR2.IMG  2011 08 09  01 59 01.965    1754.02    6277.04    2170.60  1  0.20791  0.00234
H9700_0054_SR2.IMG  2011 08 09  01 59 02.510    1754.32    6275.80    2171.39  1  0.20418  0.00234
H9700_0055_SR2.IMG  2011 08 09  01 59 03.055    1754.61    6274.55    2172.17  1  0.20038  0.00234
H9700_0056_SR2.IMG  2011 08 09  01 59 03.600    1754.91    6273.30    2172.96  1  0.19678  0.00234
H9700_0057_SR2.IMG  2011 08 09  01 59 04.145    1755.21    6272.05    2173.74  1  0.19318  0.00234
H9700_0058_SR2.IMG  2011 08 09  01 59 04.690    1755.51    6270.80    2174.53  1  0.18996  0.00234
H9700_0059_SR2.IMG  2011 08 09  01 59 05.235    1755.80    6269.55    2175.31  0  0.18632  0.00233
H9700_0060_SR2.IMG  2011 08 09  01 59 05.780    1756.10    6268.30    2176.10  0  0.18271  0.00233
H9700_0061_SR2.IMG  2011 08 09  01 59 06.325    1756.40    6267.05    2176.88  0  0.17937  0.00233
H9700_0062_SR2.IMG  2011 08 09  01 59 06.870    1756.69    6265.80    2177.66  0  0.17583  0.00233
H9700_0063_SR2.IMG  2011 08 09  01 59 07.415    1756.99    6264.55    2178.45  0  0.17264  0.00232
H9700_0064_SR2.IMG  2011 08 09  01 59 07.960    1757.29    6263.30    2179.23  0  0.16927  0.00232
H9700_0065_SR2.IMG  2011 08 09  01 59 08.505    1757.58    6262.05    2180.02  0  0.16598  0.00232
H9700_0066_SR2.IMG  2011 08 09  01 59 09.050    1757.88    6260.79    2180.80  0  0.16299  0.00231
H9700_0067_SR2.IMG  2011 08 09  01 59 09.595    1758.17    6259.54    2181.59  0  0.15944  0.00230
H9700_0068_SR2.IMG  2011 08 09  01 59 10.140    1758.47    6258.29    2182.37  0  0.15649  0.00230
H9700_0069_SR2.IMG  2011 08 09  01 59 10.685    1758.77    6257.04    2183.15  0  0.15341  0.00229
H9700_0070_SR2.IMG  2011 08 09  01 59 11.230    1759.06    6255.78    2183.94  0  0.15014  0.00228
H9700_0071_SR2.IMG  2011 08 09  01 59 11.775    1759.36    6254.53    2184.72  0  0.14743  0.00227
H9700_0072_SR2.IMG  2011 08 09  01 59 12.320    1759.66    6253.28    2185.50  0  0.14445  0.00226
H9700_0073_SR2.IMG  2011 08 09  01 59 12.865    1759.95    6252.03    2186.29  0  0.14132  0.00224
H9700_0074_SR2.IMG  2011 08 09  01 59 13.410    1760.25    6250.77    2187.07  0  0.13886  0.00223
H9700_0075_SR2.IMG  2011 08 09  01 59 13.955    1760.54    6249.52    2187.85  0  0.13610  0.00221
H9700_0076_SR2.IMG  2011 08 09  01 59 14.500    1760.84    6248.26    2188.64  0  0.13338  0.00219
H9700_0077_SR2.IMG  2011 08 09  01 59 15.045    1761.13    6247.01    2189.42  0  0.13091  0.00217
H9700_0078_SR2.IMG  2011 08 09  01 59 15.590    1761.43    6245.76    2190.20  0  0.12816  0.00214
H9700_0079_SR2.IMG  2011 08 09  01 59 16.135    1761.73    6244.50    2190.99  0  0.12591  0.00212
H9700_0080_SR2.IMG  2011 08 09  01 59 16.680    1762.02    6243.25    2191.77  0  0.12378  0.00209
H9700_0081_SR2.IMG  2011 08 09  01 59 17.225    1762.32    6241.99    2192.55  0  0.12138  0.00206
H9700_0082_SR2.IMG  2011 08 09  01 59 17.770    1762.61    6240.74    2193.34  0  0.11945  0.00203
H9700_0083_SR2.IMG  2011 08 09  01 59 18.315    1762.91    6239.48    2194.12  0  0.11742  0.00199
H9700_0084_SR2.IMG  2011 08 09  01 59 18.860    1763.20    6238.22    2194.90  0  0.11554  0.00195
H9700_0085_SR2.IMG  2011 08 09  01 59 19.405    1763.50    6236.97    2195.68  0  0.11380  0.00191
H9700_0086_SR2.IMG  2011 08 09  01 59 19.950    1763.79    6235.71    2196.47  0  0.11224  0.00186
H9700_0087_SR2.IMG  2011 08 09  01 59 20.495    1764.09    6234.45    2197.25  0  0.11069  0.00181
H9700_0088_SR2.IMG  2011 08 09  01 59 21.040    1764.38    6233.20    2198.03  0  0.10957  0.00175
H9700_0089_SR2.IMG  2011 08 09  01 59 21.585    1764.68    6231.94    2198.81  0  0.10825  0.00170
H9700_0090_SR2.IMG  2011 08 09  01 59 22.130    1764.97    6230.68    2199.59  0  0.10717  0.00167
H9700_0091_SR2.IMG  2011 08 09  01 59 22.675    1765.27    6229.42    2200.38  0  0.10644  0.00173
H9700_0092_SR2.IMG  2011 08 09  01 59 23.220    1765.56    6228.17    2201.16  0  0.10570  0.00179
H9700_0093_SR2.IMG  2011 08 09  01 59 23.765    1765.85    6226.91    2201.94  0  0.10500  0.00185
H9700_0094_SR2.IMG  2011 08 09  01 59 24.310    1766.15    6225.65    2202.72  0  0.10457  0.00191
H9700_0095_SR2.IMG  2011 08 09  01 59 24.855    1766.44    6224.39    2203.50  0  0.10449  0.00196
H9700_0096_SR2.IMG  2011 08 09  01 59 25.400    1766.74    6223.13    2204.28  0  0.10433  0.00201
H9700_0097_SR2.IMG  2011 08 09  01 59 25.945    1767.03    6221.87    2205.07  0  0.10460  0.00205
H9700_0098_SR2.IMG  2011 08 09  01 59 26.490    1767.33    6220.61    2205.85  0  0.10498  0.00209
H9700_0099_SR2.IMG  2011 08 09  01 59 27.035    1767.62    6219.35    2206.63  0  0.10525  0.00213
H9700_0100_SR2.IMG  2011 08 09  01 59 27.580    1767.91    6218.09    2207.41  0  0.10583  0.00217
H9700_0101_SR2.IMG  2011 08 09  01 59 28.125    1768.21    6216.83    2208.19  0  0.10663  0.00220
H9700_0102_SR2.IMG  2011 08 09  01 59 28.670    1768.50    6215.57    2208.97  0  0.10753  0.00223
H9700_0103_SR2.IMG  2011 08 09  01 59 29.215    1768.80    6214.31    2209.75  0  0.10865  0.00226
H9700_0104_SR2.IMG  2011 08 09  01 59 29.760    1769.09    6213.05    2210.53  0  0.10967  0.00228
H9700_0105_SR2.IMG  2011 08 09  01 59 30.305    1769.38    6211.79    2211.31  0  0.11117  0.00229
H9700_0106_SR2.IMG  2011 08 09  01 59 30.850    1769.68    6210.53    2212.09  0  0.11269  0.00231
H9700_0107_SR2.IMG  2011 08 09  01 59 31.395    1769.97    6209.27    2212.88  0  0.11416  0.00232
H9700_0108_SR2.IMG  2011 08 09  01 59 31.940    1770.26    6208.00    2213.66  0  0.11617  0.00233
H9700_0109_SR2.IMG  2011 08 09  01 59 32.485    1770.56    6206.74    2214.44  0  0.11816  0.00233
H9700_0110_SR2.IMG  2011 08 09  01 59 33.030    1770.85    6205.48    2215.22  0  0.12010  0.00234
H9700_0111_SR2.IMG  2011 08 09  01 59 33.575    1771.14    6204.22    2216.00  0  0.12201  0.00234
H9700_0112_SR2.IMG  2011 08 09  01 59 34.120    1771.44    6202.95    2216.78  0  0.12414  0.00234
H9700_0113_SR2.IMG  2011 08 09  01 59 34.665    1771.73    6201.69    2217.56  0  0.12652  0.00233
H9700_0114_SR2.IMG  2011 08 09  01 59 35.210    1772.02    6200.43    2218.34  0  0.12903  0.00233
H9700_0115_SR2.IMG  2011 08 09  01 59 35.755    1772.32    6199.16    2219.12  0  0.13160  0.00232
H9700_0116_SR2.IMG  2011 08 09  01 59 36.300    1772.61    6197.90    2219.90  0  0.13412  0.00232
H9700_0117_SR2.IMG  2011 08 09  01 59 36.845    1772.90    6196.64    2220.68  0  0.13674  0.00231
H9700_0118_SR2.IMG  2011 08 09  01 59 37.390    1773.19    6195.37    2221.46  0  0.13967  0.00230
H9700_0119_SR2.IMG  2011 08 09  01 59 37.935    1773.49    6194.11    2222.23  0  0.14246  0.00229
H9700_0120_SR2.IMG  2011 08 09  01 59 38.480    1773.78    6192.84    2223.01  1  0.14517  0.00228
H9700_0121_SR2.IMG  2011 08 09  01 59 39.025    1774.07    6191.58    2223.79  1  0.14832  0.00227
H9700_0122_SR2.IMG  2011 08 09  01 59 39.570    1774.36    6190.31    2224.57  1  0.15111  0.00226
H9700_0123_SR2.IMG  2011 08 09  01 59 40.115    1774.66    6189.05    2225.35  1  0.15407  0.00225
HC146_0038_SR2.IMG  2013 07 21  16 22 46.694   -8009.16   -5965.60    1594.24  0  0.26893  0.00222
HC146_0039_SR2.IMG  2013 07 21  16 22 47.784   -8010.82   -5965.67    1593.01  0  0.27389  0.00221
HC146_0040_SR2.IMG  2013 07 21  16 22 48.874   -8012.49   -5965.74    1591.78  0  0.27896  0.00221
HC146_0041_SR2.IMG  2013 07 21  16 22 49.964   -8014.15   -5965.81    1590.54  0  0.28409  0.00220
HC146_0042_SR2.IMG  2013 07 21  16 22 51.054   -8015.81   -5965.87    1589.31  0  0.28903  0.00219
HC146_0043_SR2.IMG  2013 07 21  16 22 52.144   -8017.48   -5965.94    1588.07  0  0.29408  0.00218
HC146_0044_SR2.IMG  2013 07 21  16 22 53.234   -8019.14   -5966.01    1586.84  0  0.29939  0.00217
HC146_0045_SR2.IMG  2013 07 21  16 22 54.324   -8020.80   -5966.07    1585.61  0  0.30434  0.00216
HC146_0046_SR2.IMG  2013 07 21  16 22 55.415   -8022.46   -5966.14    1584.37  0  0.30957  0.00215
HC146_0047_SR2.IMG  2013 07 21  16 22 56.505   -8024.12   -5966.21    1583.14  0  0.31479  0.00215
HC146_0048_SR2.IMG  2013 07 21  16 22 57.595   -8025.78   -5966.27    1581.90  0  0.31997  0.00214
HC146_0049_SR2.IMG  2013 07 21  16 22 58.685   -8027.44   -5966.34    1580.67  0  0.32528  0.00213
HC146_0050_SR2.IMG  2013 07 21  16 22 59.775   -8029.10   -5966.40    1579.43  0  0.33054  0.00212
HC146_0051_SR2.IMG  2013 07 21  16 23 00.865   -8030.76   -5966.47    1578.20  0  0.33581  0.00212
HC146_0052_SR2.IMG  2013 07 21  16 23 01.955   -8032.42   -5966.53    1576.96  0  0.34119  0.00211
HC146_0053_SR2.IMG  2013 07 21  16 23 03.045   -8034.08   -5966.59    1575.73  0  0.34639  0.00210
HC146_0054_SR2.IMG  2013 07 21  16 23 04.135   -8035.74   -5966.66    1574.49  0  0.35181  0.00209
HC146_0055_SR2.IMG  2013 07 21  16 23 05.225   -8037.40   -5966.72    1573.26  0  0.35715  0.00209
HC146_0056_SR2.IMG  2013 07 21  16 23 06.315   -8039.05   -5966.78    1572.02  0  0.36254  0.00208
HC146_0057_SR2.IMG  2013 07 21  16 23 07.950   -8041.54   -5966.88    1570.17  0  0.37061  0.00207
HC146_0058_SR2.IMG  2013 07 21  16 23 09.040   -8043.19   -5966.94    1568.93  0  0.37587  0.00206
HC146_0059_SR2.IMG  2013 07 21  16 23 10.130   -8044.85   -5967.00    1567.70  1  0.38148  0.00205
HC146_0060_SR2.IMG  2013 07 21  16 23 11.220   -8046.51   -5967.06    1566.46  1  0.38693  0.00205
HC146_0061_SR2.IMG  2013 07 21  16 23 12.310   -8048.16   -5967.13    1565.23  1  0.39239  0.00204
HC146_0062_SR2.IMG  2013 07 21  16 23 13.400   -8049.82   -5967.19    1563.99  1  0.39785  0.00204
HC146_0063_SR2.IMG  2013 07 21  16 23 14.490   -8051.47   -5967.25    1562.75  1  0.40342  0.00203
HC146_0064_SR2.IMG  2013 07 21  16 23 15.580   -8053.12   -5967.31    1561.52  1  0.40891  0.00202
HD090_0018_SR2.IMG  2014 04 22  12 29 55.021    8006.64    2653.70   -2042.07  1  0.29508  0.00233
HD090_0019_SR2.IMG  2014 04 22  12 29 56.111    8008.63    2653.35   -2040.71  1  0.29096  0.00233
HD090_0020_SR2.IMG  2014 04 22  12 29 57.201    8010.63    2653.01   -2039.35  1  0.28657  0.00233
HD090_0021_SR2.IMG  2014 04 22  12 29 58.291    8012.62    2652.66   -2037.98  1  0.28225  0.00232
HD090_0022_SR2.IMG  2014 04 22  12 29 59.381    8014.61    2652.31   -2036.62  1  0.27805  0.00232
HD090_0023_SR2.IMG  2014 04 22  12 30 00.471    8016.61    2651.96   -2035.26  1  0.27411  0.00232
HD090_0024_SR2.IMG  2014 04 22  12 30 01.561    8018.60    2651.61   -2033.90  1  0.26998  0.00231
HD090_0025_SR2.IMG  2014 04 22  12 30 02.651    8020.59    2651.26   -2032.53  0  0.26606  0.00231
HD090_0026_SR2.IMG  2014 04 22  12 30 03.741    8022.58    2650.91   -2031.17  0  0.26210  0.00230
HD090_0027_SR2.IMG  2014 04 22  12 30 04.831    8024.58    2650.56   -2029.81  0  0.25817  0.00229
HD090_0028_SR2.IMG  2014 04 22  12 30 05.921    8026.57    2650.21   -2028.44  0  0.25433  0.00229
HD090_0029_SR2.IMG  2014 04 22  12 30 07.011    8028.56    2649.86   -2027.08  0  0.25059  0.00228
HD090_0030_SR2.IMG  2014 04 22  12 30 08.101    8030.54    2649.51   -2025.72  0  0.24698  0.00227
HD090_0031_SR2.IMG  2014 04 22  12 30 09.191    8032.53    2649.16   -2024.35  0  0.24339  0.00226
HD090_0032_SR2.IMG  2014 04 22  12 30 10.281    8034.52    2648.81   -2022.99  0  0.23981  0.00225
HD090_0033_SR2.IMG  2014 04 22  12 30 11.371    8036.51    2648.46   -2021.63  0  0.23647  0.00223
HD090_0034_SR2.IMG  2014 04 22  12 30 12.461    8038.49    2648.11   -2020.26  0  0.23313  0.00222
HD090_0035_SR2.IMG  2014 04 22  12 30 13.551    8040.48    2647.76   -2018.90  0  0.22990  0.00220
HD090_0036_SR2.IMG  2014 04 22  12 30 14.641    8042.46    2647.40   -2017.53  0  0.22677  0.00219
HD090_0037_SR2.IMG  2014 04 22  12 30 15.731    8044.45    2647.05   -2016.17  0  0.22380  0.00217
HD090_0038_SR2.IMG  2014 04 22  12 30 16.821    8046.43    2646.70   -2014.80  0  0.22086  0.00215
HD090_0039_SR2.IMG  2014 04 22  12 30 17.911    8048.42    2646.35   -2013.44  0  0.21803  0.00213
HD090_0040_SR2.IMG  2014 04 22  12 30 19.001    8050.40    2646.00   -2012.07  0  0.21540  0.00210
HD090_0041_SR2.IMG  2014 04 22  12 30 20.091    8052.38    2645.64   -2010.71  0  0.21288  0.00208
HD090_0042_SR2.IMG  2014 04 22  12 30 21.181    8054.36    2645.29   -2009.34  0  0.21036  0.00205
HD090_0043_SR2.IMG  2014 04 22  12 30 22.271    8056.34    2644.94   -2007.98  0  0.20810  0.00203
HD090_0044_SR2.IMG  2014 04 22  12 30 23.362    8058.33    2644.58   -2006.61  0  0.20590  0.00200
HD090_0045_SR2.IMG  2014 04 22  12 30 24.452    8060.31    2644.23   -2005.25  0  0.20389  0.00196
HD090_0046_SR2.IMG  2014 04 22  12 30 25.542    8062.28    2643.88   -2003.88  0  0.20195  0.00193
HD090_0047_SR2.IMG  2014 04 22  12 30 26.632    8064.26    2643.52   -2002.51  0  0.20023  0.00189
HD090_0048_SR2.IMG  2014 04 22  12 30 27.722    8066.24    2643.17   -2001.15  0  0.19858  0.00185
HD090_0049_SR2.IMG  2014 04 22  12 30 28.812    8068.22    2642.81   -1999.78  0  0.19705  0.00181
HD090_0050_SR2.IMG  2014 04 22  12 30 29.902    8070.19    2642.46   -1998.41  0  0.19583  0.00177
HD090_0051_SR2.IMG  2014 04 22  12 30 30.992    8072.17    2642.11   -1997.05  0  0.19472  0.00173
HD090_0052_SR2.IMG  2014 04 22  12 30 32.082    8074.15    2641.75   -1995.68  0  0.19363  0.00168
HD090_0053_SR2.IMG  2014 04 22  12 30 33.172    8076.12    2641.40   -1994.31  0  0.19290  0.00167
HD090_0054_SR2.IMG  2014 04 22  12 30 34.262    8078.09    2641.04   -1992.95  0  0.19216  0.00172
HD090_0055_SR2.IMG  2014 04 22  12 30 35.352    8080.07    2640.69   -1991.58  0  0.19170  0.00177
HD090_0056_SR2.IMG  2014 04 22  12 30 36.442    8082.04    2640.33   -1990.21  0  0.19135  0.00181
HD090_0057_SR2.IMG  2014 04 22  12 30 37.532    8084.01    2639.97   -1988.84  0  0.19122  0.00185
HD090_0058_SR2.IMG  2014 04 22  12 30 38.622    8085.99    2639.62   -1987.48  0  0.19126  0.00189
HD090_0059_SR2.IMG  2014 04 22  12 30 39.712    8087.96    2639.26   -1986.11  0  0.19143  0.00193
HD090_0060_SR2.IMG  2014 04 22  12 30 40.802    8089.93    2638.90   -1984.74  0  0.19184  0.00197
HD090_0061_SR2.IMG  2014 04 22  12 30 41.892    8091.90    2638.55   -1983.37  0  0.19237  0.00201
HD090_0062_SR2.IMG  2014 04 22  12 30 42.982    8093.87    2638.19   -1982.00  0  0.19304  0.00204
HD090_0063_SR2.IMG  2014 04 22  12 30 44.072    8095.83    2637.83   -1980.63  0  0.19393  0.00207
HD090_0064_SR2.IMG  2014 04 22  12 30 45.162    8097.80    2637.48   -1979.27  0  0.19496  0.00210
HD090_0065_SR2.IMG  2014 04 22  12 30 46.252    8099.77    2637.12   -1977.90  0  0.19618  0.00213
HD090_0066_SR2.IMG  2014 04 22  12 30 47.342    8101.74    2636.76   -1976.53  0  0.19744  0.00216
HD090_0067_SR2.IMG  2014 04 22  12 30 48.432    8103.70    2636.40   -1975.16  0  0.19901  0.00218
HD090_0068_SR2.IMG  2014 04 22  12 30 49.522    8105.67    2636.05   -1973.79  0  0.20070  0.00220
HD090_0069_SR2.IMG  2014 04 22  12 30 50.612    8107.63    2635.69   -1972.42  1  0.20244  0.00222
HD090_0070_SR2.IMG  2014 04 22  12 30 51.702    8109.60    2635.33   -1971.05  1  0.20442  0.00224
HD090_0071_SR2.IMG  2014 04 22  12 30 52.792    8111.56    2634.97   -1969.68  1  0.20645  0.00226
HD090_0072_SR2.IMG  2014 04 22  12 30 53.883    8113.52    2634.61   -1968.31  1  0.20872  0.00227
HD090_0073_SR2.IMG  2014 04 22  12 30 55.518    8116.47    2634.07   -1966.25  1  0.21229  0.00229
HD090_0074_SR2.IMG  2014 04 22  12 30 56.608    8118.43    2633.71   -1964.88  1  0.21476  0.00230
HD090_0075_SR2.IMG  2014 04 22  12 30 57.698    8120.39    2633.35   -1963.51  1  0.21749  0.00231
HG379_0004_SR2.IMG  2016 12 05  20 22 57.308   -5599.19    6077.28    6857.84  1  0.20362  0.00218
HG379_0005_SR2.IMG  2016 12 05  20 22 58.943   -5601.25    6079.13    6856.99  1  0.19575  0.00219
HG379_0006_SR2.IMG  2016 12 05  20 23 00.578   -5603.30    6080.98    6856.15  1  0.18836  0.00220
HG379_0007_SR2.IMG  2016 12 05  20 23 02.213   -5605.35    6082.83    6855.30  0  0.18061  0.00221
HG379_0008_SR2.IMG  2016 12 05  20 23 03.848   -5607.41    6084.67    6854.45  0  0.17306  0.00222
HG379_0009_SR2.IMG  2016 12 05  20 23 05.483   -5609.46    6086.52    6853.60  0  0.16551  0.00223
HG379_0010_SR2.IMG  2016 12 05  20 23 07.118   -5611.51    6088.37    6852.75  0  0.15806  0.00224
HG379_0011_SR2.IMG  2016 12 05  20 23 08.753   -5613.56    6090.21    6851.90  0  0.15063  0.00225
HG379_0012_SR2.IMG  2016 12 05  20 23 10.388   -5615.61    6092.06    6851.05  0  0.14337  0.00227
HG379_0013_SR2.IMG  2016 12 05  20 23 12.023   -5617.66    6093.90    6850.20  0  0.13602  0.00228
HG379_0014_SR2.IMG  2016 12 05  20 23 13.659   -5619.71    6095.75    6849.35  0  0.12897  0.00229
HG379_0015_SR2.IMG  2016 12 05  20 23 15.294   -5621.76    6097.59    6848.49  0  0.12185  0.00230
HG379_0016_SR2.IMG  2016 12 05  20 23 16.929   -5623.80    6099.44    6847.64  0  0.11489  0.00232
HG379_0017_SR2.IMG  2016 12 05  20 23 18.564   -5625.85    6101.28    6846.79  0  0.10807  0.00233
HG379_0018_SR2.IMG  2016 12 05  20 23 20.199   -5627.90    6103.12    6845.93  0  0.10141  0.00233
HG379_0019_SR2.IMG  2016 12 05  20 23 21.834   -5629.95    6104.96    6845.08  0  0.09495  0.00234
HG379_0020_SR2.IMG  2016 12 05  20 23 23.469   -5631.99    6106.80    6844.22  0  0.08880  0.00234
HG379_0021_SR2.IMG  2016 12 05  20 23 25.104   -5634.04    6108.64    6843.36  0  0.08286  0.00233
HG379_0022_SR2.IMG  2016 12 05  20 23 26.739   -5636.08    6110.48    6842.51  0  0.07716  0.00231
HG379_0023_SR2.IMG  2016 12 05  20 23 28.374   -5638.13    6112.32    6841.65  0  0.07213  0.00227
HG379_0024_SR2.IMG  2016 12 05  20 23 30.009   -5640.17    6114.16    6840.79  0  0.06752  0.00220
HG379_0025_SR2.IMG  2016 12 05  20 23 31.644   -5642.21    6116.00    6839.93  0  0.06357  0.00211
HG379_0026_SR2.IMG  2016 12 05  20 23 33.279   -5644.26    6117.84    6839.07  0  0.06039  0.00198
HG379_0027_SR2.IMG  2016 12 05  20 23 34.914   -5646.30    6119.68    6838.21  0  0.05815  0.00181
HG379_0028_SR2.IMG  2016 12 05  20 23 36.549   -5648.34    6121.51    6837.35  0  0.05692  0.00172
HG379_0029_SR2.IMG  2016 12 05  20 23 38.184   -5650.38    6123.35    6836.49  0  0.05684  0.00192
HG379_0030_SR2.IMG  2016 12 05  20 23 39.819   -5652.42    6125.18    6835.63  0  0.05771  0.00209
HG379_0031_SR2.IMG  2016 12 05  20 23 41.454   -5654.46    6127.02    6834.77  0  0.05961  0.00221
HG379_0033_SR2.IMG  2016 12 05  20 23 43.089   -5656.50    6128.85    6833.90  0  0.06263  0.00228
HG379_0034_SR2.IMG  2016 12 05  20 23 44.725   -5658.54    6130.69    6833.04  0  0.06634  0.00232
HG379_0035_SR2.IMG  2016 12 05  20 23 46.360   -5660.58    6132.52    6832.17  0  0.07074  0.00234
HG379_0036_SR2.IMG  2016 12 05  20 23 47.995   -5662.62    6134.36    6831.31  0  0.07571  0.00233
HG379_0037_SR2.IMG  2016 12 05  20 23 49.630   -5664.66    6136.19    6830.44  0  0.08117  0.00232
HG379_0038_SR2.IMG  2016 12 05  20 23 51.265   -5666.70    6138.02    6829.58  0  0.08698  0.00229
HG379_0039_SR2.IMG  2016 12 05  20 23 52.900   -5668.73    6139.85    6828.71  1  0.09301  0.00226
HG379_0040_SR2.IMG  2016 12 05  20 23 54.535   -5670.77    6141.68    6827.84  1  0.09945  0.00223
HG379_0041_SR2.IMG  2016 12 05  20 23 56.170   -5672.80    6143.51    6826.97  1  0.10595  0.00220
HG379_0042_SR2.IMG  2016 12 05  20 23 57.805   -5674.84    6145.34    6826.10  1  0.11282  0.00216
HG569_0010_SR2.IMG  2017 01 30  07 03 10.349   -6487.15    8333.15    8885.77  0  0.41211  0.00227
HG569_0011_SR2.IMG  2017 01 30  07 03 11.984   -6488.25    8334.08    8884.53  0  0.41231  0.00228
HG569_0012_SR2.IMG  2017 01 30  07 03 13.619   -6489.35    8335.02    8883.28  0  0.41273  0.00229
HG569_0013_SR2.IMG  2017 01 30  07 03 15.254   -6490.45    8335.95    8882.04  0  0.41310  0.00229
HG569_0014_SR2.IMG  2017 01 30  07 03 16.889   -6491.55    8336.88    8880.80  0  0.41361  0.00230
HG569_0015_SR2.IMG  2017 01 30  07 03 18.524   -6492.64    8337.82    8879.56  0  0.41407  0.00230
HG569_0016_SR2.IMG  2017 01 30  07 03 20.159   -6493.74    8338.75    8878.32  0  0.41468  0.00231
HG569_0017_SR2.IMG  2017 01 30  07 03 21.794   -6494.84    8339.68    8877.07  0  0.41556  0.00231
HG569_0018_SR2.IMG  2017 01 30  07 03 23.429   -6495.94    8340.62    8875.83  0  0.41641  0.00232
HG569_0019_SR2.IMG  2017 01 30  07 03 25.064   -6497.04    8341.55    8874.59  0  0.41702  0.00232
HG569_0020_SR2.IMG  2017 01 30  07 03 26.699   -6498.13    8342.48    8873.34  0  0.41812  0.00232
HG569_0021_SR2.IMG  2017 01 30  07 03 28.334   -6499.23    8343.41    8872.10  0  0.41899  0.00233
HG569_0022_SR2.IMG  2017 01 30  07 03 29.969   -6500.33    8344.34    8870.85  0  0.42013  0.00233
HG569_0023_SR2.IMG  2017 01 30  07 03 31.604   -6501.42    8345.27    8869.61  0  0.42121  0.00233
HG569_0024_SR2.IMG  2017 01 30  07 03 33.239   -6502.52    8346.20    8868.36  0  0.42250  0.00234
HG569_0025_SR2.IMG  2017 01 30  07 03 34.874   -6503.62    8347.13    8867.12  0  0.42388  0.00234
HG569_0026_SR2.IMG  2017 01 30  07 03 36.509   -6504.71    8348.06    8865.87  0  0.42513  0.00234
HG569_0027_SR2.IMG  2017 01 30  07 03 38.144   -6505.81    8348.99    8864.62  0  0.42633  0.00234
HG569_0028_SR2.IMG  2017 01 30  07 03 39.780   -6506.90    8349.92    8863.38  0  0.42767  0.00234
HG569_0029_SR2.IMG  2017 01 30  07 03 41.415   -6508.00    8350.85    8862.13  0  0.42904  0.00234
HG569_0030_SR2.IMG  2017 01 30  07 03 43.050   -6509.09    8351.78    8860.88  0  0.43069  0.00234
HG569_0031_SR2.IMG  2017 01 30  07 03 44.685   -6510.19    8352.70    8859.63  0  0.43205  0.00234
HG569_0032_SR2.IMG  2017 01 30  07 03 46.320   -6511.28    8353.63    8858.38  0  0.43367  0.00234
HG569_0033_SR2.IMG  2017 01 30  07 03 47.955   -6512.37    8354.56    8857.14  0  0.43534  0.00234
HG569_0034_SR2.IMG  2017 01 30  07 03 49.590   -6513.47    8355.49    8855.89  0  0.43716  0.00234
HG569_0035_SR2.IMG  2017 01 30  07 03 51.225   -6514.56    8356.41    8854.64  0  0.43887  0.00234
HG569_0036_SR2.IMG  2017 01 30  07 03 52.860   -6515.65    8357.34    8853.39  0  0.44093  0.00234
