1  9 1894 10  2.14116 -64 45 780 3 0 0 1 1    0.0    245.100    0.0    0.4 0
1  9 1894 10  2.26542 -64 45 780 3 0 0 1 1    0.0    228.000    0.0    0.4 0
1  9 1894 10  2.27510 -64 45 780 3 0 1 0 1   99.600    0.0      0.4    0.0 0
1  9 1894 10  2.29097 -64 45 780 3 0 1 0 1   94.600    0.0      0.4    0.0 0
1  9 1894 10  2.30848 -64 45 780 3 0 0 1 1    0.0    219.900    0.0    0.4 0
1  9 1894 11  2.05358 -64 45 780 3 0 0 1 1    0.0     53.700    0.0    0.4 0
1  9 1894 11  2.05912 -64 45 780 3 0 1 0 1   92.700    0.0      0.4    0.0 0
1  9 1894 11  2.06399 -64 45 780 3 0 1 0 1   91.800    0.0      0.4    0.0 0
1  9 1894 11  2.17824 -64 45 780 3 0 0 1 1    0.0     33.100    0.0    0.4 0
1  9 1894 11  2.18711 -64 45 780 3 0 1 0 1   37.600    0.0      0.4    0.0 0
1  9 1894 11  2.19132 -64 45 780 3 0 1 0 1   36.800    0.0      0.4    0.0 0
1  9 1894 11  2.19840 -64 45 780 3 0 0 1 1    0.0     34.000    0.0    0.4 0
1  9 1894 11  2.20440 -64 45 780 3 0 0 1 1    0.0     34.200    0.0    0.4 0
1  9 1894 11  2.21162 -64 45 780 3 0 1 0 1   33.700    0.0      0.4    0.0 0
1  9 1894 11  2.21588 -64 45 780 3 0 1 0 1   33.900    0.0      0.4    0.0 0
1  9 1894 11  2.22340 -64 45 780 3 0 0 1 1    0.0     36.000    0.0    0.4 0
1  9 1894 11  5.20894 -64 45 780 3 0 0 1 1    0.0    236.000    0.0    0.4 0
1  9 1894 11  5.21674 -64 45 780 3 0 1 0 1   40.500    0.0      0.4    0.0 0
1  9 1894 11  5.22266 -64 45 780 3 0 1 0 1   40.800    0.0      0.4    0.0 0
1  9 1894 11  5.23334 -64 45 780 3 0 0 1 1    0.0    238.800    0.0    0.4 0