1 53 1988  8 11.98539 562 99 129 1 1 1 1 1  -22.640  -13.980    0.7    0.7 0
1 53 1988  8 15.00116 562 99 129 1 1 1 1 1   22.900   12.140    0.7    0.7 0
1 53 1988  8 15.00359 562 99 129 1 1 1 1 1   22.910   12.880    0.7    0.7 0
1 53 1988  8 15.01736 562 99 129 1 1 1 1 1   21.040   14.720    0.7    0.7 0
1 53 1988  8 18.03907 562 99 129 1 1 1 1 1  -24.040  -14.020    0.7    0.7 0
1 53 1988  8 18.04241 562 99 129 1 1 1 1 1  -24.150  -14.900    0.7    0.7 0
1 53 1988  8 18.99361 562 99 129 1 1 1 1 1  -24.070  -13.720    0.7    0.7 0
1 53 1988  8 18.99603 562 99 129 1 1 1 1 1  -24.550  -13.940    0.7    0.7 0
1 53 1988  8 18.88862 562 99 129 1 1 1 1 1  -23.380  -14.660    0.7    0.7 0
1 53 1988  8 20.90482 562 99 129 1 1 1 1 1  -25.920  -12.950    0.7    0.7 0
1 53 1988  8 20.90694 562 99 129 1 1 1 1 1  -24.550  -13.570    0.7    0.7 0
1 53 1988  8 20.90880 562 99 129 1 1 1 1 1  -25.810  -14.760    0.7    0.7 0
1 53 1988  8 20.91678 562 99 129 1 1 1 1 1  -23.710  -15.410    0.7    0.7 0
1 53 1988  8 20.91875 562 99 129 1 1 1 1 1  -23.310  -15.810    0.7    0.7 0
1 53 1988  8 20.92072 562 99 129 1 1 1 1 1  -22.800  -15.300    0.7    0.7 0
1 53 1988  8 21.86869 562 99 129 1 1 1 1 1  -23.070  -14.030    0.7    0.7 0
1 53 1988  8 21.87037 562 99 129 1 1 1 1 1  -25.670  -14.110    0.7    0.7 0
1 53 1988  8 21.87222 562 99 129 1 1 1 1 1  -24.290  -15.060    0.7    0.7 0
1 53 1988  8 21.87414 562 99 129 1 1 1 1 1  -24.100  -14.930    0.7    0.7 0
1 53 1988  8 22.03052 562 99 129 1 1 1 1 1   23.160   15.250    0.7    0.7 0
1 53 1988  8 22.03296 562 99 129 1 1 1 1 1   23.340   15.330    0.7    0.7 0
1 53 1988  8 22.82298 562 99 129 1 1 1 1 1  -23.680  -14.250    0.7    0.7 0
1 53 1988  8 22.82448 562 99 129 1 1 1 1 1  -24.600  -13.870    0.7    0.7 0
1 53 1988  8 22.82569 562 99 129 1 1 1 1 1  -25.250  -15.220    0.7    0.7 0
1 53 1988  8 22.98229 562 99 129 1 1 1 1 1   24.750   14.560    0.7    0.7 0
1 53 1988  8 22.98449 562 99 129 1 1 1 1 1   23.720   14.660    0.7    0.7 0
1 53 1988  8 22.98628 562 99 129 1 1 1 1 1   23.830   15.540    0.7    0.7 0
1 53 1988  8 23.93952 562 99 129 1 1 1 1 1   24.170   14.790    0.7    0.7 0
1 53 1988  8 23.94116 562 99 129 1 1 1 1 1   23.930   14.790    0.7    0.7 0
1 53 1988  8 23.94271 562 99 129 1 1 1 1 1   23.850   15.760    0.7    0.7 0
1 53 1988  8 23.94439 562 99 129 1 1 1 1 1   23.460   15.760    0.7    0.7 0
1 53 1988  8 25.04858 562 99 129 1 1 1 1 1  -25.230  -13.700    0.7    0.7 0
1 53 1988  8 25.05013 562 99 129 1 1 1 1 1  -25.970  -13.830    0.7    0.7 0
1 53 1988  8 25.05343 562 99 129 1 1 1 1 1  -25.840  -13.880    0.7    0.7 0
1 53 1988  8 25.85999 562 99 129 1 1 1 1 1   23.950   15.990    0.7    0.7 0
1 53 1988  8 25.86148 562 99 129 1 1 1 1 1   22.840   15.840    0.7    0.7 0
1 53 1988  8 25.86546 562 99 129 1 1 1 1 1   22.170   16.760    0.7    0.7 0
1 53 1988  8 25.86702 562 99 129 1 1 1 1 1   22.230   16.450    0.7    0.7 0
1 53 1988  8 26.00885 562 99 129 1 1 1 1 1  -26.750  -14.730    0.7    0.7 0
1 53 1988  8 26.01059 562 99 129 1 1 1 1 1  -26.340  -14.650    0.7    0.7 0
1 53 1988  8 26.01858 562 99 129 1 1 1 1 1  -25.950  -16.040    0.7    0.7 0
1 53 1988  8 26.02031 562 99 129 1 1 1 1 1  -24.400  -16.840    0.7    0.7 0
1 53 1988  8 30.94396 562 99 129 1 1 1 1 1   25.800   13.420    0.7    0.7 0
1 53 1988  8 30.95380 562 99 129 1 1 1 1 1   26.290   15.280    0.7    0.7 0
1 53 1988  9  2.82241 562 99 129 1 1 1 1 1   26.130   14.670    0.7    0.7 0
1 53 1988  9  2.82491 562 99 129 1 1 1 1 1   25.550   15.670    0.7    0.7 0
1 53 1988  9  2.83580 562 99 129 1 1 1 1 1   23.810   17.380    0.7    0.7 0
1 53 1988  9  2.83822 562 99 129 1 1 1 1 1   24.290   17.710    0.7    0.7 0
1 53 1988  9  2.98234 562 99 129 1 1 1 1 1  -27.140  -16.180    0.7    0.7 0
1 53 1988  9  2.98366 562 99 129 1 1 1 1 1  -27.350  -15.800    0.7    0.7 0
1 53 1988  9  2.98505 562 99 129 1 1 1 1 1  -26.630  -15.890    0.7    0.7 0
1 53 1988  9  2.96976 562 99 129 1 1 1 1 1  -27.890  -12.960    0.7    0.7 0
1 53 1988  9  2.97137 562 99 129 1 1 1 1 1  -27.470  -13.340    0.7    0.7 0
1 53 1988  9  5.85063 562 99 129 1 1 1 1 1  -27.830  -14.710    0.7    0.7 0
1 53 1988  9  5.85271 562 99 129 1 1 1 1 1  -27.670  -15.170    0.7    0.7 0
1 53 1988  9  5.85495 562 99 129 1 1 1 1 1  -26.870  -15.590    0.7    0.7 0
1 53 1988  9  5.87643 562 99 129 1 1 1 1 1  -23.600  -18.630    0.7    0.7 0
1 53 1988  9  5.87833 562 99 129 1 1 1 1 1  -22.440  -18.500    0.7    0.7 0
1 53 1988  9  5.88029 562 99 129 1 1 1 1 1  -20.960  -18.560    0.7    0.7 0
1 53 1988  9  6.81751 562 99 129 1 1 1 1 1  -26.700  -16.550    0.7    0.7 0
1 53 1988  9  6.81924 562 99 129 1 1 1 1 1  -26.540  -17.490    0.7    0.7 0
1 53 1988  9  6.82074 562 99 129 1 1 1 1 1  -26.830  -17.710    0.7    0.7 0
1 53 1988  9  6.82784 562 99 129 1 1 1 1 1  -24.560  -17.910    0.7    0.7 0
1 53 1988  9  6.82922 562 99 129 1 1 1 1 1  -24.540  -18.410    0.7    0.7 0
1 53 1988  9  6.83051 562 99 129 1 1 1 1 1  -23.780  -18.330    0.7    0.7 0
1 53 1988  9  6.97195 562 99 129 1 1 1 1 1   26.390   15.840    0.7    0.7 0
1 53 1988  9  6.97328 562 99 129 1 1 1 1 1   26.390   16.560    0.7    0.7 0
1 53 1988  9  6.97466 562 99 129 1 1 1 1 1   25.600   16.370    0.7    0.7 0
1 53 1988  9  6.98245 562 99 129 1 1 1 1 1   24.240   18.130    0.7    0.7 0
1 53 1988  9  6.98407 562 99 129 1 1 1 1 1   23.940   18.140    0.7    0.7 0
1 53 1988  9  6.98568 562 99 129 1 1 1 1 1   23.280   17.940    0.7    0.7 0
1 53 1988  9  7.92332 562 99 129 1 1 1 1 1   27.040   15.850    0.7    0.7 0
1 53 1988  9  7.92482 562 99 129 1 1 1 1 1   26.700   15.570    0.7    0.7 0
1 53 1988  9  7.92695 562 99 129 1 1 1 1 1   26.320   16.380    0.7    0.7 0
1 53 1988  9  7.93354 562 99 129 1 1 1 1 1   25.830   17.340    0.7    0.7 0
1 53 1988  9  7.93492 562 99 129 1 1 1 1 1   25.460   17.130    0.7    0.7 0
1 53 1988  9  7.93636 562 99 129 1 1 1 1 1   25.120   17.410    0.7    0.7 0
1 53 1988  9  8.86402 562 99 129 1 1 1 1 1   26.950   11.400    0.7    0.7 0
1 53 1988  9  8.86503 562 99 129 1 1 1 1 1   27.370   12.890    0.7    0.7 0
1 53 1988  9  8.87423 562 99 129 1 1 1 1 1   26.320   13.990    0.7    0.7 0
1 53 1988  9  8.87602 562 99 129 1 1 1 1 1   26.890   14.800    0.7    0.7 0
1 53 1988  9  8.87804 562 99 129 1 1 1 1 1   26.550   15.000    0.7    0.7 0
1 53 1988  9  8.88543 562 99 129 1 1 1 1 1   25.460   16.850    0.7    0.7 0
1 53 1988  9  9.83215 562 99 129 1 1 1 1 1   27.570   15.300    0.7    0.7 0
1 53 1988  9  9.83741 562 99 129 1 1 1 1 1   27.260   16.010    0.7    0.7 0
1 53 1988  9  9.83914 562 99 129 1 1 1 1 1   27.960   15.830    0.7    0.7 0
1 53 1988  9  9.84543 562 99 129 1 1 1 1 1   26.470   17.080    0.7    0.7 0
1 53 1988  9  9.84758 562 99 129 1 1 1 1 1   25.660   17.500    0.7    0.7 0
1 53 1988  9  9.84981 562 99 129 1 1 1 1 1   25.160   17.830    0.7    0.7 0
1 53 1988  9 10.94481 562 99 129 1 1 1 1 1  -28.380  -13.560    0.7    0.7 0
1 53 1988  9 10.94724 562 99 129 1 1 1 1 1  -29.160  -14.760    0.7    0.7 0
1 53 1988  9 10.94932 562 99 129 1 1 1 1 1  -28.320  -15.550    0.7    0.7 0
1 53 1988  9 10.95570 562 99 129 1 1 1 1 1  -28.950  -16.660    0.7    0.7 0
1 53 1988  9 10.95716 562 99 129 1 1 1 1 1  -29.190  -16.720    0.7    0.7 0
1 53 1988  9 10.95843 562 99 129 1 1 1 1 1  -28.310  -17.340    0.7    0.7 0
1 53 1988  9 11.89796 562 99 129 1 1 1 1 1  -28.970  -13.570    0.7    0.7 0
1 53 1988  9 11.90367 562 99 129 1 1 1 1 1  -29.150  -14.560    0.7    0.7 0
1 53 1988  9 11.90488 562 99 129 1 1 1 1 1  -28.720  -14.640    0.7    0.7 0
1 53 1988  9 11.90609 562 99 129 1 1 1 1 1  -28.570  -15.540    0.7    0.7 0
1 53 1988  9 13.81852 562 99 129 1 1 1 1 1  -28.860  -14.970    0.7    0.7 0
1 53 1988  9 13.82935 562 99 129 1 1 1 1 1  -29.090  -17.310    0.7    0.7 0
1 53 1988  9 13.98488 562 99 129 1 1 1 1 1   28.130   16.720    0.7    0.7 0
1 53 1988  9 13.98662 562 99 129 1 1 1 1 1   27.540   16.360    0.7    0.7 0
1 53 1988  9 13.98846 562 99 129 1 1 1 1 1   27.410   17.040    0.7    0.7 0
1 53 1988  9 13.99435 562 99 129 1 1 1 1 1   25.920   17.330    0.7    0.7 0
1 53 1988  9 13.99585 562 99 129 1 1 1 1 1   25.800   18.010    0.7    0.7 0
1 53 1988  9 13.99717 562 99 129 1 1 1 1 1   25.050   17.470    0.7    0.7 0
1 53 1988  9 15.89337 562 99 129 1 1 1 1 1   28.080   15.390    0.7    0.7 0
1 53 1988  9 15.89494 562 99 129 1 1 1 1 1   27.590   15.570    0.7    0.7 0
1 53 1988  9 15.89653 562 99 129 1 1 1 1 1   28.770   15.530    0.7    0.7 0
1 53 1988  9 16.04328 562 99 129 1 1 1 1 1  -29.910  -13.060    0.7    0.7 0
1 53 1988  9 16.04518 562 99 129 1 1 1 1 1  -29.890  -12.940    0.7    0.7 0
1 53 1988  9 16.04674 562 99 129 1 1 1 1 1  -31.060  -13.470    0.7    0.7 0
1 53 1988  9 16.05338 562 99 129 1 1 1 1 1  -30.010  -15.380    0.7    0.7 0
1 53 1988  9 16.05488 562 99 129 1 1 1 1 1  -30.170  -15.620    0.7    0.7 0
1 53 1988  9 18.91475 562 99 129 1 1 1 1 1  -31.270  -13.500    0.7    0.7 0
1 53 1988  9 18.91631 562 99 129 1 1 1 1 1  -30.470  -14.200    0.7    0.7 0
1 53 1988  9 18.91793 562 99 129 1 1 1 1 1  -29.480  -14.510    0.7    0.7 0
1 53 1988  9 18.92358 562 99 129 1 1 1 1 1  -29.370  -15.770    0.7    0.7 0
1 53 1988  9 18.92526 562 99 129 1 1 1 1 1  -29.720  -15.910    0.7    0.7 0
1 53 1988  9 18.92681 562 99 129 1 1 1 1 1  -29.660  -16.670    0.7    0.7 0
1 53 1988  9 19.88562 562 99 129 1 1 1 1 1  -29.110  -16.450    0.7    0.7 0
1 53 1988  9 19.88689 562 99 129 1 1 1 1 1  -29.340  -16.970    0.7    0.7 0
1 53 1988  9 19.88798 562 99 129 1 1 1 1 1  -28.380  -16.970    0.7    0.7 0
1 53 1988  9 20.03754 562 99 129 1 1 1 1 1   27.800   14.400    0.7    0.7 0
1 53 1988  9 20.03858 562 99 129 1 1 1 1 1   28.650   14.410    0.7    0.7 0
1 53 1988  9 20.04441 562 99 129 1 1 1 1 1   27.860   15.330    0.7    0.7 0
1 53 1988  9 20.04597 562 99 129 1 1 1 1 1   28.700   15.770    0.7    0.7 0
1 53 1988  9 20.84667 562 99 129 1 1 1 1 1  -28.980  -17.500    0.7    0.7 0
1 53 1988  9 20.84962 562 99 129 1 1 1 1 1  -28.510  -17.540    0.7    0.7 0
1 53 1988  9 20.85651 562 99 129 1 1 1 1 1   26.140  -18.370    0.7    0.7 0
1 53 1988  9 21.94301 562 99 129 1 1 1 1 1   28.690   12.990    0.7    0.7 0
1 53 1988  9 21.94428 562 99 129 1 1 1 1 1   28.820   13.420    0.7    0.7 0
1 53 1988  9 21.95097 562 99 129 1 1 1 1 1   29.230   14.860    0.7    0.7 0
1 53 1988  9 21.95276 562 99 129 1 1 1 1 1   28.810   15.180    0.7    0.7 0
1 53 1988  9 23.85358 562 99 129 1 1 1 1 1   29.010   12.450    0.7    0.7 0
1 53 1988  9 23.85791 562 99 129 1 1 1 1 1   29.100   13.190    0.7    0.7 0
1 53 1988  9 29.92349 562 99 129 1 1 1 1 1   28.570   14.430    0.7    0.7 0
1 53 1988  9 29.92765 562 99 129 1 1 1 1 1   27.910   15.350    0.7    0.7 0
1 53 1988  9 29.93036 562 99 129 1 1 1 1 1   28.240   15.080    0.7    0.7 0
1 53 1988  9 15.88016 562 99 129 2 1 1 1 1  -61.190  -10.630    1.1    1.1 0
1 53 1988  9 15.88172 562 99 129 2 1 1 1 1  -61.620  -11.800    1.1    1.1 0
1 53 1988  9 15.88316 562 99 129 2 1 1 1 1  -62.020  -12.000    1.1    1.1 0
1 53 1988  9 19.89329 562 99 129 2 1 1 1 1  -61.930  -45.080    1.1    1.1 0
1 53 1988  9 19.89468 562 99 129 2 1 1 1 1  -61.580  -45.700    1.1    1.1 0
1 53 1988  9 19.89606 562 99 129 2 1 1 1 1  -63.000  -45.900    1.1    1.1 0
1 53 1988  9 20.84667 562 99 129 2 1 1 1 1  -42.770    7.520    1.1    1.1 0
1 53 1988  9 20.84962 562 99 129 2 1 1 1 1  -42.950    6.450    1.1    1.1 0
1 53 1988  9 20.85077 562 99 129 2 1 1 1 1  -44.020    6.670    1.1    1.1 0
1 53 1988  9 29.92349 562 99 129 2 1 1 1 1  -70.690  -39.390    1.1    1.1 0
1 53 1988  9 29.92765 562 99 129 2 1 1 1 1  -70.360  -39.750    1.1    1.1 0
1 53 1988  9 29.93036 562 99 129 2 1 1 1 1  -70.180  -41.040    1.1    1.1 0
1 53 1988 10  6.80109 562 99 129 2 1 1 1 1   72.240   28.960    1.1    1.1 0
1 53 1988 10  6.80270 562 99 129 2 1 1 1 1   72.410   29.110    1.1    1.1 0
1 53 1988 11  1.70550 562 99 129 2 1 1 1 1  -58.100  -22.180    1.1    1.1 0
1 53 1988 11  1.70694 562 99 129 2 1 1 1 1  -57.550  -24.470    1.1    1.1 0
1 53 1988 11  1.70828 562 99 129 2 1 1 1 1  -55.710  -27.320    1.1    1.1 0
1 53 1988 11  1.71464 562 99 129 2 1 1 1 1  -56.130  -27.250    1.1    1.1 0
1 53 1988 11  1.71603 562 99 129 2 1 1 1 1  -56.430  -27.120    1.1    1.1 0
1 53 1988 11  1.71748 562 99 129 2 1 1 1 1  -56.460  -27.430    1.1    1.1 0
1 53 1988 11  1.72378 562 99 129 2 1 1 1 1  -55.870  -27.350    1.1    1.1 0
1 53 1988 11  1.72506 562 99 129 2 1 1 1 1  -55.170  -27.800    1.1    1.1 0
1 53 1988 11  1.72627 562 99 129 2 1 1 1 1  -54.820  -27.760    1.1    1.1 0
1 53 1988 11  1.77274 562 99 129 2 1 1 1 1  -50.520  -32.120    1.1    1.1 0
1 53 1988 11  4.84514 562 99 129 2 1 1 1 1   56.150   21.870    1.1    1.1 0
1 53 1988 11  4.84705 562 99 129 2 1 1 1 1   56.060   23.170    1.1    1.1 0
1 53 1988 11  4.84902 562 99 129 2 1 1 1 1   56.170   24.230    1.1    1.1 0
1 53 1988 11  4.85839 562 99 129 2 1 1 1 1   55.750   23.880    1.1    1.1 0
1 53 1988 11  4.86024 562 99 129 2 1 1 1 1   56.780   25.740    1.1    1.1 0
1 53 1988 11  4.86215 562 99 129 2 1 1 1 1   56.120   25.070    1.1    1.1 0
1 53 1988 11  4.86939 562 99 129 2 1 1 1 1   56.360   25.390    1.1    1.1 0
1 53 1988 11  4.87118 562 99 129 2 1 1 1 1   55.560   26.530    1.1    1.1 0
1 53 1988 11  4.87309 562 99 129 2 1 1 1 1   55.620   26.500    1.1    1.1 0
1 53 1988 11  4.88108 562 99 129 2 1 1 1 1   54.230   26.270    1.1    1.1 0
1 53 1988 11  4.88287 562 99 129 2 1 1 1 1   54.850   27.300    1.1    1.1 0
1 53 1988 11  6.75162 562 99 129 2 1 1 1 1  -53.600  -23.730    1.1    1.1 0
1 53 1988 11  6.75347 562 99 129 2 1 1 1 1  -53.060  -24.130    1.1    1.1 0
1 53 1988 11  6.75532 562 99 129 2 1 1 1 1  -53.780  -24.130    1.1    1.1 0
1 53 1988 11  6.76530 562 99 129 2 1 1 1 1  -53.180  -25.180    1.1    1.1 0
1 53 1988 11  6.76736 562 99 129 2 1 1 1 1  -53.400  -24.710    1.1    1.1 0
1 53 1988 11  6.76921 562 99 129 2 1 1 1 1  -52.190  -24.490    1.1    1.1 0
1 53 1988 11  6.83605 562 99 129 2 1 1 1 1  -46.550  -31.520    1.1    1.1 0
1 53 1988 11  6.83860 562 99 129 2 1 1 1 1  -46.470  -30.760    1.1    1.1 0
1 53 1988 11  8.85174 562 99 129 2 1 1 1 1   19.250   29.210    1.1    1.1 0
1 53 1988 11  8.85341 562 99 129 2 1 1 1 1   22.570   32.660    1.1    1.1 0
1 53 1988 11  8.85503 562 99 129 2 1 1 1 1   21.750   32.150    1.1    1.1 0
1 53 1988  8 15.00116 562 99 129 3 1 1 1 1   10.840   24.750    0.7    0.7 0
1 53 1988  8 15.00359 562 99 129 3 1 1 1 1   11.200   24.740    0.7    0.7 0
1 53 1988  8 15.01736 562 99 129 3 1 1 1 1    9.700   22.700    0.7    0.7 0
1 53 1988  9  2.82241 562 99 129 3 1 1 1 1   38.720   25.730    0.7    0.7 0
1 53 1988  9  2.82491 562 99 129 3 1 1 1 1   38.040   25.830    0.7    0.7 0
1 53 1988  9  2.83580 562 99 129 3 1 1 1 1   37.770   25.160    0.7    0.7 0
1 53 1988  9  5.85063 562 99 129 3 1 1 1 1  -39.970   -9.280    0.7    0.7 0
1 53 1988  9  5.85271 562 99 129 3 1 1 1 1  -40.100   -9.140    0.7    0.7 0
1 53 1988  9  5.85495 562 99 129 3 1 1 1 1  -40.230   -9.560    0.7    0.7 0
1 53 1988  9  5.87643 562 99 129 3 1 1 1 1  -46.240  -11.020    0.7    0.7 0
1 53 1988  9  5.87833 562 99 129 3 1 1 1 1  -47.380  -10.950    0.7    0.7 0
1 53 1988  9  5.88029 562 99 129 3 1 1 1 1  -48.360  -11.280    0.7    0.7 0
1 53 1988  9  6.98245 562 99 129 3 1 1 1 1  -66.780  -14.580    0.7    0.7 0
1 53 1988  9  6.98407 562 99 129 3 1 1 1 1  -68.120  -14.550    0.7    0.7 0
1 53 1988  9  6.98568 562 99 129 3 1 1 1 1  -67.140  -15.140    0.7    0.7 0
1 53 1988  9  7.92332 562 99 129 3 1 1 1 1   29.700   29.640    0.7    0.7 0
1 53 1988  9  7.92482 562 99 129 3 1 1 1 1   29.230   29.470    0.7    0.7 0
1 53 1988  9  7.92695 562 99 129 3 1 1 1 1   29.220   28.890    0.7    0.7 0
1 53 1988  9  7.93354 562 99 129 3 1 1 1 1   29.810   28.790    0.7    0.7 0
1 53 1988  9  7.93492 562 99 129 3 1 1 1 1   29.830   28.260    0.7    0.7 0
1 53 1988  9  7.93636 562 99 129 3 1 1 1 1   28.770   28.030    0.7    0.7 0
1 53 1988  9  8.87423 562 99 129 3 1 1 1 1   15.420  -17.870    0.7    0.7 0
1 53 1988  9  8.87602 562 99 129 3 1 1 1 1   15.990  -18.720    0.7    0.7 0
1 53 1988  9  8.87804 562 99 129 3 1 1 1 1   17.220  -18.260    0.7    0.7 0
1 53 1988  9  8.88543 562 99 129 3 1 1 1 1   21.200  -17.160    0.7    0.7 0
1 53 1988  9  9.83215 562 99 129 3 1 1 1 1  -80.430  -61.340    0.7    0.7 0
1 53 1988  9  9.83741 562 99 129 3 1 1 1 1  -79.860  -61.450    0.7    0.7 0
1 53 1988  9  9.83914 562 99 129 3 1 1 1 1  -78.990  -61.830    0.7    0.7 0
1 53 1988  9  9.84543 562 99 129 3 1 1 1 1  -76.730  -63.280    0.7    0.7 0
1 53 1988  9  9.84758 562 99 129 3 1 1 1 1  -76.430  -63.920    0.7    0.7 0
1 53 1988  9 10.94724 562 99 129 3 1 1 1 1  -42.970  -18.920    0.7    0.7 0
1 53 1988  9 10.94932 562 99 129 3 1 1 1 1  -43.180  -18.490    0.7    0.7 0
1 53 1988  9 10.95570 562 99 129 3 1 1 1 1  -42.820  -18.040    0.7    0.7 0
1 53 1988  9 10.95716 562 99 129 3 1 1 1 1  -43.480  -18.410    0.7    0.7 0
1 53 1988  9 10.95843 562 99 129 3 1 1 1 1  -43.690  -18.090    0.7    0.7 0
1 53 1988  9 13.98488 562 99 129 3 1 1 1 1   30.840   -5.850    0.7    0.7 0
1 53 1988  9 13.98662 562 99 129 3 1 1 1 1   33.230   -5.310    0.7    0.7 0
1 53 1988  9 13.98846 562 99 129 3 1 1 1 1   33.470   -5.990    0.7    0.7 0
1 53 1988  9 13.99435 562 99 129 3 1 1 1 1   36.520   -4.570    0.7    0.7 0
1 53 1988  9 13.99585 562 99 129 3 1 1 1 1   36.540   -5.100    0.7    0.7 0
1 53 1988  9 13.99717 562 99 129 3 1 1 1 1   37.470   -4.450    0.7    0.7 0
1 53 1988  9 15.89337 562 99 129 3 1 1 1 1  -92.380  -29.220    0.7    0.7 0
1 53 1988  9 15.89494 562 99 129 3 1 1 1 1  -92.440  -29.940    0.7    0.7 0
1 53 1988  9 15.89653 562 99 129 3 1 1 1 1  -93.570  -30.740    0.7    0.7 0
1 53 1988  9 16.04328 562 99 129 3 1 1 1 1  -42.230  -27.070    0.7    0.7 0
1 53 1988  9 16.04518 562 99 129 3 1 1 1 1  -40.860  -27.780    0.7    0.7 0
1 53 1988  9 16.04674 562 99 129 3 1 1 1 1  -40.260  -27.140    0.7    0.7 0
1 53 1988  9 16.05338 562 99 129 3 1 1 1 1  -40.640  -25.940    0.7    0.7 0
1 53 1988  9 16.05488 562 99 129 3 1 1 1 1  -40.300  -26.020    0.7    0.7 0
1 53 1988  9 18.91631 562 99 129 3 1 1 1 1   59.450   -2.410    0.7    0.7 0
1 53 1988  9 18.91793 562 99 129 3 1 1 1 1   60.030   -0.960    0.7    0.7 0
1 53 1988  9 18.92358 562 99 129 3 1 1 1 1   61.540    1.200    0.7    0.7 0
1 53 1988  9 18.92526 562 99 129 3 1 1 1 1   61.420    2.050    0.7    0.7 0
1 53 1988  9 18.92681 562 99 129 3 1 1 1 1   62.180    2.920    0.7    0.7 0
1 53 1988  9 19.88562 562 99 129 3 1 1 1 1  -34.770  -28.580    0.7    0.7 0
1 53 1988  9 19.88689 562 99 129 3 1 1 1 1  -34.580  -28.190    0.7    0.7 0
1 53 1988  9 19.88798 562 99 129 3 1 1 1 1  -34.640  -28.610    0.7    0.7 0
1 53 1988  9 20.85667 562 99 129 3 1 1 1 1  -13.790   25.020    0.7    0.7 0
1 53 1988  9 20.84962 562 99 129 3 1 1 1 1  -14.440   23.990    0.7    0.7 0
1 53 1988  9 29.92349 562 99 129 3 1 1 1 1  -99.260  -53.820    0.7    0.7 0
1 53 1988  9 29.92765 562 99 129 3 1 1 1 1  -98.930  -54.180    0.7    0.7 0
1 53 1988  9 29.93036 562 99 129 3 1 1 1 1  -98.460  -56.120    0.7    0.7 0
1 53 1988 10  1.83249 562 99 129 3 1 1 1 1   40.020   27.340    0.7    0.7 0
1 53 1988 10  1.83376 562 99 129 3 1 1 1 1   39.590   26.900    0.7    0.7 0
1 53 1988 10  1.83509 562 99 129 3 1 1 1 1   40.190   26.920    0.7    0.7 0
1 53 1988 10  6.78972 562 99 129 3 1 1 1 1   99.130   43.380    0.7    0.7 0
1 53 1988 10  6.79110 562 99 129 3 1 1 1 1   98.630   43.800    0.7    0.7 0
1 53 1988 10  6.79226 562 99 129 3 1 1 1 1   98.920   46.670    0.7    0.7 0
1 53 1988 10  6.92823 562 99 129 3 1 1 1 1   30.700   31.860    0.7    0.7 0
1 53 1988 10  6.92944 562 99 129 3 1 1 1 1   29.050   31.050    0.7    0.7 0
1 53 1988 10  6.93065 562 99 129 3 1 1 1 1   30.870   30.250    0.7    0.7 0
1 53 1988 10  6.93879 562 99 129 3 1 1 1 1   28.470   29.520    0.7    0.7 0
1 53 1988 10  6.94040 562 99 129 3 1 1 1 1   28.450   28.510    0.7    0.7 0
1 53 1988 10  8.85080 562 99 129 3 1 1 1 1  -78.700  -57.370    0.7    0.7 0
1 53 1988 10  8.85207 562 99 129 3 1 1 1 1  -78.750  -57.380    0.7    0.7 0
1 53 1988 10  8.85334 562 99 129 3 1 1 1 1  -77.950  -57.110    0.7    0.7 0
1 53 1988 10  8.86027 562 99 129 3 1 1 1 1  -75.710  -58.710    0.7    0.7 0
1 53 1988 10  8.86154 562 99 129 3 1 1 1 1  -74.780  -58.750    0.7    0.7 0
1 53 1988 10  8.86269 562 99 129 3 1 1 1 1  -74.230  -59.040    0.7    0.7 0
1 53 1988 10  9.80654 562 99 129 3 1 1 1 1  -79.490  -12.120    0.7    0.7 0
1 53 1988 10  9.80770 562 99 129 3 1 1 1 1  -78.790  -12.470    0.7    0.7 0
1 53 1988 10  9.80885 562 99 129 3 1 1 1 1  -79.370  -12.900    0.7    0.7 0
1 53 1988 10  9.81485 562 99 129 3 1 1 1 1  -79.760  -15.450    0.7    0.7 0
1 53 1988 10  9.81661 562 99 129 3 1 1 1 1  -80.310  -16.310    0.7    0.7 0
1 53 1988 10  9.81716 562 99 129 3 1 1 1 1  -80.320  -16.490    0.7    0.7 0
1 53 1988 10 16.82062 562 99 129 3 1 1 1 1   36.320    0.650    0.7    0.7 0
1 53 1988 10 16.82241 562 99 129 3 1 1 1 1   36.190    0.800    0.7    0.7 0
1 53 1988 10 18.72876 562 99 129 3 1 1 1 1  -89.680  -26.320    0.7    0.7 0
1 53 1988 10 18.73003 562 99 129 3 1 1 1 1  -90.150  -27.130    0.7    0.7 0
1 53 1988 10 18.73130 562 99 129 3 1 1 1 1  -90.190  -27.520    0.7    0.7 0
1 53 1988 10 18.73961 562 99 129 3 1 1 1 1  -90.020  -30.200    0.7    0.7 0
1 53 1988 10 18.74076 562 99 129 3 1 1 1 1  -89.970  -30.670    0.7    0.7 0
1 53 1988 10 18.74180 562 99 129 3 1 1 1 1  -90.290  -30.980    0.7    0.7 0
1 53 1988 11  1.75521 562 99 129 3 1 1 1 1  -76.300  -38.490    0.7    0.7 0
1 53 1988 11  1.75637 562 99 129 3 1 1 1 1  -76.370  -39.420    0.7    0.7 0
1 53 1988 11  1.75747 562 99 129 3 1 1 1 1  -76.370  -39.280    0.7    0.7 0
1 53 1988 11  1.77014 562 99 129 3 1 1 1 1  -74.070  -43.200    0.7    0.7 0
1 53 1988 11  1.77135 562 99 129 3 1 1 1 1  -73.910  -43.540    0.7    0.7 0
1 53 1988 11  1.78183 562 99 129 3 1 1 1 1  -70.400  -45.640    0.7    0.7 0
1 53 1988 11  1.78287 562 99 129 3 1 1 1 1  -69.810  -45.890    0.7    0.7 0
1 53 1988 11  1.78403 562 99 129 3 1 1 1 1  -69.910  -45.960    0.7    0.7 0
1 53 1988 11  4.79097 562 99 129 3 1 1 1 1   78.030   24.600    0.7    0.7 0
1 53 1988 11  4.79253 562 99 129 3 1 1 1 1   77.780   25.270    0.7    0.7 0
1 53 1988 11  4.79416 562 99 129 3 1 1 1 1   77.590   25.820    0.7    0.7 0
1 53 1988 11  4.80127 562 99 129 3 1 1 1 1   77.520   28.610    0.7    0.7 0
1 53 1988 11  4.80301 562 99 129 3 1 1 1 1   76.710   29.510    0.7    0.7 0
1 53 1988 11  4.80457 562 99 129 3 1 1 1 1   78.040   29.900    0.7    0.7 0
1 53 1988 11  4.81105 562 99 129 3 1 1 1 1   76.600   31.100    0.7    0.7 0
1 53 1988 11  4.81262 562 99 129 3 1 1 1 1   77.000   30.810    0.7    0.7 0
1 53 1988 11  4.81412 562 99 129 3 1 1 1 1   75.890   31.970    0.7    0.7 0
1 53 1988 11  6.85527 562 99 129 3 1 1 1 1  -65.120  -39.180    0.7    0.7 0
1 53 1988 11  6.85706 562 99 129 3 1 1 1 1  -64.420  -38.390    0.7    0.7 0
1 53 1988 11  6.85885 562 99 129 3 1 1 1 1  -64.910  -41.550    0.7    0.7 0
1 53 1988 11  6.87135 562 99 129 3 1 1 1 1  -63.240  -40.850    0.7    0.7 0
1 53 1988 11  6.87772 562 99 129 3 1 1 1 1  -61.110  -44.240    0.7    0.7 0
1 53 1988 11  6.87940 562 99 129 3 1 1 1 1  -59.730  -43.070    0.7    0.7 0
1 53 1988 11  6.88275 562 99 129 3 1 1 1 1  -58.940  -44.600    0.7    0.7 0
1 53 1988 11  6.89126 562 99 129 3 1 1 1 1  -56.410  -46.060    0.7    0.7 0
1 53 1988  8 24.89371 562 99  84 1 1 1 1 1   24.780   14.200    0.6    0.6 0
1 53 1988  8 24.89648 562 99  84 1 1 1 1 1   24.240   14.830    0.6    0.6 0
1 53 1988  8 24.89925 562 99  84 1 1 1 1 1   23.880   15.360    0.6    0.6 0
1 53 1988  9  3.94860 562 99  84 1 1 1 1 1  -25.950  -16.990    0.6    0.6 0
1 53 1988  9  3.95413 562 99  84 1 1 1 1 1  -24.300  -17.620    0.6    0.6 0
1 53 1988  9  8.87170 562 99  84 1 1 1 1 1   27.950   13.690    0.6    0.6 0
1 53 1988  9  8.89040 562 99  84 1 1 1 1 1   25.850   17.140    0.6    0.6 0
1 53 1988  9  8.89594 562 99  84 1 1 1 1 1   26.100   17.610    0.6    0.6 0
1 53 1988  9 27.87952 562 99  84 1 1 1 1 1  -23.340  -18.940    0.6    0.6 0
1 53 1988 10  5.83200 562 99  84 1 1 1 1 1  -26.320  -15.980    0.6    0.6 0
1 53 1988 10  5.83339 562 99  84 1 1 1 1 1  -27.400  -16.270    0.6    0.6 0
1 53 1988 10  5.83477 562 99  84 1 1 1 1 1  -27.180  -16.600    0.6    0.6 0
1 53 1988 10  6.92894 562 99  84 1 1 1 1 1   27.450   11.050    0.6    0.6 0
1 53 1988 10  6.93205 562 99  84 1 1 1 1 1   27.800   12.490    0.6    0.6 0
1 53 1988 10  6.93353 562 99  84 1 1 1 1 1   27.710   12.330    0.6    0.6 0
1 53 1988 10  6.94827 562 99  84 1 1 1 1 1   25.450   15.350    0.6    0.6 0
1 53 1988 10  6.94954 562 99  84 1 1 1 1 1   26.180   15.530    0.6    0.6 0
1 53 1988 10  6.95075 562 99  84 1 1 1 1 1   25.150   16.140    0.6    0.6 0
1 53 1988 10 13.79917 562 99  84 1 1 1 1 1  -26.590  -14.260    0.6    0.6 0
1 53 1988 10 13.80055 562 99  84 1 1 1 1 1  -26.320  -14.340    0.6    0.6 0
1 53 1988 10 13.80194 562 99  84 1 1 1 1 1  -26.560  -14.910    0.6    0.6 0
1 53 1988 10 16.80455 562 99  84 1 1 1 1 1   26.550    7.510    0.6    0.6 0
1 53 1988 10 16.80594 562 99  84 1 1 1 1 1   26.630    8.020    0.6    0.6 0
1 53 1988 10 16.80721 562 99  84 1 1 1 1 1   26.570    8.420    0.6    0.6 0
1 53 1988  9  8.89040 562 99  84 2 1 1 1 1   47.650   -0.250    0.9    0.9 0
1 53 1988  9  8.89594 562 99  84 2 1 1 1 1   49.640    1.450    0.9    0.9 0
1 53 1988  9 27.87952 562 99  84 2 1 1 1 1   67.120   12.920    0.9    0.9 0
1 53 1988 10 19.87880 562 99  84 2 1 1 1 1  -43.060    6.580    0.9    0.9 0
1 53 1988 10 19.88013 562 99  84 2 1 1 1 1  -43.090    5.740    0.9    0.9 0
1 53 1988 10 20.80289 562 99  84 2 1 1 1 1   54.720   36.940    0.9    0.9 0
1 53 1988 10 20.80427 562 99  84 2 1 1 1 1   54.300   37.310    0.9    0.9 0
1 53 1988 10 20.80566 562 99  84 2 1 1 1 1   53.930   37.450    0.9    0.9 0
1 53 1988  9 19.90543 562 99  84 3 1 1 1 1  -35.420  -27.380    0.6    0.6 0
1 53 1988  9 19.90717 562 99  84 3 1 1 1 1  -35.650  -27.230    0.6    0.6 0
1 53 1988  9 19.90924 562 99  84 3 1 1 1 1  -35.820  -27.470    0.6    0.6 0
1 53 1988  9 27.85840 562 99  84 3 1 1 1 1   89.220   25.140    0.6    0.6 0
1 53 1988  9 27.86013 562 99  84 3 1 1 1 1   89.800   26.040    0.6    0.6 0
1 53 1988  9 27.86186 562 99  84 3 1 1 1 1   89.710   26.750    0.6    0.6 0
1 53 1988  9 27.87594 562 99  84 3 1 1 1 1   88.390   31.270    0.6    0.6 0
1 53 1988  9 27.87727 562 99  84 3 1 1 1 1   88.570   30.780    0.6    0.6 0
1 53 1988 10 13.81631 562 99  84 3 1 1 1 1  -41.440  -19.780    0.6    0.6 0
1 53 1988 10 13.81734 562 99  84 3 1 1 1 1  -41.580  -20.040    0.6    0.6 0
1 53 1988 10 13.81873 562 99  84 3 1 1 1 1  -41.730  -19.900    0.6    0.6 0
1 53 1988 10 14.92364 562 99  84 3 1 1 1 1  -86.770  -26.890    0.6    0.6 0
1 53 1988 10 14.92503 562 99  84 3 1 1 1 1  -86.580  -27.050    0.6    0.6 0
1 53 1988 10 14.92658 562 99  84 3 1 1 1 1  -87.340  -28.270    0.6    0.6 0
1 53 1988 10 16.81984 562 99  84 3 1 1 1 1   36.350   -0.920    0.6    0.6 0
1 53 1988 10 16.82123 562 99  84 3 1 1 1 1   36.750    1.140    0.6    0.6 0
1 53 1988 10 16.82308 562 99  84 3 1 1 1 1   36.880    0.480    0.6    0.6 0
1 53 1988 10 19.84845 562 99  84 3 1 1 1 1   -8.180   23.810    0.6    0.6 0
1 53 1988 10 19.84983 562 99  84 3 1 1 1 1   -9.010   24.190    0.6    0.6 0
1 53 1988 10 19.85139 562 99  84 3 1 1 1 1   -9.660   23.770    0.6    0.6 0
1 53 1988 10 19.86351 562 99  84 3 1 1 1 1  -14.090   23.670    0.6    0.6 0
1 53 1988 10 19.86455 562 99  84 3 1 1 1 1  -14.140   23.680    0.6    0.6 0
1 53 1988 10 19.86593 562 99  84 3 1 1 1 1  -15.320   23.830    0.6    0.6 0
1 53 1988 10 19.87667 562 99  84 3 1 1 1 1  -20.880   22.430    0.6    0.6 0
1 53 1988 10 19.87875 562 99  84 3 1 1 1 1  -22.600   22.440    0.6    0.6 0
1 53 1988 10 19.88013 562 99  84 3 1 1 1 1  -22.610   21.380    0.6    0.6 0
1 53 1988 10 20.80289 562 99  84 3 1 1 1 1   80.050   48.480    0.6    0.6 0
1 53 1988 10 20.80427 562 99  84 3 1 1 1 1   80.210   49.170    0.6    0.6 0
1 53 1988 10 20.80566 562 99  84 3 1 1 1 1   80.310   49.440    0.6    0.6 0