1 53 1988  9 19.92883 562 47 586 3 1 1 1 1  -40.060  -28.411    0.1    0.1 0
1 53 1988  9 19.92909 562 47 586 3 1 1 1 1  -40.108  -28.585    0.1    0.1 0
1 53 1988  9 19.92931 562 47 586 3 1 1 1 1  -40.165  -28.631    0.1    0.1 0
1 53 1988  9 19.93069 562 47 586 3 1 1 1 1  -40.525  -28.756    0.1    0.1 0
1 53 1988  9 19.93103 562 47 586 3 1 1 1 1  -40.685  -28.911    0.1    0.1 0
1 53 1988  9 19.93124 562 47 586 3 1 1 1 1  -40.826  -28.986    0.1    0.1 0
1 53 1988  9 19.93144 562 47 586 3 1 1 1 1  -40.813  -28.763    0.1    0.1 0
1 53 1988  9 19.93164 562 47 586 3 1 1 1 1  -40.860  -28.915    0.1    0.1 0
1 53 1988  9 19.93187 562 47 586 3 1 1 1 1  -40.873  -28.803    0.1    0.1 0
1 53 1988  9 19.93379 562 47 586 3 1 1 1 1  -41.364  -29.336    0.1    0.1 0
1 53 1988  9 21.97251 562 47 586 3 1 1 1 1  -19.397   16.438    0.1    0.1 0
1 53 1988  9 21.97286 562 47 586 3 1 1 1 1  -19.423   16.324    0.1    0.1 0
1 53 1988  9 21.97355 562 47 586 3 1 1 1 1  -19.448   16.192    0.1    0.1 0
1 53 1988  9 21.97390 562 47 586 3 1 1 1 1  -19.454   16.097    0.1    0.1 0
1 53 1988  9 21.97425 562 47 586 3 1 1 1 1  -19.527   16.036    0.1    0.1 0
1 53 1988  9 21.97459 562 47 586 3 1 1 1 1  -19.519   15.913    0.1    0.1 0
1 53 1988  9 21.97494 562 47 586 3 1 1 1 1  -19.529   15.885    0.1    0.1 0
1 53 1988  9 21.97529 562 47 586 3 1 1 1 1  -19.534   15.780    0.1    0.1 0
1 53 1988  9 21.97564 562 47 586 3 1 1 1 1  -19.527   15.727    0.1    0.1 0
1 53 1988  9 21.97598 562 47 586 3 1 1 1 1  -19.543   15.651    0.1    0.1 0
1 53 1988  9 21.97633 562 47 586 3 1 1 1 1  -19.583   15.568    0.1    0.1 0
1 53 1988  9 21.97668 562 47 586 3 1 1 1 1  -19.602   15.489    0.1    0.1 0
1 53 1988  9 21.97703 562 47 586 3 1 1 1 1  -19.601   15.429    0.1    0.1 0
1 53 1988  9 21.97737 562 47 586 3 1 1 1 1  -19.581   15.398    0.1    0.1 0
1 53 1988  9 21.97772 562 47 586 3 1 1 1 1  -19.627   15.337    0.1    0.1 0
1 53 1988  9 21.97807 562 47 586 3 1 1 1 1  -19.619   15.202    0.1    0.1 0
1 53 1988  9 21.97841 562 47 586 3 1 1 1 1  -19.598   15.154    0.1    0.1 0
1 53 1988  9 21.97946 562 47 586 3 1 1 1 1  -19.606   14.940    0.1    0.1 0
1 53 1988  9 21.97980 562 47 586 3 1 1 1 1  -19.612   14.873    0.1    0.1 0
1 53 1988  9 21.98015 562 47 586 3 1 1 1 1  -19.598   14.794    0.1    0.1 0
1 53 1988  9 21.98050 562 47 586 3 1 1 1 1  -19.611   14.744    0.1    0.1 0
1 53 1988  9 21.98084 562 47 586 3 1 1 1 1  -19.594   14.687    0.1    0.1 0
1 53 1988  9 21.98119 562 47 586 3 1 1 1 1  -19.566   14.577    0.1    0.1 0
1 53 1988  9 21.98154 562 47 586 3 1 1 1 1  -19.599   14.576    0.1    0.1 0
1 53 1988  9 21.98189 562 47 586 3 1 1 1 1  -19.571   14.476    0.1    0.1 0
1 53 1988  9 21.98223 562 47 586 3 1 1 1 1  -19.540   14.409    0.1    0.1 0
1 53 1988  9 21.98258 562 47 586 3 1 1 1 1  -19.530   14.365    0.1    0.1 0
1 53 1988  9 21.98293 562 47 586 3 1 1 1 1  -19.532   14.286    0.1    0.1 0
1 53 1988  9 21.98328 562 47 586 3 1 1 1 1  -19.529   14.270    0.1    0.1 0
1 53 1988  9 21.98362 562 47 586 3 1 1 1 1  -19.545   14.214    0.1    0.1 0
1 53 1988  9 21.98397 562 47 586 3 1 1 1 1  -19.514   14.192    0.1    0.1 0
1 53 1988  9 21.98432 562 47 586 3 1 1 1 1  -19.473   14.091    0.1    0.1 0
1 53 1988  9 21.98466 562 47 586 3 1 1 1 1  -19.517   14.059    0.1    0.1 0
1 53 1988  9 21.98501 562 47 586 3 1 1 1 1  -19.462   13.930    0.1    0.1 0
1 53 1988  9 21.98536 562 47 586 3 1 1 1 1  -19.425   13.946    0.1    0.1 0
1 53 1988  9 21.98571 562 47 586 3 1 1 1 1  -19.475   13.904    0.1    0.1 0
1 53 1988  9 21.98605 562 47 586 3 1 1 1 1  -19.457   13.860    0.1    0.1 0
1 53 1988  9 21.98779 562 47 586 3 1 1 1 1  -19.297   13.621    0.1    0.1 0
1 53 1988  9 21.98814 562 47 586 3 1 1 1 1  -19.334   13.586    0.1    0.1 0
1 53 1988  9 21.98848 562 47 586 3 1 1 1 1  -19.303   13.545    0.1    0.1 0
1 53 1988  9 21.98883 562 47 586 3 1 1 1 1  -19.262   13.476    0.1    0.1 0
1 53 1988  9 21.98918 562 47 586 3 1 1 1 1  -19.221   13.442    0.1    0.1 0
1 53 1988  9 21.98953 562 47 586 3 1 1 1 1  -19.207   13.395    0.1    0.1 0
1 53 1988  9 21.98987 562 47 586 3 1 1 1 1  -19.197   13.366    0.1    0.1 0
1 53 1988  9 21.99022 562 47 586 3 1 1 1 1  -19.150   13.325    0.1    0.1 0
1 53 1988  9 21.99057 562 47 586 3 1 1 1 1  -19.116   13.316    0.1    0.1 0
1 53 1988  9 21.99126 562 47 586 3 1 1 1 1  -19.044   13.171    0.1    0.1 0
1 53 1988  9 21.99161 562 47 586 3 1 1 1 1  -19.007   13.153    0.1    0.1 0
1 53 1988  9 21.99196 562 47 586 3 1 1 1 1  -18.959   13.125    0.1    0.1 0
1 53 1988  9 21.99230 562 47 586 3 1 1 1 1  -18.949   13.039    0.1    0.1 0
1 53 1988  9 21.99265 562 47 586 3 1 1 1 1  -18.898   13.018    0.1    0.1 0
1 53 1988  9 21.99300 562 47 586 3 1 1 1 1  -18.834   12.952    0.1    0.1 0
1 53 1988  9 21.99334 562 47 586 3 1 1 1 1  -18.814   12.977    0.1    0.1 0
1 53 1988  9 21.99404 562 47 586 3 1 1 1 1  -18.762   12.848    0.1    0.1 0
1 53 1988  9 21.99439 562 47 586 3 1 1 1 1  -18.705   12.836    0.1    0.1 0
1 53 1988  9 22.00029 562 47 586 3 1 1 1 1  -17.888   12.402    0.1    0.1 0
1 53 1988  9 22.00064 562 47 586 3 1 1 1 1  -17.834   12.377    0.1    0.1 0
1 53 1988  9 22.00098 562 47 586 3 1 1 1 1  -17.753   12.331    0.1    0.1 0
1 53 1988  9 22.00168 562 47 586 3 1 1 1 1  -17.661   12.274    0.1    0.1 0
1 53 1988  9 22.00203 562 47 586 3 1 1 1 1  -17.581   12.262    0.1    0.1 0
1 53 1988  9 22.00237 562 47 586 3 1 1 1 1  -17.574   12.322    0.1    0.1 0
1 53 1988  9 22.00272 562 47 586 3 1 1 1 1  -17.460   12.273    0.1    0.1 0
1 53 1988  9 22.00341 562 47 586 3 1 1 1 1  -17.322   12.258    0.1    0.1 0
1 53 1988  9 22.00376 562 47 586 3 1 1 1 1  -17.275   12.217    0.1    0.1 0
1 53 1988  9 22.00411 562 47 586 3 1 1 1 1  -17.275   12.245    0.1    0.1 0
1 53 1988  9 22.00446 562 47 586 3 1 1 1 1  -17.157   12.221    0.1    0.1 0
1 53 1988  9 22.00480 562 47 586 3 1 1 1 1  -17.106   12.171    0.1    0.1 0
1 53 1988  9 22.00515 562 47 586 3 1 1 1 1  -17.087   12.256    0.1    0.1 0
1 53 1988  9 22.00550 562 47 586 3 1 1 1 1  -16.996   12.241    0.1    0.1 0
1 53 1988  9 22.00584 562 47 586 3 1 1 1 1  -16.932   12.251    0.1    0.1 0
1 53 1988  9 22.00619 562 47 586 3 1 1 1 1  -16.935   12.191    0.1    0.1 0
1 53 1988  9 24.98779 562 47 586 3 1 1 1 1  -21.872  -29.641    0.1    0.1 0
1 53 1988  9 24.98848 562 47 586 3 1 1 1 1  -21.783  -29.428    0.1    0.1 0
1 53 1988  9 24.98883 562 47 586 3 1 1 1 1  -21.726  -29.394    0.1    0.1 0
1 53 1988  9 24.98918 562 47 586 3 1 1 1 1  -21.728  -29.327    0.1    0.1 0
1 53 1988  9 24.98953 562 47 586 3 1 1 1 1  -21.675  -29.210    0.1    0.1 0
1 53 1988  9 24.98987 562 47 586 3 1 1 1 1  -21.629  -29.216    0.1    0.1 0
1 53 1988  9 24.99022 562 47 586 3 1 1 1 1  -21.622  -29.151    0.1    0.1 0
1 53 1988  9 24.99057 562 47 586 3 1 1 1 1  -21.603  -29.115    0.1    0.1 0
1 53 1988  9 24.99091 562 47 586 3 1 1 1 1  -21.543  -29.048    0.1    0.1 0
1 53 1988  9 24.99126 562 47 586 3 1 1 1 1  -21.511  -29.004    0.1    0.1 0
1 53 1988  9 24.99161 562 47 586 3 1 1 1 1  -21.478  -28.901    0.1    0.1 0
1 53 1988  9 24.99196 562 47 586 3 1 1 1 1  -21.439  -28.845    0.1    0.1 0
1 53 1988  9 24.99230 562 47 586 3 1 1 1 1  -21.392  -28.823    0.1    0.1 0
1 53 1988  9 24.99265 562 47 586 3 1 1 1 1  -21.358  -28.711    0.1    0.1 0
1 53 1988  9 24.99300 562 47 586 3 1 1 1 1  -21.334  -28.682    0.1    0.1 0
1 53 1988  9 24.99334 562 47 586 3 1 1 1 1  -21.352  -28.659    0.1    0.1 0
1 53 1988  9 24.99439 562 47 586 3 1 1 1 1  -21.299  -28.490    0.1    0.1 0
1 53 1988  9 24.99473 562 47 586 3 1 1 1 1  -21.260  -28.449    0.1    0.1 0
1 53 1988  9 24.99508 562 47 586 3 1 1 1 1  -21.278  -28.272    0.1    0.1 0
1 53 1988  9 24.99543 562 47 586 3 1 1 1 1  -21.226  -28.325    0.1    0.1 0
1 53 1988  9 24.99578 562 47 586 3 1 1 1 1  -21.215  -28.249    0.1    0.1 0
1 53 1988  9 24.99612 562 47 586 3 1 1 1 1  -21.190  -28.176    0.1    0.1 0
1 53 1988  9 24.99647 562 47 586 3 1 1 1 1  -21.177  -28.075    0.1    0.1 0
1 53 1988  9 24.99684 562 47 586 3 1 1 1 1  -21.188  -28.038    0.1    0.1 0
1 53 1988  9 24.99716 562 47 586 3 1 1 1 1  -21.152  -28.037    0.1    0.1 0
1 53 1988  9 24.99751 562 47 586 3 1 1 1 1  -21.164  -28.024    0.1    0.1 0
1 53 1988  9 24.99786 562 47 586 3 1 1 1 1  -21.149  -27.889    0.1    0.1 0
1 53 1988  9 24.99821 562 47 586 3 1 1 1 1  -21.153  -27.892    0.1    0.1 0
1 53 1988  9 24.99855 562 47 586 3 1 1 1 1  -21.131  -27.859    0.1    0.1 0
1 53 1988  9 24.99890 562 47 586 3 1 1 1 1  -21.175  -27.730    0.1    0.1 0
1 53 1988  9 24.99959 562 47 586 3 1 1 1 1  -21.104  -27.741    0.1    0.1 0
1 53 1988  9 24.99977 562 47 586 3 1 1 1 1  -21.134  -27.600    0.1    0.1 0
1 53 1988  9 25.00064 562 47 586 3 1 1 1 1  -21.115  -27.608    0.1    0.1 0
1 53 1988  9 25.00133 562 47 586 3 1 1 1 1  -21.138  -27.505    0.1    0.1 0
1 53 1988  9 25.00150 562 47 586 3 1 1 1 1  -21.073  -27.459    0.1    0.1 0
1 53 1988  9 25.00203 562 47 586 3 1 1 1 1  -21.155  -27.411    0.1    0.1 0
1 53 1988  9 25.00237 562 47 586 3 1 1 1 1  -21.111  -27.389    0.1    0.1 0
1 53 1988  9 25.00272 562 47 586 3 1 1 1 1  -21.105  -27.387    0.1    0.1 0
1 53 1988  9 25.00307 562 47 586 3 1 1 1 1  -21.140  -27.332    0.1    0.1 0
1 53 1988  9 25.00341 562 47 586 3 1 1 1 1  -21.107  -27.368    0.1    0.1 0
1 53 1988  9 25.00376 562 47 586 3 1 1 1 1  -21.081  -27.376    0.1    0.1 0
1 53 1988  9 25.00411 562 47 586 3 1 1 1 1  -21.116  -27.260    0.1    0.1 0
1 53 1988  9 25.00446 562 47 586 3 1 1 1 1  -21.139  -27.255    0.1    0.1 0
1 53 1988  9 25.00480 562 47 586 3 1 1 1 1  -21.123  -27.207    0.1    0.1 0
1 53 1988  9 25.00515 562 47 586 3 1 1 1 1  -21.121  -27.182    0.1    0.1 0
1 53 1988  9 25.00551 562 47 586 3 1 1 1 1  -21.174  -27.191    0.1    0.1 0
1 53 1988  9 25.00619 562 47 586 3 1 1 1 1  -21.209  -27.066    0.1    0.1 0
1 53 1988  9 25.01244 562 47 586 3 1 1 1 1  -21.610  -26.676    0.1    0.1 0
1 53 1988  9 25.01279 562 47 586 3 1 1 1 1  -21.664  -26.691    0.1    0.1 0
1 53 1988  9 25.01314 562 47 586 3 1 1 1 1  -21.699  -26.683    0.1    0.1 0
1 53 1988  9 25.01348 562 47 586 3 1 1 1 1  -21.718  -26.577    0.1    0.1 0
1 53 1988  9 25.01383 562 47 586 3 1 1 1 1  -21.760  -26.568    0.1    0.1 0
1 53 1988  9 25.01418 562 47 586 3 1 1 1 1  -21.739  -26.545    0.1    0.1 0
1 53 1988  9 25.01453 562 47 586 3 1 1 1 1  -21.814  -26.636    0.1    0.1 0
1 53 1988  9 25.01487 562 47 586 3 1 1 1 1  -21.828  -26.601    0.1    0.1 0
1 53 1988  9 25.01557 562 47 586 3 1 1 1 1  -21.955  -26.538    0.1    0.1 0
1 53 1988  9 25.01591 562 47 586 3 1 1 1 1  -21.961  -26.528    0.1    0.1 0
1 53 1988  9 25.01626 562 47 586 3 1 1 1 1  -22.002  -26.548    0.1    0.1 0
1 53 1988  9 25.01661 562 47 586 3 1 1 1 1  -22.035  -26.561    0.1    0.1 0
1 53 1988  9 25.01696 562 47 586 3 1 1 1 1  -22.102  -26.523    0.1    0.1 0
1 53 1988  9 25.01730 562 47 586 3 1 1 1 1  -22.104  -26.461    0.1    0.1 0
1 53 1988  9 25.01765 562 47 586 3 1 1 1 1  -22.173  -26.460    0.1    0.1 0
1 53 1988  9 25.01800 562 47 586 3 1 1 1 1  -22.192  -26.499    0.1    0.1 0
1 53 1988  9 25.01834 562 47 586 3 1 1 1 1  -22.253  -26.490    0.1    0.1 0
1 53 1988  9 25.01869 562 47 586 3 1 1 1 1  -22.333  -26.552    0.1    0.1 0
1 53 1988  9 25.01904 562 47 586 3 1 1 1 1  -22.355  -26.483    0.1    0.1 0
1 53 1988  9 25.01939 562 47 586 3 1 1 1 1  -22.392  -26.512    0.1    0.1 0
1 53 1988  9 25.01973 562 47 586 3 1 1 1 1  -22.410  -26.431    0.1    0.1 0
1 53 1988  9 25.02008 562 47 586 3 1 1 1 1  -22.517  -26.514    0.1    0.1 0
1 53 1988  9 25.02043 562 47 586 3 1 1 1 1  -22.526  -26.550    0.1    0.1 0
1 53 1988  9 25.02078 562 47 586 3 1 1 1 1  -22.593  -26.519    0.1    0.1 0
1 53 1988  9 25.02112 562 47 586 3 1 1 1 1  -22.626  -26.581    0.1    0.1 0
1 53 1988  9 25.02147 562 47 586 3 1 1 1 1  -22.661  -26.558    0.1    0.1 0
1 53 1988  9 25.02182 562 47 586 3 1 1 1 1  -22.696  -26.491    0.1    0.1 0
1 53 1988  9 25.02251 562 47 586 3 1 1 1 1  -22.799  -26.571    0.1    0.1 0
1 53 1988  9 25.02286 562 47 586 3 1 1 1 1  -22.908  -26.528    0.1    0.1 0
1 53 1988  9 25.02668 562 47 586 3 1 1 1 1  -23.551  -26.542    0.1    0.1 0
1 53 1988  9 25.02703 562 47 586 3 1 1 1 1  -23.641  -26.576    0.1    0.1 0
1 53 1988  9 25.02737 562 47 586 3 1 1 1 1  -23.699  -26.607    0.1    0.1 0
1 53 1988  9 25.02772 562 47 586 3 1 1 1 1  -23.740  -26.638    0.1    0.1 0
1 53 1988  9 25.02807 562 47 586 3 1 1 1 1  -23.762  -26.677    0.1    0.1 0
1 53 1988  9 25.02841 562 47 586 3 1 1 1 1  -23.833  -26.660    0.1    0.1 0
1 53 1988  9 25.02876 562 47 586 3 1 1 1 1  -23.923  -26.729    0.1    0.1 0
1 53 1988  9 25.02946 562 47 586 3 1 1 1 1  -24.013  -26.813    0.1    0.1 0
1 53 1988  9 25.02980 562 47 586 3 1 1 1 1  -24.114  -26.755    0.1    0.1 0
1 53 1988  9 25.03015 562 47 586 3 1 1 1 1  -24.150  -26.848    0.1    0.1 0
1 53 1988  9 25.03050 562 47 586 3 1 1 1 1  -24.189  -26.852    0.1    0.1 0
1 53 1988  9 25.03084 562 47 586 3 1 1 1 1  -24.320  -26.896    0.1    0.1 0
1 53 1988  9 25.03119 562 47 586 3 1 1 1 1  -24.420  -26.878    0.1    0.1 0
1 53 1988  9 25.03154 562 47 586 3 1 1 1 1  -24.457  -26.891    0.1    0.1 0
1 53 1988  9 25.03189 562 47 586 3 1 1 1 1  -24.511  -26.919    0.1    0.1 0
1 53 1988  9 25.03223 562 47 586 3 1 1 1 1  -24.603  -26.963    0.1    0.1 0
1 53 1988  9 25.90237 562 47 586 3 1 1 1 1  -19.840   10.484    0.1    0.1 0
1 53 1988  9 25.90307 562 47 586 3 1 1 1 1  -19.864   10.586    0.1    0.1 0
1 53 1988  9 25.90341 562 47 586 3 1 1 1 1  -19.796   10.551    0.1    0.1 0
1 53 1988  9 25.90376 562 47 586 3 1 1 1 1  -19.772   10.578    0.1    0.1 0
1 53 1988  9 25.90411 562 47 586 3 1 1 1 1  -19.857   10.724    0.1    0.1 0
1 53 1988  9 25.90446 562 47 586 3 1 1 1 1  -19.810   10.776    0.1    0.1 0
1 53 1988  9 25.90515 562 47 586 3 1 1 1 1  -19.816   10.785    0.1    0.1 0
1 53 1988  9 25.90584 562 47 586 3 1 1 1 1  -19.838   10.964    0.1    0.1 0
1 53 1988  9 25.90619 562 47 586 3 1 1 1 1  -19.871   10.962    0.1    0.1 0
1 53 1988  9 25.90654 562 47 586 3 1 1 1 1  -19.829   11.075    0.1    0.1 0
1 53 1988  9 25.90689 562 47 586 3 1 1 1 1  -19.905   11.021    0.1    0.1 0
1 53 1988  9 25.90723 562 47 586 3 1 1 1 1  -19.830   11.017    0.1    0.1 0
1 53 1988  9 25.90758 562 47 586 3 1 1 1 1  -19.892   11.027    0.1    0.1 0
1 53 1988  9 25.90793 562 47 586 3 1 1 1 1  -19.932   11.117    0.1    0.1 0
1 53 1988  9 25.90828 562 47 586 3 1 1 1 1  -19.941   11.170    0.1    0.1 0
1 53 1988  9 25.91140 562 47 586 3 1 1 1 1  -20.123   11.513    0.1    0.1 0
1 53 1988  9 25.91175 562 47 586 3 1 1 1 1  -20.115   11.547    0.1    0.1 0
1 53 1988  9 25.91209 562 47 586 3 1 1 1 1  -20.172   11.622    0.1    0.1 0
1 53 1988  9 25.91244 562 47 586 3 1 1 1 1  -20.169   11.610    0.1    0.1 0
1 53 1988  9 25.91279 562 47 586 3 1 1 1 1  -20.219   11.607    0.1    0.1 0
1 53 1988  9 25.91314 562 47 586 3 1 1 1 1  -20.206   11.718    0.1    0.1 0
1 53 1988  9 25.91348 562 47 586 3 1 1 1 1  -20.290   11.782    0.1    0.1 0
1 53 1988  9 25.91383 562 47 586 3 1 1 1 1  -20.317   11.739    0.1    0.1 0
1 53 1988  9 25.91418 562 47 586 3 1 1 1 1  -20.342   11.783    0.1    0.1 0
1 53 1988  9 25.91453 562 47 586 3 1 1 1 1  -20.367   11.836    0.1    0.1 0
1 53 1988  9 25.91487 562 47 586 3 1 1 1 1  -20.395   11.892    0.1    0.1 0
1 53 1988  9 25.91522 562 47 586 3 1 1 1 1  -20.425   11.877    0.1    0.1 0
1 53 1988  9 25.91557 562 47 586 3 1 1 1 1  -20.424   11.920    0.1    0.1 0
1 53 1988  9 25.91591 562 47 586 3 1 1 1 1  -20.466   11.930    0.1    0.1 0
1 53 1988  9 25.91626 562 47 586 3 1 1 1 1  -20.540   12.006    0.1    0.1 0
1 53 1988  9 25.91661 562 47 586 3 1 1 1 1  -20.538   12.095    0.1    0.1 0
1 53 1988  9 25.91730 562 47 586 3 1 1 1 1  -20.637   12.079    0.1    0.1 0
1 53 1988  9 25.91765 562 47 586 3 1 1 1 1  -20.717   12.133    0.1    0.1 0
1 53 1988  9 25.91800 562 47 586 3 1 1 1 1  -20.760   12.140    0.1    0.1 0
1 53 1988  9 25.91834 562 47 586 3 1 1 1 1  -20.805   12.184    0.1    0.1 0
1 53 1988  9 25.91869 562 47 586 3 1 1 1 1  -20.853   12.225    0.1    0.1 0
1 53 1988  9 25.91887 562 47 586 3 1 1 1 1  -20.866   12.204    0.1    0.1 0
1 53 1988  9 25.91904 562 47 586 3 1 1 1 1  -20.928   12.242    0.1    0.1 0
1 53 1988  9 25.91939 562 47 586 3 1 1 1 1  -20.958   12.224    0.1    0.1 0
1 53 1988  9 25.91973 562 47 586 3 1 1 1 1  -21.084   12.301    0.1    0.1 0
1 53 1988  9 25.92008 562 47 586 3 1 1 1 1  -21.091   12.286    0.1    0.1 0
1 53 1988  9 25.92043 562 47 586 3 1 1 1 1  -21.151   12.367    0.1    0.1 0
1 53 1988  9 25.92078 562 47 586 3 1 1 1 1  -21.144   12.407    0.1    0.1 0
1 53 1988  9 25.92112 562 47 586 3 1 1 1 1  -21.241   12.455    0.1    0.1 0
1 53 1988  9 25.92147 562 47 586 3 1 1 1 1  -21.343   12.445    0.1    0.1 0
1 53 1988  9 25.92182 562 47 586 3 1 1 1 1  -21.360   12.424    0.1    0.1 0
1 53 1988  9 25.92216 562 47 586 3 1 1 1 1  -21.438   12.460    0.1    0.1 0
1 53 1988  9 25.92251 562 47 586 3 1 1 1 1  -21.514   12.551    0.1    0.1 0
1 53 1988  9 25.92286 562 47 586 3 1 1 1 1  -21.518   12.523    0.1    0.1 0
1 53 1988 10 20.96501 562 47 586 3 1 1 1 1  -14.392   22.847    0.1    0.1 0
1 53 1988 10 20.96535 562 47 586 3 1 1 1 1  -14.453   22.882    0.1    0.1 0
1 53 1988 10 20.96570 562 47 586 3 1 1 1 1  -14.537   22.727    0.1    0.1 0
1 53 1988 10 20.96605 562 47 586 3 1 1 1 1  -14.753   22.492    0.1    0.1 0
1 53 1988 10 20.96639 562 47 586 3 1 1 1 1  -14.749   22.447    0.1    0.1 0
1 53 1988 10 20.96674 562 47 586 3 1 1 1 1  -14.850   22.235    0.1    0.1 0
1 53 1988 10 20.96709 562 47 586 3 1 1 1 1  -15.056   22.197    0.1    0.1 0
1 53 1988 10 20.96813 562 47 586 3 1 1 1 1  -15.279   21.962    0.1    0.1 0
1 53 1988 10 20.96848 562 47 586 3 1 1 1 1  -15.299   21.806    0.1    0.1 0
1 53 1988 10 20.96883 562 47 586 3 1 1 1 1  -15.443   21.689    0.1    0.1 0
1 53 1988 10 20.96917 562 47 586 3 1 1 1 1  -15.504   21.559    0.1    0.1 0
1 53 1988 10 20.96952 562 47 586 3 1 1 1 1  -15.595   21.413    0.1    0.1 0
1 53 1988 10 20.96987 562 47 586 3 1 1 1 1  -15.676   21.362    0.1    0.1 0
1 53 1988 10 20.97021 562 47 586 3 1 1 1 1  -15.736   21.273    0.1    0.1 0
1 53 1988 10 20.97056 562 47 586 3 1 1 1 1  -15.763   21.136    0.1    0.1 0
1 53 1988 10 20.97091 562 47 586 3 1 1 1 1  -15.881   21.025    0.1    0.1 0
1 53 1988 10 20.99973 562 47 586 3 1 1 1 1  -18.163   14.359    0.1    0.1 0
1 53 1988 10 21.00008 562 47 586 3 1 1 1 1  -18.193   14.356    0.1    0.1 0
1 53 1988 10 21.00042 562 47 586 3 1 1 1 1  -18.149   14.260    0.1    0.1 0
1 53 1988 10 21.00077 562 47 586 3 1 1 1 1  -18.156   14.298    0.1    0.1 0
1 53 1988 10 21.00112 562 47 586 3 1 1 1 1  -18.152   14.146    0.1    0.1 0
1 53 1988 10 21.00146 562 47 586 3 1 1 1 1  -18.118   14.092    0.1    0.1 0
1 53 1988 10 21.00181 562 47 586 3 1 1 1 1  -18.068   14.051    0.1    0.1 0
1 53 1988 10 21.00216 562 47 586 3 1 1 1 1  -18.101   14.051    0.1    0.1 0
1 53 1988 10 21.00251 562 47 586 3 1 1 1 1  -18.061   13.943    0.1    0.1 0
1 53 1988 10 21.00285 562 47 586 3 1 1 1 1  -18.017   13.991    0.1    0.1 0
1 53 1988 10 21.00320 562 47 586 3 1 1 1 1  -18.003   13.895    0.1    0.1 0
1 53 1988 10 21.00355 562 47 586 3 1 1 1 1  -17.980   13.781    0.1    0.1 0
1 53 1988 10 21.00389 562 47 586 3 1 1 1 1  -17.986   13.781    0.1    0.1 0
1 53 1988 10 21.00424 562 47 586 3 1 1 1 1  -17.932   13.737    0.1    0.1 0
1 53 1988 10 21.00459 562 47 586 3 1 1 1 1  -17.898   13.692    0.1    0.1 0
1 53 1988 10 21.00494 562 47 586 3 1 1 1 1  -17.905   13.660    0.1    0.1 0
1 53 1988 10 21.00528 562 47 586 3 1 1 1 1  -17.851   13.603    0.1    0.1 0
1 53 1988 10 21.00563 562 47 586 3 1 1 1 1  -17.851   13.521    0.1    0.1 0
1 53 1988 10 21.01084 562 47 586 3 1 1 1 1  -17.344   13.035    0.1    0.1 0
1 53 1988 10 21.01119 562 47 586 3 1 1 1 1  -17.337   12.956    0.1    0.1 0
1 53 1988 10 21.01153 562 47 586 3 1 1 1 1  -17.202   13.025    0.1    0.1 0
1 53 1988 10 21.01188 562 47 586 3 1 1 1 1  -17.239   12.886    0.1    0.1 0
1 53 1988 10 21.01223 562 47 586 3 1 1 1 1  -17.134   12.870    0.1    0.1 0
1 53 1988 10 21.01258 562 47 586 3 1 1 1 1  -17.083   12.810    0.1    0.1 0
1 53 1988 10 21.01292 562 47 586 3 1 1 1 1  -17.090   12.822    0.1    0.1 0
1 53 1988 10 21.01327 562 47 586 3 1 1 1 1  -17.043   12.768    0.1    0.1 0
1 53 1988 10 21.01362 562 47 586 3 1 1 1 1  -17.050   12.781    0.1    0.1 0
1 53 1988 10 21.01396 562 47 586 3 1 1 1 1  -16.935   12.784    0.1    0.1 0
1 53 1988 10 21.01431 562 47 586 3 1 1 1 1  -16.935   12.708    0.1    0.1 0
1 53 1988 10 21.01501 562 47 586 3 1 1 1 1  -16.847   12.718    0.1    0.1 0
1 53 1988 10 21.01535 562 47 586 3 1 1 1 1  -16.732   12.591    0.1    0.1 0
1 53 1988 10 21.01570 562 47 586 3 1 1 1 1  -16.746   12.610    0.1    0.1 0
1 53 1988 10 21.01605 562 47 586 3 1 1 1 1  -16.648   12.502    0.1    0.1 0
1 53 1988 10 21.01639 562 47 586 3 1 1 1 1  -16.627   12.629    0.1    0.1 0
1 53 1988 10 21.01674 562 47 586 3 1 1 1 1  -16.573   12.619    0.1    0.1 0
1 53 1988 10 21.02612 562 47 586 3 1 1 1 1  -15.104   12.270    0.1    0.1 0
1 53 1988 10 21.02681 562 47 586 3 1 1 1 1  -15.047   12.251    0.1    0.1 0
1 53 1988 10 21.02716 562 47 586 3 1 1 1 1  -14.956   12.315    0.1    0.1 0
1 53 1988 10 21.02820 562 47 586 3 1 1 1 1  -14.784   12.258    0.1    0.1 0
1 53 1988 10 21.02924 562 47 586 3 1 1 1 1  -14.625   12.134    0.1    0.1 0
1 53 1988 10 21.03028 562 47 586 3 1 1 1 1  -14.233   12.308    0.1    0.1 0
1 53 1988 10 21.03063 562 47 586 3 1 1 1 1  -14.223   12.236    0.1    0.1 0
1 53 1988 10 21.03098 562 47 586 3 1 1 1 1  -14.317   12.191    0.1    0.1 0
1 53 1988 10 21.03237 562 47 586 3 1 1 1 1  -14.061   12.362    0.1    0.1 0
1 53 1988 10 21.91813 562 47 586 3 1 1 1 1   38.909   10.219    0.1    0.1 0
1 53 1988 10 21.91848 562 47 586 3 1 1 1 1   38.935   10.217    0.1    0.1 0
1 53 1988 10 21.91883 562 47 586 3 1 1 1 1   38.959   10.138    0.1    0.1 0
1 53 1988 10 21.91917 562 47 586 3 1 1 1 1   38.997   10.154    0.1    0.1 0
1 53 1988 10 21.91952 562 47 586 3 1 1 1 1   39.043   10.129    0.1    0.1 0
1 53 1988 10 21.91987 562 47 586 3 1 1 1 1   39.052   10.111    0.1    0.1 0
1 53 1988 10 21.92021 562 47 586 3 1 1 1 1   39.085    9.974    0.1    0.1 0
1 53 1988 10 21.92056 562 47 586 3 1 1 1 1   39.127   10.085    0.1    0.1 0
1 53 1988 10 21.92091 562 47 586 3 1 1 1 1   39.005   10.113    0.1    0.1 0
1 53 1988 10 21.92160 562 47 586 3 1 1 1 1   39.164    9.994    0.1    0.1 0
1 53 1988 10 21.92195 562 47 586 3 1 1 1 1   39.139   10.103    0.1    0.1 0
1 53 1988 10 21.92230 562 47 586 3 1 1 1 1   39.259    9.949    0.1    0.1 0
1 53 1988 10 21.92264 562 47 586 3 1 1 1 1   39.348    9.896    0.1    0.1 0
1 53 1988 10 21.95806 562 47 586 3 1 1 1 1   47.589   10.931    0.1    0.1 0
1 53 1988 10 21.95841 562 47 586 3 1 1 1 1   47.718   10.916    0.1    0.1 0
1 53 1988 10 21.95876 562 47 586 3 1 1 1 1   47.869   11.058    0.1    0.1 0
1 53 1988 10 21.95910 562 47 586 3 1 1 1 1   47.942   11.131    0.1    0.1 0
1 53 1988 10 21.95945 562 47 586 3 1 1 1 1   48.098   11.092    0.1    0.1 0
1 53 1988 10 21.95980 562 47 586 3 1 1 1 1   48.101   11.005    0.1    0.1 0
1 53 1988 10 21.96014 562 47 586 3 1 1 1 1   48.366   11.080    0.1    0.1 0
1 53 1988 10 21.96049 562 47 586 3 1 1 1 1   48.481   11.249    0.1    0.1 0
1 53 1988 10 21.96084 562 47 586 3 1 1 1 1   48.540   11.239    0.1    0.1 0
1 53 1988 10 21.96119 562 47 586 3 1 1 1 1   48.752   11.313    0.1    0.1 0
1 53 1988 10 21.96154 562 47 586 3 1 1 1 1   48.747   11.268    0.1    0.1 0
1 53 1988 10 21.96223 562 47 586 3 1 1 1 1   48.981   11.382    0.1    0.1 0
1 53 1988 10 21.96258 562 47 586 3 1 1 1 1   49.214   11.510    0.1    0.1 0
1 53 1988 10 21.96292 562 47 586 3 1 1 1 1   49.390   11.645    0.1    0.1 0
1 53 1988 10 21.96327 562 47 586 3 1 1 1 1   49.420   11.643    0.1    0.1 0
1 53 1988 10 21.96362 562 47 586 3 1 1 1 1   49.692   11.622    0.1    0.1 0
1 53 1988 10 22.84105 562 47 586 3 1 1 1 1  -35.985  -35.349    0.1    0.1 0
1 53 1988 10 22.84139 562 47 586 3 1 1 1 1  -36.061  -35.437    0.1    0.1 0
1 53 1988 10 22.84174 562 47 586 3 1 1 1 1  -35.954  -35.536    0.1    0.1 0
1 53 1988 10 22.84209 562 47 586 3 1 1 1 1  -35.995  -35.530    0.1    0.1 0
1 53 1988 10 22.84244 562 47 586 3 1 1 1 1  -35.948  -35.682    0.1    0.1 0
1 53 1988 10 22.84278 562 47 586 3 1 1 1 1  -35.989  -35.787    0.1    0.1 0
1 53 1988 10 22.84348 562 47 586 3 1 1 1 1  -35.934  -35.824    0.1    0.1 0
1 53 1988 10 22.84383 562 47 586 3 1 1 1 1  -35.912  -36.059    0.1    0.1 0
1 53 1988 10 22.84417 562 47 586 3 1 1 1 1  -35.902  -36.071    0.1    0.1 0
1 53 1988 10 22.84452 562 47 586 3 1 1 1 1  -35.962  -36.126    0.1    0.1 0
1 53 1988 10 22.84487 562 47 586 3 1 1 1 1  -35.919  -36.224    0.1    0.1 0
1 53 1988 10 22.84521 562 47 586 3 1 1 1 1  -35.951  -36.294    0.1    0.1 0
1 53 1988 10 22.84556 562 47 586 3 1 1 1 1  -35.959  -36.393    0.1    0.1 0
1 53 1988 10 22.84591 562 47 586 3 1 1 1 1  -35.867  -36.417    0.1    0.1 0
1 53 1988 10 22.84626 562 47 586 3 1 1 1 1  -35.907  -36.601    0.1    0.1 0
1 53 1988 10 22.84695 562 47 586 3 1 1 1 1  -35.914  -36.748    0.1    0.1 0
1 53 1988 10 22.86188 562 47 586 3 1 1 1 1  -33.941  -39.815    0.1    0.1 0
1 53 1988 10 22.86223 562 47 586 3 1 1 1 1  -33.980  -39.898    0.1    0.1 0
1 53 1988 10 22.86258 562 47 586 3 1 1 1 1  -33.866  -40.000    0.1    0.1 0
1 53 1988 10 22.86292 562 47 586 3 1 1 1 1  -33.789  -39.980    0.1    0.1 0
1 53 1988 10 22.86327 562 47 586 3 1 1 1 1  -33.713  -40.023    0.1    0.1 0
1 53 1988 10 22.86362 562 47 586 3 1 1 1 1  -33.641  -40.094    0.1    0.1 0
1 53 1988 10 22.86396 562 47 586 3 1 1 1 1  -33.533  -40.219    0.1    0.1 0
1 53 1988 10 22.86431 562 47 586 3 1 1 1 1  -33.497  -40.332    0.1    0.1 0
1 53 1988 10 22.86466 562 47 586 3 1 1 1 1  -33.417  -40.286    0.1    0.1 0
1 53 1988 10 22.86501 562 47 586 3 1 1 1 1  -33.312  -40.268    0.1    0.1 0
1 53 1988 10 22.86576 562 47 586 3 1 1 1 1  -33.133  -40.452    0.1    0.1 0
1 53 1988 10 22.86639 562 47 586 3 1 1 1 1  -33.003  -40.665    0.1    0.1 0
1 53 1988 10 22.86709 562 47 586 3 1 1 1 1  -32.825  -40.757    0.1    0.1 0
1 53 1988 10 22.86744 562 47 586 3 1 1 1 1  -32.798  -40.785    0.1    0.1 0
1 53 1988 10 22.86778 562 47 586 3 1 1 1 1  -32.735  -40.837    0.1    0.1 0
1 53 1988 10 22.88167 562 47 586 3 1 1 1 1  -28.019  -42.607    0.1    0.1 0
1 53 1988 10 22.88202 562 47 586 3 1 1 1 1  -27.957  -42.660    0.1    0.1 0
1 53 1988 10 22.88237 562 47 586 3 1 1 1 1  -27.760  -42.703    0.1    0.1 0
1 53 1988 10 22.88271 562 47 586 3 1 1 1 1  -27.659  -42.682    0.1    0.1 0
1 53 1988 10 22.88306 562 47 586 3 1 1 1 1  -27.497  -42.828    0.1    0.1 0
1 53 1988 10 22.88341 562 47 586 3 1 1 1 1  -27.351  -42.828    0.1    0.1 0
1 53 1988 10 22.88374 562 47 586 3 1 1 1 1  -27.216  -42.838    0.1    0.1 0
1 53 1988 10 22.88410 562 47 586 3 1 1 1 1  -27.089  -42.908    0.1    0.1 0
1 53 1988 10 22.88445 562 47 586 3 1 1 1 1  -26.905  -42.838    0.1    0.1 0
1 53 1988 10 22.88480 562 47 586 3 1 1 1 1  -26.801  -42.937    0.1    0.1 0
1 53 1988 10 22.88514 562 47 586 3 1 1 1 1  -26.603  -42.898    0.1    0.1 0
1 53 1988 10 22.88549 562 47 586 3 1 1 1 1  -26.425  -42.984    0.1    0.1 0
1 53 1988 10 22.88584 562 47 586 3 1 1 1 1  -26.357  -43.008    0.1    0.1 0
1 53 1988 10 22.88619 562 47 586 3 1 1 1 1  -26.118  -42.939    0.1    0.1 0
1 53 1988 10 22.88688 562 47 586 3 1 1 1 1  -25.786  -43.002    0.1    0.1 0
1 53 1988 10 22.88723 562 47 586 3 1 1 1 1  -25.716  -43.102    0.1    0.1 0
1 53 1988 10 22.88758 562 47 586 3 1 1 1 1  -25.565  -43.045    0.1    0.1 0
1 53 1988 10 22.89001 562 47 586 3 1 1 1 1  -24.389  -43.360    0.1    0.1 0
1 53 1988 10 22.89036 562 47 586 3 1 1 1 1  -24.229  -43.262    0.1    0.1 0
1 53 1988 10 22.89070 562 47 586 3 1 1 1 1  -24.044  -43.217    0.1    0.1 0
1 53 1988 10 22.89105 562 47 586 3 1 1 1 1  -23.919  -43.180    0.1    0.1 0
1 53 1988 10 22.89139 562 47 586 3 1 1 1 1  -23.714  -43.283    0.1    0.1 0
1 53 1988 10 22.89174 562 47 586 3 1 1 1 1  -23.509  -43.251    0.1    0.1 0
1 53 1988 10 22.89209 562 47 586 3 1 1 1 1  -23.364  -43.393    0.1    0.1 0
1 53 1988 10 22.89278 562 47 586 3 1 1 1 1  -23.029  -43.380    0.1    0.1 0
1 53 1988 10 22.89626 562 47 586 3 1 1 1 1  -21.169  -43.421    0.1    0.1 0
1 53 1988 10 22.89660 562 47 586 3 1 1 1 1  -21.006  -43.475    0.1    0.1 0
1 53 1988 10 22.89695 562 47 586 3 1 1 1 1  -20.805  -43.398    0.1    0.1 0
1 53 1988 10 22.89730 562 47 586 3 1 1 1 1  -20.632  -43.426    0.1    0.1 0
1 53 1988 10 22.89764 562 47 586 3 1 1 1 1  -20.380  -43.507    0.1    0.1 0
1 53 1988 10 22.89834 562 47 586 3 1 1 1 1  -19.967  -43.393    0.1    0.1 0
1 53 1988 10 22.89869 562 47 586 3 1 1 1 1  -19.856  -43.350    0.1    0.1 0
1 53 1988 10 22.89903 562 47 586 3 1 1 1 1  -19.575  -43.382    0.1    0.1 0
1 53 1988 10 22.89938 562 47 586 3 1 1 1 1  -19.466  -43.424    0.1    0.1 0
1 53 1988 10 22.89973 562 47 586 3 1 1 1 1  -19.177  -43.329    0.1    0.1 0
1 53 1988 10 22.90008 562 47 586 3 1 1 1 1  -18.996  -43.408    0.1    0.1 0
1 53 1988 10 22.90077 562 47 586 3 1 1 1 1  -18.584  -43.412    0.1    0.1 0
1 53 1988 10 22.90112 562 47 586 3 1 1 1 1  -18.399  -43.355    0.1    0.1 0
1 53 1988 10 22.90146 562 47 586 3 1 1 1 1  -18.243  -43.374    0.1    0.1 0
1 53 1988 10 22.90181 562 47 586 3 1 1 1 1  -17.980  -43.359    0.1    0.1 0
1 53 1988 10 22.90216 562 47 586 3 1 1 1 1  -17.820  -43.263    0.1    0.1 0
1 53 1988 10 22.90737 562 47 586 3 1 1 1 1  -14.639  -43.074    0.1    0.1 0
1 53 1988 10 22.90771 562 47 586 3 1 1 1 1  -14.459  -43.121    0.1    0.1 0
1 53 1988 10 22.90806 562 47 586 3 1 1 1 1  -14.224  -43.059    0.1    0.1 0
1 53 1988 10 22.90841 562 47 586 3 1 1 1 1  -13.969  -42.984    0.1    0.1 0
1 53 1988 10 22.90876 562 47 586 3 1 1 1 1  -13.654  -42.977    0.1    0.1 0
1 53 1988 10 22.90910 562 47 586 3 1 1 1 1  -13.517  -42.936    0.1    0.1 0
1 53 1988 10 22.90945 562 47 586 3 1 1 1 1  -13.253  -42.940    0.1    0.1 0
1 53 1988 10 22.90980 562 47 586 3 1 1 1 1  -13.012  -42.967    0.1    0.1 0
1 53 1988 10 22.91014 562 47 586 3 1 1 1 1  -12.813  -42.976    0.1    0.1 0
1 53 1988 10 22.91049 562 47 586 3 1 1 1 1  -12.559  -42.847    0.1    0.1 0
1 53 1988 10 22.91084 562 47 586 3 1 1 1 1  -12.349  -42.871    0.1    0.1 0
1 53 1988 10 22.91101 562 47 586 3 1 1 1 1  -12.298  -42.727    0.1    0.1 0
1 53 1988 10 22.91119 562 47 586 3 1 1 1 1  -12.131  -42.781    0.1    0.1 0
1 53 1988 10 22.91153 562 47 586 3 1 1 1 1  -11.939  -42.751    0.1    0.1 0
1 53 1988 10 22.91188 562 47 586 3 1 1 1 1  -11.685  -42.775    0.1    0.1 0
1 53 1988 10 22.91229 562 47 586 3 1 1 1 1  -11.458  -42.646    0.1    0.1 0
1 53 1988 10 22.91258 562 47 586 3 1 1 1 1  -11.214  -42.654    0.1    0.1 0
1 53 1988 10 22.91292 562 47 586 3 1 1 1 1  -11.006  -42.602    0.1    0.1 0
1 53 1988 10 22.91674 562 47 586 3 1 1 1 1   -8.320  -42.194    0.1    0.1 0
1 53 1988 10 22.91709 562 47 586 3 1 1 1 1   -8.068  -42.119    0.1    0.1 0
1 53 1988 10 22.91744 562 47 586 3 1 1 1 1   -7.808  -42.101    0.1    0.1 0
1 53 1988 10 22.91778 562 47 586 3 1 1 1 1   -7.603  -42.055    0.1    0.1 0
1 53 1988 10 22.91813 562 47 586 3 1 1 1 1   -7.342  -41.961    0.1    0.1 0
1 53 1988 10 22.91848 562 47 586 3 1 1 1 1   -7.118  -41.988    0.1    0.1 0
1 53 1988 10 22.91883 562 47 586 3 1 1 1 1   -6.864  -41.837    0.1    0.1 0
1 53 1988 10 22.91918 562 47 586 3 1 1 1 1   -6.538  -41.783    0.1    0.1 0
1 53 1988 10 22.91952 562 47 586 3 1 1 1 1   -6.423  -41.764    0.1    0.1 0
1 53 1988 10 22.91987 562 47 586 3 1 1 1 1   -6.147  -41.698    0.1    0.1 0
1 53 1988 10 22.92021 562 47 586 3 1 1 1 1   -5.859  -41.604    0.1    0.1 0
1 53 1988 10 22.92056 562 47 586 3 1 1 1 1   -5.596  -41.560    0.1    0.1 0
1 53 1988 10 22.92091 562 47 586 3 1 1 1 1   -5.340  -41.494    0.1    0.1 0
1 53 1988 10 22.92126 562 47 586 3 1 1 1 1   -5.092  -41.413    0.1    0.1 0
1 53 1988 10 22.92160 562 47 586 3 1 1 1 1   -4.892  -41.450    0.1    0.1 0
1 53 1988 10 22.92195 562 47 586 3 1 1 1 1   -4.681  -41.490    0.1    0.1 0
1 53 1988 10 22.92230 562 47 586 3 1 1 1 1   -4.349  -41.385    0.1    0.1 0
1 53 1988 10 22.93549 562 47 586 3 1 1 1 1    5.719  -38.440    0.1    0.1 0
1 53 1988 10 22.93584 562 47 586 3 1 1 1 1    6.044  -38.294    0.1    0.1 0
1 53 1988 10 22.93653 562 47 586 3 1 1 1 1    6.606  -38.320    0.1    0.1 0
1 53 1988 10 22.93688 562 47 586 3 1 1 1 1    6.785  -38.180    0.1    0.1 0
1 53 1988 10 22.93723 562 47 586 3 1 1 1 1    7.111  -38.103    0.1    0.1 0
1 53 1988 10 22.93758 562 47 586 3 1 1 1 1    7.431  -37.884    0.1    0.1 0
1 53 1988 10 22.93792 562 47 586 3 1 1 1 1    7.638  -37.933    0.1    0.1 0
1 53 1988 10 22.93827 562 47 586 3 1 1 1 1    7.973  -37.780    0.1    0.1 0
1 53 1988 10 22.93862 562 47 586 3 1 1 1 1    8.318  -37.605    0.1    0.1 0
1 53 1988 10 22.93896 562 47 586 3 1 1 1 1    8.607  -37.542    0.1    0.1 0
1 53 1988 10 22.93931 562 47 586 3 1 1 1 1    8.917  -37.488    0.1    0.1 0
1 53 1988 10 22.93966 562 47 586 3 1 1 1 1    9.203  -37.428    0.1    0.1 0
1 53 1988 10 22.94001 562 47 586 3 1 1 1 1    9.487  -37.292    0.1    0.1 0
1 53 1988 10 22.94035 562 47 586 3 1 1 1 1    9.764  -37.128    0.1    0.1 0
1 53 1988 10 22.94070 562 47 586 3 1 1 1 1    9.989  -37.183    0.1    0.1 0
1 53 1988 10 22.94105 562 47 586 3 1 1 1 1   10.209  -36.902    0.1    0.1 0
1 53 1988 10 22.94140 562 47 586 3 1 1 1 1   10.562  -36.819    0.1    0.1 0
1 53 1988 10 23.99695 562 47 586 3 1 1 1 1  -19.013  -26.634    0.3    0.2 0
1 53 1988 10 23.99730 562 47 586 3 1 1 1 1  -18.985  -26.503    0.3    0.2 0
1 53 1988 10 23.99764 562 47 586 3 1 1 1 1  -18.895  -26.467    0.3    0.2 0
1 53 1988 10 23.99799 562 47 586 3 1 1 1 1  -18.801  -26.443    0.3    0.2 0
1 53 1988 10 23.99834 562 47 586 3 1 1 1 1  -18.818  -26.253    0.3    0.2 0
1 53 1988 10 23.99869 562 47 586 3 1 1 1 1  -18.759  -26.337    0.3    0.2 0
1 53 1988 10 23.99903 562 47 586 3 1 1 1 1  -18.712  -26.168    0.3    0.2 0
1 53 1988 10 23.99938 562 47 586 3 1 1 1 1  -18.681  -26.072    0.3    0.2 0
1 53 1988 10 23.99973 562 47 586 3 1 1 1 1  -18.633  -26.074    0.3    0.2 0
1 53 1988 10 24.00008 562 47 586 3 1 1 1 1  -18.578  -25.978    0.3    0.2 0
1 53 1988 10 24.00042 562 47 586 3 1 1 1 1  -18.569  -25.927    0.3    0.2 0
1 53 1988 10 24.00077 562 47 586 3 1 1 1 1  -18.481  -25.906    0.3    0.2 0
1 53 1988 10 24.00146 562 47 586 3 1 1 1 1  -18.472  -25.859    0.3    0.2 0
1 53 1988 10 24.00181 562 47 586 3 1 1 1 1  -18.394  -25.721    0.3    0.2 0
1 53 1988 10 24.00216 562 47 586 3 1 1 1 1  -18.363  -25.609    0.3    0.2 0
1 53 1988 10 24.00250 562 47 586 3 1 1 1 1  -18.340  -25.561    0.3    0.2 0
1 53 1988 10 24.00285 562 47 586 3 1 1 1 1  -18.279  -25.582    0.3    0.2 0
1 53 1988 10 24.01917 562 47 586 3 1 1 1 1  -17.569  -23.377    0.3    0.2 0
1 53 1988 10 24.01986 562 47 586 3 1 1 1 1  -17.629  -23.277    0.3    0.2 0
1 53 1988 10 24.02021 562 47 586 3 1 1 1 1  -17.591  -23.163    0.3    0.2 0
1 53 1988 10 24.02056 562 47 586 3 1 1 1 1  -17.636  -23.243    0.3    0.2 0
1 53 1988 10 24.02091 562 47 586 3 1 1 1 1  -17.631  -23.335    0.3    0.2 0
1 53 1988 10 24.02125 562 47 586 3 1 1 1 1  -17.678  -23.221    0.3    0.2 0
1 53 1988 10 24.02160 562 47 586 3 1 1 1 1  -17.580  -23.042    0.3    0.2 0
1 53 1988 10 24.02195 562 47 586 3 1 1 1 1  -17.665  -23.174    0.3    0.2 0
1 53 1988 10 24.02230 562 47 586 3 1 1 1 1  -17.654  -23.091    0.3    0.2 0
1 53 1988 10 24.02299 562 47 586 3 1 1 1 1  -17.701  -23.099    0.3    0.2 0
1 53 1988 10 24.02334 562 47 586 3 1 1 1 1  -17.750  -23.027    0.3    0.2 0
1 53 1988 10 24.02368 562 47 586 3 1 1 1 1  -17.665  -23.051    0.3    0.2 0
1 53 1988 10 24.02403 562 47 586 3 1 1 1 1  -17.714  -22.988    0.3    0.2 0
1 53 1988 10 24.02438 562 47 586 3 1 1 1 1  -17.792  -22.955    0.3    0.2 0
1 53 1988 10 24.02473 562 47 586 3 1 1 1 1  -17.828  -23.026    0.3    0.2 0
1 53 1988 10 24.03132 562 47 586 3 1 1 1 1  -18.351  -22.709    0.3    0.2 0
1 53 1988 10 24.03167 562 47 586 3 1 1 1 1  -18.421  -22.625    0.3    0.2 0
1 53 1988 10 24.03202 562 47 586 3 1 1 1 1  -18.403  -22.668    0.3    0.2 0
1 53 1988 10 24.03236 562 47 586 3 1 1 1 1  -18.368  -22.557    0.3    0.2 0
1 53 1988 10 24.03271 562 47 586 3 1 1 1 1  -18.449  -22.724    0.3    0.2 0
1 53 1988 10 24.03306 562 47 586 3 1 1 1 1  -18.465  -22.619    0.3    0.2 0
1 53 1988 10 24.03341 562 47 586 3 1 1 1 1  -18.426  -22.720    0.3    0.2 0
1 53 1988 10 24.03375 562 47 586 3 1 1 1 1  -18.589  -22.692    0.3    0.2 0
1 53 1988 10 24.03410 562 47 586 3 1 1 1 1  -18.558  -22.568    0.3    0.2 0
1 53 1988 10 24.03445 562 47 586 3 1 1 1 1  -18.597  -22.651    0.3    0.2 0
1 53 1988 10 24.03514 562 47 586 3 1 1 1 1  -18.656  -22.447    0.3    0.2 0
1 53 1988 10 24.03549 562 47 586 3 1 1 1 1  -18.689  -22.324    0.3    0.2 0
1 53 1988 10 24.03584 562 47 586 3 1 1 1 1  -18.767  -22.627    0.3    0.2 0
1 53 1988 10 24.03618 562 47 586 3 1 1 1 1  -18.832  -22.314    0.3    0.2 0
1 53 1988 10 24.03653 562 47 586 3 1 1 1 1  -18.847  -22.537    0.3    0.2 0
1 53 1988 10 24.03688 562 47 586 3 1 1 1 1  -19.047  -22.363    0.3    0.2 0
1 53 1988 10 24.03734 562 47 586 3 1 1 1 1  -19.048  -22.338    0.3    0.2 0
1 53 1988 10 24.03757 562 47 586 3 1 1 1 1  -19.097  -22.425    0.3    0.2 0
1 53 1988 10 24.04174 562 47 586 3 1 1 1 1  -19.572  -22.598    0.3    0.2 0
1 53 1988 10 24.04209 562 47 586 3 1 1 1 1  -19.716  -22.503    0.3    0.2 0
1 53 1988 10 24.04243 562 47 586 3 1 1 1 1  -19.741  -22.606    0.3    0.2 0
1 53 1988 10 24.04261 562 47 586 3 1 1 1 1  -19.727  -22.650    0.3    0.2 0
1 53 1988 10 24.04313 562 47 586 3 1 1 1 1  -19.825  -22.525    0.3    0.2 0
1 53 1988 10 24.04359 562 47 586 3 1 1 1 1  -19.835  -22.535    0.3    0.2 0
1 53 1988 10 24.04382 562 47 586 3 1 1 1 1  -20.020  -22.580    0.3    0.2 0
1 53 1988 10 24.04417 562 47 586 3 1 1 1 1  -19.932  -22.449    0.3    0.2 0
1 53 1988 10 24.04452 562 47 586 3 1 1 1 1  -20.037  -22.584    0.3    0.2 0
1 53 1988 10 24.04487 562 47 586 3 1 1 1 1  -20.169  -22.587    0.3    0.2 0
1 53 1988 10 24.04521 562 47 586 3 1 1 1 1  -20.226  -22.487    0.3    0.2 0
1 53 1988 10 24.04556 562 47 586 3 1 1 1 1  -20.301  -22.619    0.3    0.2 0
1 53 1988 10 24.04591 562 47 586 3 1 1 1 1  -20.355  -22.630    0.3    0.2 0
1 53 1988 10 24.04625 562 47 586 3 1 1 1 1  -20.385  -22.640    0.3    0.2 0
1 53 1988 10 24.04660 562 47 586 3 1 1 1 1  -20.366  -22.608    0.3    0.2 0
1 53 1988 10 24.04695 562 47 586 3 1 1 1 1  -20.497  -22.643    0.3    0.2 0
1 53 1988 10 24.04730 562 47 586 3 1 1 1 1  -20.556  -22.768    0.3    0.2 0
1 53 1988 10 24.04764 562 47 586 3 1 1 1 1  -20.478  -22.599    0.3    0.2 0
1 53 1988 10 24.81222 562 47 586 3 1 1 1 1  -30.026   11.830    0.1    0.1 0
1 53 1988 10 24.81257 562 47 586 3 1 1 1 1  -30.076   11.811    0.1    0.1 0
1 53 1988 10 24.81292 562 47 586 3 1 1 1 1  -30.150   11.699    0.1    0.1 0
1 53 1988 10 24.81332 562 47 586 3 1 1 1 1  -30.101   11.547    0.1    0.1 0
1 53 1988 10 24.81361 562 47 586 3 1 1 1 1  -30.145   11.543    0.1    0.1 0
1 53 1988 10 24.81396 562 47 586 3 1 1 1 1  -30.070   11.420    0.1    0.1 0
1 53 1988 10 24.81431 562 47 586 3 1 1 1 1  -30.096   11.328    0.1    0.1 0
1 53 1988 10 24.81466 562 47 586 3 1 1 1 1  -30.163   11.203    0.1    0.1 0
1 53 1988 10 24.81500 562 47 586 3 1 1 1 1  -30.210   11.209    0.1    0.1 0
1 53 1988 10 24.81535 562 47 586 3 1 1 1 1  -30.213   11.073    0.1    0.1 0
1 53 1988 10 24.81570 562 47 586 3 1 1 1 1  -30.182   11.035    0.1    0.1 0
1 53 1988 10 24.81604 562 47 586 3 1 1 1 1  -30.245   10.907    0.1    0.1 0
1 53 1988 10 24.81639 562 47 586 3 1 1 1 1  -30.215   10.904    0.1    0.1 0
1 53 1988 10 24.81674 562 47 586 3 1 1 1 1  -30.295   10.761    0.1    0.1 0
1 53 1988 10 24.81709 562 47 586 3 1 1 1 1  -30.250   10.631    0.1    0.1 0
1 53 1988 10 24.81743 562 47 586 3 1 1 1 1  -30.301   10.605    0.1    0.1 0
1 53 1988 10 24.81813 562 47 586 3 1 1 1 1  -30.313   10.472    0.1    0.1 0
1 53 1988 10 24.82513 562 47 586 3 1 1 1 1  -30.261    9.007    0.1    0.1 0
1 53 1988 10 24.82542 562 47 586 3 1 1 1 1  -30.275    9.026    0.1    0.1 0
1 53 1988 10 24.82577 562 47 586 3 1 1 1 1  -30.257    8.852    0.1    0.1 0
1 53 1988 10 24.82611 562 47 586 3 1 1 1 1  -30.196    8.817    0.1    0.1 0
1 53 1988 10 24.82652 562 47 586 3 1 1 1 1  -30.334    8.692    0.1    0.1 0
1 53 1988 10 24.82681 562 47 586 3 1 1 1 1  -30.238    8.639    0.1    0.1 0
1 53 1988 10 24.82704 562 47 586 3 1 1 1 1  -30.140    8.611    0.1    0.1 0
1 53 1988 10 24.82750 562 47 586 3 1 1 1 1  -30.184    8.671    0.1    0.1 0
1 53 1988 10 24.82785 562 47 586 3 1 1 1 1  -30.112    8.421    0.1    0.1 0
1 53 1988 10 24.82854 562 47 586 3 1 1 1 1  -30.111    8.360    0.1    0.1 0
1 53 1988 10 24.82959 562 47 586 3 1 1 1 1  -30.026    8.313    0.1    0.1 0
1 53 1988 10 24.82993 562 47 586 3 1 1 1 1  -30.025    8.145    0.1    0.1 0
1 53 1988 10 24.83028 562 47 586 3 1 1 1 1  -30.072    8.119    0.1    0.1 0
1 53 1988 10 24.83097 562 47 586 3 1 1 1 1  -29.974    8.094    0.1    0.1 0
1 53 1988 10 24.92889 562 47 586 3 1 1 1 1  -17.356   11.964    0.1    0.1 0
1 53 1988 10 24.92924 562 47 586 3 1 1 1 1  -17.401   11.999    0.1    0.1 0
1 53 1988 10 24.92959 562 47 586 3 1 1 1 1  -17.482   12.017    0.1    0.1 0
1 53 1988 10 24.92993 562 47 586 3 1 1 1 1  -17.378   12.145    0.1    0.1 0
1 53 1988 10 24.93028 562 47 586 3 1 1 1 1  -17.468   12.036    0.1    0.1 0
1 53 1988 10 24.93062 562 47 586 3 1 1 1 1  -17.537   12.251    0.1    0.1 0
1 53 1988 10 24.93097 562 47 586 3 1 1 1 1  -17.534   12.220    0.1    0.1 0
1 53 1988 10 24.93132 562 47 586 3 1 1 1 1  -17.622   12.235    0.1    0.1 0
1 53 1988 10 24.93167 562 47 586 3 1 1 1 1  -17.570   12.153    0.1    0.1 0
1 53 1988 10 24.93202 562 47 586 3 1 1 1 1  -17.585   12.279    0.1    0.1 0
1 53 1988 10 24.93236 562 47 586 3 1 1 1 1  -17.700   12.304    0.1    0.1 0
1 53 1988 10 24.93271 562 47 586 3 1 1 1 1  -17.734   12.367    0.1    0.1 0
1 53 1988 10 24.93306 562 47 586 3 1 1 1 1  -17.707   12.386    0.1    0.1 0
1 53 1988 10 24.93341 562 47 586 3 1 1 1 1  -17.771   12.376    0.1    0.1 0
1 53 1988 10 24.93410 562 47 586 3 1 1 1 1  -17.813   12.465    0.1    0.1 0
1 53 1988 10 24.93445 562 47 586 3 1 1 1 1  -17.945   12.524    0.1    0.1 0
1 53 1988 10 24.94382 562 47 586 3 1 1 1 1  -19.352   13.161    0.1    0.1 0
1 53 1988 10 24.94417 562 47 586 3 1 1 1 1  -19.497   13.109    0.1    0.1 0
1 53 1988 10 24.94486 562 47 586 3 1 1 1 1  -19.586   13.197    0.1    0.1 0
1 53 1988 10 24.94521 562 47 586 3 1 1 1 1  -19.643   13.193    0.1    0.1 0
1 53 1988 10 24.94556 562 47 586 3 1 1 1 1  -19.724   13.161    0.1    0.1 0
1 53 1988 10 24.94591 562 47 586 3 1 1 1 1  -19.796   13.252    0.1    0.1 0
1 53 1988 10 24.94625 562 47 586 3 1 1 1 1  -19.961   13.238    0.1    0.1 0
1 53 1988 10 24.94660 562 47 586 3 1 1 1 1  -19.901   13.302    0.1    0.1 0
1 53 1988 10 24.94695 562 47 586 3 1 1 1 1  -20.049   13.279    0.1    0.1 0
1 53 1988 10 24.94729 562 47 586 3 1 1 1 1  -20.148   13.354    0.1    0.1 0
1 53 1988 10 24.94764 562 47 586 3 1 1 1 1  -20.198   13.290    0.1    0.1 0
1 53 1988 10 24.94799 562 47 586 3 1 1 1 1  -20.320   13.289    0.1    0.1 0
1 53 1988 10 24.94834 562 47 586 3 1 1 1 1  -20.354   13.372    0.1    0.1 0
1 53 1988 10 24.94868 562 47 586 3 1 1 1 1  -20.422   13.289    0.1    0.1 0
1 53 1988 10 24.94903 562 47 586 3 1 1 1 1  -20.394   13.477    0.1    0.1 0
1 53 1988 10 24.94938 562 47 586 3 1 1 1 1  -20.636   13.386    0.1    0.1 0
1 53 1988 10 24.94972 562 47 586 3 1 1 1 1  -20.804   13.374    0.1    0.1 0
1 53 1988 10 24.95528 562 47 586 3 1 1 1 1  -22.339   13.510    0.1    0.1 0
1 53 1988 10 24.95597 562 47 586 3 1 1 1 1  -22.509   13.511    0.1    0.1 0
1 53 1988 10 24.95667 562 47 586 3 1 1 1 1  -22.612   13.504    0.1    0.1 0
1 53 1988 10 24.95702 562 47 586 3 1 1 1 1  -22.759   13.563    0.1    0.1 0
1 53 1988 10 24.95736 562 47 586 3 1 1 1 1  -22.935   13.502    0.1    0.1 0
1 53 1988 10 24.95771 562 47 586 3 1 1 1 1  -23.018   13.428    0.1    0.1 0
1 53 1988 10 24.95812 562 47 586 3 1 1 1 1  -23.208   13.487    0.1    0.1 0
1 53 1988 10 24.95841 562 47 586 3 1 1 1 1  -23.284   13.505    0.1    0.1 0
1 53 1988 10 24.95875 562 47 586 3 1 1 1 1  -23.408   13.505    0.1    0.1 0
1 53 1988 10 24.95910 562 47 586 3 1 1 1 1  -23.470   13.411    0.1    0.1 0
1 53 1988 10 24.95945 562 47 586 3 1 1 1 1  -23.523   13.355    0.1    0.1 0
1 53 1988 10 24.95979 562 47 586 3 1 1 1 1  -23.536   13.461    0.1    0.1 0
1 53 1988 10 24.96014 562 47 586 3 1 1 1 1  -23.747   13.510    0.1    0.1 0
1 53 1988 10 24.96049 562 47 586 3 1 1 1 1  -23.862   13.413    0.1    0.1 0
1 53 1988 10 24.96089 562 47 586 3 1 1 1 1  -23.885   13.452    0.1    0.1 0
1 53 1988 10 24.96118 562 47 586 3 1 1 1 1  -24.022   13.299    0.1    0.1 0
1 53 1988 10 30.89418 562 47 586 3 1 1 1 1   36.981   19.468    0.1    0.1 0
1 53 1988 10 30.89453 562 47 586 3 1 1 1 1   37.094   19.362    0.1    0.1 0
1 53 1988 10 30.89487 562 47 586 3 1 1 1 1   37.115   19.454    0.1    0.1 0
1 53 1988 10 30.89522 562 47 586 3 1 1 1 1   37.116   19.441    0.1    0.1 0
1 53 1988 10 30.89557 562 47 586 3 1 1 1 1   37.241   19.509    0.1    0.1 0
1 53 1988 10 30.89591 562 47 586 3 1 1 1 1   37.303   19.605    0.1    0.1 0
1 53 1988 10 30.89626 562 47 586 3 1 1 1 1   37.455   19.513    0.1    0.1 0
1 53 1988 10 30.89661 562 47 586 3 1 1 1 1   37.473   19.636    0.1    0.1 0
1 53 1988 10 30.89696 562 47 586 3 1 1 1 1   37.571   19.612    0.1    0.1 0
1 53 1988 10 30.89730 562 47 586 3 1 1 1 1   37.664   19.817    0.1    0.1 0
1 53 1988 10 30.89765 562 47 586 3 1 1 1 1   37.669   19.712    0.1    0.1 0
1 53 1988 10 30.89800 562 47 586 3 1 1 1 1   37.829   19.646    0.1    0.1 0
1 53 1988 10 30.89869 562 47 586 3 1 1 1 1   37.999   19.834    0.1    0.1 0
1 53 1988 10 30.89904 562 47 586 3 1 1 1 1   37.980   19.761    0.1    0.1 0
1 53 1988 10 30.89939 562 47 586 3 1 1 1 1   38.158   19.880    0.1    0.1 0
1 53 1988 10 30.89973 562 47 586 3 1 1 1 1   38.218   19.921    0.1    0.1 0
1 53 1988 10 30.90008 562 47 586 3 1 1 1 1   38.376   19.999    0.1    0.1 0
1 53 1988 10 30.90564 562 47 586 3 1 1 1 1   39.764   20.574    0.1    0.1 0
1 53 1988 10 30.90598 562 47 586 3 1 1 1 1   39.773   20.649    0.1    0.1 0
1 53 1988 10 30.90633 562 47 586 3 1 1 1 1   40.008   20.607    0.1    0.1 0
1 53 1988 10 30.90668 562 47 586 3 1 1 1 1   40.007   20.747    0.1    0.1 0
1 53 1988 10 30.90703 562 47 586 3 1 1 1 1   40.123   20.715    0.1    0.1 0
1 53 1988 10 30.90737 562 47 586 3 1 1 1 1   40.310   20.812    0.1    0.1 0
1 53 1988 10 30.90772 562 47 586 3 1 1 1 1   40.277   20.956    0.1    0.1 0
1 53 1988 10 30.90807 562 47 586 3 1 1 1 1   40.435   21.005    0.1    0.1 0
1 53 1988 10 30.90841 562 47 586 3 1 1 1 1   40.396   21.058    0.1    0.1 0
1 53 1988 10 30.90882 562 47 586 3 1 1 1 1   40.589   21.002    0.1    0.1 0
1 53 1988 10 30.90946 562 47 586 3 1 1 1 1   40.758   21.138    0.1    0.1 0
1 53 1988 10 30.90980 562 47 586 3 1 1 1 1   40.734   21.206    0.1    0.1 0
1 53 1988 10 30.91015 562 47 586 3 1 1 1 1   40.937   21.343    0.1    0.1 0
1 53 1988 10 30.91050 562 47 586 3 1 1 1 1   40.906   21.474    0.1    0.1 0
1 53 1988 10 30.91084 562 47 586 3 1 1 1 1   41.085   21.452    0.1    0.1 0
1 53 1988 10 30.91119 562 47 586 3 1 1 1 1   41.100   21.597    0.1    0.1 0
1 53 1988 10 30.91154 562 47 586 3 1 1 1 1   41.209   21.625    0.1    0.1 0
1 53 1988 10 30.91189 562 47 586 3 1 1 1 1   41.291   21.593    0.1    0.1 0
1 53 1988 10 30.91223 562 47 586 3 1 1 1 1   41.422   21.578    0.1    0.1 0
1 53 1988 10 30.91258 562 47 586 3 1 1 1 1   41.475   21.619    0.1    0.1 0
1 53 1988 10 30.91293 562 47 586 3 1 1 1 1   41.670   21.672    0.1    0.1 0
1 53 1988 10 30.91328 562 47 586 3 1 1 1 1   41.722   21.732    0.1    0.1 0
1 53 1988 10 30.91362 562 47 586 3 1 1 1 1   41.882   21.762    0.1    0.1 0
1 53 1988 10 30.91466 562 47 586 3 1 1 1 1   42.237   21.976    0.1    0.1 0
1 53 1988 10 30.91536 562 47 586 3 1 1 1 1   42.365   22.338    0.1    0.1 0
1 53 1988 10 30.91571 562 47 586 3 1 1 1 1   42.396   22.399    0.1    0.1 0
1 53 1988 10 30.91640 562 47 586 3 1 1 1 1   42.577   22.195    0.1    0.1 0
1 53 1988 10 30.91709 562 47 586 3 1 1 1 1   42.794   22.330    0.1    0.1 0
1 53 1988 10 31.81815 562 47 586 3 1 1 1 1    3.556  -27.585    0.1    0.1 0
1 53 1988 10 31.81849 562 47 586 3 1 1 1 1    3.539  -27.651    0.1    0.1 0
1 53 1988 10 31.81884 562 47 586 3 1 1 1 1    3.782  -27.398    0.1    0.1 0
1 53 1988 10 31.81919 562 47 586 3 1 1 1 1    3.870  -27.545    0.1    0.1 0
1 53 1988 10 31.81953 562 47 586 3 1 1 1 1    3.975  -27.569    0.1    0.1 0
1 53 1988 10 31.81988 562 47 586 3 1 1 1 1    4.153  -27.479    0.1    0.1 0
1 53 1988 10 31.82023 562 47 586 3 1 1 1 1    4.381  -27.435    0.1    0.1 0
1 53 1988 10 31.82058 562 47 586 3 1 1 1 1    4.542  -27.472    0.1    0.1 0
1 53 1988 10 31.82092 562 47 586 3 1 1 1 1    4.634  -27.571    0.1    0.1 0
1 53 1988 10 31.82127 562 47 586 3 1 1 1 1    4.760  -27.369    0.1    0.1 0
1 53 1988 10 31.82162 562 47 586 3 1 1 1 1    4.802  -27.349    0.1    0.1 0
1 53 1988 10 31.82197 562 47 586 3 1 1 1 1    5.180  -27.496    0.1    0.1 0
1 53 1988 10 31.82231 562 47 586 3 1 1 1 1    5.275  -27.464    0.1    0.1 0
1 53 1988 10 31.82266 562 47 586 3 1 1 1 1    5.446  -27.525    0.1    0.1 0
1 53 1988 10 31.82301 562 47 586 3 1 1 1 1    5.555  -27.488    0.1    0.1 0
1 53 1988 10 31.82335 562 47 586 3 1 1 1 1    5.602  -27.384    0.1    0.1 0
1 53 1988 10 31.82370 562 47 586 3 1 1 1 1    5.806  -27.506    0.1    0.1 0
1 53 1988 10 31.82752 562 47 586 3 1 1 1 1    7.616  -27.339    0.1    0.1 0
1 53 1988 10 31.82787 562 47 586 3 1 1 1 1    7.900  -27.251    0.1    0.1 0
1 53 1988 10 31.82822 562 47 586 3 1 1 1 1    8.023  -27.407    0.1    0.1 0
1 53 1988 10 31.82856 562 47 586 3 1 1 1 1    8.047  -27.248    0.1    0.1 0
1 53 1988 10 31.82891 562 47 586 3 1 1 1 1    8.358  -27.416    0.1    0.1 0
1 53 1988 10 31.82926 562 47 586 3 1 1 1 1    8.577  -27.120    0.1    0.1 0
1 53 1988 10 31.82960 562 47 586 3 1 1 1 1    8.590  -27.276    0.1    0.1 0
1 53 1988 10 31.82995 562 47 586 3 1 1 1 1    8.961  -27.012    0.1    0.1 0
1 53 1988 10 31.83065 562 47 586 3 1 1 1 1    9.203  -27.136    0.1    0.1 0
1 53 1988 10 31.83099 562 47 586 3 1 1 1 1    9.378  -27.076    0.1    0.1 0
1 53 1988 10 31.83134 562 47 586 3 1 1 1 1    9.624  -27.238    0.1    0.1 0
1 53 1988 10 31.83169 562 47 586 3 1 1 1 1    9.783  -26.930    0.1    0.1 0
1 53 1988 10 31.83203 562 47 586 3 1 1 1 1    9.873  -27.073    0.1    0.1 0
1 53 1988 10 31.83244 562 47 586 3 1 1 1 1   10.038  -27.084    0.1    0.1 0
1 53 1988 10 31.83273 562 47 586 3 1 1 1 1   10.183  -26.998    0.1    0.1 0
1 53 1988 10 31.83308 562 47 586 3 1 1 1 1   10.353  -27.022    0.1    0.1 0
1 53 1988 10 31.83342 562 47 586 3 1 1 1 1   10.537  -26.890    0.1    0.1 0
1 53 1988 10 31.83898 562 47 586 3 1 1 1 1   13.540  -26.377    0.1    0.1 0
1 53 1988 10 31.83933 562 47 586 3 1 1 1 1   13.805  -26.358    0.1    0.1 0
1 53 1988 10 31.83967 562 47 586 3 1 1 1 1   13.908  -26.296    0.1    0.1 0
1 53 1988 10 31.84008 562 47 586 3 1 1 1 1   14.123  -26.203    0.1    0.1 0
1 53 1988 10 31.84037 562 47 586 3 1 1 1 1   14.318  -26.175    0.1    0.1 0
1 53 1988 10 31.84072 562 47 586 3 1 1 1 1   14.424  -26.109    0.1    0.1 0
1 53 1988 10 31.84106 562 47 586 3 1 1 1 1   14.677  -25.919    0.1    0.1 0
1 53 1988 10 31.84141 562 47 586 3 1 1 1 1   14.851  -26.012    0.1    0.1 0
1 53 1988 10 31.84176 562 47 586 3 1 1 1 1   15.209  -26.037    0.1    0.1 0
1 53 1988 10 31.84210 562 47 586 3 1 1 1 1   15.346  -25.946    0.1    0.1 0
1 53 1988 10 31.84245 562 47 586 3 1 1 1 1   15.482  -25.871    0.1    0.1 0
1 53 1988 10 31.84280 562 47 586 3 1 1 1 1   15.690  -25.835    0.1    0.1 0
1 53 1988 10 31.84315 562 47 586 3 1 1 1 1   15.947  -25.712    0.1    0.1 0
1 53 1988 10 31.84349 562 47 586 3 1 1 1 1   16.098  -25.657    0.1    0.1 0
1 53 1988 10 31.84384 562 47 586 3 1 1 1 1   16.340  -25.688    0.1    0.1 0
1 53 1988 10 31.84419 562 47 586 3 1 1 1 1   16.594  -25.568    0.1    0.1 0
1 53 1988 10 31.84453 562 47 586 3 1 1 1 1   16.784  -25.615    0.1    0.1 0
1 53 1988 10 31.84940 562 47 586 3 1 1 1 1   19.688  -24.816    0.1    0.1 0
1 53 1988 10 31.84974 562 47 586 3 1 1 1 1   19.924  -24.819    0.1    0.1 0
1 53 1988 10 31.85044 562 47 586 3 1 1 1 1   20.284  -24.566    0.1    0.1 0
1 53 1988 10 31.85078 562 47 586 3 1 1 1 1   20.554  -24.572    0.1    0.1 0
1 53 1988 10 31.85113 562 47 586 3 1 1 1 1   20.742  -24.443    0.1    0.1 0
1 53 1988 10 31.85148 562 47 586 3 1 1 1 1   20.933  -24.445    0.1    0.1 0
1 53 1988 10 31.85183 562 47 586 3 1 1 1 1   21.292  -24.479    0.1    0.1 0
1 53 1988 10 31.85217 562 47 586 3 1 1 1 1   21.334  -24.130    0.1    0.1 0
1 53 1988 10 31.85252 562 47 586 3 1 1 1 1   21.544  -24.337    0.1    0.1 0
1 53 1988 10 31.85287 562 47 586 3 1 1 1 1   21.858  -24.204    0.1    0.1 0
1 53 1988 10 31.85356 562 47 586 3 1 1 1 1   22.227  -23.915    0.1    0.1 0
1 53 1988 10 31.85391 562 47 586 3 1 1 1 1   22.497  -23.848    0.1    0.1 0
1 53 1988 10 31.85426 562 47 586 3 1 1 1 1   22.785  -23.893    0.1    0.1 0
1 53 1988 10 31.85460 562 47 586 3 1 1 1 1   22.876  -23.787    0.1    0.1 0
1 53 1988 10 31.85495 562 47 586 3 1 1 1 1   23.160  -23.725    0.1    0.1 0
1 53 1988 10 31.85530 562 47 586 3 1 1 1 1   23.308  -23.575    0.1    0.1 0
1 53 1988 10 31.86016 562 47 586 3 1 1 1 1   26.472  -22.354    0.1    0.1 0
1 53 1988 10 31.86120 562 47 586 3 1 1 1 1   27.168  -22.116    0.1    0.1 0
1 53 1988 10 31.86155 562 47 586 3 1 1 1 1   27.315  -22.215    0.1    0.1 0
1 53 1988 10 31.86190 562 47 586 3 1 1 1 1   27.652  -22.038    0.1    0.1 0
1 53 1988 10 31.86224 562 47 586 3 1 1 1 1   27.891  -22.009    0.1    0.1 0
1 53 1988 10 31.86259 562 47 586 3 1 1 1 1   28.122  -21.894    0.1    0.1 0
1 53 1988 10 31.86294 562 47 586 3 1 1 1 1   28.337  -21.833    0.1    0.1 0
1 53 1988 10 31.86328 562 47 586 3 1 1 1 1   28.472  -21.658    0.1    0.1 0
1 53 1988 10 31.86363 562 47 586 3 1 1 1 1   28.858  -21.722    0.1    0.1 0
1 53 1988 10 31.86398 562 47 586 3 1 1 1 1   29.061  -21.601    0.1    0.1 0
1 53 1988 10 31.86433 562 47 586 3 1 1 1 1   29.401  -21.331    0.1    0.1 0
1 53 1988 11 25.86216 562 47 586 3 1 1 1 1   -9.962  -18.037    0.1    0.1 0
1 53 1988 11 25.86286 562 47 586 3 1 1 1 1  -10.017  -17.981    0.1    0.1 0
1 53 1988 11 25.86390 562 47 586 3 1 1 1 1  -10.016  -17.837    0.1    0.1 0
1 53 1988 11 25.86494 562 47 586 3 1 1 1 1   -9.950  -17.731    0.1    0.1 0
1 53 1988 11 25.86529 562 47 586 3 1 1 1 1   -9.835  -17.704    0.1    0.1 0
1 53 1988 11 25.86564 562 47 586 3 1 1 1 1   -9.868  -17.608    0.1    0.1 0
1 53 1988 11 25.86668 562 47 586 3 1 1 1 1   -9.915  -17.565    0.1    0.1 0
1 53 1988 11 25.86703 562 47 586 3 1 1 1 1   -9.884  -17.604    0.1    0.1 0
1 53 1988 11 25.86737 562 47 586 3 1 1 1 1   -9.942  -17.509    0.1    0.1 0
1 53 1988 11 25.86772 562 47 586 3 1 1 1 1   -9.922  -17.455    0.1    0.1 0
1 53 1988 11 25.86807 562 47 586 3 1 1 1 1   -9.930  -17.420    0.1    0.1 0
1 53 1988 11 25.86841 562 47 586 3 1 1 1 1   -9.878  -17.479    0.1    0.1 0
1 53 1988 11 25.87501 562 47 586 3 1 1 1 1   -9.864  -16.995    0.1    0.1 0
1 53 1988 11 25.87536 562 47 586 3 1 1 1 1   -9.771  -16.861    0.1    0.1 0
1 53 1988 11 25.87571 562 47 586 3 1 1 1 1   -9.877  -16.783    0.1    0.1 0
1 53 1988 11 25.87605 562 47 586 3 1 1 1 1   -9.885  -16.851    0.1    0.1 0
1 53 1988 11 25.87675 562 47 586 3 1 1 1 1   -9.792  -16.760    0.1    0.1 0
1 53 1988 11 25.87709 562 47 586 3 1 1 1 1   -9.843  -16.885    0.1    0.1 0
1 53 1988 11 25.87779 562 47 586 3 1 1 1 1   -9.823  -16.895    0.1    0.1 0
1 53 1988 11 25.87814 562 47 586 3 1 1 1 1   -9.894  -16.732    0.1    0.1 0
1 53 1988 11 25.87848 562 47 586 3 1 1 1 1  -10.067  -16.727    0.1    0.1 0
1 53 1988 11 25.87953 562 47 586 3 1 1 1 1  -10.037  -16.736    0.1    0.1 0
1 53 1988 11 25.87987 562 47 586 3 1 1 1 1   -9.940  -16.541    0.1    0.1 0
1 53 1988 11 25.88994 562 47 586 3 1 1 1 1  -10.608  -16.431    0.1    0.1 0
1 53 1988 11 25.89029 562 47 586 3 1 1 1 1  -10.589  -16.371    0.1    0.1 0
1 53 1988 11 25.89064 562 47 586 3 1 1 1 1  -10.864  -16.244    0.1    0.1 0
1 53 1988 11 25.89098 562 47 586 3 1 1 1 1  -10.697  -16.210    0.1    0.1 0
1 53 1988 11 25.89133 562 47 586 3 1 1 1 1  -10.568  -16.255    0.1    0.1 0
1 53 1988 11 25.89203 562 47 586 3 1 1 1 1  -10.822  -16.298    0.1    0.1 0
1 53 1988 11 25.89237 562 47 586 3 1 1 1 1  -10.780  -16.413    0.1    0.1 0
1 53 1988 11 25.89343 562 47 586 3 1 1 1 1  -10.830  -16.289    0.1    0.1 0
1 53 1988 11 25.89376 562 47 586 3 1 1 1 1  -10.831  -16.363    0.1    0.1 0
1 53 1988 11 25.89480 562 47 586 3 1 1 1 1  -11.142  -16.318    0.1    0.1 0
1 53 1988 11 25.89515 562 47 586 3 1 1 1 1  -11.029  -16.339    0.1    0.1 0
1 53 1988 11 25.89584 562 47 586 3 1 1 1 1  -11.017  -16.230    0.1    0.1 0
1 53 1988 11 26.81043 562 47 586 3 1 1 1 1  -17.900    8.349    0.1    0.1 0
1 53 1988 11 26.81112 562 47 586 3 1 1 1 1  -18.013    8.333    0.1    0.1 0
1 53 1988 11 26.81147 562 47 586 3 1 1 1 1  -18.022    8.288    0.1    0.1 0
1 53 1988 11 26.81182 562 47 586 3 1 1 1 1  -17.967    8.446    0.1    0.1 0
1 53 1988 11 26.81216 562 47 586 3 1 1 1 1  -18.038    8.396    0.1    0.1 0
1 53 1988 11 26.81251 562 47 586 3 1 1 1 1  -18.138    8.328    0.1    0.1 0
1 53 1988 11 26.81286 562 47 586 3 1 1 1 1  -18.110    8.332    0.1    0.1 0
1 53 1988 11 26.81355 562 47 586 3 1 1 1 1  -18.220    8.292    0.1    0.1 0
1 53 1988 11 26.81390 562 47 586 3 1 1 1 1  -18.369    8.241    0.1    0.1 0
1 53 1988 11 26.81425 562 47 586 3 1 1 1 1  -18.513    8.286    0.1    0.1 0
1 53 1988 11 26.81459 562 47 586 3 1 1 1 1  -18.608    8.276    0.1    0.1 0
1 53 1988 11 26.81598 562 47 586 3 1 1 1 1  -18.894    8.391    0.1    0.1 0
1 53 1988 11 26.81633 562 47 586 3 1 1 1 1  -19.088    8.329    0.1    0.1 0
1 53 1988 11 26.81911 562 47 586 3 1 1 1 1  -19.943    8.338    0.1    0.1 0
1 53 1988 11 26.81946 562 47 586 3 1 1 1 1  -20.017    8.334    0.1    0.1 0
1 53 1988 11 26.81980 562 47 586 3 1 1 1 1  -20.009    8.362    0.1    0.1 0
1 53 1988 11 26.82015 562 47 586 3 1 1 1 1  -20.190    8.272    0.1    0.1 0
1 53 1988 11 26.82050 562 47 586 3 1 1 1 1  -20.294    8.340    0.1    0.1 0
1 53 1988 11 26.82084 562 47 586 3 1 1 1 1  -20.373    8.349    0.1    0.1 0
1 53 1988 11 26.82119 562 47 586 3 1 1 1 1  -20.513    8.321    0.1    0.1 0
1 53 1988 11 26.82223 562 47 586 3 1 1 1 1  -20.809    8.205    0.1    0.1 0
1 53 1988 11 26.82258 562 47 586 3 1 1 1 1  -20.760    8.305    0.1    0.1 0
1 53 1988 11 26.82293 562 47 586 3 1 1 1 1  -20.914    8.069    0.1    0.1 0
1 53 1988 11 26.82362 562 47 586 3 1 1 1 1  -21.040    8.227    0.1    0.1 0
1 53 1988 11 26.82397 562 47 586 3 1 1 1 1  -21.082    8.128    0.1    0.1 0
1 53 1988 11 26.82432 562 47 586 3 1 1 1 1  -21.216    7.975    0.1    0.1 0
1 53 1988 11 26.82466 562 47 586 3 1 1 1 1  -21.307    8.001    0.1    0.1 0
1 53 1988 11 26.82536 562 47 586 3 1 1 1 1  -21.377    8.091    0.1    0.1 0
1 53 1988 11 26.82744 562 47 586 3 1 1 1 1  -21.908    7.853    0.1    0.1 0
1 53 1988 11 26.82779 562 47 586 3 1 1 1 1  -21.979    7.803    0.1    0.1 0
1 53 1988 11 26.82814 562 47 586 3 1 1 1 1  -22.074    7.815    0.1    0.1 0
1 53 1988 11 26.82883 562 47 586 3 1 1 1 1  -22.345    7.762    0.1    0.1 0
1 53 1988 11 26.82918 562 47 586 3 1 1 1 1  -22.360    7.690    0.1    0.1 0
1 53 1988 11 26.82929 562 47 586 3 1 1 1 1  -22.583    7.637    0.1    0.1 0
1 53 1988 11 26.83022 562 47 586 3 1 1 1 1  -22.800    7.602    0.1    0.1 0
1 53 1988 11 26.83057 562 47 586 3 1 1 1 1  -22.889    7.609    0.1    0.1 0
1 53 1988 11 26.83091 562 47 586 3 1 1 1 1  -22.993    7.464    0.1    0.1 0
1 53 1988 11 26.83161 562 47 586 3 1 1 1 1  -23.227    7.443    0.1    0.1 0
1 53 1988 11 26.83196 562 47 586 3 1 1 1 1  -23.405    7.591    0.1    0.1 0
1 53 1988 11 26.83230 562 47 586 3 1 1 1 1  -23.510    7.388    0.1    0.1 0
1 53 1988 11 26.83271 562 47 586 3 1 1 1 1  -23.813    7.468    0.1    0.1 0
1 53 1988 11 26.83300 562 47 586 3 1 1 1 1  -23.792    7.564    0.1    0.1 0
1 53 1988 11 26.83334 562 47 586 3 1 1 1 1  -23.768    7.293    0.1    0.1 0
1 53 1988 11 26.83543 562 47 586 3 1 1 1 1  -24.335    7.341    0.1    0.1 0
1 53 1988 11 26.83578 562 47 586 3 1 1 1 1  -24.566    7.314    0.1    0.1 0
1 53 1988 11 26.83612 562 47 586 3 1 1 1 1  -24.955    7.177    0.1    0.1 0
1 53 1988 11 26.83647 562 47 586 3 1 1 1 1  -24.904    7.171    0.1    0.1 0
1 53 1988 11 26.83682 562 47 586 3 1 1 1 1  -24.970    7.107    0.1    0.1 0
1 53 1988 11 26.83716 562 47 586 3 1 1 1 1  -25.238    7.055    0.1    0.1 0
1 53 1988 11 26.83786 562 47 586 3 1 1 1 1  -25.216    6.948    0.1    0.1 0
1 53 1988 11 26.83821 562 47 586 3 1 1 1 1  -25.394    6.925    0.1    0.1 0
1 53 1988 11 26.83855 562 47 586 3 1 1 1 1  -25.622    7.032    0.1    0.1 0
1 53 1988 11 26.83890 562 47 586 3 1 1 1 1  -25.647    6.881    0.1    0.1 0
1 53 1988 11 26.83925 562 47 586 3 1 1 1 1  -25.720    6.737    0.1    0.1 0
1 53 1988 11 26.83959 562 47 586 3 1 1 1 1  -26.006    6.702    0.1    0.1 0
1 53 1988 11 26.83994 562 47 586 3 1 1 1 1  -26.057    6.557    0.1    0.1 0
1 53 1988 11 26.84029 562 47 586 3 1 1 1 1  -25.990    6.680    0.1    0.1 0
1 53 1988 11 26.84064 562 47 586 3 1 1 1 1  -26.308    6.584    0.1    0.1 0
1 53 1988 11 26.84098 562 47 586 3 1 1 1 1  -26.429    6.583    0.1    0.1 0
1 53 1988 11 26.84133 562 47 586 3 1 1 1 1  -26.487    6.548    0.1    0.1 0
1 53 1988 11 26.85244 562 47 586 3 1 1 1 1  -30.425    4.764    0.1    0.1 0
1 53 1988 11 26.85279 562 47 586 3 1 1 1 1  -30.876    4.775    0.1    0.1 0
1 53 1988 11 26.85314 562 47 586 3 1 1 1 1  -30.627    4.911    0.1    0.1 0
1 53 1988 11 26.85348 562 47 586 3 1 1 1 1  -30.914    4.776    0.1    0.1 0
1 53 1988 11 26.85383 562 47 586 3 1 1 1 1  -31.268    4.567    0.1    0.1 0
1 53 1988 11 26.85418 562 47 586 3 1 1 1 1  -31.092    4.643    0.1    0.1 0
1 53 1988 11 26.85453 562 47 586 3 1 1 1 1  -31.187    4.589    0.1    0.1 0
1 53 1988 11 26.85487 562 47 586 3 1 1 1 1  -31.407    4.593    0.1    0.1 0
1 53 1988 11 26.85557 562 47 586 3 1 1 1 1  -31.646    4.452    0.1    0.1 0
1 53 1988 11 26.85591 562 47 586 3 1 1 1 1  -32.088    4.397    0.1    0.1 0
1 53 1988 11 26.85696 562 47 586 3 1 1 1 1  -32.302    4.148    0.1    0.1 0
1 53 1988 11 26.85730 562 47 586 3 1 1 1 1  -32.432    4.119    0.1    0.1 0