 1  2446612.37783 1986 06 30.877830    38.61   -7.70    0     2  129
 1  2446613.33449 1986 07  1.834490     2.33   -7.16    0     2  129
 1  2446613.49139 1986 07  1.991390    99.94  -27.53    0     2  129
 1  2446613.50740 1986 07  2.007400    99.41  -27.01    0     2  129
 1  2446615.37559 1986 07  3.875590   -43.30   12.18    0     2  129
 1  2446615.38392 1986 07  3.883920   -42.50   12.76    0     2  129
 1  2446615.40559 1986 07  3.905590   -43.32   12.70    0     2  129
 1  2446638.34625 1986 07 26.846252   -14.17    2.31    0     2  129
 1  2446640.24888 1986 07 28.748880    66.33  -21.34    0     2  129
 1  2446640.26630 1986 07 28.766302    63.18  -19.14    0     2  129
 1  2446643.28009 1986 07 31.780093   -95.12   32.36    0     2  129
 1  2446643.30479 1986 07 31.804794   -91.92   29.78    0     2  129
 1  2446643.32102 1986 07 31.821023   -86.00   28.39    0     2  129
 1  2446645.23725 1986 08  2.737254    29.46  -10.10    0     2  129
 1  2446646.30851 1986 08  3.808514    96.16  -33.95    0     2  129
 1  2446646.32600 1986 08  3.826001    99.23  -35.14    0     2  129
 1  2446646.34498 1986 08  3.844977    97.99  -33.77    0     2  129
 1  2446648.23936 1986 08  5.739358   -42.40   14.39    0     2  129
 1  2447388.50116 1988 08 15.001160   -10.84  -24.75    0     2  129
 1  2447388.50359 1988 08 15.003590    11.25  -24.55  2000.0  2  129
 1  2447388.50359 1988 08 15.003590   -11.20  -24.74    0     2  129
 1  2447388.51736 1988 08 15.017360    -9.70  -22.70    0     2  129
 1  2447407.32241 1988 09  2.822410   -37.74  -25.73    0     2  129
 1  2447407.32491 1988 09  2.824910   -38.04  -25.83    0     2  129
 1  2447407.33580 1988 09  2.835800   -37.77  -25.16    0     2  129
 1  2447410.35063 1988 09  5.850630    39.31    9.11  2000.0  2  129
 1  2447410.35063 1988 09  5.850630    39.97    9.28    0     2  129
 1  2447410.35271 1988 09  5.852710    39.78    9.01  2000.0  2  129
 1  2447410.35271 1988 09  5.852710    40.10    9.14    0     2  129
 1  2447410.35495 1988 09  5.854950    40.47    9.56  2000.0  2  129
 1  2447410.35495 1988 09  5.854950    40.23    9.56    0     2  129
 1  2447410.37643 1988 09  5.876430    46.54   11.43  2000.0  2  129
 1  2447410.37643 1988 09  5.876430    46.24   11.02    0     2  129
 1  2447410.37833 1988 09  5.878330    47.48   11.47  2000.0  2  129
 1  2447410.37833 1988 09  5.878330    47.38   10.95    0     2  129
 1  2447410.38029 1988 09  5.880290    48.44   11.42  2000.0  2  129
 1  2447410.38029 1988 09  5.880290    48.36   11.28    0     2  129
 1  2447411.48245 1988 09  6.982450    66.78   14.58    0     2  129
 1  2447411.48407 1988 09  6.984070    68.12   14.55    0     2  129
 1  2447411.48568 1988 09  6.985680    67.14   15.14    0     2  129
 1  2447412.42332 1988 09  7.923320   -29.58  -29.89  2000.0  2  129
 1  2447412.42332 1988 09  7.923320   -29.70  -29.64    0     2  129
 1  2447412.42482 1988 09  7.924820   -28.94  -29.71  2000.0  2  129
 1  2447412.42482 1988 09  7.924820   -29.23  -29.47    0     2  129
 1  2447412.42695 1988 09  7.926950   -29.23  -29.21  2000.0  2  129
 1  2447412.42695 1988 09  7.926950   -29.22  -28.89    0     2  129
 1  2447412.43354 1988 09  7.933540   -28.88  -28.86  2000.0  2  129
 1  2447412.43354 1988 09  7.933540   -28.81  -28.69    0     2  129
 1  2447412.43492 1988 09  7.934920   -28.81  -28.49  2000.0  2  129
 1  2447412.43492 1988 09  7.934920   -28.83  -28.26    0     2  129
 1  2447412.43600 1988 09  7.936002   -28.77  -28.03    0     2  129
 1  2447412.43630 1988 09  7.936300   -28.78  -28.21  2000.0  2  129
 1  2447413.37423 1988 09  8.874230   -15.42   17.87    0     2  129
 1  2447413.37602 1988 09  8.876020   -15.99   17.72    0     2  129
 1  2447413.37804 1988 09  8.878040   -17.22   18.26    0     2  129
 1  2447414.33215 1988 09  9.832150    80.43   61.34    0     2  129
 1  2447414.33741 1988 09  9.837410    79.86   61.45    0     2  129
 1  2447414.33914 1988 09  9.839140    78.99   61.83    0     2  129
 1  2447414.34543 1988 09  9.845430    76.73   63.28    0     2  129
 1  2447414.34758 1988 09  9.847580    76.43  463.92    0     2  129
 1  2447415.44481 1988 09 10.944810    42.80   19.54  2000.0  2  129
 1  2447415.44724 1988 09 10.947240    42.77   19.20  2000.0  2  129
 1  2447415.44724 1988 09 10.947240    42.97   18.92    0     2  129
 1  2447415.44932 1988 09 10.949320    42.81   18.84  2000.0  2  129
 1  2447415.44932 1988 09 10.949320    43.18   18.49    0     2  129
 1  2447415.45570 1988 09 10.955700    42.69   18.35  2000.0  2  129
 1  2447415.45570 1988 09 10.955700    42.82   18.04    0     2  129
 1  2447415.45710 1988 09 10.957100    43.66   18.30  2000.0  2  129
 1  2447415.45716 1988 09 10.957160    43.48   18.41    0     2  129
 1  2447415.45843 1988 09 10.958430    43.77   18.31  2000.0  2  129
 1  2447415.45843 1988 09 10.958430    43.69   18.09    0     2  129
 1  2447415.48488 1988 09 10.984880   -32.10    5.60  2000.0  2  129
 1  2447418.48488 1988 09 13.984880   -31.84    5.85    0     2  129
 1  2447418.48662 1988 09 13.986620   -33.50    5.54  2000.0  2  129
 1  2447418.48662 1988 09 13.986620   -33.23    5.31    0     2  129
 1  2447418.48846 1988 09 13.988460   -33.39    5.40  2000.0  2  129
 1  2447418.48846 1988 09 13.988460   -33.47    5.99    0     2  129
 1  2447418.49435 1988 09 13.994350   -36.25    4.78  2000.0  2  129
 1  2447418.49435 1988 09 13.994350   -36.52    4.57    0     2  129
 1  2447418.49585 1988 09 13.995850   -36.54    5.10    0     2  129
 1  2447418.49717 1988 09 13.997170   -37.41    4.70  2000.0  2  129
 1  2447418.49717 1988 09 13.997170   -37.47    4.45    0     2  129
 1  2447419.55338 1988 09 15.053380    40.45   26.04  2000.0  2  129
 1  2447420.39337 1988 09 15.893370    92.13   29.33  2000.0  2  129
 1  2447420.39337 1988 09 15.893370    92.38   29.22    0     2  129
 1  2447420.39494 1988 09 15.894940    92.36   30.16  2000.0  2  129
 1  2447420.39494 1988 09 15.894940    92.44  429.94    0     2  129
 1  2447420.39653 1988 09 15.896530    93.11   30.91  2000.0  2  129
 1  2447420.54328 1988 09 16.043280    41.75   27.42  2000.0  2  129
 1  2447420.54328 1988 09 16.043280    42.23   27.07    0     2  129
 1  2447420.54518 1988 09 16.045180    41.40   27.55  2000.0  2  129
 1  2447420.54518 1988 09 16.045180    40.86   27.78    0     2  129
 1  2447420.55338 1988 09 16.053380    40.64   25.94    0     2  129
 1  2447420.55488 1988 09 16.054880    40.69   26.36  2000.0  2  129
 1  2447420.55488 1988 09 16.054880    40.30   26.02    0     2  129
 1  2447423.41631 1988 09 18.916310   -59.45    2.41    0     2  129
 1  2447423.41793 1988 09 18.917930   -59.79    1.04  2000.0  2  129
 1  2447423.41793 1988 09 18.917930   -60.03    0.96    0     2  129
 1  2447423.42358 1988 09 18.923580   -61.57   -1.18  2000.0  2  129
 1  2447423.42358 1988 09 18.923580   -61.54   -1.20    0     2  129
 1  2447423.42526 1988 09 18.925260   -61.22    1.98  2000.0  2  129
 1  2447423.42526 1988 09 18.925260   -61.42   -2.05    0     2  129
 1  2447423.42681 1988 09 18.926810   -62.00   -2.76  2000.0  2  129
 1  2447423.42681 1988 09 18.926810   -62.18   -2.92    0     2  129
 1  2447424.38562 1988 09 19.885620    34.80   28.61  2000.0  2  129
 1  2447424.38562 1988 09 19.885620    34.77   28.58    0     2  129
 1  2447424.38689 1988 09 19.886890    34.51   28.17  2000.0  2  129
 1  2447424.38689 1988 09 19.886890    34.58   28.19    0     2  129
 1  2447424.38798 1988 09 19.887980    34.79   28.52  2000.0  2  129
 1  2447424.38798 1988 09 19.887980    34.64   28.61    0     2  129
 1  2447424.39329 1988 09 19.893290    33.85   27.43  2000.0  2  129
 1  2447424.39468 1988 09 19.894680    34.29   27.85  2000.0  2  129
 1  2447424.39606 1988 09 19.896060    34.47   27.36  2000.0  2  129
 1  2447424.40544 1988 09 19.905435    35.42   27.38    0     1  084
 1  2447424.40717 1988 09 19.907170    35.65   27.23    0     1  084
 1  2447424.40924 1988 09 19.909240    35.82   27.47    0     1  084
 1  2447425.34667 1988 09 20.846670    13.79  -25.02    0     2  129
 1  2447425.34962 1988 09 20.849620    14.44  -23.99    0     2  129
 1  2447432.35840 1988 09 27.858400   -89.22  -25.14    0     1  084
 1  2447432.36013 1988 09 27.860130   -89.80  -26.04    0     1  084
 1  2447432.36186 1988 09 27.861860   -89.71  -26.75    0     1  084
 1  2447432.37594 1988 09 27.875940   -88.39  -31.27    0     1  084
 1  2447432.37727 1988 09 27.877270   -88.57  -30.78    0     1  084
 1  2447434.42349 1988 09 29.923490    99.26   53.90  2000.0  2  129
 1  2447434.42349 1988 09 29.923490    99.26   53.82    0     2  129
 1  2447434.42765 1988 09 29.927650    98.32   54.92  2000.0  2  129
 1  2447434.42765 1988 09 29.927650    98.93   55.10    0     2  129
 1  2447434.43036 1988 09 29.930360    97.72   55.94  2000.0  2  129
 1  2447434.43036 1988 09 29.930360    98.46   56.12    0     2  129
 1  2447436.33249 1988 10  1.832490   -40.02  -27.34    0     2  129
 1  2447436.33376 1988 10  1.833760   -39.59  -26.90    0     2  129
 1  2447436.33509 1988 10  1.835090   -40.19  -26.92    0     2  129
 1  2447441.28972 1988 10  6.789720   -99.13  -43.38    0     2  129
 1  2447441.29110 1988 10  6.791100   -98.63  -43.80    0     2  129
 1  2447441.29226 1988 10  6.792260   -98.92  -44.40    0     2  129
 1  2447441.42823 1988 10  6.928230   -30.70  -31.86    0     2  129
 1  2447441.43065 1988 10  6.930650   -30.87  -30.25    0     2  129
 1  2447441.43879 1988 10  6.938790   -28.47  -29.52    0     2  129
 1  2447441.44040 1988 10  6.940400   -28.45  -28.51    0     2  129
 1  2447443.35080 1988 10  8.850800    78.70   57.37    0     2  129
 1  2447443.35207 1988 10  8.852070    78.75   57.38    0     2  129
 1  2447443.35334 1988 10  8.853340    77.95   57.11    0     2  129
 1  2447443.36027 1988 10  8.860270    75.71   58.71    0     2  129
 1  2447443.36154 1988 10  8.861540    74.58   58.69  2000.0  2  129
 1  2447443.36260 1988 10  8.862600    74.35   59.03  2000.0  2  129
 1  2447443.36269 1988 10  8.862690    74.78   58.75    0     2  129
 1  2447443.36269 1988 10  8.862690    74.23   55.04    0     2  129
 1  2447444.30654 1988 10  9.806540    79.49   12.12    0     2  129
 1  2447444.30770 1988 10  9.807700    78.79   12.47    0     2  129
 1  2447444.30885 1988 10  9.808850    79.37   12.90    0     2  129
 1  2447444.31485 1988 10  9.814850    79.76   15.45    0     2  129
 1  2447444.31661 1988 10  9.816610    80.31   16.31    0     2  129
 1  2447444.31716 1988 10  9.817160    80.32   16.49    0     2  129
 1  2447448.31631 1988 10 13.816310    41.44   19.78    0     1  084
 1  2447448.31734 1988 10 13.817340    41.58   20.04    0     1  084
 1  2447448.31873 1988 10 13.818730    41.73   19.90    0     1  084
 1  2447449.42364 1988 10 14.923640    86.77   26.89    0     1  084
 1  2447449.42503 1988 10 14.925030    86.58   27.05    0     1  084
 1  2447449.42658 1988 10 14.926580    87.34   28.27    0     1  084
 1  2447451.22876 1988 10 16.728760    89.90   26.06  2000.0  2  129
 1  2447451.31985 1988 10 16.819850   -36.35   -0.92    0     1  084
 1  2447451.32062 1988 10 16.820620   -36.32   -0.65    0     2  129
 1  2447451.32123 1988 10 16.821230   -36.75   -1.14    0     1  084
 1  2447451.32241 1988 10 16.822410   -36.19   -0.80    0     2  129
 1  2447451.32308 1988 10 16.823080   -36.88   -0.48    0     1  084
 1  2447453.22876 1988 10 18.728760    89.68   26.32    0     2  129
 1  2447453.23003 1988 10 18.730030    89.96   26.85  2000.0  2  129
 1  2447453.23003 1988 10 18.730030    90.15   27.13    0     2  129
 1  2447453.23130 1988 10 18.731300    90.19   27.52    0     2  129
 1  2447453.23961 1988 10 18.739610    90.02   30.20    0     2  129
 1  2447453.24076 1988 10 18.740760    89.97   30.67    0     2  129
 1  2447453.24180 1988 10 18.741800    90.29   30.98    0     2  129
 1  2447454.34845 1988 10 19.848450     8.18  -23.81    0     1  084
 1  2447454.34983 1988 10 19.849830     9.01  -24.19    0     1  084
 1  2447454.35139 1988 10 19.851390     9.66  -23.77    0     1  084
 1  2447454.36351 1988 10 19.863510    14.09  -23.67    0     1  084
 1  2447454.36455 1988 10 19.864550    14.14  -23.68    0     1  084
 1  2447454.36593 1988 10 19.865930    15.32  -23.83    0     1  084
 1  2447454.37667 1988 10 19.876670    20.88  -22.43    0     1  084
 1  2447454.37875 1988 10 19.878750    22.60  -22.44    0     1  084
 1  2447454.38013 1988 10 19.880130    22.61  -21.38    0     1  084
 1  2447455.30289 1988 10 20.802890   -80.05  -48.48    0     1  084
 1  2447455.30427 1988 10 20.804270   -80.21  -49.17    0     1  084
 1  2447455.30566 1988 10 20.805660   -80.31  -49.44    0     1  084
 1  2447467.25521 1988 11  1.755210    76.30   38.49    0     2  129
 1  2447467.25637 1988 11  1.756370    76.37   39.42    0     2  129
 1  2447467.25747 1988 11  1.757470    76.37   39.28    0     2  129
 1  2447467.27014 1988 11  1.770140    74.07   43.29    0     2  129
 1  2447467.27135 1988 11  1.771350    73.91   43.54    0     2  129
 1  2447467.28183 1988 11  1.781830    70.40   45.64    0     2  129
 1  2447467.28287 1988 11  1.782870    69.81   45.89    0     2  129
 1  2447467.28403 1988 11  1.784030    69.91   45.96    0     2  129
 1  2447470.29097 1988 11  4.790970   -78.03  -24.60    0     2  129
 1  2447470.29253 1988 11  4.792530   -77.78  -25.27    0     2  129
 1  2447470.29416 1988 11  4.794160   -77.59  -25.82    0     2  129
 1  2447470.30127 1988 11  4.801270   -77.52  -28.61    0     2  129
 1  2447470.30301 1988 11  4.803010   -76.71  -29.51    0     2  129
 1  2447470.30457 1988 11  4.804570   -78.04  -29.99    0     2  129
 1  2447470.31105 1988 11  4.811050   -76.60  -31.10    0     2  129
 1  2447470.31262 1988 11  4.812620   -77.00  -30.81    0     2  129
 1  2447470.31412 1988 11  4.814120   -75.89  -31.97    0     2  129
 1  2447472.35527 1988 11  6.855270    65.12   39.18    0     2  129
 1  2447472.35706 1988 11  6.857060    64.42   38.39    0     2  129
 1  2447472.37772 1988 11  6.877720    61.11   44.24    0     2  129
 1  2447472.38275 1988 11  6.882750    58.94   44.60    0     2  129
 1  2447472.39126 1988 11  6.891260    56.41   46.06    0     2  129
