1 48 1978  1 20.97961 492 99  84 1 1 1 1 4   18.970    1.470    0.8    0.8 0
1 48 1978  1 20.98102 492 99  84 1 1 1 1 4   16.740    0.330    0.8    0.8 0
1 48 1978  1 20.98200 492 99  84 1 1 1 1 4   18.810    1.670    0.8    0.8 0
1 48 1978  1 22.07362 492 99  84 1 1 1 1 4  -18.140   -4.670    0.8    0.8 0
1 48 1978  1 22.07465 492 99  84 1 1 1 1 4  -17.870   -4.430    0.8    0.8 0
1 48 1978  1 22.07604 492 99  84 1 1 1 1 4  -17.210   -6.040    0.8    0.8 0
1 48 1978  1 22.08247 492 99  84 1 1 1 1 4  -19.840   -4.930    0.8    0.8 0
1 48 1978  1 22.08366 492 99  84 1 1 1 1 4  -20.010   -3.720    0.8    0.8 0
1 48 1978  1 22.08504 492 99  84 1 1 1 1 4  -20.440   -3.930    0.8    0.8 0
1 48 1978  1 22.08678 492 99  84 1 1 1 1 4  -20.200   -4.040    0.8    0.8 0
1 52 1986  6 30.87351 552 99 129 2 1 1 1 1  -69.178   14.321    1.3    1.3 0
1 52 1986  6 30.87354 552 99 129 1 1 1 1 1  -29.815    6.901    1.0    1.0 0
1 52 1986  6 30.87666 552 99 129 1 1 1 1 1  -29.800    6.128    1.0    1.0 0
1 52 1986  6 30.87666 552 99 129 2 1 1 1 1  -67.773   13.697    1.3    1.3 0
1 52 1986  6 30.87979 552 99 129 1 1 1 1 1  -29.492    5.880    1.0    1.0 0
1 52 1986  6 30.87979 552 99 129 2 1 1 1 1  -69.025   14.015    1.3    1.3 0
1 52 1986  6 30.88334 552 99 129 1 1 1 1 1  -29.823    5.702    1.0    1.0 0
1 52 1986  6 30.88334 552 99 129 2 1 1 1 1  -68.274   13.293    1.3    1.3 0
1 52 1986  6 30.92956 552 99 129 2 1 1 1 1  -58.747    9.238    1.3    1.3 0
1 52 1986  6 30.93178 552 99 129 2 1 1 1 1  -58.532    9.423    1.3    1.3 0
1 52 1986  6 30.93472 552 99 129 2 1 1 1 1  -58.556    9.278    1.3    1.3 0
1 52 1986  6 30.93799 552 99 129 2 1 1 1 1  -57.841    9.622    1.3    1.3 0
1 52 1986  6 30.94882 552 99 129 2 1 1 1 1  -54.604    7.839    1.3    1.3 0
1 52 1986  6 30.95054 552 99 129 2 1 1 1 1  -54.312    8.001    1.3    1.3 0
1 52 1986  6 30.95233 552 99 129 2 1 1 1 1  -53.064    7.398    1.3    1.3 0
1 52 1986  6 30.95483 552 99 129 2 1 1 1 1  -54.521    7.437    1.3    1.3 0
1 52 1986  7  1.83001 552 99 129 2 1 1 1 1  -30.724   13.392    1.3    1.3 0
1 52 1986  7  1.83001 552 99 129 1 1 1 1 1  -30.894    6.929    1.0    1.0 0
1 52 1986  7  1.83304 552 99 129 2 1 1 1 1  -31.181   13.993    1.3    1.3 0
1 52 1986  7  1.83304 552 99 129 1 1 1 1 1  -30.268    7.267    1.0    1.0 0
1 52 1986  7  1.83587 552 99 129 1 1 1 1 1  -29.937    7.037    1.0    1.0 0
1 52 1986  7  1.83587 552 99 129 2 1 1 1 1  -32.712   13.985    1.3    1.3 0
1 52 1986  7  1.83904 552 99 129 1 1 1 1 1  -29.642    6.380    1.0    1.0 0
1 52 1986  7  1.83904 552 99 129 2 1 1 1 1  -34.037   14.867    1.3    1.3 0
1 52 1986  7  1.86754 552 99 129 2 1 1 1 1  -42.870   16.536    1.3    1.3 0
1 52 1986  7  1.87031 552 99 129 2 1 1 1 1  -44.048   16.979    1.3    1.3 0
1 52 1986  7  1.87267 552 99 129 2 1 1 1 1  -44.600   16.550    1.3    1.3 0
1 52 1986  7  1.87591 552 99 129 2 1 1 1 1  -46.084   16.610    1.3    1.3 0
1 52 1986  7  1.97015 552 99 129 2 1 1 1 1  -67.170   19.678    1.3    1.3 0
1 52 1986  7  1.97015 552 99 129 1 1 1 1 1   28.097   -9.709    1.0    1.0 0
1 52 1986  7  1.97344 552 99 129 1 1 1 1 1   27.163   -8.432    1.0    1.0 0
1 52 1986  7  1.97344 552 99 129 2 1 1 1 1  -69.274   19.302    1.3    1.3 0
1 52 1986  7  1.97553 552 99 129 1 1 1 1 1   27.493   -9.457    1.0    1.0 0
1 52 1986  7  1.97553 552 99 129 2 1 1 1 1  -69.717   19.396    1.3    1.3 0
1 52 1986  7  1.97887 552 99 129 1 1 1 1 1   28.631   -8.602    1.0    1.0 0
1 52 1986  7  1.97887 552 99 129 2 1 1 1 1  -69.555   19.895    1.3    1.3 0
1 52 1986  7  1.98371 552 99 129 1 1 1 1 1   27.147   -8.571    1.0    1.0 0
1 52 1986  7  1.98371 552 99 129 2 1 1 1 1  -73.212   19.660    1.3    1.3 0
1 52 1986  7  1.99034 552 99 129 2 1 1 1 1  -70.237   18.992    1.3    1.3 0
1 52 1986  7  1.99034 552 99 129 1 1 1 1 1   29.125   -8.317    1.0    1.0 0
1 52 1986  7  1.99246 552 99 129 1 1 1 1 1   29.171   -8.156    1.0    1.0 0
1 52 1986  7  1.99246 552 99 129 2 1 1 1 1  -71.338   19.580    1.3    1.3 0
1 52 1986  7  1.99580 552 99 129 1 1 1 1 1   29.430   -7.517    1.0    1.0 0
1 52 1986  7  2.00210 552 99 129 1 1 1 1 1   27.170   -6.754    1.0    1.0 0
1 52 1986  7  2.00210 552 99 129 2 1 1 1 1  -72.918   20.744    1.3    1.3 0
1 52 1986  7  2.00472 552 99 129 1 1 1 1 1   26.450   -7.050    1.0    1.0 0
1 52 1986  7  2.00472 552 99 129 2 1 1 1 1  -73.076   19.547    1.3    1.3 0
1 52 1986  7  2.00717 552 99 129 1 1 1 1 1   25.933   -7.003    1.0    1.0 0
1 52 1986  7  2.00717 552 99 129 2 1 1 1 1  -72.679   19.905    1.3    1.3 0
1 52 1986  7  3.87417 552 99 129 1 1 1 1 1   25.954   -8.947    1.0    1.0 0
1 52 1986  7  3.87417 552 99 129 2 1 1 1 1   69.573  -21.161    1.3    1.3 0
1 52 1986  7  3.87703 552 99 129 1 1 1 1 1   26.344   -9.656    1.0    1.0 0
1 52 1986  7  3.87703 552 99 129 2 1 1 1 1   69.257  -21.791    1.3    1.3 0
1 52 1986  7  3.88008 552 99 129 1 1 1 1 1   26.884   -8.965    1.0    1.0 0
1 52 1986  7  3.88008 552 99 129 2 1 1 1 1   69.847  -22.357    1.3    1.3 0
1 52 1986  7  3.88221 552 99 129 1 1 1 1 1   27.204   -9.051    1.0    1.0 0
1 52 1986  7  3.88221 552 99 129 2 1 1 1 1   69.507  -21.294    1.3    1.3 0
1 52 1986  7  3.88389 552 99 129 1 1 1 1 1   28.288   -8.902    1.0    1.0 0
1 52 1986  7  3.88389 552 99 129 2 1 1 1 1   70.890  -22.011    1.3    1.3 0
1 52 1986  7  3.88568 552 99 129 1 1 1 1 1   28.338   -8.661    1.0    1.0 0
1 52 1986  7  3.88568 552 99 129 2 1 1 1 1   71.153  -21.144    1.3    1.3 0
1 52 1986  7  3.88776 552 99 129 2 1 1 1 1   70.758  -21.479    1.3    1.3 0
1 52 1986  7  3.88776 552 99 129 1 1 1 1 1   28.908   -8.831    1.0    1.0 0
1 52 1986  7  3.90132 552 99 129 2 1 1 1 1   72.379  -20.518    1.3    1.3 0
1 52 1986  7  3.90132 552 99 129 1 1 1 1 1   29.377   -7.670    1.0    1.0 0
1 52 1986  7  3.90340 552 99 129 1 1 1 1 1   29.377   -7.951    1.0    1.0 0
1 52 1986  7  3.90340 552 99 129 2 1 1 1 1   72.439  -20.732    1.3    1.3 0
1 52 1986  7  3.90506 552 99 129 1 1 1 1 1   29.903   -7.448    1.0    1.0 0
1 52 1986  7  3.90506 552 99 129 2 1 1 1 1   72.308  -20.244    1.3    1.3 0
1 52 1986  7  3.90773 552 99 129 1 1 1 1 1   28.830   -8.019    1.0    1.0 0
1 52 1986  7  3.90773 552 99 129 2 1 1 1 1   71.446  -20.840    1.3    1.3 0
1 52 1986  7  3.91044 552 99 129 2 1 1 1 1   73.417  -20.852    1.3    1.3 0
1 52 1986  7  3.91044 552 99 129 1 1 1 1 1   28.846   -7.136    1.0    1.0 0
1 52 1986  7  3.91459 552 99 129 1 1 1 1 1   27.732   -7.632    1.0    1.0 0
1 52 1986  7  3.91459 552 99 129 2 1 1 1 1   73.121  -21.640    1.3    1.3 0
1 52 1986  7  3.91673 552 99 129 1 1 1 1 1   27.841   -6.985    1.0    1.0 0
1 52 1986  7  3.91673 552 99 129 2 1 1 1 1   74.144  -21.217    1.3    1.3 0
1 52 1986  7  3.91840 552 99 129 1 1 1 1 1   27.138   -6.948    1.0    1.0 0
1 52 1986  7  3.91840 552 99 129 2 1 1 1 1   73.642  -21.564    1.3    1.3 0
1 52 1986  7  3.92019 552 99 129 1 1 1 1 1   26.943   -6.799    1.0    1.0 0
1 52 1986  7  3.92019 552 99 129 2 1 1 1 1   74.308  -21.757    1.3    1.3 0
1 52 1986  7  3.92244 552 99 129 2 1 1 1 1   73.489  -21.432    1.3    1.3 0
1 52 1986  7  3.92244 552 99 129 1 1 1 1 1   26.328   -6.447    1.0    1.0 0
1 52 1986  7  4.83204 552 99 129 1 1 1 1 1   26.797   -8.850    1.0    1.0 0
1 52 1986  7  4.83420 552 99 129 1 1 1 1 1   26.568   -8.778    1.0    1.0 0
1 52 1986  7  4.83598 552 99 129 1 1 1 1 1   27.366   -8.875    1.0    1.0 0
1 52 1986  7  4.83741 552 99 129 1 1 1 1 1   27.558   -8.517    1.0    1.0 0
1 52 1986  7  4.83885 552 99 129 1 1 1 1 1   28.516   -8.838    1.0    1.0 0
1 52 1986  7  4.84035 552 99 129 1 1 1 1 1   28.671   -8.834    1.0    1.0 0
1 52 1986  7  4.84217 552 99 129 1 1 1 1 1   28.870   -8.991    1.0    1.0 0
1 52 1986  7  4.84532 552 99 129 1 1 1 1 1   29.355   -8.919    1.0    1.0 0
1 52 1986  7  4.84733 552 99 129 1 1 1 1 1   29.401   -8.598    1.0    1.0 0
1 52 1986  7  4.84878 552 99 129 1 1 1 1 1   28.832   -7.848    1.0    1.0 0
1 52 1986  7  4.84987 552 99 129 1 1 1 1 1   29.579   -7.599    1.0    1.0 0
1 52 1986  7  4.85109 552 99 129 1 1 1 1 1   29.615   -7.992    1.0    1.0 0
1 52 1986  7  4.85228 552 99 129 1 1 1 1 1   29.849   -8.529    1.0    1.0 0
1 52 1986  7  4.85352 552 99 129 1 1 1 1 1   30.199   -8.188    1.0    1.0 0
1 52 1986  7  4.85606 552 99 129 1 1 1 1 1   29.485   -8.747    1.0    1.0 0
1 52 1986  7  4.85783 552 99 129 1 1 1 1 1   30.446   -8.295    1.0    1.0 0
1 52 1986  7  4.85922 552 99 129 1 1 1 1 1   29.497   -8.117    1.0    1.0 0
1 52 1986  7  4.86048 552 99 129 1 1 1 1 1   29.384   -7.815    1.0    1.0 0
1 52 1986  7  4.86190 552 99 129 1 1 1 1 1   30.092   -8.029    1.0    1.0 0
1 52 1986  7  4.86309 552 99 129 1 1 1 1 1   28.513   -7.367    1.0    1.0 0
1 52 1986  7  4.86462 552 99 129 1 1 1 1 1   29.128   -7.708    1.0    1.0 0
1 52 1986  7  4.86629 552 99 129 1 1 1 1 1   28.980   -6.887    1.0    1.0 0
1 52 1986  7  4.86800 552 99 129 1 1 1 1 1   29.379   -7.175    1.0    1.0 0
1 52 1986  7  4.86921 552 99 129 1 1 1 1 1   28.816   -6.686    1.0    1.0 0
1 52 1986  7  4.87033 552 99 129 1 1 1 1 1   27.718   -7.201    1.0    1.0 0
1 52 1986  7  4.87146 552 99 129 1 1 1 1 1   28.359   -6.904    1.0    1.0 0
1 52 1986  7  4.87271 552 99 129 1 1 1 1 1   27.997   -6.860    1.0    1.0 0
1 52 1986  7  4.87442 552 99 129 1 1 1 1 1   27.523   -6.795    1.0    1.0 0
1 52 1986  7  4.87666 552 99 129 1 1 1 1 1   27.562   -6.316    1.0    1.0 0
1 52 1986  7  4.87859 552 99 129 1 1 1 1 1   26.992   -6.595    1.0    1.0 0
1 52 1986  7  4.87983 552 99 129 1 1 1 1 1   26.468   -6.418    1.0    1.0 0
1 52 1986  7  4.88068 552 99 129 1 1 1 1 1   25.841   -5.986    1.0    1.0 0
1 52 1986  7  4.88156 552 99 129 1 1 1 1 1   25.958   -5.894    1.0    1.0 0
1 52 1986  7  4.88250 552 99 129 1 1 1 1 1   25.423   -6.419    1.0    1.0 0
1 52 1986  7  4.88386 552 99 129 1 1 1 1 1   25.139   -5.550    1.0    1.0 0
1 52 1986  7  4.98704 552 99 129 1 1 1 1 1  -26.922    8.725    1.0    1.0 0
1 52 1986  7  4.98943 552 99 129 1 1 1 1 1  -27.098    9.026    1.0    1.0 0
1 52 1986  7  4.99220 552 99 129 1 1 1 1 1  -28.872    8.214    1.0    1.0 0
1 52 1986  7  4.99395 552 99 129 1 1 1 1 1  -28.508    7.903    1.0    1.0 0
1 52 1986  7  4.99735 552 99 129 1 1 1 1 1  -29.728    8.167    1.0    1.0 0
1 52 1986  7  4.99892 552 99 129 1 1 1 1 1  -29.509   10.049    1.0    1.0 0
1 52 1986  7  5.00084 552 99 129 1 1 1 1 1  -29.462    8.100    1.0    1.0 0
1 52 1986  7  5.00310 552 99 129 1 1 1 1 1  -29.417    8.157    1.0    1.0 0
1 53 1988  8 11.01155 562 99 114 3 1 1 1 3   80.980   36.190    0.9    0.9 0
1 53 1988  8 11.01451 562 99 114 3 1 1 1 3   81.530   38.160    0.9    0.9 0
1 53 1988  8 11.01700 562 99 114 3 1 1 1 3   80.930   40.570    0.9    0.9 0
1 53 1988  8 12.26192 562 99 820 2 1 1 1 4   51.880   28.070    1.8    1.8 0
1 53 1988  8 12.26440 562 99 820 1 1 1 1 4  -32.130  -22.990    2.4    2.4 0
1 53 1988  8 12.26651 562 99 820 2 1 1 1 4   46.770   15.180    1.8    1.8 0
1 53 1988  8 14.22050 562 99 820 1 1 1 1 4  -25.340  -13.680    2.4    2.4 0
1 53 1988  8 14.22232 562 99 820 1 1 1 1 4  -25.870  -13.900    2.4    2.4 0
1 53 1988  8 15.00941 562 99 114 3 1 1 1 3   10.260   23.330    0.9    0.9 0
1 53 1988  8 15.01958 562 99 114 3 1 1 1 3    9.490   21.850    0.9    0.9 0
1 53 1988  8 18.20922 562 99 820 1 1 1 1 4   19.570   16.570    2.4    2.4 0
1 53 1988  8 18.21064 562 99 820 1 1 1 1 4   19.060   15.630    2.4    2.4 0
1 53 1988  8 18.21176 562 99 820 1 1 1 1 4   19.440   16.220    2.4    2.4 0
1 53 1988  8 18.21277 562 99 820 1 1 1 1 4   18.240   16.740    2.4    2.4 0
1 53 1988  8 18.21378 562 99 820 1 1 1 1 4   19.370   16.660    2.4    2.4 0
1 53 1988  8 18.21491 562 99 820 1 1 1 1 4   19.240   15.640    2.4    2.4 0
1 53 1988  8 18.38667 562 99 820 1 1 1 1 4  -20.590  -16.340    2.4    2.4 0
1 53 1988  8 19.15255 562 99 820 1 1 1 1 4   20.470   14.860    2.4    2.4 0
1 53 1988  8 19.16090 562 99 820 1 1 1 1 4   19.120   15.750    2.4    2.4 0
1 53 1988  8 19.16491 562 99 820 1 1 1 1 4   18.400   15.790    2.4    2.4 0
1 53 1988  8 19.17011 562 99 820 1 1 1 1 4   17.540   16.510    2.4    2.4 0
1 53 1988  8 20.25909 562 99 820 1 1 1 1 4  -27.570  -12.470    2.4    2.4 0
1 53 1988  8 20.25981 562 99 820 1 1 1 1 4  -27.440  -12.330    2.4    2.4 0
1 53 1988  8 20.26053 562 99 820 1 1 1 1 4  -27.500  -12.850    2.4    2.4 0
1 53 1988  8 20.26264 562 99 820 1 1 1 1 4  -27.350  -13.580    2.4    2.4 0
1 53 1988  8 20.26405 562 99 820 1 1 1 1 4  -27.210  -13.860    2.4    2.4 0
1 53 1988  8 20.26553 562 99 820 1 1 1 1 4  -27.180  -13.790    2.4    2.4 0
1 53 1988  8 20.26945 562 99 820 1 1 1 1 4  -26.900  -14.120    2.4    2.4 0
1 53 1988  8 20.27040 562 99 820 1 1 1 1 4  -26.570  -13.370    2.4    2.4 0
1 53 1988  8 20.27118 562 99 820 1 1 1 1 4  -26.370  -14.710    2.4    2.4 0
1 53 1988  8 20.27196 562 99 820 1 1 1 1 4  -26.340  -14.410    2.4    2.4 0
1 53 1988  8 20.27297 562 99 820 1 1 1 1 4  -26.470  -14.990    2.4    2.4 0
1 53 1988  8 20.28088 562 99 820 1 1 1 1 4  -24.390  -15.490    2.4    2.4 0
1 53 1988  8 20.28160 562 99 820 1 1 1 1 4  -24.990  -15.870    2.4    2.4 0
1 53 1988  8 20.28267 562 99 820 1 1 1 1 4  -24.440  -13.710    2.4    2.4 0
1 53 1988  8 20.28339 562 99 820 1 1 1 1 4  -24.670  -15.440    2.4    2.4 0
1 53 1988  8 20.28423 562 99 820 1 1 1 1 4  -25.000  -15.350    2.4    2.4 0
1 53 1988  8 20.89202 562 99 188 2 1 1 1 4   25.051  -12.666    0.5    0.5 0
1 53 1988  8 20.89202 562 99 188 1 1 1 1 4  -25.225  -11.034    0.5    0.5 0
1 53 1988  8 20.90026 562 99 188 1 1 1 1 4  -25.452  -13.074    0.5    0.5 0
1 53 1988  8 20.90026 562 99 188 2 1 1 1 4   27.033  -10.958    0.5    0.5 0
1 53 1988  8 20.92332 562 99 188 1 1 1 1 4  -22.621  -16.307    0.5    0.5 0
1 53 1988  8 20.92332 562 99 188 2 1 1 1 4   33.367   -6.574    0.5    0.5 0
1 53 1988  8 20.93352 562 99 188 2 1 1 1 4   35.889   -4.597    0.5    0.5 0
1 53 1988  8 20.93352 562 99 188 1 1 1 1 4  -20.147  -16.879    0.5    0.5 0
1 53 1988  8 20.94319 562 99 188 2 1 1 1 4   38.306   -2.439    0.5    0.5 0
1 53 1988  8 20.94319 562 99 188 1 1 1 1 4  -16.801  -16.353    0.5    0.5 0
1 53 1988  8 21.16035 562 99 820 2 1 1 1 4   60.270   34.230    1.8    1.8 0
1 53 1988  8 21.20235 562 99 820 1 1 1 1 4  -26.170   -8.560    2.4    2.4 0
1 53 1988  8 21.21551 562 99 820 1 1 1 1 4  -28.090  -10.160    2.4    2.4 0
1 53 1988  8 21.23043 562 99 820 2 1 1 1 4   51.500   39.750    1.8    1.8 0
1 53 1988  8 21.23043 562 99 820 1 1 1 1 4  -27.100  -14.080    2.4    2.4 0
1 53 1988  8 21.23043 562 99 820 3 1 1 1 4   78.600   53.830    0.5    0.5 0
1 53 1988  8 21.23456 562 99 820 1 1 1 1 4  -25.640  -15.720    2.4    2.4 0
1 53 1988  8 21.24593 562 99 820 1 1 1 1 4  -22.980  -17.100    2.4    2.4 0
1 53 1988  8 21.25627 562 99 820 1 1 1 1 4  -19.760  -17.050    2.4    2.4 0
1 53 1988  8 21.27150 562 99 820 1 1 1 1 4  -14.690  -15.630    2.4    2.4 0
1 53 1988  8 21.84829 562 99 188 2 1 1 1 4  -56.633  -39.482    0.5    0.5 0
1 53 1988  8 21.84829 562 99 188 1 1 1 1 4  -25.270  -11.084    0.5    0.5 0
1 53 1988  8 21.85768 562 99 188 1 1 1 1 4  -25.738  -13.103    0.5    0.5 0
1 53 1988  8 21.85768 562 99 188 2 1 1 1 4  -55.539  -40.113    0.5    0.5 0
1 53 1988  8 22.19838 562 99 820 1 1 1 1 4  -24.580  -15.680    2.4    2.4 0
1 53 1988  8 22.19910 562 99 820 1 1 1 1 4  -25.330  -15.300    2.4    2.4 0
1 53 1988  8 22.20003 562 99 820 1 1 1 1 4  -25.370  -15.530    2.4    2.4 0
1 53 1988  8 23.15386 562 99 820 1 1 1 1 4  -25.160  -15.500    2.4    2.4 0
1 53 1988  8 23.16229 562 99 820 1 1 1 1 4  -22.820  -15.890    2.4    2.4 0
1 53 1988  8 24.24277 562 99 820 1 1 1 1 4   23.260   11.180    2.4    2.4 0
1 53 1988  8 24.24387 562 99 820 1 1 1 1 4   23.670   12.610    2.4    2.4 0
1 53 1988  8 24.24387 562 99 820 2 1 1 1 4  -65.460  -25.520    1.8    1.8 0
1 53 1988  8 24.24387 562 99 820 3 1 1 1 4  -89.130  -38.130    0.5    0.5 0
1 53 1988  8 24.24462 562 99 820 2 1 1 1 4  -65.620  -25.510    1.8    1.8 0
1 53 1988  8 24.24462 562 99 820 1 1 1 1 4   22.950   11.850    2.4    2.4 0
1 53 1988  8 24.24462 562 99 820 3 1 1 1 4  -88.570  -37.360    0.5    0.5 0
1 53 1988  8 24.24571 562 99 820 2 1 1 1 4  -65.610  -25.370    1.8    1.8 0
1 53 1988  8 24.24571 562 99 820 3 1 1 1 4  -89.310  -37.510    0.5    0.5 0
1 53 1988  8 24.24571 562 99 820 1 1 1 1 4   23.700   12.140    2.4    2.4 0
1 53 1988  8 24.24716 562 99 820 3 1 1 1 4  -89.220  -38.990    0.5    0.5 0
1 53 1988  8 24.24716 562 99 820 2 1 1 1 4  -65.220  -26.020    1.8    1.8 0
1 53 1988  8 24.24716 562 99 820 1 1 1 1 4   24.000   12.970    2.4    2.4 0
1 53 1988  8 24.24802 562 99 820 1 1 1 1 4   23.680   12.690    2.4    2.4 0
1 53 1988  8 24.24802 562 99 820 3 1 1 1 4  -88.370  -38.740    0.5    0.5 0
1 53 1988  8 24.24802 562 99 820 2 1 1 1 4  -64.690  -26.050    1.8    1.8 0
1 53 1988  8 24.26448 562 99 820 1 1 1 1 4   21.800   15.600    2.4    2.4 0
1 53 1988  8 24.26448 562 99 820 2 1 1 1 4  -65.230  -29.080    1.8    1.8 0
1 53 1988  8 24.26448 562 99 820 3 1 1 1 4  -87.030  -44.680    0.5    0.5 0
1 53 1988  8 24.26511 562 99 820 1 1 1 1 4   21.450   15.350    2.4    2.4 0
1 53 1988  8 24.27261 562 99 820 2 1 1 1 4  -66.280  -30.100    1.8    1.8 0
1 53 1988  8 24.27337 562 99 820 2 1 1 1 4  -66.070  -30.150    1.8    1.8 0
1 53 1988  8 24.27446 562 99 820 2 1 1 1 4  -66.430  -29.700    1.8    1.8 0
1 53 1988  8 24.27541 562 99 820 2 1 1 1 4  -66.110  -30.960    1.8    1.8 0
1 53 1988  8 24.28861 562 99 820 2 1 1 1 4  -66.470  -30.570    1.8    1.8 0
1 53 1988  8 24.28936 562 99 820 2 1 1 1 4  -66.650  -32.210    1.8    1.8 0
1 53 1988  8 24.29008 562 99 820 2 1 1 1 4  -66.320  -31.950    1.8    1.8 0
1 53 1988  8 24.29138 562 99 820 2 1 1 1 4  -66.750  -31.810    1.8    1.8 0
1 53 1988  8 24.29224 562 99 820 2 1 1 1 4  -66.130  -32.920    1.8    1.8 0
1 53 1988  8 24.29314 562 99 820 2 1 1 1 4  -66.620  -32.560    1.8    1.8 0
1 53 1988  8 26.18016 562 99 820 2 1 1 1 4   58.920   32.000    1.8    1.8 0
1 53 1988  8 26.18201 562 99 820 2 1 1 1 4   64.330   31.660    1.8    1.8 0
1 53 1988  8 26.18345 562 99 820 2 1 1 1 4   63.580   33.240    1.8    1.8 0
1 53 1988  8 26.18461 562 99 820 2 1 1 1 4   62.980   32.000    1.8    1.8 0
1 53 1988  8 26.93870 562 99 188 2 1 1 1 4  -52.168  -42.955    0.5    0.5 0
1 53 1988  8 26.93870 562 99 188 1 1 1 1 4  -25.298   -8.504    0.5    0.5 0
1 53 1988  8 26.94473 562 99 188 1 1 1 1 4  -25.899  -10.163    0.5    0.5 0
1 53 1988  8 26.94473 562 99 188 2 1 1 1 4  -50.968  -42.847    0.5    0.5 0
1 53 1988  8 26.98326 562 99 188 1 1 1 1 4  -23.822  -17.265    0.5    0.5 0
1 53 1988  8 26.98326 562 99 188 2 1 1 1 4  -42.162  -42.086    0.5    0.5 0
1 53 1988  8 26.99658 562 99 188 1 1 1 1 4  -19.998  -17.849    0.5    0.5 0
1 53 1988  8 26.99658 562 99 188 2 1 1 1 4  -38.967  -41.509    0.5    0.5 0
1 53 1988  8 27.00084 562 99 188 2 1 1 1 4  -37.737  -41.391    0.5    0.5 0
1 53 1988  8 27.00084 562 99 188 1 1 1 1 4  -18.242  -17.461    0.5    0.5 0
1 53 1988  8 31.91674 562 99 193 3 1 1 1 4  -85.048  -57.600    0.6    0.6 0
1 53 1988  8 31.92021 562 99 193 3 1 1 1 4  -88.198  -56.600    0.6    0.6 0
1 53 1988  8 31.92160 562 99 193 3 1 1 1 4  -88.198  -57.400    0.6    0.6 0
1 53 1988  9  2.81256 562 99 193 3 1 1 1 4   38.099   27.800    0.6    0.6 0
1 53 1988  9  2.83340 562 99 193 3 1 1 1 4   37.799   25.600    0.6    0.6 0
1 53 1988  9  2.85422 562 99 193 3 1 1 1 4   40.499   25.400    0.6    0.6 0
1 53 1988  9  3.91672 562 99 193 3 1 1 1 4   87.897   26.000    0.6    0.6 0
1 53 1988  9  3.95145 562 99 193 3 1 1 1 4   91.197   40.300    0.6    0.6 0
1 53 1988  9  7.77812 562 99 193 3 1 1 1 4   95.843   48.300    0.6    0.6 0
1 53 1988  9 12.86154 562 99 114 3 1 1 1 3  100.431   51.610    0.9    0.9 0
1 53 1988  9 12.86154 562 99 114 3 1 1 1 3  100.430   51.610    0.9    0.9 0
1 53 1988  9 12.86370 562 99 114 3 1 1 1 3  100.761   52.680    0.9    0.9 0
1 53 1988  9 12.86370 562 99 114 3 1 1 1 3  100.760   52.680    0.9    0.9 0
1 53 1988  9 12.87084 562 99 114 3 1 1 1 3   99.900   54.640    0.9    0.9 0
1 53 1988  9 12.87084 562 99 114 3 1 1 1 3   99.906   54.640    0.9    0.9 0
1 53 1988  9 13.01646 562 99 114 3 1 1 1 3   18.775   32.770    0.9    0.9 0
1 53 1988  9 13.01646 562 99 114 3 1 1 1 3   18.780   32.770    0.9    0.9 0
1 53 1988  9 13.01832 562 99 114 3 1 1 1 3   18.101   31.880    0.9    0.9 0
1 53 1988  9 13.01832 562 99 114 3 1 1 1 3   18.100   31.880    0.9    0.9 0
1 53 1988  9 13.02070 562 99 114 3 1 1 1 3   16.960   31.180    0.9    0.9 0
1 53 1988  9 13.02070 562 99 114 3 1 1 1 3   16.961   31.180    0.9    0.9 0
1 53 1988  9 13.98387 562 99 114 3 1 1 1 3   32.980   -5.470    0.9    0.9 0
1 53 1988  9 13.98387 562 99 114 3 1 1 1 3   32.976   -5.470    0.9    0.9 0
1 53 1988  9 14.94991 562 99 114 3 1 1 1 3  -61.586  -61.000    0.9    0.9 0
1 53 1988  9 14.94991 562 99 114 3 1 1 1 3  -61.590  -61.000    0.9    0.9 0
1 53 1988  9 14.95132 562 99 114 3 1 1 1 3  -60.610  -61.910    0.9    0.9 0
1 53 1988  9 14.95132 562 99 114 3 1 1 1 3  -60.611  -61.910    0.9    0.9 0
1 53 1988  9 14.95332 562 99 114 3 1 1 1 3  -59.922  -61.240    0.9    0.9 0
1 53 1988  9 14.95332 562 99 114 3 1 1 1 3  -59.920  -61.240    0.9    0.9 0
1 53 1988  9 15.89423 562 99 114 3 1 1 1 3  -92.429  -29.290    0.9    0.9 0
1 53 1988  9 15.89423 562 99 114 3 1 1 1 3  -92.430  -29.290    0.9    0.9 0
1 53 1988  9 15.90428 562 99 114 3 1 1 1 3  -92.830  -33.550    0.9    0.9 0
1 53 1988  9 15.90428 562 99 114 3 1 1 1 3  -92.834  -33.550    0.9    0.9 0
1 53 1988  9 15.90969 562 99 114 3 1 1 1 3  -93.220  -35.850    0.9    0.9 0
1 53 1988  9 15.90969 562 99 114 3 1 1 1 3  -93.239  -35.850    0.9    0.9 0
1 53 1988  9 15.91161 562 99 114 3 1 1 1 3  -91.750  -36.920    0.9    0.9 0
1 53 1988  9 15.91161 562 99 114 3 1 1 1 3  -91.754  -36.920    0.9    0.9 0
1 53 1988  9 15.92013 562 99 114 3 1 1 1 3  -91.005  -38.360    0.9    0.9 0
1 53 1988  9 15.92013 562 99 114 3 1 1 1 3  -91.000  -38.360    0.9    0.9 0
1 53 1988  9 16.86505 562 99 114 3 1 1 1 3    0.690   24.010    0.9    0.9 0
1 53 1988  9 16.86505 562 99 114 3 1 1 1 3    0.690   24.010    0.9    0.9 0
1 53 1988  9 16.86673 562 99 114 3 1 1 1 3    1.030   24.010    0.9    0.9 0
1 53 1988  9 16.86673 562 99 114 3 1 1 1 3    1.035   24.010    0.9    0.9 0
1 53 1988  9 16.86836 562 99 114 3 1 1 1 3    0.825   23.910    0.9    0.9 0
1 53 1988  9 16.86836 562 99 114 3 1 1 1 3    0.820   23.910    0.9    0.9 0
1 53 1988  9 16.88461 562 99 114 3 1 1 1 3   -9.900   21.710    0.9    0.9 0
1 53 1988  9 16.88461 562 99 114 3 1 1 1 3   -9.896   21.710    0.9    0.9 0
1 53 1988  9 17.03598 562 99 114 3 1 1 1 3   -8.622   31.900    0.9    0.9 0
1 53 1988  9 17.03598 562 99 114 3 1 1 1 3   -8.620   31.900    0.9    0.9 0
1 53 1988  9 17.04263 562 99 114 3 1 1 1 3  -13.615   29.400    0.9    0.9 0
1 53 1988  9 17.04263 562 99 114 3 1 1 1 3  -13.610   29.400    0.9    0.9 0
1 53 1988  9 17.81920 562 99 188 2 1 1 1 4   68.615   21.336    0.5    0.5 0
1 53 1988  9 17.81920 562 99 188 1 1 1 1 4   25.909   17.600    0.5    0.5 0
1 53 1988  9 17.82341 562 99 188 2 1 1 1 4   69.335   22.145    0.5    0.5 0
1 53 1988  9 17.82341 562 99 188 1 1 1 1 4   25.024   17.990    0.5    0.5 0
1 53 1988  9 17.84030 562 99 188 1 1 1 1 4   19.312   18.725    0.5    0.5 0
1 53 1988  9 17.84030 562 99 188 2 1 1 1 4   71.122   25.484    0.5    0.5 0
1 53 1988  9 17.84830 562 99 188 2 1 1 1 4   71.588   26.933    0.5    0.5 0
1 53 1988  9 17.84830 562 99 188 1 1 1 1 4   15.578   18.178    0.5    0.5 0
1 53 1988  9 17.94000 562 99 188 3 1 1 1 4   99.678   49.280    0.7    0.7 0
1 53 1988  9 17.96060 562 99 114 3 1 1 1 3   96.337   58.810    0.9    0.9 0
1 53 1988  9 17.96060 562 99 114 3 1 1 1 3   96.340   58.810    0.9    0.9 0
1 53 1988  9 17.97590 562 99 114 3 1 1 1 3   95.257   61.420    0.9    0.9 0
1 53 1988  9 17.97590 562 99 114 3 1 1 1 3   95.260   61.420    0.9    0.9 0
1 53 1988  9 17.98241 562 99 188 1 1 1 1 4  -26.839  -18.209    0.5    0.5 0
1 53 1988  9 17.98241 562 99 188 2 1 1 1 4   64.914   44.589    0.5    0.5 0
1 53 1988  9 17.98426 562 99 114 3 1 1 1 3   91.584   64.040    0.9    0.9 0
1 53 1988  9 17.98426 562 99 114 3 1 1 1 3   91.580   64.040    0.9    0.9 0
1 53 1988  9 18.75815 562 99 188 3 1 1 1 4  -54.913  -56.010    0.7    0.7 0
1 53 1988  9 18.76014 562 99 188 3 1 1 1 4  -54.868  -56.050    0.7    0.7 0
1 53 1988  9 18.93241 562 99 188 1 1 1 1 4  -28.336  -17.238    0.5    0.5 0
1 53 1988  9 18.93241 562 99 188 2 1 1 1 4   34.581  -12.196    0.5    0.5 0
1 53 1988  9 18.96989 562 99 188 2 1 1 1 4   45.847   -3.485    0.5    0.5 0
1 53 1988  9 18.96989 562 99 188 1 1 1 1 4  -15.217  -17.818    0.5    0.5 0
1 53 1988  9 19.74273 562 99 188 1 1 1 1 4   23.343   18.363    0.5    0.5 0
1 53 1988  9 19.74273 562 99 188 2 1 1 1 4  -72.842  -27.586    0.5    0.5 0
1 53 1988  9 19.74460 562 99 188 2 1 1 1 4  -73.007  -28.036    0.5    0.5 0
1 53 1988  9 19.74460 562 99 188 1 1 1 1 4   22.608   18.313    0.5    0.5 0
1 53 1988  9 19.75010 562 99 188 1 1 1 1 4   20.809   18.504    0.5    0.5 0
1 53 1988  9 19.75010 562 99 188 2 1 1 1 4  -73.202  -28.745    0.5    0.5 0
1 53 1988  9 19.75183 562 99 188 1 1 1 1 4   19.970   18.635    0.5    0.5 0
1 53 1988  9 19.75183 562 99 188 2 1 1 1 4  -73.352  -29.025    0.5    0.5 0
1 53 1988  9 19.80423 562 99 188 2 1 1 1 4  -72.576  -37.260    1.2    1.2 0
1 53 1988  9 19.80948 562 99 188 2 1 1 1 4  -72.306  -38.010    1.2    1.2 0
1 53 1988  9 19.81038 562 99 188 2 1 1 1 4  -72.096  -38.490    1.2    1.2 0
1 53 1988  9 19.81116 562 99 188 2 1 1 1 4  -72.246  -38.580    1.2    1.2 0
1 53 1988  9 19.85739 562 99 188 1 1 1 1 4  -28.809   -9.768    0.5    0.5 0
1 53 1988  9 19.87965 562 99 188 1 1 1 1 4  -30.073  -16.018    0.5    0.5 0
1 53 1988  9 19.87965 562 99 188 2 1 1 1 4  -65.178  -44.942    0.5    0.5 0
1 53 1988  9 19.88594 562 99 188 1 1 1 1 4  -28.439  -16.759    0.5    0.5 0
1 53 1988  9 19.88594 562 99 188 2 1 1 1 4  -63.184  -45.173    0.5    0.5 0
1 53 1988  9 19.88927 562 99 188 3 1 1 1 4  -34.698  -28.310    0.7    0.7 0
1 53 1988  9 19.89043 562 99 188 1 1 1 1 4  -27.096  -17.870    1.2    1.2 0
1 53 1988  9 19.89043 562 99 188 2 1 1 1 4  -61.734  -45.550    1.2    1.2 0
1 53 1988  9 19.89043 562 99 188 3 1 1 1 4  -34.638  -27.680    0.7    0.7 0
1 53 1988  9 19.89175 562 99 188 1 1 1 1 4  -26.871  -17.690    1.2    1.2 0
1 53 1988  9 19.89175 562 99 188 3 1 1 1 4  -34.773  -27.830    0.7    0.7 0
1 53 1988  9 19.89175 562 99 188 2 1 1 1 4  -61.644  -45.520    1.2    1.2 0
1 53 1988  9 19.89603 562 99 188 3 1 1 1 4  -34.788  -27.530    0.7    0.7 0
1 53 1988  9 19.89687 562 99 188 3 1 1 1 4  -34.518  -27.220    0.7    0.7 0
1 53 1988  9 19.90062 562 99 188 2 1 1 1 4  -60.755  -45.835    0.5    0.5 0
1 53 1988  9 19.90062 562 99 188 1 1 1 1 4  -25.801  -18.541    0.5    0.5 0
1 53 1988  9 19.90097 562 99 188 3 1 1 1 4  -35.013  -27.220    0.7    0.7 0
1 53 1988  9 19.90731 562 99 188 1 1 1 1 4  -23.418  -18.933    0.5    0.5 0
1 53 1988  9 19.90731 562 99 188 2 1 1 1 4  -59.346  -46.046    0.5    0.5 0
1 53 1988  9 19.91341 562 99 188 2 1 1 1 4  -57.877  -46.307    0.5    0.5 0
1 53 1988  9 19.91341 562 99 188 1 1 1 1 4  -21.034  -19.234    0.5    0.5 0
1 53 1988  9 19.91972 562 99 188 1 1 1 1 4  -18.425  -18.916    0.5    0.5 0
1 53 1988  9 19.91972 562 99 188 2 1 1 1 4  -56.543  -46.498    0.5    0.5 0
1 53 1988  9 19.92604 562 99 188 2 1 1 1 4  -54.983  -46.439    0.5    0.5 0
1 53 1988  9 19.92604 562 99 188 1 1 1 1 4  -15.366  -18.139    0.5    0.5 0
1 53 1988  9 20.21444 562 99 820 2 1 1 1 4   41.240   -8.500    1.8    1.8 0
1 53 1988  9 20.21444 562 99 820 3 1 1 1 4   68.480   10.120    0.5    0.5 0
1 53 1988  9 20.21866 562 99 820 2 1 1 1 4   42.270   -7.160    1.8    1.8 0
1 53 1988  9 20.21866 562 99 820 3 1 1 1 4   68.450   11.340    0.5    0.5 0
1 53 1988  9 20.22296 562 99 820 3 1 1 1 4   68.510   12.790    0.5    0.5 0
1 53 1988  9 20.22296 562 99 820 2 1 1 1 4   43.740   -6.890    1.8    1.8 0
1 53 1988  9 20.22630 562 99 820 2 1 1 1 4   44.680   -6.410    1.8    1.8 0
1 53 1988  9 20.22630 562 99 820 3 1 1 1 4   68.200   13.410    0.5    0.5 0
1 53 1988  9 21.77601 562 99 114 2 1 1 1 4   65.900  -12.730    1.0    1.0 0
1 53 1988  9 21.82167 562 99 114 2 1 1 1 4   53.660   46.960    1.0    1.0 0
1 53 1988  9 22.81129 562 99 114 2 1 1 1 4   60.260    9.200    1.0    1.0 0
1 53 1988  9 22.81963 562 99 114 2 1 1 1 4   62.150   10.460    1.0    1.0 0
1 53 1988  9 22.86442 562 99 114 2 1 1 1 4   69.810   20.060    1.0    1.0 0
1 53 1988  9 22.90193 562 99 114 2 1 1 1 4   72.600   28.060    1.0    1.0 0
1 53 1988  9 22.90504 562 99 114 2 1 1 1 4   71.700   29.600    1.0    1.0 0
1 53 1988  9 22.91164 562 99 114 2 1 1 1 4   72.510   28.800    1.0    1.0 0
1 53 1988  9 22.91338 562 99 114 2 1 1 1 4   72.840   30.120    1.0    1.0 0
1 53 1988  9 22.91651 562 99 114 2 1 1 1 4   73.980   30.560    1.0    1.0 0
1 53 1988  9 23.71497 562 99 188 3 1 1 1 4  -24.228  -28.970    0.7    0.7 0
1 53 1988  9 23.71658 562 99 188 1 1 1 1 4  -27.002  -18.200    1.2    1.2 0
1 53 1988  9 23.71658 562 99 188 2 1 1 1 4  -52.565  -46.360    1.2    1.2 0
1 53 1988  9 23.71658 562 99 188 3 1 1 1 4  -25.563  -28.160    0.7    0.7 0
1 53 1988  9 23.71762 562 99 188 2 1 1 1 4  -52.850  -45.150    1.2    1.2 0
1 53 1988  9 23.71762 562 99 188 3 1 1 1 4  -25.443  -29.110    0.7    0.7 0
1 53 1988  9 23.71762 562 99 188 1 1 1 1 4  -27.407  -16.040    1.2    1.2 0
1 53 1988  9 23.86893 562 99 188 1 1 1 1 4   28.891   16.190    1.2    1.2 0
1 53 1988  9 23.87020 562 99 188 1 1 1 1 4   28.711   16.190    1.2    1.2 0
1 53 1988  9 23.87586 562 99 188 1 1 1 1 4   27.167   16.250    1.2    1.2 0
1 53 1988  9 23.87667 562 99 188 1 1 1 1 4   27.677   17.050    1.2    1.2 0
1 53 1988  9 23.87771 562 99 188 1 1 1 1 4   27.197   17.930    1.2    1.2 0
1 53 1988  9 24.98367 562 99 188 3 1 1 1 4  -21.424  -29.880    0.7    0.7 0
1 53 1988  9 24.98794 562 99 188 3 1 1 1 4  -22.758  -28.900    0.7    0.7 0
1 53 1988  9 27.83765 562 99 188 1 1 1 1 4  -28.947  -11.670    1.2    1.2 0
1 53 1988  9 27.83765 562 99 188 2 1 1 1 4   57.803    3.730    1.2    1.2 0
1 53 1988  9 27.83765 562 99 188 3 1 1 1 4   86.750   15.400    0.7    0.7 0
1 53 1988  9 27.84855 562 99 188 1 1 1 1 4  -28.632  -14.980    1.2    1.2 0
1 53 1988  9 27.84855 562 99 188 3 1 1 1 4   88.819   21.120    0.7    0.7 0
1 53 1988  9 27.84855 562 99 188 2 1 1 1 4   60.187    6.140    1.2    1.2 0
1 53 1988  9 27.85554 562 99 188 1 1 1 1 4  -28.287  -15.760    1.2    1.2 0
1 53 1988  9 27.85554 562 99 188 2 1 1 1 4   61.236    8.030    1.2    1.2 0
1 53 1988  9 27.85554 562 99 188 3 1 1 1 4   89.524   23.790    0.7    0.7 0
1 53 1988  9 27.86237 562 99 188 2 1 1 1 4   60.967    9.680    1.2    1.2 0
1 53 1988  9 27.86237 562 99 188 1 1 1 1 4  -28.977  -17.330    1.2    1.2 0
1 53 1988  9 27.86237 562 99 188 3 1 1 1 4   89.943   27.010    0.7    0.7 0
1 53 1988  9 27.86431 562 99 188 2 1 1 1 4   60.922    9.940    1.2    1.2 0
1 53 1988  9 27.86431 562 99 188 3 1 1 1 4   89.494   27.260    0.7    0.7 0
1 53 1988  9 27.86431 562 99 188 1 1 1 1 4  -28.572  -17.320    1.2    1.2 0
1 53 1988  9 27.86792 562 99 188 3 1 1 1 4   89.628   28.440    0.7    0.7 0
1 53 1988  9 27.86792 562 99 188 2 1 1 1 4   62.570   10.300    1.2    1.2 0
1 53 1988  9 27.86792 562 99 188 1 1 1 1 4  -27.058  -18.140    1.2    1.2 0
1 53 1988  9 28.80535 562 99 114 2 1 1 1 4  -41.640  -44.560    1.0    1.0 0
1 53 1988  9 28.80559 562 99 114 2 1 1 1 4  -40.110  -44.340    1.0    1.0 0
1 53 1988  9 28.80604 562 99 188 3 1 1 1 4  -10.898  -30.270    0.7    0.7 0
1 53 1988  9 28.82666 562 99 114 2 1 1 1 4  -35.120  -43.530    1.0    1.0 0
1 53 1988  9 28.83390 562 99 114 1 1 1 1 1  -23.372  -19.828    0.8    0.8 0
1 53 1988  9 28.84003 562 99 114 1 1 1 1 1  -20.992  -18.815    0.8    0.8 0
1 53 1988  9 28.84165 562 99 114 1 1 1 1 1  -20.628  -19.008    0.8    0.8 0
1 53 1988  9 28.84652 562 99 114 1 1 1 1 1  -19.160  -18.980    0.8    0.8 0
1 53 1988  9 28.84733 562 99 114 1 1 1 1 1  -17.465  -19.234    0.8    0.8 0
1 53 1988  9 28.97562 562 99  94 1 1 1 1 1   28.360   16.150    1.1    1.1 0
1 53 1988  9 28.98484 562 99  94 1 1 1 1 1   25.350   18.950    1.1    1.1 0
1 53 1988  9 29.76994 562 99 114 1 1 1 1 1  -28.908  -15.624    0.8    0.8 0
1 53 1988  9 29.77326 562 99 114 2 1 1 1 4  -64.980  -14.400    1.0    1.0 0
1 53 1988  9 29.79190 562 99 114 2 1 1 1 4  -68.350  -16.900    1.0    1.0 0
1 53 1988  9 29.79449 562 99 114 2 1 1 1 4  -68.910  -16.980    1.0    1.0 0
1 53 1988  9 29.83054 562 99 114 2 1 1 1 4  -72.340  -24.600    1.0    1.0 0
1 53 1988  9 29.83296 562 99 114 2 1 1 1 4  -73.250  -25.590    1.0    1.0 0
1 53 1988  9 29.92219 562 99 114 1 1 1 1 1  -28.416  -15.230    0.8    0.8 0
1 53 1988  9 29.92844 562 99 114 1 1 1 1 1  -28.257  -16.177    0.8    0.8 0
1 53 1988  9 29.92882 562 99  94 1 1 1 1 1   27.910   16.360    1.1    1.1 0
1 53 1988  9 30.72229 562 99 188 2 1 1 1 4   33.665   43.060    1.2    1.2 0
1 53 1988  9 30.72229 562 99 188 1 1 1 1 4  -28.284  -14.410    1.2    1.2 0
1 53 1988  9 30.72229 562 99 188 3 1 1 1 4   61.950   57.470    0.7    0.7 0
1 53 1988  9 30.72365 562 99 188 1 1 1 1 4  -28.988  -14.350    1.2    1.2 0
1 53 1988  9 30.72365 562 99 188 2 1 1 1 4   33.380   43.370    1.2    1.2 0
1 53 1988  9 30.72365 562 99 188 3 1 1 1 4   62.369   57.720    0.7    0.7 0
1 53 1988  9 30.72703 562 99 188 3 1 1 1 4   59.491   58.060    0.7    0.7 0
1 53 1988  9 30.72703 562 99 188 1 1 1 1 4  -28.134  -15.020    1.2    1.2 0
1 53 1988  9 30.72703 562 99 188 2 1 1 1 4   31.357   43.040    1.2    1.2 0
1 53 1988  9 30.72888 562 99 188 1 1 1 1 4  -26.680  -16.050    1.2    1.2 0
1 53 1988  9 30.72888 562 99 188 2 1 1 1 4   31.072   43.560    1.2    1.2 0
1 53 1988  9 30.72888 562 99 188 3 1 1 1 4   57.753   59.610    0.7    0.7 0
1 53 1988  9 30.73367 562 99 188 1 1 1 1 4  -27.190  -16.970    1.2    1.2 0
1 53 1988  9 30.73367 562 99 188 2 1 1 1 4   29.813   42.370    1.2    1.2 0
1 53 1988  9 30.73367 562 99 188 3 1 1 1 4   57.003   59.340    0.7    0.7 0
1 53 1988  9 30.73523 562 99 188 1 1 1 1 4  -25.091  -17.390    1.2    1.2 0
1 53 1988  9 30.73523 562 99 188 2 1 1 1 4   30.083   42.490    1.2    1.2 0
1 53 1988  9 30.73523 562 99 188 3 1 1 1 4   55.174   59.880    0.7    0.7 0
1 53 1988  9 30.88843 562 99 188 1 1 1 1 4   26.665   16.450    1.2    1.2 0
1 53 1988  9 30.89141 562 99 188 1 1 1 1 4   27.624   16.580    1.2    1.2 0
1 53 1988  9 30.89407 562 99 188 1 1 1 1 4   27.804   16.580    1.2    1.2 0
1 53 1988 10  1.85215 562 99 188 1 1 1 1 4   26.964   17.410    1.2    1.2 0
1 53 1988 10  1.85215 562 99 188 2 1 1 1 4   67.058   42.620    1.2    1.2 0
1 53 1988 10  1.85215 562 99 188 3 1 1 1 4   40.094   25.210    0.7    0.7 0
1 53 1988 10  1.85571 562 99 188 2 1 1 1 4   66.608   42.030    1.2    1.2 0
1 53 1988 10  1.85571 562 99 188 3 1 1 1 4   40.603   25.360    0.7    0.7 0
1 53 1988 10  1.85571 562 99 188 1 1 1 1 4   26.005   16.670    1.2    1.2 0
1 53 1988 10  1.85978 562 99 188 1 1 1 1 4   24.985   17.910    1.2    1.2 0
1 53 1988 10  1.85978 562 99 188 2 1 1 1 4   66.188   43.070    1.2    1.2 0
1 53 1988 10  1.85978 562 99 188 3 1 1 1 4   41.203   25.160    0.7    0.7 0
1 53 1988 10  2.67573 562 99 188 1 1 1 1 4  -17.851  -17.870    1.2    1.2 0
1 53 1988 10  2.67694 562 99 188 1 1 1 1 4  -20.384  -17.390    1.2    1.2 0
1 53 1988 10  2.67798 562 99 188 1 1 1 1 4  -22.242  -17.060    1.2    1.2 0
1 53 1988 10  2.93294 562 99 114 2 1 1 1 4   70.190   17.180    1.0    1.0 0
1 53 1988 10  2.93754 562 99 114 2 1 1 1 4   65.960   15.240    1.0    1.0 0
1 53 1988 10  3.77403 562 99 114 2 1 1 1 4  -59.920  -43.640    1.0    1.0 0
1 53 1988 10  3.77783 562 99 114 2 1 1 1 4  -57.030  -45.400    1.0    1.0 0
1 53 1988 10  4.69763 562 99 188 1 1 1 1 4   27.396   11.440    1.2    1.2 0
1 53 1988 10  4.69763 562 99 188 2 1 1 1 4  -35.669   13.620    1.2    1.2 0
1 53 1988 10  4.69763 562 99 188 3 1 1 1 4  -63.065    2.180    0.7    0.7 0
1 53 1988 10  4.70128 562 99 188 3 1 1 1 4  -64.818    0.660    0.7    0.7 0
1 53 1988 10  4.70128 562 99 188 2 1 1 1 4  -36.118   13.760    1.2    1.2 0
1 53 1988 10  4.70128 562 99 188 1 1 1 1 4   28.700   13.100    1.2    1.2 0
1 53 1988 10  4.70536 562 99 188 1 1 1 1 4   27.591   13.790    1.2    1.2 0
1 53 1988 10  4.70536 562 99 188 2 1 1 1 4  -37.722   11.900    1.2    1.2 0
1 53 1988 10  4.70536 562 99 188 3 1 1 1 4  -65.313   -1.890    0.7    0.7 0
1 53 1988 10  4.71205 562 99 188 3 1 1 1 4  -66.272   -3.660    0.7    0.7 0
1 53 1988 10  4.71444 562 99 188 3 1 1 1 4  -66.587   -5.380    0.7    0.7 0
1 53 1988 10  4.71444 562 99 188 1 1 1 1 4   26.002   15.830    1.2    1.2 0
1 53 1988 10  4.71647 562 99 188 1 1 1 1 4   25.642   16.170    1.2    1.2 0
1 53 1988 10  4.72784 562 99 188 2 1 1 1 4  -43.434    7.767    0.5    0.5 0
1 53 1988 10  4.73489 562 99 188 2 1 1 1 4  -45.727    6.118    0.5    0.5 0
1 53 1988 10  4.87104 562 99 188 3 1 1 1 4  -42.637   -7.360    0.7    0.7 0
1 53 1988 10  4.87207 562 99 188 3 1 1 1 4  -42.622   -6.920    0.7    0.7 0
1 53 1988 10  4.87207 562 99 188 1 1 1 1 4  -26.242  -16.480    1.2    1.2 0
1 53 1988 10  4.87207 562 99 188 2 1 1 1 4  -68.864  -23.400    1.2    1.2 0
1 53 1988 10  4.87466 562 99 188 3 1 1 1 4  -43.521   -7.590    0.7    0.7 0
1 53 1988 10  4.87466 562 99 188 2 1 1 1 4  -69.538  -23.130    1.2    1.2 0
1 53 1988 10  4.87466 562 99 188 1 1 1 1 4  -26.017  -15.540    1.2    1.2 0
1 53 1988 10  4.87768 562 99 188 3 1 1 1 4  -43.701   -7.180    0.7    0.7 0
1 53 1988 10  4.87768 562 99 188 1 1 1 1 4  -25.762  -16.630    1.2    1.2 0
1 53 1988 10  4.87768 562 99 188 2 1 1 1 4  -69.464  -23.810    1.2    1.2 0
1 53 1988 10  4.87852 562 99 188 1 1 1 1 4  -25.492  -16.700    1.2    1.2 0
1 53 1988 10  4.87852 562 99 188 2 1 1 1 4  -69.449  -23.870    1.2    1.2 0
1 53 1988 10  4.87852 562 99 188 3 1 1 1 4  -43.956   -7.170    0.7    0.7 0
1 53 1988 10  4.87933 562 99 188 1 1 1 1 4  -25.073  -17.340    1.2    1.2 0
1 53 1988 10  4.87933 562 99 188 2 1 1 1 4  -69.973  -24.240    1.2    1.2 0
1 53 1988 10  4.87933 562 99 188 3 1 1 1 4  -44.900   -6.900    0.7    0.7 0
1 53 1988 10  4.88412 562 99 188 2 1 1 1 4  -70.303  -24.310    1.2    1.2 0
1 53 1988 10  4.88412 562 99 188 1 1 1 1 4  -23.469  -16.650    1.2    1.2 0
1 53 1988 10  4.88412 562 99 188 3 1 1 1 4  -46.833   -7.660    0.7    0.7 0
1 53 1988 10  4.88522 562 99 188 2 1 1 1 4  -70.483  -24.290    1.2    1.2 0
1 53 1988 10  4.88522 562 99 188 1 1 1 1 4  -24.698  -16.520    1.2    1.2 0
1 53 1988 10  4.88522 562 99 188 3 1 1 1 4  -45.784   -7.770    0.7    0.7 0
1 53 1988 10  4.88632 562 99 188 2 1 1 1 4  -70.108  -24.620    1.2    1.2 0
1 53 1988 10  4.88632 562 99 188 3 1 1 1 4  -46.414   -7.370    0.7    0.7 0
1 53 1988 10  4.88632 562 99 188 1 1 1 1 4  -23.694  -17.250    1.2    1.2 0
1 53 1988 10  5.67063 562 99 188 2 1 1 1 4   58.600   43.499    0.5    0.5 0
1 53 1988 10  5.67063 562 99 188 1 1 1 1 4   27.110   16.020    0.5    0.5 0
1 53 1988 10  5.67719 562 99 188 2 1 1 1 4   57.057   43.899    0.5    0.5 0
1 53 1988 10  5.67719 562 99 188 1 1 1 1 4   25.777   17.041    0.5    0.5 0
1 53 1988 10  5.68320 562 99 188 2 1 1 1 4   55.543   43.850    0.5    0.5 0
1 53 1988 10  5.68320 562 99 188 1 1 1 1 4   23.725   17.451    0.5    0.5 0
1 53 1988 10  5.68970 562 99 188 1 1 1 1 4   21.687   18.022    0.5    0.5 0
1 53 1988 10  5.68970 562 99 188 2 1 1 1 4   54.225   44.180    0.5    0.5 0
1 53 1988 10  5.79716 562 99 188 1 1 1 1 4  -27.557   -7.480    0.5    0.5 0
1 53 1988 10  5.79716 562 99 188 2 1 1 1 4   22.009   40.042    0.5    0.5 0
1 53 1988 10  5.80342 562 99 188 2 1 1 1 4   19.882   39.423    0.5    0.5 0
1 53 1988 10  5.80342 562 99 188 1 1 1 1 4  -28.516   -9.430    0.5    0.5 0
1 53 1988 10  5.81002 562 99 188 1 1 1 1 4  -28.936  -11.440    0.5    0.5 0
1 53 1988 10  5.81002 562 99 188 2 1 1 1 4   17.799   38.784    0.5    0.5 0
1 53 1988 10  5.81539 562 99 188 2 1 1 1 4   15.761   38.304    0.5    0.5 0
1 53 1988 10  5.81539 562 99 188 1 1 1 1 4  -29.102  -12.720    0.5    0.5 0
1 53 1988 10  5.82204 562 99 188 1 1 1 1 4  -28.473  -14.210    0.5    0.5 0
1 53 1988 10  5.82204 562 99 188 2 1 1 1 4   13.408   37.425    0.5    0.5 0
1 53 1988 10  5.82812 562 99 188 1 1 1 1 4  -27.874  -15.290    0.5    0.5 0
1 53 1988 10  5.82812 562 99 188 2 1 1 1 4   11.295   36.726    0.5    0.5 0
1 53 1988 10  7.73531 562 99 188 1 1 1 1 4  -29.956  -13.690    1.2    1.2 0
1 53 1988 10  7.73616 562 99 188 1 1 1 1 4  -29.237  -14.030    1.2    1.2 0
1 53 1988 10  7.74218 562 99 188 1 1 1 1 4  -28.188  -15.440    1.2    1.2 0
1 53 1988 10  7.74410 562 99 188 1 1 1 1 4  -27.453  -15.250    1.2    1.2 0
1 53 1988 10  7.74733 562 99 188 1 1 1 1 4  -27.588  -16.220    1.2    1.2 0
1 53 1988 10  7.74817 562 99 188 1 1 1 1 4  -27.424  -15.750    1.2    1.2 0
1 53 1988 10  7.74888 562 99 188 1 1 1 1 4  -28.203  -16.090    1.2    1.2 0
1 53 1988 10  7.75202 562 99 188 1 1 1 1 4  -25.880  -18.190    1.2    1.2 0
1 53 1988 10  7.75345 562 99 188 1 1 1 1 4  -25.071  -16.810    1.2    1.2 0
1 53 1988 10  7.75470 562 99 188 1 1 1 1 4  -25.416  -16.620    1.2    1.2 0
1 53 1988 10  7.88783 562 99 188 3 1 1 1 4   17.278  -19.120    0.7    0.7 0
1 53 1988 10  7.88792 562 99 188 3 1 1 1 4   17.278  -19.120    0.7    0.7 0
1 53 1988 10  7.89178 562 99 188 3 1 1 1 4   17.503  -19.230    0.7    0.7 0
1 53 1988 10  7.89187 562 99 188 3 1 1 1 4   17.503  -19.230    0.7    0.7 0
1 53 1988 10  7.89650 562 99 188 3 1 1 1 4   19.871  -18.110    0.7    0.7 0
1 53 1988 10  7.89656 562 99 188 3 1 1 1 4   19.871  -18.110    0.7    0.7 0
1 53 1988 10  7.90149 562 99 188 3 1 1 1 4   21.414  -18.600    0.7    0.7 0
1 53 1988 10  7.90279 562 99 188 3 1 1 1 4   23.572  -18.760    0.7    0.7 0
1 53 1988 10  7.90409 562 99 188 3 1 1 1 4   22.478  -18.650    0.7    0.7 0
1 53 1988 10  7.90807 562 99 188 3 1 1 1 4   24.801  -17.740    0.7    0.7 0
1 53 1988 10  7.90914 562 99 188 3 1 1 1 4   25.640  -18.090    0.7    0.7 0
1 53 1988 10  7.91013 562 99 188 3 1 1 1 4   25.400  -18.630    0.7    0.7 0
1 53 1988 10  8.69187 562 99 188 2 1 1 1 4  -71.232  -28.359    0.5    0.5 0
1 53 1988 10  8.70127 562 99 188 3 1 1 1 4  -43.127  -13.320    0.7    0.7 0
1 53 1988 10  8.70254 562 99 188 3 1 1 1 4  -43.817  -13.400    0.7    0.7 0
1 53 1988 10  8.70464 562 99 188 1 1 1 1 4  -26.133  -16.172    0.5    0.5 0
1 53 1988 10  8.70464 562 99 188 2 1 1 1 4  -70.918  -30.169    0.5    0.5 0
1 53 1988 10  8.70867 562 99 188 3 1 1 1 4  -45.899  -13.520    0.7    0.7 0
1 53 1988 10  8.70951 562 99 188 3 1 1 1 4  -46.064  -14.150    0.7    0.7 0
1 53 1988 10  8.71090 562 99 188 2 1 1 1 4  -70.963  -31.199    0.5    0.5 0
1 53 1988 10  8.71090 562 99 188 1 1 1 1 4  -24.560  -17.013    0.5    0.5 0
1 53 1988 10  8.71647 562 99 188 2 1 1 1 4  -70.783  -31.749    0.5    0.5 0
1 53 1988 10  8.71647 562 99 188 1 1 1 1 4  -22.748  -17.343    0.5    0.5 0
1 53 1988 10  8.84605 562 99 188 3 1 1 1 4  -80.260  -55.520    0.7    0.7 0
1 53 1988 10  8.84743 562 99 188 3 1 1 1 4  -80.050  -55.080    0.7    0.7 0
1 53 1988 10  8.84954 562 99 188 3 1 1 1 4  -79.061  -56.300    0.7    0.7 0
1 53 1988 10  8.85396 562 99 188 3 1 1 1 4  -78.492  -57.600    0.7    0.7 0
1 53 1988 10  8.85489 562 99 188 3 1 1 1 4  -77.682  -57.690    0.7    0.7 0
1 53 1988 10  8.85671 562 99 188 3 1 1 1 4  -77.458  -57.760    0.7    0.7 0
1 53 1988 10  8.85811 562 99 188 2 1 1 1 4  -49.438  -43.156    0.5    0.5 0
1 53 1988 10  8.85811 562 99 188 1 1 1 1 4   26.582   14.932    0.5    0.5 0
1 53 1988 10  8.86108 562 99 188 2 1 1 1 4  -48.643  -43.236    0.5    0.5 0
1 53 1988 10  8.86108 562 99 188 1 1 1 1 4   25.938   15.412    0.5    0.5 0
1 53 1988 10  8.86130 562 99 188 3 1 1 1 4  -74.940  -58.120    0.7    0.7 0
1 53 1988 10  8.86217 562 99 188 3 1 1 1 4  -74.805  -58.890    0.7    0.7 0
1 53 1988 10  8.86296 562 99 188 3 1 1 1 4  -74.356  -59.100    0.7    0.7 0
1 53 1988 10  8.86426 562 99 188 1 1 1 1 4   25.114   15.933    0.5    0.5 0
1 53 1988 10  8.86426 562 99 188 2 1 1 1 4  -48.014  -43.136    0.5    0.5 0
1 53 1988 10  8.86730 562 99 188 2 1 1 1 4  -47.040  -43.246    0.5    0.5 0
1 53 1988 10  8.86730 562 99 188 1 1 1 1 4   24.620   16.363    0.5    0.5 0
1 53 1988 10  8.87175 562 99 188 2 1 1 1 4  -45.752  -43.127    0.5    0.5 0
1 53 1988 10  8.87175 562 99 188 1 1 1 1 4   23.377   16.983    0.5    0.5 0
1 53 1988 10  9.67604 562 99 193 3 1 1 1 4   87.063   53.600    0.6    0.6 0
1 53 1988 10  9.8A 53 562 99 114 3 1 1 1 3  -80.210  -18.320    0.9    0.9 0
1 53 1988 10  9.80259 562 99 114 3 1 1 1 3  -78.260  -10.110    0.9    0.9 0
1 53 1988 10  9.80819 562 99 114 3 1 1 1 3  -78.570  -12.250    0.9    0.9 0
1 53 1988 10  9.81569 562 99 114 3 1 1 1 3  -79.490  -15.820    0.9    0.9 0
1 53 1988 10  9.96577 562 99 114 3 1 1 1 3  -42.330  -17.190    0.9    0.9 0
1 53 1988 10  9.97333 562 99 114 3 1 1 1 3  -43.560  -14.620    0.9    0.9 0
1 53 1988 10 10.76026 562 99 188 3 1 1 1 4   18.162   30.740    0.7    0.7 0
1 53 1988 10 10.76572 562 99 114 3 1 1 1 3   17.780   29.230    0.9    0.9 0
1 53 1988 10 10.76968 562 99 188 3 1 1 1 4   17.457   28.430    0.7    0.7 0
1 53 1988 10 10.77151 562 99 114 3 1 1 1 3   16.890   28.280    0.9    0.9 0
1 53 1988 10 10.77759 562 99 114 3 1 1 1 3   16.460   26.500    0.9    0.9 0
1 53 1988 10 11.71331 562 99 188 3 1 1 1 4   25.579   -8.940    0.7    0.7 0
1 53 1988 10 11.71530 562 99 188 3 1 1 1 4   26.957  -10.070    0.7    0.7 0
1 53 1988 10 11.72327 562 99 188 3 1 1 1 4   30.254   -9.550    0.7    0.7 0
1 53 1988 10 11.72434 562 99 188 3 1 1 1 4   29.864   -9.450    0.7    0.7 0
1 53 1988 10 11.72530 562 99 188 3 1 1 1 4   29.594  -10.190    0.7    0.7 0
1 53 1988 10 11.82170 562 99 114 2 1 1 1 4   68.750   24.490    1.0    1.0 0
1 53 1988 10 11.82650 562 99 114 2 1 1 1 4   68.330   24.500    1.0    1.0 0
1 53 1988 10 12.67497 562 99 188 3 1 1 1 4  -67.669  -53.950    0.7    0.7 0
1 53 1988 10 12.67638 562 99 188 3 1 1 1 4  -66.635  -54.260    0.7    0.7 0
1 53 1988 10 12.67753 562 99 188 3 1 1 1 4  -66.710  -54.360    0.7    0.7 0
1 53 1988 10 12.68169 562 99 188 3 1 1 1 4  -64.552  -55.480    0.7    0.7 0
1 53 1988 10 12.68259 562 99 188 3 1 1 1 4  -64.792  -55.200    0.7    0.7 0
1 53 1988 10 12.68343 562 99 188 3 1 1 1 4  -64.028  -56.150    0.7    0.7 0
1 53 1988 10 13.63576 562 99 193 3 1 1 1 4  -86.010  -21.300    0.6    0.6 0
1 53 1988 10 14.74467 562 99 188 3 1 1 1 4  301.555  -60.650    0.7    0.7 0
1 53 1988 10 14.74550 562 99 188 3 1 1 1 4  -16.213   53.530    0.7    0.7 0
1 53 1988 10 14.74623 562 99 188 3 1 1 1 4  -14.610   54.230    0.7    0.7 0
1 53 1988 10 14.90661 562 99 188 3 1 1 1 4  -86.594  -20.470    0.7    0.7 0
1 53 1988 10 14.90756 562 99 188 3 1 1 1 4  -86.519  -21.370    0.7    0.7 0
1 53 1988 10 14.90840 562 99 188 3 1 1 1 4  -88.093  -21.410    0.7    0.7 0
1 53 1988 10 15.86492 562 99 114 2 1 1 1 3   27.650   39.580    0.9    0.9 0
1 53 1988 10 15.87325 562 99 114 3 1 1 1 3    0.440   25.770    0.9    0.9 0
1 53 1988 10 15.88076 562 99 114 3 1 1 1 3   -1.780   22.160    0.9    0.9 0
1 53 1988 10 15.88585 562 99 114 3 1 1 1 3   -1.050   23.320    0.9    0.9 0
1 53 1988 10 15.89259 562 99 114 3 1 1 1 3   -1.140   21.590    0.9    0.9 0
1 53 1988 10 16.81930 562 99 114 3 1 1 1 3   36.180    0.990    0.9    0.9 0
1 53 1988 10 16.82796 562 99 114 3 1 1 1 3   36.630    0.980    0.9    0.9 0
1 53 1988 10 16.83824 562 99 114 3 1 1 1 3   40.770    1.600    0.9    0.9 0
1 53 1988 10 16.84591 562 99 114 3 1 1 1 3   43.600    1.710    0.9    0.9 0
1 53 1988 10 16.85133 562 99 114 2 1 1 1 3   65.130   18.320    0.9    0.9 0
1 53 1988 10 16.99015 562 99 114 3 1 1 1 3   91.600   50.730    0.9    0.9 0
1 53 1988 10 17.77462 562 99 114 3 1 1 1 3  -48.960  -47.910    0.9    0.9 0
1 53 1988 10 17.78162 562 99 114 3 1 1 1 3  -46.530  -50.930    0.9    0.9 0
1 53 1988 10 17.78869 562 99 114 3 1 1 1 3  -37.460  -50.380    0.9    0.9 0
1 53 1988 10 18.10870 562 99 820 2 1 1 1 4   65.120   17.220    1.8    1.8 0
1 53 1988 10 18.10870 562 99 820 3 1 1 1 4   40.480    3.480    0.5    0.5 0
1 53 1988 10 18.11640 562 99 820 2 1 1 1 4   66.310   18.970    1.8    1.8 0
1 53 1988 10 18.11640 562 99 820 3 1 1 1 4   42.580    3.650    0.5    0.5 0
1 53 1988 10 18.11767 562 99 820 3 1 1 1 4   43.310    4.020    0.5    0.5 0
1 53 1988 10 18.11767 562 99 820 2 1 1 1 4   65.860   19.060    1.8    1.8 0
1 53 1988 10 18.12044 562 99 820 2 1 1 1 4   66.000   19.580    1.8    1.8 0
1 53 1988 10 18.12044 562 99 820 3 1 1 1 4   44.050    3.870    0.5    0.5 0
1 53 1988 10 18.12617 562 99 820 3 1 1 1 4   46.240    4.490    0.5    0.5 0
1 53 1988 10 18.12617 562 99 820 2 1 1 1 4   66.440   20.380    1.8    1.8 0
1 53 1988 10 18.12728 562 99 820 3 1 1 1 4   47.260    4.810    0.5    0.5 0
1 53 1988 10 18.12728 562 99 820 2 1 1 1 4   66.180   20.860    1.8    1.8 0
1 53 1988 10 18.19942 562 99 820 2 1 1 1 4   65.840   31.880    1.8    1.8 0
1 53 1988 10 18.20292 562 99 820 2 1 1 1 4   65.750   32.310    1.8    1.8 0
1 53 1988 10 18.20768 562 99 820 2 1 1 1 4   65.730   32.730    1.8    1.8 0
1 53 1988 10 18.21033 562 99 820 2 1 1 1 4   65.090   33.170    1.8    1.8 0
1 53 1988 10 22.05824 562 99 820 2 1 1 1 4   55.030   36.730    1.8    1.8 0
1 53 1988 10 22.06176 562 99 820 2 1 1 1 4   54.470   36.720    1.8    1.8 0
1 53 1988 11  1.61996 562 99 188 2 1 1 1 4  -55.479  -13.707    0.5    0.5 0
1 53 1988 11  1.61996 562 99 188 1 1 1 1 4  -21.287  -12.779    0.5    0.5 0
1 53 1988 11  1.62346 562 99 188 2 1 1 1 4  -56.214  -14.237    0.5    0.5 0
1 53 1988 11  1.62346 562 99 188 1 1 1 1 4  -20.732  -13.269    0.5    0.5 0
1 53 1988 11  1.63022 562 99 188 2 1 1 1 4  -56.334  -15.277    0.5    0.5 0
1 53 1988 11  1.63022 562 99 188 1 1 1 1 4  -19.248  -13.979    0.5    0.5 0
1 53 1988 11  1.63416 562 99 188 1 1 1 1 4  -18.004  -14.079    0.5    0.5 0
1 53 1988 11  1.63416 562 99 188 2 1 1 1 4  -56.828  -15.867    0.5    0.5 0
1 53 1988 11  1.76430 562 99 188 2 1 1 1 4  -51.913  -31.627    0.5    0.5 0
1 53 1988 11  1.76430 562 99 188 1 1 1 1 4   23.055    9.959    0.5    0.5 0
1 53 1988 11  1.77347 562 99 188 2 1 1 1 4  -50.774  -32.127    0.5    0.5 0
1 53 1988 11  1.77347 562 99 188 1 1 1 1 4   22.351   11.729    0.5    0.5 0
1 53 1988 11  1.77657 562 99 188 1 1 1 1 4   21.736   12.069    0.5    0.5 0
1 53 1988 11  1.77657 562 99 188 2 1 1 1 4  -50.294  -32.337    0.5    0.5 0
1 53 1988 11  1.78230 562 99 188 2 1 1 1 4  -49.454  -32.737    0.5    0.5 0
1 53 1988 11  1.78230 562 99 188 1 1 1 1 4   20.897   13.059    0.5    0.5 0
1 53 1988 11  1.78575 562 99 188 2 1 1 1 4  -48.975  -33.107    0.5    0.5 0
1 53 1988 11  1.78575 562 99 188 1 1 1 1 4   19.863   13.299    0.5    0.5 0
1 53 1988 11  1.78878 562 99 188 2 1 1 1 4  -48.525  -33.117    0.5    0.5 0
1 53 1988 11  1.78878 562 99 188 1 1 1 1 4   19.263   13.949    0.5    0.5 0
1 53 1988 11  1.79172 562 99 188 1 1 1 1 4   18.304   13.859    0.5    0.5 0
1 53 1988 11  1.79172 562 99 188 2 1 1 1 4  -48.150  -33.278    0.5    0.5 0
1 53 1988 11  1.79472 562 99 188 2 1 1 1 4  -47.416  -33.508    0.5    0.5 0
1 53 1988 11  1.79472 562 99 188 1 1 1 1 4   17.644   14.289    0.5    0.5 0
1 53 1988 11  3.67491 562 99 188 2 1 1 1 4   49.445   32.517    0.5    0.5 0
1 53 1988 11  3.67491 562 99 188 1 1 1 1 4   22.473    9.629    0.5    0.5 0
1 53 1988 11  3.68346 562 99 188 1 1 1 1 4   22.054   10.819    0.5    0.5 0
1 53 1988 11  3.68346 562 99 188 2 1 1 1 4   48.171   33.157    0.5    0.5 0
1 53 1988 11  3.69988 562 99 188 2 1 1 1 4   45.442   33.867    0.5    0.5 0
1 53 1988 11  3.69988 562 99 188 1 1 1 1 4   19.295   13.239    0.5    0.5 0
1 53 1988 11  3.70819 562 99 188 1 1 1 1 4   16.912   13.749    0.5    0.5 0
1 53 1988 11  3.70819 562 99 188 2 1 1 1 4   44.003   34.057    0.5    0.5 0
1 53 1988 11  4.17357 562 99 820 2 1 1 1 4  -55.890  -17.260    1.8    1.8 0
1 53 1988 11  4.17357 562 99 820 3 1 1 1 4  -35.530   -4.870    0.5    0.5 0
1 53 1988 11  4.19146 562 99 820 2 1 1 1 4  -55.140  -20.300    1.8    1.8 0
1 53 1988 11  4.19290 562 99 820 2 1 1 1 4  -55.950  -20.400    1.8    1.8 0
1 53 1988 11  4.19435 562 99 820 2 1 1 1 4  -55.250  -20.960    1.8    1.8 0
1 53 1988 11  4.19435 562 99 820 3 1 1 1 4  -39.510   -6.150    0.5    0.5 0
1 53 1988 11  8.15224 562 99 820 3 1 1 1 4  -57.830  -43.370    0.5    0.5 0
1 53 1988 11  8.15224 562 99 820 2 1 1 1 4  -36.140  -32.640    1.8    1.8 0
1 53 1988 11  8.15386 562 99 820 2 1 1 1 4  -35.980  -32.990    1.8    1.8 0
1 53 1988 11  8.15386 562 99 820 3 1 1 1 4  -57.260  -44.230    0.5    0.5 0
1 53 1988 11  8.15522 562 99 820 2 1 1 1 4  -35.920  -32.900    1.8    1.8 0
1 53 1988 11  8.15522 562 99 820 3 1 1 1 4  -56.960  -44.030    0.5    0.5 0