 3 1998 06 16 10 48 54.1 21  0 16.2132 -17 43 15.796  0.000  0.366  1
 3 1998 06 18 10 41 30.4 21  0  5.3233 -17 43 27.870  0.000  0.366  1
 3 1998 06 19 10 37 29.4 21  0  0.3308 -17 43 50.845  0.000  0.367  1
 3 1998 06 21 10 28 38.8 20 59 49.3712 -17 45 18.085  0.000  0.367  1
 3 1998 06 27 10  4  2.3 20 59  7.5503 -17 47 43.539  0.000  0.369  1
 3 1998 06 28 10  0 37.2 20 59  1.3247 -17 48 15.571  0.000  0.369  1
 3 1998 06 30  9 53 18.8 20 58 47.5749 -17 49 57.084  0.000  0.369  1
 3 1998 07  1  9 47 40.7 20 58 39.6080 -17 50 47.810  0.000  0.369  1
 3 1998 07  2  9 43 37.1 20 58 31.1447 -17 51 26.190  0.000  0.370  1
 3 1998 07  3  9 39 33.5 20 58 22.5530 -17 51 49.439  0.000  0.370  1
 3 1998 07 15  8 50 48.1 20 56 42.3457 -17 58  9.625  0.000  0.372  1
 3 1998 07 16  8 46 43.2 20 56 34.2749 -17 58 56.537  0.000  0.372  1
 3 1998 07 18  8 38 28.8 20 56 16.3657 -18  0 55.092  0.000  0.373  1
 3 1998 07 28  7 59  9.9 20 54 41.2979 -18  7 39.692  0.000  0.374  1
 3 1998 07 31  7 46 53.5 20 54 11.0525 -18  8 49.525  0.000  0.374  1
 3 1998 08  1  7 42 48.2 20 54  2.0926 -18  9 15.977  0.000  0.374  1
 3 1998 08  2  7 37  8.3 20 53 53.3698 -18  9 57.508  0.000  0.374  1
 3 1998 08  5  7 26 25.7 20 53 24.6765 -18 12 51.807  0.000  0.374  1
 3 1998 08 14  6 49 36.6 20 51 58.1663 -18 18 42.505  0.000  0.374  1
 3 1998 08 15  6 45 31.3 20 51 47.7874 -18 19 19.706  0.000  0.374  1
 3 1998 08 19  6 29 10.5 20 51 10.9352 -18 20 46.882  0.000  0.374  1
 3 1998 08 20  6 25  5.4 20 51  2.6440 -18 21 33.449  0.000  0.374  1
 3 1998 08 26  6  0 36.6 20 50  6.9379 -18 25 11.393  0.000  0.374  1
 3 1998 08 27  5 54 57.9 20 49 58.9206 -18 25 29.524  0.000  0.373  1
 3 1998 09  8  5  7 45.9 20 48 25.4493 -18 32 17.421  0.000  0.372  1
 3 1998 09 14  4 43 29.5 20 47 42.9822 -18 34  9.067  0.000  0.371  1
 3 1998 09 15  4 39 33.6 20 47 37.5695 -18 34 40.361  0.000  0.371  1
 3 1998 09 16  4 35 25.2 20 47 31.9290 -18 35 22.196  0.000  0.370  1
 3 1998 09 17  4 29 49.0 20 47 25.7720 -18 36  6.146  0.000  0.370  1
 3 1998 09 18  4 25 47.2 20 47 19.1813 -18 36 41.196  0.000  0.370  1
 3 1998 09 19  4 23 19.9 20 47 12.5155 -18 37  0.208  0.000  0.370  1
 3 1998 09 20  4 17 44.1 20 47  6.2631 -18 37  5.075  0.000  0.370  1
 3 1998 09 23  4  5 40.7 20 46 51.8989 -18 37 18.359  0.000  0.369  1
 3 1998 09 24  4  3 14.2 20 46 47.8570 -18 37 46.818  0.000  0.369  1
 3 1998 09 26  3 53 38.9 20 46 38.7054 -18 39  1.565  0.000  0.368  1
 3 1998 09 27  3 49 38.6 20 46 33.5582 -18 39 26.117  0.000  0.368  1
 3 1998 09 28  3 47 12.9 20 46 28.4595 -18 39 35.238  0.000  0.368  1
 3 1998 09 29  3 41 38.7 20 46 23.9027 -18 39 30.912  0.000  0.367  1
 3 1998 10  5  3 19 17.5 20 46  6.0173 -18 40 57.480  0.000  0.366  1
 3 1998 10  6  3 15 18.9 20 46  2.4732 -18 41 11.425  0.000  0.366  1
 3 1998 10  7  3  9 46.1 20 45 59.1158 -18 41  9.887  0.000  0.365  1
 3 1998 10 10  2 57 52.1 20 45 53.4319 -18 40 37.507  0.000  0.364  1
 3 1998 10 11  2 53 54.5 20 45 52.6839 -18 40 46.894  0.000  0.364  1
 3 1998 10 14  2 43 37.2 20 45 48.8362 -18 41 50.753  0.000  0.363  1
 3 1998 10 15  2 38  6.1 20 45 47.0055 -18 41 53.600  0.000  0.363  1
 3 1998 10 16  2 35 43.8 20 45 45.5250 -18 41 41.586  0.000  0.363  1
 3 1998 10 17  2 31 47.4 20 45 44.7726 -18 41 20.536  0.000  0.362  1
 3 1998 10 19  2 23 55.2 20 45 45.7387 -18 40 52.417  0.000  0.362  1
 3 1998 10 27  1 51  0.3 20 45 51.9700 -18 40 15.118  0.000  0.359  1
 3 1999 06 13 11 19 24.8 21 17  6.1466 -16 31 19.976  0.000  0.357  1
 3 1999 06 17 11  3 23.4 21 16 45.8723 -16 32 49.503  0.000  0.359  1
 3 1999 06 18 10 57 49.5 21 16 41.0101 -16 32 52.355  0.000  0.359  1
 3 1999 06 19 10 55 21.6 21 16 36.4779 -16 33  5.320  0.000  0.359  1
 3 1999 06 20 10 51 20.5 21 16 32.0259 -16 33 33.309  0.000  0.359  1
 3 1999 06 22 10 41 44.7 21 16 21.8679 -16 35  5.220  0.000  0.360  1
 3 1999 06 26 10 27 10.6 21 15 55.8842 -16 36 47.270  0.000  0.361  1
 3 1999 06 27 10 23  8.5 21 15 49.7702 -16 36 57.521  0.000  0.361  1
 3 1999 06 28 10 19  6.1 21 15 44.0064 -16 37 19.450  0.000  0.361  1
 3 1999 06 29 10 15  3.7 21 15 38.2414 -16 37 57.661  0.000  0.362  1
 3 1999 07  5  9 50 47.1 21 14 54.3055 -16 41 34.488  0.000  0.363  1
 3 1999 07 20  8 48 11.9 21 12 52.4786 -16 51 44.983  0.000  0.366  1
 3 1999 07 21  8 45 41.3 21 12 42.7534 -16 52 16.664  0.000  0.366  1
 3 1999 07 23  8 37 30.7 21 12 24.3570 -16 52 57.180  0.000  0.366  1
 3 1999 07 25  8 29 20.7 21 12  7.5839 -16 54 11.824  0.000  0.366  1
 3 1999 08  7  7 36 12.0 21 10  4.3912 -17  4 16.291  0.000  0.368  1
 3 1999 08  8  7 32  6.5 21  9 54.1384 -17  4 42.548  0.000  0.368  1
 3 1999 08 11  7 19 50.3 21  9 26.5559 -17  6  5.592  0.000  0.368  1
 3 1999 08 12  7 15 44.9 21  9 17.7898 -17  6 58.954  0.000  0.368  1
 3 1999 08 13  7 10  6.1 21  9  8.6583 -17  8  2.116  0.000  0.368  1
 3 1999 08 18  6 49 39.4 21  8 19.1131 -17 11 10.659  0.000  0.368  1
 3 1999 09  3  5 44 23.2 21  5 57.3398 -17 21 50.394  0.000  0.367  1
 3 1999 09  4  5 40 19.2 21  5 48.8677 -17 22  3.223  0.000  0.367  1
 3 1999 09  5  5 36 15.2 21  5 41.1228 -17 22 18.254  0.000  0.367  1
 3 1999 09  6  5 33 44.8 21  5 33.8894 -17 22 45.069  0.000  0.367  1
 3 1999 09  7  5 29 41.1 21  5 26.8358 -17 23 27.182  0.000  0.367  1
 3 1999 09  8  5 25 37.4 21  5 19.5767 -17 24 19.080  0.000  0.366  1
 3 1999 09 13  5  5 20.9 21  4 40.1372 -17 26 44.020  0.000  0.366  1
 3 1999 09 16  4 51 39.0 21  4 21.6185 -17 28  2.408  0.000  0.365  1
 3 1999 09 18  4 45  7.7 21  4  8.5895 -17 29 36.602  0.000  0.365  1
 3 1999 09 25  4 16 55.4 21  3 27.6862 -17 31 46.037  0.000  0.363  1
 3 1999 09 26  4 11 20.7 21  3 22.6426 -17 32 29.113  0.000  0.363  1
 3 1999 09 27  4  7 19.7 21  3 17.1403 -17 33  6.060  0.000  0.363  1
 3 1999 09 28  4  4 52.5 21  3 11.4342 -17 33 29.422  0.000  0.363  1
 3 1999 10  1  3 52 51.2 21  2 56.8150 -17 33 30.530  0.000  0.362  1
 3 1999 10  2  3 47 17.4 21  2 53.3427 -17 33 37.627  0.000  0.362  1
 3 1999 10  4  3 40 51.4 21  2 46.9128 -17 34 31.474  0.000  0.361  1
 3 1999 10  5  3 36 51.8 21  2 43.2479 -17 35  6.939  0.000  0.361  1
 3 1999 10  6  3 31 18.8 21  2 39.1966 -17 35 34.067  0.000  0.361  1
 3 1999 10  7  3 28 53.2 21  2 35.0304 -17 35 46.497  0.000  0.361  1
 3 1999 10 11  3 12 58.2 21  2 24.0209 -17 35 27.614  0.000  0.359  1
 3 1999 10 12  3  7 26.3 21  2 22.5015 -17 35 45.570  0.000  0.359  1
 3 1999 10 13  3  5  1.9 21  2 20.7814 -17 36 12.705  0.000  0.359  1
 3 1999 10 14  3  1  4.1 21  2 18.6675 -17 36 39.602  0.000  0.359  1
 3 1999 10 15  2 57  6.4 21  2 16.2251 -17 36 55.802  0.000  0.358  1
 3 1999 10 16  2 53  8.9 21  2 13.8136 -17 36 56.206  0.000  0.358  1
 3 1999 10 22  2 27 54.6 21  2 10.4317 -17 36 45.856  0.000  0.356  1
 3 1999 10 23  2 25 32.2 21  2  9.9653 -17 37  2.920  0.000  0.356  1
 3 1999 10 26  2 12 11.5 21  2  8.6405 -17 36 33.328  0.000  0.355  1
 3 1999 10 31  1 54 10.9 21  2 16.3682 -17 36  8.269  0.000  0.354  1
 3 1999 11  1  1 50 16.7 21  2 17.5715 -17 36 15.360  0.000  0.353  1
 3 1999 11  3  1 42 28.8 21  2 19.9597 -17 35 45.459  0.000  0.353  1
 3 1999 11  4  1 38 35.2 21  2 21.9421 -17 35 13.216  0.000  0.352  1
 3 1999 11  5  1 33  8.1 21  2 24.7049 -17 34 41.749  0.000  0.352  1
 3 1999 11  6  1 29 14.8 21  2 28.1465 -17 34 20.346  0.000  0.352  1
 4 1998 06 18 10 41 30.4 21  0  5.1977 -17 43 17.003  0.000  0.366  1
 4 1998 06 19 10 37 29.4 21  0  0.0853 -17 43 39.712  0.000  0.367  1
 4 1998 06 20 10 32 59.4 20 59 54.8528 -17 44 11.520  0.000  0.367  1
 4 1998 06 21 10 28 38.8 20 59 49.3485 -17 44 52.403  0.000  0.367  1
 4 1998 06 27 10  4  2.3 20 59  7.2994 -17 48 47.411  0.000  0.369  1
 4 1998 06 28 10  0 37.2 20 58 59.5481 -17 49  4.290  0.000  0.369  1
 4 1998 06 29  9 57 12.3 20 58 51.9782 -17 49 17.197  0.000  0.369  1
 4 1998 06 30  9 53 18.8 20 58 44.6423 -17 49 30.690  0.000  0.369  1
 4 1998 07  1  9 47 40.7 20 58 37.5618 -17 49 48.288  0.000  0.369  1
 4 1998 07  2  9 43 37.1 20 58 30.6053 -17 50 13.482  0.000  0.370  1
 4 1998 07  3  9 39 33.5 20 58 23.6522 -17 50 47.971  0.000  0.370  1
 4 1998 07 15  8 50 48.1 20 56 41.4868 -17 58  2.581  0.000  0.372  1
 4 1998 07 16  8 46 43.2 20 56 33.3065 -17 58 36.579  0.000  0.372  1
 4 1998 07 17  8 42 38.3 20 56 25.0297 -17 59 19.926  0.000  0.372  1
 4 1998 07 18  8 38 28.8 20 56 16.5929 -18  0 11.837  0.000  0.372  1
 4 1998 07 28  7 59  9.9 20 54 39.9123 -18  6 34.451  0.000  0.374  1
 4 1998 07 31  7 46 53.5 20 54 13.2920 -18  8 35.659  0.000  0.374  1
 4 1998 08  1  7 42 48.2 20 54  4.1606 -18  9 31.198  0.000  0.374  1
 4 1998 08  2  7 37  8.3 20 53 54.7092 -18 10 30.232  0.000  0.374  1
 4 1998 08  5  7 26 25.7 20 53 24.2266 -18 13  6.791  0.000  0.374  1
 4 1998 08 14  6 49 36.6 20 51 58.9750 -18 17 48.533  0.000  0.374  1
 4 1998 08 15  6 45 31.3 20 51 49.9498 -18 18 44.827  0.000  0.374  1
 4 1998 08 19  6 29 10.5 20 51 10.8138 -18 22  0.432  0.000  0.374  1
 4 1998 08 20  6 25  5.4 20 51  0.8417 -18 22 29.330  0.000  0.374  1
 4 1998 08 26  6  0 36.6 20 50  8.5223 -18 24 44.266  0.000  0.373  1
 4 1998 08 27  5 54 57.9 20 50  0.6675 -18 25 27.244  0.000  0.373  1
 4 1998 08 30  5 42 44.9 20 49 35.8734 -18 27 59.552  0.000  0.373  1
 4 1998 09  7  5 11 49.1 20 48 30.5386 -18 30 59.805  0.000  0.372  1
 4 1998 09  8  5  7 45.9 20 48 24.0255 -18 31 23.946  0.000  0.372  1
 4 1998 09 14  4 43 29.5 20 47 43.8426 -18 35 20.427  0.000  0.371  1
 4 1998 09 15  4 39 33.6 20 47 36.6713 -18 35 45.561  0.000  0.371  1
 4 1998 09 16  4 35 25.2 20 47 29.6847 -18 36  1.364  0.000  0.371  1
 4 1998 09 17  4 29 49.0 20 47 23.0549 -18 36  9.453  0.000  0.370  1
 4 1998 09 18  4 25 47.2 20 47 16.8828 -18 36 12.411  0.000  0.370  1
 4 1998 09 19  4 23 19.9 20 47 11.2679 -18 36 14.203  0.000  0.370  1
 4 1998 09 20  4 17 44.1 20 47  6.1893 -18 36 19.428  0.000  0.370  1
 4 1998 09 23  4  5 40.7 20 46 52.9032 -18 37 18.222  0.000  0.369  1
 4 1998 09 24  4  3 14.2 20 46 48.5344 -18 37 51.562  0.000  0.369  1
 4 1998 09 26  3 53 38.9 20 46 39.2981 -18 39  1.810  0.000  0.368  1
 4 1998 09 27  3 49 38.6 20 46 34.4097 -18 39 30.918  0.000  0.368  1
 4 1998 09 28  3 47 12.9 20 46 29.4719 -18 39 51.495  0.000  0.368  1
 4 1998 09 29  3 41 38.7 20 46 24.6436 -18 40  2.417  0.000  0.368  1
 4 1998 10  5  3 19 17.5 20 46  5.0980 -18 39 51.107  0.000  0.366  1
 4 1998 10  6  3 15 18.9 20 46  3.2484 -18 40  4.530  0.000  0.365  1
 4 1998 10  7  3  9 46.1 20 46  1.4270 -18 40 25.520  0.000  0.365  1
 4 1998 10 10  2 57 52.1 20 45 55.1440 -18 41 37.373  0.000  0.364  1
 4 1998 10 11  2 53 54.5 20 45 52.7716 -18 41 52.029  0.000  0.364  1
 4 1998 10 12  2 51 31.4 20 45 50.4611 -18 41 57.895  0.000  0.364  1
 4 1998 10 14  2 43 37.2 20 45 46.6789 -18 41 42.050  0.000  0.363  1
 4 1998 10 15  2 38  6.1 20 45 45.4953 -18 41 25.595  0.000  0.363  1
 4 1998 10 16  2 35 43.8 20 45 44.9203 -18 41  7.941  0.000  0.363  1
 4 1998 10 17  2 31 47.4 20 45 44.9195 -18 40 52.945  0.000  0.362  1
 4 1998 10 19  2 23 55.2 20 45 46.1274 -18 40 43.509  0.000  0.362  1
 4 1998 10 27  1 51  0.3 20 45 51.4700 -18 41  8.816  0.000  0.359  1
 4 1999 06 13 11 19 24.8 21 17  3.8154 -16 31 34.742  0.000  0.357  1
 4 1999 06 17 11  3 23.4 21 16 46.4090 -16 32  5.288  0.000  0.358  1
 4 1999 06 18 10 57 49.5 21 16 42.1929 -16 32 30.093  0.000  0.359  1
 4 1999 06 19 10 55 21.6 21 16 37.7659 -16 33  5.167  0.000  0.359  1
 4 1999 06 20 10 51 20.5 21 16 32.9997 -16 33 46.471  0.000  0.359  1
 4 1999 06 22 10 41 44.7 21 16 22.1729 -16 35 17.497  0.000  0.360  1
 4 1999 06 23 10 37 43.2 21 16 16.0624 -16 35 58.281  0.000  0.360  1
 4 1999 06 26 10 27 10.6 21 15 56.0562 -16 37 16.871  0.000  0.361  1
 4 1999 06 27 10 23  8.5 21 15 49.3082 -16 37 29.902  0.000  0.361  1
 4 1999 06 28 10 19  6.1 21 15 42.7274 -16 37 41.740  0.000  0.361  1
 4 1999 06 29 10 15  3.7 21 15 36.3497 -16 37 55.733  0.000  0.362  1
 4 1999 06 30 10 11  1.1 21 15 30.1024 -16 38 16.053  0.000  0.362  1
 4 1999 07  5  9 50 47.1 21 14 57.0116 -16 41 56.713  0.000  0.363  1
 4 1999 07 17  9  1 59.1 21 13 19.9628 -16 48 58.331  0.000  0.365  1
 4 1999 07 18  8 57 54.5 21 13 11.5134 -16 49 57.419  0.000  0.365  1
 4 1999 07 20  8 48 11.9 21 12 53.3836 -16 51 49.871  0.000  0.366  1
 4 1999 07 21  8 45 41.3 21 12 43.8135 -16 52 36.419  0.000  0.366  1
 4 1999 07 23  8 37 30.7 21 12 24.4056 -16 53 43.929  0.000  0.366  1
 4 1999 07 25  8 29 20.7 21 12  5.5735 -16 54 30.095  0.000  0.367  1
 4 1999 08  1  7 59 11.0 21 11  3.4460 -16 59 47.273  0.000  0.367  1
 4 1999 08  7  7 36 12.0 21 10  3.1387 -17  3 48.390  0.000  0.368  1
 4 1999 08  8  7 32  6.5 21  9 53.6103 -17  4 11.821  0.000  0.368  1
 4 1999 08 11  7 19 50.3 21  9 26.7036 -17  5 55.910  0.000  0.368  1
 4 1999 08 12  7 15 44.9 21  9 17.8813 -17  6 47.425  0.000  0.368  1
 4 1999 08 13  7 10  6.1 21  9  8.8781 -17  7 45.103  0.000  0.368  1
 4 1999 08 16  6 57 50.0 21  8 40.0969 -17 10 40.687  0.000  0.368  1
 4 1999 08 18  6 49 39.4 21  8 19.8863 -17 12  5.231  0.000  0.368  1
 4 1999 09  4  5 40 19.2 21  5 48.5176 -17 21 50.765  0.000  0.367  1
 4 1999 09  5  5 36 15.2 21  5 40.8017 -17 22  9.606  0.000  0.367  1
 4 1999 09  6  5 33 44.8 21  5 33.4543 -17 22 35.148  0.000  0.367  1
 4 1999 09  7  5 29 41.1 21  5 26.3135 -17 23  8.953  0.000  0.367  1
 4 1999 09  8  5 25 37.4 21  5 19.2903 -17 23 50.877  0.000  0.366  1
 4 1999 09 13  5  5 20.9 21  4 41.7018 -17 27 37.357  0.000  0.366  1
 4 1999 09 16  4 51 39.0 21  4 19.1746 -17 28 30.767  0.000  0.365  1
 4 1999 09 18  4 45  7.7 21  4  6.1951 -17 28 47.472  0.000  0.365  1
 4 1999 09 25  4 16 55.4 21  3 27.9549 -17 32 28.720  0.000  0.363  1
 4 1999 09 26  4 11 20.7 21  3 22.1374 -17 32 59.348  0.000  0.363  1
 4 1999 09 27  4  7 19.7 21  3 16.3349 -17 33 20.680  0.000  0.363  1
 4 1999 09 28  4  4 52.5 21  3 10.6974 -17 33 32.619  0.000  0.363  1
 4 1999 10  1  3 52 51.2 21  2 56.2340 -17 33 34.264  0.000  0.362  1
 4 1999 10  2  3 47 17.4 21  2 52.4220 -17 33 35.663  0.000  0.362  1
 4 1999 10  3  3 44 51.1 21  2 49.0560 -17 33 43.176  0.000  0.362  1
 4 1999 10  5  3 36 51.8 21  2 43.0300 -17 34 21.834  0.000  0.361  1
 4 1999 10  6  3 31 18.8 21  2 40.0650 -17 34 50.356  0.000  0.361  1
 4 1999 10  7  3 28 53.2 21  2 36.9799 -17 35 21.278  0.000  0.361  1
 4 1999 10 11  3 12 58.2 21  2 23.6386 -17 36 36.414  0.000  0.360  1
 4 1999 10 12  3  7 26.3 21  2 20.6296 -17 36 33.663  0.000  0.359  1
 4 1999 10 13  3  5  1.9 21  2 18.0433 -17 36 23.916  0.000  0.359  1
 4 1999 10 14  3  1  4.1 21  2 15.9699 -17 36 11.439  0.000  0.359  1
 4 1999 10 15  2 57  6.4 21  2 14.4606 -17 35 59.970  0.000  0.358  1
 4 1999 10 16  2 53  8.9 21  2 13.4449 -17 35 53.114  0.000  0.358  1
 4 1999 10 17  2 47 38.0 21  2 12.8195 -17 35 53.254  0.000  0.358  1
 4 1999 10 22  2 27 54.6 21  2 10.4902 -17 37  9.905  0.000  0.356  1
 4 1999 10 23  2 25 32.2 21  2  9.7772 -17 37 18.042  0.000  0.356  1
 4 1999 10 24  2 20  2.7 21  2  9.0787 -17 37 17.452  0.000  0.356  1
 4 1999 10 25  2 16  7.0 21  2  8.6211 -17 37  7.307  0.000  0.355  1
 4 1999 10 26  2 12 11.5 21  2  8.5107 -17 36 49.464  0.000  0.355  1
 4 1999 10 31  1 54 10.9 21  2 15.3988 -17 35 18.705  0.000  0.353  1
 4 1999 11  1  1 50 16.7 21  2 17.7912 -17 35 18.928  0.000  0.353  1
 4 1999 11  3  1 42 28.8 21  2 22.4573 -17 35 31.923  0.000  0.353  1
 4 1999 11  4  1 38 35.2 21  2 24.6256 -17 35 37.844  0.000  0.352  1
 4 1999 11  5  1 33  8.1 21  2 26.6610 -17 35 38.256  0.000  0.352  1
 4 1999 11  6  1 29 14.8 21  2 28.6949 -17 35 30.619  0.000  0.352  1
