1 2007 11 24.728793 23  4 42.5508 -6  45 44.346  0.104  0.130 0.049 0.089 0.110 0.199
1 2009 10  8.879548 23 37 58.6218 -3  14 40.083 -0.104 -0.287 0.045 0.048 0.100 0.108
1 2010  9  9.967610 23 57 16.1377 -1   9 25.557 -0.043 -0.071 0.069 0.120 0.139 0.241
1 2011  9 20.948444  0 10 48.0878  0  19 34.136 -0.236 -0.130 0.025 0.104 0.055 0.234
1 2011  9 25.935517  0 10  3.9554  0  14 47.180 -0.034  0.093 0.025 0.060 0.056 0.133
1 2011  9 26.929767  0  9 54.6265  0  14 14.283  0.108 -0.422 0.057 0.022 0.115 0.045
1 2011  9 30.920306  0  9 19.7670  0  10  1.535 -0.316  0.358 0.020 0.028 0.029 0.039
1 2011 10  5.904515  0  8 36.0590  0   5 19.882 -0.235  0.215 0.042 0.079 0.093 0.176
2 2007 11 24.728793 23  4 42.6500 -6  45 46.823 -0.305  0.308 0.046 0.073 0.091 0.145
2 2008  1  3.619572 23  7 10.6813 -6  28  7.950 -0.054  0.123 0.012 0.099 0.021 0.171
2 2009  9 17.939964 23 40 58.5188 -2  56  2.483 -0.140  0.265 0.039 0.026 0.078 0.052
2 2009 10  8.879565 23 37 59.1926 -3  15 10.003 -0.108 -0.202 0.035 0.028 0.086 0.069
2 2009 10 31.813844 23 35 21.4125 -3  30 49.523  0.056 -0.201 0.032 0.052 0.063 0.103
2 2010  8 20.029806  0  0  1.2816  0 -51 21.716 -0.172 -0.046 0.029 0.024 0.066 0.054
2 2010  9  9.968202 23 57 16.4130 -1   9 30.220 -0.074 -0.142 0.018 0.064 0.037 0.127
2 2010 10 10.885949 23 52 47.2930 -1  37 48.617  0.205 -0.402 0.099 0.035 0.171 0.060
2 2011  9  4.993512  0 13  3.5782  0  34 13.414 -0.448 -0.166 0.034 0.042 0.077 0.093
2 2011  9 10.976610  0 12 14.0055  0  29 21.498  0.205 -0.806 0.031 0.041 0.062 0.082
2 2011  9 25.935517  0 10  3.9652  0  14 39.736 -0.148 -0.230 0.014 0.030 0.032 0.067
2 2011  9 27.926314  0  9 45.6612  0  13 22.628 -0.281 -0.237 0.037 0.034 0.083 0.076
2 2011 10  1.917976  0  9 10.4888  0   9 34.015  0.218 -0.469 0.063 0.058 0.126 0.116
2 2011 10  5.903728  0  8 35.6757  0   5 48.200 -0.216 -0.227 0.062 0.040 0.107 0.070
2 2011 10 18.869542  0  6 47.1228  0  -5 40.364 -0.220 -0.164 0.037 0.041 0.083 0.091
2 2011 11 29.750459  0  3  4.3990  0 -28 30.840 -0.152 -0.839 0.079 0.051 0.159 0.102
3 2007  9 30.870320 23  8 54.4896 -6  21 43.562 -0.044 -0.131 0.006 0.007 0.013 0.015
3 2007 10 21.813044 23  6 25.3514 -6  35 44.464 -0.061 -0.329 0.076 0.045 0.152 0.089
3 2007 11  4.774038 23  5 19.9100 -6  43  3.685 -0.105 -0.066 0.007 0.023 0.010 0.033
3 2008  1  3.620025 23  7 11.4210 -6  28 45.868  0.036 -0.017 0.073 0.047 0.146 0.094
3 2008  1  4.610295 23  7 18.7500 -6  28  6.088 -0.022 -0.094 0.045 0.020 0.101 0.046
3 2008  9 24.922582 23 24 47.0176 -4  40  2.986 -0.246 -0.392 0.011 0.021 0.024 0.046
3 2008  9 25.906435 23 24 38.3120 -4  40 45.514 -0.100 -0.169 0.004 0.007 0.009 0.015
3 2008 10  5.879145 23 23 15.7087 -4  49 31.049 -0.090 -0.053 0.027 0.010 0.072 0.027
3 2008 10  7.873389 23 23  0.7514 -4  51 47.920 -0.283  0.133 0.025 0.073 0.056 0.162
3 2008 11  5.789339 23 20  5.3588 -5   9 29.533 -0.248  0.272 0.034 0.077 0.067 0.155
3 2008 11 17.756419 23 19 29.0422 -5  12  2.922 -0.175 -0.055 0.033 0.030 0.082 0.073
3 2009  1  7.616545 23 21 53.0592 -4  54 44.934  0.087 -0.301 0.051 0.044 0.114 0.099
3 2009  9 12.949904 23 41 42.7501 -2  51 27.784 -0.075 -0.205 0.027 0.026 0.053 0.053
3 2009  9 17.939067 23 40 57.7760 -2  55 16.489 -0.062 -0.264 0.015 0.028 0.039 0.073
3 2009  9 20.931219 23 40 31.8913 -2  58 51.541  0.004  0.294 0.021 0.045 0.055 0.120
3 2009  9 23.923239 23 40  5.9393 -3   1 40.097 -0.333 -0.204 0.064 0.066 0.111 0.114
3 2009  9 25.911121 23 39 47.7713 -3   2 52.981 -0.009 -0.291 0.009 0.017 0.024 0.046
3 2009 10  6.890766 23 38 14.5172 -3  12 54.180  0.267  0.107 0.050 0.025 0.123 0.062
3 2009 10  8.879565 23 37 59.1710 -3  15 15.210 -0.099 -0.013 0.007 0.015 0.019 0.041
3 2009 10  9.878666 23 37 51.4760 -3  16 12.252 -0.049 -0.141 0.013 0.022 0.032 0.054
3 2009 10 30.820929 23 35 26.8327 -3  30  9.103 -0.047 -0.161 0.017 0.049 0.045 0.129
3 2009 10 31.812876 23 35 21.1758 -3  30 38.012 -0.063 -0.119 0.021 0.024 0.052 0.058
3 2009 11  3.804535 23 35  6.4420 -3  33  1.504 -0.002  0.068 0.028 0.010 0.064 0.022
3 2009 11  5.801434 23 34 57.1466 -3  34  2.988 -0.093  0.109 0.037 0.021 0.084 0.047
3 2009 12 17.685021 23 34 16.2878 -3  36 37.732 -0.184  0.036 0.025 0.013 0.056 0.028
3 2009 12 19.679730 23 34 22.6552 -3  35 46.726 -0.126 -0.021 0.008 0.024 0.018 0.054
3 2010  1  1.651716 23 35 19.8675 -3  28 20.338 -0.065 -0.262 0.041 0.046 0.083 0.092
3 2010  8 20.029806  0  0  1.6158  0 -51 27.960 -0.153 -0.070 0.005 0.009 0.012 0.019
3 2010  9  9.967610 23 57 15.4548 -1   8 43.300 -0.060 -0.116 0.006 0.012 0.014 0.026
3 2010 10  6.896223 23 53 20.1648 -1  34  9.674 -0.215 -0.159 0.016 0.008 0.037 0.018
3 2010 10 10.885556 23 52 48.2896 -1  38 34.648 -0.194  0.099 0.010 0.033 0.022 0.073
3 2011  9  4.993512  0 13  3.2834  0  34 11.650 -0.148 -0.069 0.016 0.009 0.036 0.019
3 2011  9  5.988909  0 12 55.7712  0  33  8.420 -0.186 -0.020 0.003 0.005 0.007 0.010
3 2011  9 10.977200  0 12 13.3650  0  29 36.188 -0.051 -0.193 0.010 0.026 0.023 0.058
3 2011  9 18.954294  0 11  4.9054  0  22  8.154 -0.088 -0.318 0.009 0.013 0.021 0.028
3 2011  9 20.948444  0 10 47.0728  0  19 55.012  0.130 -0.217 0.029 0.053 0.065 0.119
3 2011  9 26.930359  0  9 54.7852  0  14 23.766 -0.212 -0.170 0.004 0.016 0.008 0.036
3 2011  9 27.926314  0  9 45.4534  0  13 34.706 -0.233 -0.192 0.015 0.027 0.034 0.059
3 2011  9 30.919715  0  9 19.2827  0   9 57.180 -0.333 -0.189 0.058 0.034 0.101 0.060
3 2011 10  1.917384  0  9 11.0226  0   8 47.772 -0.258  0.050 0.013 0.012 0.028 0.026
3 2011 10  5.904515  0  8 35.6162  0   5 58.058 -0.177 -0.421 0.005 0.036 0.011 0.081
3 2011 10  9.895016  0  8  1.4118  0   1 31.862 -0.202 -0.044 0.009 0.028 0.020 0.063
3 2011 10 18.869542  0  6 47.6442  0  -6 22.514 -0.191 -0.009 0.013 0.006 0.029 0.013
3 2011 11 10.801166  0  4 13.6036  0 -21 25.480 -0.143 -0.219 0.019 0.028 0.043 0.063
3 2011 12 20.702643  0  3  4.1324  0 -28 16.350 -0.116 -0.109 0.017 0.053 0.039 0.118
3 2011 12 28.670572  0  3 25.2550  0 -25 43.652 -0.146  0.074 0.002 0.010 0.005 0.022
4 2007  9 30.870320 23  8 53.4150 -6  20 47.928 -0.115 -0.188 0.020 0.016 0.045 0.037
4 2007 10 21.813044 23  6 26.5182 -6  36 43.150 -0.034 -0.044 0.031 0.078 0.069 0.174
4 2007 11  4.774038 23  5 20.0975 -6  43 11.810 -0.125 -0.027 0.019 0.011 0.026 0.016
4 2007 11 24.728793 23  4 41.7060 -6  44 59.296 -0.088 -0.154 0.003 0.023 0.007 0.053
4 2007 12 20.656248 23  5 45.6210 -6  37 25.358 -0.062 -0.095 0.008 0.028 0.017 0.061
4 2008  1  3.619807 23  7 10.3940 -6  27 55.497 -0.075 -0.120 0.020 0.007 0.034 0.012
4 2008  1  4.610295 23  7 17.5582 -6  27  0.684 -0.061 -0.085 0.019 0.015 0.041 0.033
4 2008  9 10.943564 23 26 51.0023 -4  27 57.123 -0.004 -0.032 0.030 0.015 0.060 0.029
4 2008  9 24.922355 23 24 47.9665 -4  40 53.720 -0.060 -0.087 0.015 0.004 0.031 0.009
4 2008  9 25.905981 23 24 39.2715 -4  41 32.735 -0.120 -0.178 0.008 0.009 0.016 0.018
4 2008 10  5.878589 23 23 16.7738 -4  50 28.852 -0.099 -0.023 0.013 0.015 0.030 0.033
4 2008 10  7.873389 23 23  1.2214 -4  52  7.688 -0.142 -0.056 0.020 0.021 0.045 0.048
4 2008 11 17.756510 23 19 30.1750 -5  13  2.888 -0.149 -0.068 0.030 0.028 0.074 0.070
4 2009  1  7.616088 23 21 53.8368 -4  55 33.595 -0.138 -0.046 0.034 0.012 0.067 0.024
4 2009  9  2.978262 23 43  7.9066 -2  41  5.968 -0.073 -0.155 0.010 0.018 0.022 0.040
4 2009  9 12.949904 23 41 42.3500 -2  50 41.590 -0.050 -0.347 0.017 0.029 0.035 0.058
4 2009  9 20.931219 23 40 32.3547 -2  59 13.431 -0.026 -0.067 0.005 0.013 0.012 0.035
4 2009  9 23.923218 23 40  6.1969 -3   1 50.799  0.007 -0.230 0.022 0.028 0.058 0.075
4 2009 10  6.890922 23 38 15.7444 -3  13 41.239 -0.106 -0.087 0.022 0.029 0.059 0.077
4 2009 10  9.878364 23 37 50.8207 -3  15 22.419  0.065 -0.352 0.013 0.043 0.036 0.115
4 2009 10 30.820929 23 35 27.5780 -3  31  4.847 -0.032  0.002 0.018 0.020 0.047 0.053
4 2009 10 31.812876 23 35 22.3972 -3  31 46.368 -0.051 -0.064 0.017 0.022 0.042 0.054
4 2009 11  3.804535 23 35  6.7424 -3  32 58.010 -0.155 -0.286 0.035 0.023 0.078 0.051
4 2009 11  5.801434 23 34 56.4740 -3  33 19.826  0.141 -0.267 0.030 0.034 0.068 0.075
4 2009 12 16.689280 23 34 12.8218 -3  36  8.538 -0.089 -0.122 0.019 0.047 0.042 0.106
4 2009 12 17.685021 23 34 15.3808 -3  35 37.804 -0.038 -0.253 0.025 0.041 0.056 0.093
4 2009 12 19.679730 23 34 21.4496 -3  34 55.568 -0.114  0.001 0.009 0.011 0.020 0.024
4 2010  1  1.652309 23 35 19.6354 -3  28  4.076 -0.020 -0.221 0.013 0.028 0.029 0.063
4 2010  8 17.037217  0  0 20.6868  0 -48  9.574 -0.116 -0.249 0.013 0.029 0.029 0.065
4 2010  8 20.029806  0  0  0.0622  0 -50 44.898 -0.100 -0.121 0.019 0.013 0.043 0.030
4 2010  9  9.967610 23 57 16.6564 -1   9 19.434 -0.183 -0.203 0.043 0.065 0.096 0.146
4 2010 10 10.885556 23 52 46.8622 -1  37 26.246 -0.119 -0.235 0.008 0.025 0.017 0.057
4 2011  9  4.993512  0 13  3.9460  0  33 51.184 -0.194 -0.090 0.007 0.005 0.015 0.012
4 2011  9  5.988909  0 12 56.2332  0  32 59.556 -0.195 -0.077 0.011 0.004 0.024 0.009
4 2011  9 10.977200  0 12 13.8108  0  29 42.486 -0.065 -0.217 0.013 0.032 0.028 0.072
4 2011  9 11.976962  0 12  4.9336  0  28 52.480  0.077 -0.122 0.035 0.067 0.078 0.149
4 2011  9 18.954294  0 11  6.0394  0  20 57.810 -0.144 -0.164 0.007 0.010 0.015 0.022
4 2011  9 20.948444  0 10 48.7686  0  19 22.502 -0.156  0.051 0.012 0.020 0.026 0.044
4 2011  9 25.935517  0 10  2.8066  0  15 38.410 -0.206 -0.193 0.006 0.005 0.012 0.011
4 2011  9 26.930359  0  9 53.8014  0  14 33.874 -0.197 -0.181 0.004 0.008 0.009 0.019
4 2011  9 27.926314  0  9 44.9976  0  13 22.552 -0.260 -0.013 0.024 0.025 0.053 0.056
4 2011  9 30.918535  0  9 19.6132  0   9 40.866 -0.305  0.081 0.005 0.015 0.011 0.034
4 2011 10  1.917384  0  9 11.2384  0   8 36.666 -0.337 -0.004 0.018 0.019 0.040 0.042
4 2011 10  9.895016  0  8  0.5200  0   2 29.812 -0.150 -0.125 0.005 0.008 0.010 0.019
4 2011 10 17.871450  0  6 56.4270  0  -5 30.142 -0.204 -0.010 0.054 0.053 0.120 0.118
4 2011 10 18.869542  0  6 48.2566  0  -6  2.972 -0.710 -0.034 0.064 0.062 0.143 0.139
4 2011 11 10.801166  0  4 14.5920  0 -22 31.096 -0.200  0.106 0.022 0.027 0.049 0.060
4 2011 11 29.750162  0  3  4.9772  0 -28 19.776 -0.107 -0.131 0.012 0.015 0.026 0.034
4 2011 12 20.702643  0  3  3.6136  0 -28 25.562 -0.154 -0.007 0.023 0.008 0.051 0.019
4 2011 12 28.670572  0  3 24.0412  0 -24 37.216 -0.135 -0.179 0.018 0.005 0.041 0.011
