0227 1983 6 30.03981   17.41 -29.56   28.78 -19.45   27.46 -53.88   19.81  -1.88
0229 1983 6 30.05833   24.73 -25.78   29.06 -19.73   26.65 -54.03   19.89  -2.00
0230 1983 6 30.06337   25.12 -24.66   29.18 -19.89   26.39 -54.23   19.90  -2.06
0232 1983 6 30.07500   24.47 -25.30   29.47 -20.06   25.92 -54.30   20.01  -2.17
0233 1983 6 30.07917   24.27 -24.97   29.50 -20.16   25.68 -54.33   20.08  -2.20
0234 1983 6 30.08472   24.54 -24.99   29.60 -20.22   25.44 -54.40   20.08  -2.23
0236 1983 6 30.09468   24.83 -25.27   29.77 -20.40   24.98 -54.47   20.16  -2.31
0237 1983 6 30.09896   24.64 -25.19   29.92 -20.48   24.80 -54.50   20.18  -2.33
0239 1983 6 30.10787   24.85 -25.13   30.08 -20.59   24.37 -54.49   20.23  -2.37
0241 1983 6 30.11806   25.19 -25.14   30.26 -20.84   23.91 -54.57   20.31  -2.47
0249 1983 7  1.02106   -0.83 -46.35   20.09 -54.43   -8.59 -42.68   24.80 -13.29
0254 1983 7  1.04809    3.89 -49.84   19.06 -54.99   -8.96 -42.13   24.81 -13.63
0255 1983 7  1.05590    3.73 -49.57   18.73 -55.18   -9.12 -41.94   24.84 -13.73
0256 1983 7  1.06065    3.52 -49.49   18.50 -55.30   -9.21 -41.82   24.85 -13.80
0257 1983 7  1.06667    3.07 -49.14   17.99 -55.56   -9.38 -41.56   24.87 -13.97
0258 1983 7  1.07095    3.06 -49.11   17.98 -55.53   -9.38 -41.54   24.86 -13.96
0259 1983 7  1.07546    2.85 -49.00   17.76 -55.65   -9.46 -41.44   24.86 -14.04
0260 1983 7  1.08576    2.36 -48.62   17.25 -55.88   -9.64 -41.16   24.88 -14.20
0261 1983 7  1.09028    2.23 -48.44   17.01 -55.98   -9.73 -41.03   24.88 -14.26
0262 1983 7  1.09427    2.17 -48.36   16.80 -56.07   -9.79 -40.92   24.89 -14.33
0263 1983 7  1.09954    1.98 -47.95   16.36 -56.15  -10.02 -40.73   24.79 -14.47
0264 1983 7  1.10451    1.71 -48.04   16.29 -56.29   -9.98 -40.68   24.90 -14.51
0265 1983 7  1.10625    1.65 -47.85   16.13 -56.37  -10.02 -40.59   24.90 -14.57
0266 1983 7  1.11296    1.31 -47.64   15.87 -56.46  -10.11 -40.44   24.90 -14.65
0267 1983 7  1.11736    1.21 -47.61   15.67 -56.49  -10.13 -40.31   24.90 -14.68
0268 1983 7  1.12153    1.06 -47.37   15.42 -56.61  -10.25 -40.20   24.91 -14.78
0269 1983 7  2.12743    1.24 -47.33   15.12 -56.72  -10.33 -40.06   24.90 -14.86
0271 1983 7 23.91273   27.80  25.53   38.37   8.66   55.16  19.83    5.58  13.23
0272 1983 7 23.91620   27.43  25.91   38.29   8.56   55.18  19.68    5.61  13.23
0273 1983 7 23.92049   28.31  26.59   38.23   8.49   55.22  19.45    5.67  13.26
0275 1983 7 23.96597   29.48  27.32   37.04   7.48   55.43  17.17    5.80  13.52
0276 1983 7 23.97014   28.81  26.93   37.12   7.55   55.50  17.31    5.79  13.47
0277 1983 7 24.00162   30.41  27.48   36.14   6.87   55.67  15.45    5.97  13.68
0278 1983 7 24.00556   29.97  27.58   36.23   6.94   55.64  15.65    5.94  13.67
0279 1983 7 24.02014   30.75  28.00   35.69   6.62   55.70  14.63    6.03  13.79
0281 1983 7 24.02894   31.60  27.81   35.60   6.53   55.69  14.37    6.07  13.79
0282 1983 7 24.03380   31.08  28.10   35.48   6.52   55.70  14.22    6.11  13.85
0283 1983 7 24.03762   31.28  28.71   35.36   6.44   55.68  14.00    6.12  13.82
0285 1983 7 24.04549   31.51  28.16   35.15   6.34   55.69  13.62    6.12  13.90
0289 1983 7 24.91586   46.07  -5.99   32.31  13.49   41.01 -16.13   13.05  16.99
0321 1983 7 25.97512   48.57 -18.28   52.84 -21.38   20.12 -14.71   26.73  12.77
0323 1983 7 25.98646   48.39 -18.89   52.68 -21.97   20.13 -14.62   26.90  12.64
0324 1983 7 25.99028   48.57 -19.67   52.57 -22.13   20.05 -14.56   26.93  12.62
0325 1983 7 25.99363   48.51 -19.53   52.53 -22.34   20.06 -14.52   26.97  12.58
0326 1983 7 25.99745   48.07 -19.49   52.43 -22.63   19.97 -14.51   27.06  12.47
0327 1983 7 26.00139   48.50 -20.10   52.38 -22.74   20.05 -14.46   27.10  12.47
0328 1983 7 26.00532   48.02 -20.17   52.31 -22.94   20.02 -14.37   27.14  12.45
0329 1983 7 26.01366   47.99 -20.33   52.18 -23.40   20.04 -14.30   27.27  12.36
0330 1983 7 26.01759   47.92 -20.90   52.07 -23.56   19.99 -14.25   27.30  12.32
0331 1983 7 26.02292   48.30 -21.36   51.99 -23.86   19.98 -14.23   27.40  12.25
0332 1983 7 26.02708   47.98 -21.73   51.88 -24.06   19.98 -14.16   27.44  12.21
0333 1983 7 26.03194   48.08 -22.06   51.78 -24.30   19.96 -14.06   27.51  12.19
0334 1983 7 26.03623   48.31 -22.64   51.68 -24.53   19.94 -14.02   27.57  12.13
0335 1983 7 26.04306   47.81 -22.40   51.54 -24.88   19.95 -13.97   27.64  12.05
0336 1983 7 26.04711   47.33 -22.42   51.46 -25.06   19.96 -13.91   27.71  12.03
0337 1983 7 26.05197   47.42 -22.96   51.34 -25.33   19.92 -13.87   27.77  11.97
0338 1983 7 26.05625   47.56 -23.40   51.24 -25.53   19.91 -13.81   27.81  11.92
0339 1983 7 26.06019   47.15 -23.38   51.13 -25.71   19.89 -13.76   27.87  11.89
0340 1983 7 26.06516   46.86 -23.55   51.01 -25.95   19.93 -13.73   27.92  11.82
0341 1983 7 26.06933   46.91 -23.87   50.89 -26.11   19.92 -13.67   28.00  11.78
0343 1983 7 26.95289   25.96 -23.53   15.72 -39.12   28.75 -13.33   37.48  -2.35
0344 1983 7 26.95660   25.58 -24.13   15.62 -39.08   28.79 -13.41   37.51  -2.40
0350 1983 7 26.99433   26.57 -24.35   14.54 -38.29   29.30 -13.97   37.71  -3.12
0352 1983 7 27.00301   26.62 -24.21   14.28 -38.14   29.44 -14.17   37.80  -3.35
0353 1983 7 27.00810   26.71 -24.40   14.14 -38.03   29.54 -14.21   37.84  -3.45
0355 1983 7 27.01684   27.39 -24.52   13.90 -37.80   29.65 -14.33   37.88  -3.63
0356 1983 7 27.02130   27.10 -24.65   13.82 -37.73   29.70 -14.45   37.92  -3.74
0357 1983 7 27.02882   27.27 -25.00   13.57 -37.55   29.78 -14.58   37.93  -3.88
0358 1983 7 27.03241   26.99 -24.12   13.54 -37.51   29.91 -14.69   38.00  -3.99
0371 1983 7 28.03787    0.35 -44.35   17.98 -31.81   28.51 -44.95   37.14 -27.94
0372 1983 7 28.04815   -0.47 -43.60   18.06 -32.12   28.24 -45.28   37.06 -28.21
0376 1983 7 28.06620   -0.27 -43.36   18.19 -32.56   27.77 -45.87   36.90 -28.62
0466 1984 5 11.22708  -38.75  22.20  -28.28  16.17  -52.08  36.63   -0.19  25.39
0467 1984 5 11.23542  999.99 999.99  -28.43  16.22  -51.88  37.04   -0.09  25.34
0469 1984 5 11.25000  999.99 999.99  -28.71  16.30  -51.53  37.64    0.07  25.21
0470 1984 5 11.25694  999.99 999.99  -28.88  16.35  -51.34  37.96    0.13  25.16
0483 1984 5 12.18264  999.99 999.99  -29.85  47.97  -12.98  60.82    5.61  16.72
0486 1984 5 12.23194  999.99 999.99  -28.03  49.86  -10.58  60.79    5.65  16.32
0488 1984 5 12.24375  999.99 999.99  -27.53  50.29   -9.97  60.79    5.68  16.22
0489 1984 5 12.25069  999.99 999.99  -27.25  50.52   -9.64  60.73    5.67  16.16
0490 1984 5 12.25764  999.99 999.99  -26.94  50.78   -9.30  60.75    5.71  16.10
0491 1984 5 12.26458  999.99 999.99  -26.67  51.01   -8.98  60.71    5.71  16.05
0493 1984 5 12.31667  999.99 999.99  -24.38  52.69   -6.45  60.45    5.74  15.64
0494 1984 5 12.32361  999.99 999.99  -24.04  52.94   -6.13  60.46    5.76  15.58
0496 1984 5 12.33819  999.99 999.99  -23.39  53.39   -5.48  60.38    5.74  15.48
0497 1984 5 12.34583   -8.02  34.47  -23.05  53.50   -5.12  60.30    5.76  15.39
0498 1984 5 12.35278  999.99 999.99  -22.70  53.80   -4.73  60.26    5.74  15.35
0503 1984 5 13.18125    1.99  53.84   17.44  46.38   23.19  41.08    4.16  11.09
0504 1984 5 13.18889  999.99 999.99   17.63  46.10   23.30  40.85    4.13  11.07
0505 1984 5 13.19583  999.99 999.99   17.80  45.86   23.38  40.63    4.12  11.06
0506 1984 5 13.20347  999.99 999.99   18.01  45.59   23.51  40.40    4.08  11.08
0555 1984 6  5.15155  -33.88  -7.57  -31.01 -15.92  -61.81   0.43  -18.85  13.66
0557 1984 6  5.19167  -33.92  -8.31  -32.00 -16.31  -61.42   2.40  -18.37  13.75
0558 1984 6  5.20139  -34.00  -8.60  -32.25 -16.36  -61.34   2.81  -18.25  13.79
0559 1984 6  5.20972  -33.97  -8.74  -32.49 -16.43  -61.23   3.24  -18.16  13.80
0560 1984 6  5.21736  -34.05  -8.97  -32.70 -16.49  -61.17   3.60  -18.06  13.81
0561 1984 6  5.22569  -34.27  -9.05  -32.93 -16.54  -61.06   3.98  -17.98  13.83
0571 1984 6  6.05417  -50.29  17.31  -56.91   5.77  -38.87  30.12  -10.27  12.59
0572 1984 6  6.06181  -49.86  17.82  -56.97   6.18  -38.61  30.23  -10.23  12.55
0574 1984 6  6.07639  -49.47  18.48  -57.06   6.98  -38.08  30.43  -10.14  12.49
0575 1984 6  6.08403  -49.15  18.80  -57.10   7.42  -37.84  30.53  -10.10  12.46
0578 1984 6  6.12708  -47.40  20.69  -57.20   9.80  -36.37  30.98   -9.83  12.29
0579 1984 6  6.13472  -47.03  21.08  -57.20  10.23  -36.07  31.06   -9.79  12.26
0581 1984 6  6.15451  -46.21  21.63  -57.19  11.31  -35.42  31.19   -9.71  12.12
0582 1984 6  6.15903  -45.91  21.90  -57.17  11.56  -35.28  31.24   -9.64  12.16
0583 1984 6  6.17361  -45.22  22.32  -57.12  12.41  -34.78  31.35   -9.56  12.08
0587 1984 6  7.14132  -40.49  24.10  -22.67  40.00  -13.69  24.05   -7.97   8.17
0588 1984 6  7.14861  -40.78  24.38  -22.39  39.90  -13.65  23.93   -7.98   8.14
0589 1984 6  7.15417  -40.87  24.70  -22.18  39.84  -13.64  23.86   -7.99   8.13
0590 1984 6  7.15903  -40.93  24.96  -21.99  39.81  -13.65  23.79   -8.00   8.12
0591 1984 6  7.16667  -40.97  25.30  -21.68  39.71  -13.60  23.69   -8.00   8.10
0592 1984 6  7.17222  -41.05  25.60  -21.53  39.61  -13.57  23.61   -8.03   8.08
0593 1984 6  7.18056  -40.99  26.15  -21.21  39.49  -13.53  23.50   -8.03   8.06
0594 1984 6  7.18750  -41.07  26.54  -20.94  39.40  -13.49  23.39   -8.04   8.04
0595 1984 6  7.19306  -41.19  26.73  -20.75  39.32  -13.50  23.31   -8.07   8.02
0596 1984 6  7.19861  -41.15  27.06  -20.54  39.25  -13.47  23.25   -8.07   8.00
0597 1984 6  7.20417  -41.13  27.44  -20.35  39.18  -13.46  23.18   -8.08   8.01
0598 1984 6  7.21111  -41.22  27.82  -20.11  39.08  -13.43  23.08   -8.09   7.97
0609 1984 6  8.06944   -8.31  37.82  -17.21  26.48  -20.25  21.04  -11.38   8.38
0610 1984 6  8.07361   -8.42  37.57  -17.28  26.49  -20.28  21.08  -11.41   8.36
0611 1984 6  8.09931   -8.21  36.84  -17.74  26.73  -20.57  21.43  -11.52   8.48
0612 1984 6  8.10625   -8.21  36.67  -17.85  26.82  -20.64  21.52  -11.56   8.51
0613 1984 6  8.11250   -8.18  36.42  -17.97  26.85  -20.73  21.58  -11.60   8.55
0615 1984 6  8.12917   -8.26  35.93  -18.24  27.06  -20.90  21.83  -11.68   8.62
0617 1984 6  8.14375   -8.32  35.51  -18.48  27.25  -21.04  22.05  -11.73   8.66
0618 1984 6  8.14861   -8.37  35.37  -18.58  27.34  -21.10  22.13  -11.74   8.72
0619 1984 6  8.15625   -8.38  35.20  -18.68  27.42  -21.16  22.23  -11.79   8.72
0620 1984 6  8.16319   -8.53  35.06  -18.78  27.53  -21.23  22.35  -11.82   8.75
0621 1984 6  8.17014   -8.53  34.83  -18.89  27.63  -21.29  22.45  -11.85   8.78
0622 1984 6  8.17569   -8.59  34.70  -18.99  27.72  -21.38  22.57  -11.87   8.81
0623 1984 6  8.18125   -8.74  34.61  -19.07  27.81  -21.43  22.64  -11.90   8.83
0624 1984 6  8.18819   -8.81  34.46  -19.19  27.93  -21.50  22.76  -11.93   8.86
0625 1984 6  8.19444   -8.83  34.37  -19.28  28.04  -21.57  22.87  -11.96   8.90
0626 1984 6  8.19931   -8.93  34.21  -19.34  28.11  -21.58  22.95  -11.97   8.91
0629 1984 6  9.17153    9.23  52.55   -1.32  57.42  -15.03  49.11  -14.28  17.07
0630 1984 6  9.18194    9.58  52.42   -0.88  57.48  -14.79  49.31  -14.27  17.15
0631 1984 6  9.19045   10.13  52.07   -0.28  57.63  -14.46  49.62  -14.23  17.30
0632 1984 6  9.19792   10.96  51.78    0.16  57.68  -14.24  49.86  -14.24  17.38
0633 1984 6  9.20486   11.02  51.66    0.50  57.75  -14.07  50.05  -14.24  17.46
0634 1984 6  9.21042   11.32  51.52    0.79  57.79  -13.85  50.14  -14.22  17.50
0641 1984 6 11.04236   42.50  16.16   23.83  17.86   56.88  25.51    5.89  37.04
0642 1984 6 11.04931   42.28  15.84   23.79  17.94   57.00  25.17    6.02  37.06
0643 1984 6 11.06267   41.98  15.28   23.73  18.17   57.16  24.54    6.29  37.13
0648 1984 6 11.10694   40.74  13.77   23.71  18.93   57.70  22.42    7.23  37.30
0653 1984 6 11.14167   39.55  12.81   23.66  19.49   57.97  20.74    7.91  37.45
0654 1984 6 11.14861   39.42  12.45   23.73  19.60   58.08  20.37    8.11  37.45
0667 1984 7 12.05486   19.06 -48.06    9.20 -28.37   -8.64 -45.70   34.09 -66.06
0668 1984 7 12.06250  999.99 999.99    9.29 -28.40   -8.84 -45.51   33.81 -66.22
0669 1984 7 12.06944  999.99 999.99    9.40 -28.40   -9.01 -45.35   33.55 -66.37
0670 1984 7 12.07639  999.99 999.99    9.53 -28.41   -9.18 -45.15   33.31 -66.50
0671 1984 7 12.08333  999.99 999.99    9.64 -28.44   -9.32 -44.99   33.07 -66.63
0672 1984 7 12.09028  999.99 999.99    9.76 -28.48   -9.50 -44.84   32.82 -66.84
0673 1984 7 12.09653  999.99 999.99    9.83 -28.51   -9.66 -44.65   32.54 -66.96
0674 1984 7 12.10347  999.99 999.99    9.93 -28.52   -9.83 -44.47   32.30 -67.06
0675 1984 7 12.10972  999.99 999.99   10.04 -28.56   -9.94 -44.29   32.08 -67.18
0676 1984 7 12.11667  999.99 999.99   10.13 -28.61  -10.10 -44.13   31.82 -67.34
0677 1984 7 13.06597   -6.10 -33.54    0.20 -53.28  -13.61 -22.95   -7.54 -75.28
0678 1984 7 13.07083   -5.93 -33.64    0.01 -53.39  -13.56 -22.90   -7.76 -75.29
0679 1984 7 13.07535   -5.93 -33.72   -0.21 -53.48  -13.50 -22.81   -7.94 -75.26
0680 1984 7 13.08056   -5.65 -33.66   -0.44 -53.54  -13.45 -22.77   -8.17 -75.23
0681 1984 7 13.08472  999.99 999.99   -0.67 -53.63  -13.39 -22.80   -8.34 -75.22
0682 1984 7 13.08889   -5.74 -33.85   -0.79 -53.74  -13.34 -22.71   -8.51 -75.21
0683 1984 7 13.09306  999.99 999.99   -1.05 -53.79  -13.28 -22.68   -8.73 -75.24
0684 1984 7 13.09792  999.99 999.99   -1.32 -53.84  -13.32 -22.66   -8.97 -75.23
0685 1984 7 13.10208  999.99 999.99   -1.45 -53.90  -13.20 -22.56   -9.09 -75.18
0686 1984 7 13.10625   -5.28 -34.08   -1.65 -53.97  -13.14 -22.52   -9.29 -75.19
0687 1984 7 13.11042   -5.22 -34.36   -1.87 -54.04  -13.15 -22.49   -9.49 -75.12
0688 1984 7 14.08681  -37.77 -31.11  -41.87 -29.58   -8.62 -28.75  -48.35 -58.33
0689 1984 7 14.09062  -36.85 -30.92  -41.84 -29.42   -8.63 -28.78  -48.51 -58.20
0690 1984 7 14.09444  -37.38 -30.79  -41.85 -29.28   -8.55 -28.85  -48.53 -58.09
0692 1984 7 14.10208  999.99 999.99  -41.88 -28.85   -8.70 -28.94  -48.86 -57.90
0693 1984 7 14.10833  -37.43 -29.81  -41.95 -28.55   -8.76 -29.07  -49.06 -57.70
0694 1984 7 14.11250  999.99 999.99  -41.93 -28.38   -8.80 -29.13  -49.22 -57.59
0695 1984 7 14.11736  -37.52 -29.30  -41.97 -28.14   -8.87 -29.20  -49.41 -57.47
0696 1984 7 14.12118  -37.46 -29.31  -42.02 -28.00   -8.91 -29.29  -49.55 -57.37
0697 1984 7 14.12708  999.99 999.99  -42.06 -27.68   -8.96 -29.33  -49.72 -57.14
0698 1984 7 14.13125  999.99 999.99  -42.03 -27.48   -8.98 -29.44  -49.83 -57.05
0704 1984 7 16.06655  -34.67   6.78  -49.65  -9.91  -61.90  -4.08  -71.65  19.88
0705 1984 7 16.07083  999.99 999.99  -49.78  -9.75  -61.91  -3.83  -71.58  20.09
0706 1984 7 16.07500  999.99 999.99  -49.92  -9.53  -61.99  -3.63  -71.55  20.28
0707 1984 7 16.07917  999.99 999.99  -50.04  -9.42  -62.03  -3.43  -71.50  20.43
0708 1984 7 16.08333  999.99 999.99  -50.11  -9.27  -62.02  -3.20  -71.40  20.59
0709 1984 7 16.08750  999.99 999.99  -50.29  -9.11  -62.07  -3.05  -71.38  20.72
0710 1984 7 16.09167  999.99 999.99  -50.38  -8.93  -62.08  -2.80  -71.25  20.89
0711 1984 7 16.09583  999.99 999.99  -50.64  -8.64  -62.18  -2.44  -71.21  21.24
0713 1984 7 16.10347  999.99 999.99  -50.74  -8.48  -62.15  -2.26  -71.15  21.38
0714 1984 7 16.10764  999.99 999.99  -50.88  -8.30  -62.22  -1.98  -71.08  21.58
0715 1984 7 16.11181  999.99 999.99  -50.96  -8.15  -62.26  -1.82  -71.04  21.71
0716 1984 7 16.11597  999.99 999.99  -51.11  -7.98  -62.29  -1.62  -70.99  21.90
0717 1984 7 16.11944  999.99 999.99  -51.21  -7.80  -62.31  -1.41  -70.92  22.07
0758 1985 3 30.26007  -27.06  32.70  -43.06  15.42  -53.61  25.64  -10.74   4.31
0759 1985 3 30.26458  -26.83  32.24  -43.07  15.64  -53.56  25.86  -10.77   4.29
0760 1985 3 30.27014  -26.46  32.20  -43.16  15.83  -53.46  26.13  -10.75   4.28
0762 1985 3 30.27951  -26.09  32.03  -43.26  16.16  -53.36  26.47  -10.80   4.27
0763 1985 3 30.28472  -26.07  32.10  -43.36  16.41  -53.30  26.76  -10.81   4.23
0764 1985 3 30.29062  -25.72  32.12  -43.45  16.67  -53.22  27.06  -10.85   4.25
0765 1985 3 30.29549  -25.66  31.99  -43.54  16.83  -53.20  27.24  -10.86   4.25
0769 1985 3 30.35104  -24.01  30.80  -44.11  19.16  -52.31  29.79  -11.10   4.23
0790 1985 4  3.22639   31.15  33.84   47.90  30.82   16.15  19.49    6.08  40.03
0791 1985 4  3.23067   31.14  33.90   47.99  30.62   16.13  19.55    6.16  40.02
0792 1985 4  3.23414   31.43  34.09   48.08  30.45   16.21  19.55    6.26  40.01
0793 1985 4  3.23796   31.81  33.82   48.14  30.29   16.15  19.64    6.32  40.04
0794 1985 4  3.24167   31.97  33.94   48.25  30.07   16.18  19.67    6.41  40.07
0795 1985 4  3.24583   32.06  33.86   48.34  29.90   16.19  19.72    6.48  40.07
0796 1985 4  3.25000   32.51  33.94   48.42  29.71   16.20  19.80    6.62  40.10
0797 1985 4  3.25556   32.64  33.77   48.60  29.41   16.23  19.87    6.74  40.10
0798 1985 4  3.25972   32.85  33.80   48.68  29.21   16.25  19.89    6.83  40.12
0799 1985 4  3.26458   32.95  33.83   48.74  28.99   16.23  19.96    6.92  40.16
0800 1985 4  3.27014   33.41  33.80   48.93  28.71   16.33  20.06    7.10  40.18
0804 1985 4  3.33889   37.27  33.10   50.19  25.25   16.68  20.96    8.70  40.37
1102 1987 6 19.05972    9.88  39.14   33.16  34.98   32.59  24.58   19.87   6.81
1103 1987 6 19.06736   10.16  39.38   33.22  34.67   32.59  24.41   19.84   6.77
1104 1987 6 19.07431   10.20  39.58   33.25  34.37   32.54  24.19   19.81   6.69
1105 1987 6 19.10243   10.70  40.57   33.37  33.17   32.36  23.37   19.67   6.42
1106 1987 6 19.11111   11.03  40.81   33.39  32.82   32.33  23.15   19.61   6.34
1107 1987 6 19.12083   11.32  41.05   33.41  32.44   32.28  22.91   19.57   6.26
1109 1987 6 19.14861   12.15  42.02   33.43  31.28   32.09  22.12   19.40   6.01
1110 1987 6 19.15833   12.47  42.26   33.37  30.88   32.00  21.86   19.32   5.91
1111 1987 6 19.16597   12.79  42.49   33.40  30.60   31.98  21.68   19.30   5.86
1112 1987 6 19.18472   13.51  43.02   33.32  29.87   31.79  21.22   19.17   5.70
1113 1987 6 19.19444   13.96  43.25   33.32  29.50   31.75  20.95   19.13   5.63
1119 1987 6 20.06111   37.84  17.63   21.56  22.23   20.70  12.95   13.70   1.72
1120 1987 6 20.06944   37.57  17.47   21.56  22.39   20.62  13.00   13.65   1.71
1121 1987 6 20.07847   37.42  17.23   21.59  22.54   20.54  13.04   13.59   1.71
1122 1987 6 20.08681   37.06  17.06   21.61  22.70   20.46  13.12   13.55   1.71
1123 1987 6 20.09583   36.78  16.73   21.64  22.86   20.39  13.16   13.51   1.69
1124 1987 6 20.10556   36.51  16.63   21.70  23.03   20.34  13.22   13.45   1.69
1125 1987 6 20.11319   36.26  16.50   21.74  23.18   20.27  13.28   13.42   1.69
1126 1987 6 20.12847   35.89  16.14   21.83  23.46   20.17  13.39   13.34   1.67
1127 1987 6 20.13750   35.57  15.98   21.90  23.64   20.13  13.47   13.31   1.67
1128 1987 6 20.14583   35.22  15.91   21.88  23.79   20.02  13.53   13.18   1.67
1129 1987 6 20.15451   34.99  15.82   22.05  23.96   20.02  13.59   13.21   1.67
1130 1987 6 20.16007   34.86  15.68   22.08  24.08   19.99  13.63   13.15   1.65
1131 1987 6 20.16667   34.63  15.56   22.15  24.19   19.94  13.69   13.13   1.68
1132 1987 6 20.17431   34.39  15.51   22.24  24.33   19.93  13.73   13.09   1.66
1133 1987 6 20.17986   34.16  15.44   22.28  24.45   19.90  13.80   13.09   1.66
1144 1987 7 15.01389    6.75  50.93   -7.96  31.98  -15.66  31.87    4.54  11.34
1145 1987 7 15.03681    7.94  50.28   -8.13  32.45  -15.57  32.41    4.45  11.27
1146 1987 7 15.04236    8.23  50.15   -8.17  32.60  -15.54  32.57    4.44  11.25
1148 1987 7 15.07153    9.61  49.20   -8.33  33.28  -15.42  33.31    4.34  11.17
1149 1987 7 15.07569    9.81  49.08   -8.34  33.39  -15.39  33.43    4.33  11.17
1151 1987 7 15.09167   10.49  48.49   -8.42  33.79  -15.31  33.84    4.28  11.14
1152 1987 7 15.09722   10.70  48.29   -8.46  33.93  -15.27  33.96    4.26  11.13
1153 1987 7 15.10278   10.98  48.08   -8.47  34.06  -15.24  34.10    4.24  11.11
1154 1987 7 15.11389   11.47  47.63   -8.50  34.33  -15.17  34.39    4.20  11.07
1155 1987 7 15.11875   11.61  47.42   -8.52  34.49  -15.13  34.54    4.19  11.09
1158 1987 7 15.13889   12.29  46.61   -8.53  35.03  -14.99  35.04    4.13  11.03
1159 1987 7 15.14583   12.59  46.34   -8.52  35.20  -14.93  35.21    4.10  11.01
1161 1987 7 15.15972   12.93  45.72   -8.51  35.60  -14.81  35.57    4.05  10.98
1168 1987 7 15.97014    9.93  41.19   17.71  53.36    6.01  53.83    1.73  11.69
1169 1987 7 15.97431   10.00  41.24   17.94  53.36    6.22  53.88    1.73  11.70
1170 1987 7 15.97778   10.16  41.42   18.12  53.35    6.32  53.90    1.72  11.71
1171 1987 7 15.98125   10.13  41.64   18.30  53.33    6.48  53.95    1.72  11.72
1175 1987 7 16.07153   13.66  44.14   23.17  52.45   10.27  54.78    1.60  12.08
1176 1987 7 16.07917   14.03  44.28   23.57  52.33   10.61  54.84    1.59  12.11
1177 1987 7 16.08264   14.15  44.42   23.72  52.28   10.74  54.85    1.59  12.10
1178 1987 7 16.08681   14.37  44.50   23.95  52.21   10.93  54.89    1.59  12.13
1179 1987 7 16.09097   14.59  44.56   24.22  52.15   11.13  54.90    1.58  12.16
1180 1987 7 16.09444   14.70  44.66   24.37  52.11   11.28  54.94    1.58  12.18
1182 1987 7 16.10139   15.08  44.77   24.72  51.98   11.57  54.97    1.56  12.19
1183 1987 7 16.10486   15.28  44.90   24.91  51.92   11.74  55.00    1.57  12.21
1184 1987 7 16.10972   15.50  44.94   25.18  51.84   11.96  55.03    1.58  12.25
1185 1987 7 16.11667   15.86  45.04   25.53  51.72   12.24  55.06    1.56  12.26
1190 1987 7 16.96389   35.44  17.30   44.90  16.84   48.63  41.25    3.44  17.20
1191 1987 7 16.96736   35.35  17.21   44.88  16.68   48.76  41.12    3.46  17.23
1192 1987 7 16.97083   35.36  17.19   44.83  16.52   48.89  40.99    3.49  17.24
1193 1987 7 16.97431   35.10  16.97   44.76  16.40   48.98  40.86    3.50  17.26
1197 1987 7 17.06042   32.56  16.25   43.34  13.13   51.73  37.54    4.02  17.80
1198 1987 7 17.06389   32.41  16.17   43.28  13.00   51.85  37.41    4.05  17.83
1199 1987 7 17.06736   32.34  16.19   43.21  12.87   51.94  37.27    4.06  17.85
1200 1987 7 17.07083   32.26  16.17   43.14  12.75   52.04  37.13    4.09  17.87
1201 1987 7 17.07431   32.11  16.19   43.07  12.64   52.14  36.98    4.12  17.89
1202 1987 7 17.07917   32.06  16.18   42.99  12.48   52.31  36.80    4.16  17.94
1204 1987 7 17.09167   31.75  16.27   42.75  12.08   52.69  36.31    4.25  18.01
1205 1987 7 17.09792   31.58  16.24   42.60  11.89   52.86  36.08    4.28  18.07
1210 1987 7 17.99236   52.42  10.14   29.12  10.77   57.55  -5.32   13.68  21.84
1212 1987 7 18.00486   52.63   9.40   29.27  10.96   57.34  -5.83   13.85  21.87
1213 1987 7 18.01111   52.61   9.00   29.35  11.03   57.25  -6.10   13.96  21.87
1215 1987 7 18.02361   52.76   8.21   29.50  11.22   57.03  -6.63   14.11  21.86
1216 1987 7 18.02986   52.73   7.82   29.59  11.31   56.90  -6.88   14.20  21.87
1217 1987 7 18.03611   52.81   7.44   29.68  11.40   56.81  -7.12   14.29  21.89
1218 1987 7 18.05000   52.78   6.84   29.82  11.54   56.61  -7.53   14.41  21.90
1220 1987 7 18.05903   52.86   6.02   30.02  11.71   56.32  -8.04   14.60  21.90
1221 1987 7 18.06597   52.78   5.61   30.16  11.79   56.21  -8.32   14.71  21.90
1222 1987 7 18.07222   52.74   5.16   30.25  11.88   56.09  -8.56   14.80  21.89
1223 1987 7 18.07847   52.68   4.79   30.33  11.96   55.94  -8.82   14.90  21.91
1228 1987 7 18.97101   36.66  -3.73   54.48  -4.82   29.55 -27.29   28.75  17.91
1230 1987 7 18.98403   37.10  -3.76   54.63  -5.48   29.21 -27.29   28.96  17.78
1231 1987 7 18.99028   37.32  -3.77   54.69  -5.81   29.02 -27.31   29.06  17.71
1232 1987 7 18.99653   37.51  -3.83   54.75  -6.13   28.83 -27.31   29.17  17.66
1233 1987 7 19.00278   37.74  -3.81   54.80  -6.44   28.63 -27.30   29.27  17.58
1234 1987 7 19.00903   37.97  -3.82   54.85  -6.77   28.46 -27.31   29.36  17.52
1235 1987 7 19.01528   38.13  -3.76   54.88  -7.09   28.27 -27.30   29.45  17.45
1236 1987 7 19.02153   38.35  -3.82   54.94  -7.41   28.11 -27.29   29.54  17.39
1237 1987 7 19.02778   38.46  -4.07   54.97  -7.72   27.95 -27.29   29.64  17.34
1238 1987 7 19.03403   38.81  -3.86   55.00  -8.07   27.73 -27.27   29.72  17.26
1239 1987 7 19.04028   39.02  -3.93   55.05  -8.39   27.60 -27.26   29.84  17.20
1240 1987 7 19.04653   39.23  -3.99   55.06  -8.74   27.40 -27.24   29.94  17.13
1241 1987 7 19.05278   39.50  -4.03   55.08  -9.05   27.23 -27.24   30.05  17.06
1242 1987 7 19.06042   39.75  -4.10   55.12  -9.46   27.04 -27.23   30.16  16.99
1243 1987 7 19.06667   39.91  -4.18   55.13  -9.78   26.85 -27.19   30.27  16.92
1245 1987 7 19.07917   40.47  -4.31   55.17 -10.46   26.54 -27.16   30.48  16.79
1246 1987 7 19.08611   40.65  -4.45   55.14 -10.83   26.34 -27.15   30.55  16.69
1247 1987 7 19.09236   40.84  -4.55   55.14 -11.17   26.14 -27.14   30.66  16.62
1332 1988 7 29.97431   34.48 -17.87   27.26 -11.30   32.47 -28.65   73.12  -7.32
1333 1988 7 29.98056   34.22 -17.75   27.20 -11.22   32.24 -28.70   73.06  -7.61
1334 1988 7 29.98681   34.05 -17.65   27.18 -11.10   32.07 -28.75   73.08  -7.89
1335 1988 7 29.99340   33.76 -17.60   27.15 -10.99   31.85 -28.78   73.00  -8.16
1336 1988 7 30.00035   33.65 -17.64   27.10 -10.88   31.58 -28.81   72.98  -8.47
1337 1988 7 30.00729   33.34 -17.48   27.08 -10.77   31.40 -28.84   72.95  -8.76
1338 1988 7 30.01424   33.07 -17.39   27.08 -10.65   31.17 -28.89   72.94  -9.03
1339 1988 7 30.02361   32.87 -17.26   27.06 -10.52   30.90 -28.95   72.89  -9.44
1340 1988 7 30.02986   32.82 -17.08   27.04 -10.44   30.70 -28.99   72.85  -9.73
1341 1988 7 30.03646   32.55 -17.04   27.05 -10.33   30.50 -29.00   72.82 -10.00
1342 1988 7 30.04271   32.33 -16.89   27.04 -10.26   30.33 -29.02   72.80 -10.28
1366 1988 7 31.00694   38.38 -34.66   42.87 -21.23   13.66 -20.54   56.32 -48.06
1367 1988 7 31.01389   38.10 -34.95   42.88 -21.48   13.67 -20.44   56.12 -48.27
1368 1988 7 31.02020   37.69 -35.24   42.89 -21.81   13.67 -20.37   55.94 -48.50
1370 1988 7 31.03264   37.12 -35.92   42.95 -22.32   13.67 -20.23   55.58 -48.88
1373 1988 7 31.05208   36.28 -36.59   43.00 -23.19   13.69 -19.98   55.04 -49.50
1395 1988 7 31.99583   17.94 -31.16   10.15 -53.51   22.17 -21.76   20.91 -71.43
1396 1988 8  1.00139   18.13 -31.22    9.81 -53.48   22.20 -21.85   20.62 -71.49
1397 1988 8  1.00764   18.19 -31.47    9.52 -53.46   22.25 -21.99   20.39 -71.59
1424 1988 8  2.97917  -14.05 -42.97   -9.64 -29.77   13.89 -48.31  -20.41 -71.22
1425 1988 8  2.99931  -14.52 -42.18   -9.38 -29.49   13.30 -48.84  -21.22 -70.95
1426 1988 8  3.00625  -14.34 -41.80   -9.30 -29.40   13.08 -49.01  -21.51 -70.87
1427 1988 8  3.01910  -14.65 -41.30   -9.11 -29.26   12.69 -49.38  -22.03 -70.72
1428 1988 8  3.02917  -14.75 -40.84   -8.93 -29.12   12.41 -49.62  -22.41 -70.59
1429 1988 8  3.03542  -14.77 -40.57   -8.84 -29.05   12.21 -49.77  -22.60 -70.48
1430 1988 8  3.04236  -14.95 -40.12   -8.80 -28.98   11.95 -49.92  -22.96 -70.36
1431 1988 8  3.04861  -14.91 -39.99   -8.67 -28.92   11.78 -50.09  -23.17 -70.29
1432 1988 8  3.06007  -14.91 -39.54   -8.50 -28.83   11.48 -50.34  -23.55 -70.13
1433 1988 8  3.06562  -15.10 -39.07   -8.44 -28.75   11.26 -50.52  -23.80 -70.02