 1987 07 20.797197  3   27.270     20.155 
 1987 07 20.797197  4  -20.160     39.076 
 1987 07 27.787271  3  -12.645     30.702 
 1987 07 28.786382  4   -7.770    -43.056 
 1987 08 20.762314  3  -33.090    -10.411 
 1987 08 20.762314  4   45.510      4.820 
 1987 09 13.719212  3    9.315    -29.218 
 1987 09 14.730040  4   23.550     36.133 
 1987 09 15.725802  3  -30.225    -12.812 
 1987 09 23.714365  3  -20.655    -24.797 
 1987 09 23.714365  4  -45.450     -0.196 
 1987 09 24.696835  3  -32.760     -7.189 
 1987 09 24.696835  4  -40.770     18.074 
 1987 09 25.694570  3  -29.955     13.967 
 1987 09 25.694570  4  -26.700     32.848 
 1988 08 05.769148  4   44.550    -12.472 
 1988 08 06.763020  3   25.050     21.736 
 1988 08 06.763020  4   33.870    -29.548 
 1988 08 16.771089  3   33.840     -5.000 
 1988 08 16.771089  4   30.795     32.286 
 1988 09 02.730477  3   33.480      5.056 
 1988 09 02.730477  4   32.310    -29.134 
 1988 09 07.729304  3  -32.280      8.738 
 1988 09 07.729304  4  -45.420     -1.700 
 1988 09 13.713688  3    1.830    -30.910 
 1988 09 13.713688  4   42.165     15.490 
 1988 09 14.698622  3  -20.100    -25.148 
 1988 09 14.698622  4   44.835     -3.130 
 1988 09 15.694797  3  -32.985     -7.223 
 1988 09 15.694797  4   38.280    -20.858 
 1989 06 28.882262  3  -17.835    -29.282 
 1989 06 28.882262  4  -24.390    -37.887 
 1989 07 01.877430  3  -14.940     27.948 
 1989 07 01.877430  4  -42.330     14.939 
 1989 07 02.839754  4  -30.540     30.358 
 1989 07 03.826820  3   28.710     19.572 
 1989 07 03.826820  4  -11.625     41.081 
 1989 07 28.774925  3    4.500     32.269 
 1989 07 28.774925  4  -42.720     14.964 
 1989 08 01.769531  3    4.425    -31.822 
 1989 08 01.769531  4   29.175     33.852 
 1989 08 02.785644  3  -19.290    -27.675 
 1989 08 02.785644  4   41.730     17.723 
 1989 08 07.765969  3   29.340     16.567 
 1989 08 07.765969  4  -15.465    -39.900 
 1989 08 10.817051  3   -3.690    -31.987 
 1989 08 25.720110  3   33.660      4.534 
 1989 08 25.720110  4  -29.325     30.957 
 1989 08 26.728856  3   27.990    -16.707 
 1989 08 26.728856  4  -10.380     40.760 
 1989 08 27.736793  3    7.920    -30.863 
 1989 08 27.736793  4   10.275     40.965 
 1989 08 28.726770  3  -15.285    -28.790 
 1989 08 28.726770  4   29.460     32.982 
 1989 08 29.733619  4   42.150     17.236 
 1989 08 30.737016  3  -31.110      8.923 
 1989 08 30.737016  4   45.510     -2.237 
 1989 08 31.727996  3  -16.545     27.033 
 1989 08 31.727996  4   38.775    -19.846 
 1989 09 03.725989  3   33.915     -1.546 
 1989 09 03.725989  4  -15.450    -39.150 
 1989 09 04.725825  3   22.530    -22.295 
 1989 09 04.725825  4  -33.765    -30.357 
 1989 09 05.731002  3    0.840    -30.991 
 1989 09 05.731002  4  -42.690    -12.808 
 1989 09 21.700692  3   29.160    -13.657 
 1989 09 21.700692  4  -27.825     31.222 
 1989 09 22.690772  3   11.820    -28.422 
 1989 09 22.690772  4   -9.345     40.356 
 1989 09 23.689641  3  -11.835    -29.376 
 1989 09 23.689641  4   10.755     40.130 
 1989 09 24.686883  4   28.290     31.627 
 1989 09 25.686158  3  -31.680      4.996 
 1989 09 25.686158  4   40.200     16.240 
 1990 08 20.774998  4  -32.595    -30.554 
 1990 08 20.774998  3  -17.160    -27.837 
 1990 08 27.769149  4   34.620     26.253 
 1990 08 27.769149  3   21.765    -23.526 
 1990 09 07.698631  4  -11.490     39.379 
 1990 09 07.698631  3  -24.975    -21.740 
 1990 09 08.700000  4    9.375     40.854 
 1990 09 08.700000  3  -31.905      0.614 
 1990 09 11.694398  4   43.815     -0.158 
 1990 09 11.694398  3   20.130     25.579 
 1990 09 16.689630  4  -30.990    -30.514 
 1990 09 16.689630  3  -28.320    -15.785 
 1990 09 18.687407  4  -41.490      5.007 
 1990 09 18.687407  3  -17.610     24.607 
 1990 09 21.693391  4    0.300     40.727 
 1990 09 21.693391  3   32.535      0.411 
 1990 09 22.690636  4   19.200     37.507 
 1990 09 22.690636  3   24.600    -19.322 
 1990 09 23.690616  4   34.425     26.092 
 1990 09 23.690616  3    3.885    -30.808 
 1990 09 24.709207  4   41.610      8.254 
 1990 09 24.709207  3  -18.225    -27.266 
 1990 10 07.666345  4   39.780     17.830 
 1990 10 07.666345  3   16.620     26.519 
 1990 10 10.665775  4   23.325    -33.396 
 1990 10 10.665775  3   13.215    -26.510 
 1990 10 15.669936  4  -41.385      5.685 
 1990 10 15.669936  3   -0.135     29.468 
 1990 10 17.676782  4  -18.630     35.390 
 1990 10 17.676782  3   30.585      4.177 
 1991 08 08.790782  4  -35.130     22.360 
 1991 08 08.790782  3   23.205     23.435 
 1991 08 31.726356  4  -13.035    -41.667 
 1991 08 31.726356  3  -31.635      0.579 
 1991 09 05.721053  4  -20.190     35.505 
 1991 09 05.721053  3   27.180    -16.583 
 1991 09 11.713052  4   32.340    -26.689 
 1991 09 11.713052  3    4.140     31.075 
 1991 09 29.686822  4  -40.215    -14.360 
 1991 09 29.686822  3   16.140     26.789 
 1991 09 30.684532  4  -41.325      3.774 
 1991 09 30.684532  3   29.595      9.970 
 1991 10 01.693570  4  -34.395     22.169 
 1991 10 01.693570  3   28.290    -11.766 
 1991 10 04.693984  4   17.985     38.161 
 1991 10 04.693984  3  -26.490    -16.675 
 1991 10 05.675046  4   32.730     26.870 
 1991 10 05.675046  3  -31.110      3.400 
 1991 10 07.671843  4   40.095     -9.488 
 1991 10 07.671843  3    1.740     30.496 
 1991 10 12.693722  4  -35.640    -23.177 
 1991 10 12.693722  3  -15.390    -26.815 
 1991 11 07.647567  4  -20.565    -33.565 
 1991 11 07.647567  3  -10.830    -28.261 
 1992 07 01.858924  4   39.450     12.810 
 1992 07 01.858924  3  -28.695      8.956 
 1992 07 03.846981  4   32.460    -23.888 
 1992 07 03.846981  3    6.270     32.846 
 1992 07 07.850176  3    0.960    -31.881 
 1992 07 08.880370  4  -40.530     -7.828 
 1992 07 08.880370  3  -20.145    -25.664 
 1992 07 23.794459  4  -34.965     20.732 
 1992 07 23.794459  3   27.270    -13.464 
 1992 07 26.859346  4   15.360     40.292 
 1992 07 26.859346  3  -27.690    -15.647 
 1992 08 01.785646  4   -1.110    -43.603 
 1992 08 01.785646  3   23.340    -19.098 
 1992 08 03.805032  4  -34.080    -26.517 
 1992 08 03.805032  3  -17.385    -28.330 
 1992 08 04.814456  4  -41.580     -7.108 
 1992 08 04.814456  3  -29.700    -10.256 
 1992 08 21.729410  4   -3.030     41.242 
 1992 08 21.729410  3  -25.050    -19.339 
 1992 08 22.732786  3  -29.775      1.388 
 1992 08 25.728267  4   39.945     -7.312 
 1992 08 25.728267  3   19.110     24.280 
 1992 08 29.735336  4  -19.935    -38.673 
 1992 08 29.735336  3  -13.875    -29.184 
 1992 09 01.733826  4  -37.965     12.477 
 1992 09 01.733826  3  -15.135     26.797 
 1992 09 19.703287  4   31.530     27.234 
 1992 09 19.703287  3   -3.420     30.116 
 1992 09 28.689140  4  -37.950     12.295 
 1992 09 28.689140  3    2.160     31.279 
 1992 09 29.678362  4  -27.975     28.837 
 1992 09 29.678362  3   20.730     22.588 
 1992 09 30.695888  4  -11.325     39.161 
 1992 09 30.695888  3   29.400      2.638 
 1992 10 01.683102  4    7.080     40.935 
 1992 10 01.683102  3   22.725    -17.087 
 1992 10 22.656128  3  -29.265      1.064 
 1993 08 22.759740  3  -27.540    -13.257 
 1993 08 23.827694  4   39.015      1.576 
 1993 08 23.827694  3  -27.840     10.826 
 1993 08 24.819161  4   35.850    -16.929 
 1993 08 24.819161  3  -12.180     27.306 
 1993 09 08.725190  3  -22.050    -20.906 
 1993 09 10.791999  4  -20.070    -37.676 
 1993 09 10.791999  3  -21.225     20.474 
 1993 09 11.731232  4  -32.730    -25.868 
 1993 09 11.731232  3   -2.205     30.751 
 1993 09 12.727734  4  -39.735     -6.999 
 1993 09 12.727734  3   16.545     25.555 
 1993 09 16.719880  4    5.460     41.808 
 1993 09 16.719880  3  -10.890    -30.148 
 1993 09 17.721570  4   22.605     34.386 
 1993 09 17.721570  3  -26.940    -15.674 
 1993 09 18.718070  4   34.080     20.611 
 1993 09 18.718070  3  -28.680      5.455 
 1993 10 11.686064  4  -26.295     28.199 
 1993 10 11.686064  3   13.410    -26.510 
 1993 10 14.691042  4   22.830     32.828 
 1993 10 14.691042  3  -27.360      1.939 
 1993 10 15.694568  4   34.650     18.961 
 1993 10 15.694568  3  -18.705     21.820 
 1993 10 16.708718  4   37.425      0.660 
 1993 10 16.708718  3    0.750     31.491 
 1994 09 04.807077  4   36.855      1.812 
 1994 09 04.807077  3   18.000     24.918 
 1994 09 05.797197  4   33.330    -16.587 
 1994 09 05.797197  3   26.805      5.745 
