 4  3  1904  7 13  17 38 04   271.05   -9.99
 4  3  1904  7 13  17 38 53   999.99   75.73
 4  3  1904  7 16  18 16 08    11.56   -9.99
 4  3  1904  7 16  18 16 09   999.99   71.00
 4  3  1904  7 17  18 35 22    43.58   -9.99
 4  3  1904  7 17  18 35 27   999.99   67.33
 4  3  1904  7 30  18 52 18   322.05   -9.99
 4  3  1904  7 30  18 52 54   999.99   43.27
 1  3  1904  7 13  17 14 52   251.06   -9.99
 1  3  1904  7 13  17 16 21   999.99   21.93
 1  3  1904  7 16  18 01 48    51.06   -9.99
 1  3  1904  7 16  18 01 40   999.99   20.43
 1  3  1904  7 17  18 20 32    53.70   -9.99
 1  3  1904  7 17  18 21 46   999.99   33.05
 1  3  1904  7 30  18 40 30   278.38   -9.99
 1  3  1904  7 30  18 41 41   999.99   23.90
 2  3  1904  7 13  17 50 18   235.78   -9.99
 2  3  1904  7 13  17 50 01   999.99   23.48
 2  3  1904  7 16  17 46 09    36.92   -9.99
 2  3  1904  7 16  17 46 04   999.99   53.02
 3  0  1904  7 13  18 00 38    92.06   -9.99
 3  0  1904  7 13  18 00 50   999.99   32.45
 3  0  1904  7 16  18 26 13   217.32   -9.99
 3  0  1904  7 16  18 26 15   999.99   32.96
 3  0  1904  7 17  18 43 48   258.48   -9.99
 3  0  1904  7 17  18 44 03   999.99   32.54
 3  0  1904  7 30  19 02 30    75.26   -9.99
 3  0  1904  7 30  19 02 21   999.99   32.50
 3  0  1905  6  8  19 07 55    61.40   -9.99
 3  0  1905  6  8  19 08 07   999.99   31.80
 3  0  1905  6  9  19 48 53   105.06   -9.99
 3  0  1905  6  9  19 49 09   999.99   30.99
 3  0  1905  6 24  18 57 23     2.89   -9.99
 3  0  1905  6 24  18 57 24   999.99   32.24
 3  0  1905  7  9  18 18 56   257.86   -9.99
 3  0  1905  7  9  18 18 47   999.99   31.96
 3  0  1905  7 20  18 27 59   354.88   -9.99
 3  0  1905  7 20  18 28 09   999.99   32.02
 3  0  1905  7 28  19 02 14   324.74   -9.99
 3  0  1905  7 28  19 02 29   999.99   31.40
 3  0  1905  7 30  18 44 02    45.49   -9.99
 3  0  1905  7 30  18 43 59   999.99   32.25
 3  0  1905  8  5  19 10 13   294.08   -9.99
 3  0  1905  8  5  19 10 25   999.99   31.36
 3  0  1905  8 31  19 30 31   286.60   -9.99
 3  0  1905  8 31  19 30 42   999.99   30.39
 2  3  1905  6  8  18 28 38   276.17   -9.99
 2  3  1905  6  8  18 28 36   999.99   23.20
 2  3  1905  6  9  18 52 03   284.11   -9.99
 2  3  1905  6  9  18 52 14   999.99   12.58
 2  3  1905  6 24  17 59 03   217.25   -9.99
 2  3  1905  6 24  17 58 20   999.99   22.29
 2  3  1905  7  9  18 00 50   112.81   -9.99
 2  3  1905  7  9  18 00 59   999.99   33.89
 2  3  1905  7 20  19 19 59   113.07   -9.99
 2  3  1905  7 20  19 20 35   999.99   28.09
 2  3  1905  7 28  18 22 14   106.50   -9.99
 2  3  1905  7 28  18 22 08   999.99   27.92
 2  3  1905  7 30  17 59 51   215.07   -9.99
 2  3  1905  7 30  18 00 07   999.99   50.21
 2  3  1905  8  5  18 29 50    75.85   -9.99
 2  3  1905  8  5  18 30 13   999.99   29.45
 1  3  1905  6  9  19 13 05   277.15   -9.99
 1  3  1905  6  9  19 13 16   999.99   44.11
 1  3  1905  6 24  18 22 53   197.30   -9.99
 1  3  1905  6 24  18 24 34   999.99   42.43
 1  3  1905  7  9  17 42 07   102.31   -9.99
 1  3  1905  7  9  17 41 52   999.99   25.11
 1  3  1905  7 20  19 00 06   183.81   -9.99
 1  3  1905  7 20  19 00 14   999.99   18.11
 1  3  1905  7 28  18 35 55   118.03   -9.99
 1  3  1905  7 28  18 36 16   999.99   31.04
 1  3  1905  7 30  18 17 28   249.95   -9.99
 1  3  1905  7 30  18 18 01   999.99   32.93
 1  3  1905  8 31  19 01 14   132.75   -9.99
 1  3  1905  8 31  19 02 09   999.99   30.98
 4  3  1905  6  8  18 46 30   146.66   -9.99
 4  3  1905  6  8  18 46 27   999.99   25.00
 4  3  1905  6  9  19 34 32   167.28   -9.99
 4  3  1905  6  9  19 34 26   999.99   16.96
 4  3  1905  6 24  18 42 01   173.24   -9.99
 4  3  1905  6 24  18 42 11   999.99   74.69
 4  3  1905  7  9  18 09 34   158.39   -9.99
 4  3  1905  7  9  18 09 38   999.99   36.59
 4  3  1905  7 20  18 43 16   154.62   -9.99
 4  3  1905  7 20  18 43 20   999.99   70.27
 4  3  1905  7 28  18 50 09    36.18   -9.99
 4  3  1905  7 28  18 50 21   999.99   20.69
 4  3  1905  7 30  18 33 17    36.70   -9.99
 4  3  1905  7 30  18 33 50   999.99   10.94
 4  3  1905  8  5  18 58 02   169.02   -9.99
 4  3  1905  8  5  18 58 14   999.99   52.91
 4  3  1905  8 31  19 19 25   149.87   -9.99
 4  3  1905  8 31  19 19 02   999.99   58.61
 1  3  1906  6 14  18 23 47   124.01   -9.99
 1  3  1906  6 14  18 24 30   999.99   34.12
 1  3  1906  7 12  18 13 16   187.56   -9.99
 1  3  1906  7 12  18 13 39   999.99   44.76
 1  3  1906  7 21  18 16 11   164.15   -9.99
 1  3  1906  7 21  18 16 52   999.99   24.65
 1  3  1906  8 11  19 11 45   322.94   -9.99
 1  3  1906  8 11  19 12 54   999.99   19.01
 2  3  1906  6 14  18 48 24   137.08   -9.99
 2  3  1906  6 14  18 48 50   999.99   32.91
 2  3  1906  7 12  18 27 38   152.03   -9.99
 2  3  1906  7 12  18 27 46   999.99   41.75
 2  3  1906  8  8  17 57 37   234.41   -9.99
 2  3  1906  8  8  17 57 56   999.99   41.94
 2  3  1906  8 11  19 34 39   301.66   -9.99
 2  3  1906  8 11  19 36 49   999.99   17.60
 4  3  1906  6 14  19 05 52   333.04   -9.99
 4  3  1906  6 14  19 06 08   999.99   13.92
 4  3  1906  6 22  17 22 05   115.03   -9.99
 4  3  1906  6 22  17 22 30   999.99   55.08
 4  3  1906  7 12  17 50 24   272.96   -9.99
 4  3  1906  7 12  17 51 03   999.99   22.70
 4  3  1906  7 21  18 45 28   196.23   -9.99
 4  3  1906  7 21  18 46 01   999.99   75.25
 4  3  1906  8  8  18 18 59   277.25   -9.99
 4  3  1906  8  8  18 19 12   999.99   40.07
 3  0  1906  6 14  19 16 23   281.28   -9.99
 3  0  1906  6 14  19 16 42   999.99   30.57
 3  0  1906  6 22  17 32 46   246.47   -9.99
 3  0  1906  6 22  17 32 57   999.99   31.57
 3  0  1906  7 12  17 59 56   176.59   -9.99
 3  0  1906  7 12  18 00 06   999.99   32.24
 3  0  1906  7 21  19 00 40     8.67   -9.99
 3  0  1906  7 21  19 00 59   999.99   32.19
 3  0  1906  8  8  18 38 00    29.33   -9.99
 3  0  1906  8  8  18 39 24   999.99   32.21
 3  0  1906  8 11  19 58 52   157.17   -9.99
 3  0  1906  8 11  19 59 11   999.99   31.71
 3  0  1907  7  9  19 39 03   204.85   -9.99
 3  0  1907  7  9  19 39 23   999.99   32.57
 3  0  1907  7 26  19 47 11   188.85   -9.99
 3  0  1907  7 26  19 46 05   999.99   32.15
 3  0  1907  7 31  19 28 27    31.68   -9.99
 3  0  1907  7 31  19 28 27   999.99   32.03
 3  0  1907  8  3  20 11 14   159.30   -9.99
 3  0  1907  8  3  20 10 58   999.99   31.51
 3  0  1907  8 16  19 55 40   336.05   -9.99
 3  0  1907  8 16  19 55 51   999.99   30.40
 4  3  1907  7  9  19 28 25   325.52   -9.99
 4  3  1907  7  9  19 28 28   999.99   45.26
 4  3  1907  7 26  19 25 08    11.73   -9.99
 4  3  1907  7 26  19 25 08   999.99   75.82
 4  3  1907  7 31  19 17 53   176.83   -9.99
 4  3  1907  7 31  19 17 46   999.99   63.46
 2  3  1907  7  6  20 01 40   289.47   -9.99
 2  3  1907  7  6  20 14 24   999.99   39.24
 2  3  1907  7  9  19 14 05   355.75   -9.99
 2  3  1907  7  9  19 14 31   999.99   18.06
 2  3  1907  7 31  18 34 41   247.53   -9.99
 2  3  1907  7 31  18 35 23   999.99   24.73
 2  3  1907  8  3  19 20 58   123.41   -9.99
 2  3  1907  8  3  19 21 15   999.99   32.74
 2  3  1907  8 16  19 36 51   190.96   -9.99
 2  3  1907  8 16  19 36 18   999.99   23.07
 1  3  1907  7  6  19 46 29   288.40   -9.99
 1  3  1907  7  6  19 47 24   999.99   26.00
 1  3  1907  7 26  18 53 25   359.41   -9.99
 1  3  1907  7 26  18 59 10   999.99   45.64
 1  3  1907  7 31  19 03 16   235.78   -9.99
 1  3  1907  7 31  19 03 21   999.99   26.31
 1  3  1907  8  3  19 48 38   358.99   -9.99
 1  3  1907  8  3  19 49 48   999.99   38.29
 1  3  1907  8 16  19 13 38   137.83   -9.99
 1  3  1907  8 16  19 14 56   999.99   39.36
 1  0  1910  7 27  20 16 16.0  75.24   -9.99
 1  0  1910  7 27  20 16 42.0 999.99   11.59
 1  0  1910  8  3  20 33 38.8 358.40   -9.99
 1  0  1910  8  3  20 33 33.3 999.99   13.82
 1  0  1910  8 24  20 49 59.5 114.03   -9.99
 1  0  1910  8 24  20 50 28.4 999.99   11.18
 1  0  1910  8 31  19 51  1.2  18.06   -9.99
 1  0  1910  8 31  19 51  1.6 999.99   13.00
 2  0  1910  8  2  20 43 20.4 325.93   -9.99
 2  0  1910  8  2  20 42 37.8 999.99   17.93
 2  0  1910  8  3  20 56 34.7  43.49   -9.99
 2  0  1910  8  3  20 57 57.4 999.99   17.53
 2  0  1910  8 31  20 15 54.7 315.76   -9.99
 2  0  1910  8 31  20 15 42.3 999.99   16.44
 2  0  1910  9 21  19 39 46.5 336.12   -9.99
 2  0  1910  9 21  19 38  8.4 999.99   17.97
 3  0  1910  7 27  20 44 45.2 186.46   -9.99
 3  0  1910  7 27  20 44 46.9 999.99   32.18
 3  0  1910  8  3  21 15 52.8 119.73   -9.99
 3  0  1910  8  3  21 15 57.1 999.99   26.62
 3  0  1910  8 24  21 13 42.0 258.16   -9.99
 3  0  1910  8 24  21 14 24.4 999.99   26.04
 3  0  1910  8 31  20 35 58.3 189.47   -9.99
 3  0  1910  8 31  20 36 11.3 999.99   32.03
 3  0  1910  9 21  20 23 42.8 340.12   -9.99
 3  0  1910  9 21  20 24 35.9 999.99   29.77
 4  0  1910  7 27  20 57 31.1 186.21   -9.99
 4  0  1910  7 27  20 57 32.2 999.99   43.73
 4  0  1910  8 31  20 49 51.9  34.01   -9.99
 4  0  1910  8 31  20 50  5.0 999.99   39.97
 4  0  1910  9 21  20 44 15.9 233.31   -9.99
 4  0  1910  9 21  20 43 26.1 999.99   36.85
 1  0  1911  7 29  20  2 33.8 301.75   -9.99
 1  0  1911  7 29  20  1 47.6 999.99   11.94
 1  0  1911  8  4  20  9 44.7  65.87   -9.99
 1  0  1911  8  4  20 11 13.1 999.99   11.04
 1  0  1911  8 10  21 22 34.1 205.95   -9.99
 1  0  1911  8 10  21 22 37.8 999.99   13.45
 1  0  1911  8 11  19 25 28.0 349.24   -9.99
 1  0  1911  8 11  19 26  1.8 999.99   13.47
 1  0  1911  8 15  19 35 24.4 193.94   -9.99
 1  0  1911  8 15  19 36 10.5 999.99   13.94
 1  0  1911  8 18  19 51 29.6 261.25   -9.99
 1  0  1911  8 18  19 48 38.9 999.99   11.04
 1  0  1911  8 20  19  6 34.5 186.27   -9.99
 1  0  1911  8 20  19  5 57.5 999.99   14.01
 1  0  1911  8 28  19 43 28.4 241.30   -9.99
 1  0  1911  8 28  19 42 44.8 999.99   11.61
 2  0  1911  7 29  20 32 25.7 360.98   -9.99
 2  0  1911  7 29  20 32 23.1 999.99   20.14
 2  0  1911  8  4  19 39 53.9 164.40   -9.99
 2  0  1911  8  4  19 40 19.9 999.99   18.74
 2  0  1911  8 10  20 51 26.2 326.76   -9.99
 2  0  1911  8 10  20 53  5.1 999.99   18.19
 2  0  1911  8 11  19 57 12.4  38.59   -9.99
 2  0  1911  8 11  19 57  6.9 999.99   17.10
 2  0  1911  8 15  19 18 48.1  23.69   -9.99
 2  0  1911  8 15  19 19 15.2 999.99   18.29
 2  0  1911  8 17  19 36 33.0 199.69   -9.99
 2  0  1911  8 17  19 36  8.9 999.99   18.85
 3  0  1911  7 29  21 20 40.8 234.18   -9.99
 3  0  1911  7 29  21 20 34.4 999.99   26.49
 3  0  1911  8  4  20 48 39.5 136.71   -9.99
 3  0  1911  8  4  20 48 52.2 999.99   27.54
 3  0  1911  8 15  20  2  6.9 213.40   -9.99
 3  0  1911  8 15  20  1 54.9 999.99   29.72
 3  0  1911  8 20  19 23 12.9  59.69   -9.99
 3  0  1911  8 20  19 23  3.2 999.99   25.97
 3  0  1911  8 28  20 10 53.6  30.67   -9.99
 3  0  1911  8 28  20 10 55.4 999.99   29.59
 4  0  1911  7 29  20 59 12.9 279.21   -9.99
 4  0  1911  7 29  20 59 21.7 999.99   32.63
 4  0  1911  8  4  20 31  2.0  72.65   -9.99
 4  0  1911  8  4  20 31 10.1 999.99   33.07
 4  0  1911  8 15  19 51  5.8   8.30   -9.99
 4  0  1911  8 15  19 51  6.9 999.99   41.98
 4  0  1911  8 20  19 39  1.4 150.30   -9.99
 4  0  1911  8 20  19 39 14.9 999.99   38.85
 1  3  1914  7 17  20 34 42.4 270.33   -9.99
 1  3  1914  7 17  20 44 41.3 999.99   20.99
 1  3  1914  7 21  20 37  9.2  65.25   -9.99
 1  3  1914  7 21  20 35 36.9 999.99   14.78
 1  3  1914  7 25  20 45 26.6 200.22   -9.99
 1  3  1914  7 25  20 45 34.4 999.99   15.08
 1  3  1914  7 30  22  6 21.8  39.20   -9.99
 1  3  1914  7 30  22  7  3.7 999.99   32.48
 1  3  1914  8  1  20  3 57.4 161.39   -9.99
 1  3  1914  8  1  20  4 56.1 999.99   17.34
 1  3  1914  8  8  20 19 50.1  87.60   -9.99
 1  3  1914  8  8  20 20 14.0 999.99   12.10
 1  3  1914  8 12  21 17 39.8 205.43   -9.99
 1  3  1914  8 12  21 17 31.3 999.99   16.01
 1  3  1914  8 15  20 58 21.0  11.09   -9.99
 1  3  1914  8 15  21  0 14.6 999.99   20.65
 2  3  1914  7 21  21 10 33.5  85.26   -9.99
 2  3  1914  7 21  21  9 41.4 999.99   11.04
 2  3  1914  7 25  20 23 19.0 190.43   -9.99
 2  3  1914  7 25  20 22 52.5 999.99   45.75
 2  3  1914  7 29  20 12 45.1  37.93   -9.99
 2  3  1914  7 29  20 13 18.5 999.99   14.00
 2  3  1914  8  8  20 43 10.8  20.45   -9.99
 2  3  1914  8  8  20 43 39.8 999.99   24.43
 2  3  1914  8 12  20 17 59.4 254.33   -9.99
 2  3  1914  8 12  20 16 18.8 999.99   27.35
 2  3  1914  8 15  20 26  5.2 342.67   -9.99
 2  3  1914  8 15  20 26 28.7 999.99   14.51
 4  3  1914  7 21  21 42 22.7 169.33   -9.99
 4  3  1914  7 21  21 42 53.3 999.99   18.28
 4  3  1914  7 25  20 23 19.0 190.43   -9.99
 4  3  1914  7 25  20 22 52.5 999.99   45.75
 4  3  1914  8  8  21  3 56.0   3.25   -9.99
 4  3  1914  8  8  21  4 49.8 999.99   45.49
 4  3  1914  8 12  20 45 19.4 124.33   -9.99
 4  3  1914  8 12  20 45 10.3 999.99   10.85
 3  0  1914  7 21  22  5 31.8 216.72   -9.99
 3  0  1914  7 21  22  6  0.3 999.99   23.36
 3  0  1914  7 25  21 23 11.9  21.37   -9.99
 3  0  1914  7 25  21 22 56.1 999.99   27.35
 3  0  1914  7 29  20 37 39.7 189.61   -9.99
 3  0  1914  7 29  20 37 46.6 999.99   30.25
 3  0  1914  7 30  22 21  5.9 229.44   -9.99
 3  0  1914  7 30  22 26 20.1 999.99   21.08
 3  0  1914  8  1  20 25 27.9 334.25   -9.99
 3  0  1914  8  1  20 24 59.8 999.99   28.55
 3  0  1914  8  8  21 21 29.4 244.23   -9.99
 3  0  1914  8  8  21 21 52.5 999.99   19.67
 3  0  1914  8 12  21  6 17.2  42.43   -9.99
 3  0  1914  8 12  21  6 26.8 999.99   22.61
