 3 1866 12  2.6857  237.95  26.34
 3 1866 12  2.7010  234.73  30.93
 3 1866 12  5.6838  118.22  33.81
 3 1866 12  7.6416   32.77  28.75
 3 1866 12  7.6762   30.37  33.29
 3 1866 12 10.6694  271.80  33.73
 3 1866 12 13.6106  146.15 -99.99
 3 1866 12 13.6273  144.77  34.42
 3 1866 12 26.6236  330.78  32.37
 3 1866 12 26.6458  327.73  34.91
 3 1866 12 30.5428  164.53  34.44
 3 1867  1  3.5602  359.27  32.56
 3 1867  1  9.5528  117.95  29.44
 3 1867  1  9.6353  107.90  33.46
 3 1867  1 23.5617  251.28 -99.99
 3 1867  1 27.5515   92.18  32.66
 3 1867  1 28.5086   47.78  34.00
 3 1867  1 29.5391    3.60  33.75
 3 1867  2  7.5741  350.48  33.71
 3 1867  2 22.6266   90.38  31.02
 3 1867  2 25.6731  322.50  32.64
 3 1867  2 26.6483  281.48  30.86
 3 1867  2 27.6338  239.77  31.68
 3 1867 12 26.6416  352.01  35.80
 3 1867 12 26.6506  355.27  34.96
 3 1868  1 17.8170  158.29  34.70
 3 1868  1 24.7549  229.44  31.18
 3 1868  1 30.7483  340.66  31.97
 3 1868  3 11.5885   99.36  31.38
 4 1866 12  2.6822  213.37  40.50
 4 1866 12  2.6989  210.17  43.28
 4 1866 12  5.6830  135.17  44.52
 4 1866 12  7.6312   84.92  40.14
 4 1866 12  7.6638   81.50  42.63
 4 1866 12 10.6632  358.95  45.15
 4 1866 12 13.6362  284.38  42.15
 4 1866 12 26.6312  297.75  41.19
 4 1866 12 26.6403  295.92  44.64
 4 1866 12 30.5538  186.53  44.12
 4 1867  1  4.6635   51.95  45.16
 4 1867  1  9.5542  285.95  44.29
 4 1867  1  9.6443  280.68  41.00
 4 1867  1 23.5590  266.92 -99.99
 4 1867  1 27.5633  156.53  45.14
 4 1867  1 28.5224  131.27  45.53
 4 1867  1 29.5453  108.52  44.06
 4 1867  1 30.5558   81.18  40.45
 4 1867  2  7.5796  221.50  41.08
 4 1867  2 22.6176  179.05  41.75
 4 1867  2 25.6676  103.40  41.81
 4 1867  2 26.6392   75.80  40.23
 4 1867  2 27.6261   47.00  42.01
 4 1867 12 26.6562  256.34  43.56
 4 1868  1 17.8094   18.92  43.89
 4 1868  1 24.7480  191.44  43.43
 4 1868  1 30.7413   33.44  42.00
 4 1868  1 31.7372    6.59  43.43
 4 1868  3 11.5990   20.09  42.34
