  0  4064  1980  5  24.217413  15 21 33.015  -18 10 43 18
  0  4064  1980  5  24.224338  15 21 33.114  -18 10 43.05
  0  4068  1980  5  24.326143  15 21 32.028  -18 10 40.70
  0  4068  1980  5  24.333068  15 21 31.974  -18 10 39.17
  0  4068  1980  5  24.339994  15 21 31.910  -18 10 38.90
  0  4084  1980  5  25.320296  15 21 22.191  -18 10  4.51
  0  4084  1980  5  25.327914  15 21 22.072  -18 10  2.28
  0  4084  1980  5  25.334839  15 21 22.010  -18 10  2.52
  0  4099  1980  5  26.210228  15 21 13.224  -18  9 31.12
  0  4099  1980  5  26.216808  15 21 13.165  -18  9 29.45
  1  4068  1980  5  24.339994  15 21 31.639  -18 10 23.89
  1  4099  1980  5  26.210228  15 21 12.227  -18  9 31.41
  1  4099  1980  5  26.216808  15 21 12.200  -18  9 30.91
  2  4084  1980  5  25.320296  15 21 20.969  -18 10 11.94
  2  4084  1980  5  25.327914  15 21 20.831  -18 10 11.64
  2  4084  1980  5  25.334839  15 21 20.710  -18 10 10.73
  2  4099  1980  5  26.216808  15 21 12.344  -18  9 13.22
  3  4064  1980  5  24.224338  15 21 32.552  -18 10  9.87
  3  4068  1980  5  24.339994  15 21 31.530  -18 10  5.21
  3  4084  1980  5  25.320296  15 21 23.185  -18  9 34.91
  3  4084  1980  5  25.327914  15 21 23.123  -18  9 34.27
  3  4084  1980  5  25.334839  15 21 23.032  -18  9 34.26
  3  4099  1980  5  26.210228  15 21 15.186  -18  9 17.48
  3  4099  1980  5  26.216808  15 21 15.111  -18  9 17.51
  4  4064  1980  5  24.217413  15 21 30.575  -18 10 21.45
  4  4064  1980  5  24.224338  15 21 30.539  -18 10 20.95
  4  4068  1980  5  24.326143  15 21 29.571  -18 10 16.40
  4  4068  1980  5  24.333068  15 21 29.489  -18 10 15.13
  4  4068  1980  5  24.339994  15 21 29.432  -18 10 14.84
  4  4084  1980  5  25.320296  15 21 20.575  -18  9 24.61
  4  4084  1980  5  25.327914  15 21 20.494  -18  9 24.37
  4  4084  1980  5  25.334839  15 21 20.389  -18  9 23.97
  4  4099  1980  5  26.210228  15 21 12.763  -18  8 45.22
  4  4099  1980  5  26.216808  15 21 12.707  -18  8 44.73
