 4 1874  1  8 10 33    999.99   43.55
 4 1874  1  8 11  4    351.2   -99.99
 4 1874  1 14 10 32    999.99   45.76
 4 1874  1 14 11 10    183.3   -99.99
 4 1874  1 17 10 30    999.99   27.77
 4 1874  1 17 11 27    106.3   -99.99
 4 1874  2  4  9 37    999.99   43.65
 4 1874  2  4  9 27    350.3   -99.99
 4 1874  2 16  9 14    999.99   44.48
 4 1874  2 16  9 56     15.0   -99.99
 4 1874  2 18 10 30    999.99   39.65
 4 1874  2 18 10 53    339.1   -99.99
 4 1874  2 21  9 50    999.99   32.81
 4 1874  3 10  8 22    999.99   41.42
 4 1874  3 10  8 55    163.6   -99.99
 4 1874  3 11  8 48    999.99   34.04
 4 1874  3 11  9 22    139.8   -99.99
 4 1874  3 13  9 45    999.99   31.09
 4 1874  3 13 10  8     60.5   -99.99
 4 1874  3 14  8 21    999.99   37.95
 4 1874  3 14  8 48     34.5   -99.99
 4 1874  3 20  9 36    999.99   32.79
 4 1874  3 20 10 15    230.7   -99.99
 4 1874  3 21  7 46    999.99   39.91
 4 1874  3 21  8 14    208.1   -99.99
 4 1874  3 24  8 56    999.99   37.36
 4 1874  3 24  9 44    151.0   -99.99
 4 1874  3 28  9  1    999.99   41.81
 4 1874  3 28  9 38     22.1   -99.99
 4 1874  3 30  9  5    999.99   42.07
 4 1874  3 30 10 18    345.8   -99.99
 4 1874  4  4  8  4    999.99   42.26
 4 1874  4  4  8 36    197.1   -99.99
 4 1874  4 13  8 33    337.3   -99.99
 4 1874  4 21  8 55    118.5   -99.99
 4 1874  4 29  8 19    999.99   28.70
 4 1874  4 29  8 36    247.3   -99.99
 4 1874  5  7  8 17    999.99   37.33
 4 1874  5  7  8 47     31.6   -99.99
 4 1874  5  8  8 56    999.99   42.73
 4 1874  5  8  9 11      9.3   -99.99
 4 1874  5 18  8 56    999.99   28.06
 4 1874  5 18  9 11    117.8   -99.99
 4 1874  5 19  8 25    999.99   27.67
 4 1874  5 19  8 50     74.9   -99.99
 4 1874  5 21  8 36    999.99   39.86
 4 1874  5 21  9  1     20.6   -99.99
 4 1874  5 22  8 25    999.99   42.84
 4 1874  5 22  8 55      3.3   -99.99
 4 1874  5 26  8 57.5   243.5  -99.99
 3 1874  1  8 10 53    999.99   21.58
 3 1874  1  8 11 10    258.3   -99.99
 3 1874  1 14 10 59    999.99   33.74
 3 1874  1 14 11 20     11.5   -99.99
 3 1874  1 17 10 52    999.99   23.07
 3 1874  1 17 11 20    238.7   -99.99
 3 1874  2  4  9 48    999.99   28.24
 3 1874  2  4 10  1    215.1   -99.99
 3 1874  2 14 11 26    999.99   33.84
 3 1874  2 14 12  0    177.6   -99.99
 3 1874  2 16  9 25     97.3   -99.99
 3 1874  2 18 10 11    999.99   33.98
 3 1874  2 18 10 45      7.1   -99.99
 3 1874  2 21 10  2    999.99   24.50
 3 1874  3 10  8 41    999.99   21.61
 3 1874  3 10  9  5    259.2   -99.99
 3 1874  3 11  9  8    999.99   29.93
 3 1874  3 11  9 31    210.0   -99.99
 3 1874  3 13  9 58    999.99   28.04
 3 1874  3 13 10 14    152.0   -99.99
 3 1874  3 14  8 38    999.99   21.38
 3 1874  3 14  8 55    103.3   -99.99
 3 1874  3 20  9 49    999.99   31.61
 3 1874  3 20 10 24    200.0   -99.99
 3 1874  3 21  7 58    999.99   33.13
 3 1874  3 21  8 24    175.8   -99.99
 3 1874  3 24  9 12    999.99   28.67
 3 1874  3 24  9 55     32.5   -99.99
 3 1874  3 28  9 15    999.99   25.61
 3 1874  3 28  9 30    225.8   -99.99
 3 1874  3 30  9 56    999.99   30.77
 3 1874  3 30 10 16    165.0   -99.99
 3 1874  4  4  8 22    999.99   26.34
 3 1874  4  4  8 47    323.6   -99.99
 3 1874  4 13  8  1    999.99   23.74
 3 1874  4 13  7 48    311.9   -99.99
 3 1874  4 21  9 11    339.8   -99.99
 3 1874  4 29  7 58    999.99   32.20
 3 1874  4 29  8 31      0.1   -99.99
 3 1874  5  7  8 32    999.99   30.45
 3 1874  5  7  8 46     18.9   -99.99
 3 1874  5  8  8 35    999.99   30.61
 3 1874  5  8  9 11    350.2   -99.99
 3 1874  5 18  8 42    999.99   20.77
 3 1874  5 18  9  8    300.1   -99.99
 3 1874  5 19  8 38    999.99   21.92
 3 1874  5 19  8 52    239.4   -99.99
 3 1874  5 21  8 50    999.99   31.05
 3 1874  5 21  9  3    174.3   -99.99
 3 1874  5 22  8 42    999.99   24.22
 3 1874  5 22  9  5    140.3   -99.99
 3 1874  5 26  8 49    999.99   26.69
 2 1874  1 14 12 28    999.99   20.12
 2 1874  1 14 12 42     14.0   -99.99
 2 1874  2  4  9  5    999.99   20.68
 2 1874  2  4  9 18      4.2   -99.99
 2 1874  2 14 11 32    999.99   19.99
 2 1874  2 18 11 45    999.99   18.92
 2 1874  3 11  8 11    999.99   19.61
 2 1874  3 11  8 30.5  194.6   -99.99
 2 1874  3 13  9  0    999.99   19.37
 2 1874  3 13  9 25.6   22.7   -99.99
 2 1874  3 20  8 19    999.99   17.87
 2 1874  3 20  9 11.3  156.1   -99.99
 2 1874  3 24  8 35    999.99   18.75
 2 1874  3 24  9 36    161.8   -99.99
 2 1874  5 19  9  7    344.5    20.68
 1 1874  1 14 12  7    999.99   14.91
 1 1874  1 14 12 18    176.1   -99.99
 1 1874  1 28 19 50.5  999.99   14.28
 1 1874  1 28 11 55    351.1   -99.99
 1 1874  2 21  9 14    999.99   14.42
 1 1874  3 14  9 42    999.99   12.84
 1 1874  3 14  9 54     28.1   -99.99
 1 1874  3 24 10 19    999.99   12.38
 1 1874  3 24 10 26     38.9   -99.99
