117 1982  5 28.15694   5   -33.11   14.38
117 1982  5 28.15694   1   -26.62   33.10
117 1982  5 28.15694   2   -37.34    3.37
117 1982  5 28.15694   3    -4.92   21.92
168 1982  7 11.95903   5    42.59   28.54
168 1982  7 11.95903   1    29.15   34.18
168 1982  7 11.95903   2    53.92   13.44
168 1982  7 11.95903   3    53.89   -5.81
172 1982  7 11.98542   5    43.58   27.20
172 1982  7 11.98542   1    30.16   34.20
172 1982  7 11.98542   2    53.87   12.28
172 1982  7 11.98542   3    53.71   -6.61
229 1983  6 30.05833   1    28.96  -19.59
229 1983  6 30.05833   2    26.56  -54.10
229 1983  6 30.05833   3    19.87   -1.91
234 1983  6 30.08472   1    29.58  -20.19
234 1983  6 30.08472   2    25.47  -54.51
234 1983  6 30.08472   3    20.06   -2.27
240 1983  6 30.11319   1    30.05  -20.73
240 1983  6 30.11319   2    23.86  -54.76
240 1983  6 30.11319   3    20.26   -2.47
254 1983  7  1.04809   5     3.98  -49.94
254 1983  7  1.04809   1    19.08  -55.05
254 1983  7  1.04809   2    -9.03  -42.13
254 1983  7  1.04809   3    24.76  -13.66
258 1983  7  1.07095   5     3.24  -49.08
258 1983  7  1.07095   1    18.01  -55.57
258 1983  7  1.07095   2    -9.32  -41.60
258 1983  7  1.07095   3    24.89  -13.98
262 1983  7  1.09427   5     2.02  -48.43
262 1983  7  1.09427   1    16.69  -56.04
262 1983  7  1.09427   2    -9.85  -40.87
262 1983  7  1.09427   3    24.88  -14.37
266 1983  7  1.11296   5     1.34  -47.71
266 1983  7  1.11296   1    15.85  -56.43
266 1983  7  1.11296   2   -10.16  -40.37
266 1983  7  1.11296   3    24.97  -14.72
271 1983  7 23.91273   1    38.46    8.54
271 1983  7 23.91273   2    55.27   19.69
271 1983  7 23.91273   3     5.61   13.10
276 1983  7 23.97014   5    28.57   27.35
276 1983  7 23.97014   1    37.10    7.73
276 1983  7 23.97014   2    55.65   17.42
276 1983  7 23.97014   3     5.83   13.54
281 1983  7 24.02894   5    31.07   28.13
281 1983  7 24.02894   1    35.69    6.50
281 1983  7 24.02894   2    55.83   14.40
281 1983  7 24.02894   3     6.10   13.83
286 1983  7 24.05000   5    32.03   27.63
286 1983  7 24.05000   1    35.07    5.92
286 1983  7 24.05000   2    55.89   13.09
286 1983  7 24.05000   3     6.21   13.50
118 1982  5 28.17500   5   -33.19   14.75
118 1982  5 28.17500   1   -25.98   32.92
118 1982  5 28.17500   2   -37.67    3.57
118 1982  5 28.17500   3    -4.71   21.68
169 1982  7 11.96562   5    42.84   28.63
169 1982  7 11.96562   1    29.35   34.27
169 1982  7 11.96562   2    53.92   13.37
169 1982  7 11.96562   3    53.86   -5.98
173 1982  7 11.99306   5    43.86   26.83
173 1982  7 11.99306   1    30.46   34.18
173 1982  7 11.99306   2    53.78   12.01
173 1982  7 11.99306   3    53.68   -6.88
230 1983  6 30.06337   1    29.28  -19.83
230 1983  6 30.06337   2    26.22  -54.32
230 1983  6 30.06337   3    19.94   -2.05
236 1983  6 30.09468   1    29.74  -20.37
236 1983  6 30.09468   2    24.92  -54.47
236 1983  6 30.09468   3    20.13   -2.32
241 1983  6 30.11806   1    30.31  -20.85
241 1983  6 30.11806   2    24.00  -54.64
241 1983  6 30.11806   3    20.37   -2.54
255 1983  7  1.05590   5     3.88  -49.54
255 1983  7  1.05590   1    18.72  -55.24
255 1983  7  1.05590   2    -9.08  -42.04
255 1983  7  1.05590   3    24.86  -13.78
259 1983  7  1.07546   5     2.91  -49.08
259 1983  7  1.07546   1    17.76  -55.71
259 1983  7  1.07546   2    -9.48  -41.49
259 1983  7  1.07546   3    24.84  -14.03
263 1983  7  1.09954   5     1.63  -48.30
263 1983  7  1.09954   1    16.55  -56.27
263 1983  7  1.09954   2    -9.95  -40.84
263 1983  7  1.09954   3    24.88  -14.47
267 1983  7  1.11736   5     0.92  -47.71
267 1983  7  1.11736   1    15.63  -56.45
267 1983  7  1.11736   2   -10.15  -40.34
267 1983  7  1.11736   3    24.93  -14.64
272 1983  7 23.91620   1    38.43    8.57
272 1983  7 23.91620   2    55.36   19.70
272 1983  7 23.91620   3     5.69   13.19
277 1983  7 24.00162   5    29.91   27.66
277 1983  7 24.00162   1    36.19    6.96
277 1983  7 24.00162   2    55.67   15.46
277 1983  7 24.00162   3     5.95   13.67
282 1983  7 24.03380   5    31.12   28.05
282 1983  7 24.03380   1    35.47    6.57
282 1983  7 24.03380   2    55.82   14.25
282 1983  7 24.03380   3     6.09   13.88
289 1983  7 24.91586   1    32.30   13.24
289 1983  7 24.91586   2    40.88  -16.36
289 1983  7 24.91586   3    12.98   17.00
166 1982  7 11.94167   5    41.90   29.56
166 1982  7 11.94167   1    28.15   34.40
166 1982  7 11.94167   2    53.93   14.23
166 1982  7 11.94167   3    54.03   -5.28
170 1982  7 11.97326   5    43.24   27.86
170 1982  7 11.97326   1    29.73   34.21
170 1982  7 11.97326   2    53.88   12.88
170 1982  7 11.97326   3    53.81   -6.26
174 1982  7 11.99931   5    43.89   26.35
174 1982  7 11.99931   1    30.63   34.22
174 1982  7 11.99931   2    53.78   11.63
174 1982  7 11.99931   3    53.53   -7.02
232 1983  6 30.0750U   1    29.60  -20.14
232 1983  6 30.0750U   2    25.92  -54.35
232 1983  6 30.0750U   3    20.13   -2.26
237 1983  6 30.09896   1    29.92  -20.46
237 1983  6 30.09896   2    24.71  -54.35
237 1983  6 30.09896   3    20.21   -2.29
249 1983  7  1.02106   5     5.08  -50.50
249 1983  7  1.02106   1    20.07  -54.41
249 1983  7  1.02106   2    -8.61  -42.76
249 1983  7  1.02106   3    24.68  -13.36
256 1983  7  1.06065   5     3.56  -49.63
256 1983  7  1.06065   1    18.50  -55.35
256 1983  7  1.06065   2    -9.22  -41.85
256 1983  7  1.06065   3    24.91  -13.80
260 1983  7  1.08576   5     2.20  -48.72
260 1983  7  1.08576   1    17.16  -55.95
260 1983  7  1.08576   2    -9.77  -41.28
260 1983  7  1.08576   3    24.84  -14.31
264 1983  7  1.10451   5     1.53  -48.15
264 1983  7  1.10451   1    16.34  -56.33
264 1983  7  1.10451   2   -10.04  -40.68
264 1983  7  1.10451   3    24.94  -14.51
268 1983  7  1.12153   5     1.09  -47.50
268 1983  7  1.12153   1    15.41  -56.60
268 1983  7  1.12153   2   -10.06  -40.17
268 1983  7  1.12153   3    24.94  -14.78
273 1983  7 23.92049   1    38.22    8.47
273 1983  7 23.92049   2    55.24   19.19
273 1983  7 23.92049   3     5.71   13.27
278 1983  7 24.00556   5    29.99   27.77
278 1983  7 24.00556   1    36.23    7.03
278 1983  7 24.00556   2    55.63   15.63
278 1983  7 24.00556   3     5.96   13.71
283 1983  7 24.03762   5    31.19   28.13
283 1983  7 24.03762   1    35.36    6.41
283 1983  7 24.03762   2    55.63   13.97
283 1983  7 24.03762   3     6.13   13.76
297 1983  7 24.95359   5    40.28   -7.01
297 1983  7 24.95359   1    33.41   13.46
297 1983  7 24.95359   2    39.54  -16.83
297 1983  7 24.95359   3    13.42   16.93
167 1982  7 11.94931   5    42.34   29.09
167 1982  7 11.94931   1    28.69   34.26
167 1982  7 11.94931   2    53.90   14.00
167 1982  7 11.94931   3    54.04   -5.48
171 1982  7 11.97917   5    43.30   27.58
171 1982  7 11.97917   1    29.85   34.31
171 1982  7 11.97917   2    53.79   12.62
171 1982  7 11.97917   3    53.70   -6.41
227 1983  6 30.03981   1    28.86  -19.60
227 1983  6 30.03981   2    27.39  -53.39
227 1983  6 30.03981   3    19.94   -2.08
233 1983  6 30.07917   1    29.49  -20.33
233 1983  6 30.07917   2    25.59  -54.29
233 1983  6 30.07917   3    20.25   -2.39
239 1983  6 30.10787   1    30.10  -20.69
239 1983  6 30.10787   2    24.16  -54.49
239 1983  6 30.10787   3    20.21   -2.41
252 1983  7  1.03484   5     4.97  -50.35
252 1983  7  1.03484   1    19.88  -54.64
252 1983  7  1.03484   2    -8.56  -42.67
252 1983  7  1.03484   3    24.82  -13.43
257 1983  7  1.06667   5     3.14  -49.39
257 1983  7  1.06667   1    18.11  -55.48
257 1983  7  1.06667   2    -9.36  -41.66
257 1983  7  1.06667   3    24.84  -13.95
261 1983  7  1.09028   5     2.20  -48.56
261 1983  7  1.09028   1    16.98  -56.06
261 1983  7  1.09028   2    -9.76  -41.04
261 1983  7  1.09028   3    24.81  -14.29
265 1983  7  1.10833   5     1.46  -48.01
265 1983  7  1.10833   1    16.01  -56.35
265 1983  7  1.10833   2   -10.13  -40.54
265 1983  7  1.10833   3    24.93  -14.55
269 1983  7  1.12743   5     0.61  -47.16
269 1983  7  1.12743   1    15.07  -56.78
269 1983  7  1.12743   2   -10.38  -39.95
269 1983  7  1.12743   3    24.90  -14.90
275 1983  7 23.96597   1    37.15    7.36
275 1983  7 23.96597   2    55.28   17.25
275 1983  7 23.96597   3     5.82   13.48
279 1983  7 24.02014   5    30.84   27.71
279 1983  7 24.02014   1    35.71    6.65
279 1983  7 24.02014   2    55.82   14.57
279 1983  7 24.02014   3     6.07   13.93
285 1983  7 24.04549   5    31.50   28.19
285 1983  7 24.04549   1    35.14    6.41
285 1983  7 24.04549   2    55.76   13.52
285 1983  7 24.04549   3     6.10   13.84
319 1983  7 25.96725   5    48.33  -17.89
319 1983  7 25.96725   1    53.24  -20.99
319 1983  7 25.96725   2    20.05  -14.86
319 1983  7 25.96725   3    26.69   12.75
321 1983  7 25.97512   5    48.87  -18.28
321 1983  7 25.97512   1    52.94  -21.35
321 1983  7 25.97512   2    20.24  -14.67
321 1983  7 25.97512   3    26.84   12.76
325 1983  7 25.99363   5    48.47  -19.51
325 1983  7 25.99363   1    52.57  -22.36
325 1983  7 25.99363   2    20.01  -14.53
325 1983  7 25.99363   3    27.00   12.59
329 1983  7 26.01366   5    48.02  -20.77
329 1983  7 26.01366   1    52.18  -23.44
329 1983  7 26.01366   2    19.98  -14.24
329 1983  7 26.01366   3    27.33   12.33
333 1983  7 26.03194   5    47.57  -21.82
333 1983  7 26.03194   1    51.74  -24.31
333 1983  7 26.03194   2    19.86  -14.10
333 1983  7 26.03194   3    27.50   12.20
337 1983  7 26.05197   5    47.21  -22.97
337 1983  7 26.05197   1    51.40  -25.32
337 1983  7 26.05197   2    19.93  -13.82
337 1983  7 26.05197   3    27.87   12.01
341 1983  7 26.06933   5    46.63  -23.68
341 1983  7 26.06933   1    50.93  -26.13
341 1983  7 26.06933   2    19.99  -13.61
341 1983  7 26.06933   3    28.18   11.76
350 1983  7 26.99433   1    14.55  -38.32
350 1983  7 26.99433   2    29.28  -14.08
350 1983  7 26.99433   3    37.78   -3.17
355 1983  7 27.01684   5    27.00  -24.48
355 1983  7 27.01684   1    13.76  -37.77
355 1983  7 27.01684   2    29.70  -14.31
355 1983  7 27.01684   3    37.90   -3.65
370 1983  7 28.03414   1    17.75  -31.61
370 1983  7 28.03414   2    28.45  -44.78
370 1983  7 28.03414   3    37.09  -27.80
376 1983  7 28.06620   5    -0.98  -43.29
376 1983  7 28.06620   1    18.07  -32.52
376 1983  7 28.06620   2    27.59  -45.75
376 1983  7 28.06620   3    36.81  -28.66
433 1984  4 13.26840   1   -31.02    2.31
433 1984  4 13.26840   2   -35.83   29.67
433 1984  4 13.26840   3   -30.87   41.20
437 1984  4 13.28785   1   -31.23    2.18
437 1984  4 13.28785   2   -34.92   29.85
437 1984  4 13.28785   3   -30.37   41.42
469 1984  5 11.25000   5   -38.83   23.14
469 1984  5 11.25000   1   -28.74   16.27
469 1984  5 11.25000   2   -51.54   37.65
469 1984  5 11.25000   3    -0.03   25.20
486 1984  5 12.23194   5    -7.00   37.34
486 1984  5 12.23194   1   -28.00   49.83
486 1984  5 12.23194   2   -10.51   60.73
486 1984  5 12.23194   3     5.66   16.26
322 1983  7 25.97928   5    48.59  -18.56
322 1983  7 25.97928   1    52.77  -21.47
322 1983  7 25.97928   2    19.98  -14.59
322 1983  7 25.97928   3    26.82   12.74
326 1983  7 25.99745   5    48.00  -19.52
326 1983  7 25.99745   1    52.40  -22.59
326 1983  7 25.99745   2    20.00  -14.59
326 1983  7 25.99745   3    27.05   12.47
330 1983  7 26.01759   5    47.95  -21.13
330 1983  7 26.01759   1    52.09  -23.66
330 1983  7 26.01759   2    19.96  -14.27
330 1983  7 26.01759   3    27.35   12.24
334 1983  7 26.03623   5    47.73  -22.22
334 1983  7 26.03623   1    51.70  -24.51
334 1983  7 26.03623   2    19.92  -14.06
334 1983  7 26.03623   3    27.61   12.14
338 1983  7 26.05625   5    47.11  -23.28
338 1983  7 26.05625   1    51.28  -25.54
338 1983  7 26.05625   2    20.08  -13.79
338 1983  7 26.05625   3    27.82   11.97
342 1983  7 26.94931   5    25.28  -23.85
342 1983  7 26.94931   1    15.78  -39.22
342 1983  7 26.94931   2    28.75  -13.32
342 1983  7 26.94931   3    37.50   -2.31
352 1983  7 27.00301   5    26.81  -24.10
352 1983  7 27.00301   1    14.32  -38.18
352 1983  7 27.00301   2    29.44  -14.19
352 1983  7 27.00301   3    37.88   -3.36
356 1983  7 27.02130   5    27.25  -24.44
356 1983  7 27.02130   1    13.82  -37.71
356 1983  7 27.02130   2    29.74  -14.49
356 1983  7 27.02130   3    38.06   -3.79
371 1983  7 28.03787   1    17.96  -31.87
371 1983  7 28.03787   2    28.64  -44.97
371 1983  7 28.03787   3    37.18  -28.06
427 1984  4 13.15625   1   -29.57    3.21
427 1984  4 13.15625   2   -39.43   27.95
427 1984  4 13.15625   3   -33.64   39.77
434 1984  4 13.27326   1   -31.02    2.17
434 1984  4 13.27326   2   -35.43   29.66
434 1984  4 13.27326   3   -30.66   41.20
466 1984  5 11.22708   5   -38.59   22.24
466 1984  5 11.22708   1   -28.28   16.22
466 1984  5 11.22708   2   -52.03   36.84
466 1984  5 11.22708   3    -0.19   25.44
470 1984  5 11.25694   5   -39.17   23.39
470 1984  5 11.25694   1   -28.83   16.39
470 1984  5 11.25694   2   -51.34   38.05
470 1984  5 11.25694   3     0.17   25.12
488 1984  5 12.24375   5    -7.07   37.19
488 1984  5 12.24375   1   -27.50   50.24
488 1984  5 12.24375   2    -9.97   60.75
488 1984  5 12.24375   3     5.71   16.18
323 1983  7 25.98646   5    48.53  -19.15
323 1983  7 25.98646   1    52.67  -22.03
323 1983  7 25.98646   2    20.00  -14.72
323 1983  7 25.98646   3    26.91   12.58
327 1983  7 26.00139   5    47.99  -19.67
327 1983  7 26.00139   1    52.42  -22.68
327 1983  7 26.00139   2    20.00  -14.35
327 1983  7 26.00139   3    27.20   12.53
331 1983  7 26.02292   5    47.74  -21.45
331 1983  7 26.02292   1    51.99  -23.86
331 1983  7 26.02292   2    19.80  -14.16
331 1983  7 26.02292   3    27.37   12.29
335 1983  7 26.04306   5    47.39  -22.36
335 1983  7 26.04306   1    51.59  -24.87
335 1983  7 26.04306   2    19.92  -13.85
335 1983  7 26.04306   3    27.67   12.05
339 1983  7 26.06019   5    46.93  -23.43
339 1983  7 26.06019   1    51.14  -25.64
339 1983  7 26.06019   2    19.87  -13.78
339 1983  7 26.06019   3    27.93   11.89
343 1983  7 26.95289   1    15.69  -39.16
343 1983  7 26.95289   2    28.78  -13.33
343 1983  7 26.95289   3    37.59   -2.35
353 1983  7 27.00810   5    26.82  -24.42
353 1983  7 27.00810   1    14.11  -37.39
353 1983  7 27.00810   2    29.49  -14.13
353 1983  7 27.00810   3    37.82   -3.54
357 1983  7 27.02882   5    27.12  -24.64
357 1983  7 27.02882   1    13.44  -37.54
357 1983  7 27.02882   2    29.64  -14.52
357 1983  7 27.02882   3    37.92   -3.93
372 1983  7 28.04815   5    -0.11  -43.83
372 1983  7 28.04815   1    17.98  -32.12
372 1983  7 28.04815   2    28.18  -45.21
372 1983  7 28.04815   3    37.06  -28.09
430 1984  4 13.25243   1   -30.62    2.26
430 1984  4 13.25243   2   -36.03   29.29
430 1984  4 13.25243   3   -31.19   40.98
435 1984  4 13.27812   1   -31.24    2.32
435 1984  4 13.27812   2   -35.31   29.88
435 1984  4 13.27812   3   -30.56   41.15
467 1984  5 11.23542   5   -38.74   22.68
467 1984  5 11.23542   1   -28.42   16.23
467 1984  5 11.23542   2   -51.83   37.07
467 1984  5 11.23542   3    -0.11   25.31
482 1984  5 12.17506   5    -7.64   39.45
482 1984  5 12.17506   1   -30.07   47.58
482 1984  5 12.17506   2   -13.35   60.91
482 1984  5 12.17506   3     5.64   16.78
489 1984  5 12.25069   5    -7.39   37.24
489 1984  5 12.25069   1   -27.19   50.53
489 1984  5 12.25069   2    -9.60   60.80
489 1984  5 12.25069   3     5.61   16.24
324 1983  7 25.99028   5    48.35  -19.55
324 1983  7 25.99028   1    52.59  -22.28
324 1983  7 25.99028   2    20.00  -14.75
324 1983  7 25.99028   3    26.89   12.61
328 1983  7 26.00532   5    47.86  -20.08
328 1983  7 26.00532   1    52.29  -23.03
328 1983  7 26.00532   2    19.92  -14.35
328 1983  7 26.00532   3    27.14   12.44
332 1983  7 26.02708   5    47.75  -21.65
332 1983  7 26.02708   1    51.84  -24.09
332 1983  7 26.02708   2    19.87  -14.26
332 1983  7 26.02708   3    27.39   12.14
336 1983  7 26.04711   5    47.52  -22.84
336 1983  7 26.04711   1    51.50  -25.16
336 1983  7 26.04711   2    19.95  -13.95
336 1983  7 26.04711   3    27.79   11.96
340 1983  7 26.06516   5    46.88  -23.61
340 1983  7 26.06516   1    51.11  -26.00
340 1983  7 26.06516   2    19.88  -13.64
340 1983  7 26.06516   3    27.94   11.79
344 1983  7 26.95660   1    15.58  -39.08
344 1983  7 26.95660   2    28.72  -13.39
344 1983  7 26.95660   3    37.61   -2.42
354 1983  7 27.01181   5    26.81  -24.50
354 1983  7 27.01181   1    14.02  -37.97
354 1983  7 27.01181   2    29.57  -14.40
354 1983  7 27.01181   3    37.85   -3.56
358 1983  7 27.03241   5    27.26  -24.79
358 1983  7 27.03241   1    13.51  -37.44
358 1983  7 27.03241   2    29.99  -14.66
358 1983  7 27.03241   3    38.13   -4.01
373 1983  7 28.05208   5    -0.26  -43.44
373 1983  7 28.05208   1    17.96  -32.24
373 1983  7 28.05208   2    28.06  -45.46
373 1983  7 28.05208   3    36.99  -28.35
431 1984  4 13.25764   1   -30.66    2.17
431 1984  4 13.25764   2   -35.95   29.39
431 1984  4 13.25764   3   -31.05   40.96
436 1984  4 13.28326   1   -31.20    2.08
436 1984  4 13.28326   2   -35.16   29.62
436 1984  4 13.28326   3   -30.24   41.39
468 1984  5 11.24167   5   -38.95   22.77
468 1984  5 11.24167   1   -28.49   16.21
468 1984  5 11.24167   2   -51.74   37.33
468 1984  5 11.24167   3    -0.01   25.28
483 1984  5 12.18264   1   -29.72   47.91
483 1984  5 12.18264   2   -12.93   60.84
483 1984  5 12.18264   3     5.51   16.70
490 1984  5 12.25764   5    -6.92   36.72
490 1984  5 12.25764   1   -26.81   50.68
490 1984  5 12.25764   2    -9.25   60.68
490 1984  5 12.25764   3     5.74   16.07
491 1984  5 12.26458   5    -6.89   36.52
491 1984  5 12.26458   1   -26.52   50.96
491 1984  5 12.26458   2    -8.84   60.70
491 1984  5 12.26458   3     5.72   16.03
495 1984  5 12.33125   5    -7.41   34.89
495 1984  5 12.33125   1    -23.69  53.17
495 1984  5 12.33125   2    -5.79   60.43
495 1984  5 12.33125   3     5.81   15.48
503 1984  5 13.18125   5     2.01   53.71
503 1984  5 13.18125   1    17.54   46.34
503 1984  5 13.18125   2    23.26   40.98
503 1984  5 13.18125   3     4.17   11.07
492 1984  5 12.31076   1   -24.59   52.47
492 1984  5 12.31076   2    -6.68   60.30
492 1984  5 12.31076   3     5.66   15.66
496 1984  5 12.33819   5    -7.79   34.52
496 1984  5 12.33819   1   -23.47   53.34
496 1984  5 12.33819   2    -5.47   60.29
496 1984  5 12.33819   3     5.63   15.46
504 1984  5 13.18889   5     2.57   53.88
504 1984  5 13.18889   1    17.63   46.03
504 1984  5 13.18889   2    23.39   40.81
504 1984  5 13.18889   3     4.12   11.06
493 1984  5 12.31667   1   -24.38   52.60
493 1984  5 12.31667   2    -6.39   60.42
493 1984  5 12.31667   3     5.75   15.61
497 1984  5 12.34583   1   -22.85   53.49
497 1984  5 12.34583   2    -5.10   60.23
497 1984  5 12.34583   3     5.87   15.43
505 1984  5 13.19583   5     2.71   54.08
505 1984  5 13.19583   1    17.72   45.89
505 1984  5 13.19583   2    23.28   40.54
505 1984  5 13.19583   3     4.11   11.07
494 1984  5 12.32361   5    -7.41   34.81
494 1984  5 12.32361   1   -24.06   52.86
494 1984  5 12.32361   2    -6.09   60.42
494 1984  5 12.32361   3     5.61   15.51
498 1984  5 12.35278   1   -22.58   53.75
498 1984  5 12.35278   2    -4.57   60.33
498 1984  5 12.35278   3     5.66   15.29
506 1984  5 13.20347   5     3.45   53.68
506 1984  5 13.20347   1    18.06   45.48
506 1984  5 13.20347   2    23.48   40.46
506 1984  5 13.20347   3     4.08   11.12
507 1984  5 13.31528   1    20.30   41.42
507 1984  5 13.31528   2    25.04   36.85
507 1984  5 13.31528   3     3.51   11.11
553 1984  6  5.13333   1   -30.67  -15.68
553 1984  6  5.13333   2   -61.98   -0.35
553 1984  6  5.13333   3   -19.05   13.66
559 1984  6  5.20372   5   -33.79   -8.51
559 1984  6  5.20372   1   -32.43  -16.32
559 1984  6  5.20372   2   -61.19    3.33
559 1984  6  5.20372   3   -18.11   13.86
572 1984  6  6.06181   5   -49.97   17.87
572 1984  6  6.06181   1   -57.04    6.31
572 1984  6  6.06181   2   -38.59   30.34
572 1984  6  6.06181   3   -10.23   12.52
578 1984  6  6.12708   5   -47.09   20.95
578 1984  6  6.12708   1   -57.24    9.95
578 1984  6  6.12708   2   -36.40   31.10
578 1984  6  6.12708   3    -9.83   12.32
583 1984  6  6.17361   5   -45.25   22.40
583 1984  6  6.17361   1   -57.19   12.55
583 1984  6  6.17361   2   -34.81   31.41
583 1984  6  6.17361   3    -9.62   12.08
590 1984  6  7.15903   5   -40.82   24.95
590 1984  6  7.15903   1   -22.05   39.83
590 1984  6  7.15903   2   -13.56   23.76
590 1984  6  7.15903   3    -7.95    8.12
594 1984  6  7.18750   5   -41.06   26.51
594 1984  6  7.18750   1   -20.90   39.41
594 1984  6  7.18750   2   -13.47   23.44
594 1984  6  7.18750   3    -7.92    8.05
598 1984  6  7.21111   5   -41.22   27.82
598 1984  6  7.21111   1   -20.10   39.09
598 1984  6  7.21111   2   -13.48   23.14
598 1984  6  7.21111   3    -8.00    8.03
610 1984  6  8.07361   5    -8.43   37.59
610 1984  6  8.07361   1   -17.27   26.46
610 1984  6  8.07361   2   -20.27   21.09
610 1984  6  8.07361   3   -11.40    8.29
614 1984  6  8.11667   5    -8.35   36.25
614 1984  6  8.11667   1   -18.06   26.90
614 1984  6  8.11667   2   -20.73   21.56
614 1984  6  8.11667   3   -11.59    8.53
508 1984  5 13.32257   1    20.32   40.97
508 1984  5 13.32257   2    24.98   36.56
508 1984  5 13.32257   3     3.74   10.90
555 1984  6  5.15155   5   -33.95   -7.65
555 1984  6  5.15155   1   -31.05  -15.82
555 1984  6  5.15155   2   -61.91    0.64
555 1984  6  5.15155   3   -18.84   13.65
560 1984  6  5.21736   5   -34.21   -8.93
560 1984  6  5.21736   1   -32.70  -16.51
560 1984  6  5.21736   2   -61.21    3.61
560 1984  6  5.21736   3   -18.05   13.78
573 1984  6  6.06944   5   -49.87   18.30
573 1984  6  6.06944   1   -57.12    6.68
573 1984  6  6.06944   2   -38.37   30.38
573 1984  6  6.06944   3   -10.21   12.510
579 1984  6  6.13472   5   -46.95   21.10
579 1984  6  6.13472   1   -57.27   10.34
579 1984  6  6.13472   2   -36.08   31.13
579 1984  6  6.13472   3    -9.78   12.19
587 1984  6  7.14132   5   -40.55   24.16
587 1984  6  7.14132   1   -22.63   40.03
587 1984  6  7.14132   2   -13.71   24.04
587 1984  6  7.14132   3    -7.93    8.20
591 1984  6  7.16667   5   -40.93   25.45
591 1984  6  7.16667   1   -21.68   39.69
591 1984  6  7.16667   2   -13.55   23.70
591 1984  6  7.16667   3    -8.00    8.11
595 1984  6  7.19306   5   -41.15   26.82
595 1984  6  7.19306   1   -20.77   39.41
595 1984  6  7.19306   2   -13.63   23.34
595 1984  6  7.19306   3    -8.09    8.01
607 1984  6  8.05694   5    -8.50   38.24
607 1984  6  8.05694   1   -16.93   26.72
607 1984  6  8.05694   2   -20.02   20.88
607 1984  6  8.05694   3   -11.32    8.35
611 1984  6  8.09931   5    -8.12   36.87
611 1984  6  8.09931   1   -17.68   26.73
611 1984  6  8.09931   2   -20.50   21.40
611 1984  6  8.09931   3   -11.49    8.49
615 1984  6  8.12917   5    -8.31   35.94
615 1984  6  8.12917   1   -18.25   27.06
615 1984  6  8.12917   2   -20.92   21.84
615 1984  6  8.12917   3   -11.62    8.62
509 1984  5 13.33056   1    20.48   40.53
509 1984  5 13.33056   2    25.34   36.22
509 1984  5 13.33056   3     3.61   10.76
557 1984  6  5.19167   5   -34.03   -8.34
557 1984  6  5.19167   1   -32.03  -16.24
557 1984  6  5.19167   2   -61.42    2.50
557 1984  6  5.19167   3   -18.37   13.80
561 1984  6  5.22569   5   -34.03   -8.93
561 1984  6  5.22569   1   -32.93  -16.43
561 1984  6  5.22569   2   -61.04    4.10
561 1984  6  5.22569   3   -17.96   13.84
574 1984  6  6.07639   5   -49.54   18.66
574 1984  6  6.07639   1   -57.13    7.05
574 1984  6  6.07639   2   -38.08   30.50
574 1984  6  6.07639   3   -10.18   12.50
580 1984  6  6.14097   5   -46.81   21.12
580 1984  6  6.14097   1   -57.20   10.61
580 1984  6  6.14097   2   -35.94   31.10
580 1984  6  6.14097   3    -9.75   12.19
588 1984  6  7.14861   5   -40.75   24.68
588 1984  6  7.14861   1   -22.45   39.97
588 1984  6  7.14861   2   -13.85   23.96
588 1984  6  7.14861   3    -7.94    8.15
592 1984  6  7.17222   5   -41.06   25.65
592 1984  6  7.17222   1   -21.56   39.63
592 1984  6  7.17222   2   -13.54   23.65
592 1984  6  7.17222   3    -8.02    8.10
596 1984  6  7.19861   5   -41.30   26.97
596 1984  6  7.19861   1   -20.63   39.22
596 1984  6  7.19861   2   -13.45   23.24
596 1984  6  7.19861   3    -8.07    7.98
608 1984  6  8.06389   5    -8.37   37.96
608 1984  6  8.06389   1   -17.09   26.42
608 1984  6  8.06389   2   -20.13   21.00
608 1984  6  8.06389   3   -11.36    8.37
612 1984  6  8.10625   5    -8.25   36.63
612 1984  6  8.10625   1   -17.82   26.83
612 1984  6  8.10625   2   -20.68   21.47
612 1984  6  8.10625   3   -11.55    8.49
616 1984  6  8.13611   5    -8.22   35.86
616 1984  6  8.13611   1   -18.37   27.17
616 1984  6  8.13611   2   -20.98   21.97
616 1984  6  8.13611   3   -11.72    8.64
552 1984  6  5.12708   1   -30.50  -15.57
552 1984  6  5.12708   2   -62.11   -0.66
552 1984  6  5.12708   3   -19.19   13.73
558 1984  6  5.20139   5   -34.02   -8.50
558 1984  6  5.20139   1   -32.30  -16.29
558 1984  6  5.20139   2   -61.41    2.88
558 1984  6  5.20139   3   -18.24   13.79
571 1984  6  6.05417   5   -50.38   17.61
571 1984  6  6.05417   1   -56.97    5.92
571 1984  6  6.05417   2   -38.88   30.23
571 1984  6  6.05417   3   -10.30   12.60
575 1984  6  6.08403   5   -49.13   18.92
575 1984  6  6.08403   1   -57.11    7.53
575 1984  6  6.08403   2   -37.75   30.68
575 1984  6  6.08403   3   -10.07   12.53
582 1984  6  6.15903   5   -45.87   21.91
582 1984  6  6.15903   1   -57.23   11.64
582 1984  6  6.15903   2   -35.35   31.27
582 1984  6  6.15903   3    -9.62   12.14
589 1984  6  7.15417   5   -40.78   24.88
589 1984  6  7.15417   1   -22.17   39.87
589 1984  6  7.15417   2   -13.62   23.90
589 1984  6  7.15417   3    -7.94    8.14
593 1984  6  7.18056   5   -41.09   26.08
593 1984  6  7.18056   1   -21.19   39.53
593 1984  6  7.18056   2   -13.53   23.50
593 1984  6  7.18056   3    -7.98    8.11
597 1984  6  7.20417   5   -41.23   27.42
597 1984  6  7.20417   1   -20.33   39.19
597 1984  6  7.20417   2   -13.43   23.17
597 1984  6  7.20417   3    -8.08    8.02
609 1984  6  8.06944   5    -8.75   37.48
609 1984  6  8.06944   1   -17.18   26.45
609 1984  6  8.06944   2   -20.19   21.02
609 1984  6  8.06944   3   -11.41    8.42
613 1984  6  8.11250   5    -8.39   36.37
613 1984  6  8.11250   1   -17.94   26.82
613 1984  6  8.11250   2   -20.59   21.45
613 1984  6  8.11250   3   -11.56    8.53
617 1984  6  8.14375   5    -8.33   35.42
617 1984  6  8.14375   1   -18.48   27.28
617 1984  6  8.14375   2   -21.05   22.05
617 1984  6  8.14375   3   -11.77    8.70
618 1984  6  8.14861   5    -8.27   35.35
618 1984  6  8.14861   1   -18.61   27.38
618 1984  6  8.14861   2   -21.09   22.15
618 1984  6  8.14861   3   -11.66    8.73
622 1984  6  8.17569   5    -8.64   34.64
622 1984  6  8.17569   1   -18.98   27.60
622 1984  6  8.17569   2   -21.44   22.47
622 1984  6  8.17569   3   -11.89    8.80
626 1984  6  8.19931   5    -8.88   34.06
626 1984  6  8.19931   1   -19.34   28.08
626 1984  6  8.19931   2   -21.73   22.92
626 1984  6  8.19931   3   -12.01    8.88
631 1984  6  9.19045   5    10.35   51.97
631 1984  6  9.19045   1    -0.21   57.57
631 1984  6  9.19045   2   -14.48   49.71
631 1984  6  9.19045   3   -14.22   17.32
637 1984  6 10.99375   1    24.09   17.14
637 1984  6 10.99375   2    56.29   27.87
637 1984  6 10.99375   3     4.92   36.86
641 1984  6 11.04236   5    42.33   16.00
641 1984  6 11.04236   1    23.71   17.76
641 1984  6 11.04236   2    56.74   25.41
641 1984  6 11.04236   3     5.82   37.00
645 1984  6 11.07812   1    23.74   18.36
645 1984  6 11.07812   2    57.39   23.78
645 1984  6 11.07812   3     6.69   37.22
650 1984  6 11.12083   1    23.75   19.03
650 1984  6 11.12083   2    57.95   21.62
650 1984  6 11.12083   3     7.52   37.25
654 1984  6 11.14861   5    39.29   12.76
654 1984  6 11.14861   1    23.72   19.53
654 1984  6 11.14861   2    58.18   20.29
654 1984  6 11.14861   3     8.09   37.42
669 1984  7 12.06944   5    18.47  -48.75
669 1984  7 12.06944   1     9.43  -28.44
669 1984  7 12.06944   2    -9.03  -45.41
669 1984  7 12.06944   3    33.45  -66.46
673 1984  7 12.09653   5    17.09  -49.65
673 1984  7 12.09653   1     9.89  -28.53
673 1984  7 12.09653   2    -9.72  -44.69
673 1984  7 12.09653   3    32.50  -67.01
677 1984  7 13.06597   5    -6.23  -33.64
677 1984  7 13.06597   1     0.13  -53.25
677 1984  7 13.06597   2   -13.72  -22.90
677 1984  7 13.06597   3    -7.54  -75.34
682 1984  7 13.08889   5    -5.82  -34.05
682 1984  7 13.08889   1    -0.87  -53.80
682 1984  7 13.08889   2   -13.35  -22.76
682 1984  7 13.08889   3    -8.61  -75.26
686 1984  7 13.10625   1    -1.68  -53.97
686 1984  7 13.10625   2   -13.18  -22.62
686 1984  7 13.10625   3    -9.46  -75.33
619 1984  6  8.15625   5    -8.39   35.15
619 1984  6  8.15625   1   -18.68   27.39
619 1984  6  8.15625   2   -21.19   22.24
619 1984  6  8.15625   3   -11.75    8.76
623 1984  6  8.18125   5    -8.68   34.54
623 1984  6  8.18125   1   -19.12   27.84
623 1984  6  8.18125   2   -21.42   22.67
623 1984  6  8.18125   3   -11.89    8.88
628 1984  6  9.15556   5     8.22   53.00
628 1984  6  9.15556   1    -2.29   57.22
628 1984  6  9.15556   2   -15.63   48.75
628 1984  6  9.15556   3   -14.31   16.83
632 1984  6  9.19792   5    11.09   51.72
632 1984  6  9.19792   1     0.23   57.63
632 1984  6  9.19792   2   -14.18   49.32
632 1984  6  9.19792   3   -14.22   17.39
638 1984  6 11.00069   5    43.37   18.22
638 1984  6 11.00069   1    23.99   17.22
638 1984  6 11.00069   2    56.28   27.44
638 1984  6 11.00069   3     5.10   36.78
642 1984  6 11.04931   5    42.24   15.53
642 1984  6 11.04931   1    23.88   17.88
642 1984  6 11.04931   2    56.99   25.03
642 1984  6 11.04931   3     6.05   37.00
647 1984  6 11.10000   5    40.88   15.43
647 1984  6 11.10000   1    23.66   18.74
647 1984  6 11.10000   2    57.63   22.73
647 1984  6 11.10000   3     7.18   37.25
651 1984  6 11.12778   5    40.15   13.30
651 1984  6 11.12778   1    23.69   19.34
651 1984  6 11.12778   2    57.99   21.41
651 1984  6 11.12778   3     7.64   37.43
666 1984  7 12.04375   5    19.41  -47.75
666 1984  7 12.04375   1     8.98  -28.46
666 1984  7 12.04375   2    -8.42  -46.05
666 1984  7 12.04375   3    34.40  -65.90
670 1984  7 12.07639   5    18.14  -48.85
670 1984  7 12.07639   1     9.48  -28.39
670 1984  7 12.07639   2    -9.30  -45.12
670 1984  7 12.07639   3    33.22  -66.51
674 1984  7 12.10347   5    16.51  -50.15
674 1984  7 12.10347   1     9.98  -28.56
674 1984  7 12.10347   2    -9.93  -44.49
674 1984  7 12.10347   3    32.23  -67.09
679 1984  7 13.07535   5    -6.02  -33.81
679 1984  7 13.07535   1    -0.25  -53.58
679 1984  7 13.07535   2   -13.48  -22.68
679 1984  7 13.07535   3    -8.06  -75.42
683 1984  7 13.09306   5    -5.57  -33.87
683 1984  7 13.09306   1    -1.09  -53.79
683 1984  7 13.09306   2   -13.33  -22.59
683 1984  7 13.09306   3    -8.82  -75.28
687 1984  7 13.11042   5    -5.44  -34.27
687 1984  7 13.11042   1    -1.97  -54.02
687 1984  7 13.11042   2   -13.36  -22.39
687 1984  7 13.11042   3    -9.59  -75.09
620 1984  6  8.16319   5    -8.56   35.07
620 1984  6  8.16319   1   -18.78   27.56
620 1984  6  8.16319   2   -21.31   22.40
620 1984  6  8.16319   3   -11.82    8.80
624 1984  6  8.18819   5    -8.79   34.49
624 1984  6  8.18819   1   -19.15   27.90
624 1984  6  8.18819   2   -21.52   22.75
624 1984  6  8.18819   3   -11.92    8.85
629 1984  6  9.17153   5     9.27   52.45
629 1984  6  9.17153   1    -1.24   57.42
629 1984  6  9.17153   2   -15.00   49.10
629 1984  6  9.17153   3   -14.29   17.06
633 1984  6  9.20486   5    11.21   51.64
633 1984  6  9.20486   1     0.67   57.70
633 1984  6  9.20486   2   -13.97   49.96
633 1984  6  9.20486   3   -14.11   17.44
639 1984  6 11.00764   1    24.08   17.22
639 1984  6 11.00764   2    56.48   27.15
639 1984  6 11.00764   3     5.21   36.81
643 1984  6 11.06267   5    41.88   15.17
643 1984  6 11.06267   1    23.70   18.12
643 1984  6 11.06267   2    57.07   24.51
643 1984  6 11.06267   3     6.33   37.09
648 1984  6 11.10634   5    40.92   13.78
648 1984  6 11.10634   1    23.84   18.92
648 1984  6 11.10634   2    57.84   22.36
648 1984  6 11.10634   3     7.40   37.24
652 1984  6 11.13472   5    40.27   13.04
652 1984  6 11.13472   1    23.84   19.35
652 1984  6 11.13472   2    58.04   21.08
652 1984  6 11.13472   3     7.84   37.34
667 1984  7 12.05486   5    18.88  -48.23
667 1984  7 12.05486   1     9.23  -28.45
667 1984  7 12.05486   2    -8.58  -45.70
667 1984  7 12.05486   3    34.06  -66.11
671 1984  7 12.08333   5    17.72  -49.26
671 1984  7 12.08333   1     9.62  -28.47
671 1984  7 12.08333   2    -9.38  -45.06
671 1984  7 12.08333   3    33.06  -66.67
675 1984  7 12.10972   5    16.26  -50.27
675 1984  7 12.10972   1    10.03  -28.57
675 1984  7 12.10972   2    -9.97  -44.33
675 1984  7 12.10972   3    32.05  -67.24
680 1984  7 13.08056   5    -5.93  -33.89
680 1984  7 13.08056   1    -0.47  -53.55
680 1984  7 13.08056   2   -13.49  -22.83
680 1984  7 13.08056   3    -8.31  -75.27
684 1984  7 13.09792   5    -5.91  -34.14
684 1984  7 13.09792   1    -1.38  -53.93
684 1984  7 13.09792   2   -13.22  -22.71
684 1984  7 13.09792   3    -9.05  -75.28
688 1984  7 14.08681   1   -41.72  -29.54
688 1984  7 14.08681   2    -8.67  -28.72
688 1984  7 14.08681   3   -48.26  -58.46
621 1984  6  8.17014   5    -8.57   34.79
621 1984  6  8.17014   1   -18.89   27.63
621 1984  6  8.17014   2   -21.30   22.39
621 1984  6  8.17014   3   -11.82    8.79
625 1984  6  8.19444   5    -8.86   34.31
625 1984  6  8.19444   1   -19.29   28.04
625 1984  6  8.19444   2   -21.55   22.87
625 1984  6  8.19444   3   -11.94    8.92
630 1984  6  9.18194   5     9.66   52.36
630 1984  6  9.18194   1    -0.82   57.39
630 1984  6  9.18194   2   -14.81   49.34
630 1984  6  9.18194   3   -14.29   17.16
634 1984  6  9.21042   5    11.39   51.38
634 1984  6  9.21042   1     0.80   57.76
634 1984  6  9.21042   2   -13.98   50.10
634 1984  6  9.21042   3   -14.21   17.41
640 1984  6 11.01458   1    23.96   17.23
640 1984  6 11.01458   2    56.70   26.75
640 1984  6 11.01458   3     5.57   36.75
644 1984  6 11.06944   1    23.91   18.22
644 1984  6 11.06944   2    57.50   24.17
644 1984  6 11.06944   3     6.63   37.13
649 1984  6 11.11389   1    23.68   19.00
649 1984  6 11.11389   2    57.88   22.03
649 1984  6 11.11389   3     7.33   37.28
653 1984  6 11.14167   5    39.79   12.99
653 1984  6 11.14167   1    23.65   19.33
653 1984  6 11.14167   2    57.96   20.66
653 1984  6 11.14167   3     7.99   37.36
668 1984  7 12.06250   5    18.72  -48.58
668 1984  7 12.06250   1     9.28  -28.38
668 1984  7 12.06250   2    -8.85  -45.57
668 1984  7 12.06250   3    33.78  -66.25
672 1984  7 12.09028   5    17.30  -49.62
672 1984  7 12.09028   1     9.75  -28.54
672 1984  7 12.09028   2    -9.62  -44.77
672 1984  7 12.09028   3    32.53  -66.95
676 1984  7 12.11667   5    16.00  -50.55
676 1984  7 12.11667   1    10.22  -28.72
676 1984  7 12.11667   2   -10.02  -44.18
676 1984  7 12.11667   3    31.81  -67.51
681 1984  7 13.08472   5    -5.79  -33.88
681 1984  7 13.08472   1    -0.72  -53.67
681 1984  7 13.08472   2   -13.47  -22.83
681 1984  7 13.08472   3    -8.56  -75.19
685 1984  7 13.10208   5    -5.49  -34.12
685 1984  7 13.10208   1    -1.63  -54.00
685 1984  7 13.10208   2   -13.35  -22.67
685 1984  7 13.10208   3    -9.30  -75.29
689 1984  7 14.08854   5   -36.16  -30.35
689 1984  7 14.08854   1   -41.31  -29.55
689 1984  7 14.08854   2    -8.27  -28.69
689 1984  7 14.08854   3   -48.06  -58.16
630 1984  7 14.09444   1   -42.04  -29.31
630 1984  7 14.09444   2    -8.70  -28.81
630 1984  7 14.09444   3   -48.57  -58.07
695 1984  7 14.11736   5   -37.48  -29.04
695 1984  7 14.11736   1   -41.90  -27.95
695 1984  7 14.11736   2    -8.96  -28.87
695 1984  7 14.11736   3   -49.45  -57.26
704 1984  7 16.06655   5   -34.90    6.69
704 1984  7 16.06655   1   -49.65   -9.97
704 1984  7 16.06655   2   -62.00   -4.03
704 1984  7 16.06655   3   -71.62   19.88
708 1984  7 16.08333   5   -34.76    6.57
708 1984  7 16.08333   1   -50.24   -9.16
708 1984  7 16.08333   2   -62.02   -3.02
708 1984  7 16.08333   3   -71.36   20.67
713 1984  7 16.10347   1   -50.67   -8.43
713 1984  7 16.10347   2   -62.14   -2.20
713 1984  7 16.10347   3   -71.02   21.46
717 1984  7 16.11944   5   -33.91    5.90
717 1984  7 16.11944   1   -51.14   -7.75
717 1984  7 16.11944   2   -62.37   -1.32
717 1984  7 16.11944   3   -70.94   22.17
761 1985  3 30.27431   5   -26.72   31.98
761 1985  3 30.27431   1   -43.26   16.07
761 1985  3 30.27431   2   -53.57   26.46
761 1985  3 30.27431   3   -10.67    4.25
768 1985  3 30.34687   5   -25.02   30.78
768 1985  3 30.34687   1   -44.02   19.08
768 1985  3 30.34687   2   -52.35   29.60
768 1985  3 30.34687   3   -11.09    4.20
792 1985  4  3.23414   5    31.75   33.84
792 1985  4  3.23414   1    48.19   30.34
792 1985  4  3.23414   2    16.23   19.56
792 1985  4  3.23414   3     6.36   39.36
797 1985  4  3.25556   5    32.64   33.87
797 1985  4  3.25556   1    48.55   29.38
797 1985  4  3.25556   2    16.19   19.84
797 1985  4  3.25556   3     6.71   40.12
692 1984  7 14.10208   5   -37.41  -30.05
692 1984  7 14.10208   1   -41.75  -28.83
692 1984  7 14.10208   2    -8.44  -28.93
692 1984  7 14.10208   3   -48.87  -57.75
696 1984  7 14.12118   5   -37.52  -29.26
696 1984  7 14.12118   1   -41.87  -27.98
696 1984  7 14.12118   2    -8.83  -29.24
696 1984  7 14.12118   3   -49.53  -57.25
705 1984  7 16.07083   5   -34.76    6.65
705 1984  7 16.07083   1   -49.69   -9.56
705 1984  7 16.07083   2   -61.90   -3.77
705 1984  7 16.07083   3   -71.52   20.12
710 1984  7 16.09167   5   -34.77    6.38
710 1984  7 16.09167   1   -50.34   -9.09
710 1984  7 16.09167   2   -62.11   -2.88
710 1984  7 16.09167   3   -71.21   20.77
714 1984  7 16.10764   5   -34.15    5.90
714 1984  7 16.10764   1   -50.91   -8.35
714 1984  7 16.10764   2   -62.13   -1.92
714 1984  7 16.10764   3   -71.09   21.66
758 1985  3 30.26007   5   -27.41   32.56
758 1985  3 30.26007   1   -43.16   15.53
758 1985  3 30.26007   2   -53.73   25.81
758 1985  3 30.26007   3   -10.75    4.33
763 1985  3 30.28472   5   -26.07   32.08
763 1985  3 30.28472   1   -43.35   16.52
763 1985  3 30.28472   2   -53.34   26.93
763 1985  3 30.28472   3   -10.86    4.35
693 1984  7 14.10833   5   -37.40  -29.94
693 1984  7 14.10833   1   -41.92  -28.57
693 1984  7 14.10833   2    -8.79  -29.11
693 1984  7 14.10833   3   -49.06  -57.70
697 1984  7 14.12708   5   -37.39  -28.84
697 1984  7 14.12708   1   -42.06  -27.69
697 1984  7 14.12708   2    -8.96  -29.23
697 1984  7 14.12708   3   -49.71  -57.15
706 1984  7 16.07500   5   -34.51    6.73
706 1984  7 16.07500   1   -49.90   -9.52
706 1984  7 16.07500   2   -61.94   -3.54
706 1984  7 16.07500   3   -71.54   20.38
711 1984  7 16.09583   5   -34.62    5.86
711 1984  7 16.09583   1   -50.61   -8.70
711 1984  7 16.09583   2   -62.29   -2.62
711 1984  7 16.09583   3   -71.32   21.06
715 1984  7 16.11181   5   -33.98    5.94
715 1984  7 16.11181   1   -51.01   -8.23
715 1984  7 16.11181   2   -62.33   -1.86
715 1984  7 16.11181   3   -71.19   21.60
759 1985  3 30.26458   5   -26.94   32.28
759 1985  3 30.26458   1   -43.05   15.70
759 1985  3 30.26458   2   -53.61   26.00
759 1985  3 30.26458   3   -10.78    4.35
764 1985  3 30.29062   5   -25.64   32.10
764 1985  3 30.29062   1   -43.45   16.70
764 1985  3 30.29062   2   -53.26   27.03
764 1985  3 30.29062   3   -10.87    4.24
769 1985  3 30.35104   5   -23.82   30.94
769 1985  3 30.35104   1   -44.18   19.15
769 1985  3 30.35104   2   -52.50   29.80
769 1985  3 30.35104   3   -11.22    4.21
793 1985  4  3.23796   5    31.88   33.78
793 1985  4  3.23796   1    48.21   30.19
793 1985  4  3.23796   2    16.03   19.66
793 1985  4  3.23796   3     6.29   40.08
800 1985  4  3.26319   5    33.42   33.71
800 1985  4  3.26319   1    48.84   28.65
800 1985  4  3.26319   2    16.35   19.93
800 1985  4  3.26319   3     7.10   40.02
790 1985  4  3.22639   5    31.26   33.77
790 1985  4  3.22639   1    47.73   30.80
790 1985  4  3.22639   2    16.35   19.35
790 1985  4  3.22639   3     6.16   39.93
795 1985  4  3.24583   5    32.08   33.98
795 1985  4  3.24583   1    48.35   29.86
795 1985  4  3.24583   2    16.27   19.70
795 1985  4  3.24583   3     6.51   40.05
801 1985  4  3.27569   5    33.66   33.78
801 1985  4  3.27569   1    49.03   28.45
801 1985  4  3.27569   2    16.40   20.10
801 1985  4  3.27569   3     7.20   40.12
694 1984  7 14.11250   1   -41.75  -28.42
694 1984  7 14.11250   2    -8.73  -28.99
694 1984  7 14.11250   3   -49.10  -57.53
698 1984  7 14.13125   5   -37.47  -28.43
698 1984  7 14.13125   1   -42.00  -27.48
698 1984  7 14.13125   2    -8.97  -29.46
698 1984  7 14.13125   3   -49.78  -56.99
707 1984  7 16.07917   5   -34.55    6.72
707 1984  7 16.07917   1   -50.08   -9.38
707 1984  7 16.07917   2   -62.15   -3.47
707 1984  7 16.07917   3   -71.43   20.41
712 1984  7 16.10000   1   -50.58   -8.63
712 1984  7 16.10000   2   -62.05   -2.48
712 1984  7 16.10000   3   -71.10   21.19
716 1984  7 16.11597   5   -34.22    5.44
716 1984  7 16.11597   1   -51.11   -8.14
716 1984  7 16.11597   2   -62.24   -1.73
716 1984  7 16.11597   3   -70.91   21.87
760 1985  3 30.27014   5   -26.56   32.16
760 1985  3 30.27014   1   -43.16   15.96
760 1985  3 30.27014   2   -53.54   26.30
760 1985  3 30.27014   3   -10.71    4.29
765 1985  3 30.29549   5   -25.82   31.89
765 1985  3 30.29549   1   -43.50   16.87
765 1985  3 30.29549   2   -53.13   27.37
765 1985  3 30.29549   3   -10.87    4.24
791 1985  4  3.23067   5    31.27   33.87
791 1985  4  3.23067   1    48.06   30.54
791 1985  4  3.23067   2    16.29   19.47
791 1985  4  3.23067   3     6.18   39.99
796 1985  4  3.25000   5    32.12   33.83
796 1985  4  3.25000   1    48.45   29.58
796 1985  4  3.25000   2    16.21   19.77
796 1985  4  3.25000   3     6.66   40.10
804 1985  4  3.33889   5    37.48   32.85
804 1985  4  3.33889   1    50.30   25.17
804 1985  4  3.33889   2    16.68   21.00
804 1985  4  3.33889   3     8.77   40.31
