 3  1920  8  8 16 59  1  166.76  17  3  1  31.44
 3  1920  8 21 16 14 23  344.61  16 15 44  31.77
 3  1920  9  3 17  1 47  165.48  17  1 33  31.06
 3  1920  9  4 16 39 25  176.28  16 43 42  26.56
 3  1920  9 15 15  9 34  329.63  15 12 57  19.78
 3  1920  9 16 16  1 46  343.91  16  0 26  31.47
 3  1920  9 17 14 41 43  354.22  14 42 30  28.75
 3  1920  9 21 15 29 19  171.13  15 31 49  30.31
 3  1920 10  5 15  7 59    3.88  15 14 46  20.55
 3  1920 10 14 14 10 37   16.06  14 34 24  15.66
 3  1920 10 17 14 29 34  170.24  14 28 45  31.30
 3  1920 11  4 13 29 11  177.14  13  6 56  27.06
 3  1920 11 13 13 42 36  179.89  13 43 59  22.96
 4  1920  8 26 16  1  9  352.59  15 50 34  38.68
 4  1920  9  2 15 37 43  174.84  15 45  6  35.68
 4  1920  9  3 15 53 39  188.37  16  4 55  22.54
 4  1920  9 14 15  1  4  165.32  15  7 30  41.39
 4  1920  9 15 16 35  2  172.58  17 10 58  39.58
 4  1920  9 21 16 13 34  347.03  16 14  0  42.67
 4  1920  9 22 15  8 15  353.92  15 10 48  38.32
 4  1920 10  5 15 57  5  350.47  15 59 29  40.76
 4  1920 10 11 15  9 12  166.77  15 10 27  41.53
 4  1920 10 15 14 18 21  291.07  14 22 41  12.72
 4  1920 10 17 15 52 15  340.09  15 54 54  39.18
 4  1920 11 13 14 39 28  340.51  14 39 26  38.84
 1  1921  8 29 16 12 24  164.80  16 47 29  13.86
 3  1921  8 25 16 41 32  157.66  16 40 44  22.38
 3  1921  8 26 17 57  8  165.45  17 55 50  31.68
 3  1921  8 27 16 12  5  172.76  16 11 56  25.79
 3  1921  8 30 16  8 28  341.81  16  2 18  29.83
 3  1921  9  7 16 17 17  335.90  16 14 48  20.99
 3  1921 10 14 14 25  6  353.51  14 25 37  25.03
 3  1921 10 17 13 35 40  162.90  13 31 50  29.68
 3  1921 10 18 13 40 10  171.49  13 39  0  29.00
 3  1921 10 21 13 25 38  338.40  13 26 35  25.65
 3  1921 10 26 12 50 32  165.07  12 52  6  30.66
 3  1921 11 25 13  1 33  340.46  13  1  0  27.01
 4  1921  8 24 16 15 52  347.95  16 15  8  41.17
 4  1921  8 25 17 38 19  353.43  17 38 42  31.75
 4  1921  8 26 16 34 49    5.12  16 27  2  17.02
 4  1921  9  8 15 55 35  358.20  15 57 40  25.51
 4  1921  9 19 16 49 59  344.31  16 40  0  41.29
 4  1921 10  1 13 47 42  333.21  13 45 33  25.94
 4  1921 10  2 14  7 48  340.97  13 59 15  37.60
 4  1921 10 24 12 45  7  170.48  12 47 18  39.33
 4  1921 10 28 13 38 16  333.18  13 37 35  26.07
 4  1921 11 25 14 13 42  340.89  14  4 47  37.71
 3  1922  8 21 16 23 22  337.77  16 19 49  16.45
 3  1922  8 22 17 39 35  343.77  17 43  7  30.20
 3  1922  9 14 16 21 26  169.44  16 18 20  26.56
 3  1922  9 22 15 41 18  165.61  15 34 12  31.53
 3  1922  9 26 14 24  0  343.92  14 25 31  30.43
 4  1922  8 15 16 37  6  164.65  16 35  9  41.81
 4  1922  8 21 17 21 19  342.99  17 21 23  38.47
 4  1922  8 22 19  4  6  345.05  19  6 38  41.86
 4  1922  8 28 16 23 56  163.71  16 30 25  39.86
 4  1922  9 25 14 34 11  165.84  14 39  0  42.00
 4  1922  9 26 15 32 17  169.34  15 34  1  34.61
