P34    1977  4 15.049999  5  4  11.17  53.31
P34    1977  4 15.049999  1  4   1.51  31.25
P34    1977  4 15.049999  2  4   5.59  24.63
P34    1977  4 15.049999  3  4  -7.65  14.87
P36    1977  4 15.13193   2  4   4.80  24.70
P36    1977  4 15.13193   3  4  -7.70  15.55
P37    1977  4 15.98749   1  4  15.60  52.12
P37    1977  4 15.98749   2  4   3.89  35.52
P37    1977  4 15.98749   3  4  -4.92  24.80
P38    1977  4 16.00207   1  4  16.31  52.47
P38    1977  4 16.00207   2  4   4.19  35.90
P38    1977  4 16.00207   3  4  -4.72  25.11
P39    1977  4 16.04165   1  4  18.04  52.26
P39    1977  4 16.04165   2  4   4.72  36.57
P39    1977  4 16.04165   3  4  -4.31  25.56
P40    1977  4 16.05970   1  4  18.67  52.38
P40    1977  4 16.05970   2  4   4.70  36.82
P40    1977  4 16.05970   3  4  -4.53  25.38
P42    1977  4 21.03610   1  4   1.96 -31.01
P42    1977  4 21.03610   2  4   1.54 -24.90
P42    1977  4 21.03610   3  4  33.60 -46.88
P43    1977  4 21.04652   1  4   2.20 -30.71
P43    1977  4 21.04652   2  4   1.51 -24.73
P43    1977  4 21.04652   3  4  33.40 -47.04
P44    1977  4 22.01873   5  4  -7.70 -34.44
P44    1977  4 22.01873   1  4   0.88 -50.69
P44    1977  4 22.01873   2  4   5.50 -35.18
P44    1977  4 22.01873   3  4   8.44 -68.60
P45    1977  4 22.03125   5  4  -7.28 -34.58
P45    1977  4 22.03125   1  4   0.46 -51.11
P45    1977  4 22.03125   2  4   5.33 -35.52
P45    1977  4 22.03125   3  4   7.96 -68.78
P47    1977  4 22.06457   5  4  -6.55 -35.36
P47    1977  4 22.06457   1  4  -0.53 -51.84
P47    1977  4 22.06457   2  4   5.16 -36.37
P47    1977  4 22.06457   3  4   7.02 -69.09
P48    1977  4 22.07012   5  4  -6.65 -34.92
P48    1977  4 22.07012   1  4  -0.94 -52.14
P48    1977  4 22.07012   2  4   4.97 -36.42
P48    1977  4 22.07012   3  4   6.61 -69.18
P49    1977  4 22.08680   5  4  -6.30 -35.05
P49    1977  4 22.08680   1  4  -1.39 -52.50
P49    1977  4 22.08680   2  4   4.88 -36.81
P49    1977  4 22.08680   3  4   6.14 -69.44
P50    1977  4 22.09721   5  4  -6.09 -35.10
P50    1977  4 22.09721   1  4  -1.70 -52.75
P50    1977  4 22.09721   2  4   4.92 -37.03
P50    1977  4 22.09721   3  4   5.91 -69.57
P51    1977  4 22.10763   5  4  -6.25 -35.54
P51    1977  4 22.10763   1  4  -2.09 -53.03
P51    1977  4 22.10763   2  4   4.75 -37.51
P51    1977  4 22.10763   3  4   5.56 -69.73
P52    1977  4 23.06388   5  4 -33.01 -33.61
P52    1977  4 23.06388   1  4 -36.71 -36.18
P52    1977  4 23.06388   2  4 -18.49 -53.28
P52    1977  4 23.06388   3  4 -25.54 -68.71
P53    1977  4 23.07290   5  4 -33.09 -33.10
P53    1977  4 23.07290   1  4 -36.87 -35.86
P53    1977  4 23.07290   2  4 -18.83 -53.31
P53    1977  4 23.07290   3  4 -25.81 -68.66
P74    1977  7 10.87152   1  4   5.55 -28.53
P74    1977  7 10.87152   2  4   9.24 -61.80
P74    1977  7 10.87152   3  4  -4.05 -74.43
P75    1977  7 10.87638   1  4   5.76 -28.53
P75    1977  7 10.87638   2  4   9.02 -61.76
P75    1977  7 10.87638   3  4  -4.25 -74.36
P76    1977  7 10.88402   1  4   5.68 -28.64
P76    1977  7 10.88402   2  4   8.60 -61.88
P76    1977  7 10.88402   3  4  -4.59 -74.37
P80    1977  7 10.91006   1  4   6.13 -28.80
P80    1977  7 10.91006   2  4   7.64 -62.46
P80    1977  7 10.91006   3  4  -5.20 -74.54
P83    1977  7 10.92545   1  4   6.24 -28.98
P83    1977  7 10.92545   2  4   7.21 -62.40
P83    1977  7 10.92545   3  4  -5.81 -74.23
P87    1977  7 12.88124   1  4 -34.41 -28.77
P87    1977  7 12.88124   2  4 -29.51 -14.62
P87    1977  7 12.88124   3  4 -48.60 -27.34
P88    1977  7 12.89548   1  4 -34.40 -28.36
P88    1977  7 12.89548   2  4 -29.50 -14.51
P88    1977  7 12.89548   3  4 -48.61 -27.03
P90    1977  7 12.90902   1  4 -34.37 -27.48
P90    1977  7 12.90902   2  4 -29.20 -13.71
P90    1977  7 12.90902   3  4 -48.79 -26.20
P91    1977  7 12.91562   1  4 -34.32 -27.11
P91    1977  7 12.91562   2  4 -29.07 -13.69
P91    1977  7 12.91562   3  4 -48.83 -26.07
P92    1977  7 12.91943   5  4 -24.83 -22.98
P92    1977  7 12.91943   1  4 -34.28 -26.94
P92    1977  7 12.91943   2  4 -29.02 -13.70
P92    1977  7 12.91943   3  4 -48.89 -25.96
P93    1977  7 12.92545   1  4 -34.25 -26.73
P93    1977  7 12.92545   2  4 -29.13 -13.67
P93    1977  7 12.92545   3  4 -49.02 -25.89
P95    1977  7 13.88112   1  4 -21.36 -11.27
P95    1977  7 13.88112   2  4 -17.98  -6.85
P95    1977  7 13.88112   3  4 -46.51   9.07
P99    1977  7 16.87394   1  4  -8.73  26.97
P99    1977  7 16.87394   2  4 -24.28  53.11
P99    1977  7 16.87394   3  4   9.60  40.13
P100   1977  7 16.87742   1  4  -8.72  26.66
P100   1977  7 16.87742   2  4 -24.28  53.16
P100   1977  7 16.87742   3  4   9.46  40.07
P101   1977  7 16.88159   1  4  -8.85  26.65
P101   1977  7 16.88159   2  4 -24.09  53.27
P101   1977  7 16.88159   3  4   9.59  40.10
P102   1977  7 16.88505   1  4  -8.70  26.57
P102   1977  7 16.88505   2  4 -23.91  53.27
P102   1977  7 16.88505   3  4   9.77  39.93
P103   1977  7 16.88923   1  4  -8.77  26.65
P103   1977  7 16.88923   2  4 -23.84  53.54
P103   1977  7 16.88923   3  4   9.77  39.90
P104   1977  7 16.89270   1  4  -8.85  26.46
P104   1977  7 16.89270   2  4 -23.62  53.56
P104   1977  7 16.89270   3  4   9.78  39.82
P105   1977  7 17.87220   5  4   0.16  33.97
P105   1977  7 17.87220   1  4 -11.25  45.94
P105   1977  7 17.87220   2  4  11.70  56.98
P105   1977  7 17.87220   3  4  18.76  24.33
P106   1977  7 17.87626   5  4   0.23  34.31
P106   1977  7 17.87626   1  4 -11.21  46.03
P106   1977  7 17.87626   2  4  11.91  56.80
P106   1977  7 17.87626   3  4  18.78  24.19
P107   1977  7 17.88262   5  4  -0.08  34.01
P107   1977  7 17.88262   1  4 -11.00  46.36
P107   1977  7 17.88262   2  4  12.00  56.63
P107   1977  7 17.88262   3  4  18.70  24.04
P108   1977  7 17.88703   5  4  -0.27  34.02
P108   1977  7 17.88703   1  4 -10.98  46.42
P108   1977  7 17.88703   2  4  12.14  56.68
P108   1977  7 17.88703   3  4  18.78  23.86
P109   1977  7 17.89454   5  4  -0.32  34.26
P109   1977  7 17.89454   1  4 -10.83  46.78
P109   1977  7 17.89454   2  4  12.23  56.61
P109   1977  7 17.89454   3  4  18.70  23.84
P110   1977  7 17.90011   5  4  -0.46  34.40
P110   1977  7 17.90011   1  4 -10.60  47.00
P110   1977  7 17.90011   2  4  12.46  56.42
P110   1977  7 17.90011   3  4  18.82  23.73
P111   1978  3 19.13888   1  4  16.15  25.56
P111   1978  3 19.13888   2  4  36.16  48.57
P111   1978  3 19.13888   3  4  42.87   2.63
P113   1978  3 19.20190   1  4  16.35  27.05
P113   1978  3 19.20190   2  4  38.46  46.93
P113   1978  3 19.20190   3  4  42.73   0.94
P132   1978  5 13.94374   1  4  26.73   0.76
P132   1978  5 13.94374   2  4  32.21 -26.92
P132   1978  5 13.94374   3  4  11.85   7.33
P133   1978  5 13.95138   1  4  26.92   0.80
P133   1978  5 13.95138   2  4  32.06 -27.04
P133   1978  5 13.95138   3  4  11.89   7.33
P134   1978  5 13.95902   1  4  26.96   1.14
P134   1978  5 13.95902   2  4  31.80 -26.94
P134   1978  5 13.95902   3  4  11.90   7.41
P135   1978  5 13.96805   1  4  27.25   1.26
P135   1978  5 13.96805   2  4  31.56 -27.09
P135   1978  5 13.96805   3  4  11.96   7.37
P136   1978  5 13.97916   1  4  27.26   1.12
P136   1978  5 13.97916   2  4  31.20 -27.30
P136   1978  5 13.97916   3  4  11.96   7.43
P137   1978  5 13.99235   1  4  27.41   1.30
P137   1978  5 13.99235   2  4  30.78 -27.46
P137   1978  5 13.99235   3  4  11.95   7.40
P138   1978  5 14.00624   1  4  27.76   1.39
P138   1978  5 14.00624   2  4  30.50 -27.47
P138   1978  5 14.00624   3  4  12.22   7.34
P145   1978  6 28.88853   5  4 -26.06 -18.55
P145   1978  6 28.88853   1  4 -28.91  -3.76
P145   1978  6 28.88853   2  4 -46.51 -31.03
P145   1978  6 28.88853   3  4 -17.95  10.39
P146   1978  6 28.89721   5  4 -26.09 -18.67
P146   1978  6 28.89721   1  4 -28.67  -3.70
P146   1978  6 28.89721   2  4 -46.58 -30.68
P146   1978  6 28.89721   3  4 -17.76  10.50
P147   1978  6 28.90206   5  4 -26.15 -18.63
P147   1978  6 28.90206   1  4 -28.60  -3.72
P147   1978  6 28.90206   2  4 -46.76 -30.54
P147   1978  6 28.90206   3  4 -17.84  10.41
P148   1978  6 28.90728   5  4 -26.22 -19.05
P148   1978  6 28.90728   1  4 -28.60  -3.67
P148   1978  6 28.90728   2  4 -46.90 -30.40
P148   1978  6 28.90728   3  4 -17.79  10.57
P149   1978  6 28.91145   5  4 -26.25 -19.03
P149   1978  6 28.91145   1  4 -28.39  -3.72
P149   1978  6 28.91145   2  4 -46.94 -30.13
P149   1978  6 28.91145   3  4 -17.65  10.52
P150   1978  6 28.91665   5  4 -26.32 -19.01
P150   1978  6 28.91665   1  4 -28.31  -3.59
P150   1978  6 28.91665   2  4 -46.99 -29.79
P150   1978  6 28.91665   3  4 -17.65  10.57
P151   1978  6 29.88784   5  4 -36.84  12.55
P151   1978  6 29.88784   1  4 -33.59 -10.89
P151   1978  6 29.88784   2  4 -47.66  17.28
P151   1978  6 29.88784   3  4  -9.60  11.37
P152   1978  6 29.89234   5  4 -36.33  12.96
P152   1978  6 29.89234   1  4 -33.78 -10.94
P152   1978  6 29.89234   2  4 -47.57  17.46
P152   1978  6 29.89234   3  4  -9.60  11.38
P153   1978  6 29.89930   5  4 -36.06  13.19
P153   1978  6 29.89930   1  4 -33.94 -10.83
P153   1978  6 29.89930   2  4 -47.55  17.79
P153   1978  6 29.89930   3  4  -9.61  11.40
P154   1978  6 29.90786   1  4 -34.08 -10.75
P154   1978  6 29.90786   2  4 -47.15  18.08
P154   1978  6 29.90786   3  4  -9.51  11.41
P156   1978  7  1.87500   1  4  -6.53  37.33
P156   1978  7  1.87500   2  4  -5.47  25.44
P156   1978  7  1.87500   3  4  -9.31   6.40
P157   1978  7  1.88020   5  4 -13.87  30.26
P157   1978  7  1.88020   1  4  -6.64  37.36
P157   1978  7  1.88020   2  4  -5.41  25.39
P157   1978  7  1.88020   3  4  -9.42   6.59
P158   1978  7  1.88645   5  4 -14.07  30.02
P158   1978  7  1.88645   1  4  -6.54  37.30
P158   1978  7  1.88645   2  4  -5.43  25.59
P158   1978  7  1.88645   3  4  -9.44   6.59
P159   1978  7  1.90346   5  4 -13.61  29.91
P159   1978  7  1.90346   1  4  -6.29  36.78
P159   1978  7  1.90346   2  4  -5.48  25.20
P159   1978  7  1.90346   3  4  -9.44   6.60
P160   1978  7  1.91074   5  4 -14.25  29.78
P160   1978  7  1.91074   1  4  -6.24  36.55
P160   1978  7  1.91074   2  4  -5.54  25.13
P160   1978  7  1.91074   3  4  -9.45   6.71
P161   1978  7  1.91874   5  4 -14.32  29.60
P161   1978  7  1.91874   1  4  -6.08  36.50
P161   1978  7  1.91874   2  4  -5.40  25.14
P161   1978  7  1.91874   3  4  -9.52   6.75
P162   1978  7  2.88784   1  4 -12.33  35.70
P162   1978  7  2.88784   2  4 -12.07  27.44
P162   1978  7  2.88784   3  4 -12.57  13.11
P163   1978  7  2.89305   1  4 -12.26  35.96
P163   1978  7  2.89305   2  4 -12.12  27.56
P163   1978  7  2.89305   3  4 -12.55  13.14
P164   1978  7  2.89999   1  4 -12.22  36.25
P164   1978  7  2.89999   2  4 -12.03  27.73
P164   1978  7  2.89999   3  4 -12.61  13.13
P165   1978  7  2.90416   1  4 -12.19  36.31
P165   1978  7  2.90416   2  4 -12.16  27.77
P165   1978  7  2.90416   3  4 -12.58  13.25
P166   1978  7  2.91492   5  4   4.15  51.43
P166   1978  7  2.91492   1  4 -12.25  36.61
P166   1978  7  2.91492   2  4 -12.18  28.01
P166   1978  7  2.91492   3  4 -12.64  13.33
P167   1978  7  2.92013   5  4   4.46  51.35
P167   1978  7  2.92013   1  4 -12.17  36.86
P167   1978  7  2.92013   2  4 -12.13  28.25
P167   1978  7  2.92013   3  4 -12.65  13.37
P168   1979  6 12.90485   1  4 -28.49 -49.16
P168   1979  6 12.90485   2  4 -39.22 -22.82
P168   1979  6 12.90485   3  4   1.75 -21.29
P169   1979  6 14.89096   5  4 -43.67  -6.04
P169   1979  6 14.89096   1  4 -27.52  -5.12
P169   1979  6 14.89096   2  4 -23.13  -7.34
P169   1979  6 14.89096   3  4 -23.75 -26.89
P170   1979  6 14.90068   1  4 -27.63  -5.13
P170   1979  6 14.90068   2  4 -23.06  -7.36
P170   1979  6 14.90068   3  4 -23.98 -26.71
P171   1979  6 14.90832   1  4 -27.76  -5.19
P171   1979  6 14.90832   2  4 -23.03  -7.46
P171   1979  6 14.90832   3  4 -24.04 -26.69
P172   1979  6 14.91527   1  4 -27.73  -5.15
P172   1979  6 14.91527   2  4 -23.13  -7.36
P172   1979  6 14.91527   3  4 -24.24 -26.60
P173   1979  6 14.92638   5  4 -44.40  -4.30
P173   1979  6 14.92638   1  4 -28.08  -5.34
P173   1979  6 14.92638   2  4 -23.38  -7.55
P173   1979  6 14.92638   3  4 -24.35 -26.45
P173   1979  6 14.93402   1  4 -28.16  -5.41
P173   1979  6 14.93402   2  4 -23.43  -7.50
P173   1979  6 14.93402   3  4 -24.60 -26.42
P175   1979  6 17.87916   5  4 -12.70  41.88
P175   1979  6 17.87916   1  4  -5.96  29.98
P175   1979  6 17.87916   2  4   0.84  64.41
P175   1979  6 17.87916   3  4 -33.51  45.98
P176   1979  6 17.88471   1  4  -5.95  30.14
P176   1979  6 17.88471   2  4   1.16  64.34
P176   1979  6 17.88471   3  4 -33.35  46.19
P177   1979  6 17.89062   1  4  -6.07  30.10
P177   1979  6 17.89062   2  4   1.39  64.28
P177   1979  6 17.89062   3  4 -33.33  46.32
P178   1979  6 17.89651   5  4 -12.77  43.05
P178   1979  6 17.89651   1  4  -6.12  30.04
P178   1979  6 17.89651   2  4   1.56  64.10
P178   1979  6 17.89651   3  4 -33.17  46.44
P179   1979  6 17.90415   5  4 -12.60  43.20
P179   1979  6 17.90415   1  4  -6.20  30.11
P179   1979  6 17.90415   2  4   1.82  64.09
P179   1979  6 17.90415   3  4 -33.02  46.60
P180   1979  6 17.91596   5  4 -12.31  43.78
P180   1979  6 17.91596   1  4  -6.28  30.27
P180   1979  6 17.91596   2  4   2.38  64.14
P180   1979  6 17.91596   3  4 -32.78  46.97
P181   1979  6 17.92359   5  4 -12.10  44.13
P181   1979  6 17.92359   1  4  -6.46  30.27
P181   1979  6 17.92359   2  4   2.73  63.92
P181   1979  6 17.92359   3  4 -32.61  47.15
P182   1979  6 18.86943   5  4  17.34  33.84
P182   1979  6 18.86943   1  4   6.33  54.86
P182   1979  6 18.86943   2  4  30.25  37.84
P182   1979  6 18.86943   3  4  -7.89  65.51
P183   1979  6 18.87568   5  4  17.01  33.78
P183   1979  6 18.87568   1  4   6.69  55.02
P183   1979  6 18.87568   2  4  30.34  37.71
P183   1979  6 18.87568   3  4  -7.64  65.61
P184   1979  6 18.88749   1  4   7.15  55.01
P184   1979  6 18.88749   2  4  30.48  37.14
P184   1979  6 18.88749   3  4  -7.28  65.63
P185   1979  6 18.89582   5  4  16.64  33.26
P185   1979  6 18.89582   1  4   7.47  55.09
P185   1979  6 18.89582   2  4  30.52  36.84
P185   1979  6 18.89582   3  4  -7.01  65.77
P186   1979  6 18.90832   5  4  16.41  32.94
P186   1979  6 18.90832   1  4   8.03  55.29
P186   1979  6 18.90832   2  4  30.52  36.46
P186   1979  6 18.90832   3  4  -6.69  65.92
P187   1979  6 18.91804   5  4  16.15  32.75
P187   1979  6 18.91804   1  4   8.32  55.32
P187   1979  6 18.91804   2  4  30.70  36.20
P187   1979  6 18.91804   3  4  -6.45  65.95
P188   1979  6 18.92776   5  4  16.32  32.62
P188   1979  6 18.92776   1  4   8.88  55.39
P188   1979  6 18.92776   2  4  30.74  35.85
P188   1979  6 18.92776   3  4  -6.07  66.05
P190   1979  6 19.87985   1  4  39.78  25.91
P190   1979  6 19.87985   2  4  24.59  11.03
P190   1979  6 19.87985   3  4  25.81  64.67
P191   1979  6 19.88957   1  4  39.81  25.22
P191   1979  6 19.88957   2  4  24.50  10.96
P191   1979  6 19.88957   3  4  26.13  64.39
P192   1979  6 19.90138   1  4  39.88  24.76
P192   1979  6 19.90138   2  4  24.45  10.97
P192   1979  6 19.90138   3  4  26.57  64.39
P196   1980  2 17.21595   1  4  31.25  17.17
P196   1980  2 17.21595   2  4  27.33  50.16
P196   1980  2 17.21595   3  4   0.15  43.98
P197   1980  2 17.22221   1  4  31.06  16.88
P197   1980  2 17.22221   2  4  27.62  50.34
P197   1980  2 17.22221   3  4   0.26  43.95
P199   1980  2 21.19166   5  4  25.70 -44.33
P199   1980  2 21.19166   1  4  22.45 -24.02
P199   1980  2 21.19166   2  4  15.32 -18.70
P199   1980  2 21.19166   3  4  49.36 -42.90
P201   1980  2 21.20971   1  4  22.61 -24.19
P201   1980  2 21.20971   2  4  15.46 -18.54
P201   1980  2 21.20971   3  4  48.95 -43.30
P202   1980  2 21.21875   5  4  24.56 -45.80
P202   1980  2 21.21875   1  4  22.62 -24.45
P202   1980  2 21.21875   2  4  15.46 -18.82
P202   1980  2 21.21875   3  4  48.66 -43.75
P203   1980  2 21.23054   1  4  22.89 -24.58
P203   1980  2 21.23054   2  4  15.67 -18.70
P203   1980  2 21.23054   3  4  48.43 -44.07
P204   1980  4 10.03818   5  4   8.54  51.71
P204   1980  4 10.03818   1  4  18.92  30.04
P204   1980  4 10.03818   2  4  -6.93  42.71
P204   1980  4 10.03818   3  4  -8.64  68.40
P205   1980  4 10.05763   1  4  18.89  29.77
P205   1980  4 10.05763   2  4  -6.51  43.43
P205   1980  4 10.05763   3  4  -8.03  68.40
P206   1980  4 10.07499   1  4  18.43  29.26
P206   1980  4 10.07499   2  4  -6.21  43.81
P206   1980  4 10.07499   3  4  -7.52  68.50
P207   1980  4 10.09166   5  4  12.02  52.54
P207   1980  4 10.09166   1  4  18.35  29.06
P207   1980  4 10.09166   2  4  -5.87  44.30
P207   1980  4 10.09166   3  4  -6.80  68.76
P208   1980  4 10.10693   5  4  12.66  52.06
P208   1980  4 10.10693   1  4  18.16  28.73
P208   1980  4 10.10693   2  4  -5.55  44.48
P208   1980  4 10.10693   3  4  -6.26  68.69
P209   1980  4 10.12500   5  4  13.60  52.35
P209   1980  4 10.12500   1  4  17.91  28.34
P209   1980  4 10.12500   2  4  -5.10  45.07
P209   1980  4 10.12500   3  4  -5.64  68.93
P211   1980  4 10.15763   1  4  17.34  27.63
P211   1980  4 10.15763   2  4  -4.53  45.78
P211   1980  4 10.15763   3  4  -4.54  69.10
P212   1980  4 10.17638   5  4  16.49  51.71
P212   1980  4 10.17638   1  4  17.17  27.53
P212   1980  4 10.17638   2  4  -3.88  46.04
P212   1980  4 10.17638   3  4  -3.83  69.30
P213   1980  4 11.03332   5  4  21.11  25.60
P213   1980  4 11.03332   1  4  15.65  37.48
P213   1980  4 11.03332   2  4  26.82  52.58
P213   1980  4 11.03332   3  4  27.90  65.76
P214   1980  4 11.05832   5  4  21.35  26.41
P214   1980  4 11.05832   1  4  16.26  38.13
P214   1980  4 11.05832   2  4  27.82  52.40
P214   1980  4 11.05832   3  4  28.71  65.47
P215   1980  4 11.07985   5  4  20.81  27.07
P215   1980  4 11.07985   1  4  16.87  38.51
P215   1980  4 11.07985   2  4  28.78  52.14
P215   1980  4 11.07985   3  4  29.39  65.09
P216   1980  4 11.09375   1  4  17.33  38.64
P216   1980  4 11.09375   2  4  29.21  51.97
P216   1980  4 11.09375   3  4  29.99  64.92
P217   1980  4 11.10416   1  4  17.69  39.00
P217   1980  4 11.10416   2  4  29.86  51.80
P217   1980  4 11.10416   3  4  30.43  64.73
P218   1980  4 11.11805   5  4  20.96  28.23
P218   1980  4 11.11805   1  4  18.11  39.19
P218   1980  4 11.11805   2  4  30.60  51.45
P218   1980  4 11.11805   3  4  30.85  64.45
P219   1980  4 11.13541   1  4  18.62  39.39
P219   1980  4 11.13541   2  4  31.19  51.27
P219   1980  4 11.13541   3  4  31.61  64.11
P220   1980  4 11.15277   5  4  20.77  29.11
P220   1980  4 11.15277   1  4  19.20  39.61
P220   1980  4 11.15277   2  4  31.83  50.95
P220   1980  4 11.15277   3  4  32.17  64.03
P221   1980  4 11.16666   5  4  21.14  29.59
P221   1980  4 11.16666   1  4  19.73  39.82
P221   1980  4 11.16666   2  4  32.45  50.59
P221   1980  4 11.16666   3  4  32.51  63.70
P222   1980  4 11.17707   5  4  20.95  29.54
P222   1980  4 11.17707   1  4  20.07  39.95
P222   1980  4 11.17707   2  4  33.02  50.40
P222   1980  4 11.17707   3  4  32.95  63.41
P223   1980  4 12.05624   5  4  46.00   7.62
P223   1980  4 12.05624   1  4  51.97  17.42
P223   1980  4 12.05624   2  4  57.53  16.17
P223   1980  4 12.05624   3  4  59.27  39.07
P224   1980  4 12.07707   5  4  44.79   6.57
P224   1980  4 12.07707   1  4  52.20  16.20
P224   1980  4 12.07707   2  4  57.84  14.94
P224   1980  4 12.07707   3  4  59.74  38.23
P225   1980  4 12.09791   5  4  44.61   5.15
P225   1980  4 12.09791   1  4  52.39  15.04
P225   1980  4 12.09791   2  4  57.87  13.88
P225   1980  4 12.09791   3  4  60.15  37.39
P226   1980  4 12.13610   1  4  52.81  13.00
P226   1980  4 12.13610   2  4  58.13  12.05
P226   1980  4 12.13610   3  4  61.03  35.97
P227   1980  4 12.15346   1  4  52.90  11.96
P227   1980  4 12.15346   2  4  58.13  11.31
P227   1980  4 12.15346   3  4  61.37  35.46
L1928  1978  5 29.89292   1  4  18.67 -36.09
L1928  1978  5 29.89292   3  4 -14.76 -63.30
L1929  1978  5 29.90368   1  4  19.16 -36.78
L1929  1978  5 29.90368   2  4  18.26 -60.26
L1929  1978  5 29.90368   3  4 -14.91 -63.20
L1930  1978  5 29.91735   1  4  19.35 -37.44
L1930  1978  5 29.91735   2  4  17.83 -60.56
L1930  1978  5 29.91735   3  4 -15.44 -63.05
L1936  1978  5 31.90554   1  4 -26.66 -20.43
L1936  1978  5 31.90554   2  4 -35.49 -20.22
L1936  1978  5 31.90554   3  4 -42.47 -10.09
L1937  1978  5 31.92359   5  4 -24.64 -45.02
L1937  1978  5 31.92359   1  4 -26.51 -20.35
L1937  1978  5 31.92359   2  4 -35.54 -19.70
L1937  1978  5 31.92359   3  4 -42.58  -9.70
L1938  1978  5 31.93298   1  4 -26.26 -20.08
L1938  1978  5 31.93298   2  4 -35.47 -19.12
L1938  1978  5 31.93298   3  4 -42.58  -9.29
L1939  1978  5 31.94108   1  4 -26.08 -19.94
L1939  1978  5 31.94108   2  4 -35.34 -19.01
L1939  1978  5 31.94108   3  4 -42.61  -8.93
L1945  1978  6  1.92499   1  4 -25.79 -27.65
L1945  1978  6  1.92499   3  4 -33.73  15.71
L1948  1978  6  2.90902   1  4 -49.26   3.21
L1948  1978  6  2.90902   2  4 -24.13 -10.89
L1948  1978  6  2.90902   3  4 -18.44  28.28
L1949  1978  6  2.92916   1  4 -48.95   4.12
L1949  1978  6  2.92916   2  4 -24.65 -11.04
L1949  1978  6  2.92916   3  4 -18.12  28.01
L1950  1978  6  2.93969   1  4 -49.08   5.06
L1950  1978  6  2.93969   2  4 -25.07 -10.73
L1950  1978  6  2.93969   3  4 -17.83  28.30
L1955  1978  6  3.87152   1  4 -22.42  31.01
L1955  1978  6  3.87152   2  4 -41.87   4.53
L1955  1978  6  3.87152   3  4  -4.51  27.44
L1956  1978  6  3.88749   1  4 -21.77  30.81
L1956  1978  6  3.88749   2  4 -42.05   4.78
L1956  1978  6  3.88749   3  4  -4.54  27.38
L1957  1978  6  3.89652   1  4 -21.88  30.85
L1957  1978  6  3.89652   2  4 -42.14   5.33
L1957  1978  6  3.89652   3  4  -4.28  27.36
L1958  1978  6  3.90625   1  4 -21.74  30.61
L1958  1978  6  3.90625   2  4 -42.14   5.71
L1958  1978  6  3.90625   3  4  -4.29  27.25
L1959  1978  6  3.91614   1  4 -21.18  30.62
L1959  1978  6  3.91614   2  4 -42.10   6.07
L1959  1978  6  3.91614   3  4  -3.99  27.18
L1966  1978  6  4.88193   1  4 -23.66  23.27
L1966  1978  6  4.88193   2  4 -34.04  48.47
L1966  1978  6  4.88193   3  4   2.95  19.48
L1967  1978  6  4.89166   1  4 -23.36  23.39
L1967  1978  6  4.89166   2  4 -33.65  48.59
L1967  1978  6  4.89166   3  4   2.96  19.57
L1968  1978  6  4.90207   1  4 -23.45  23.87
L1968  1978  6  4.90207   2  4 -33.63  49.16
L1968  1978  6  4.90207   3  4   3.06  19.68
L1969  1978  6  4.91318   1  4 -23.77  23.62
L1969  1978  6  4.91318   2  4 -32.95  48.90
L1969  1978  6  4.91318   3  4   3.35  19.00
E436A1 1980  4 20.20971   5  4 -32.11  21.59
E436A1 1980  4 20.20971   1  4 -34.64   0.93
E436A1 1980  4 20.20971   2  4 -20.99  20.83
E436A1 1980  4 20.20971   3  4 -29.02  46.68
E436A2 1980  4 20.21527   5  4 -32.00  21.44
E436A2 1980  4 20.21527   1  4 -34.87   0.94
E436A2 1980  4 20.21527   2  4 -20.90  20.81
E436A2 1980  4 20.21527   3  4 -28.90  46.80
E436A3 1980  4 20.22221   5  4 -31.77  21.32
E436A3 1980  4 20.22221   1  4 -34.98   1.03
E436A3 1980  4 20.22221   2  4 -20.80  20.68
E436A3 1980  4 20.22221   3  4 -28.71  46.84
E436B  1980  4 20.22915   5  4 -31.54  21.29
E436B  1980  4 20.22915   1  4 -35.16   1.09
E436B  1980  4 20.22915   2  4 -20.75  20.64
E436B  1980  4 20.22915   3  4 -28.53  46.89
E437A1 1980  4 20.24513   5  4 -30.96  21.08
E437A1 1980  4 20.24513   1  4 -35.61   1.28
E437A1 1980  4 20.24513   2  4 -20.45  20.54
E437A1 1980  4 20.24513   3  4 -28.01  47.09
E437A2 1980  4 20.25068   5  4 -30.85  20.91
E437A2 1980  4 20.25068   1  4 -35.80   1.28
E437A2 1980  4 20.25068   2  4 -20.51  20.37
E437A2 1980  4 20.25068   3  4 -27.94  47.13
E437A3 1980  4 20.25762   5  4 -30.77  20.89
E437A3 1980  4 20.25762   1  4 -35.99   1.38
E437A3 1980  4 20.25762   2  4 -20.43  20.37
E437A3 1980  4 20.25762   3  4 -27.86  47.24
E437B1 1980  4 20.26457   5  4 -30.52  20.76
E437B1 1980  4 20.26457   1  4 -36.12   1.52
E437B1 1980  4 20.26457   2  4 -20.28  20.29
E437B1 1980  4 20.26457   3  4 -27.52  47.32
E437B2 1980  4 20.27082   5  4 -30.38  20.67
E437B2 1980  4 20.27082   1  4 -36.22   1.67
E437B2 1980  4 20.27082   2  4 -20.19  20.29
E437B2 1980  4 20.27082   3  4 -27.42  47.43
E1056A 1981  4  6.22916   1  4 -44.19  28.44
E1056A 1981  4  6.22916   2  4 -41.96  47.82
E1056A 1981  4  6.22916   3  4  -7.56   8.18
E1056B 1981  4  6.23818   1  4 -44.19  28.87
E1056B 1981  4  6.23818   2  4 -41.68  48.03
E1056B 1981  4  6.23818   3  4  -7.63   8.09
E1057A 1981  4  6.26943   5  4 -29.77  21.82
E1057A 1981  4  6.26943   1  4 -43.85  30.45
E1057A 1981  4  6.26943   2  4 -40.49  49.05
E1057A 1981  4  6.26943   3  4  -7.67   8.08
E1057B 1981  4  6.28055   5  4 -30.18  21.94
E1057B 1981  4  6.28055   1  4 -43.80  30.95
E1057B 1981  4  6.28055   2  4 -40.07  49.30
E1057B 1981  4  6.28055   3  4  -7.77   8.02
E1058A 1981  4  6.28888   5  4 -30.32  22.02
E1058A 1981  4  6.28888   1  4 -43.71  31.38
E1058A 1981  4  6.28888   2  4 -39.75  49.53
E1058A 1981  4  6.28888   3  4  -7.74   7.95
E1058B 1981  4  6.29582   5  4 -30.56  22.12
E1058B 1981  4  6.29582   1  4 -43.61  31.75
E1058B 1981  4  6.29582   2  4 -39.53  49.76
E1058B 1981  4  6.29582   3  4  -7.76   7.93
E1059A 1981  4  6.30693   5  4 -30.88  22.40
E1059A 1981  4  6.30693   1  4 -43.47  32.33
E1059A 1981  4  6.30693   2  4 -39.07  50.18
E1059A 1981  4  6.30693   3  4  -7.80   7.96
E1059B 1981  4  6.31874   5  4 -31.16  22.68
E1059B 1981  4  6.31874   1  4 -43.32  32.92
E1059B 1981  4  6.31874   2  4 -38.62  50.48
E1059B 1981  4  6.31874   3  4  -7.82   7.95
E1066A 1981  4  7.21527   5  4  -7.08  46.94
E1066A 1981  4  7.21527   1  4  -6.23  53.08
E1066A 1981  4  7.21527   2  4  -0.19  54.88
E1066A 1981  4  7.21527   3  4 -11.36   8.85
E1066B 1981  4  7.22499   5  4  -6.60  46.82
E1066B 1981  4  7.22499   1  4  -5.74  52.95
E1066B 1981  4  7.22499   2  4   0.22  54.73
E1066B 1981  4  7.22499   3  4 -11.33   9.00
E1068A 1981  4  7.26457   5  4  -5.25  45.36
E1068A 1981  4  7.26457   1  4  -4.06  52.27
E1068A 1981  4  7.26457   2  4   1.59  54.10
E1068A 1981  4  7.26457   3  4 -11.47   9.20
E1068B 1981  4  7.27082   5  4  -5.03  45.21
E1068B 1981  4  7.27082   1  4  -3.71  52.08
E1068B 1981  4  7.27082   2  4   1.89  53.91
E1068B 1981  4  7.27082   3  4 -11.51   9.17
E1070A 1981  4  7.30624   5  4  -4.05  43.82
E1070A 1981  4  7.30624   1  4  -2.20  51.39
E1070A 1981  4  7.30624   2  4   3.13  53.28
E1070A 1981  4  7.30624   3  4 -11.66   9.47
E1070B 1981  4  7.31318   5  4  -3.79  43.61
E1070B 1981  4  7.31318   1  4  -1.96  51.15
E1070B 1981  4  7.31318   2  4   3.37  53.04
E1070B 1981  4  7.31318   3  4 -11.64   9.40
E1072A 1981  4  7.38054   5  4  -2.68  41.08
E1072A 1981  4  7.38054   1  4   0.53  49.52
E1072A 1981  4  7.38054   2  4   5.60  51.66
E1072A 1981  4  7.38054   3  4 -11.88   9.81
E1072B 1981  4  7.38888   5  4  -2.63  40.76
E1072B 1981  4  7.38888   1  4   0.77  49.36
E1072B 1981  4  7.38888   2  4   5.77  51.51
E1072B 1981  4  7.38888   3  4 -11.94   9.90
E1073A 1981  4  7.39582   5  4  -2.51  40.45
E1073A 1981  4  7.39582   1  4   1.04  49.21
E1073A 1981  4  7.39582   2  4   6.07  51.38
E1073A 1981  4  7.39582   3  4 -11.95  10.00
E1073B 1981  4  7.40277   5  4  -2.55  40.25
E1073B 1981  4  7.40277   1  4   1.24  48.87
E1073B 1981  4  7.40277   2  4   6.26  51.09
E1073B 1981  4  7.40277   3  4 -12.05   9.90
E1074A 1981  4  7.40971   5  4  -2.49  40.05
E1074A 1981  4  7.40971   1  4   1.49  48.67
E1074A 1981  4  7.40971   2  4   6.50  51.06
E1074A 1981  4  7.40971   3  4 -12.01  10.01
E1074B 1981  4  7.41666   5  4  -2.38  39.66
E1074B 1981  4  7.41666   1  4   1.72  48.46
E1074B 1981  4  7.41666   2  4   6.76  50.80
E1074B 1981  4  7.41666   3  4 -12.09  10.01
E1081B 1981  4  8.19166   1  4   4.54  29.71
E1081B 1981  4  8.19166   2  4  18.05  29.87
E1081B 1981  4  8.19166   3  4 -13.56  16.93
E1082B 1981  4  8.22082   1  4   4.06  29.69
E1082B 1981  4  8.22082   2  4  17.88  29.27
E1082B 1981  4  8.22082   3  4 -13.50  17.42
E1083A 1981  4  8.24096   1  4   3.82  29.63
E1083A 1981  4  8.24096   2  4  17.85  28.77
E1083A 1981  4  8.24096   3  4 -13.56  17.60
E1083B 1981  4  8.27082   5  4   0.79  52.34
E1083B 1981  4  8.27082   1  4   3.37  29.70
E1083B 1981  4  8.27082   2  4  17.83  28.06
E1083B 1981  4  8.27082   3  4 -13.46  17.94
E1084A 1981  4  8.28332   5  4   1.42  52.59
E1084A 1981  4  8.28332   1  4   3.20  29.79
E1084A 1981  4  8.28332   2  4  17.78  27.81
E1084A 1981  4  8.28332   3  4 -13.38  18.06
E1084B 1981  4  8.29166   1  4   3.10  29.72
E1084B 1981  4  8.29166   2  4  17.77  27.58
E1084B 1981  4  8.29166   3  4 -13.43  18.18
E1085A 1981  4  8.30207   5  4   2.54  52.76
E1085A 1981  4  8.30207   1  4   2.92  29.81
E1085A 1981  4  8.30207   2  4  17.75  27.36
E1085A 1981  4  8.30207   3  4 -13.41  18.23
E1085B 1981  4  8.31250   1  4   2.82  29.92
E1085B 1981  4  8.31250   2  4  17.75  27.12
E1085B 1981  4  8.31250   3  4 -13.42  18.41
E1086A 1981  4  8.32291   5  4   3.78  53.08
E1086A 1981  4  8.32291   1  4   2.61  29.95
E1086A 1981  4  8.32291   2  4  17.64  26.92
E1086A 1981  4  8.32291   3  4 -13.38  18.53
E1086B 1981  4  8.33332   5  4   4.44  53.30
E1086B 1981  4  8.33332   1  4   2.55  30.08
E1086B 1981  4  8.33332   2  4  17.61  26.67
E1086B 1981  4  8.33332   3  4 -13.32  18.65
E1087A 1981  4  8.34721   1  4   2.25  30.27
E1087A 1981  4  8.34721   2  4  17.50  26.44
E1087A 1981  4  8.34721   3  4 -13.41  18.92
E1087B 1981  4  8.35555   1  4   2.23  30.21
E1087B 1981  4  8.35555   2  4  17.49  26.27
E1087B 1981  4  8.35555   3  4 -13.35  18.93
E1088A 1981  4  8.36457   5  4   6.16  53.38
E1088A 1981  4  8.36457   1  4   2.10  30.37
E1088A 1981  4  8.36457   2  4  17.42  26.08
E1088A 1981  4  8.36457   3  4 -13.27  18.97
E1088B 1981  4  8.37500   1  4   2.03  30.47
E1088B 1981  4  8.37500   2  4  17.32  25.85
E1088B 1981  4  8.37500   3  4 -13.32  19.16
E1089A 1981  4  8.38541   1  4   1.96  30.68
E1089A 1981  4  8.38541   3  4 -13.25  19.26
E1089B 1981  4  8.39582   1  4   1.67  30.80
E1089B 1981  4  8.39582   2  4  17.43  25.49
E1089B 1981  4  8.39582   3  4 -13.25  19.47
E1090A 1981  4  8.40625   1  4   1.59  30.90
E1090A 1981  4  8.40625   2  4  17.19  25.28
E1090A 1981  4  8.40625   3  4 -13.24  19.61
E1090B 1981  4  8.41666   1  4   1.53  31.05
E1090B 1981  4  8.41666   2  4  17.15  25.14
E1090B 1981  4  8.41666   3  4 -13.15  19.72
E1095B 1981  4  9.22221   5  4  18.52  28.18
E1095B 1981  4  9.22221   1  4  15.30  48.91
E1095B 1981  4  9.22221   2  4   9.83  22.39
E1095B 1981  4  9.22221   3  4  -7.69  29.65
E1096B 1981  4  9.24096   5  4  18.25  28.34
E1096B 1981  4  9.24096   1  4  16.12  49.12
E1096B 1981  4  9.24096   2  4   9.74  22.62
E1096B 1981  4  9.24096   3  4  -7.49  29.86
E1097A 1981  4  9.26388   5  4  17.91  28.89
E1097A 1981  4  9.26388   1  4  17.20  49.19
E1097A 1981  4  9.26388   2  4   9.61  22.88
E1097A 1981  4  9.26388   3  4  -7.20  30.16
E1097B 1981  4  9.27013   5  4  17.78  28.91
E1097B 1981  4  9.27013   1  4  17.47  49.25
E1097B 1981  4  9.27013   2  4   9.58  22.91
E1097B 1981  4  9.27013   3  4  -7.17  30.25
E1098B 1981  4  9.28610   5  4  17.66  29.23
E1098B 1981  4  9.28610   1  4  18.23  49.32
E1098B 1981  4  9.28610   2  4   9.62  23.14
E1098B 1981  4  9.28610   3  4  -6.93  30.41
E1099A 1981  4  9.30346   5  4  17.44  29.54
E1099A 1981  4  9.30346   1  4  19.07  49.31
E1099A 1981  4  9.30346   2  4   9.47  23.30
E1099A 1981  4  9.30346   3  4  -6.77  30.55
E1099B 1981  4  9.30763   5  4  17.23  29.57
E1099B 1981  4  9.30763   1  4  19.21  49.30
E1099B 1981  4  9.30763   2  4   9.48  23.42
E1099B 1981  4  9.30763   3  4  -6.73  30.64
E1100A 1981  4  9.31110   5  4  17.29  29.77
E1100A 1981  4  9.31110   1  4  19.41  49.34
E1100A 1981  4  9.31110   2  4   9.51  23.41
E1100A 1981  4  9.31110   3  4  -6.67  30.63
E1100B 1981  4  9.31388   1  4  19.51  49.32
E1100B 1981  4  9.31388   2  4   9.50  23.40
E1100B 1981  4  9.31388   3  4  -6.63  30.66
E1101B 1981  4  9.35207   5  4  17.01  30.68
E1101B 1981  4  9.35207   1  4  21.30  49.27
E1101B 1981  4  9.35207   2  4   9.35  23.95
E1101B 1981  4  9.35207   3  4  -6.19  31.16
E1102A 1981  4  9.35624   1  4  21.60  49.31
E1102A 1981  4  9.35624   2  4   9.40  24.04
E1102A 1981  4  9.35624   3  4  -6.05  31.20
E1103A 1981  4  9.36805   1  4  22.19  49.15
E1103A 1981  4  9.36805   2  4   9.47  24.14
E1103A 1981  4  9.36805   3  4  -5.94  31.32
E1103B 1981  4  9.37500   5  4  16.95  31.38
E1103B 1981  4  9.37500   1  4  22.48  49.18
E1103B 1981  4  9.37500   2  4   9.40  24.28
E1103B 1981  4  9.37500   3  4  -5.87  31.42
E1104A 1981  4  9.38193   5  4  17.04  31.54
E1104A 1981  4  9.38193   1  4  22.82  49.17
E1104A 1981  4  9.38193   2  4   9.40  24.41
E1104A 1981  4  9.38193   3  4  -5.78  31.48
E1104B 1981  4  9.38888   5  4  16.99  31.72
E1104B 1981  4  9.38888   1  4  23.22  49.08
E1104B 1981  4  9.38888   2  4   9.40  24.42
E1104B 1981  4  9.38888   3  4  -5.64  31.51
E1105A 1981  4  9.39582   5  4  17.02  31.93
E1105A 1981  4  9.39582   1  4  23.49  48.98
E1105A 1981  4  9.39582   2  4   9.38  24.48
E1105A 1981  4  9.39582   3  4  -5.59  31.64
E1105B 1981  4  9.40277   5  4  16.98  32.23
E1105B 1981  4  9.40277   1  4  23.80  49.04
E1105B 1981  4  9.40277   2  4   9.36  24.64
E1105B 1981  4  9.40277   3  4  -5.59  31.77
E1106A 1981  4  9.40971   5  4  17.08  32.47
E1106A 1981  4  9.40971   1  4  24.24  48.92
E1106A 1981  4  9.40971   2  4   9.40  24.77
E1106A 1981  4  9.40971   3  4  -5.46  31.85
E1106B 1981  4  9.41666   5  4  17.13  32.62
E1106B 1981  4  9.41666   1  4  24.62  48.85
E1106B 1981  4  9.41666   2  4   9.57  24.84
E1106B 1981  4  9.41666   3  4  -5.36  31.83
E1114A 1981  4 10.21249   5  4  45.30  19.53
E1114A 1981  4 10.21249   1  4  49.63  17.23
E1114A 1981  4 10.21249   2  4  21.71  35.13
E1114A 1981  4 10.21249   3  4   8.24  37.61
E1115A 1981  4 10.22568   5  4  45.44  18.69
E1115A 1981  4 10.22568   1  4  49.61  16.50
E1115A 1981  4 10.22568   2  4  22.06  35.19
E1115A 1981  4 10.22568   3  4   8.52  37.62
E1116A 1981  4 10.24027   1  4  49.48  15.72
E1116A 1981  4 10.24027   2  4  22.46  35.27
E1116A 1981  4 10.24027   3  4   8.79  37.69
E1117A 1981  4 10.26527   1  4  49.45  14.45
E1117A 1981  4 10.26527   2  4  23.23  35.37
E1117A 1981  4 10.26527   3  4   9.34  37.78
E1118A 1981  4 10.29096   1  4  49.35  13.14
E1118A 1981  4 10.29096   2  4  24.01  35.41
E1118A 1981  4 10.29096   3  4   9.84  37.72
E1118B 1981  4 10.29860   1  4  49.21  12.76
E1118B 1981  4 10.29860   2  4  24.29  35.47
E1118B 1981  4 10.29860   3  4   9.95  37.77
E1119B 1981  4 10.34166   5  4  44.07  12.29
E1119B 1981  4 10.34166   1  4  48.91  10.63
E1119B 1981  4 10.34166   2  4  25.66  35.48
E1119B 1981  4 10.34166   3  4  10.89  37.90
E1120A 1981  4 10.35416   5  4  43.92  11.58
E1120A 1981  4 10.35416   1  4  48.75  10.08
E1120A 1981  4 10.35416   2  4  26.01  35.50
E1120A 1981  4 10.35416   3  4  11.15  37.91
E1120B 1981  4 10.36457   5  4  43.62  11.17
E1120B 1981  4 10.36457   1  4  48.65   9.59
E1120B 1981  4 10.36457   2  4  26.33  35.48
E1120B 1981  4 10.36457   3  4  11.37  37.91
E1121A 1981  4 10.37500   5  4  43.44  10.71
E1121A 1981  4 10.37500   1  4  48.52   9.11
E1121A 1981  4 10.37500   2  4  26.72  35.47
E1121A 1981  4 10.37500   3  4  11.64  37.89
E1121B 1981  4 10.38541   5  4  43.18  10.21
E1121B 1981  4 10.38541   1  4  48.31   8.64
E1121B 1981  4 10.38541   2  4  27.03  35.38
E1121B 1981  4 10.38541   3  4  11.85  37.93
E1122A 1981  4 10.39582   5  4  42.87   9.84
E1122A 1981  4 10.39582   1  4  48.27   8.16
E1122A 1981  4 10.39582   2  4  27.38  35.40
E1122A 1981  4 10.39582   3  4  12.07  37.91
E1122B 1981  4 10.40625   5  4  42.55   9.37
E1122B 1981  4 10.40625   1  4  48.04   7.65
E1122B 1981  4 10.40625   2  4  27.64  35.41
E1122B 1981  4 10.40625   3  4  12.32  37.96
E1134A 1981  4 11.29027   5  4  44.89   9.66
E1134A 1981  4 11.29027   1  4  28.54  -1.77
E1134A 1981  4 11.29027   2  4  55.51  14.77
E1134A 1981  4 11.29027   3  4  32.19  32.12
E1134B 1981  4 11.29513   5  4  45.13   9.50
E1134B 1981  4 11.29513   1  4  28.57  -1.61
E1134B 1981  4 11.29513   2  4  55.58  14.61
E1134B 1981  4 11.29513   3  4  32.29  32.07
E1135A 1981  4 11.30207   5  4  45.35   9.31
E1135A 1981  4 11.30207   1  4  28.49  -1.52
E1135A 1981  4 11.30207   2  4  55.74  14.21
E1135A 1981  4 11.30207   3  4  32.44  32.02
E1135B 1981  4 11.30902   5  4  45.57   9.00
E1135B 1981  4 11.30902   1  4  28.46  -1.37
E1135B 1981  4 11.30902   2  4  55.88  13.93
E1135B 1981  4 11.30902   3  4  32.54  31.93
E1136A 1981  4 11.31666   5  4  45.90   8.66
E1136A 1981  4 11.31666   1  4  28.47  -1.34
E1136A 1981  4 11.31666   2  4  56.05  13.63
E1136A 1981  4 11.31666   3  4  32.74  31.73
E1136B 1981  4 11.30902   5  4  46.23   8.61
E1136B 1981  4 11.30902   1  4  28.52  -1.19
E1136B 1981  4 11.30902   2  4  56.20  13.40
E1136B 1981  4 11.30902   3  4  32.93  31.70
E1137A 1981  4 11.32777   5  4  46.29   8.20
E1137A 1981  4 11.32777   1  4  28.44  -1.11
E1137A 1981  4 11.32777   2  4  56.29  13.12
E1137A 1981  4 11.32777   3  4  33.05  31.65
E1137B 1981  4 11.33471   5  4  46.52   8.05
E1137B 1981  4 11.33471   1  4  28.45  -1.04
E1137B 1981  4 11.33471   2  4  56.44  12.86
E1137B 1981  4 11.33471   3  4  33.18  31.53
E1138A 1981  4 11.34166   5  4  46.79   7.76
E1138A 1981  4 11.34166   1  4  28.40  -0.90
E1138A 1981  4 11.34166   2  4  56.51  12.57
E1138A 1981  4 11.34166   3  4  33.26  31.43
E1139A 1981  4 11.38367   5  4  48.16   5.76
E1139A 1981  4 11.38367   1  4  28.40  -0.32
E1139A 1981  4 11.38367   2  4  57.28  10.65
E1139A 1981  4 11.38367   3  4  34.21  30.80
E1139B 1981  4 11.39027   5  4  48.42   5.53
E1139B 1981  4 11.39027   1  4  28.50  -0.12
E1139B 1981  4 11.39027   2  4  57.46  10.44
E1139B 1981  4 11.39027   3  4  34.40  30.76
E1140A 1981  4 11.39721   1  4  28.44  -0.09
E1140A 1981  4 11.39721   2  4  57.56  10.11
E1140A 1981  4 11.39721   3  4  34.49  30.62
E1141A 1981  4 11.40902   5  4  48.85   4.42
E1141A 1981  4 11.40902   1  4  28.49   0.10
E1141A 1981  4 11.40902   2  4  57.76   9.50
E1141A 1981  4 11.40902   3  4  34.73  30.40
E1141B 1981  4 11.41388   5  4  49.06   4.16
E1141B 1981  4 11.41388   1  4  28.53   0.21
E1141B 1981  4 11.41388   2  4  57.86   9.29
E1141B 1981  4 11.41388   3  4  34.91  30.38
E1152A 1981  4 12.26041   5  4  29.41 -20.34
E1152A 1981  4 12.26041   1  4  47.32  -8.27
E1152A 1981  4 12.26041   2  4  53.79 -31.94
E1152A 1981  4 12.26041   3  4  50.13  11.42
E1152B 1981  4 12.26735   5  4  29.36 -20.13
E1152B 1981  4 12.26735   1  4  47.45  -8.48
E1152B 1981  4 12.26735   2  4  53.69 -32.19
E1152B 1981  4 12.26735   3  4  50.23  11.23
E1153A 1981  4 12.27638   5  4  29.21 -19.96
E1153A 1981  4 12.27638   1  4  47.54  -8.92
E1153A 1981  4 12.27638   2  4  53.41 -32.60
E1153A 1981  4 12.27638   3  4  50.30  11.00
E1153B 1981  4 12.28471   5  4  29.28 -19.72
E1153B 1981  4 12.28471   1  4  47.72  -9.22
E1153B 1981  4 12.28471   2  4  53.25 -32.97
E1153B 1981  4 12.28471   3  4  50.43  10.77
E1154A 1981  4 12.29305   5  4  29.08 -19.59
E1154A 1981  4 12.29305   1  4  47.97  -9.65
E1154A 1981  4 12.29305   2  4  53.04 -33.38
E1154A 1981  4 12.29305   3  4  50.60  10.48
E1154B 1981  4 12.30346   5  4  29.04 -19.16
E1154B 1981  4 12.30346   1  4  48.03 -10.08
E1154B 1981  4 12.30346   2  4  52.70 -33.71
E1154B 1981  4 12.30346   3  4  50.70  10.21
E1155A 1981  4 12.31318   5  4  28.94 -18.96
E1155A 1981  4 12.31318   1  4  48.27 -10.50
E1155A 1981  4 12.31318   2  4  52.45 -34.14
E1155A 1981  4 12.31318   3  4  50.85   9.92
E1155B 1981  4 12.32430   5  4  28.87 -18.70
E1155B 1981  4 12.32430   1  4  48.27 -11.12
E1155B 1981  4 12.32430   2  4  52.03 -34.67
E1155B 1981  4 12.32430   3  4  50.91   9.56
E1156B 1981  4 12.37777   1  4  49.02 -13.57
E1156B 1981  4 12.37777   2  4  50.57 -36.75
E1156B 1981  4 12.37777   3  4  51.59   8.05
E1157A 1981  4 12.38332   1  4  49.00 -13.77
E1157A 1981  4 12.38332   2  4  50.26 -36.82
E1157A 1981  4 12.38332   3  4  51.53   7.93
E1157B 1981  4 12.38888   1  4  49.13 -14.16
E1157B 1981  4 12.38888   3  4  51.74   7.69
E1158A 1981  4 12.39582   1  4  49.08 -14.52
E1158A 1981  4 12.39582   2  4  49.92 -37.50
E1158A 1981  4 12.39582   3  4  51.74   7.42
E1159A 1981  4 12.40971   5  4  29.46 -16.76
E1159A 1981  4 12.40971   1  4  49.26 -15.18
E1159A 1981  4 12.40971   2  4  49.53 -37.93
E1159A 1981  4 12.40971   3  4  51.84   7.11
E1175A 1981  4 14.23471   5  4  16.12 -36.94
E1175A 1981  4 14.23471   1  4   0.79 -32.07
E1175A 1981  4 14.23471   2  4  -7.38 -33.29
E1175A 1981  4 14.23471   3  4  40.04 -52.23
E1175B 1981  4 14.25555   5  4  16.19 -37.83
E1175B 1981  4 14.25555   1  4   0.97 -31.71
E1175B 1981  4 14.25555   2  4  -7.48 -32.88
E1175B 1981  4 14.25555   3  4  39.48 -52.85
E1176A 1981  4 14.26249   5  4  16.22 -38.12
E1176A 1981  4 14.26249   1  4   0.98 -31.62
E1176A 1981  4 14.26249   2  4  -7.56 -32.71
E1176A 1981  4 14.26249   3  4  39.26 -53.07
E1176B 1981  4 14.27082   5  4  16.33 -38.42
E1176B 1981  4 14.27082   1  4   1.15 -31.50
E1176B 1981  4 14.27082   2  4  -7.56 -32.54
E1176B 1981  4 14.27082   3  4  39.11 -53.25
E1177A 1981  4 14.27777   5  4  16.22 -38.69
E1177A 1981  4 14.27777   1  4   1.21 -31.38
E1177A 1981  4 14.27777   2  4  -7.58 -32.25
E1177A 1981  4 14.27777   3  4  38.90 -53.39
E1177B 1981  4 14.28471   5  4  16.35 -39.05
E1177B 1981  4 14.28471   1  4   1.24 -31.33
E1177B 1981  4 14.28471   2  4  -7.55 -32.20
E1177B 1981  4 14.28471   3  4  38.78 -53.61
E1178A 1981  4 14.29166   5  4  16.36 -39.16
E1178A 1981  4 14.29166   1  4   1.28 -31.16
E1178A 1981  4 14.29166   2  4  -7.65 -32.10
E1178A 1981  4 14.29166   3  4  38.56 -53.84
E1178B 1981  4 14.29860   5  4  16.36 -39.58
E1178B 1981  4 14.29860   1  4   1.35 -31.12
E1178B 1981  4 14.29860   2  4  -7.65 -31.96
E1178B 1981  4 14.29860   3  4  38.36 -53.98
E1179A 1981  4 14.30555   5  4  16.25 -39.81
E1179A 1981  4 14.30555   1  4   1.48 -31.05
E1179A 1981  4 14.30555   2  4  -7.69 -31.89
E1179A 1981  4 14.30555   3  4  38.18 -54.30
E1179B 1981  4 14.31250   5  4  16.32 -40.16
E1179B 1981  4 14.31250   1  4   1.53 -30.93
E1179B 1981  4 14.31250   2  4  -7.68 -31.63
E1179B 1981  4 14.31250   3  4  38.06 -54.38
E1180A 1981  4 14.31943   5  4  16.32 -40.48
E1180A 1981  4 14.31943   1  4   1.63 -30.85
E1180A 1981  4 14.31943   2  4  -7.65 -31.51
E1180A 1981  4 14.31943   3  4  37.85 -54.62
E1180B 1981  4 14.32638   5  4  16.25 -40.71
E1180B 1981  4 14.32638   1  4   1.68 -30.70
E1180B 1981  4 14.32638   2  4  -7.72 -31.31
E1180B 1981  4 14.32638   3  4  37.64 -54.70
E1181A 1981  4 14.33332   5  4  16.22 -41.07
E1181A 1981  4 14.33332   1  4   1.73 -30.64
E1181A 1981  4 14.33332   2  4  -7.72 -31.16
E1181A 1981  4 14.33332   3  4  37.53 -54.86
E1181B 1981  4 14.34027   5  4  16.11 -41.38
E1181B 1981  4 14.34027   1  4   1.87 -30.58
E1181B 1981  4 14.34027   2  4  -7.75 -31.05
E1181B 1981  4 14.34027   3  4  37.36 -55.08
E1469A 1982  5  3.19444   1  4   8.89  45.74
E1469A 1982  5  3.19444   2  4  -2.71  24.32
E1469A 1982  5  3.19444   3  4  15.57  18.48
E1469A 1982  5  3.19444   5  4 -14.61  45.53
E1469B 1982  5  3.20139   1  4   9.06  45.60
E1469B 1982  5  3.20139   2  4  -2.58  24.31
E1469B 1982  5  3.20139   3  4  15.68  18.45
E1469B 1982  5  3.20139   5  4 -14.42  45.98
E1470A 1982  5  3.20833   1  4   9.21  45.37
E1470A 1982  5  3.20833   2  4  -2.63  24.35
E1470A 1982  5  3.20833   3  4  15.76  18.37
E1470A 1982  5  3.20833   5  4 -14.18  46.31
E1470B 1982  5  3.21528   1  4   9.39  45.12
E1470B 1982  5  3.21528   2  4  -2.70  24.38
E1470B 1982  5  3.21528   3  4  15.75  18.22
E1470B 1982  5  3.21528   5  4 -14.06  46.53
E1471A 1982  5  3.22222   1  4   9.54  44.85
E1471A 1982  5  3.22222   2  4  -2.75  24.27
E1471A 1982  5  3.22222   3  4  15.74  18.13
E1471A 1982  5  3.22222   5  4 -13.85  46.92
E1471B 1982  5  3.23056   1  4   9.69  44.53
E1471B 1982  5  3.23056   2  4  -2.81  24.24
E1471B 1982  5  3.23056   3  4  15.77  17.99
E1472A 1982  5  3.24097   1  4   9.96  44.18
E1472A 1982  5  3.24097   2  4  -3.05  24.29
E1472A 1982  5  3.24097   3  4  15.77  17.87
E1472A 1982  5  3.24097   5  4 -13.47  47.86
E1472B 1982  5  3.24583   1  4   9.96  44.03
E1472B 1982  5  3.24583   2  4  -3.02  24.33
E1472B 1982  5  3.24583   3  4  15.74  17.80
E1472B 1982  5  3.24583   5  4 -13.11  47.94
E1473B 1982  5  3.28472   1  4  10.71  42.71
E1473B 1982  5  3.28472   2  4  -3.35  24.33
E1473B 1982  5  3.28472   3  4  15.85  17.33
E1473B 1982  5  3.28472   5  4 -11.67  49.60
E1474A 1982  5  3.29167   1  4  10.87  42.50
E1474A 1982  5  3.29167   2  4  -3.46  24.38
E1474A 1982  5  3.29167   3  4  15.84  17.24
E1474A 1982  5  3.29167   5  4 -11.41  49.87
E1476A 1982  5  3.38889   1  4  11.89  39.11
E1476A 1982  5  3.38889   2  4  -4.47  24.75
E1476A 1982  5  3.38889   3  4  16.04  16.03
E1476A 1982  5  3.38889   5  4  -6.79  53.00
E1483B 1982  5  4.15833   1  4   4.70  31.18
E1483B 1982  5  4.15833   3  4  14.18   8.72
E1484B 1982  5  4.17569   1  4   4.59  31.57
E1484B 1982  5  4.17569   2  4  -4.97  38.01
E1484B 1982  5  4.17569   3  4  14.08   8.51
E1484B 1982  5  4.17569   5  4  16.76  32.21
E1487B 1982  5  4.23194   1  4   4.29  32.64
E1487B 1982  5  4.23194   2  4  -4.12  39.29
E1487B 1982  5  4.23194   3  4  13.89   8.08
E1490A 1982  5  4.31389   1  4   4.31  34.57
E1490A 1982  5  4.31389   2  4  -2.90  41.22
E1490A 1982  5  4.31389   3  4  13.57   7.69
E1490A 1982  5  4.31389   5  4  13.57  31.63
E1490B 1982  5  4.31944   1  4   4.27  34.68
E1490B 1982  5  4.31944   2  4  -2.71  41.30
E1490B 1982  5  4.31944   3  4  13.35   7.61
E1490B 1982  5  4.31944   5  4  13.45  31.52
E1491A 1982  5  4.32778   1  4   4.34  35.00
E1491A 1982  5  4.32778   2  4  -2.56  41.58
E1491A 1982  5  4.32778   3  4  13.39   7.67
E1491A 1982  5  4.32778   5  4  13.43  31.80
E1501A 1982  5  5.15833   1  4  31.99  45.18
E1501A 1982  5  5.15833   2  4  25.16  50.29
E1501A 1982  5  5.15833   3  4   9.64   5.98
E1501A 1982  5  5.15833   5  4  38.64  36.00
E1502A 1982  5  5.17639   1  4  32.89  44.84
E1502A 1982  5  5.17639   2  4  25.93  50.14
E1502A 1982  5  5.17639   3  4   9.57   5.97
E1502A 1982  5  5.17639   5  4  39.29  35.16
E1503A 1982  5  5.19167   1  4  33.64  44.46
E1503A 1982  5  5.19167   2  4  26.61  50.02
E1503A 1982  5  5.19167   3  4   9.53   5.99
E1503A 1982  5  5.19167   5  4  39.82  34.27
E1504A 1982  5  5.20764   1  4  34.46  44.09
E1504A 1982  5  5.20764   2  4  27.32  49.87
E1504A 1982  5  5.20764   3  4   9.50   5.99
E1504A 1982  5  5.20764   5  4  40.26  33.35
E1505A 1982  5  5.22500   1  4  35.27  43.75
E1505A 1982  5  5.22500   2  4  27.99  49.72
E1505A 1982  5  5.22500   3  4   9.43   6.07
E1505A 1982  5  5.22500   5  4  40.66  32.28
E1506A 1982  5  5.24097   1  4  36.01  43.32
E1506A 1982  5  5.24097   2  4  28.76  49.55
E1506A 1982  5  5.24097   3  4   9.38   6.10
E1506A 1982  5  5.24097   5  4  41.20  31.38
E1507A 1982  5  5.25764   1  4  36.89  42.88
E1507A 1982  5  5.25764   2  4  29.43  49.35
E1507A 1982  5  5.25764   3  4   9.29   6.09
E1507A 1982  5  5.25764   5  4  41.56  30.38
E1508A 1982  5  5.27431   1  4  37.55  42.39
E1508A 1982  5  5.27431   2  4  30.13  49.13
E1508A 1982  5  5.27431   3  4   9.23   6.13
E1508A 1982  5  5.27431   5  4  41.72  29.41
E1508B 1982  5  5.28194   1  4  37.94  42.17
E1508B 1982  5  5.28194   2  4  30.45  49.08
E1508B 1982  5  5.28194   3  4   9.19   6.15
E1508B 1982  5  5.28194   5  4  41.97  29.00
E1509A 1982  5  5.29167   1  4  38.38  41.81
E1509A 1982  5  5.29167   2  4  30.92  48.88
E1509A 1982  5  5.29167   3  4   9.21   6.12
E1509A 1982  5  5.29167   5  4  42.06  28.35
E1509B 1982  5  5.30208   1  4  38.88  41.50
E1509B 1982  5  5.30208   2  4  31.41  48.74
E1509B 1982  5  5.30208   3  4   9.14   6.16
E1509B 1982  5  5.30208   5  4  42.28  27.70
E1510A 1982  5  5.31389   1  4  39.41  41.10
E1510A 1982  5  5.31389   2  4  31.91  48.65
E1510A 1982  5  5.31389   3  4   9.17   6.24
E1510A 1982  5  5.31389   5  4  42.29  27.13
E1511A 1982  5  5.38264   1  4  42.41  38.62
E1511A 1982  5  5.38264   2  4  34.72  47.37
E1511A 1982  5  5.38264   3  4   8.96   6.31
E1511A 1982  5  5.38264   5  4  42.61  22.91
E1519A 1982  5  6.16389   1  4  48.85   0.10
E1519A 1982  5  6.16389   2  4  59.90  19.16
E1519A 1982  5  6.16389   3  4   9.10   9.22
E1519A 1982  5  6.16389   5  4  34.62  19.35
E1520A 1982  5  6.18333   1  4  48.43  -0.66
E1520A 1982  5  6.18333   2  4  60.13  18.23
E1520A 1982  5  6.18333   3  4   9.17   9.22
E1520A 1982  5  6.18333   5  4  34.90  19.65
E1521A 1982  5  6.20000   1  4  48.04  -1.36
E1521A 1982  5  6.20000   2  4  60.36  17.31
E1521A 1982  5  6.20000   5  4  35.59  19.39
E1522A 1982  5  6.21944   1  4  47.52  -1.96
E1522A 1982  5  6.21944   2  4  60.72  16.41
E1522A 1982  5  6.21944   3  4   9.39   9.36
E1522A 1982  5  6.21944   5  4  36.42  19.94
E1523A 1982  5  6.23750   1  4  46.99  -2.51
E1523A 1982  5  6.23750   2  4  60.83  15.50
E1523A 1982  5  6.23750   3  4   9.38   9.48
E1523A 1982  5  6.23750   5  4  37.21  19.97
E1524A 1982  5  6.25382   1  4  46.60  -3.18
E1524A 1982  5  6.25382   2  4  61.15  14.64
E1524A 1982  5  6.25382   3  4   9.49   9.54
E1524A 1982  5  6.25382   5  4  37.82  19.77
E1524A 1982  5  6.27222   1  4  46.05  -3.73
E1524A 1982  5  6.27222   2  4  61.36  13.73
E1524A 1982  5  6.27222   3  4   9.61   9.52
E1524A 1982  5  6.27222   5  4  38.56  19.79
E1525B 1982  5  6.28264   1  4  45.76  -4.02
E1525B 1982  5  6.28264   2  4  61.49  13.10
E1525B 1982  5  6.28264   3  4   9.58   9.60
E1525B 1982  5  6.28264   5  4  39.07  19.77
E1526A 1982  5  6.29306   1  4  45.47  -4.36
E1526A 1982  5  6.29306   2  4  61.59  12.58
E1526A 1982  5  6.29306   3  4   9.56   9.59
E1526A 1982  5  6.29306   5  4  39.40  19.54
E1527A 1982  5  6.31528   1  4  44.85  -4.96
E1527A 1982  5  6.31528   2  4  61.73  11.49
E1527A 1982  5  6.31528   5  4  40.37  19.32
E1527B 1982  5  6.32778   1  4  44.42  -5.23
E1527B 1982  5  6.32778   2  4  61.83  10.88
E1527B 1982  5  6.32778   3  4   9.73   9.81
E1527B 1982  5  6.32778   5  4  40.94  19.20
E1528A 1982  5  6.34306   1  4  43.95  -5.62
E1528A 1982  5  6.34306   2  4  61.90  10.11
E1528A 1982  5  6.34306   3  4   9.83   9.77
E1528B 1982  5  6.35000   1  4  43.73  -5.78
E1528B 1982  5  6.35000   2  4  61.92   9.68
E1528B 1982  5  6.35000   3  4   9.85   9.82
E1528B 1982  5  6.35000   5  4  42.09  18.63
H1844A 1982  3 17.60276   5  4 -13.60 -39.65
H1844A 1982  3 17.60276   1  4 -18.50 -43.03
H1844A 1982  3 17.60276   2  4  14.46 -41.13
H1844A 1982  3 17.60276   3  4   2.03 -11.42
H1844B 1982  3 17.60693   5  4 -13.60 -39.51
H1844B 1982  3 17.60693   1  4 -18.64 -42.83
H1844B 1982  3 17.60693   2  4  14.37 -41.28
H1844B 1982  3 17.60693   3  4   2.03 -11.42
H1846A 1982  3 17.61318   5  4 -13.64 -39.21
H1846A 1982  3 17.61318   1  4 -18.76 -42.63
H1846A 1982  3 17.61318   2  4  14.25 -41.39
H1846A 1982  3 17.61318   3  4   2.00 -11.48
H1846B 1982  3 17.61735   5  4 -13.58 -39.05
H1846B 1982  3 17.61735   1  4 -18.84 -42.42
H1846B 1982  3 17.61735   2  4  14.20 -41.51
H1846B 1982  3 17.61735   3  4   2.06 -11.41
H1848A 1982  3 17.62707   5  4 -13.93 -38.82
H1848A 1982  3 17.62707   1  4 -18.99 -42.10
H1848A 1982  3 17.62707   2  4  14.06 -41.80
H1848A 1982  3 17.62707   3  4   2.07 -11.50
H1848B 1982  3 17.63055   5  4 -13.82 -38.54
H1848B 1982  3 17.63055   1  4 -19.09 -41.97
H1848B 1982  3 17.63055   2  4  13.96 -41.91
H1848B 1982  3 17.63055   3  4   2.07 -11.54
H1850A 1982  3 17.63679   5  4 -13.75 -38.40
H1850A 1982  3 17.63679   1  4 -19.19 -41.82
H1850A 1982  3 17.63679   2  4  13.83 -42.14
H1850A 1982  3 17.63679   3  4   2.07 -11.57
H1850B 1982  3 17.63957   5  4 -13.76 -38.19
H1850B 1982  3 17.63957   1  4 -19.25 -41.63
H1850B 1982  3 17.63957   2  4  13.78 -42.15
H1850B 1982  3 17.63957   3  4   2.11 -11.57
H1852A 1982  3 17.64582   5  4 -13.76 -37.97
H1852A 1982  3 17.64582   1  4 -19.39 -41.45
H1852A 1982  3 17.64582   2  4  13.64 -42.33
H1852A 1982  3 17.64582   3  4   2.11 -11.58
H1852B 1982  3 17.64930   5  4 -13.79 -37.80
H1852B 1982  3 17.64930   1  4 -19.50 -41.23
H1852B 1982  3 17.64930   2  4  13.53 -42.37
H1852B 1982  3 17.64930   3  4   2.08 -11.60
H1871A 1982  3 19.61526   5  4 -27.66 -19.22
H1871A 1982  3 19.61526   1  4 -40.31 -34.12
H1871A 1982  3 19.61526   2  4 -55.72 -23.76
H1871A 1982  3 19.61526   3  4  -5.22 -24.60
H1871B 1982  3 19.62013   5  4 -27.62 -19.27
H1871B 1982  3 19.62013   1  4 -40.60 -34.03
H1871B 1982  3 19.62013   2  4 -55.80 -23.56
H1871B 1982  3 19.62013   3  4  -5.34 -24.57
H1871C 1982  3 19.62446   5  4 -27.72 -19.46
H1871C 1982  3 19.62446   1  4 -40.70 -33.84
H1871C 1982  3 19.62446   2  4 -55.87 -23.32
H1871C 1982  3 19.62446   3  4  -5.34 -24.56
H1871D 1982  3 19.62916   5  4 -27.74 -19.61
H1871D 1982  3 19.62916   1  4 -40.97 -33.78
H1871D 1982  3 19.62916   2  4 -55.95 -23.20
H1871D 1982  3 19.62916   3  4  -5.44 -24.60
H1871E 1982  3 19.63331   5  4 -27.76 -19.71
H1871E 1982  3 19.63331   1  4 -41.22 -33.60
H1871E 1982  3 19.63331   2  4 -56.02 -22.97
H1871E 1982  3 19.63331   3  4  -5.45 -24.61
H1876A 1982  3 19.64027   5  4 -27.79 -19.86
H1876A 1982  3 19.64027   1  4 -41.44 -33.46
H1876A 1982  3 19.64027   2  4 -56.12 -22.72
H1876A 1982  3 19.64027   3  4  -5.55 -24.72
H1876B 1982  3 19.64443   5  4 -27.76 -19.93
H1876B 1982  3 19.64443   1  4 -41.57 -33.28
H1876B 1982  3 19.64443   2  4 -56.12 -22.47
H1876B 1982  3 19.64443   3  4  -5.58 -24.72
H1894A 1982  3 20.53125   1  4 -49.72   9.08
H1894A 1982  3 20.53125   2  4 -49.00  15.76
H1894A 1982  3 20.53125   3  4 -19.27 -25.80
H1894B 1982  3 20.53575   1  4 -49.67   9.21
H1894B 1982  3 20.53575   2  4 -48.92  15.83
H1894B 1982  3 20.53575   3  4 -19.42 -25.85
H1894C 1982  3 20.54026   5  4 -48.48   4.60
H1894C 1982  3 20.54026   1  4 -49.56   9.45
H1894C 1982  3 20.54026   2  4 -48.79  16.05
H1894C 1982  3 20.54026   3  4 -19.46 -25.77
H1894D 1982  3 20.54409   1  4 -49.45   9.52
H1894D 1982  3 20.54409   2  4 -48.75  16.10
H1894D 1982  3 20.54409   3  4 -19.53 -25.84
H1894E 1982  3 20.54791   5  4 -48.33   4.89
H1894E 1982  3 20.54791   1  4 -49.37   9.68
H1894E 1982  3 20.54791   2  4 -48.64  16.28
H1894E 1982  3 20.54791   3  4 -19.60 -25.81
H1895A 1982  3 20.56561   5  4 -47.85   5.57
H1895A 1982  3 20.56561   1  4 -48.90  10.37
H1895A 1982  3 20.56561   2  4 -48.19  16.77
H1895A 1982  3 20.56561   3  4 -19.91 -25.73
H1895B 1982  3 20.57048   5  4 -47.68   5.88
H1895B 1982  3 20.57048   1  4 -48.76  10.53
H1895B 1982  3 20.57048   2  4 -48.06  16.91
H1895B 1982  3 20.57048   3  4 -20.00 -25.75
H1895C 1982  3 20.57499   5  4 -47.61   6.11
H1895C 1982  3 20.57499   1  4 -48.65  10.73
H1895C 1982  3 20.57499   2  4 -47.96  17.07
H1895C 1982  3 20.57499   3  4 -20.09 -25.66
H1895D 1982  3 20.57916   5  4 -47.33   6.18
H1895D 1982  3 20.57916   1  4 -48.43  10.82
H1895D 1982  3 20.57916   2  4 -47.78  17.10
H1895D 1982  3 20.57916   3  4 -20.14 -25.70
H1895E 1982  3 20.58367   5  4 -47.25   6.42
H1895E 1982  3 20.58367   1  4 -48.33  10.96
H1895E 1982  3 20.58367   2  4 -47.68  17.27
H1895E 1982  3 20.58367   3  4 -20.23 -25.65
H1925A 1982  3 21.51805   5  4 -43.34   8.04
H1925A 1982  3 21.51805   1  4 -26.12  12.19
H1925A 1982  3 21.51805   2  4 -21.95  24.88
H1925A 1982  3 21.51805   3  4 -36.51 -15.68
H1925B 1982  3 21.52221   5  4 -43.40   8.21
H1925B 1982  3 21.52221   1  4 -26.17  12.15
H1925B 1982  3 21.52221   2  4 -21.87  24.92
H1925B 1982  3 21.52221   3  4 -36.55 -15.59
H1925C 1982  3 21.52706   5  4 -43.57   8.30
H1925C 1982  3 21.52706   1  4 -26.14  12.05
H1925C 1982  3 21.52706   2  4 -21.77  24.76
H1925C 1982  3 21.52706   3  4 -36.59 -15.61
H1925D 1982  3 21.53125   5  4 -43.64   8.53
H1925D 1982  3 21.53125   1  4 -26.13  12.03
H1925D 1982  3 21.53125   2  4 -21.71  24.76
H1925D 1982  3 21.53125   3  4 -36.66 -15.51
H1925E 1982  3 21.53680   5  4 -43.85   8.81
H1925E 1982  3 21.53680   1  4 -26.23  11.96
H1925E 1982  3 21.53680   2  4 -21.62  24.77
H1925E 1982  3 21.53680   3  4 -36.80 -15.36
H1926  1982  3 21.55416   2  4 -21.21  24.60
H1926  1982  3 21.55416   3  4 -37.00 -15.07
H1927A 1982  3 21.57360   5  4 -44.86  10.33
H1927A 1982  3 21.57360   1  4 -26.41  11.43
H1927A 1982  3 21.57360   2  4 -20.89  24.65
H1927A 1982  3 21.57360   3  4 -37.32 -14.73
H1927B 1982  3 21.57707   5  4 -44.89  10.48
H1927B 1982  3 21.57707   1  4 -26.44  11.39
H1927B 1982  3 21.57707   2  4 -20.40  24.28
H1927B 1982  3 21.57707   3  4 -37.39 -14.64
H1927C 1982  3 21.58055   5  4 -45.10  10.64
H1927C 1982  3 21.58055   1  4 -26.44  11.37
H1927C 1982  3 21.58055   2  4 -20.75  24.37
H1927C 1982  3 21.58055   3  4 -37.39 -14.58
H1927D 1982  3 21.58401   5  4 -45.26  10.80
H1927D 1982  3 21.58401   1  4 -26.50  11.28
H1927D 1982  3 21.58401   2  4 -20.70  24.23
H1927D 1982  3 21.58401   3  4 -37.52 -14.62
H1927E 1982  3 21.59080   5  4 -45.26  11.17
H1927E 1982  3 21.59080   1  4 -26.55  11.20
H1927E 1982  3 21.59080   2  4 -20.61  24.23
H1927E 1982  3 21.59080   3  4 -37.63 -14.50
