 4 1894  4  4  11 54  4   34.67   -99.99
 4 1894  4  4  12 11 26  999.99    42.78
 4 1894  4  4  12 27 22   35.35   -99.99
 4 1894  4  7  13  6 34  125.62   -99.99
 4 1894  4  7  13 25 30  999.99    40.01
 4 1894  4  7  13 40 52  126.37   -99.99
 4 1894  4 28  11 16 35  325.37   -99.99
 4 1894  4 28  11 38 33  999.99    41.72
 4 1894  4 28  11 56 30  326.33   -99.99
 4 1894  6 19  10 35 35  270.12   -99.99
 4 1894  6 19  10 45  5  999.99    36.61
 4 1894  6 19  10 57 27  270.95   -99.99
 4 1894  6 20   9 16 52  300.10   -99.99
 4 1894  6 20   9 28 27  999.99    37.69
 4 1894  6 20   9 40 30  301.32   -99.99
 4 1894  6 26   9 50  0   97.62   -99.99
 4 1894  6 26  10  4 24  999.99    36.54
 4 1894  6 26  10 16 30   97.86   -99.99
 4 1894  7  4   9  3 50  315.00   -99.99
 4 1894  7  4   9 12 50  999.99    39.24
 4 1894  7  4   9 24 50  315.93   -99.99
 4 1894  7  6   9 14 40    3.97   -99.99
 4 1894  7  6   9 24 20  999.99    44.35
 4 1894  7  6   9 34 40    4.23   -99.99
 3 1894  4  4  12 35 41  123.02   -99.99
 3 1894  4  4  12 48 45  999.99    29.39
 3 1894  4  4  13  2  7  123.75   -99.99
 3 1894  4  7  13 49 36  239.95   -99.99
 3 1894  4  7  14  6 30  999.99    29.64
 3 1894  4  7  14 31 37  241.40   -99.99
 3 1894  4 28  12 34 54   27.84   -99.99
 3 1894  4 28  13  7 45  999.99    32.70
 3 1894  4 28  13 23  7   27.90   -99.99
 3 1894  6 19   9 30 20   14.02   -99.99
 3 1894  6 19   9 45 29  999.99    33.01
 3 1894  6 19  10  2  5   14.82   -99.99
 3 1894  6 20   9 49  7   52.67   -99.99
 3 1894  6 20  10  4 42  999.99    29.83
 3 1894  6 20  10 20  0   53.10   -99.99
 3 1894  6 26   8 55 30  308.85   -99.99
 3 1894  6 26   9 17 40  999.99    28.79
 3 1894  6 26   9 35 30  310.72   -99.99
 3 1894  7  4   9 32 50  276.90   -99.99
 3 1894  7  4   9 44 25  999.99    26.78
 3 1894  7  4   9 59 50  277.57   -99.99
 3 1894  7  6   8 52 50  359.60   -99.99
 3 1894  7  6   9  2 10  999.99    33.18
 3 1894  7  6   9  9 10    0.10   -99.99
 1 1897  4 10  13 15 28  358.45   -99.99
 1 1897  4 10  13 32 26  999.99    14.48
 1 1897  4 10  13 50 32    0.73   -99.99
 1 1897  4 12  13 53 30  287.65   -99.99
 1 1897  4 12  14  7 11  999.99    13.90
 1 1897  4 12  14 15 23  289.73   -99.99
 1 1897  5  3  13 19 47   43.04   -99.99
 1 1897  5  3  13 30  3  999.99    14.92
 1 1897  5  3  13 39 10   44.24   -99.99
 1 1897  5 20  11 27 30  301.43   -99.99
 1 1897  5 20  11 36 10  999.99    14.15
 1 1897  5 20  11 43  7  304.80   -99.99
 1 1897  5 21  11 54 40   88.02   -99.99
 1 1897  5 21  12  5 15  999.99    14.11
 1 1897  5 21  12 17 13   89.98   -99.99
 1 1897  6  4  12 21 53  278.93   -99.99
 1 1897  6  4  12 31 26  999.99    13.79
 1 1897  6  4  12 40 28  282.00   -99.99
 1 1897  6  6   9 44  8  344.13   -99.99
 1 1897  6  6   9 51 55  999.99    14.60
 1 1897  6  6   9 58 22  344.67   -99.99
 1 1897  6 16  10 38 23  190.53   -99.99
 1 1897  6 16  10 52 35  999.99    14.43
 1 1897  6 16  11  7 32  194.43   -99.99
 2 1897  4 10  14 25 38  358.79   -99.99
 2 1897  4 10  14 48 30  999.99    20.54
 2 1897  4 10  15  7 18    1.09   -99.99
 2 1897  4 12  14 26 43  172.80   -99.99
 2 1897  4 12  14 35 42  999.99    20.74
 2 1897  4 12  14 45 40  174.17   -99.99
 2 1897  5  3  12 38 17  191.32   -99.99
 2 1897  5  3  12 53 17  999.99    19.76
 2 1897  5  3  13  8 28  189.27   -99.99
 2 1897  5 20  10 58 43  219.20   -99.99
 2 1897  5 20  11  8 52  999.99    19.87
 2 1897  5 20  11 18 30  221.03   -99.99
 2 1897  5 21  11 19 30  311.18   -99.99
 2 1897  5 21  11 29 30  999.99    20.01
 2 1897  5 21  11 39 48  312.65   -99.99
 2 1897  6  6  10  6  5  343.37   -99.99
 2 1897  6  6  10 16 14  999.99    20.61
 2 1897  6  6  10 23 57  345.43   -99.99
 2 1897  6 16   9 57 10   43.17   -99.99
 2 1897  6 16  10 15 15  999.99    20.17
 2 1897  6 16  10 28 57   44.77   -99.99
 3 1895  6 13   9 34 34  101.07   -99.99
 3 1895  6 13   9 54 39  999.99    29.39
 3 1895  6 13  10 14 42  103.09   -99.99
 3 1895  6 23   9 19 15  156.32   -99.99
 3 1895  6 23   9 32  0  999.99    32.39
 3 1895  6 23   9 47 15  157.40   -99.99
 3 1897  4 10  15 29 38  329.71   -99.99
 3 1897  4 10  15 43 21  999.99    33.19
 3 1897  4 10  15 53 45  329.35   -99.99
 3 1897  4 12  13 18 23   47.00   -99.99
 3 1897  4 12  13 29 50  999.99    31.96
 3 1897  4 12  13 39 40   47.50   -99.99
 3 1897  4 23  12 14 55  143.42   -99.99
 3 1897  4 23  12 26 10  999.99    32.83
 3 1897  4 23  12 34 17  143.85   -99.99
 3 1897  5  3  11 27 13  192.67   -99.99
 3 1897  5  3  11 44  5  999.99    33.48
 3 1897  5  3  11 59 50  193.10   -99.99
 3 1897  5 17  10 54 30   50.70   -99.99
 3 1897  5 17  11  4 28  999.99    32.44
 3 1897  5 17  11 13 23   50.83   -99.99
 3 1897  5 20  10 29 33  174.30   -99.99
 3 1897  5 20  10 38 33  999.99    33.93
 3 1897  5 20  10 47 10  174.87   -99.99
 3 1897  5 21  10 49 27  214.72   -99.99
 3 1897  5 21  10 56 59  999.99    32.95
 3 1897  5 21  11  6 27  215.22   -99.99
 3 1897  5 28   9 57 40  146.43   -99.99
 3 1897  5 28  10  9  8  999.99    33.55
 3 1897  5 28  10 20  7  147.37   -99.99
 3 1897  5 29  11 35  2  187.60   -99.99
 3 1897  5 29  11 54  5  999.99    33.42
 3 1897  5 29  12  2 57  188.77   -99.99
 3 1897  5 31  10 40 17  270.67   -99.99
 3 1897  5 31  10 51 47  999.99    31.34
 3 1897  5 31  11  3 20  271.87   -99.99
 3 1897  6  4  11  5 45   77.00   -99.99
 3 1897  6  4  11 18 30  999.99    31.43
 3 1897  6  4  11 29 27   77.30   -99.99
 3 1897  6  6  10 35 38  198.00   -99.99
 3 1897  6  6  10 46 45  999.99    33.17
 3 1897  6  6  10 53  8  198.03   -99.99
 3 1897  6 11   9 46 55    3.75   -99.99
 3 1897  6 16   9 29 32  207.87   -99.99
 3 1897  6 16   9 37 38  999.99    32.56
 3 1897  6 16   9 44 53  208.70   -99.99
 4 1895  6 13  10 43 24  153.03   -99.99
 4 1895  6 13  10 56 11  999.99    43.65
 4 1895  6 13  11 10 35  154.11   -99.99
 4 1895  6 23  10  4 40   52.06   -99.99
 4 1895  6 23  10 19 46  999.99    40.65
 4 1895  6 23  10 32 12   52.30   -99.99
 4 1897  4 12  12 47 57   35.63   -99.99
 4 1897  4 12  13  0 18  999.99    42.92
 4 1897  4 12  13 10 45   35.50   -99.99
 4 1897  4 23  11 43 10  331.45   -99.99
 4 1897  4 23  11 55 27  999.99    44.77
 4 1897  4 23  12  4 25  331.68   -99.99
 4 1897  5  3  12  5 10  237.24   -99.99
 4 1897  5  3  12 15 57  999.99    42.83
 4 1897  5  3  12 26 33  237.57   -99.99
 4 1897  5 17  10 16 20  250.27   -99.99
 4 1897  5 17  10 29 21  999.99    42.59
 4 1897  5 17  10 46 10  250.77   -99.99
 4 1897  5 20   9 54 17  331.40   -99.99
 4 1897  5 20  10  4 35  999.99    44.99
 4 1897  5 20  10 17  3  331.80   -99.99
 4 1897  5 21  10 30 58  357.38   -99.99
 4 1897  5 21  10 38 35  999.99    45.13
 4 1897  5 21  10 45  7  357.75   -99.99
 4 1897  5 28   9 24 43  183.77   -99.99
 4 1897  5 28   9 37 42  999.99    45.01
 4 1897  5 28   9 50 27  184.47   -99.99
 4 1897  5 29  11  4 18  210.50   -99.99
 4 1897  5 29  11 16 35  999.99    43.70
 4 1897  5 29  11 27 18  211.43   -99.99
 4 1897  5 31  10  7 43  265.87   -99.99
 4 1897  5 31  10 20 41  999.99    42.41
 4 1897  5 31  10 31 40  266.27   -99.99
 4 1897  6  4  10 36 20   11.97   -99.99
 4 1897  6  4  10 47  1  999.99    44.29
 4 1897  6  4  10 56 32   12.20   -99.99
 4 1897  6  6  11  2 42   94.50   -99.99
 4 1897  6  6  11  9 53  999.99    42.15
 4 1897  6  6  11 17 13   94.80   -99.99
 4 1897  6 11   9 10 15  196.85   -99.99
 4 1897  6 11   9 23 33  999.99    44.65
 4 1897  6 11   9 39 38  197.02   -99.99
 4 1897  6 16   9  4  7  333.20   -99.99
 4 1897  6 16   9 14 17  999.99    44.36
 4 1897  6 16   9 23  3  333.70   -99.99
