2000  6 25  10 42 57.1  21 32 17.9351  -15  21  47.673  3  0.353 ACT
2000  6 27  10 36 26.5  21 32  6.7479  -15  22   7.709  3  0.353 ACT
2000  7  2  10 14 44.0  21 31 37.0044  -15  25  44.149  3  0.355 ACT
2000  7  3  10 12 14.0  21 31 29.6924  -15  26  11.145  3  0.355 ACT
2000  7  5  10  4  8.7  21 31 15.5306  -15  26  39.935  3  0.355 ACT
2000  7  6  10  0  6.2  21 31  8.9838  -15  27   1.446  3  0.356 ACT
2000  7  7   9 56  2.9  21 31  2.6154  -15  27  38.316  3  0.356 ACT
2000  7 10   9 43 53.3  21 30 41.2470  -15  30  23.950  3  0.357 ACT
2000  7 12   9 35 44.0  21 30 24.6342  -15  31  34.519  3  0.357 ACT
2000  7 20   9  3 14.4  21 29 20.1430  -15  37   6.453  3  0.359 Tyc-2
2000  7 22   8 55  5.5  21 29  2.0057  -15  37  54.469  3  0.359 Tyc-2
2000  7 27   8 33  9.4  21 28 19.9015  -15  41  56.160  3  0.360 Tyc-2
2000  7 28   8 30 37.2  21 28 10.3555  -15  42  51.479  3  0.360 Tyc-2
2000  7 29   8 24 59.6  21 28  0.5096  -15  43  31.905  3  0.360 Tyc-2
2000  7 30   8 20 54.6  21 27 50.8009  -15  43  59.013  3  0.360 Tyc-2
2000  8  1   8 14 17.1  21 27 32.5984  -15  44  49.911  3  0.360 Tyc-2
2000  8  3   8  4 34.2  21 27 15.4998  -15  46  30.063  3  0.360 Tyc-2
2000  8  5   7 57 56.8  21 26 56.9351  -15  48  40.795  3  0.361 Tyc-2
2000  8 20   6 55  8.2  21 24 35.5890  -15  59   0.095  3  0.361 Tyc-2
2000  8 22   6 48 24.7  21 24 17.6480  -16   1   7.111  3  0.361 Tyc-2
2000  8 24   6 38 47.8  21 23 58.0793  -16   2  45.862  3  0.361 Tyc-2
2000  8 26   6 32  7.1  21 23 38.9868  -16   3  33.198  3  0.361 Tyc-2
2000  8 28   6 23 57.4  21 23 22.0301  -16   4  33.002  3  0.361 Tyc-2
2000  8 31   6 10 10.5  21 22 56.6989  -16   7  26.401  3  0.361 Tyc-2
2000  9  1   6  7 38.8  21 22 47.4463  -16   8  16.651  3  0.361 Tyc-2
2000  9  2   6  2  1.5  21 22 38.1008  -16   8  50.981  3  0.361 Tyc-2
2000  9  4   5 55 25.6  21 22 20.4699  -16   9  28.313  3  0.361 Tyc-2
2000  9  5   5 49 48.5  21 22 12.6018  -16   9  51.079  3  0.361 Tyc-2
2000  9 13   5 18 51.4  21 21  9.2900  -16  14  45.211  3  0.360 Tyc-2
2000  9 14   5 13 15.2  21 21  2.4818  -16  15   6.342  3  0.360 Tyc-2
2000  9 15   5 10 47.6  21 20 56.0416  -16  15  41.798  3  0.359 Tyc-2
2000  9 16   5  5  9.0  21 20 49.5705  -16  16  30.416  3  0.359 Tyc-2
2000  9 17   5  2 39.1  21 20 42.7109  -16  17  23.862  3  0.359 Tyc-2
2000  9 19   4 53  1.0  21 20 28.0059  -16  18  42.417  3  0.359 Tyc-2
2000  9 20   4 48 58.3  21 20 20.6922  -16  18  58.924  3  0.359 Tyc-2
2000  9 21   4 44 55.9  21 20 13.8991  -16  19   6.129  3  0.359 Tyc-2
2000  9 22   4 40 53.7  21 20  7.7854  -16  19  14.315  3  0.358 Tyc-2
2000  9 23   4 38 24.6  21 20  2.2660  -16  19  33.172  3  0.358 Tyc-2
2000  9 26   4 26 19.4  21 19 45.9737  -16  21  37.583  3  0.358 Tyc-2
2000  9 28   4 18 16.6  21 19 33.7334  -16  22  35.813  3  0.357 Tyc-2
2000  9 30   4  8 41.5  21 19 22.5831  -16  22  42.741  3  0.357 Tyc-2
2000 10  6   3 44 39.2  21 18 57.1665  -16  25  15.721  3  0.355 Tyc-2
2000 10 12   3 20 43.2  21 18 37.2990  -16  25  53.391  3  0.354 Tyc-2
2000 10 14   3 12 46.0  21 18 31.8860  -16  26  53.342  3  0.353 Tyc-2
2000 10 15   3  8 47.7  21 18 28.8068  -16  27   7.793  3  0.353 Tyc-2
2000 10 16   3  6 22.6  21 18 25.8378  -16  27   6.072  3  0.353 Tyc-2
2000 10 18   2 58 27.4  21 18 21.6962  -16  26  39.360  3  0.352 Tyc-2
2000 11  2   1 57 51.7  21 18 19.0113  -16  27  10.309  3  0.348 Tyc-2
2000 11  9   1 30 34.2  21 18 34.1637  -16  25  47.447  3  0.346 Tyc-2
2000 11 13   1 16 35.9  21 18 44.6727  -16  24   4.311  3  0.344 Tyc-2
2000 11 14   1 11 10.5  21 18 48.7597  -16  23  33.124  3  0.344 Tyc-2
2000 11 15   1  8 53.0  21 18 53.3049  -16  23  15.198  3  0.344 Tyc-2
2000  6 25  10 42 57.1  21 32 17.4478  -15  21  35.849  4  0.353 ACT
2000  6 27  10 36 26.5  21 32  6.3880  -15  22   1.470  4  0.353 ACT
2000  7  2  10 14 44.0  21 31 38.0582  -15  25  18.261  4  0.355 ACT
2000  7  3  10 12 14.0  21 31 31.4193  -15  26   9.956  4  0.355 ACT
2000  7  4  10  8 11.4  21 31 24.3454  -15  26  57.075  4  0.355 ACT
2000  7  5  10  4  8.7  21 31 16.9757  -15  27  37.511  4  0.355 ACT
2000  7  6  10  0  6.2  21 31  9.3428  -15  28   9.382  4  0.356 ACT
2000  7  7   9 56  2.9  21 31  1.6623  -15  28  33.779  4  0.356 ACT
2000  7 10   9 43 53.3  21 30 39.1839  -15  29  30.844  4  0.357 ACT
2000  7 12   9 35 44.0  21 30 24.9280  -15  30  32.556  4  0.357 ACT
2000  7 20   9  3 14.4  21 29 19.6721  -15  37  10.753  4  0.359 Tyc-2
2000  7 22   8 55  5.5  21 29  1.6749  -15  38   1.354  4  0.359 Tyc-2
2000  7 26   8 38 46.9  21 28 27.9311  -15  40  13.135  4  0.359 Tyc-2
2000  7 27   8 33  9.4  21 28 19.6161  -15  41   6.465  4  0.359 Tyc-2
2000  7 29   8 24 59.6  21 28  2.2407  -15  43   9.991  4  0.360 Tyc-2
2000  7 30   8 20 54.6  21 27 53.0496  -15  44  12.222  4  0.360 Tyc-2
2000  8  1   8 14 17.1  21 27 33.7230  -15  46   0.173  4  0.360 Tyc-2
2000  8  3   8  4 34.2  21 27 13.9198  -15  47  14.711  4  0.360 Tyc-2
2000  8  5   7 57 56.8  21 26 54.6345  -15  48   7.793  4  0.361 Tyc-2
2000  8 17   7  7 20.3  21 25  2.0333  -15  57  32.676  4  0.361 Tyc-2
2000  8 20   6 55  8.2  21 24 34.0157  -15  58  51.540  4  0.361 Tyc-2
2000  8 22   6 48 24.7  21 24 16.6904  -16   0  11.278  4  0.361 Tyc-2
2000  8 24   6 38 47.8  21 23 59.4929  -16   2   2.423  4  0.361 Tyc-2
2000  8 26   6 32  7.1  21 23 41.4812  -16   4   4.421  4  0.361 Tyc-2
2000  8 28   6 23 57.4  21 23 22.5816  -16   5  46.264  4  0.361 Tyc-2
2000  8 31   6 10 10.5  21 22 54.4168  -16   7  15.969  4  0.361 Tyc-2
2000  9  1   6  7 38.8  21 22 45.5804  -16   7  36.308  4  0.361 Tyc-2
2000  9  2   6  2  1.5  21 22 37.1500  -16   7  58.167  4  0.361 Tyc-2
2000  9  4   5 55 25.6  21 22 21.3183  -16   9   0.244  4  0.361 Tyc-2
2000  9  5   5 49 48.5  21 22 13.6962  -16   9  43.611  4  0.361 Tyc-2
2000  9 13   5 18 51.4  21 21  9.1617  -16  15  23.270  4  0.360 Tyc-2
2000  9 15   5 10 47.6  21 20 54.2698  -16  15  51.123  4  0.360 Tyc-2
2000  9 16   5  5  9.0  21 20 47.4722  -16  16   7.777  4  0.359 Tyc-2
2000  9 17   5  2 39.1  21 20 41.0300  -16  16  30.925  4  0.359 Tyc-2
2000  9 19   4 53  1.0  21 20 28.8158  -16  17  41.762  4  0.359 Tyc-2
2000  9 20   4 48 58.3  21 20 22.7026  -16  18  26.643  4  0.359 Tyc-2
2000  9 21   4 44 55.9  21 20 16.4864  -16  19  13.987  4  0.358 Tyc-2
2000  9 22   4 40 53.7  21 20 10.0984  -16  19  59.937  4  0.358 Tyc-2
2000  9 23   4 38 24.6  21 20  3.5374  -16  20  40.182  4  0.358 Tyc-2
2000  9 24   4 34 22.7  21 19 56.9087  -16  21  12.088  4  0.358 Tyc-2
2000  9 25   4 28 48.0  21 19 50.3667  -16  21  34.293  4  0.358 Tyc-2
2000  9 26   4 26 19.4  21 19 44.0257  -16  21  47.843  4  0.358 Tyc-2
2000  9 28   4 18 16.6  21 19 32.4919  -16  21  58.726  4  0.357 Tyc-2
2000  9 29   4 14 15.4  21 19 27.4243  -16  22   4.184  4  0.357 Tyc-2
2000 10  6   3 44 39.2  21 18 58.0860  -16  25  14.741  4  0.355 Tyc-2
2000 10 12   3 20 43.2  21 18 34.9786  -16  25  49.557  4  0.354 Tyc-2
2000 10 13   3 18 17.5  21 18 32.5202  -16  25  45.575  4  0.354 Tyc-2
2000 10 14   3 12 46.0  21 18 30.5093  -16  25  47.875  4  0.353 Tyc-2
2000 10 15   3  8 47.7  21 18 28.8120  -16  25  57.942  4  0.353 Tyc-2
2000 10 16   3  6 22.6  21 18 27.2564  -16  26  15.186  4  0.353 Tyc-2
2000 10 17   3  0 51.7  21 18 25.7392  -16  26  37.972  4  0.352 Tyc-2
2000 10 18   2 58 27.4  21 18 24.1660  -16  27   3.034  4  0.352 Tyc-2
2000 10 21   2 45  2.0  21 18 18.8090  -16  27  52.966  4  0.351 Tyc-2
2000 11  2   1 57 51.7  21 18 20.5281  -16  27  12.745  4  0.348 Tyc-2
2000 11  9   1 30 34.2  21 18 32.1829  -16  24  53.430  4  0.346 Tyc-2
2000 11 13   1 16 35.9  21 18 46.9098  -16  24   5.929  4  0.344 Tyc-2
2000 11 14   1 11 10.5  21 18 50.7152  -16  24   5.822  4  0.344 Tyc-2
2000 11 15   1  8 53.0  21 18 54.4189  -16  24   3.950  4  0.344 Tyc-2
2001  6 19  11 25 31.4  21 48 45.9596  -13  59  42.706  3  0.343 Tyc-2
2001  6 20  11 19 58.4  21 48 42.6691  -14   0   3.069  3  0.343 Tyc-2
2001  6 21  11 15 58.5  21 48 39.2636  -14   0  39.478  3  0.343 Tyc-2
2001  6 24  11  3 57.9  21 48 26.0033  -14   2  39.837  3  0.344 Tyc-2
2001  6 27  10 53 28.0  21 48 10.3088  -14   3  12.113  3  0.345 Tyc-2
2001  6 28  10 49 27.0  21 48  5.5342  -14   3  28.650  3  0.345 Tyc-2
2001  6 29  10 45 26.2  21 48  0.8624  -14   4   0.649  3  0.346 Tyc-2
2001  7 15   9 39 16.0  21 46 16.3448  -14  13  22.163  3  0.349 Tyc-2
2001  7 16   9 35 12.6  21 46  9.3508  -14  13  57.593  3  0.350 Tyc-2
2001  7 17   9 31  9.1  21 46  2.3802  -14  14  49.371  3  0.350 Tyc-2
2001  7 19   9 23  1.7  21 45 47.1524  -14  16  52.866  3  0.350 Tyc-2
2001  7 19   9 24 33.9  21 45 47.1508  -14  16  52.843  3  0.350 Tyc-2
2001  7 20   9 18 57.9  21 45 38.7455  -14  17  44.558  3  0.350 Tyc-2
2001  7 21   9 14 54.0  21 45 30.0355  -14  18  21.555  3  0.351 Tyc-2
2001  7 28   8 46 24.1  21 44 32.2498  -14  23  28.778  3  0.352 Tyc-2
2001  7 29   8 42 19.6  21 44 22.9970  -14  24  19.841  3  0.352 Tyc-2
2001  8  1   8 30  5.5  21 43 55.3847  -14  25  46.353  3  0.352 Tyc-2
2001  8  2   8 26  0.7  21 43 46.8592  -14  26  21.204  3  0.353 Tyc-2
2001  8  7   8  7  8.8  21 43  2.0057  -14  31  15.361  3  0.353 Tyc-2
2001  8 14   7 38 32.9  21 41 58.0070  -14  36  33.034  3  0.354 Tyc-2
2001  8 15   7 34 27.8  21 41 48.2846  -14  37  32.862  3  0.354 Tyc-2
2001  8 16   7 30 22.0  21 41 38.2809  -14  38  17.562  3  0.354 Tyc-2
2001  8 19   7 16 33.9  21 41  9.7134  -14  39  43.218  3  0.354 Tyc-2
2001  8 23   7  1 46.3  21 40 34.1903  -14  43  38.743  3  0.354 Tyc-2
2001  8 24   6 56  8.1  21 40 24.4724  -14  44  33.551  3  0.354 Tyc-2
2001  8 25   6 53 35.4  21 40 14.6049  -14  45  12.861  3  0.354 Tyc-2
2001  8 27   6 45 25.9  21 39 55.7047  -14  46   3.095  3  0.354 Tyc-2
2001  8 28   6 39 48.1  21 39 47.0191  -14  46  33.920  3  0.354 Tyc-2
2001  9  5   6  7 10.5  21 38 36.2065  -14  52  30.050  3  0.354 Tyc-2
2001  9  5   6  8 42.8  21 38 36.2005  -14  52  29.848  3  0.354 Tyc-2
2001  9  7   6  0 35.2  21 38 20.4687  -14  53  47.297  3  0.354 Tyc-2
2001  9  9   5 50 53.3  21 38  4.5387  -14  55  47.976  3  0.354 Tyc-2
2001  9 10   5 48 22.6  21 37 56.0217  -14  56  42.591  3  0.354 Tyc-2
2001  9 11   5 42 45.3  21 37 47.3019  -14  57  22.331  3  0.354 Tyc-2
2001  9 15   5 28  3.2  21 37 15.7409  -14  58  52.570  3  0.353 Tyc-2
2001  9 16   5 23 59.8  21 37  8.9131  -14  59  37.982  3  0.353 Tyc-2
2001  9 18   5 14 20.3  21 36 54.5598  -15   1  29.451  3  0.353 Tyc-2
2001  9 19   5 11 50.0  21 36 46.9019  -15   2  15.415  3  0.353 Tyc-2
2001  9 20   5  6 14.2  21 36 39.1158  -15   2  45.574  3  0.353 Tyc-2
2001  9 22   4 58  8.6  21 36 24.5327  -15   3  11.904  3  0.352 Tyc-2
2001  9 24   4 51 36.2  21 36 12.2367  -15   3  56.553  3  0.352 Tyc-2
2001  9 25   4 47 33.6  21 36  6.5176  -15   4  39.237  3  0.352 Tyc-2
2001 10  3   4 13 47.9  21 35 19.9100  -15   8   2.842  3  0.350 Tyc-2
2001 10 10   3 45 44.5  21 34 46.8696  -15  10  33.357  3  0.349 Tyc-2
2001 10 11   3 41 44.7  21 34 43.5130  -15  10  41.683  3  0.348 Tyc-2
2001 10 11   3 43 18.1  21 34 43.5013  -15  10  41.763  3  0.348 Tyc-2
2001 10 14   3 31 20.4  21 34 34.2088  -15  12  13.115  3  0.348 Tyc-2
2001 10 15   3 27 19.7  21 34 30.6678  -15  12  40.716  3  0.348 Tyc-2
2001 10 16   3 23 20.9  21 34 27.0063  -15  12  53.063  3  0.347 Tyc-2
2001 10 19   3 11 25.1  21 34 18.4810  -15  12  31.647  3  0.346 Tyc-2
2001 10 20   3  7 32.2  21 34 16.8266  -15  12  35.530  3  0.346 Tyc-2
2001 10 24   2 50  4.0  21 34 10.3838  -15  14   2.041  3  0.345 Tyc-2
2001 10 29   2 31 52.3  21 34  5.5912  -15  13  13.905  3  0.344 Tyc-2
2001 11  1   2 20  4.5  21 34  6.0764  -15  14   1.436  3  0.343 Tyc-2
2001 11  2   2 14 36.2  21 34  5.8030  -15  14   4.157  3  0.343 Tyc-2
2001 11  2   2 16  9.0  21 34  5.7662  -15  14   4.058  3  0.343 Tyc-2
2001 11  3   2 10 40.8  21 34  5.6117  -15  13  51.376  3  0.342 Tyc-2
2001 11  7   1 55  1.1  21 34 10.2709  -15  12  34.990  3  0.341 Tyc-2
2001 11 10   1 44 50.8  21 34 15.8160  -15  12  56.453  3  0.340 Tyc-2
2001 11 11   1 39 24.6  21 34 17.2577  -15  12  46.410  3  0.340 Tyc-2
2001 11 11   1 40 57.4  21 34 17.2839  -15  12  46.376  3  0.340 Tyc-2
2001 11 12   1 35 30.9  21 34 18.9331  -15  12  21.004  3  0.340 Tyc-2
2001 11 16   1 21 30.7  21 34 31.1423  -15  10  38.296  3  0.338 Tyc-2
2001 11 18   1 13 45.6  21 34 38.4111  -15  10  38.906  3  0.338 Tyc-2
2001 11 20   1  4 29.0  21 34 44.9089  -15  10   8.936  3  0.337 Tyc-2
2001  6 19  11 25 31.4  21 48 47.5369  -14   0  46.331  4  0.343 Tyc-2
2001  6 20  11 19 58.4  21 48 43.2451  -14   1  13.321  4  0.343 Tyc-2
2001  6 21  11 15 58.5  21 48 38.6785  -14   1  32.730  4  0.344 Tyc-2
2001  6 22  11 11 58.5  21 48 33.9613  -14   1  44.857  4  0.344 Tyc-2
2001  6 22  11 13 31.3  21 48 33.9672  -14   1  45.006  4  0.344 Tyc-2
2001  6 24  11  3 57.9  21 48 24.4957  -14   1  58.940  4  0.344 Tyc-2
2001  6 27  10 53 28.0  21 48 10.8394  -14   2  49.147  4  0.345 Tyc-2
2001  7  5  10 21 15.9  21 47 25.5562  -14   8  11.785  4  0.347 Tyc-2
2001  7 15   9 39 16.0  21 46 18.2951  -14  14  12.032  4  0.349 Tyc-2
2001  7 16   9 35 12.6  21 46 10.5187  -14  15   4.928  4  0.350 Tyc-2
2001  7 17   9 31  9.1  21 46  2.4000  -14  15  50.857  4  0.350 Tyc-2
2001  7 18   9 28 38.6  21 45 54.0642  -14  16  28.286  4  0.350 Tyc-2
2001  7 19   9 23  1.7  21 45 45.6582  -14  16  58.001  4  0.350 Tyc-2
2001  7 19   9 24 33.9  21 45 45.6495  -14  16  58.136  4  0.350 Tyc-2
2001  7 21   9 14 54.0  21 45 29.0227  -14  17  45.804  4  0.351 Tyc-2
2001  7 22   9 10 50.0  21 45 20.9408  -14  18  11.583  4  0.351 Tyc-2
2001  7 22   9 12 22.8  21 45 20.9370  -14  18  11.765  4  0.351 Tyc-2
2001  7 29   8 42 19.6  21 44 23.8836  -14  24  19.541  4  0.352 Tyc-2
2001  8  1   8 30  5.5  21 43 55.9028  -14  26  38.953  4  0.353 Tyc-2
2001  8  2   8 26  0.7  21 43 46.4494  -14  27  10.257  4  0.353 Tyc-2
2001  8  7   8  7  8.8  21 43  1.8919  -14  30   5.271  4  0.353 Tyc-2
2001  8  8   8  3  3.3  21 42 53.3208  -14  31   2.008  4  0.353 Tyc-2
2001  8 14   7 38 32.9  21 41 56.9655  -14  36  53.450  4  0.354 Tyc-2
2001  8 15   7 34 27.8  21 41 47.0628  -14  37  28.971  4  0.354 Tyc-2
2001  8 16   7 30 22.0  21 41 37.2973  -14  37  58.723  4  0.354 Tyc-2
2001  8 17   7 24 44.3  21 41 27.7893  -14  38  26.626  4  0.354 Tyc-2
2001  8 17   7 26 16.6  21 41 27.7852  -14  38  26.515  4  0.354 Tyc-2
2001  8 18   7 20 39.1  21 41 18.5617  -14  38  56.271  4  0.354 Tyc-2
2001  8 24   6 56  8.1  21 40 25.4212  -14  44  17.216  4  0.354 Tyc-2
2001  8 25   6 53 35.4  21 40 16.0741  -14  45  18.907  4  0.354 Tyc-2
2001  8 26   6 49 30.5  21 40  6.5158  -14  46  13.880  4  0.354 Tyc-2
2001  8 27   6 45 25.9  21 39 56.8429  -14  46  59.964  4  0.354 Tyc-2
2001  8 28   6 39 48.1  21 39 47.1710  -14  47  36.943  4  0.354 Tyc-2
2001  8 30   6 33 10.6  21 39 28.3701  -14  48  32.262  4  0.354 Tyc-2
2001  9  5   6  7 10.5  21 38 38.1604  -14  52  36.648  4  0.354 Tyc-2
2001  9  5   6  8 42.8  21 38 38.1396  -14  52  36.602  4  0.354 Tyc-2
2001  9  7   6  0 35.2  21 38 21.4529  -14  54  36.398  4  0.354 Tyc-2
2001  9  8   5 56 30.8  21 38 12.7909  -14  55  30.301  4  0.354 Tyc-2
2001  9  9   5 50 53.3  21 38  4.0257  -14  56  15.676  4  0.354 Tyc-2
2001  9 16   5 23 59.8  21 37  8.0918  -14  59  18.310  4  0.353 Tyc-2
2001  9 17   5 18 23.6  21 37  1.2700  -14  59  59.595  4  0.353 Tyc-2
2001  9 18   5 14 20.3  21 36 54.4993  -15   0  48.119  4  0.353 Tyc-2
2001  9 19   5 11 50.0  21 36 47.6303  -15   1  40.520  4  0.353 Tyc-2
2001  9 20   5  6 14.2  21 36 40.6550  -15   2  33.237  4  0.352 Tyc-2
2001  9 21   5  3 43.9  21 36 33.5307  -15   3  22.107  4  0.352 Tyc-2
2001  9 22   4 58  8.6  21 36 26.2565  -15   4   3.833  4  0.352 Tyc-2
2001  9 24   4 51 36.2  21 36 11.8149  -15   4  59.789  4  0.352 Tyc-2
2001  9 25   4 47 33.6  21 36  4.8831  -15   5  15.034  4  0.352 Tyc-2
2001  9 26   4 43 31.5  21 35 58.3060  -15   5  26.193  4  0.352 Tyc-2
2001 10  3   4 13 47.9  21 35 21.0714  -15   8  35.665  4  0.350 Tyc-2
2001 10  4   4  9 47.0  21 35 15.9779  -15   9  16.712  4  0.350 Tyc-2
2001 10  4   4 11 20.3  21 35 15.9716  -15   9  16.763  4  0.350 Tyc-2
2001 10  5   4  5 46.2  21 35 10.7490  -15   9  52.267  4  0.350 Tyc-2
2001 10  5   4  7 19.5  21 35 10.7390  -15   9  51.952  4  0.350 Tyc-2
2001 10 10   3 45 44.5  21 34 46.4104  -15  10  45.454  4  0.349 Tyc-2
2001 10 11   3 41 44.7  21 34 42.6384  -15  10  45.912  4  0.349 Tyc-2
2001 10 11   3 43 18.1  21 34 42.6309  -15  10  45.952  4  0.349 Tyc-2
2001 10 13   3 33 45.7  21 34 36.2995  -15  11   3.214  4  0.348 Tyc-2
2001 10 14   3 31 20.4  21 34 33.5633  -15  11  23.115  4  0.348 Tyc-2
2001 10 15   3 27 19.7  21 34 30.9443  -15  11  49.927  4  0.347 Tyc-2
2001 10 17   3 17 49.7  21 34 25.6215  -15  12  50.747  4  0.347 Tyc-2
2001 10 18   3 13 51.1  21 34 22.7909  -15  13  17.035  4  0.347 Tyc-2
2001 10 19   3 11 25.1  21 34 19.9711  -15  13  36.061  4  0.347 Tyc-2
2001 10 20   3  7 32.2  21 34 17.1404  -15  13  45.958  4  0.346 Tyc-2
2001 10 24   2 50  4.0  21 34  8.6737  -15  13  13.881  4  0.345 Tyc-2
2001 11  3   2 10 40.8  21 34  5.9185  -15  14   6.518  4  0.342 Tyc-2
2001 11  4   2  8 18.3  21 34  6.0577  -15  13  49.852  4  0.342 Tyc-2
2001 11  7   1 55  1.1  21 34  8.8584  -15  12  35.495  4  0.341 Tyc-2
2001 11 10   1 44 50.8  21 34 15.4682  -15  11  55.211  4  0.340 Tyc-2
2001 11 16   1 21 30.7  21 34 30.8456  -15  11  39.727  4  0.338 Tyc-2
2001 11 17   1 17 40.7  21 34 33.5356  -15  11  14.419  4  0.338 Tyc-2
2001 11 18   1 13 45.6  21 34 36.5373  -15  10  40.789  4  0.338 Tyc-2
2001 11 20   1  4 29.0  21 34 43.7527  -15   9  23.979  4  0.337 Tyc-2
2002  6 23  11 24 40.6  22  4 11.8079  -12  39  11.107  4  0.335 Tyc-2
2002  6 24  11 20 39.4  22  4  8.1831  -12  39  19.486  4  0.336 Tyc-2
2002  6 27  11  8 39.6  22  3 57.2540  -12  40  37.261  4  0.336 Tyc-2
2002  7  1  10 52 37.6  22  3 39.3246  -12  43  31.266  4  0.337 Tyc-2
2002  7  2  10 50 10.0  22  3 33.9402  -12  44   5.278  4  0.338 Tyc-2
2002  7  8  10 26  0.9  22  2 59.3275  -12  45  58.068  4  0.339 Tyc-2
2002  7  9  10 21 58.7  22  2 53.6927  -12  46  30.113  4  0.339 Tyc-2
2002  7 13  10  5 50.0  22  2 29.6382  -12  49  51.949  4  0.340 Tyc-2
2002  7 20   9 35 56.7  22  1 37.9585  -12  53  54.692  4  0.342 Tyc-2
2002  7 21   9 33 25.2  22  1 30.5345  -12  54  22.718  4  0.342 Tyc-2
2002  7 22   9 29 22.7  22  1 23.2563  -12  54  58.410  4  0.342 Tyc-2
2002  7 23   9 25 17.6  22  1 16.0079  -12  55  42.952  4  0.342 Tyc-2
2002  7 29   8 59 22.7  22  0 28.3889  -13   1  31.125  4  0.344 Tyc-2
2002  8  9   8 16  5.3  21 58 53.3548  -13   9  46.828  4  0.345 Tyc-2
2002  8 10   8 12  0.6  21 58 44.2692  -13  10  51.464  4  0.345 Tyc-2
2002  8 11   8  7 55.6  21 58 34.9120  -13  11  49.181  4  0.346 Tyc-2
2002  8 12   8  3 50.2  21 58 25.3555  -13  12  38.696  4  0.346 Tyc-2
2002  8 13   7 59 45.6  21 58 15.7140  -13  13  19.587  4  0.346 Tyc-2
2002  8 26   7  5  6.7  21 56 16.4142  -13  24   2.305  4  0.347 Tyc-2
2002  8 27   7  2 34.5  21 56  6.7317  -13  24  38.737  4  0.347 Tyc-2
2002  8 30   6 48 46.7  21 55 38.8674  -13  26   8.521  4  0.347 Tyc-2
2002  8 31   6 46 14.5  21 55 30.1067  -13  26  44.909  4  0.347 Tyc-2
2002  9  1   6 42 10.0  21 55 21.5831  -13  27  29.172  4  0.347 Tyc-2
2002  9  2   6 38  5.1  21 55 13.1627  -13  28  21.892  4  0.347 Tyc-2
2002  9  3   6 33 59.5  21 55  4.7756  -13  29  22.221  4  0.347 Tyc-2
2002  9  5   6 25 50.7  21 54 47.6754  -13  31  30.990  4  0.347 Tyc-2
2002  9 14   5 49 11.4  21 53 29.9242  -13  37   6.833  4  0.346 Tyc-2
2002  9 21   5 20 46.4  21 52 37.0128  -13  43   4.527  4  0.346 Tyc-2
2002  9 22   5 16 43.4  21 52 29.1948  -13  43  37.573  4  0.346 Tyc-2
2002  9 25   5  3  1.6  21 52  6.9168  -13  44  36.155  4  0.345 Tyc-2
2002  9 26   5  0 32.2  21 52  0.1469  -13  44  53.284  4  0.345 Tyc-2
2002  9 30   4 42 49.5  21 51 36.0749  -13  47   7.848  4  0.344 Tyc-2
2002 10  4   4 26 42.2  21 51 12.4655  -13  50   5.722  4  0.344 Tyc-2
2002 10  5   4 22 40.7  21 51  6.4118  -13  50  33.515  4  0.344 Tyc-2
2002 10  6   4 20 12.9  21 51  0.4708  -13  50  52.061  4  0.343 Tyc-2
2002 10  9   4  8  9.4  21 50 44.3914  -13  51  13.944  4  0.343 Tyc-2
2002 10 11   3 58 35.4  21 50 35.6336  -13  51  37.556  4  0.342 Tyc-2
2002 10 30   2 44 32.0  21 49 43.9089  -13  56  45.427  4  0.338 Tyc-2
2002 11  2   2 31  9.5  21 49 40.2429  -13  56  52.196  4  0.337 Tyc-2
2002 11  3   2 27 13.3  21 49 39.4433  -13  56  37.330  4  0.337 Tyc-2
2002 11  5   2 19 21.3  21 49 38.9153  -13  55  57.540  4  0.336 Tyc-2
2002 11 14   1 44  7.2  21 49 49.7929  -13  55  47.733  4  0.333 Tyc-2
2002 11 15   1 40 13.3  21 49 51.2865  -13  55  31.301  4  0.333 Tyc-2
2002 11 18   1 30  6.4  21 49 57.3868  -13  54   1.029  4  0.332 Tyc-2
2002 11 19   1 26 12.0  21 50  0.2464  -13  53  28.002  4  0.332 Tyc-2
2002 11 21   1 18 27.3  21 50  7.1771  -13  52  37.907  4  0.331 Tyc-2
2002 11 22   1 13  1.3  21 50 11.0862  -13  52  23.659  4  0.331 Tyc-2
2002  6 24  11 20 39.4  22  4  9.7636  -12  40  21.072  3  0.336 Tyc-2
2002  6 25  11 16 39.6  22  4  5.3881  -12  40  45.634  3  0.336 Tyc-2
2002  7  2  10 50 10.0  22  3 34.1945  -12  43  42.573  3  0.338 Tyc-2
2002  7  8  10 26  0.9  22  2 59.9475  -12  46   6.443  3  0.339 Tyc-2
2002  7  9  10 21 58.7  22  2 54.4635  -12  46  53.407  3  0.339 Tyc-2
2002  7 13  10  5 50.0  22  2 28.3861  -12  49  59.853  3  0.340 Tyc-2
2002  7 20   9 35 56.7  22  1 39.7696  -12  54  40.900  3  0.342 Tyc-2
2002  7 21   9 33 25.2  22  1 31.7748  -12  55  27.171  3  0.342 Tyc-2
2002  7 22   9 29 22.7  22  1 23.5758  -12  55  58.731  3  0.342 Tyc-2
2002  7 29   8 59 22.7  22  0 28.4809  -13   1  18.430  3  0.344 Tyc-2
2002  8  8   8 18 37.3  21 59  1.1504  -13   9   8.758  3  0.345 Tyc-2
2002  8 11   8  7 55.6  21 58 33.5151  -13  10  40.481  3  0.346 Tyc-2
2002  8 12   8  3 50.2  21 58 24.9229  -13  11  28.018  3  0.346 Tyc-2
2002  8 21   7 25 32.1  21 57  2.4274  -13  18  52.907  3  0.346 Tyc-2
2002  8 24   7 14 53.4  21 56 35.4442  -13  22  14.584  3  0.347 Tyc-2
2002  8 25   7 10 44.4  21 56 25.7588  -13  23   6.167  3  0.347 Tyc-2
2002  8 26   7  5  6.7  21 56 16.0042  -13  23  42.687  3  0.347 Tyc-2
2002  8 28   6 58 30.0  21 55 57.3221  -13  24  38.020  3  0.347 Tyc-2
2002  8 30   6 48 46.7  21 55 40.1768  -13  26  11.702  3  0.347 Tyc-2
2002  9  1   6 42 10.0  21 55 22.8146  -13  28  26.449  3  0.347 Tyc-2
2002  9  2   6 38  5.1  21 55 13.6021  -13  29  27.084  3  0.347 Tyc-2
2002  9  3   6 33 59.5  21 55  4.1246  -13  30  12.290  3  0.347 Tyc-2
2002  9 14   5 49 11.4  21 53 29.6557  -13  37  33.628  3  0.346 Tyc-2
2002  9 15   5 43 35.1  21 53 21.8939  -13  38   0.114  3  0.346 Tyc-2
2002  9 21   5 20 46.4  21 52 36.1705  -13  42  44.716  3  0.346 Tyc-2
2002  9 24   5  8 37.2  21 52 14.5015  -13  43  41.131  3  0.345 Tyc-2
2002  9 25   5  3  1.6  21 52  8.1885  -13  44  19.565  3  0.345 Tyc-2
2002  9 30   4 42 49.5  21 51 34.8797  -13  47  46.623  3  0.344 Tyc-2
2002 10  4   4 26 42.2  21 51 12.0199  -13  49   3.156  3  0.344 Tyc-2
2002 10  6   4 20 12.9  21 51  1.6491  -13  50  37.043  3  0.343 Tyc-2
2002 10  8   4 10 37.3  21 50 50.4412  -13  51  37.166  3  0.343 Tyc-2
2002 10 11   3 58 35.4  21 50 35.5418  -13  51  51.508  3  0.342 Tyc-2
2002 10 30   2 44 32.0  21 49 43.0117  -13  55  50.532  3  0.338 Tyc-2
2002 11  1   2 36 38.4  21 49 41.9905  -13  56  32.674  3  0.337 Tyc-2
2002 11  2   2 31  9.5  21 49 41.2047  -13  56  48.486  3  0.337 Tyc-2
2002 11  3   2 27 13.3  21 49 40.2808  -13  56  48.823  3  0.337 Tyc-2
2002 11 15   1 40 13.3  21 49 50.6740  -13  54  28.430  3  0.333 Tyc-2
2002 11 17   1 32 26.0  21 49 56.4194  -13  54   9.806  3  0.332 Tyc-2
2002 11 19   1 26 12.0  21 50  2.1342  -13  54  16.155  3  0.332 Tyc-2
2002 11 21   1 18 27.3  21 50  7.2804  -13  53  39.827  3  0.331 Tyc-2
2002 11 24   1  6 49.9  21 50 17.7295  -13  51  46.542  3  0.330 Tyc-2
2003  6 28  11 21  7.4  22 19 23.4992  -11  16  28.679  4  0.327 Tyc-2
2003  6 29  11 17  7.7  22 19 19.7273  -11  17   7.527  4  0.328 Tyc-2
2003  6 30  11 14 41.9  22 19 15.5669  -11  17  40.451  4  0.328 Tyc-2
2003  7  1  11  9  7.9  22 19 11.0845  -11  18   6.138  4  0.328 Tyc-2
2003  7  2  11  6 40.2  22 19  6.3606  -11  18  24.085  4  0.329 Tyc-2
2003  7  5  10 54 38.9  22 18 51.6426  -11  18  57.517  4  0.329 Tyc-2
2003  7  6  10 50 38.7  22 18 46.7710  -11  19  13.992  4  0.330 Tyc-2
2003  7  7  10 46 37.7  22 18 41.9318  -11  19  38.339  4  0.330 Tyc-2
2003  8  5   8 47 42.0  22 15 20.4309  -11  39  36.584  4  0.336 Tyc-2
2003  8 21   7 43 59.6  22 12 59.6938  -11  53  43.551  4  0.338 Tyc-2
2003  8 22   7 39 55.9  22 12 50.5925  -11  54  49.787  4  0.338 Tyc-2
2003  8 31   7  1 36.6  22 11 27.3289  -12   1  15.486  4  0.339 Tyc-2
2003  9  1   6 59  4.3  22 11 18.7454  -12   2  15.812  4  0.339 Tyc-2
2003  9 11   6 18 16.8  22  9 49.2724  -12  10  20.113  4  0.339 Tyc-2
2003  9 12   6 14 14.1  22  9 40.9354  -12  10  56.005  4  0.339 Tyc-2
2003  9 13   6 10  8.8  22  9 32.8443  -12  11  39.492  4  0.339 Tyc-2
2003  9 14   6  6  4.5  22  9 24.9237  -12  12  31.206  4  0.339 Tyc-2
2003  9 15   6  2  0.3  22  9 17.1001  -12  13  30.255  4  0.339 Tyc-2
2003  9 17   5 52 19.2  22  9  1.2449  -12  15  35.581  4  0.339 Tyc-2
2003  9 18   5 49 48.4  22  8 53.1358  -12  16  34.238  4  0.339 Tyc-2
2003  9 19   5 45 44.5  22  8 44.9134  -12  17  25.935  4  0.339 Tyc-2
2003  9 26   5 17 19.0  22  7 50.4463  -12  20  48.361  4  0.338 Tyc-2
2003  9 27   5 11 44.0  22  7 43.7510  -12  21  28.245  4  0.338 Tyc-2
2003  9 28   5  9 14.2  22  7 37.2013  -12  22  15.523  4  0.338 Tyc-2
2003 10  1   4 57  5.9  22  7 17.6358  -12  24  55.398  4  0.337 Tyc-2
2003 10  4   4 44 58.6  22  6 57.5410  -12  26  48.180  4  0.337 Tyc-2
2003 10  9   4 24 50.6  22  6 27.5402  -12  28   4.167  4  0.336 Tyc-2
2003 10 12   4 12 47.0  22  6 13.2273  -12  29  41.767  4  0.335 Tyc-2
2003 10 14   4  3 12.7  22  6  4.0510  -12  31   6.985  4  0.335 Tyc-2
2003 10 15   3 59 12.2  22  5 59.4101  -12  31  45.017  4  0.335 Tyc-2
2003 10 18   3 48 45.2  22  5 45.4765  -12  32  49.805  4  0.334 Tyc-2
2003 10 19   3 43 11.9  22  5 41.0951  -12  32  54.257  4  0.334 Tyc-2
2003 10 21   3 35 12.7  22  5 33.3475  -12  32  53.818  4  0.334 Tyc-2
2003 10 22   3 32 46.2  22  5 30.0594  -12  32  56.361  4  0.333 Tyc-2
2003 10 23   3 27 14.3  22  5 27.1408  -12  33   5.004  4  0.333 Tyc-2
2003 10 24   3 23 15.3  22  5 24.5293  -12  33  21.352  4  0.333 Tyc-2
2003 10 25   3 19 16.5  22  5 22.1543  -12  33  44.805  4  0.333 Tyc-2
2003 10 29   3  5  1.4  22  5 13.1178  -12  35  32.264  4  0.332 Tyc-2
2003 11  5   2 37 14.2  22  5  1.8591  -12  34  55.363  4  0.330 Tyc-2
2003 11  6   2 31 45.7  22  5  1.6423  -12  34  53.629  4  0.329 Tyc-2
2003 11 10   2 17 33.9  22  5  2.6089  -12  35  41.965  4  0.328 Tyc-2
2003 11 18   1 46 14.7  22  5  9.0330  -12  33  49.260  4  0.326 Tyc-2
2003 11 19   1 40 48.6  22  5 11.2507  -12  33  30.196  4  0.326 Tyc-2
2003 11 20   1 36 54.7  22  5 13.8099  -12  33  17.868  4  0.325 Tyc-2
2003 11 24   1 21 21.5  22  5 25.4377  -12  33  11.908  4  0.324 Tyc-2
2003  6 29  11 17  7.7  22 19 18.1911  -11  16   8.004  3  0.328 Tyc-2
2003  6 30  11 14 41.9  22 19 14.5890  -11  16  32.134  3  0.328 Tyc-2
2003  7  3  11  2 39.6  22 19  2.6311  -11  18  44.668  3  0.329 Tyc-2
2003  7  4  10 58 40.9  22 18 57.7466  -11  19  19.209  3  0.329 Tyc-2
2003  7  5  10 54 38.9  22 18 52.5332  -11  19  39.537  3  0.329 Tyc-2
2003  7  7  10 46 37.7  22 18 41.8969  -11  19  59.728  3  0.330 Tyc-2
2003  8  3   8 57 23.6  22 15 36.3614  -11  38   0.198  3  0.336 Tyc-2
2003  8  4   8 51 46.3  22 15 28.4716  -11  38  48.332  3  0.336 Tyc-2
2003  8 21   7 43 59.6  22 12 58.3619  -11  52  56.036  3  0.338 Tyc-2
2003  8 22   7 39 55.9  22 12 49.7574  -11  53  55.727  3  0.338 Tyc-2
2003  8 31   7  1 36.6  22 11 27.8581  -12   1  36.464  3  0.339 Tyc-2
2003  9 11   6 18 16.8  22  9 50.9720  -12  11  14.676  3  0.339 Tyc-2
2003  9 12   6 14 14.1  22  9 42.0575  -12  12   5.160  3  0.339 Tyc-2
2003  9 13   6 10  8.8  22  9 33.0653  -12  12  39.972  3  0.339 Tyc-2
2003  9 15   6  2  0.3  22  9 15.8363  -12  13  29.747  3  0.339 Tyc-2
2003  9 16   5 56 23.2  22  9  7.9022  -12  14   4.681  3  0.339 Tyc-2
2003  9 17   5 52 19.2  22  9  0.2675  -12  14  54.317  3  0.339 Tyc-2
2003  9 19   5 45 44.5  22  8 44.9475  -12  17   0.460  3  0.338 Tyc-2
2003  9 20   5 41 40.3  22  8 36.8954  -12  17  56.971  3  0.338 Tyc-2
2003  9 28   5  9 14.2  22  7 37.7093  -12  23   3.402  3  0.338 Tyc-2
2003  9 29   5  3 38.3  22  7 30.5366  -12  23  50.726  3  0.338 Tyc-2
2003  9 30   5  1  8.6  22  7 23.2551  -12  24  22.404  3  0.337 Tyc-2
2003 10  4   4 44 58.6  22  6 57.2521  -12  25  41.875  3  0.337 Tyc-2
2003 10 12   4 12 47.0  22  6 12.1345  -12  29  32.506  3  0.335 Tyc-2
2003 10 13   4  7 13.4  22  6  7.7416  -12  29  59.762  3  0.335 Tyc-2
2003 10 16   3 56 45.3  22  5 54.6725  -12  32   3.073  3  0.335 Tyc-2
2003 10 17   3 52 45.0  22  5 49.9826  -12  32  27.165  3  0.334 Tyc-2
2003 10 18   3 48 45.2  22  5 45.3443  -12  32  36.159  3  0.334 Tyc-2
2003 10 20   3 40 46.1  22  5 37.2577  -12  32  33.415  3  0.334 Tyc-2
2003 10 21   3 35 12.7  22  5 33.9733  -12  32  42.827  3  0.333 Tyc-2
2003 10 22   3 32 46.2  22  5 31.1138  -12  33   5.949  3  0.333 Tyc-2
2003 10 24   3 23 15.3  22  5 25.4980  -12  34  15.093  3  0.333 Tyc-2
2003 10 25   3 19 16.5  22  5 22.4340  -12  34  41.923  3  0.333 Tyc-2
2003 10 26   3 15 17.9  22  5 19.2659  -12  34  53.263  3  0.332 Tyc-2
2003 10 29   3  5  1.4  22  5 11.5661  -12  34  31.192  3  0.332 Tyc-2
2003 11 16   1 54  3.4  22  5  6.1976  -12  34  15.336  3  0.327 Tyc-2
2003 11 20   1 36 54.7  22  5 14.6274  -12  34  21.928  3  0.325 Tyc-2
2003 11 24   1 21 21.5  22  5 23.7152  -12  32  26.534  3  0.324 Tyc-2
2004  6 30  11 25 23.6  22 34 28.1386   -9  49   4.807  3  0.319 Tyc-2
2004  7  3  11 13 24.9  22 34 17.7585   -9  51   9.987  3  0.320 Tyc-2
2004  7 21  10  2 34.6  22 32 42.1499  -10   1   9.531  3  0.324 Tyc-2
2004  7 24   9 48 55.5  22 32 20.8609  -10   2  25.294  3  0.325 Tyc-2
2004  7 25   9 46 23.9  22 32 13.9476  -10   2  55.385  3  0.325 Tyc-2
2004  7 29   9 28 40.2  22 31 46.1610  -10   6  47.458  3  0.326 Tyc-2
2004  7 30   9 26  8.1  22 31 38.4026  -10   7  35.847  3  0.326 Tyc-2
2004  7 31   9 22  4.7  22 31 30.3673  -10   8  10.063  3  0.326 Tyc-2
2004  8  4   9  5 49.9  22 30 58.9806  -10  10  36.364  3  0.327 Tyc-2
2004  8 11   8 37 20.8  22 30  0.4448  -10  16  20.202  3  0.328 Tyc-2
2004  8 12   8 31 45.0  22 29 52.1390  -10  17   5.963  3  0.328 Tyc-2
2004  8 24   7 42 48.4  22 28  6.9973  -10  28  25.032  3  0.330 Tyc-2
2004  8 26   7 36 10.0  22 27 48.2589  -10  30   7.525  3  0.330 Tyc-2
2004  8 28   7 26 28.7  22 27 29.5073  -10  31  12.063  3  0.330 Tyc-2
2004  9  3   7  3 30.7  22 26 36.3640  -10  37  13.548  3  0.331 Tyc-2
2004  9  6   6 51 16.3  22 26  8.5514  -10  38  54.718  3  0.331 Tyc-2
2004  9  7   6 47 11.5  22 25 59.8641  -10  39  37.783  3  0.331 Tyc-2
2004  9 11   6 29 21.4  22 25 25.8144  -10  43  58.798  3  0.331 Tyc-2
2004  9 12   6 25 16.9  22 25 16.7684  -10  44  46.026  3  0.331 Tyc-2
2004  9 15   6 14 35.1  22 24 50.3028  -10  46  17.124  3  0.331 Tyc-2
2004  9 16   6  8 59.3  22 24 42.1976  -10  47   0.924  3  0.331 Tyc-2
2004  9 21   5 50 10.5  22 24  1.6788  -10  51  46.155  3  0.330 Tyc-2
2004 10  2   5  4  2.4  22 22 39.2661  -10  58  36.101  3  0.329 Tyc-2
2004 10  7   4 45 22.0  22 22  8.0684  -11   2  21.552  3  0.329 Tyc-2
2004 10  8   4 39 48.4  22 22  1.6162  -11   2  55.830  3  0.329 Tyc-2
2004 10 13   4 19 40.5  22 21 33.0262  -11   4  37.771  3  0.328 Tyc-2
2004 10 15   4 11 38.4  22 21 23.3653  -11   6  12.482  3  0.327 Tyc-2
2004 10 16   4  7 37.5  22 21 18.3080  -11   6  50.323  3  0.327 Tyc-2
2004 10 26   3 27 38.4  22 20 37.6785  -11  10  11.119  3  0.325 Tyc-2
2004 10 30   3 11 43.5  22 20 26.3484  -11  10  14.963  3  0.324 Tyc-2
2004 11  4   2 53 26.5  22 20 16.5118  -11  11  45.906  3  0.323 Tyc-2
2004 11 24   1 33 23.8  22 20 24.1940  -11   9  25.122  3  0.317 Tyc-2
2004 11 25   1 29 30.3  22 20 26.9900  -11   9   7.150  3  0.317 Tyc-2
2004 12  3   0 58 29.3  22 20 53.0896  -11   6  17.163  3  0.315 Tyc-2
2004 12  4   0 56  9.1  22 20 57.6423  -11   5  53.809  3  0.314 Tyc-2
2004  6 30  11 25 23.6  22 34 28.1821   -9  49  52.824  4  0.319 Tyc-2
2004  7  3  11 13 24.9  22 34 16.3219   -9  50  13.541  4  0.320 Tyc-2
2004  7 10  10 46 52.6  22 33 46.5218   -9  54  34.434  4  0.321 Tyc-2
2004  7 19  10 10 38.7  22 32 54.1557   -9  58  42.391  4  0.324 Tyc-2
2004  7 24   9 48 55.5  22 32 22.3088  -10   3  19.751  4  0.325 Tyc-2
2004  7 25   9 46 23.9  22 32 15.1370  -10   4   5.989  4  0.325 Tyc-2
2004  7 30   9 26  8.1  22 31 37.1779  -10   6  37.231  4  0.326 Tyc-2
2004  7 31   9 22  4.7  22 31 29.6326  -10   7  13.280  4  0.326 Tyc-2
2004  8  1   9 18  1.1  22 31 22.1849  -10   7  57.934  4  0.326 Tyc-2
2004  8 22   7 50 58.1  22 28 24.5920  -10  26  51.842  4  0.330 Tyc-2
2004  8 23   7 46 53.3  22 28 15.1802  -10  27  31.901  4  0.330 Tyc-2
2004  8 26   7 36 10.0  22 27 47.3679  -10  29  17.135  4  0.330 Tyc-2
2004  8 27   7 32  5.1  22 27 38.4239  -10  29  59.633  4  0.330 Tyc-2
2004  8 28   7 26 28.7  22 27 29.6553  -10  30  50.127  4  0.330 Tyc-2
2004  9  4   6 59 25.9  22 26 27.5002  -10  38  15.368  4  0.331 Tyc-2
2004  9 11   6 29 21.4  22 25 24.9112  -10  42  50.666  4  0.331 Tyc-2
2004  9 12   6 25 16.9  22 25 16.6622  -10  43  50.429  4  0.331 Tyc-2
2004  9 12   6 26 48.4  22 25 16.6558  -10  43  50.466  4  0.331 Tyc-2
2004  9 15   6 14 35.1  22 24 51.8539  -10  47   8.725  4  0.331 Tyc-2
2004  9 16   6  8 59.3  22 24 43.4054  -10  48   8.273  4  0.331 Tyc-2
2004  9 18   6  2 22.4  22 24 26.1529  -10  49  41.474  4  0.331 Tyc-2
2004  9 22   5 46  6.6  22 23 52.7767  -10  51  37.545  4  0.330 Tyc-2
2004  9 23   5 42  2.9  22 23 45.0560  -10  52  11.456  4  0.330 Tyc-2
2004 10  1   5  8  5.1  22 22 47.2401  -10  58  57.500  4  0.330 Tyc-2
2004 10  2   5  4  2.4  22 22 39.9456  -10  59  26.717  4  0.330 Tyc-2
2004 10  6   4 47 52.5  22 22 12.8092  -11   0  45.390  4  0.329 Tyc-2
2004 10  7   4 45 22.0  22 22  6.7829  -11   1  13.010  4  0.329 Tyc-2
2004 10  8   4 39 48.4  22 22  1.0519  -11   1  48.575  4  0.329 Tyc-2
2004 10  9   4 37 20.4  22 21 55.5120  -11   2  31.301  4  0.328 Tyc-2
2004 10 13   4 19 40.5  22 21 33.8241  -11   5  36.136  4  0.328 Tyc-2
2004 10 14   4 17 10.9  22 21 28.3217  -11   6   8.422  4  0.328 Tyc-2
2004 10 15   4 11 38.4  22 21 22.8639  -11   6  30.688  4  0.328 Tyc-2
2004 10 16   4  7 37.5  22 21 17.5334  -11   6  44.469  4  0.327 Tyc-2
2004 10 26   3 27 38.4  22 20 38.6037  -11  10  19.084  4  0.325 Tyc-2
2004 11  1   3  5 18.8  22 20 21.1070  -11  10  43.301  4  0.324 Tyc-2
2004 11  4   2 53 26.5  22 20 16.3377  -11  10  49.591  4  0.323 Tyc-2
2004 11 24   1 33 23.8  22 20 25.1796  -11  10  30.032  4  0.318 Tyc-2
2004 12  1   1  7 45.0  22 20 45.6240  -11   6  57.767  4  0.315 Tyc-2
2005  8 14   8 40  4.8  22 45  5.6200   -8  47  10.653  4  0.319 Tyc-2
2005  8 17   8 27 51.8  22 44 41.1812   -8  50  36.957  4  0.320 Tyc-2
2005  8 18   8 25 21.2  22 44 32.7148   -8  51  44.049  4  0.320 Tyc-2
2005  8 25   7 55 14.9  22 43 29.8540   -8  56  48.307  4  0.321 Tyc-2
2005  8 26   7 52 44.0  22 43 21.0540   -8  57  36.427  4  0.321 Tyc-2
2005  8 27   7 47  5.4  22 43 12.3919   -8  58  33.235  4  0.321 Tyc-2
2005  8 28   7 44 34.1  22 43  3.7942   -8  59  38.143  4  0.321 Tyc-2
2005  8 31   7 32 20.1  22 42 37.7773   -9   3  12.864  4  0.321 Tyc-2
2005  9  1   7 26 41.2  22 42 28.8131   -9   4  18.256  4  0.322 Tyc-2
2005  9 23   5 57  0.6  22 39 16.4504   -9  21  53.781  4  0.322 Tyc-2
2005  9 29   5 32 38.1  22 38 30.4008   -9  27  45.695  4  0.322 Tyc-2
2005 10  6   5  5 50.5  22 37 38.8117   -9  31  13.995  4  0.321 Tyc-2
2005 10  7   5  0 13.8  22 37 32.4263   -9  31  59.496  4  0.321 Tyc-2
2005 10 11   4 44  4.6  22 37  7.8033   -9  35  30.050  4  0.320 Tyc-2
2005 10 24   3 53 25.6  22 36  0.0846   -9  41  38.395  4  0.318 Tyc-2
2005 11  3   3 11 57.5  22 35 25.5907   -9  43  35.781  4  0.316 Tyc-2
2005 11  6   3  0  3.2  22 35 19.9677   -9  44  57.345  4  0.315 Tyc-2
2005 11  8   2 53 41.5  22 35 16.5000   -9  45  34.642  4  0.315 Tyc-2
2005 11 13   2 32 22.9  22 35  9.6439   -9  44  54.204  4  0.314 Tyc-2
2005 11 14   2 30  0.4  22 35  9.1036   -9  44  42.020  4  0.313 Tyc-2
2005 11 15   2 24 30.3  22 35  8.9250   -9  44  35.418  4  0.313 Tyc-2
2005 11 22   1 57  2.0  22 35 13.3175   -9  45  18.016  4  0.311 Tyc-2
2005 11 28   1 35 10.3  22 35 22.1288   -9  42  46.414  4  0.309 Tyc-2
2005 11 29   1 29 43.0  22 35 24.7071   -9  42  28.326  4  0.309 Tyc-2
2005 11 30   1 25 49.6  22 35 27.6050   -9  42  17.506  4  0.309 Tyc-2
2005 12  1   1 21 56.4  22 35 30.7109   -9  42  12.332  4  0.309 Tyc-2
2005 12  4   1 10 18.1  22 35 40.7470   -9  41  58.271  4  0.308 Tyc-2
2005 12  5   1  6 25.7  22 35 44.1749   -9  41  42.770  4  0.308 Tyc-2
2005 12  6   1  4  7.1  22 35 47.6263   -9  41  17.370  4  0.307 Tyc-2
2005  8 16   8 31 56.2  22 44 49.6289   -8  49  52.737  3  0.320 Tyc-2
2005  8 17   8 27 51.8  22 44 40.9721   -8  50  49.011  3  0.320 Tyc-2
2005  8 18   8 25 21.2  22 44 32.0562   -8  51  30.531  3  0.320 Tyc-2
2005  8 22   8  7 29.0  22 43 56.9227   -8  54  17.569  3  0.320 Tyc-2
2005  8 25   7 55 14.9  22 43 31.2396   -8  57  52.086  3  0.321 Tyc-2
2005  8 26   7 52 44.0  22 43 22.1205   -8  58  46.182  3  0.321 Tyc-2
2005  8 29   7 40 29.4  22 42 54.3439   -9   0  34.139  3  0.321 Tyc-2
2005  8 30   7 34 50.9  22 42 45.5138   -9   1  22.248  3  0.321 Tyc-2
2005  8 31   7 32 20.1  22 42 36.8963   -9   2  25.537  3  0.321 Tyc-2
2005  9 26   5 44 49.0  22 38 52.7748   -9  24  26.769  3  0.322 Tyc-2
2005  9 29   5 32 38.1  22 38 30.3513   -9  27  33.526  3  0.322 Tyc-2
2005 10  3   5 16 25.1  22 37 59.6958   -9  29  29.023  3  0.321 Tyc-2
2005 10  7   5  0 13.8  22 37 33.2379   -9  32  52.668  3  0.321 Tyc-2
2005 10  8   4 57 45.0  22 37 26.5589   -9  33  40.253  3  0.321 Tyc-2
2005 10 22   4  1 24.6  22 36  7.7970   -9  39  59.845  3  0.319 Tyc-2
2005 10 29   3 31 51.7  22 35 39.7504   -9  42  31.493  3  0.317 Tyc-2
2005 10 30   3 29 26.4  22 35 36.6180   -9  42  41.004  3  0.317 Tyc-2
2005 10 31   3 25 27.3  22 35 33.9432   -9  43   4.456  3  0.317 Tyc-2
2005 11  3   3 11 57.5  22 35 26.3583   -9  44  37.302  3  0.316 Tyc-2
2005 11  4   3  9 33.3  22 35 23.6812   -9  44  47.067  3  0.316 Tyc-2
2005 11  8   2 53 41.5  22 35 15.3720   -9  44  26.380  3  0.315 Tyc-2
2005 11 13   2 32 22.9  22 35 10.5369   -9  45  38.704  3  0.314 Tyc-2
2005 11 22   1 57  2.0  22 35 12.7619   -9  44  57.850  3  0.311 Tyc-2
2005 11 25   1 46 52.1  22 35 16.4103   -9  43  37.182  3  0.310 Tyc-2
2005 11 26   1 42 57.9  22 35 18.5714   -9  43  28.542  3  0.310 Tyc-2
2005 11 29   1 29 43.0  22 35 25.8173   -9  43  34.118  3  0.309 Tyc-2
2005 11 30   1 25 49.6  22 35 28.1046   -9  43  17.651  3  0.309 Tyc-2
2005 12  4   1 10 18.1  22 35 39.5045   -9  40  58.598  3  0.308 Tyc-2
2005 12  5   1  6 25.7  22 35 43.3854   -9  40  43.618  3  0.307 Tyc-2
2006  7 10  11 17 31.0  23  3 59.0045   -6  51  32.659  4  0.302 Tyc-2
2006  7 13  11  7  5.8  23  3 46.5424   -6  51  59.706  4  0.302 Tyc-2
2006  7 16  10 53 31.2  23  3 33.5152   -6  53  14.012  4  0.303 Tyc-2
2006  7 24  10 22 57.1  23  2 53.1498   -6  58  42.725  4  0.305 Tyc-2
2006  8  2   9 46 37.5  23  1 56.7053   -7   4  49.047  4  0.307 Tyc-2
2006  8  3   9 41  0.8  23  1 49.9949   -7   5  47.380  4  0.307 Tyc-2
2006  8  5   9 32 55.0  23  1 35.7935   -7   7  23.449  4  0.308 Tyc-2
2006  8  6   9 28 51.9  23  1 28.3142   -7   8   0.270  4  0.308 Tyc-2
2006  8 18   8 40  7.6  22 59 54.7899   -7  18   6.883  4  0.310 Tyc-2
2006  8 19   8 36  3.4  22 59 46.2567   -7  18  53.586  4  0.310 Tyc-2
2006  8 20   8 31 59.2  22 59 37.5496   -7  19  32.777  4  0.311 Tyc-2
2006  8 29   7 56 54.1  22 58 20.0992   -7  27  36.599  4  0.312 Tyc-2
2006  8 30   7 51 14.5  22 58 11.4461   -7  28  45.483  4  0.312 Tyc-2
2006  8 31   7 47  9.0  22 58  2.6163   -7  29  47.670  4  0.312 Tyc-2
2006  9  2   7 40 33.3  22 57 44.4341   -7  31  26.666  4  0.312 Tyc-2
2006  9  5   7 28 18.9  22 57 16.7879   -7  33  19.123  4  0.312 Tyc-2
2006  9 12   6 59 45.7  22 56 15.7653   -7  40  31.577  4  0.313 Tyc-2
2006  9 14   6 50  2.4  22 55 58.1924   -7  42  32.345  4  0.313 Tyc-2
2006  9 16   6 41 53.1  22 55 40.1876   -7  43  59.444  4  0.313 Tyc-2
2006  9 19   6 29 39.5  22 55 13.3634   -7  45  45.917  4  0.313 Tyc-2
2006  9 20   6 27  8.9  22 55  4.7473   -7  46  28.659  4  0.313 Tyc-2
2006  9 25   6  5 13.7  22 54 24.1419   -7  51  39.688  4  0.313 Tyc-2
2006  9 26   6  1  9.6  22 54 16.1131   -7  52  42.990  4  0.313 Tyc-2
2006  9 27   5 57  5.6  22 54  7.9900   -7  53  39.180  4  0.313 Tyc-2
2006  9 28   5 54 35.9  22 53 59.8039   -7  54  25.917  4  0.313 Tyc-2
2006 10  2   5 36 46.8  22 53 27.3020   -7  56  30.919  4  0.313 Tyc-2
2006 10  3   5 34 17.1  22 53 19.5989   -7  57   3.574  4  0.313 Tyc-2
2006 10 22   4 15 59.0  22 51 18.6663   -8   9  52.022  4  0.311 Tyc-2
2006 10 23   4 12 38.4  22 51 13.7556   -8  10  35.075  4  0.311 Tyc-2
2006 10 24   4  8 31.4  22 51  8.8160   -8  11  10.395  4  0.310 Tyc-2
2006 10 29   3 47 55.4  22 50 45.1918   -8  12  13.653  4  0.310 Tyc-2
2006 11  5   3 19 59.9  22 50 22.3712   -8  15  12.416  4  0.308 Tyc-2
2006 11  7   3 12 20.7  22 50 17.0052   -8  15  53.848  4  0.308 Tyc-2
2006 11  9   3  4  6.3  22 50 11.8265   -8  15  58.825  4  0.307 Tyc-2
2006 11 18   2 28 31.3  22 50  0.5953   -8  16  44.185  4  0.305 Tyc-2
2006 11 19   2 24 35.0  22 50  0.3588   -8  16  57.613  4  0.305 Tyc-2
2006 11 27   1 53 11.6  22 50  2.9027   -8  15   2.439  4  0.303 Tyc-2
2006 12  3   1 29 47.0  22 50 15.3071   -8  14  54.589  4  0.301 Tyc-2
2006 12  9   1  6 29.3  22 50 31.7114   -8  11  46.724  4  0.299 Tyc-2
2006 12 12   0 57  2.4  22 50 43.5127   -8  10  26.544  4  0.298 Tyc-2
2007  7 19  10 57 25.5  23 18 18.4950   -5  21  40.150  4  0.293 Tyc-2
2007  7 26  10 30 50.6  23 17 43.2642   -5  24  20.438  4  0.295 Tyc-2
2007  8 24   8 33 25.8  23 14 18.6336   -5  46  34.748  4  0.301 Tyc-2
2007  8 25   8 28 26.7  23 14 10.4783   -5  47  40.115  4  0.301 Tyc-2
2007  9  4   7 47 58.7  23 12 43.9269   -5  56  43.559  4  0.303 Tyc-2
2007  9  5   7 43 41.1  23 12 34.9689   -5  57  30.785  4  0.303 Tyc-2
2007  9 10   7 24 17.6  23 11 51.7895   -6   3   9.674  4  0.303 Tyc-2
2007  9 12   7 14 28.3  23 11 34.3695   -6   5  21.466  4  0.303 Tyc-2
2007  9 19   6 47 31.4  23 10 31.2435   -6  10  26.047  4  0.304 Tyc-2
2007  9 21   6 37 46.4  23 10 14.2505   -6  12  29.649  4  0.304 Tyc-2
2007 10  3   5 49 18.7  23  8 34.2542   -6  22  29.910  4  0.304 Tyc-2
2007 10  7   5 32 41.6  23  8  4.5130   -6  26  37.310  4  0.304 Tyc-2
2007 10  8   5 29 44.6  23  7 57.2271   -6  27  36.961  4  0.304 Tyc-2
2007 10 21   4 36  4.5  23  6 30.0359   -6  36  13.966  4  0.302 Tyc-2
2007 11  6   3 33 35.9  23  5 15.1599   -6  43  38.232  4  0.300 Tyc-2
2007 11 13   3  5 34.5  23  4 54.4656   -6  44   9.536  4  0.298 Tyc-2
2007 11 14   3  0  6.2  23  4 52.6528   -6  44  30.659  4  0.298 Tyc-2
2007 11 17   2 49 53.4  23  4 48.4273   -6  45  46.300  4  0.297 Tyc-2
2007 11 18   2 46  6.5  23  4 47.2334   -6  46   2.662  4  0.297 Tyc-2
2007 12 15   0 58 41.2  23  5 22.3229   -6  41  12.319  4  0.290 Tyc-2
2007  7 19  10 57 25.5  23 18 17.3873   -5  20  39.446  3  0.293 Tyc-2
2007  7 26  10 30 50.6  23 17 43.5573   -5  24  36.148  3  0.295 Tyc-2
2007  9  4   7 47 58.7  23 12 45.0301   -5  57  43.359  3  0.303 Tyc-2
2007  9  5   7 43 41.1  23 12 36.1848   -5  58  38.289  3  0.303 Tyc-2
2007  9  9   7 28 34.8  23 11 59.6995   -6   1  23.601  3  0.303 Tyc-2
2007  9 10   7 24 17.6  23 11 51.0406   -6   2  29.441  3  0.303 Tyc-2
2007  9 12   7 14 28.3  23 11 34.0136   -6   5   0.891  3  0.303 Tyc-2
2007  9 21   6 37 46.4  23 10 15.0874   -6  13  18.407  3  0.304 Tyc-2
2007  9 30   6  2 14.6  23  8 59.4850   -6  21   9.259  3  0.304 Tyc-2
2007 10 13   5  9  3.9  23  7 20.1902   -6  30  14.382  3  0.303 Tyc-2
2007 10 19   4 44  8.3  23  6 41.8749   -6  34  59.310  3  0.303 Tyc-2
2007 11  8   3 24 28.5  23  5  7.6086   -6  43  12.981  3  0.299 Tyc-2
2007 11  9   3 21 28.3  23  5  4.6089   -6  43  22.647  3  0.299 Tyc-2
2007 11 13   3  5 34.5  23  4 55.5751   -6  45  14.418  3  0.298 Tyc-2
2007 11 14   3  0  6.2  23  4 53.3780   -6  45  21.977  3  0.298 Tyc-2
2007 11 17   2 49 53.4  23  4 47.3470   -6  44  53.714  3  0.297 Tyc-2
2007 11 18   2 46  6.5  23  4 46.0408   -6  44  57.064  3  0.297 Tyc-2
2007 12 15   0 58 41.2  23  5 21.3591   -6  40  16.215  3  0.290 Tyc-2
2008  7 17  11 17 13.9  23 33 12.9648   -3  45  56.981  4  0.283 Tyc-2
2008  7 24  10 49 52.7  23 32 43.5026   -3  47  56.406  4  0.284 Tyc-2
2008  8  1  10 17 19.2  23 32  3.8163   -3  53  54.202  4  0.286 Tyc-2
2008  8 20   9  0 29.5  23 29 52.3916   -4   6  56.793  4  0.290 Tyc-2
2008  9  2   8  7 28.6  23 28  5.1472   -4  18  37.713  4  0.292 Tyc-2
2008  9  3   8  5 15.9  23 27 56.3340   -4  19  29.881  4  0.292 Tyc-2
2008  9  4   7 59 12.3  23 27 47.6970   -4  20  30.405  4  0.292 Tyc-2
2008  9 13   7 22 57.2  23 26 29.3194   -4  29  33.747  4  0.294 Tyc-2
2008  9 20   6 54 47.7  23 25 27.6696   -4  36   6.140  4  0.294 Tyc-2
2008  9 29   6 17 17.1  23 24  9.7236   -4  43  37.855  4  0.294 Tyc-2
2008 10  1   6 10 50.5  23 23 52.9758   -4  45  22.795  4  0.294 Tyc-2
2008 10 25   4 31 55.6  23 21  1.6432   -5   3  13.207  4  0.293 Tyc-2
2008 10 26   4 28 37.9  23 20 55.7009   -5   3  35.637  4  0.293 Tyc-2
2008 10 28   4 21 35.0  23 20 44.6917   -5   4  41.654  4  0.292 Tyc-2
2008 11  2   4  0 30.3  23 20 21.2503   -5   8  21.789  4  0.292 Tyc-2
2008 11  6   3 44 31.4  23 20  3.6155   -5   9  23.238  4  0.291 Tyc-2
2008 11 16   3  3 56.5  23 19 33.6297   -5  12  53.512  4  0.289 Tyc-2
2008 11 17   3  1 37.4  23 19 31.5081   -5  13   2.136  4  0.289 Tyc-2
2008 11 18   2 56  0.7  23 19 29.4199   -5  13   1.604  4  0.289 Tyc-2
2008 11 22   2 40 21.4  23 19 22.3839   -5  12  26.647  4  0.288 Tyc-2
2008 11 23   2 36 14.2  23 19 21.2955   -5  12  26.437  4  0.288 Tyc-2
2008 11 24   2 33 47.6  23 19 20.5308   -5  12  33.224  4  0.287 Tyc-2
2008 12 10   1 29 35.2  23 19 33.6956   -5  11   6.067  4  0.283 Tyc-2
2008  7 17  11 17 13.9  23 33 12.0595   -3  44  56.632  3  0.282 Tyc-2
2008  7 27  10 38 42.5  23 32 29.2198   -3  49  43.880  3  0.285 Tyc-2
2008  8 10   9 40 49.4  23 31  6.9028   -3  59  53.241  3  0.288 Tyc-2
2008  8 11   9 37 29.3  23 30 59.5453   -4   0  18.661  3  0.288 Tyc-2
2008  9  3   8  5 15.9  23 27 57.4005   -4  20  32.718  3  0.292 Tyc-2
2008  9  4   7 59 12.3  23 27 48.9778   -4  21  36.588  3  0.293 Tyc-2
2008  9 26   6 31  0.2  23 24 35.1564   -4  41   4.420  3  0.294 Tyc-2
2008  9 27   6 26 55.8  23 24 26.7618   -4  42   7.189  3  0.294 Tyc-2
2008  9 29   6 17 17.1  23 24 10.5887   -4  44  32.829  3  0.294 Tyc-2
2008 10  1   6 10 50.5  23 23 54.1942   -4  46  24.958  3  0.294 Tyc-2
2008 10 17   5  4 32.6  23 21 52.7420   -4  58  57.697  3  0.294 Tyc-2
2008 10 26   4 28 37.9  23 20 56.8186   -5   4  40.019  3  0.293 Tyc-2
2008 10 31   4  8 10.9  23 20 29.4969   -5   6  18.782  3  0.292 Tyc-2
2008 11 16   3  3 56.5  23 19 32.6370   -5  11  56.072  3  0.289 Tyc-2
2008 11 17   3  1 37.4  23 19 30.2984   -5  11  55.900  3  0.289 Tyc-2
2008 11 18   2 56  0.7  23 19 28.4147   -5  12   9.082  3  0.289 Tyc-2
2008 11 22   2 40 21.4  23 19 23.5315   -5  13  30.420  3  0.288 Tyc-2
2008 12  4   1 53  0.4  23 19 22.8880   -5  12   3.079  3  0.285 Tyc-2
2010  9 14   7 52 39.5  23 56 38.7468   -1  13  50.678  3  0.273 Tyc-2
2010  9 15   7 48 35.5  23 56 30.1379   -1  14  39.498  3  0.273 Tyc-2
2010  9 19   7 31  9.5  23 55 53.6651   -1  17  38.426  3  0.273 Tyc-2
2010  9 28   6 55 35.5  23 54 34.4448   -1  26  13.875  3  0.274 Tyc-2
2010 10  1   6 43 20.5  23 54  9.3879   -1  29  54.975  3  0.274 Tyc-2
2010 10  9   6  9 19.0  23 53  1.1688   -1  37   0.368  3  0.275 Tyc-2
2010 10 10   6  5 15.5  23 52 53.3309   -1  38   2.986  3  0.275 Tyc-2
2010 10 14   5 50 28.0  23 52 20.2255   -1  40  29.686  3  0.275 Tyc-2
2010 10 27   4 56 15.0  23 50 46.1414   -1  51  20.602  3  0.274 Tyc-2
2010 10 28   4 52 13.0  23 50 39.9085   -1  52   3.079  3  0.274 Tyc-2
2010 10 31   4 40 10.0  23 50 20.3030   -1  53   8.338  3  0.274 Tyc-2
2010 11  1   4 36  7.0  23 50 13.9247   -1  53  37.695  3  0.274 Tyc-2
2010 11  6   4 15 59.0  23 49 47.1102   -1  57  26.204  3  0.273 Tyc-2
2010 11 10   3 59 53.5  23 49 26.1338   -1  58  29.220  3  0.273 Tyc-2
2010 11 13   3 47 55.5  23 49 13.6824   -2   0  37.726  3  0.272 Tyc-2
2010 11 26   2 56  7.0  23 48 33.8751   -2   3  43.289  3  0.270 Tyc-2
2010 11 27   2 52  8.5  23 48 31.6741   -2   3  42.370  3  0.270 Tyc-2
2010 12  1   2 36 19.0  23 48 27.0554   -2   5   3.427  3  0.269 Tyc-2
2010 12  2   2 32 22.5  23 48 26.4049   -2   5   7.810  3  0.269 Tyc-2
2010 12  7   2 12 43.0  23 48 23.4930   -2   4  16.708  3  0.267 Tyc-2
2010 12 10   2  2 24.5  23 48 25.7973   -2   4  49.997  3  0.267 Tyc-2
2010 12 11   1 57  2.0  23 48 26.7567   -2   4  39.211  3  0.267 Tyc-2
2010  9 14   7 52 39.5  23 56 37.3219   -1  12  41.727  4  0.273 Tyc-2
2010  9 15   7 48 35.5  23 56 28.5564   -1  13  48.379  4  0.273 Tyc-2
2010  9 19   7 31  9.5  23 55 54.7151   -1  18  41.360  4  0.273 Tyc-2
2010  9 20   7 27 47.0  23 55 46.2327   -1  19  43.563  4  0.274 Tyc-2
2010  9 29   6 51 29.5  23 54 25.5420   -1  27  12.511  4  0.274 Tyc-2
2010 10  9   6  9 19.0  23 53  0.7887   -1  36   7.299  4  0.275 Tyc-2
2010 10 10   6  5 15.5  23 52 52.2074   -1  36  52.838  4  0.275 Tyc-2
2010 10 17   5 36 48.0  23 51 57.9510   -1  44   5.519  4  0.275 Tyc-2
2010 10 26   5  0 18.5  23 50 51.6863   -1  49  50.200  4  0.274 Tyc-2
2010 10 29   4 48 10.0  23 50 33.1134   -1  52  43.679  4  0.274 Tyc-2
2010 10 30   4 44 10.0  23 50 27.1967   -1  53  31.350  4  0.274 Tyc-2
2010 10 31   4 40 10.0  23 50 21.2765   -1  54  10.002  4  0.274 Tyc-2
2010 11  1   4 36  7.0  23 50 15.3170   -1  54  39.502  4  0.274 Tyc-2
2010 11  4   4 23 59.0  23 49 57.3296   -1  55  35.133  4  0.273 Tyc-2
2010 11  6   4 15 59.0  23 49 45.8252   -1  56  19.686  4  0.273 Tyc-2
2010 11  8   4  7 57.0  23 49 35.4465   -1  57  32.130  4  0.273 Tyc-2
2010 11 12   3 51 53.0  23 49 18.1856   -2   0  26.771  4  0.272 Tyc-2
2010 11 13   3 47 55.5  23 49 14.2692   -2   0  57.003  4  0.272 Tyc-2
2010 11 26   2 56  7.0  23 48 34.5318   -2   4  40.504  4  0.270 Tyc-2
2010 11 27   2 52  8.5  23 48 32.9342   -2   4  50.549  4  0.270 Tyc-2
2010 12  2   2 32 22.5  23 48 25.4904   -2   4   8.287  4  0.269 Tyc-2
2010 12  3   2 28 26.0  23 48 24.4610   -2   4   3.195  4  0.268 Tyc-2
2010 12  4   2 24 33.0  23 48 23.7459   -2   4   5.279  4  0.268 Tyc-2
2010 12  8   2  8 45.5  23 48 24.3596   -2   4  55.422  4  0.267 Tyc-2
2010 12 12   1 53  6.5  23 48 27.9017   -2   4  29.864  4  0.266 Tyc-2
2011  7 23  11 40 57.0   0 17  3.8779    1   1  18.599  3  0.251 Tyc-2
2011  7 28  11 21  4.5   0 16 50.0674    1   0  26.997  3  0.252 Tyc-2
2011  8  5  10 50 36.5   0 16 20.0904    0  56  45.517  3  0.254 Tyc-2
2011  8  6  10 46 36.5   0 16 15.0461    0  56  25.684  3  0.254 Tyc-2
2011  8  7  10 41  6.5   0 16 10.0436    0  55  50.226  3  0.254 Tyc-2
2011  8 20   9 48 46.5   0 14 58.3655    0  46  42.372  3  0.257 Tyc-2
2011  8 23   9 38  9.0   0 14 37.5424    0  45  22.341  3  0.258 Tyc-2
2011  8 25   9 28 33.5   0 14 23.0252    0  43  42.221  3  0.258 Tyc-2
2011  8 27   9 21 57.5   0 14  9.4475    0  41  27.335  3  0.259 Tyc-2
2011  8 29   9 12 21.5   0 13 55.5441    0  39  46.814  3  0.259 Tyc-2
2011  9  1   9  0 10.5   0 13 31.6926    0  38   8.930  3  0.260 Tyc-2
2011  9  2   8 57 36.5   0 13 23.5048    0  37  17.016  3  0.260 Tyc-2
2011  9 18   7 50 59.5   0 11 10.7327    0  22  38.653  3  0.262 Tyc-2
2011  9 19   7 48 25.0   0 11  1.5050    0  21  48.179  3  0.262 Tyc-2
2011  9 20   7 42 50.5   0 10 52.5197    0  20  42.765  3  0.263 Tyc-2
2011  9 22   7 34 42.0   0 10 35.5587    0  18   8.554  3  0.263 Tyc-2
2011  9 23   7 30 37.0   0 10 27.2582    0  16  59.437  3  0.263 Tyc-2
2011  9 24   7 28  2.0   0 10 18.7551    0  16   5.409  3  0.263 Tyc-2
2011  9 27   7 14 17.5   0  9 51.2895    0  14   7.715  3  0.263 Tyc-2
2011  9 28   7 11 42.5   0  9 42.0165    0  13  13.168  3  0.263 Tyc-2
2011  9 29   7  6  8.0   0  9 33.0693    0  12   4.021  3  0.264 Tyc-2
2011 10  3   6 49 50.0   0  8 59.4168    0   7  36.248  3  0.264 Tyc-2
2011 10 12   6 13  9.5   0  7 42.2171    0   0  34.045  3  0.264 Tyc-2
2011 10 16   5 56 53.5   0  7  7.8118    0   3 -19.338  3  0.264 Tyc-2
2011 10 19   5 44 42.0   0  6 44.9077    0   6 -44.553  3  0.264 Tyc-2
2011 10 20   5 40 38.0   0  6 37.4485    0   7 -34.133  3  0.264 Tyc-2
2011 10 23   5 29 57.0   0  6 13.7021    0   9  -5.655  3  0.264 Tyc-2
2011 10 29   5  5 38.5   0  5 31.3805    0  14 -27.419  3  0.264 Tyc-2
2011 11  1   4 52  1.5   0  5 10.3507    0  15 -39.195  3  0.264 Tyc-2
2011 11  2   4 49 29.0   0  5  3.5131    0  16 -17.956  3  0.264 Tyc-2
2011 11  3   4 43 56.5   0  4 57.1505    0  17  -9.790  3  0.264 Tyc-2
2011 11 10   4 17 14.5   0  4 17.0834    0  21  -5.371  3  0.263 Tyc-2
2011 11 18   3 43 40.5   0  3 40.1376    0  24 -57.578  3  0.262 Tyc-2
2011 11 27   3  7 48.0   0  3 10.5661    0  27 -43.954  3  0.261 Tyc-2
2011 11 28   3  3 50.0   0  3  7.7625    0  27 -52.534  3  0.260 Tyc-2
2011 11 29   2 59 52.0   0  3  5.4125    0  28 -14.275  3  0.260 Tyc-2
2011 12  1   2 53 26.0   0  3  2.2624    0  29 -13.556  3  0.260 Tyc-2
2011 12  6   2 33 39.5   0  2 55.4366    0  28 -56.331  3  0.259 Tyc-2
2011 12 10   2 16 24.5   0  2 53.9582    0  29 -48.399  3  0.258 Tyc-2
2011 12 11   2 12 28.0   0  2 54.3814    0  29 -51.866  3  0.258 Tyc-2
2011 12 23   1 25 32.5   0  3  8.3954    0  26 -53.492  3  0.255 Tyc-2
2011 12 25   1 19 14.5   0  3 12.8588    0  26 -15.551  3  0.254 Tyc-2
2011  7 28  11 21  4.5   0 16 51.3265    0  59  29.279  4  0.252 Tyc-2
2011  8  7  10 41  6.5   0 16 10.5753    0  54  59.812  4  0.254 Tyc-2
2011  8  9  10 34 34.5   0 16  1.7308    0  53  37.489  4  0.255 Tyc-2
2011  8 22   9 40 42.0   0 14 44.9533    0  45   1.800  4  0.258 Tyc-2
2011  8 23   9 38  9.0   0 14 38.5372    0  44  16.600  4  0.258 Tyc-2
2011  8 25   9 28 33.5   0 14 24.7959    0  43   7.962  4  0.258 Tyc-2
2011  8 27   9 21 57.5   0 14  9.8319    0  42   8.980  4  0.259 Tyc-2
2011  8 29   9 12 21.5   0 13 54.1840    0  40  51.202  4  0.259 Tyc-2
2011  8 30   9  9 47.5   0 13 46.3542    0  39  59.138  4  0.259 Tyc-2
2011  8 31   9  5 44.5   0 13 38.6356    0  38  58.437  4  0.259 Tyc-2
2011  9 17   7 55  4.5   0 11 19.5518    0  22  39.845  4  0.262 Tyc-2
2011  9 18   7 50 59.5   0 11 11.2976    0  21  34.959  4  0.262 Tyc-2
2011  9 19   7 48 25.0   0 11  2.9177    0  20  37.998  4  0.263 Tyc-2
2011  9 20   7 42 50.5   0 10 54.3021    0  19  49.616  4  0.263 Tyc-2
2011  9 21   7 38 46.5   0 10 45.4460    0  19   7.604  4  0.263 Tyc-2
2011  9 23   7 30 37.0   0 10 27.1745    0  17  49.586  4  0.263 Tyc-2
2011  9 24   7 28  2.0   0 10 17.8466    0  17   6.046  4  0.263 Tyc-2
2011  9 26   7 18 22.5   0  9 59.4422    0  15  15.860  4  0.263 Tyc-2
2011 10  3   6 49 50.0   0  8 59.6175    0   7  23.139  4  0.264 Tyc-2
2011 10  8   6 30 57.0   0  8 14.9129    0   4   0.022  4  0.264 Tyc-2
2011 10  9   6 25 23.0   0  8  6.0089    0   3   7.507  4  0.264 Tyc-2
2011 10 16   5 56 53.5   0  7  9.3884    0   4 -23.632  4  0.265 Tyc-2
2011 10 18   5 50 15.5   0  6 53.4091    0   5 -42.656  4  0.265 Tyc-2
2011 10 20   5 40 38.0   0  6 37.0370    0   6 -46.053  4  0.264 Tyc-2
2011 10 21   5 38  4.0   0  6 28.8285    0   7 -21.055  4  0.264 Tyc-2
2011 10 22   5 32 30.5   0  6 20.7881    0   8  -2.872  4  0.264 Tyc-2
2011 10 23   5 29 57.0   0  6 12.9414    0   8 -52.388  4  0.264 Tyc-2
2011 10 29   5  5 38.5   0  5 31.3606    0  14 -42.222  4  0.264 Tyc-2
2011 10 30   5  0  6.0   0  5 24.7985    0  15 -20.537  4  0.264 Tyc-2
2011 10 31   4 56  4.0   0  5 18.1419    0  15 -50.306  4  0.264 Tyc-2
2011 11  3   4 43 56.5   0  4 57.8745    0  16 -58.333  4  0.264 Tyc-2
2011 11  4   4 39 55.5   0  4 51.2780    0  17 -26.510  4  0.264 Tyc-2
2011 11 10   4 17 14.5   0  4 17.5810    0  22  -5.079  4  0.263 Tyc-2
2011 11 13   4  3 42.5   0  4  3.2945    0  23 -37.259  4  0.263 Tyc-2
2011 11 17   3 47 41.5   0  3 44.0728    0  24 -21.782  4  0.262 Tyc-2
2011 11 18   3 43 40.5   0  3 39.5796    0  24 -39.633  4  0.262 Tyc-2
2011 11 26   3 11 46.5   0  3 14.2109    0  28 -30.383  4  0.261 Tyc-2
2011 11 27   3  7 48.0   0  3 11.6336    0  28 -32.729  4  0.261 Tyc-2
2011 11 30   2 57 23.5   0  3  4.0627    0  28 -17.535  4  0.260 Tyc-2
2011 12  1   2 53 26.0   0  3  1.7942    0  28 -17.013  4  0.260 Tyc-2
2011 12 10   2 16 24.5   0  2 54.7751    0  29 -55.452  4  0.258 Tyc-2
2011 12 11   2 12 28.0   0  2 54.6698    0  29 -38.112  4  0.258 Tyc-2
2011 12 17   1 48 57.5   0  2 56.8472    0  28 -13.654  4  0.256 Tyc-2
2011 12 22   1 29 25.5   0  3  6.8837    0  28 -11.306  4  0.255 Tyc-2
2011 12 23   1 25 32.5   0  3  9.3371    0  27 -50.519  4  0.255 Tyc-2
2011 12 27   1 11 29.0   0  3 19.3782    0  25 -27.755  4  0.254 Tyc-2
2012  8  2  11 12 56.5   0 31 17.6045    2  33  56.424  3  0.242 Tyc-2
2012  8 10  10 42 27.5   0 30 44.7073    2  30  11.542  3  0.244 Tyc-2
2012  8 11  10 38 26.5   0 30 40.4151    2  29  43.694  3  0.244 Tyc-2
2012  8 28   9 28 24.5   0 28 58.2791    2  18  19.635  3  0.248 Tyc-2
2012  8 29   9 24 22.5   0 28 51.4176    2  17  44.431  3  0.248 Tyc-2
2012  9  9   8 39 43.0   0 27 26.1733    2   9  15.675  3  0.250 Tyc-2
2012  9 13   8 23 26.5   0 26 52.9370    2   4  53.853  3  0.251 Tyc-2
2012  9 14   8 19 22.0   0 26 45.1176    2   3  49.197  3  0.251 Tyc-2
2012  9 15   8 15 18.0   0 26 37.0342    2   2  59.259  3  0.251 Tyc-2
2012  9 18   8  3  5.0   0 26 10.2971    2   1   6.351  3  0.252 Tyc-2
2012  9 19   7 59  0.0   0 26  1.1143    2   0  10.336  3  0.252 Tyc-2
2012  9 22   7 46 46.0   0 25 35.5791    1  56  27.712  3  0.252 Tyc-2
2012  9 23   7 42 41.5   0 25 27.3659    1  55  24.896  3  0.252 Tyc-2
2012  9 26   7 31 57.0   0 25  0.5526    1  53  23.523  3  0.253 Tyc-2
2012  9 27   7 26 22.5   0 24 51.1185    1  52  37.625  3  0.253 Tyc-2
2012  9 28   7 22 18.5   0 24 41.8253    1  51  37.117  3  0.253 Tyc-2
2012 10  2   7  5 59.0   0 24  7.8047    1  46  53.325  3  0.253 Tyc-2
2012 10  3   7  3 24.0   0 23 59.1126    1  46   9.327  3  0.253 Tyc-2
2012 10  5   6 53 45.5   0 23 40.7252    1  44  56.017  3  0.253 Tyc-2
2012 10  7   6 45 35.5   0 23 22.2565    1  43   3.676  3  0.254 Tyc-2
2012 10 10   6 33 21.5   0 22 57.2352    1  39  24.540  3  0.254 Tyc-2
2012 10 16   6 10 25.5   0 22  4.9825    1  34  47.922  3  0.254 Tyc-2
2012 10 19   5 56 43.5   0 21 41.5258    1  31  22.192  3  0.254 Tyc-2
2012 10 20   5 52 39.5   0 21 33.7637    1  30  37.102  3  0.254 Tyc-2
2012 11  5   4 49 17.5   0 19 36.1389    1  18  21.035  3  0.254 Tyc-2
2012 11  6   4 45 16.0   0 19 30.2495    1  17  40.941  3  0.254 Tyc-2
2012 11  7   4 41 13.5   0 19 24.1143    1  17  15.708  3  0.254 Tyc-2
2012 11 13   4 17  3.5   0 18 48.5957    1  13  41.807  3  0.253 Tyc-2
2012 11 14   4 11 32.5   0 18 43.8838    1  12  58.037  3  0.253 Tyc-2
2012 11 15   4  7 31.5   0 18 39.1642    1  12  30.359  3  0.253 Tyc-2
2012 11 18   3 55 29.5   0 18 23.8776    1  11  56.999  3  0.252 Tyc-2
2012 11 19   3 52 58.5   0 18 18.9195    1  11  32.370  3  0.252 Tyc-2
2012 11 22   3 40 59.0   0 18  7.0485    1   9  27.470  3  0.252 Tyc-2
2012 11 27   3 21  1.5   0 17 49.3616    1   8  36.926  3  0.251 Tyc-2
2012 11 28   3 15 33.5   0 17 45.9719    1   8  18.908  3  0.251 Tyc-2
2012 12  5   2 47 46.5   0 17 30.9644    1   6  47.053  3  0.250 Tyc-2
2012 12  6   2 43 48.5   0 17 28.8694    1   6  48.777  3  0.249 Tyc-2
2012 12  7   2 39 51.5   0 17 27.1969    1   6  36.907  3  0.249 Tyc-2
2012 12 10   2 29 30.5   0 17 25.2196    1   5  33.737  3  0.249 Tyc-2
2012 12 11   2 25 33.5   0 17 25.0923    1   5  32.656  3  0.249 Tyc-2
2012 12 23   1 37  1.0   0 17 31.6575    1   7  46.710  3  0.246 Tyc-2
2012 12 29   1 13 38.5   0 17 46.5283    1   8  44.816  3  0.244 Tyc-2
2012  8  2  11 12 56.5   0 31 15.7470    2  34  43.165  4  0.242 Tyc-2
2012  8  8  10 48 58.5   0 30 54.5704    2  31  13.165  4  0.244 Tyc-2
2012  8 12  10 34 25.5   0 30 34.6653    2  30  10.436  4  0.244 Tyc-2
2012  8 13  10 30 25.0   0 30 29.0837    2  29  41.712  4  0.245 Tyc-2
2012  8 28   9 28 24.5   0 28 56.5575    2  19  22.221  4  0.248 Tyc-2
2012  8 29   9 24 22.5   0 28 49.3887    2  18  21.273  4  0.248 Tyc-2
2012  9  9   8 39 43.0   0 27 25.6351    2   9  30.235  4  0.250 Tyc-2
2012  9 14   8 19 22.0   0 26 44.3766    2   3  54.329  4  0.251 Tyc-2
2012  9 15   8 15 18.0   0 26 36.4273    2   2  47.344  4  0.251 Tyc-2
2012  9 16   8 12 43.0   0 26 28.3720    2   1  48.112  4  0.251 Tyc-2
2012  9 17   8  7  9.5   0 26 20.1383    2   0  57.720  4  0.251 Tyc-2
2012  9 18   8  3  5.0   0 26 11.6366    2   0  14.173  4  0.252 Tyc-2
2012  9 22   7 46 46.0   0 25 35.2860    1  57  31.084  4  0.252 Tyc-2
2012  9 23   7 42 41.5   0 25 25.9932    1  56  35.693  4  0.252 Tyc-2
2012  9 25   7 34 32.5   0 25  8.0428    1  54  20.857  4  0.252 Tyc-2
2012  9 27   7 26 22.5   0 24 50.9164    1  51  50.088  4  0.253 Tyc-2
2012  9 28   7 22 18.5   0 24 42.5410    1  50  38.456  4  0.253 Tyc-2
2012 10  2   7  5 59.0   0 24  8.2323    1  47   8.087  4  0.253 Tyc-2
2012 10  5   6 53 45.5   0 23 40.5584    1  45   8.139  4  0.253 Tyc-2
2012 10  7   6 45 35.5   0 23 22.1185    1  43  18.754  4  0.254 Tyc-2
2012 10  8   6 41 31.5   0 23 13.2103    1  42  11.994  4  0.254 Tyc-2
2012 10 19   5 56 43.5   0 21 40.7270    1  32  31.295  4  0.254 Tyc-2
2012 10 20   5 52 39.5   0 21 32.1767    1  31  41.656  4  0.254 Tyc-2
2012 10 21   5 48 35.5   0 21 23.8896    1  30  44.091  4  0.254 Tyc-2
2012 10 22   5 44 31.5   0 21 15.9065    1  29  39.792  4  0.254 Tyc-2
2012 10 25   5 32 20.5   0 20 53.6269    1  26  21.732  4  0.254 Tyc-2
2012 11  3   4 55 52.5   0 19 48.1345    1  20  47.963  4  0.254 Tyc-2
2012 11  4   4 51 50.5   0 19 41.3627    1  19  56.302  4  0.254 Tyc-2
2012 11  7   4 41 13.5   0 19 23.0851    1  17   6.287  4  0.254 Tyc-2
2012 11  8   4 37 11.5   0 19 17.4707    1  16  17.129  4  0.253 Tyc-2
2012 11 14   4 11 32.5   0 18 43.6806    1  13  55.537  4  0.253 Tyc-2
2012 11 15   4  7 31.5   0 18 38.0787    1  13  34.702  4  0.253 Tyc-2
2012 11 17   3 59 30.5   0 18 27.6615    1  12  30.982  4  0.252 Tyc-2
2012 11 21   3 44 58.5   0 18 11.0881    1   9  41.762  4  0.252 Tyc-2
2012 11 22   3 40 59.0   0 18  7.5620    1   9  10.207  4  0.252 Tyc-2
2012 11 27   3 21  1.5   0 17 50.0267    1   8  28.615  4  0.251 Tyc-2
2012 11 29   3 10 13.0   0 17 43.3316    1   8  15.090  4  0.251 Tyc-2
2012 11 29   3 13  4.5   0 17 43.3244    1   8  15.227  4  0.251 Tyc-2
2012 11 30   3  9  5.5   0 17 40.3566    1   7  58.432  4  0.251 Tyc-2
2012 12  4   2 51 43.5   0 17 32.3551    1   6  11.075  4  0.250 Tyc-2
2012 12  5   2 47 46.5   0 17 31.0913    1   5  50.693  4  0.250 Tyc-2
2012 12  6   2 43 48.5   0 17 29.9770    1   5  39.208  4  0.250 Tyc-2
2012 12  7   2 39 51.5   0 17 28.9208    1   5  37.745  4  0.249 Tyc-2
2012 12  8   2 35 54.5   0 17 27.8194    1   5  44.642  4  0.249 Tyc-2
2012 12 11   2 25 33.5   0 17 24.5079    1   6  27.713  4  0.249 Tyc-2
2012 12 12   2 21 37.5   0 17 23.6278    1   6  37.175  4  0.248 Tyc-2
2012 12 13   2 17 41.5   0 17 22.9990    1   6  39.951  4  0.248 Tyc-2
