1948 03  1.10943  3  5 25 47.12  +23 22 13.0  711
1948 03  1.11499  3  5 25 47.13  +23 22 13.1  711
1948 10 19.41542  3  6  2 15.93  +23 37 45.5  711
1948 10 19.41875  3  6  2 15.98  +23 37 45.5  711
1948 10 21.45142  3  6  2 12.37  +23 37 54.0  711
1948 10 21.45498  3  6  2 12.38  +23 37 53.8  711
1948 10 24.35066  3  6  2  0.05  +23 38 51.3  711
1948 10 24.47990  3  6  1 59.27  +23 38 51.5  711
1948 10 24.48939  3  6  1 59.21  +23 38 51.4  711
1948 10 24.49390  3  6  1 59.24  +23 38 51.4  711
1948 10 24.50003  3  6  1 59.16  +23 38 51.4  711
1948 10 25.35384  3  6  1 54.26  +23 38 47.6  711
1948 10 25.36771  3  6  1 54.17  +23 38 47.5  711
1948 10 25.37250  3  6  1 54.14  +23 38 47.5  711
1948 10 25.37940  3  6  1 54.10  +23 38 47.4  711
1948 10 25.38338  3  6  1 54.07  +23 38 47.3  711
1948 10 25.42210  3  6  1 53.84  +23 38 47.0  711
1948 10 25.42671  3  6  1 53.82  +23 38 46.8  711
1948 10 25.43311  3  6  1 53.78  +23 38 46.7  711
1948 10 25.43786  3  6  1 53.76  +23 38 46.8  711
1948 10 25.46947  3  6  1 53.58  +23 38 46.3  711
1948 10 25.47377  3  6  1 53.55  +23 38 46.3  711
1948 10 25.48518  3  6  1 53.49  +23 38 46.1  711
1948 10 25.48866  3  6  1 53.47  +23 38 46.0  711
1948 10 26.35302  3  6  1 48.30  +23 38 31.1  711
1948 10 26.35302  3  6  1 48.27  +23 38 31.0  711
1948 10 26.36479  3  6  1 48.23  +23 38 30.9  711
1948 10 26.42062  3  6  1 47.96  +23 38 29.7  711
1948 10 26.42514  3  6  1 47.92  +23 38 29.6  711
1948 10 26.43583  3  6  1 47.85  +23 38 29.4  711
1948 10 26.43863  3  6  1 47.86  +23 38 29.4  711
1948 10 26.47898  3  6  1 47.63  +23 38 28.4  711
1948 10 26.48178  3  6  1 47.63  +23 38 28.4  711
1948 10 26.48634  3  6  1 47.61  +23 38 28.3  711
1948 10 26.49135  3  6  1 47.58  +23 38 28.2  711
1948 10 26.49633  3  6  1 47.51  +23 38 28.0  711
1948 10 27.31338  3  6  1 44.58  +23 38 10.5  711
1948 10 27.32473  3  6  1 44.53  +23 38 10.3  711
1948 10 27.33064  3  6  1 44.51  +23 38 10.2  711
1948 10 27.34237  3  6  1 44.45  +23 38 10.0  711
1948 10 27.35640  3  6  1 44.39  +23 38  9.7  711
1948 10 27.36730  3  6  1 44.30  +23 38  9.5  711
1948 10 27.37537  3  6  1 44.30  +23 38  9.4  711
1948 10 27.38366  3  6  1 44.26  +23 38  9.1  711
1948 10 27.39648  3  6  1 44.23  +23 38  8.9  711
1948 10 27.40045  3  6  1 44.21  +23 38  8.7  711
1948 10 27.40370  3  6  1 44.19  +23 38  8.8  711
1948 10 27.40816  3  6  1 44.20  +23 38  8.7  711
1948 10 27.46433  3  6  1 43.96  +23 38  7.7  711
1948 10 27.46916  3  6  1 43.92  +23 38  7.6  711
1948 10 27.47368  3  6  1 43.90  +23 38  7.5  711
1948 10 27.47757  3  6  1 43.88  +23 38  7.4  711
1948 10 27.48733  3  6  1 43.87  +23 38  7.0  711
1948 10 27.49157  3  6  1 43.85  +23 38  6.9  711
1948 10 31.40562  3  6  1 27.86  +23 38 34.5  711
1948 10 31.41123  3  6  1 27.83  +23 38 34.7  711
1948 10 31.41677  3  6  1 27.79  +23 38 34.9  711
1948 10 31.42326  3  6  1 27.76  +23 38 35.1  711
1948 10 31.42938  3  6  1 27.80  +23 38 35.2  711
1948 10 31.43535  3  6  1 27.68  +23 38 36.0  711
1948 10 31.44056  3  6  1 27.65  +23 38 35.6  711
1948 10 31.44682  3  6  1 27.62  +23 38 35.6  711
1948 10 31.45894  3  6  1 27.53  +23 38 35.9  711
1948 10 31.46479  3  6  1 27.50  +23 38 36.0  711
1948 10 31.47044  3  6  1 27.46  +23 38 36.1  711
1948 10 31.47597  3  6  1 27.39  +23 38 36.5  711
1948 10 31.48150  3  6  1 27.39  +23 38 36.4  711
1948 10 31.48692  3  6  1 27.48  +23 38 36.3  711
1948 11  6.33889  3  6  0 48.68  +23 38  3.4  711
1948 11  6.34444  3  6  0 48.65  +23 38  3.4  711
1948 11  6.35000  3  6  0 48.63  +23 38  3.3  711
1948 11  6.35556  3  6  0 48.58  +23 38  3.5  711
1948 11  6.36875  3  6  0 48.53  +23 38  3.3  711
1948 11  6.37431  3  6  0 48.50  +23 38  3.5  711
1948 11  6.38056  3  6  0 48.46  +23 38  3.3  711
1948 11  6.38681  3  6  0 48.43  +23 38  3.3  711
1948 11  6.40208  3  6  0 48.36  +23 38  3.4  711
1948 11  6.40903  3  6  0 48.33  +23 38  3.5  711
1948 11  6.41458  3  6  0 48.30  +23 38  3.4  711
1948 11  6.42014  3  6  0 48.27  +23 38  3.4  711
1948 11  6.44028  3  6  0 48.17  +23 38  3.3  711
1948 11  6.44583  3  6  0 48.14  +23 38  3.3  711
1948 11  6.45208  3  6  0 48.10  +23 38  3.1  711
1948 11  6.45764  3  6  0 48.08  +23 38  3.1  711
1948 11  6.46319  3  6  0 48.05  +23 38  3.1  711
1948 11  6.46875  3  6  0 48.02  +23 38  3.2  711
1948 11  7.35694  3  6  0 43.39  +23 38  7.8  711
1948 11  7.36181  3  6  0 43.35  +23 38  7.9  711
1948 11  7.36667  3  6  0 43.32  +23 38  8.l  711
1948 11  8.39444  3  6  0 37.12  +23 38 27.8  711
1948 11  8.39931  3  6  0 37.08  +23 38 28.0  711
1948 11  8.40417  3  6  0 37.06  +23 38 28.0  711
1948 11  8.40903  3  6  0 37.02  +23 38 28.2  711
1948 11  8.41875  3  6  0 36.95  +23 38 28.4  711
1948 11  8.42361  3  6  0 36.92  +23 38 28.5  711
1948 11  8.42847  3  6  0 36.88  +23 38 28.6  711
1948 11 10.31667  3  6  0 22.00  +23 39  8.7  711
1948 11 10.32153  3  6  0 21.96  +23 39  8.9  711
1948 11 10.32639  3  6  0 21.92  +23 39  8.8  711
1948 11 10.33125  3  6  0 21.87  +23 39  9.0  711
1948 11 10.33611  3  6  0 21.82  +23 39  8.9  711
1948 11 10.34097  3  6  0 21.77  +23 39  9.2  711
1948 11 10.34583  3  6  0 21.74  +23 39  9.1  711
1948 11 10.35069  3  6  0 21.69  +23 39  9.0  711
1948 11 10.37500  3  6  0 21.56  +23 39  9.6  711
1948 11 10.37986  3  6  0 21.43  +23 39  9.6  711
1948 11 10.38472  3  6  0 21.36  +23 39  9.8  711
1948 11 10.38981  3  6  0 21.32  +23 39  9.8  711
1948 11 10.39653  3  6  0 21.25  +23 39  9.9  711
1948 11 10.40139  3  6  0 21.22  +23 39  9.9  711
1948 11 10.40625  3  6  0 21.17  +23 39 10.0  711
1948 11 10.41111  3  6  0 21.13  +23 39 10.1  711
1948 11 10.42014  3  6  0 21.06  +23 39 10.2  711
1948 11 10.42500  3  6  0 21.01  +23 39 10.2  711
1948 11 10.43056  3  6  0 20.95  +23 39 10.2  711
1948 11 10.43623  3  6  0 20.90  +23 39 10.4  711
1948 11 11.36389  3  6  0 12.38  +23 39 13.2  711
1948 11 11.36773  3  6  0 12.33  +23 39 13.2  711
1949 02 24.07847  3  5 44 56.70  +23 37 13.4  711
1949 02 24.08405  3  5 44 56.61  +23 37 13.4  711
1949 02 24.08924  3  5 44 56.67  +23 37 13.3  711
1949 02 24.09931  3  5 44 56.62  +23 37 13.1  711
1949 02 24.16045  3  5 44 56.39  +23 37 12.4  711
1949 02 24.16667  3  5 44 56.37  +23 37 12.4  711
1949 02 27.10118  3  5 44 51.40  +23 36 14.6  711
1949 02 27.11159  3  5 44 51.40  +23 36 14.6  711
1949 02 27.11691  3  5 44 51.40  +23 36 14.5  711
1949 02 27.15733  3  5 44 51.38  +23 36 14.5  711
1949 02 27.16126  3  5 44 51.39  +23 36 14.0  711
1949 02 27.16682  3  5 44 51.39  +23 36 13.9  711
1949 02 27.17203  3  5 44 51.39  +23 36 13.9  711
1954 01 29.28264  3  7 27 59.12  +22 24 42.5  711
1954 01 29.28472  3  7 27 59.09  +22 24 42.5  711
1954 01 29.29167  3  7 27 59.01  +22 24 42.8  711
1954 01 29.29757  3  7 27 58.94  +22 24 43.0  711
1960 04 15.14141  3  9 17 59.76  +16 28 55.9  711
1960 04 15.14433  3  9 17 59.76  +16 28 55.9  711
1960 04 15.14867  3  9 17 59.75  +16 28 55.9  711
1960 04 15.15284  3  9 17 59.74  +16 28 55.7  711
1960 04 15.18322  3  9 17 59.69  +16 28 55.1  711
1960 04 15.18582  3  9 17 59.64  +16 28 55.2  711
1960 04 15.20581  3  9 17 59.62  +16 28 55.1  711
1960 04 15.20961  3  9 17 59.62  +16 28 54.9  711
1960 04 15.25777  3  9 17 59.54  +16 28 54.2  711
1960 04 16.09625  3  9 17 58.42  +16 28 46.4  711
1960 04 16.09972  3  9 17 58.42  +16 28 46.3  711
1960 04 16.10627  3  9 17 58.41  +16 28 46.3  711
1960 04 16.12123  3  9 17 58.40  +16 28 46.3  711
1960 04 16.13097  3  9 17 58.38  +16 28 46.3  711
1960 04 16.13444  3  9 17 58.38  +16 28 46.3  711
1960 04 16.17542  3  9 17 58.32  +16 28 46.2  711
1960 04 16.17858  3  9 17 58.33  +16 28 46.2  711
1960 04 16.21535  3  9 17 58.28  +16 28 46.1  711
1960 04 16.21830  3  9 17 58.27  +16 28 46.1  711
1960 04 16.22333  3  9 17 58.26  +16 28 46.0  711
1960 04 16.25493  3  9 17 58.24  +16 28 46.3  711
1960 04 16.25771  3  9 17 58.23  +16 28 46.0  711
1960 04 19.09591  3  9 17 55.93  +16 29 35.6  711
1960 04 19.09939  3  9 17 55.93  +16 29 35.7  711
1960 04 19.10286  3  9 17 55.92  +16 29 35.8  711
1960 04 19.10779  3  9 17 55.92  +16 29 35.8  711
1960 04 19.11084  3  9 17 55.90  +16 29 36.0  711
1960 04 19.11434  3  9 17 55.90  +16 29 36.1  711
1960 04 19.11744  3  9 17 55.84  +16 29 36.2  711
1961 04  5.15441  3  9 37 30.70  +14 58 45.5  711
1961 04  5.15763  3  9 37 30.67  +14 58 45.2  711
1961 04  5.16101  3  9 37 30.67  +14 58 45.6  711
1961 04  5.16448  3  9 37 30.63  +14 58 45.6  711
1961 04  5.19243  3  9 37 30.44  +14 58 45.7  711
1961 04  5.19891  3  9 37 30.44  +14 58 45.8  711
1961 04  7.22528  3  9 37 30.14  +14 58 45.6  711
1961 04  7.23002  3  9 37 30.12  +14 58 45.6  711
1961 04  7.23535  3  9 37 30.10  +14 58 45.6  711
1961 04  7.23925  3  9 37 30.07  +14 58 45.6  711
1962 03 27.27569  3  9 57 20.75  +13 18 42.1  711
1962 03 27.27911  3  9 57 20.72  +13 18 42.4  711
1962 03 27.28287  3  9 57 20.70  +13 18 42.4  711
1962 03 27.28513  3  9 57 20.68  +13 18 42.5  711
1962 03 27.30163  3  9 57 20.56  +13 18 42.2  711
1962 03 27.30422  3  9 57 20.52  +13 18 43.2  711
1962 03 27.30644  3  9 57 20.52  +13 18 43.2  711
1962 03 27.32286  3  9 57 20.39  +13 18 43.8  711
1962 03 27.32614  3  9 57 20.35  +13 18 43.9  711
1962 03 27.32830  3  9 57 20.34  +13 18 44.0  711
1962 03 28.33171  3  9 57 12.59  +13 19  9.7  711
1962 03 28.33414  3  9 57 12.59  +13 19  9.7  711
1962 03 28.33744  3  9 57 12.53  +13 19  9.7  711
1962 03 28.34024  3  9 57 12.51  +13 19 10.1  711
1962 03 28.34317  3  9 57 12.50  +13 19 10.3  711
1962 03 28.34525  3  9 57 12.48  +13 19 10.4  711
1962 03 29.22078  3  9 57  5.98  +13 19 22.0  711
1962 03 29.22436  3  9 57  5.96  +13 19 22.0  711
1962 03 29.22772  3  9 57  5.92  +13 19 22.1  711
1962 03 29.22934  3  9 57  5.89  +13 19 22.1  711
1962 03 29.23507  3  9 57  5.87  +13 19 22.1  711
1962 03 29.23744  3  9 57  5.84  +13 19 22.3  711
1962 03 29.28535  3  9 57  5.60  +13 19 22.2  711
1962 03 29.29358  3  9 57  5.44  +13 19 22.1  711
1962 03 29.29925  3  9 57  5.39  +13 19 22.2  711
1962 03 29.30197  3  9 57  5.37  +13 19 22.4  711
1962 03 29.30411  3  9 57  5.35  +13 19 22.4  711
1962 04 13.16347  3  9 55 42.84  +13 26 48.3  711
1962 04 17.16014  3  9 55 25.62  +13 27  3.3  711
1962 04 17.16604  3  9 55 25.66  +13 27  3.2  711
1962 04 17.17229  3  9 55 25.64  +13 27  3.3  711
1962 04 21.15153  3  9 55 14.72  +13 28 51.2  711
1962 04 21.15471  3  9 55 14.72  +13 28 51.3  711
1962 04 24.16342  3  9 55  5.70  +13 29  8.4  711
1962 04 24.16864  3  9 55  5.70  +13 29  8.4  711
1962 04 24.17384  3  9 55  5.68  +13 29  8.3  711
1962 04 24.17940  3  9 55  5.66  +13 29  8.1  711
1962 04 25.15449  3  9 55  3.49  +13 28 53.9  711
1962 04 25.15773  3  9 55  3.47  +13 28 53.9  711
1962 04 25.16386  3  9 55  3.41  +13 28 53.8  711
1962 04 25.16745  3  9 55  3.46  +13 28 53.7  711
1962 04 26.17034  3  9 55  1.85  +13 28 46.0  711
1962 04 26.17394  3  9 55  1.85  +13 28 46.0  711
1962 04 26.17774  3  9 55  1.84  +13 28 46.0  711
1962 04 26.18105  3  9 55  1.84  +13 28 46.0  711
1964 05 28.18108  3 10 31 35.08  +10  6 16.1  711
1964 05 28.18454  3 10 31 35.07  +10  6 16.1  711
1964 05 29.12361  3 10 31 37.47  +10  5 39.7  711
1964 05 30.12598  3 10 31 40.36  +10  4 55.5  711
1964 05 30.12818  3 10 31 40.36  +10  4 55.4  711
1964 05 30.13058  3 10 31 40.36  +10  4 55.3  711
1964 05 30.13298  3 10 31 40.37  +10  4 55.1  711
1964 05 30.13611  3 10 31 40.38  +10  4 55.0  711
1964 05 30.13819  3 10 31 40.38  +10  4 55.0  711
1964 05 30.14051  3 10 31 40.40  +10  4 54.7  711
1964 05 30.14254  3 10 31 40.40  +10  4 54.9  711
1964 06  2.12535  3 10 31 51.83  +10  3 41.2  711
1964 06  2.12760  3 10 31 51.82  +10  3 41.5  711
1964 06  2.12978  3 10 31 51.85  +10  3 41.7  711
1964 06  2.13226  3 10 31 51.84  +10  3 41.8  711
1964 06  2.13463  3 10 31 51.87  +10  3 42.0  711
1964 06  2.13701  3 10 31 51.86  +10  3 41.9  711
1964 06  2.13935  3 10 31 51.89  +10  3 41.8  711
1964 06  2.14208  3 10 31 51.87  +10  3 41.7  711
1964 06  2.14496  3 10 31 51.92  +10  3 41.8  711
1964 06  2.14754  3 10 31 51.91  +10  3 41.8  711
1964 06  2.15046  3 10 31 51.93  +10  3 41.6  711
1964 06  2.15301  3 10 31 51.94  +10  3 41.7  711
1966 02 14.35669  1 11 18 15.00    5 22 16.6  703
1966 02 14.35669  2 11 18 14.88    5 22  7.0  703
1966 02 14.35669  3 11 18 15.67    5 22 47.2  703
1966 02 14.35669  4 11 18 14.54    5 21 51.2  703
1966 02 14.35912  1 11 18 15.05    5 22 16.7  703
1966 02 14.35912  2 11 18 14.89    5 22  7.2  703
1966 02 14.35912  3 11 18 15.68    5 22 46.9  703
1966 02 14.35912  4 11 18 14.57    5 21 51.4  703
1966 02 14.36207  1 11 18 15.02    5 22 17.0  703
1966 02 14.36207  2 11 18 14.86    5 22  6.6  703
1966 02 14.36207  3 11 18 15.63    5 22 47.0  703
1966 02 14.36207  4 11 18 14.54    5 21 51.8  703
1966 02 14.38290  1 11 18 14.82    5 22 18.9  703
1966 02 14.38290  2 11 18 14.65    5 22  8.6  703
1966 02 14.38290  3 11 18 15.42    5 22 48.2  703
1966 02 14.38290  4 11 18 14.36    5 21 53.2  703
1966 02 14.38464  1 11 18 14.80    5 22 19.1  703
1966 02 14.38464  2 11 18 14.62    5 22  8.6  703
1966 02 14.38464  3 11 18 15.40    5 22 48.3  703
1966 02 14.38464  4 11 18 14.30    5 21 53.0  703
1966 02 14.38626  1 11 18 14.84    5 22 18.6  703
1966 02 14.38626  2 11 18 14.64    5 22  8.3  703
1966 02 14.38626  3 11 18 15.43    5 22 47.9  703
1966 02 14.38626  4 11 18 14.34    5 21 52.9  703
1966 02 17.24722  3 11 17 49.31    5 24 38.6  703
1966 02 17.24722  4 11 17 50.15    5 25 27.9  703
1966 02 17.24896  3 11 17 49.31    5 24 38.8  703
1966 02 17.24896  4 11 17 50.19    5 25 29.6  703
1966 02 17.25104  3 11 17 49.33    5 24 38.6  703
1966 02 17.25104  4 11 17 50.19    5 25 29.7  703
1966 02 17.25382  3 11 17 49.33    5 24 38.9  703
1966 02 17.25382  4 11 17 50.18    5 25 30.3  703
1966 02 17.25556  3 11 17 49.29    5 24 38.8  703
1966 02 17.25556  4 11 17 50.16    5 25 30.6  703
1966 02 17.25764  3 11 17 49.27    5 24 38.6  703
1966 02 17.25764  4 11 17 50.13    5 25 30.0  703
1966 02 19.33681  1 11 17 30.88    5 27  3.5  703
1966 02 19.33681  4 11 17 31.93    5 27 59.3  703
1966 02 19.34132  1 11 17 30.84    5 27  1.6  703
1966 02 19.34132  4 11 17 31.88    5 27 57.6  703
1966 02 19.34306  1 11 17 30.85    5 27  1.7  703
1966 02 19.34306  4 11 17 31.86    5 27 57.3  703
1966 02 19.34514  1 11 17 30.83    5 27  1.6  703
1966 02 19.34514  4 11 17 31.83    5 27 57.3  703
1966 03 29.26007  1 11 11 32.42    6  4 46.0  703
1966 03 29.26007  2 11 11 32.79    6  5  6.8  703
1966 03 29.26007  3 11 11 33.13    6  5 24.5  703
1966 03 29.26007  4 11 11 32.79    6  5  5.0  703
1966 03 29.26250  1 11 11 32.49    6  4 46.1  703
1966 03 29.26250  2 11 11 32.76    6  5  7.3  703
1966 03 29.26250  3 11 11 33.09    6  5 24.7  703
1966 03 29.26250  4 11 11 32.76    6  5  4.9  703
1966 04 12.20694  3 11  9 38.62    6 16 15.4  703
1966 04 12.20694  4 11  9 39.24    6 16 48.1  703
1966 04 12.20937  3 11  9 38.60    6 16 15.7  703
1966 04 12.20937  4 11  9 39.27    6 16 48.2  703
1966 04 12.21215  3 11  9 38.60    6 16 15.8  703
1966 04 12.21215  4 11  9 39.20    6 16 48.3  703
1966 04 13.21736  1 11  9 30.95    6 17 21.6  703
1966 04 13.21736  2 11  9 30.83    6 17 15.2  703
1966 04 13.21736  3 11  9 31.38    6 17 43.5  703
1966 04 13.21736  4 11  9 31.86    6 18  9.9  703
1966 04 13.22326  1 11  9 30.88    6 17 21.9  703
1966 04 13.22326  2 11  9 30.82    6 17 15.0  703
1966 04 13.22326  3 11  9 31.30    6 17 43.9  703
1966 04 13.22326  4 11  9 31.78    6 18 10.3  703
1966 04 13.22639  1 11  9 30.87    6 17 22.1  703
1966 04 13.22639  2 11  9 30.82    6 17 14.7  703
1966 04 13.22639  3 11  9 31.29    6 17 44.1  703
1966 04 13.22639  4 11  9 31.75    6 18 10.6  703
1966 04 13.22986  1 11  9 30.86    6 17 22.5  703
1966 04 13.22986  2 11  9 30.71    6 17 13.3  703
1966 04 13.22986  3 11  9 31.29    6 17 44.5  703
1966 04 13.22986  4 11  9 31.73    6 18 10.6  703
1966 04 13.23264  1 11  9 30.82    6 17 22.5  703
1966 04 13.23264  2 11  9 30.70    6 17 13.3  703
1966 04 13.23264  3 11  9 31.26    6 17 44.5  703
1966 04 13.23264  4 11  9 31.75    6 18 10.6  703
1966 04 13.23542  1 11  9 30.83    6 17 22.7  703
1966 04 13.23542  2 11  9 30.67    6 17 13.2  703
1966 04 13.23542  3 11  9 31.23    6 17 44.7  703
1966 04 13.23542  4 11  9 31.73    6 18 10.8  703
1966 04 14.17569  1 11  9 24.90    6 18 10.5  703
1966 04 14.17569  2 11  9 24.54    6 17 48.7  703
1966 04 14.17569  3 11  9 25.15    6 18 23.7  703
1966 04 14.17569  4 11  9 25.43    6 18 40.2  703
1966 04 14.17887  1 11  9 24.90    6 18 10.7  703
1966 04 14.17887  2 11  9 24.53    6 17 48.6  703
1966 04 14.17887  3 11  9 25.14    6 18 23.9  703
1966 04 14.17887  4 11  9 25.43    6 18 40.3  703
1966 04 14.18194  1 11  9 24.87    6 18 10.7  703
1966 04 14.18194  2 11  9 24.50    6 17 48.9  703
1966 04 14.18194  3 11  9 25.11    6 18 24.0  703
1966 04 14.18194  4 11  9 25.49    6 18 40.2  703
1966 04 14.18472  1 11  9 24.84    6 18 10.2  703
1966 04 14.18472  3 11  9 25.10    6 18 23.5  703
1966 04 14.18472  4 11  9 25.39    6 18 39.8  703
1966 04 14.19028  1 11  9 24.80    6 18 10.6  703
1966 04 14.19028  3 11  9 25.05    6 18 23.8  703
1966 04 14.19028  4 11  9 25.34    6 18 40.0  703
1966 04 14.19340  1 11  9 24.80    6 18 10.6  703
1966 04 14.19340  3 11  9 25.03    6 18 23.9  703
1966 04 14.19340  4 11  9 25.32    6 18 40.0  703
1966 04 23.15937  1 11  8 26.71    6 23 23.0  703
1966 04 23.15937  2 11  8 27.19    6 23 50.1  703
1966 04 23.15937  3 11  8 27.50    6 24  7.7  703
1966 04 23.15937  4 11  8 26.47    6 23  8.3  703
1966 04 23.16285  1 11  8 26.67    6 23 23.2  703
1966 04 23.16285  2 11  8 27.18    6 23 50.2  703
1966 04 23.16285  3 11  8 27.49    6 24  7.8  703
1966 04 23.16285  4 11  8 26.46    6 23  8.1  703
1966 04 23.16840  1 11  8 26.63    6 23 23.5  703
1966 04 23.16840  2 11  8 27.15    6 23 50.9  703
1966 04 23.16840  3 11  8 27.46    6 24  8.1  703
1966 04 23.16840  4 11  8 26.41    6 23  8.8  703
1966 04 23.17066  1 11  8 26.63    6 23 23.3  703
1966 04 23.17066  2 11  8 27.15    6 23 50.4  703
1966 04 23.17066  3 11  8 27.45    6 24  8.2  703
1966 04 23.17066  4 11  8 26.42    6 23  8.7  703
1966 04 23.17257  1 11  8 26.65    6 23 23.3  703
1966 04 23.17257  2 11  8 27.15    6 23 50.6  703
1966 04 23.17257  3 11  8 27.45    6 24  8.4  703
1966 04 23.17257  4 11  8 26.42    6 23  8.5  703
1966 04 25.16788  2 11  8 15.61    6 24 32.4  703
1966 04 25.16788  3 11  8 16.07    6 24 59.8  703
1966 04 25.16788  4 11  8 16.08    6 24 52.5  703
1966 04 25.17222  2 11  8 15.60    6 24 32.3  703
1966 04 25.17222  3 11  8 16.03    6 24 59.9  703
1966 04 25.17222  4 11  8 16.04    6 24 52.8  703
1966 04 25.17431  1 11  8 15.57    6 24 32.3  703
1966 04 25.17431  3 11  8 16.03    6 24 59.7  703
1966 04 25.17431  4 11  8 16.04    6 24 52.7  703
1966 04 25.17691  2 11  8 15.54    6 24 33.1  703
1966 04 25.17691  3 11  8 16.01    6 25  0.7  703
1966 04 25.17691  4 11  8 16.00    6 24 53.9  703
1966 04 25.17812  2 11  8 15.55    6 24 33.1  703
1966 04 25.17812  3 11  8 16.03    6 25  0.8  703
1966 04 25.17812  4 11  8 16.02    6 24 53.7  703
1966 04 25.18056  2 11  8 15.57    6 24 33.3  703
1966 04 25.18056  3 11  8 16.03    6 25  1.0  703
1966 04 25.18056  4 11  8 16.03    6 24 53.9  703
1966 05  9.22155  3 11  7 17.48    6 30 28.1  703
1966 05  9.22155  4 11  7 17.67    6 30 37.2  703
1966 05  9.22346  3 11  7 17.47    6 30 28.1  703
1966 05  9.22346  4 11  7 17.68    6 30 37.3  703
1966 05  9.22485  3 11  7 17.49    6 30 28.3  703
1966 05  9.22485  4 11  7 17.68    6 30 37.4  703
1966 05  9.23735  3 11  7 17.45    6 30 28.3  703
1966 05  9.23735  4 11  7 17.67    6 30 37.5  703
1966 05  9.23856  3 11  7 17.45    6 30 28.5  703
1966 05  9.23856  4 11  7 17.64    6 30 37.4  703
1966 05  9.23961  3 11  7 17.44    6 30 28.7  703
1966 05  9.23961  4 11  7 17.64    6 30 37.3  703
1966 05 10.14390  2 11  7 15.05    6 30 49.5  703
1966 05 10.14390  3 11  7 15.17    6 30 55.1  703
1966 05 10.14390  4 11  7 15.36    6 31  5.2  703
1966 05 10.14581  2 11  7 15.05    6 30 49.5  703
1966 05 10.14581  3 11  7 15.18    6 30 55.0  703
1966 05 10.14581  4 11  7 15.36    6 31  5.2  703
1966 05 10.17745  2 11  7 14.98    6 30 50.4  703
1966 05 10.17745  3 11  7 15.08    6 30 56.0  703
1966 05 10.17745  4 11  7 15.29    6 31  5.8  703
1966 05 10.17845  2 11  7 14.97    6 30 50.4  703
1966 05 10.17845  3 11  7 15.08    6 30 55.9  703
1966 05 10.17845  4 11  7 15.28    6 31  6.1  703
1966 05 10.18001  2 11  7 14.96    6 30 50.4  703
1966 05 10.18001  3 11  7 15.06    6 30 56.0  703
1966 05 10.18001  4 11  7 15.25    6 31  6.2  703
1966 05 11.21012  3 11  7 12.48    6 31 17.6  703
1966 05 11.21012  4 11  7 12.69    6 31 28.0  703
1966 05 11.21376  3 11  7 12.47    6 31 17.6  703
1966 05 11.21376  4 11  7 12.68    6 31 28.1  703
1966 05 11.21610  3 11  7 12.47    6 31 17.7  703
1966 05 11.21610  4 11  7 12.68    6 31 28.3  703
1966 05 11.22088  3 11  7 12.43    6 31 17.8  703
1966 05 11.22088  4 11  7 12.63    6 31 28.3  703
1966 05 11.22366  3 11  7 12.42    6 31 17.6  703
1966 05 11.22366  4 11  7 12.62    6 31 28.0  703
1966 05 11.23199  3 11  7 12.42    6 31 17.9  703
1966 05 11.23199  4 11  7 12.63    6 31 28.4  703
1966 05 12.13993  1 11  7  9.93    6 31 12.6  703
1966 05 12.13993  2 11  7  9.35    6 30 41.0  703
1966 05 12.13993  3 11  7 10.09    6 31 23.6  703
1966 05 12.13993  4 11  7 10.43    6 31 41.0  703
1966 05 12.14371  1 11  7  9.94    6 31 12.7  703
1966 05 12.14371  2 11  7  9.35    6 30 41.1  703
1966 05 12.14371  3 11  7 10.10    6 31 23.7  703
1966 05 12.14371  4 11  7 10.45    6 31 41.1  703
1966 05 12.14429  1 11  7  9.95    6 31 12.7  703
1966 05 12.14429  2 11  7  9.36    6 30 41.0  703
1966 05 12.14429  3 11  7 10.11    6 31 23.6  703
1966 05 12.14429  4 11  7 10.44    6 31 41.2  703
1966 05 12.14618  1 11  7  9.91    6 31 12.8  703
1966 05 12.14618  2 11  7  9.33    6 30 41.2  703
1966 05 12.14618  3 11  7 10.07    6 31 23.9  703
1966 05 12.14618  4 11  7 10.41    6 31 41.3  703
1966 05 12.14740  1 11  7  9.90    6 31 12.8  703
1966 05 12.14740  2 11  7  9.32    6 30 41.1  703
1966 05 12.14740  3 11  7 10.06    6 31 24.0  703
1966 05 12.14740  4 11  7 10.41    6 31 41.3  703
1966 05 12.14929  1 11  7  9.90    6 31 13.0  703
1966 05 12.14929  2 11  7  9.32    6 30 41.1  703
1966 05 12.14929  3 11  7 10.06    6 31 23.9  703
1966 05 12.14929  4 11  7 10.39    6 31 41.5  703
1966 05 13.13733  1 11  7  7.20    6 30 55.5  703
1966 05 13.13733  2 11  7  7.35    6 31  0.5  703
1966 05 13.13733  4 11  7  8.07    6 31  1.4  703
1966 05 13.13958  1 11  7  7.21    6 30 55.6  703
1966 05 13.13958  2 11  7  7.35    6 31  0.3  703
1966 05 13.13958  4 11  7  8.08    6 31  1.2  703
1966 05 13.14167  1 11  7  7.22    6 30 55.8  703
1966 05 13.14167  2 11  7  7.34    6 31  0.2  703
1966 05 13.14167  4 11  7  8.08    6 31  1.0  703
1966 05 13.14392  1 11  7  7.22    6 30 55.5  703
1966 05 13.14392  2 11  7  7.34    6 31  0.4  703
1966 05 13.14392  4 11  7  8.06    6 31  1.2  703
1966 05 13.14583  1 11  7  7.20    6 30 55.5  703
1966 05 13.14583  2 11  7  7.34    6 31  0.5  703
1966 05 13.14583  4 11  7  8.06    6 31  1.2  703
1966 05 13.14809  1 11  7  7.20    6 30 55.4  703
1966 05 13.14809  2 11  7  7.36    6 31  0.5  703
1966 05 13.14809  4 11  7  8.05    6 31  1.1  703
1966 05 24.14483  2 11  6 55.49    6 31 42.1  703
1966 05 24.14483  3 11  6 55.15    6 31 19.8  703
1966 05 24.14483  4 11  6 56.43    6 32 31.4  703
1966 05 24.14760  2 11  6 55.51    6 31 42.2  703
1966 05 24.14760  3 11  6 55.14    6 31 19.8  703
1966 05 24.14760  4 11  6 56.44    6 32 31.5  703
1966 05 24.15021  2 11  6 55.50    6 31 42.4  703
1966 05 24.15021  3 11  6 55.15    6 31 19.9  703
1966 05 24.15021  4 11  6 56.43    6 32 31.5  703
