1973  4  4.920834  3  13 19 41.041  -7 42 41.07
1973  4  4.920834  4  13 19 43.806  -7 42  8.79
1973  4  4.931945  3  13 19 40.935  -7 42 39.81
1973  4  4.931945  4  13 19 43.684  -7 42  8.80
1973  4  4.931945  2  13 19 41.665  -7 42 32.53
1973  4  4.943056  3  13 19 40.795  -7 42 39.13
1973  4  4.943056  4  13 19 43.545  -7 42  8.20
1973  4  4.943056  2  13 19 41.531  -7 42 30.98
1973  4  5.912500  3  13 19 31.125  -7 41 24.96
1973  4  5.912500  4  13 19 33.889  -7 41 32.96
1973  4  5.923611  3  13 19 31.038  -7 41 24.46
1973  4  5.923611  4  13 19 33.837  -7 41 31.81
1973  4  5.934723  3  13 19 30.955  -7 41 23.40
1973  4  5.934723  4  13 19 33.688  -7 41 32.17
1973  4 25.917361  4  13 16 20.035  -7 22  4.32 
1973  4 25.917361  2  13 16 21.034  -7 22 36.92
1973  4 25.917361  3  13 16 21.848  -7 21 44.28
1973  4 25.928473  4  13 16 19.962  -7 22  3.37
1973  4 25.928473  2  13 16 20.865  -7 22 35.11
1973  4 25.928473  3  13 16 21.799  -7 21 42.79
1973  4 25.939584  4  13 16 19.883  -7 22  2.13
1973  4 25.939584  2  13 16 20.759  -7 22 33.52
1973  4 25.939584  3  13 16 21.704  -7 21 41.67
1973  5 22.885417  4  13 12 45.291  -7  1  3.31
1973  5 22.885417  3  13 12 47.678  -7  0 50.00
1973  5 22.896528  4  13 12 45.184  -7  1  2.62
1973  5 22.896528  3  13 12 47.580  -7  0 50.03
1973  5 22.915972  4  13 12 45.043  -7  1  1.13
1973  5 22.915972  3  13 12 47.467  -7  0 49.11
1973  5 23.876389  4  13 12 39.707  -7  0 10.25
1973  5 23.887500  4  13 12 39.620  -7  0  9.24
1973  5 23.898611  4  13 12 39.559  -7  0  8.83
1974  4 16.919079  3  13 36 14.994  -9 21 59.64 
1974  4 16.919079  2  13 36 15.651  -9 22 45.70
1974  4 16.919079  4  13 36 17.631  -9 22 24.73
1974  4 16.930160  3  13 36 14.907  -9 21 58.37
1974  4 16.930160  2  13 36 15.533  -9 22 43.96
1974  4 16.930160  4  13 36 17.516  -9 22 24.35
1974  4 16.941241  3  13 36 14.837  -9 21 58.41
1974  4 16.941241  2  13 36 15.370  -9 22 45.78
1974  4 16.941241  4  13 36 17.441  -9 22 24.12
1974  5 14.925040  3  13 32  0.366  -8 57 41.08
1974  5 14.925040  4  13 32  0.737  -8 58 27.83
1974  5 14.936121  3  13 32  0.306  -8 57 40.88
1974  5 14.936121  4  13 32  0.601  -8 58 27.82
1974  5 14.947202  3  13 32  0.176  -8 57 40.75
1974  5 14.947202  4  13 32  0.526  -8 58 27.38
1974  5 20.921863  4  13 31 11.180  -8 53 40.31
1974  5 20.921863  3  13 31 11.732  -8 53 35.88
1974  5 20.932943  4  13 31 11.041  -8 53 40.47
1974  5 20.932943  3  13 31 11.617  -8 53 35.47
1974  5 20.944024  4  13 31 11.003  -8 53 38.66
1974  5 20.944024  3  13 31 11.529  -8 53 33.77
1974  5 21.920506  4  13 31  4.375  -8 52 40.34
1974  5 21.920506  3  13 31  5.168  -8 52 37.51
1974  5 21.931588  4  13 31  4.330  -8 52 40.30
1974  5 21.931588  3  13 31  5.101  -8 52 36.25
1974  5 21.942670  4  13 31  4.219  -8 52 39.46
1974  5 21.942670  3  13 31  5.069  -8 52 35.32
1974  6 11.937234  2  13 29  7.543  -8 41 52.46
1974  6 11.937234  4  13 29  7.952  -8 42 50.15
1974  6 11.937234  3  13 29  8.341  -8 42 29.34
1974  6 11.948316  4  13 29  7.860  -8 42 51.12
1974  6 11.958703  2  13 29  7.316  -8 41 53.45
1974  6 11.958703  4  13 29  7.883  -8 42 50.03
1974  6 11.958703  3  13 29  8.182  -8 42 29.18
1974  6 12.911638  3  13 29  3.792  -8 42 25.10
1974  6 12.933808  3  13 29  3.617  -8 42 24.36
1974  6 13.901295  4  13 28 58.971  -8 42 17.00
1974  6 13.901295  3  13 28 59.217  -8 42  7.60
1974  6 13.912386  4  13 28 58.951  -8 42 18.17
1974  6 19.899462  4  13 28 42.396  -8 39 19.77
1974  6 19.899462  3  13 28 43.383  -8 40  1.49
1974  6 19.910546  4  13 28 42.411  -8 39 19.68
1974  6 19.910546  3  13 28 43.318  -8 40  1.78
1974  6 19.921624  3  13 28 43.344  -8 40  2.59
1974  6 20.896725  4  13 28 40.869  -8 39 13.15
1974  6 20.918883  3  13 28 40.497  -8 40 14.03
1972  6  8.920550  0  12 53 33.055  -5  0 51.05
1973  4  4.920834  0  13 19 41.991  -7 42 11.57
1973  4  4.931945  0  13 19 41.910  -7 42 11.25
1973  4  4.943056  0  13 19 41.804  -7 42 10.29
1973  4  5.912500  0  13 19 32.486  -7 41 14.78
1973  4  5.923611  0  13 19 32.398  -7 41 14.03
1973  4  5.934723  0  13 19 32.266  -7 41 13.88
1973  4 25.917361  0  13 16 21.504  -7 22 17.86
1973  4 25.928473  0  13 16 21.390  -7 22 17.53
1973  4 25.939584  0  13 16 21.336  -7 22 16.09
1973  5 22.885417  0  13 12 46.663  -7  1 16.97
1973  5 22.896528  0  13 12 46.566  -7  1 16.99
1973  5 22.915972  0  13 12 46.435  -7  1 15.93
1973  5 23.876389  0  13 12 40.426  -7  0 41.89
1973  5 23.887500  0  13 12 40.374  -7  0 41.17
1973  5 23.898611  0  13 12 40.312  -7  0 41.04
1973  5 24.884609  0  13 12 34.277  -7  0  6.33
1973  5 24.892919  0  13 12 34.216  -7  0  5.96
1973  5 24.900537  0  13 12 34.197  -7  0  6.15
1973  5 25.859023  0  13 12 28.518  -6 59 32.35
1973  6 18.874521  0  13 10 56.739  -6 51 10.29
1973  6 18.882833  0  13 10 56.723  -6 51  9.21
1973  6 18.891143  0  13 10 56.687  -6 51  9.26
1973  6 18.900838  0  13 10 56.692  -6 51  9.17
1973  6 18.909149  0  13 10 56.635  -6 51  9.40
1973  6 18.917460  0  13 10 56.636  -6 51  9.19
1973  6 25.906657  0  13 10 50.028  -6 50 47.19
1973  6 25.914276  0  13 10 50.036  -6 50 47.13
1973  6 25.921893  0  13 10 49.990  -6 50 47.10
1974  4 16.919079  0  13 36 15.705  -9 22 25.83
1974  4 16.930160  0  13 36 15.601  -9 22 25.17
1974  4 16.941241  0  13 36 15.492  -9 22 24.64
1974  5 14.925040  0  13 31 59.250  -8 58  7.00
1974  5 14.936121  0  13 31 59.138  -8 58  6.56
1974  5 14.947202  0  13 31 59.081  -8 58  5.72
1974  5 20.921863  0  13 31 12.941  -8 53 46.02
1974  5 20.932943  0  13 31 12.855  -8 53 45.45
1974  5 20.944024  0  13 31 12.793  -8 53 44.86
1974  5 21.920506  0  13 31  5.642  -8 53  4.86
1974  5 21.931588  0  13 31  5.594  -8 53  4.26
1974  5 21.942670  0  13 31  5.468  -8 53  4.11
1974  6 11.937234  0  13 29  7.226  -8 42 13.70
1974  6 11.948316  0  13 29  7.188  -8 42 13.36
1974  6 11.958703  0  13 29  7.140  -8 42 13.13
1974  6 12.911638  0  13 29  3.510  -8 41 54.12
1974  6 12.922729  0  13 29  3.445  -8 41 54.54
1974  6 12.933808  0  13 29  3.403  -8 41 54.21
1974  6 13.901295  0  13 28 59.934  -8 41 35.12
1974  6 13.912386  0  13 28 59.894  -8 41 34.87
1974  6 13.923463  0  13 28 59.890  -8 41 34.74
1974  6 19.899462  0  13 28 42.074  -8 40  4.29
1974  6 19.910546  0  13 28 41.992  -8 40  3.81
1974  6 19.921264  0  13 28 41.978  -8 40  3.86
1974  6 20.896725  0  13 28 39.745  -8 39 52.75
1974  6 20.907804  0  13 28 39.695  -8 39 52.80
1974  6 20.918883  0  13 28 39.667  -8 39 52.46
