1966 02 14.35912  3   +1.112  +55.59   2   695
1966 02 14.35912  2   +0.332  +15.86   2   695
1966 02 14.35912  1   +0.487  +25.46   2   695
1966 02 14.38464  3   +1.103  +55.06   3   695
1966 02 14.38464  2   +0.321  +15.42   3   695
1966 02 14.38464  1   +0.504  +25.79   3   695
1966 02 17.24913  3   -0.857  -51.20   3   693
1966 02 17.25573  3   -0.858  -51.40   3   693
1966 02 19.33681  1   -1.040  -55.85   1   693
1966 02 19.34132  1   -1.019  -55.68   3   693
1966 03 29.26129  3   +0.325  +19.67   2   693
1966 03 29.26129  2   +0.002  +02.12   2   693
1966 03 29.26129  1   -0.364  -18.93   2   693
1966 04 12.20945  3   -0.612  -34.17   3   693
1966 04 12.23907  3   -0.614  -34.05   2   693
1966 04 13.22182  3   -0.469  -26.33   3   693
1966 04 13.22182  2   -1.024  -54.96   3   693
1966 04 13.22182  1   -0.898  -48.30   3   693
1966 04 13.23264  3   -0.454  -26.24   2   693
1966 04 13.23264  2   -1.035  -55.21   2   693
1966 04 13.23264  1   -0.880  -48.25   2   693
1966 04 14.17882  3   -0.281  -16.34   3   693
1966 04 14.17882  2   -0.899  -51.35   3   693
1966 04 14.17882  1   -0.530  -29.65   3   693
1966 04 14.18906  3   -0.285  -16.20   3   693
1966 04 14.18906  1   -0.530  -29.52   3   693
1966 04 23.16111  3   +1.031  +59.52   3   693
1966 04 23.16111  2   +0.723  +41.91   3   693
1966 04 23.16111  1   +0.217  +15.04   3   693
1966 04 23.17048  3   +1.033  +59.39   3   693
1966 04 23.17048  2   +0.736  +42.15   3   693
1966 04 23.17048  1   +0.233  +14.78   3   693
1966 04 25.17109  3   -0.008  +07.22   3   693
1966 04 25.17109  2   -0.469  -20.25   3   693
1966 04 25.17934  3   -0.005  +07.01   3   693
1966 04 25.17934  2   -0.475  -20.63   3   693
1966 05 09.22250  1   -0.200  -09.04   2   695
1966 05 09.23848  1   -0.212  -09.05   3   695
1966 05 10.14390  3   -0.194  -10.13   2   695
1966 05 10.14390  2   -0.315  -15.66   2   695
1966 05 10.17875  3   -0.195  -10.04   3   695
1966 05 10.17875  2   -0.310  -15.54   3   695
1966 05 11.21307  3   -0.210  -10.46   3   693
1966 05 11.22670  3   -0,205  -10.52   3   693
1966 05 12.14210  3   -0.333  -17.37   3   693
1966 05 12.14210  2   -1.074  -60.06   3   693
1966 05 12.14210  1   -0.490  -28.44   3   693
1966 05 12.14791  3   -0.333  -17.52   3   693
1966 05 12.14791  2   -1.069  -60.28   3   693
1966 05 12.14791  1   -0.492  -28.54   3   693
1966 05 13.13950  2   -0.646  -40.86   3   693
1966 05 13.13950  1   -0.782  -45.79   3   693
1966 05 13.14696  2   -0.641  -40.60   3   693
1966 05 13.14696  1   -0.780  -45.72   3   693
1966 05 24.14752  3   -1.261  -71.63   2   693
1966 05 24.14752  2   -0.919  -49.23   2   693
