 1  4  1903  5 23  14 09 44    87.15   -9.99
 1  4  1903  5 23  14 09 18   999.99   38.29
 1  4  1903  5 28  14 10 28   259.10   -9.99
 1  4  1903  5 28  14 09 50   999.99   43.75
 1  4  1903  5 31  12 13 41   336.20   -9.99
 1  4  1903  5 31  12 13 42   999.99   48.74
 1  4  1903  6  2  12 35 44     2.10   -9.99
 1  4  1903  6  2  12 35 31   999.99   55.35
 1  3  1903  6 12  11 17 08    33.25   -9.99
 1  3  1903  6 12  11 16 54   999.99   30.04
 1  3  1903  6 26  11 43 51   254.10   -9.99
 1  3  1903  6 26  11 44 35   999.99   26.05
 1  3  1903  6 27  11 32 17   310.95   -9.99
 1  3  1903  6 27  11 32 13   999.99   45.65
 1  3  1903  7 17  10 16 35    53.15   -9.99
 1  3  1903  7 17  10 16 54   999.99   19.21
 1  3  1903  8  7   8 39 59   227.90   -9.99
 1  3  1903  8  7   8 39 34   999.99   19.45
 1  3  1903  8 19   8 13 09   326.45   -9.99
 1  3  1903  8 19   8 14 01   999.99   40.09
 1  3  1903  8 20   8 36 29    39.30   -9.99
 1  3  1903  8 20   8 37 04   999.99   43.62
 1  3  1903  8 21   8 51 17    91.15   -9.99
 1  3  1903  8 21   8 51 26   999.99   22.78
 2  4  1903  5 23  14 52 30   103.60   -9.99
 2  4  1903  5 23  14 53 00   999.99   24.35
 2  4  1903  5 28  13 52 03   266.50   -9.99
 2  4  1903  5 28  13 51 54   999.99   37.30
 2  4  1903  5 29  14 00 07   262.45   -9.99
 2  4  1903  5 29  13 59 45   999.99   23.93
 2  4  1903  6  4  13 12 04    67.45   -9.99
 2  4  1903  6  4  13 12 08   999.99   24.48
 2  3  1903  6 13  11 31 50    68.20   -9.99
 2  3  1903  6 13  11 32 06   999.99   16.05
 2  3  1903  6 26  11 25 51   304.70   -9.99
 2  3  1903  6 26  11 25 06   999.99   42.23
 2  3  1903  6 27  11 19 13   357.30   -9.99
 2  3  1903  6 27  11 19 42   999.99   28.16
 2  3  1903  7 17  10 32 25    45.60   -9.99
 2  3  1903  7 17  10 32 39   999.99   47.87
 2  3  1903  7 31   9 49 06   246.55   -9.99
 2  3  1903  7 31   9 49 14   999.99   22.84
 2  3  1903  8 19   8 30 23   350.10   -9.99
 2  3  1903  8 19   8 30 44   999.99   50.85
 2  3  1903  8 21   8 35 09   102.25   -9.99
 2  3  1903  8 21   8 34 39   999.99   34.77
 3  0  1903  5  2  15 34 23   351.10   -9.99
 3  0  1903  5  2  15 34 34   999.99   31.97
 3  0  1903  5 28  14 41 56   344.40   -9.99
 3  0  1903  5 28  14 42 21   999.99   32.47
 3  0  1903  5 29  14 32 14    25.70   -9.99
 3  0  1903  5 29  14 32 41   999.99   32.65
 3  0  1903  5 31  11 52 12   102.50   -9.99
 3  0  1903  5 31  11 52 28   999.99   32.89
 3  0  1903  6  2  12 16 22   188.15   -9.99
 3  0  1903  6  2  12 16 32   999.99   32.85
 3  0  1903  6  4  12 51 48   268.55   -9.99
 3  0  1903  6  4  12 51 37   999.99   32.79
 3  0  1903  6 12  11 28 59   238.30   -9.99
 3  0  1903  6 12  11 28 51   999.99   32.77
 3  0  1903  6 13  11 47 10   279.75   -9.99
 3  0  1903  6 13  11 47 29   999.99   32.81
 3  0  1903  6 26  11 55 32    98.20   -9.99
 3  0  1903  6 26  11 55 46   999.99   33.13
 3  0  1903  6 27  11 46 56   139.70   -9.99
 3  0  1903  6 27  11 46 48   999.99   32.61
 3  0  1903  7 10  11 03 05   314.75   -9.99
 3  0  1903  7 10  11 03 17   999.99   32.49
 3  0  1903  7 11  11 07 17   358.00   -9.99
 3  0  1903  7 11  11 07 22   999.99   32.47
 3  0  1903  7 17  10 51 16   245.05   -9.99
 3  0  1903  7 17  10 51 31   999.99   32.71
 3  0  1903  7 25  10 09 05   214.90   -9.99
 3  0  1903  7 25  10 09 18   999.99   32.41
 3  0  1903  7 31  10 05 39   102.25   -9.99
 3  0  1903  7 31  10 05 47   999.99   32.43
 3  0  1903  8  7   9 04 57    31.90   -9.99
 3  0  1903  8  7   9 05 16   999.99   32.31
 3  0  1903  8 19   8 51 49   166.90   -9.99
 3  0  1903  8 19   8 52 15   999.99   31.71
 3  0  1903  8 20   8 55 21   208.20   -9.99
 3  0  1903  8 20   8 56 32   999.99   32.14
 3  0  1903  8 21   9 14 06   249.70   -9.99
 3  0  1903  8 21   9 14 12   999.99   31.72
 4  0  1903  5  2  15 20 04    85.65   -9.99
 4  0  1903  5  2  15 20 29   999.99   43.42
 4  0  1903  5 23  14 28 30   285.60   -9.99
 4  0  1903  5 23  14 28 39   999.99   43.64
 4  0  1903  5 28  14 27 55    60.30   -9.99
 4  0  1903  5 28  14 28 11   999.99   44.28
 4  0  1903  5 29  14 18 33    86.85   -9.99
 4  0  1903  5 29  14 19 08   999.99   44.01
 4  0  1903  5 31  12 00 07   138.05   -9.99
 4  0  1903  5 31  12 00 16   999.99   43.56
 4  0  1903  6  2  12 24 12   192.55   -9.99
 4  0  1903  6  2  12 24 16   999.99   44.31
 4  0  1903  6  4  13 25 08   245.90   -9.99
 4  0  1903  6  4  13 25 29   999.99   44.15
 4  0  1903  6 13  11 56 59   125.30   -9.99
 4  0  1903  6 13  11 57 16   999.99   43.55
 4  0  1903  6 27  11 58 39   140.15   -9.99
 4  0  1903  6 27  11 58 54   999.99   43.92
 4  3  1903  7 10  10 49 33   130.00   -9.99
 4  3  1903  7 10  10 49 44   999.99   75.58
 4  3  1903  7 11  10 55 56   164.00   -9.99
 4  3  1903  7 11  10 55 28   999.99   74.45
 4  3  1903  7 17  10 43 11   357.90   -9.99
 4  3  1903  7 17  10 43 10   999.99   43.83
 4  3  1903  7 25   9 56 32   118.90   -9.99
 4  3  1903  7 25   9 56 57   999.99   32.19
 4  3  1903  7 31   9 57 56   307.60   -9.99
 4  3  1903  7 31   9 58 22   999.99   69.68
 4  3  1903  8  7   8 55 39   178.10   -9.99
 4  3  1903  8  7   8 55 25   999.99   65.46
 4  3  1903  8 18   8 50 31    40.95   -9.99
 4  3  1903  8 18   8 50 56   999.99   26.40
 4  3  1903  8 19   8 42 42    67.20   -9.99
 4  3  1903  8 19   8 42 34   999.99   34.43
 4  3  1903  8 20   9 05 22    97.00   -9.99
 4  3  1903  8 20   9 05 55   999.99   42.43
 4  3  1903  8 21   9 04 18   128.20   -9.99
 4  3  1903  8 21   9 04 21   999.99   48.75
