1966  5 19.90742  0    11 07 47.603   6 26 37.95
1966  5 19.90742  4    11 07 47.105   6 26 05.82
1966  5 19.90742  3    11 07 48.173   6 27 09.50
1966  5 19.90916  0    11 07 47.623   6 26 38.01
1966  5 19.90916  4    11 07 47.086   6 26 05.28
1966  5 19.90916  3    11 07 48.140   6 27 08.43
1966  5 19.91054  0    11 07 47.611   6 26 37.87
1966  5 19.91054  4    11 07 47.127   6 26 07.08
1966  5 20.89984  0    11 07 46.847   6 26 38.85
1966  5 20.89984  3    11 07 47.228   6 27 02.69
1966  5 20.90157  0    11 07 46.862   6 26 38.93
1966  5 20.90157  3    11 07 47.230   6 27 01.81
1967  3  3.04486  0    11 34 59.887   3 34 56.56
1967  3  3.04486  3    11 35  0.519   3 35 29.27
1967  3  3.04486  4    11 35  0.611   3 35 38.82
1967  4  6.93821  0    11 29 33.899   4  9 40.13
1967  4  6.93821  4    11 29 32.973   4  8 56.65
1967  4  6.93821  3    11 29 34.476   4 10 12.86
1967  4  6.95138  0    11 29 33.753   4  9 40.88
1967  4  6.95138  4    11 29 32.880   4  8 57.73
1967  4  6.95138  3    11 29 34.344   4 10 13.57
1967  4  6.96454  0    11 29 33.635   4  9 41.49
1967  4  6.96454  4    11 29 32.802   4  8 58.49
1967  4  6.96454  3    11 29 34.238   4 10 14.65
1967  4 11.93150  0    11 28 52.774   4 13 56.42
1967  4 11.93150  3    11 28 52.148   4 13 26.55
1967  4 11.94120  0    11 28 52.707   4 13 56.50
1967  4 11.94120  3    11 28 52.055   4 13 27.42
1967  4 11.95089  0    11 28 52.601   4 13 57.41
1967  4 11.95089  3    11 28 52.021   4 13 28.28
1967  5 29.89599  0    11 25 29.367   4 33 44.23
1967  5 29.89599  4    11 25 28.633   4 33 01.60
1967  5 29.89599  3    11 25 29.962   4 34 12.57
1967  5 29.90777  0    11 25 29.347   4 33 43.96
1967  5 29.90777  4    11 25 28.602   4 33 01.05
1967  5 29.90777  3    11 25 29.944   4 34 12.07
1967  5 29.91885  0    11 25 29.359   4 33 43.71
1967  5 29.91885  4    11 25 28.624   4 33 01.16
1967  5 29.91885  3    11 25 29.910   4 34 12.01
