2446224.8101   1      8.16  -12.58
2446224.8128   1      8.10  -12.63
2446224.8245   1      7.68  -12.78
2446224.8262   1      7.51  -12.70
2446225.8124   1    -13.36    4.69
2446225.8136   1    -13.40    4.85
2446225.8221   1    -13.81    5.08
2446225.8237   1    -13.52    4.97
2446244.7641   1     13.09   -6.46
2446244.7659   1     12.98   -6.57
2446244.7745   1     12.78   -6.99
2446244.7764   1     12.81   -6.90
2446272.6748   1      8.58  -11.50
2446272.6766   1      8.55  -11.56
2446286.6461   1     -4.99   13.16
2446286.6501   1     -4.94   13.18
2446287.6402   1     12.20   -7.34
2446287.6422   1     12.18   -7.34
2446600.7874   1     -6.84  -12.74
2446600.7892   1     -6.90  -12.72
2446601.7850   1     -2.27   14.07
2446601.7870   1     -2.10   14.15
2446601.7982   1     -1.82   14.19
2446601.8000   1     -1.73   14.20
2446629.7093   1      4.80   13.45
2446629.7116   1      4.90   13.41
2446642.6610   1     13.37    4.96
2446642.6631   1     13.40    4.93
2446642.6743   1     13.57    4.48
2446642.6764   1     13.58    4.39
2446643.6727   1     -7.85  -11.76
2446643.6751   1     -7.89  -11.77
2446658.6509   1     -3.03  -13.68
2446658.6528   1     -3.04  -13.64
2446224.8101   2    -16.39  -12.22
2446224.8128   2    -16.35  -12.16
2446224.8245   2    -16.63  -11.61
2446224.8262   2    -16.78  -11.61
2446225.8124   2    -12.36   15.60
2446225.8136   2    -12.29   15.73
2446225.8221   2    -12.66   15.81
2446225.8237   2    -12.39   15.70
2446244.7641   2      4.50  -19.49
2446244.7659   2      4.40  -19.54
2446244.7745   2      4.07  -19.74
2446244.7764   2      4.08  -19.61
2446272.6748   2     18.98    5.89
2446272.6766   2     19.01    5.80
2446286.6461   2     -8.57  -17.43
2446287.6402   2    -18.05    7.60
2446287.6422   2    -18.05    7.68
2446600.7874   2     14.65  -13.62
2446600.7892   2     14.64  -13.69
2446601.7850   2    -12.95  -15.40
2446601.7870   2    -12.89  -15.29
2446601.7982   2    -13.23  -15.07
2446601.8000   2    -13.31  -15.04
2446629.7093   2     16.26  -11.53
2446629.7116   2     16.27  -11.56
2446642.6610   2      3.17  -19.47
2446642.6631   2      3.08  -19.45
2446642.6743   2      2.78  -19.52
2446642.6764   2      2.72  -19.58
2446643.6727   2    -19.45   -3.62
2446643.6751   2    -19.42   -3.62
2446658.6509   2     17.06   -9.77
2446658.6528   2     17.10   -9.80
2446224.8101   3     16.22  -29.38
2446224.8128   3     16.26  -29.43
2446224.8245   3     15.92  -29.49
2446224.8262   3     15.76  -29.39
2446225.8124   3     -6.82  -32.43
2446225.8136   3     -6.88  -32.35
2446225.8221   3     -7.58  -32.30
2446225.8237   3     -7.33  -32.43
2446244.7641   3    -32.10   -7.64
2446244.7659   3    -32.20   -7.66
2446244.7745   3    -32.25   -7.54
2446244.7764   3    -32.20   -7.41
2446272.6748   3    -16.18   28.26
2446272.6766   3    -16.10   28.27
2446286.6461   3     -4.64  -31.62
2446286.6501   3     -4.69  -31.64
2446287.6402   3    -24.43  -20.73
2446287.6422   3    -24.43  -20.62
2446600.7874   3    -19.99  -26.40
2446600.7892   3    -20.01  -26.39
2446601.7850   3    -32.45   -7.09
2446601.7870   3    -32.35   -6.96
2446601.7982   3    -32.52   -6.74
2446601.8000   3    -32.52   -6.69
2446629.7093   3    -15.07   28.87
2446629.7116   3    -14.99   28.90
2446642.6610   3     17.00  -27.56
2446642.6631   3     16.93  -27.54
2446642.6743   3     16.74  -27.73
2446642.6764   3     16.67  -27.81
2446643.6727   3     -5.93  -31.73
2446643.6751   3     -5.94  -31.76
2446658.6509   3     32.21    0.17
2446658.6528   3     32.24    0.16
2446224.8101   4    -16.30  -41.47
2446224.8128   4    -16.35  -41.48
2446224.8245   4    -16.61  -41.30
2446224.8262   4    -16.77  -41.15
2446225.8124   4    -33.01  -29.38
2446225.8136   4    -33.05  -29.27
2446225.8221   4    -33.68  -29.18
2446225.8237   4    -33.42  -29.29
2446244.7641   4     11.52   42.43
2446244.7659   4     11.45   42.33
2446244.7745   4     11.62   42.23
2446244.7764   4     11.72   42.28
2446272.6748   4     28.98   31.93
2446272.6766   4     28.99   31.93
2446286.6461   4     35.47   24.07
2446286.6501   4     35.46   24.02
2446287.6402   4     42.67    5.56
2446287.6422   4     42.67    5.56
2446600.7874   4      4.84  -43.66
2446600.7892   4      4.77  -43.63
2446601.7850   4    -15.38  -41.29
2446601.7870   4    -15.31  -41.25
2446601.7982   4    -15.63  -41.19
2446601.8000   4    -15.65  -41.15
2446629.7093   4    -32.26  -29.50
2446629.7116   4    -32.27  -29.44
2446642.6610   4    -24.09  -36.00
2446642.6631   4    -24.16  -35.93
2446642.6743   4    -24.34  -35.83
2446642.6764   4    -24.40  -35.84
2446643.6727   4    -37.98  -21.08
2446643.6751   4    -37.98  -21.09
2446658.6509   4    -42.16    8.23
2446658.6528   4    -42.11    8.27
2446224.8245   5     -9.35   -3.18
2446224.8262   5     -9.39   -2.80
2446244.7745   5     -8.84    3.72
2446601.7870   5      6.43   -7.42
