 4 1875  1  5 14 33     13.4   -99.99
 4 1875  1 26 10 31    185.5   -99.99
 4 1875  1 26 11 14    999.99   46.90
 4 1875  2  1 10 42     16.6   -99.99
 4 1875  2  1 11 23    999.99   44.85
 4 1875  2 16  8 26    353.2   -99.99
 4 1875  2 16  9  7    999.99   43.65
 4 1875  2 22  8 25    184.5   -99.99
 4 1875  2 22  8 38    999.99   46.36
 4 1875  2 26  9 45     60.6   -99.99
 4 1875  2 26 10  9    999.99   30.43
 4 1875  3  4  8 15    275.3   -99.99
 4 1875  3  4  8 47    999.99   25.70
 4 1875  3  4  8 34    273.9   -99.99
 4 1875  3  8  9 15    175.9   -99.99
 4 1875  3  8  9  2    999.99   43.77
 4 1875  3 13  9  0     23.1   -99.99
 4 1875  3 13  8 37    999.99   41.71
 4 1875  3 22  8 21    999.99   40.92
 4 1875  3 25  9  6     60.4   -99.99
 4 1875  3 25  8 37    999.99   28.83
 4 1875  3 27  9 21     13.7   -99.99
 4 1875  3 27  8 53    999.99   43.85
 4 1875  4  5  7 43    156.5   -99.99
 4 1875  4  5  8  8    999.99   36.95
 4 1875  4  5 10  4    154.1   -99.99
 4 1875  4  5  9 19    999.99   35.82
 4 1875  4  6  7 50    127.3   -99.99
 4 1875  4  6  8 13    999.99   28.38
 4 1875  4  8  8 30     41.2   -99.99
 4 1875  4 14  9 18    242.3   -99.99
 4 1875  4 14  8 44    999.99   27.25
 4 1875  4 20  8 28    101.4   -99.99
 4 1875  4 20  8 48    999.99   24.83
 4 1875  4 21  8  6     57.9   -99.99
 4 1875  4 21  8 18    999.99   29.39
 4 1875  4 23  8  3     14.0   -99.99
 4 1875  4 23  8 16    999.99   43.20
 4 1875  4 25  7 57    341.0   -99.99
 4 1875  4 25  8 13    999.99   36.76
 4 1875  4 29  8 24    205.4   -99.99
 4 1875  4 29  8 45    999.99   39.95
 4 1875  5  2  8  5    154.3   -99.99
 4 1875  5  2  8 15    999.99   34.36
 4 1875  5  4  8 26     77.6   -99.99
 4 1875  5  4  8 38    999.99   25.75
 4 1875  5  6  7 59     20.0   -99.99
 4 1875  5  6  8  7    999.99   40.65
 4 1875  5 11  8 18    241.5   -99.99
 4 1875  5 13  8 10    197.3   -99.99
 4 1875  5 13  8 39    999.99   42.16
 4 1875  5 14  8 10    182.4   -99.99
 4 1875  5 16  9 17    138.3   -99.99
 4 1875  5 16  9 24    999.99   29.73
 4 1875  5 17  8 28     95.9   -99.99
 4 1875  5 17  8 37    999.99   24.00
 4 1875  5 19  8 24     29.2   -99.99
 4 1875  5 19  8 37    999.99   37.29
 4 1875  5 22  8 25    338.8   -99.99
 4 1875  5 22  8 41    999.99   35.47
 4 1875  5 25  8 21    229.6   -99.99
 4 1875  5 25  8 45    999.99   31.36
 4 1875  5 27  8 27    189.3   -99.99
 4 1875  5 27  8 45    999.99   42.39
 4 1875  5 28  8 28    173.4   -99.99
 4 1875  5 28  8 59    999.99   40.10
 3 1875  1  5 14 19     34.4   -99.99
 3 1875  1 26 11  2    259.6   -99.99
 3 1875  1 26 10 47    999.99   19.42
 3 1875  2  1 10 35     15.0   -99.99
 3 1875  2  1 11 20    999.99   33.41
 3 1875  2 16  8 39    137.8   -99.99
 3 1875  2 16  8 50    999.99   22.49
 3 1875  2 22  8 15    220.0   -99.99
 3 1875  2 22  9  4    999.99   27.62
 3 1875  2 26  9 38     49.7   -99.99
 3 1875  2 26 10  5    999.99   23.91
 3 1875  2 26  9 53     52.9   -99.99
 3 1875  3  4  8  3    184.3   -99.99
 3 1875  3  4  8 28    999.99   34.68
 3 1875  3  4  8 40    183.9   -99.99
 3 1875  3  8  9 25     11.0   -99.99
 3 1875  3  8  8 49    999.99   33.95
 3 1875  3 13  8 57    175.6   -99.99
 3 1875  3 13  8 47    999.99   32.72
 3 1875  3 22  8 22    999.99   30.79
 3 1875  3 25  8 56     21.6   -99.99
 3 1875  3 25  8 47    999.99   30.98
 3 1875  3 27  9 29    325.3   -99.99
 3 1875  3 27  9  9    999.99   24.17
 3 1875  4  5  8 26    310.6   -99.99
 3 1875  4  5  8 42    999.99   21.35
 3 1875  4  5  9 55    308.9   -99.99
 3 1875  4  5  9 43    999.99   20.98
 3 1875  4  8  8  8    178.1   -99.99
 3 1875  4  8  8 20    999.99   33.34
 3 1875  4 14  9  2    999.99   19.28
 3 1875  4 20  8  1     26.5   -99.99
 3 1875  4 20  8 14    999.99   29.67
 3 1875  4 21  7 58      1.8   -99.99
 3 1875  4 21  8 31    999.99   32.78
 3 1875  4 23  8 27    271.2   -99.99
 3 1875  4 23  8 38    999.99   18.58
 3 1875  4 25  8 23    189.2   -99.99
 3 1875  4 25  8 43    999.99   32.87
 3 1875  4 29  8 18     19.0   -99.99
 3 1875  4 29  8 34    999.99   31.27
 3 1875  5  2  8 27    249.6   -99.99
 3 1875  5  2  8 45    999.99   19.50
 3 1875  5  4  8  1    182.9   -99.99
 3 1875  5  4  8 13    999.99   32.40
 3 1875  5  4  9  8    999.99   32.25
 3 1875  5  6  8 18     99.3   -99.99
 3 1875  5  6  8 26    999.99   18.57
 3 1875  5 12  8  8    202.6   -99.99
 3 1875  5 12  8 21    999.99   30.44
 3 1875  5 13  8  2    176.5   -99.99
 3 1875  5 13  8 22    999.99   31.28
 3 1875  5 14  8  3    142.3   -99.99
 3 1875  5 14  8 21    999.99   21.64
 3 1875  5 16  8 56     29.0   -99.99
 3 1875  5 16  9  7    999.99   28.29
 3 1875  5 17  8 10      4.8   -99.99
 3 1875  5 17  8 20    999.99   32.19
 3 1875  5 22  8 31    170.0   -99.99
 3 1875  5 22  8 50    999.99   28.04
 3 1875  5 25  8 15     20.7   -99.99
 3 1875  5 25  8 32    999.99   30.26
 3 1875  5 27  8 33    323.4   -99.99
 3 1875  5 27  8 57    999.99   22.87
 3 1875  5 28  8 36    256.7   -99.99
 3 1875  5 28  8 45    999.99   18.52
 2 1875  3 25  8 58    999.99   17.91
 2 1875  3 25 10  4     24.6   -99.99
 2 1875  3 27  9 52    210.4   -99.99
 2 1875  3 27  9 59    999.99   17.17
 2 1875  5  6  8 37      7.7   -99.99
 2 1875  5  6  8 49    999.99   20.01
 2 1875  5  6  9  6    999.99   18.32
 1 1875  2  1 10 14    196.6   -99.99
 1 1875  4 14  8 33      8.2   -99.99
 1 1875  4 14  8 21    999.99   14.52
 1 1875  3 22  8 46     36.7   -99.99
 1 1875  3 22  8 46    999.99   12.37
 1 1875  3 22  9  9     35.8   -99.99
 1 1875  3 25  9 42    349.5   -99.99
 1 1875  3 25  9 42    999.99   13.83
 4 1876  2 16 10 53    320.9   -99.99
 4 1876  2 17 10 58    271.5   -99.99
 4 1876  2 17 11 41    999.99   22.29
 4 1876  2 18 11  6    227.8   -99.99
 4 1876  2 18 11 25    999.99   30.18
 4 1876  3  4 10 52    198.3   -99.99
 4 1876  3  4 11 18    999.99   44.25
 4 1876  3  9  8 54     57.4   -99.99
 4 1876  3  9  9  6    999.99   27.28
 4 1876  3 13  8 44    346.8   -99.99
 4 1876  3 13  8 55    999.99   38.24
 4 1876  3 14  9 44    318.2   -99.99
 4 1876  3 14  9 52    999.99   27.30
 4 1876  3 22  9 18     77.9   -99.99
 4 1876  3 22  9 26    999.99   23.36
 4 1876  3 23  8 58     41.5   -99.99
 4 1876  3 23  9  8    999.99   32.68
 4 1876  3 31  8 13    198.0   -99.99
 4 1876  3 31  8 24    999.99   43.48
 4 1876  4  6  7 51     30.4   -99.99
 4 1876  4  6  7 59    999.99   37.32
 4 1876  4  8  7 39      1.5   -99.99
 4 1876  4  8  7 49    999.99   44.27
 4 1876  4 15  8  3    177.1   -99.99
 4 1876  4 15  8 13    999.99   42.80
 3 1876  1  6 12 18     23.25  -99.99
 3 1876  1  6 12 52    999.99   31.72
 3 1876  1 14 11 32     48.2   -99.99
 3 1876  1 14 12  7    999.99   27.18
 3 1876  1 20 12 24    186.2   -99.99
 3 1876  1 20 13  8    999.99   34.22
 3 1876  1 25 11  8    351.7   -99.99
 3 1876  1 25 11 40    999.99   31.09
 3 1876  1 26 11 35    309.6   -99.99
 3 1876  1 26 11 40    999.99   17.18
 3 1876  1 31 11 19     76.3   -99.99
 3 1876  1 31 11 36    999.99   16.32
 3 1876  2  2 10 42      6.8   -99.99
 3 1876  2  2 11 12    999.99   34.40
 3 1876  2 12 11 19    332.6   -99.99
 3 1876  2 12 11 27    999.99   23.27
 3 1876  2 16 10 49    166.1   -99.99
 3 1876  2 17 11  0    112.9   -99.99
 3 1876  2 17 11 19    999.99   16.15
 3 1876  2 18 11  2     44.1   -99.99
 3 1876  2 18 11 25    999.99   23.57
 3 1876  3  4 10 49    176.7   -99.99
 3 1876  3  4 11 17    999.99   31.57
 3 1876  3  9  8 33    339.7   -99.99
 3 1876  3  9  8 43    999.99   26.45
 3 1876  3 13  9  6    169.5   -99.99
 3 1876  3 13  9 16    999.99   29.76
 3 1876  3 14  9 30    125.9   -99.99
 3 1876  3 14  9 38    999.99   18.02
 3 1876  3 21  8  9    187.3   -99.99
 3 1876  3 21  8 22    999.99   33.95
 3 1876  3 22  9 34    160.7   -99.99
 3 1876  3 22  9 46    999.99   26.47
 3 1876  3 23  8 39    105.9   -99.99
 3 1876  3 23  8 48    999.99   16.84
 3 1876  3 31  7 48    152.3   -99.99
 3 1876  3 31  8  2    999.99   23.52
 3 1876  4  6  8  8    225.0   -99.99
 3 1876  4  6  8 18    999.99   23.35
 3 1876  4  8  7 59    173.7   -99.99
 3 1876  4  8  8  9    999.99   30.97
 3 1876  4 15  8 24    212.2   -99.99
 3 1876  4 15  8 35    999.99   27.54
 2 1876  1 20 12 13    179.3   -99.99
 2 1876  2 16 10 14    357.5   -99.99
 2 1876  2 16 10 34    999.99   20.15
 2 1876  2 17 10 20    242.9   -99.99
 2 1876  2 18 10 49    179.2   -99.99
 2 1876  2 18 10 35    999.99   20.40
 2 1876  2 22  9 37    184.7   -99.99
 2 1876  3  3 10 38     23.0   -99.99
 2 1876  3  3 10 56    999.99   19.71
 2 1876  3 14  8 57    176.3   -99.99
 2 1876  3 14  9  5    999.99   19.43
 2 1876  3 22  8 48    188.9   -99.99
 2 1876  3 22  9  2    999.99   21.10
 1 1876  1 31 10 47     29.0   -99.99
 1 1876  1 31 11  7    999.99   12.32
 1 1876  2 17 10  9    162.7   -99.99
 1 1876  2 17 10 40    999.99   10.64
 1 1876  2 18 10  8      2.5   -99.99
 1 1876  2 18 10 22    999.99   15.15
 1 1876  2 18 10 52      0.0   -99.99
 1 1876  3  3 10 24    172.7   -99.99
 1 1876  3  3 11 13    999.99   12.87
 1 1876  3  4 10 34     10.8   -99.99
 1 1876  3  9  9 22     17.7   -99.99
 1 1876  3  9  9 32    999.99   14.49
 1 1876  3 13  8 13    182.5   -99.99
 1 1876  3 13  8 30    999.99   14.81
 1 1876  3 14  8 47     23.4   -99.99
 1 1876  3 14  9 15    999.99   13.72
 1 1876  3 22  8 54    347.6   -99.99
 1 1876  3 22  9 10    999.99   12.50
 1 1876  3 23  8 17    189.8   -99.99
 1 1876  3 23  8 28    999.99   14.92
 1 1878 12 25  9 52     19.7   -99.99
 2 1878  4 30  8 51      2.0   -99.99
 2 1878  4 30  8 58    999.99   19.28
 2 1878  5  2  8 26    186.3   -99.99
 2 1878  5  2  8 37    999.99   20.14
 3 1878  3 23  9 58    177.0   -99.99
 3 1878  3 23  9 57    999.99   28.67
 3 1878  3 25  9 17     44.1   -99.99
 3 1878  3 25  9 42    999.99   19.29
 3 1878  4  2 11 12     44.3   -99.99
 3 1878  4  2 11 24    999.99   25.50
 4 1878  3 25  9 50    213.9   -99.99
 4 1878  3 25 10  1    999.99   27.84
 4 1878  4  8  9 36    206.1   -99.99
 4 1878  4  8 10  6    999.99   35.27
 4 1878  4 21  9 50    214.1   -99.99
 4 1878  4 21 10  1    999.99   28.48
 4 1878  4 22  9 23    201.5   -99.99
 4 1878  4 22  9 39    999.99   40.23
 4 1878  4 29  9 44     19.3   -99.99
 4 1878  4 29  9 56    999.99   42.42
 1 1879  4  6  9 23    180.8   -99.99
 1 1879  4  6  9 39    999.99   15.18
 3 1879  3 18  9 33     15.2   -99.99
 3 1879  3 18  9 45    999.99   34.00
 3 1879  4  2  9 19    165.3   -99.99
 3 1879  4  2  9 32    999.99   17.02
 3 1879  4  8  9 34    209.5   -99.99
 3 1879  4  8 10  6    999.99   24.08
 3 1879  4 21  9 49     31.4   -99.99
 3 1879  4 21 10  7    999.99   22.47
 3 1879  4 22  9 14     15.5   -99.99
 3 1879  4 22  9 58    999.99   33.64
 4 1879  3 25  9 50    213.9   -99.99
 4 1879  3 25 10  1    999.99   27.84
 4 1879  4  6  9 55    306.7   -99.99
 4 1879  4  6  9 13    999.99   12.86
 4 1879  4  8  9 36    206.1   -99.99
 4 1879  4  8 10  6    999.99   35.27
 4 1879  4 21  9 50    214.1   -99.99
 4 1879  4 21 10  1    999.99   28.48
 4 1879  4 22  9 23    201.5   -99.99
 4 1879  4 22  9 39    999.99   40.23
 4 1879  4 29  9 44     19.3   -99.99
 4 1879  4 29  9 56    999.99   42.42
