 4 1863 12 14  10 38.5   41.14  -99.99
 4 1863 12 14  11  7.9  999.99   45.27
 4 1863 12 14  11 17.6  999.99   44.85
 4 1863 12 16  10 37.2  347.46  -99.99
 4 1864  1 22   7 44.3   81.88  -99.99
 4 1864  1 22   8 13.0   82.24  -99.99
 4 1864  1 27   8  5.6  307.44  -99.99
 4 1864  1 28   7 43.3  281.05  -99.99
 4 1864  1 28   7 49.9  282.14  -99.99
 4 1864  1 29   9 42.8  254.20  -99.99
 4 1864  1 29  10 12.4  252.61  -99.99
 4 1864  2  5   6 49.9   66.81  -99.99
 4 1864  2  6   6 28.7   41.20  -99.99
 4 1864  2 26   8 17.8  226.79  -99.99
 4 1864  2 26   8 53.4  225.44  -99.99
 4 1864  2 27   8 16.5  196.29  -99.99
 4 1864  2 27   8 50.1  197.31  -99.99
 4 1864  3  2   7 26.6   93.04  -99.99
 4 1864  3  3   8 17.5   65.08  -99.99
 4 1864  3  7   7 15.8  318.83  -99.99
 4 1864  3  7   8 27.8  317.74  -99.99
 4 1864  3  8   8 26.2  291.38  -99.99
 4 1864  3 10   6 46.1  240.21  -99.99
 4 1864  3 10   7 32.4  239.41  -99.99
 4 1864  3 10   7 50.0  999.99   43.14
 4 1864  3 10   7 56.8  999.99   43.03
 3 1863 12 14  10 33.4   71.11  -99.99
 3 1863 12 14  11  0.0  999.99   33.76
 3 1863 12 16  10 38.1  345.64  -99.99
 3 1864  1 22   7 53.1  262.65  -99.99
 3 1864  1 22   8  4.7  261.80  -99.99
 3 1864  1 27   8  4.5   53.18  -99.99
 3 1864  1 28   7 35.4   12.40  -99.99
 3 1864  1 28   7 57.2   12.15  -99.99
 3 1864  1 29   9 50.1  327.93  -99.99
 3 1864  1 29  10  1.8  329.35  -99.99
 3 1864  2  5   6 43.8   45.25  -99.99
 3 1864  2  6   6 29.3    3.42  -99.99
 3 1864  2 26   8 11.7  255.71  -99.99
 3 1864  2 26   9  0.5  252.85  -99.99
 3 1864  2 27   8 11.5  210.41  -99.99
 3 1864  2 27   8 57.1  209.84  -99.99
 3 1864  3  2   7 36.0   49.51  -99.99
 3 1864  3  3   8 25.3    3.33  -99.99
 3 1864  3  7   7 44.0  200.89  -99.99
 3 1864  3  7   7 50.0  200.80  -99.99
 3 1864  3  8   8 34.4  157.29  -99.99
 3 1864  3 10   6 53.1   77.25  -99.99
 3 1864  3 10   7 24.3   77.26  -99.99
 3 1864  3 10   8  9.6  999.99   33.09
 2 1863 12 14  10 48.8    8.99  -99.99
 2 1864  2 26   8 34.3   72.42  -99.99
 2 1864  2 26   8 44.8   72.19  -99.99
 2 1864  2 27   8  2.9  344.71  -99.99
 2 1864  3  2   7 53.3    0.86  -99.99
 2 1864  3  3   8 33.1  269.61  -99.99
 2 1864  3  7   7 35.7  289.30  -99.99
 2 1864  3  7   8  4.2  287.80  -99.99
 2 1864  3 10   7  6.0   27.14  -99.99
 1 1863 12 14  10 42.3   86.79  -99.99
 1 1864  2 27   8 26.1  185.76  -99.99
 1 1864  3  2   8  6.6  333.30  -99.99
 1 1864  3  7   7 25.4  346.78  -99.99
 1 1864  3  7   8 15.6  343.15  -99.99
 1 1864  3 10   6 59.6  281.74  -99.99
