 4  1876  1  6  12 27  339.6  12 37  33.05
 4  1876  1 14  11 48  110.6  12  2  23.30
 4  1876  1 20  12 33  320.9  12 47  26.92
 4  1876  1 25  11  4  181.4  11 24  44.12
 4  1876  1 26  11  5  163.5  11 19  35.53 
 4  1876  2  2  10 43  337.6  11 12  32.79 
 4  1876  2 16  10 53  320.9   0  0  -9.99 
 4  1876  2 17  10 58  271.5  11 41  22.29 
 4  1876  2 18  11  6  227.8  11 25  30.18 
 4  1876  3  4  10 52  198.3  11 18  44.25 
 4  1876  3  9   8 54   57.4   9  6  27.28 
 4  1876  3 13   8 44  346.8   8 55  38.24 
 4  1876  3 14   9 44  318.2   9 52  27.30 
 4  1876  3 22   9 18   77.9   9 26  23.36 
 4  1876  3 23   8 58   41.5   9  8  32.68 
 4  1876  3 31   8 13  198.0   8 24  43.48 
 4  1876  4  6   7 51   30.4   7 59  37.32
 4  1876  4  8   7 39    1.5   7 49  44.27
 4  1876  4 15   8  3  177.1   8 13  42.80
 3  1876  1  6  12 18   23.5  12 52  31.72
 3  1876  1 14  11 32   48.2  12  7  27.18
 3  1876  1 20  12 24  186.2  13  8  34.22
 3  1876  1 25  11  8  351.7  11 40  31.09
 3  1876  1 26  11 35  309.6  11 40  17.18
 3  1876  1 31  11 19   76.3  11 36  16.32
 3  1876  2  2  10 42    6.8  11 12  34.40
 3  1876  2 12  11 19  332.6  11 27  23.27
 3  1876  2 16  10 49  166.1   0  0  -9.99
 3  1876  2 17  11  0  112.9  11 19  16.15
 3  1876  2 18  11  2   44.1  11 25  23.57
 3  1876  3  4  10 49  176.7  11 17  31.57
 3  1876  3  9   8 33  339.7   8 43  26.45
 3  1876  3 13   9  6  169.5   9 16  29.76
 3  1876  3 14   9 30  125.9   9 38  18.02
 3  1876  3 21   8  9  187.3   8 22  33.95
 3  1876  3 22   9 34  160.7   9 46  26.47
 3  1876  3 23   8 39  105.9   8 48  16.84
 3  1876  3 31   7 48  152.3   8  2  23.52
 3  1876  4  6   8  8  225.0   8 18  23.35
 3  1876  4  8   7 59  173.7   8  9  30.97
 3  1876  4 15   8 24  212.2   8 35  27.54
 2  1876  1 20  12 13  179.3   0  0  -9.99
 2  1876  1 26  10 54   23.3   0  0  -9.99
 2  1876  2 16  10 14  357.5  10 34  20.15
 2  1876  2 17  10 20  242.9   0  0  -9.99
 2  1876  2 18  10 49  179.2  10 35  20.40
 2  1876  2 22   9 37  184.7   0  0  -9.99
 2  1876  3  3  10 38   23.0  10 56  19.71
 2  1876  3 14   8 57  176.3   9  5  19.43
 2  1876  3 22   8 48  188.9   9  2  21.10
 1  1876  1 24  10 59   40.4   0  0  -9.99
 1  1876  1 31  10 47   29.0  11  7  12.32
 1  1876  2 17  10  9  162.7  10 40  10.64
 1  1876  2 18  10  8    2.5  10 22  15.15
 1  1876  2 18  10 52    0.0   0  0  -9.99
 1  1876  3  3  10 24  172.7  11 13  12.87
 1  1876  3  4  10 34   10.8   0  0  -9.99
 1  1876  3  9   9 22   17.7   9 32  14.49
 1  1876  3 13   8 13  182.5   8 30  14.81
 1  1876  3 14   8 47   23.4   9 15  13.72
 1  1876  3 22   8 54  347.6   9 10  12.50
 1  1876  3 23   8 17  189.8   8 28  14.92
 4  1877  3 10  10 33    9.2  11  0  46.18
 4  1877  3 15  10  0  212.1  10 19  35.69
 4  1877  3 29   9  6  204.3   9 27  40.81
 4  1877  3 30   9 28  190.0   9 28  46.21
 4  1877  4  5   9 29   20.1   9  1  42.41
 3  1877  3 10  10 19  327.9  10 46  19.11
 3  1877  3 15  10 34   94.9   0  0  -9.99
 3  1877  3 29   8 53  219.0   9 40  24.68
 3  1877  3 30   9 12  193.1   9 30  33.81
 3  1877  4  5  10 15  346.1   0  0  -9.99
 2  1877  3 30   9 15  188.0   0  0  -9.99
 2  1877  4  5   9 15   18.3   0  0  -9.99
 1  1877  4  5   9  7  199.3   0  0  -9.99
 4  1878  3 23   9 25    1.0   9 58  41.33
 4  1878  3 25   8 56  305.5   9 24  16.70
 4  1878  4  2  11 12   44.3  11 24  25.50
 3  1878  3 23   9 28  177.0   9 59  28.67
 3  1878  3 25   9 17   44.1   9 42  19.49
 2  1878  4 30   8 51    2.0   8 58  19.28
 2  1878  5  2   8 26  386.3   8 37  20.14
