2444290.69167   138.5   586
2444290.71875   145.3   586
2444339.53819   340.1   586
2444339.60694   356.1   586
2444339.64236     4.0   586
2444339.67639    11.6   586
2444340.53333   227.4   586
2444340.55833   234.0   586
2444340.57986   240.2   586
2444340.59375   244.5   586
2444340.60417   246.8   586
2444340.61806   251.4   586
2444340.63542   256.7   586
2444340.65287   260.7   586
2444340.66667   264.8   586
2444340.67708   266.2   586
2444341.55625   133.6   586
2444341.57708   141.2   586
2444341.59792   144.8   586
2444341.65347   157.5   586
2444341.66840   163.0   586
2444349.70972    45.7   809
2444349.71528    47.0   809
2444349.72222    48.8   809
2444349.72917    50.1   809
2444349.74514    55.2   809
2444349.75069    56.3   809
2444349.75764    57.9   809
2444349.76458    59.7   809
2444349.77083    61.6   809
