 3 0  1907 07 28   9 10 13  260.30  -9.99
 3 0  1907 07 28   9 14 50  999.99  29.93
 3 0  1907 07 28   9 18 18  999.99  29.76
 1 3  1907 07 28   9 28 24   89.89  -9.99
 1 3  1907 07 28   9 33 47  999.99  17.51
 1 3  1907 07 28   9 37 16  999.99  17.02
 3 0  1907 08 11   8 50 52  121.33  -9.99
 3 0  1907 08 11   8 57 16  999.99  29.82
 3 0  1907 08 11   9  2  3  999.99  29.92
 4 3  1907 08 11   9  7 51   28.82  -9.99
 4 3  1907 08 11   9 12 26  999.99  29.36
 4 3  1907 08 11   9 16 18  999.99  28.89
 3 0  1907 08 13   9  9 53  202.38  -9.99
 3 0  1907 08 13   9 15 12  999.99  31.90
 3 0  1907 08 13   9 19  9  999.99  32.01
 4 3  1907 08 13   9 25 59   87.23  -9.99
 4 3  1907 08 13   9 31 30  999.99  41.45
 4 3  1907 08 13   9 35 38  999.99  41.25
 3 0  1907 09  1   7 35 49  265.62  -9.99
 3 0  1907 09  1   7 40 26  999.99  29.57
 3 0  1907 09  1   7 43 22  999.99  29.49
 4 3  1907 09  1   7 49 11  336.64  -9.99
 4 3  1907 09  1   7 53 52  999.99  20.06
 4 3  1907 09  1   7 57 37  999.99  20.19
 4 0  1907 09  1   8 14 55  293.83  -9.99
 4 0  1907 09  1   8 22 59  294.13  -9.99
 4 0  1907 09  1   8 25 52  999.99  38.69
 3 0  1907 09 10   7 33 37  279.33  -9.99
 3 0  1907 09 10   7 38 28  999.99  28.15
 3 0  1907 09 10   7 42  0  999.99  28.86
 3 0  1907 10  4   6 33 31  189.97  -9.99
 3 0  1907 10  4   6 39  8  999.99  30.49
 3 0  1907 10  4   6 42  3  999.99  30.40
 4 3  1907 10  4   6 46 29   47.81  -9.99
 4 3  1907 10  4   6 50 50  999.99  57.29
 4 3  1907 10  4   6 54  3  999.99  57.04
 4 0  1907 10  4   6 58 21   78.03  -9.99
 4 0  1907 10  4   7  2  4  999.99  38.55
 4 0  1907 10  4   7  4 41  999.99  38.70
 2 3  1907 10  4   7 10 57  340.59  -9.99
 2 3  1907 10  4   7 14 57  999.99  28.39
 2 3  1907 10  4   7 18 22  999.99  26.98
 3 0  1907 10  6   6 40 11  271.51  -9.99
 3 0  1907 10  6   6 43 29  999.99  28.05
 3 0  1907 10  6   6 46  4  999.99  27.92
 4 0  1907 10  6   6 56 57  134.91  -9.99
 4 0  1907 10  6   7  1 56  999.99  38.18
 4 0  1907 10  6   7  5 37  999.99  39.05
 4 3  1907 10  6   7 12  7  117.63  -9.99
 4 3  1907 10  6   7 16 28  999.99  62.08
 4 3  1907 10  6   7 20 11  999.99  62.16
 4 0  1907 10  8   6 29 50  187.17  -9.99
 4 0  1907 10  8   6 33 59  999.99  40.36
 4 0  1907 10  8   6 36 50  999.99  40.62
 3 0  1907 10  8   6 40 10  356.80  -9.99
 3 0  1907 10  8   6 43 46  999.99  30.43
 3 0  1907 10  8   6 46 52  999.99  30.51
 2 3  1907 10  8   6 52 46  162.92  -9.99
 2 3  1907 10  8   6 58 27  999.99  49.58
 2 3  1907 10  8   7  2 19  999.99  49.53
 1 4  1907 10  8   7  8 31    2.20  -9.99
 1 4  1907 10  8   7 14 37  999.99  22.29
 1 4  1907 10  8   7 18 33  999.99  21.89
 2 4  1907 10  8   7 24 17   36.85  -9.99
 2 4  1907 10  8   7 28 43  999.99  29.03
 2 4  1907 10  8   7 32 17  999.99  29.76
 4 3  1907 10  8   7 38 51  184.13  -9.99
 4 3  1907 10  8   7 43 21  999.99  71.47
 4 3  1907 10  8   7 47  9  999.99  71.86
 3 0  1907 10 13   6 25 10  200.69  -9.99
 3 0  1907 10 13   6 28 49  999.99  30.07
 3 0  1907 10 13   6 31 26  999.99  30.04
 4 0  1907 10 13   6 34 23  323.17  -9.99
 4 0  1907 10 13   6 38 36  999.99  38.55
 4 0  1907 10 13   6 41 42  999.99  38.77
 4 3  1907 10 13   6 44 54  348.43  -9.99
 4 3  1907 10 13   6 49 43  999.99  60.40
 4 3  1907 10 13   6 54  6  999.99  60.33
 3 0  1907 11  3   5 46 24  351.77  -9.99
 3 0  1907 11  3   5 50 50  999.99  28.48
 3 0  1907 11  3   5 53 59  999.99  28.94
 4 0  1907 11  3   5 58 40  163.28  -9.99
 4 0  1907 11  3   6  3 38  999.99  39.21
 4 0  1907 11  3   6  6 49  999.99  39.19
 1 0  1908 07  7  11  2 17  212.70  -9.99
 1 0  1908 07  7  11 10  2  999.99  13.96
 1 0  1908 07  7  11 16 14  999.99  13.89
 3 0  1908 07  7  11 23 59  133.90  -9.99
 3 0  1908 07  7  11 30  1  999.99  29.54
 3 0  1908 07  7  11 33 31  999.99  29.77
 4 0  1908 07  7  11 39 12  291.60  -9.99
 4 0  1908 07  7  11 43 44  999.99  38.16
 4 0  1908 07  7  11 47 32  999.99  38.01
 2 3  1908 07  7  11 57  6  276.81  -9.99
 2 3  1908 07  7  12  2 21  999.99  16.56
 2 3  1908 07  7  12  5 43  999.99  16.67
 1 3  1908 07  7  12 11 31  289.43  -9.99
 1 3  1908 07  7  12 15 56  999.99  31.53
 1 3  1908 07  7  12 18 31  999.99  31.35
 3 0  1908 07 19  10 18 53  263.05  -9.99
 3 0  1908 07 19  10 23 27  999.99  28.85
 3 0  1908 07 19  10 27 14  999.99  28.75
 4 0  1908 07 19  10 33 31  246.13  -9.99
 4 0  1908 07 19  10 39 14  999.99  39.67
 4 0  1908 07 19  10 44  7  999.99  39.25
 3 0  1908 07 21  12  3 25  353.78  -9.99
 3 0  1908 07 21  12  8  6  999.99  31.59
 3 0  1908 07 21  12 12  3  999.99  31.21
 4 0  1908 07 21  12 16 26  307.92  -9.99
 4 0  1908 07 21  12 20 47  999.99  38.58
 4 0  1908 07 21  12 24 25  999.99  38.71
 1 0  1908 07 27   9 24 19  274.49  -9.99
 1 0  1908 07 27   9 29  3  999.99  13.08
 1 0  1908 07 27   9 31 22  999.99  13.12
 3 0  1908 07 27   9 38 45  231.16  -9.99
 3 0  1908 07 27   9 43 11  999.99  30.26
 3 0  1908 07 27   9 49 37  999.99  30.28
 4 0  1908 07 27   9 56 52  102.83  -9.99
 4 0  1908 07 27  10  0 51  999.99  38.30
 4 0  1908 07 27  10  4  7  999.99  38.21
 2 4  1908 07 27  10 34 37  287.65  -9.99
 2 4  1908 07 27  10 41 12  999.99  20.74
 2 4  1908 07 27  10 44 46  999.99  21.18
 3 0  1908 07 28   9 24 26  275.71  -9.99
 3 0  1908 07 28   9 30 19  999.99  28.37
 3 0  1908 07 28   9 34 47  999.99  28.37
 4 0  1908 07 28   9 43 49  132.38  -9.99
 4 0  1908 07 28   9 50 19  999.99  39.43
 4 0  1908 07 28   9 53 44  999.99  39.35
 3 0  1908 08  2   9 37 20  124.94  -9.99
 3 0  1908 08  2   9 42  6  999.99  29.17
 3 0  1908 08  2   9 46 50  999.99  28.96
 1 4  1908 08  2  10  7 30   61.43  -9.99
 1 4  1908 08  2  10 11 38  999.99  35.43
 1 4  1908 08  2  10 15  9  999.99  35.67
 2 4  1908 08  2  10 21 30   88.47  -9.99
 2 4  1908 08  2  10 27 52  999.99  20.95
 2 4  1908 08  2  10 32 23  999.99  21.32
 4 0  1908 08  2   9 51 39  262.13  -9.99
 4 0  1908 08  2   9 54 55  999.99  38.62
 4 0  1908 08  2   9 58  3  999.99  38.42
 4 0  1908 08  4   9 44 15  321.05  -9.99
 4 0  1908 08  4   9 48 38  999.99  39.71
 4 0  1908 08  4   9 52  7  999.99  39.93
 3 0  1908 08 16  10  8 41  345.37  -9.99
 3 0  1908 08 16  10 11 16  999.99  31.09
 3 0  1908 08 16  10 14 24  999.99  31.63
 3 0  1908 08 22   8 21 31  224.36  -9.99
 3 0  1908 08 22   8 25 12  999.99  30.95
 3 0  1908 08 22   8 28  6  999.99  30.51
 4 0  1908 08 22   8 33 43   73.86  -9.99
 4 0  1908 08 22   8 38 44  999.99  39.08
 4 0  1908 08 22   8 42 51  999.99  38.91
 1 0  1908 08 22   8 50 44  297.21  -9.99
 1 0  1908 08 22   8 55 35  999.99  12.44
 1 0  1908 08 22   8 59 32  999.99  12.54
 2 0  1908 08 22   9  9 52  190.37  -9.99
 2 0  1908 08 22   9 14 24  999.99  19.49
 2 0  1908 08 22   9 17 56  999.99  18.91
 3 0  1908 09  1   8  7 19  281.42  -9.99
 3 0  1908 09  1   8 11 47  999.99  27.98
 3 0  1908 09  1   8 14 30  999.99  28.23
 4 0  1908 09  1   8 22 31  347.44  -9.99
 4 0  1908 09  1   8 27 28  999.99  41.45
 4 0  1908 09  1   8 31 13  999.99  41.67
 4 0  1908 09 15   7 55 38    0.80  -9.99
 4 0  1908 09 15   8  1 42  999.99  41.64
 3 0  1908 09 20   7 34  3  308.76  -9.99
 3 0  1908 09 20   7 42 19  999.99  30.51
 3 0  1909 07 20  10 29 29  278.59  -9.99
 3 0  1909 07 20  10 34 14  999.99  27.14
 3 0  1909 07 20  10 38 23  999.99  26.71
 4 0  1909 07 20  11 15 15  321.90  -9.99
 4 0  1909 07 20  11 19 56  999.99  39.95
 4 0  1909 07 20  11 23 32  999.99  39.29
 4 0  1909 08  2   9 49  9  306.29  -9.99
 4 0  1909 08  2   9 57 35  999.99  37.39
 4 0  1909 08  2  10  1 48  999.99  37.63
 3 0  1909 08  2  10 11 23   95.13  -9.99
 3 0  1909 08  2  10 17  9  999.99  26.94
 3 0  1909 08  2  10 20 56  999.99  27.77
 3 0  1909 08 15   8 33 51  269.36  -9.99
 3 0  1909 08 15   8 38  3  999.99  26.95
 3 0  1909 08 15   8 40 51  999.99  27.46
 4 0  1909 08 15   8 44 20  291.03  -9.99
 4 0  1909 08 15   8 48 24  999.99  36.50
 4 0  1909 08 15   8 51  9  999.99  36.57
 2 0  1909 08 15   8 56 29  332.68  -9.99
 2 0  1909 08 15   9  1 26  999.99  18.89
 2 0  1909 08 15   9  6 29  999.99  18.55
 1 0  1909 08 15   9 12  5  314.88  -9.99
 1 0  1909 08 15   9 16 29  999.99  13.04
 1 0  1909 08 15   9 19 16  999.99  12.08
 3 0  1909 08 17   9 22 50  356.50  -9.99
 3 0  1909 08 17   9 26 30  999.99  31.78
 3 0  1909 08 17   9 29  9  999.99  31.93
 4 0  1909 08 17   9 32 41  346.92  -9.99
 4 0  1909 08 17   9 35 37  999.99  41.84
 4 0  1909 08 17   9 37 53  999.99  41.90
 4 0  1909 08 22   8 44  8  118.02  -9.99
 4 0  1909 08 22   8 49 29  999.99  36.81
 4 0  1909 08 22   8 53 15  999.99  36.67
 3 0  1909 08 22   8 57 13  198.35  -9.99
 3 0  1909 08 22   9  0 50  999.99  31.38
 3 0  1909 08 22   9  4 10  999.99  31.38
 4 0  1909 08 29   8 23 47  306.85  -9.99
 4 0  1909 08 29   8 29 28  999.99  37.34
 4 0  1909 08 29   8 33 44  999.99  37.92
 3 0  1909 08 29   8 40 55  133.63  -9.99
 3 0  1909 08 29   8 45 37  999.99  29.12
 3 0  1909 08 29   8 48 25  999.99  28.66
 3 0  1909 08 31   7 45 36  206.91  -9.99
 3 0  1909 08 31   7 53 19  999.99  30.72
 3 0  1909 08 31   7 57  0  999.99  30.81
 4 0  1909 08 31   8  2 39  357.44  -9.99
 4 0  1909 08 31   8  7 33  999.99  42.74
 4 0  1909 08 31   8 11 23  999.99  42.32
 1 0  1910 07 12  11 55 24   79.57  -9.99
 1 0  1910 07 12  12  0 48  999.99  10.80
 1 0  1910 07 12  12  5 37  999.99  11.50
 1 0  1910 07 24  11  8 50  356.35  -9.99
 1 0  1910 07 24  11 14 39  999.99  12.60
 1 0  1910 08  7   9 35 27  276.04  -9.99
 1 0  1910 08  7   9 38 48  999.99  12.87
 1 0  1910 08  7   9 40 59  999.99  13.46
 1 0  1910 09 20   7 29 38  340.88  -9.99
 1 0  1910 09 20   7 34 48  999.99  13.69
 1 0  1910 09 20   7 38 47  999.99  13.30
 2 0  1910 07 12  12 12 22  295.52  -9.99
 2 0  1910 07 12  12 17 12  999.99  15.83
 2 0  1910 07 12  12 20 44  999.99  16.07
 3 0  1910 05 31  14 32 46  352.11  -9.99
 3 0  1910 05 31  14 36 11  999.99  31.21
 3 0  1910 05 31  14 39  2  999.99  31.05
 3 0  1910 06  7  15  3 19  281.56  -9.99
 3 0  1910 06  7  15  7  4  999.99  25.15
 3 0  1910 06  7  15  9 37  999.99  24.79
 3 0  1910 06 12  14 27 28  131.07  -9.99
 3 0  1910 06 12  14 32 15  999.99  27.44
 3 0  1910 06 12  14 35  9  999.99  27.02
 3 0  1910 07  3  11 59 56  269.20  -9.99
 3 0  1910 07  3  12  8 31  999.99  25.70
 3 0  1910 07  3  12 14 55  999.99  24.59
 3 0  1910 07 10  11  2 47  194.28  -9.99
 3 0  1910 07 10  11 29  5  999.99  31.70
 3 0  1910 07 12  12 35  7  285.60  -9.99
 3 0  1910 07 12  12 38  9  999.99  25.72
 3 0  1910 07 12  12 40 38  999.99  25.39
 3 0  1910 07 17  11 26  0  133.10  -9.99
 3 0  1910 07 17  11 29 25  999.99  28.29
 3 0  1910 07 17  11 31 53  999.99  28.55
 3 0  1910 07 24  10 36 22   49.03  -9.99
 3 0  1910 07 24  10 41  9  999.99  28.63
 3 0  1910 07 24  10 44 39  999.99  28.75
 3 0  1910 07 26   9 57 33  142.87  -9.99
 3 0  1910 07 26  10  2 46  999.99  28.82
 3 0  1910 07 26  10  6 24  999.99  29.58
 3 0  1910 07 31  10  2 10  349.33  -9.99
 3 0  1910 07 31  10  6 39  999.99  31.71
 3 0  1910 08  2  10 13  6   62.48  -9.99
 3 0  1910 08  2  10 17  0  999.99  28.47
 3 0  1910 08  2  10 20 42  999.99  28.27
 3 0  1910 08  9   9 52 14  357.71  -9.99
 3 0  1910 08  9   9 55 20  999.99  31.95
 3 0  1910 08  9   9 57 46  999.99  31.92
 3 0  1910 09 10   7 49 40  230.06  -9.99
 3 0  1910 09 10   7 53 24  999.99  28.17
 3 0  1910 09 10   7 56  2  999.99  27.59
 3 0  1910 09 20   7 46 20  293.31  -9.99
 3 0  1910 09 20   7 49 56  999.99  26.11
 3 0  1910 09 20   7 53  4  999.99  25.66
 3 0  1910 09 25   9  8  5  143.27  -9.99
 3 0  1910 09 25   9 11 28  999.99  28.57
 3 0  1910 09 25   9 14 48  999.99  28.43
 3 0  1910 10  9   6 33  2  355.41  -9.99
 3 0  1910 10  9   6 36  7  999.99  29.87
 3 0  1910 10  9   6 39 10  999.99  30.10
 4 0  1910 05 31  14 44 32  102.62  -9.99
 4 0  1910 05 31  14 49  8  999.99  33.39
 4 0  1910 05 31  14 53  6  999.99  33.67
 4 0  1910 06  7  15 13 17  292.75  -9.99
 4 0  1910 06  7  15 16 20  999.99  33.79
 4 0  1910 06  7  15 18 37  999.99  33.90
 4 0  1910 06 12  14 39  2   55.44  -9.99
 4 0  1910 06 12  14 43 44  999.99  35.98
 4 0  1910 06 12  14 47 26  999.99  36.14
 4 0  1910 07  3  11 40 58  257.68  -9.99
 4 0  1910 07  3  11 48 25  999.99  35.14
 4 0  1910 07  3  11 53  8  999.99  33.80
 4 0  1910 07 12  12 26 51  148.22  -9.99
 4 0  1910 07 12  12 29 47  999.99  39.37
 4 0  1910 07 12  12 32  5  999.99  39.21
 4 0  1910 07 17  11 15  6  274.70  -9.99
 4 0  1910 07 17  11 19 13  999.99  34.31
 4 0  1910 07 17  11 22 14  999.99  34.63
 4 0  1910 07 24  10 24 11  101.22  -9.99
 4 0  1910 07 24  10 28 30  999.99  34.92
 4 0  1910 07 24  10 31 36  999.99  34.45
 4 0  1910 07 26  10 10 40  159.02  -9.99
 4 0  1910 07 26  10 15 38  999.99  40.36
 4 0  1910 07 26  10 19 24  999.99  41.15
 4 0  1910 07 31   9 47 53  291.64  -9.99
 4 0  1910 07 31   9 52 34  999.99  34.35
 4 0  1910 07 31   9 56  9  999.99  34.43
 4 0  1910 08  2   9 53  6  345.12  -9.99
 4 0  1910 08  2   9 57 44  999.99  41.51
 4 0  1910 08  2  10  1  0  999.99  41.79
 4 0  1910 09 10   7 33 16  306.15  -9.99
 4 0  1910 09 10   7 40 39  999.99  36.02
 4 0  1910 09 10   7 45  0  999.99  35.82
 4 0  1910 09 20   7 57 58  205.06  -9.99
 4 0  1910 09 20   8  2 25  999.99  40.09
 4 0  1910 09 20   8  6 37  999.99  40.19
 4 0  1910 09 25   8 57  7  348.63  -9.99
 4 0  1910 09 25   9  1  8  999.99  40.92
 4 0  1910 09 25   9  4  4  999.99  40.16
 4 0  1910 10  9   6 43  1  357.95  -9.99
 4 0  1910 10  9   6 47 31  999.99  41.34
 4 0  1910 10  9   6 49 43  999.99  41.04
 4 0  1911 06 20  14 43 29  323.52  -9.99
 4 0  1911 06 20  14 47  4  999.99  37.16
 4 0  1911 06 20  14 50 15  999.99  37.92
 4 0  1911 06 30  14 29 55  212.61  -9.99
 4 0  1911 06 30  14 35  2  999.99  38.08
 4 0  1911 06 30  14 38  9  999.99  38.59
 4 0  1911 07  2  11 38 28  273.43  -9.99
 4 0  1911 07  2  11 43 14  999.99  31.90
 4 0  1911 07  2  11 47  4  999.99  31.42
 4 0  1911 07  4  13 30 27  335.41  -9.99
 4 0  1911 07  4  13 35 22  999.99  39.56
 4 0  1911 07  4  13 39 20  999.99  39.64
 4 0  1911 07 16  13 44 19  294.68  -9.99
 4 0  1911 07 16  13 47 29  999.99  33.04
 4 0  1911 07 16  13 49 53  999.99  33.29
 4 0  1911 07 25  12  4 49  171.02  -9.99
 4 0  1911 07 25  12  8 42  999.99  42.61
 4 0  1911 07 25  12 11 27  999.99  42.55
 4 0  1911 07 30  12 42 33  310.21  -9.99
 4 0  1911 07 30  12 45 48  999.99  35.32
 4 0  1911 07 30  12 48  8  999.99  35.18
 4 0  1911 08 15  11 26 25    7.40  -9.99
 4 0  1911 08 15  11 30 45  999.99  42.64
 4 0  1911 08 15  11 33 42  999.99  42.77
 4 0  1911 08 20   9 49  9  147.30  -9.99
 4 0  1911 08 20   9 52 45  999.99  38.62
 4 0  1911 08 20   9 55 10  999.99  38.43
 4 0  1911 08 29  10  6  0    5.67  -9.99
 4 0  1911 08 29  10  8 46  999.99  41.65
 4 0  1911 08 29  10 11 20  999.99  41.84
 4 0  1911 09 19   8 40  9  214.96  -9.99
 4 0  1911 09 19   8 42 59  999.99  37.94
 4 0  1911 09 19   8 45 20  999.99  38.45
 3 0  1911  6 30  14 42 22  128.99  -9.99
 3 0  1911  6 30  14 46 16  999.99  26.26
 3 0  1911  6 30  14 49 26  999.99  26.12
 3 0  1911  7  2  11 51  6  195.14  -9.99
 3 0  1911  7  2  11 56 39  999.99  30.82
 3 0  1911  7  2  11 59 31  999.99  30.62
 3 0  1911  7  4  13 45 37  291.25  -9.99
 3 0  1911  7  4  13 51 26  999.99  25.52
 3 0  1911  7  4  13 55 30  999.99  24.44
 3 0  1911  7 16  13 25 29   53.16  -9.99
 3 0  1911  7 16  13 28 59  999.99  26.78
 3 0  1911  7 16  13 31 21  999.99  26.36
 3 0  1911  7 25  11 55 25   65.44  -9.99
 3 0  1911  7 25  11 59 14  999.99  25.72
 3 0  1911  7 25  12 12 48  999.99  25.15
 3 0  1911  7 30  12 51  0  283.56  -9.99
 3 0  1911  7 30  12 54  2  999.99  24.49
 3 0  1911  7 30  12 56 18  999.99  24.46
 3 0  1911  8 20   9 58 25   56.13  -9.99
 3 0  1911  8 20  10  2 16  999.99  27.08
 3 0  1911  8 20  10  4 42  999.99  26.61
 3 0  1911  8 29   9 58  6   69.73  -9.99
 3 0  1911  8 29  10  1 11  999.99  24.92
 3 0  1911  8 29  10  3 23  999.99  25.12
 3 0  1911  9  1   8 23 21  192.79  -9.99
 3 0  1911  9  1   8 28 53  999.99  30.92
 3 0  1911  9  1   8 32 32  999.99  29.59
 3 0  1911  9 19   8 29 59  213.59  -9.99
 3 0  1911  9 19   8 33  6  999.99  28.65
 3 0  1911  9 19   8 35 52  999.99  28.18
 2 0  1911 07  2  12 45 44  170.20  -9.99
 2 0  1911 07  2  12 54 11  999.99  19.50
 2 0  1911 07  2  12 59 17  999.99  20.33
 2 0  1911 07 16  13 12 13  316.17  -9.99
 2 0  1911 07 16  13 16 51  999.99  16.86
 2 0  1911 07 16  13 19 51  999.99  16.56
 2 0  1911 07 25  11 43 43    3.55  -9.99
 2 0  1911 07 25  11 48 22  999.99  19.69
 2 0  1911 07 25  11 51 48  999.99  19.57
 1 0  1913 07 27  10 59  5  326.91  -9.99
 1 0  1913 07 27  11  6 56  999.99  16.67
 2 0  1913 07 27  11 13 52    3.40  -9.99
 2 0  1913 07 27  11 20 21  999.99  14.15
 3 0  1913 06 10  14 54  3  358.80  -9.99
 3 0  1913 06 10  15  0 28  999.99  31.24
 3 0  1913 07  1  12 43 20  155.08  -9.99
 3 0  1913 07  1  12 51 40  999.99  29.43
 3 0  1913 07  6  13 34 59  354.77  -9.99
 3 0  1913 07  6  13 41 46  999.99  31.77
 3 0  1913 07  8  13  2 30   67.36  -9.99
 3 0  1913 07  8  13 11 23  999.99  21.01
 3 0  1913 07 29  12  5 50  209.67  -9.99
 3 0  1913 07 29  12 10 27  999.99  26.52
 3 0  1913 08 26   9 35 15  307.01  -9.99
 3 0  1913 08 26   9 41  7  999.99  23.96
 4 0  1913 06 10  15  6 42  159.14  -9.99
 4 0  1913 06 10  15 11 39  999.99  40.13
 4 0  1913 07  1  12 58 54  353.03  -9.99
 4 0  1913 07  1  13  7 36  999.99  42.54
 4 0  1913 07  6  13 16 46  137.39  -9.99
 4 0  1913 07  6  13 24  9  999.99  34.27
 4 0  1913 07  8  13 20 14  177.85  -9.99
 4 0  1913 07  8  13 28 22  999.99  42.79
 4 0  1913 07 29  11 55 14   11.14  -9.99
 4 0  1913 07 29  12  0  5  999.99  40.90
 4 0  1913 08 26   9 47 15   32.85  -9.99
 4 0  1913 08 26   9 53 12  999.99  35.80
 1 0  1915 10  5   9 16 25  152.29  -9.99
 1 0  1915 10  5   9 22 28  999.99  11.98
 2 0  1915 10  5   9 29 31  334.70  -9.99
 2 0  1915 10  5   9 35 44  999.99  17.01
 3 0  1915 08 17  10 26  7  212.89  -9.99
 3 0  1915 08 17  10 32 35  999.99  22.54
 3 0  1915 08 26  11 47 47  230.76  -9.99
 3 0  1915 08 26  11 53 16  999.99  19.28
 3 0  1915 08 31  11 58 56   96.83  -9.99
 3 0  1915 08 31  12  4 38  999.99  17.84
 3 0  1915 09 16  11  7 35   18.13  -9.99
 3 0  1915 09 16  11 13 48  999.99  25.78
 3 0  1915 09 28   9 19 46  168.85  -9.99
 3 0  1915 09 28   9 25 29  999.99  30.81
 3 0  1915 10  5   8 53 13   99.71  -9.99
 3 0  1915 10  5   8 57 52  999.99  17.98
 3 0  1915 10 12   7 24 00    9.60  -9.99
 3 0  1915 10 12   7 28 58  999.99  29.45
 3 0  1915 10 26   6 22 48  222.52  -9.99
 3 0  1915 10 26   6 28 10  999.99  20.38
 3 0  1915 11  2   6  7 12  169.10  -9.99
 3 0  1915 11  2   6 12 53  999.99  29.96
 4 0  1915 08 17  10 38 28  229.42  -9.99
 4 0  1915 08 17  10 44 55  999.99  25.61
 4 0  1915 08 26  11 37 12  142.03  -9.99
 4 0  1915 08 26  11 42 56  999.99  33.03
 4 0  1915 08 31  11 46 40  266.32  -9.99
 4 0  1915 08 31  11 52 39  999.99  22.80
 4 0  1915 09 28   9  7 20  299.80  -9.99
 4 0  1915 09 28   9 13  7  999.99  26.49
 4 0  1915 10  5   9  2 14  126.96  -9.99
 4 0  1915 10  5   9  6 54  999.99  28.40
 4 0  1915 10 12   7 12 31  313.21  -9.99
 4 0  1915 10 12   7 18 17  999.99  29.96
 4 0  1915 10 26   6  9 18  325.61  -9.99
 4 0  1915 10 26   6 15  8  999.99  33.56
 4 0  1915 11  2   5 55 32  150.53  -9.99
 4 0  1915 11  2   6  1 42  999.99  35.06
 1 0  1916  8 19   9 59 22  351.93  -9.99
 1 0  1916  8 19  10  7 44  999.99  14.49
 1 0  1916  8 19  10 56 43  352.70  -9.99
 1 0  1916  8 19  11  5 27  999.99  13.68
 1 0  1916 10 10   8  0 35  188.12  -9.99
 1 0  1916 10 10   8  9 43  999.99  11.95
 2 0  1916  8 19  11 14 43  334.50  -9.99
 2 0  1916  8 19  11 22 10  999.99  16.21
 3 0  1916  6 24  14 35 58  172.79  -9.99
 3 0  1916  6 24  14 41 58  999.99  31.30
 3 0  1916  7  5  14 25 36  284.20  -9.99
 3 0  1916  7  5  14 31  0  999.99  15.37
 3 0  1916  7 29  13  3 59  175.42  -9.99
 3 0  1916  7 29  13 12 36  999.99  31.08
 3 0  1916  8  2  11 55 48  349.23  -9.99
 3 0  1916  8  2  12  0 49  999.99  31.72
 3 0  1916  8 16  11 57 29  189.56  -9.99
 3 0  1916  8 16  12  3 42  999.99  28.22
 3 0  1916  8 19  10 17 23  338.62  -9.99
 3 0  1916  8 19  10 23 52  999.99  29.55
 3 0  1916  8 23  10 59 18  149.75  -9.99
 3 0  1916  8 23  11  5 25  999.99  26.52
 3 0  1916  8 30  10 42 28   46.25  -9.99
 3 0  1916  8 30  10 51 29  999.99  18.70
 3 0  1916  9  2  10 41 29  178.73  -9.99
 3 0  1916  9  2  10 47 19  999.99  31.38
 3 0  1916  9 13  11 19 39  298.92  -9.99
 3 0  1916  9 13  11 32 22  999.99  18.18
 3 0  1916  9 18   9 44 28  144.29  -9.99
 3 0  1916  9 18   9 49 32  999.99  24.69
 3 0  1916  9 22   9  6 55  309.19  -9.99
 3 0  1916  9 22   9 11 50  999.99  20.32
 3 0  1916 10  1   8 12 17  320.87  -9.99
 3 0  1916 10  1   8 20 19  999.99  24.93
 3 0  1916 10  3   8  6 10   10.83  -9.99
 3 0  1916 10  3   8 13 14  999.99  28.32
 3 0  1916 10 10   8 17 59  329.69  -9.99
 3 0  1916 10 10   8 24  2  999.99  25.67
 3 0  1916 10 15   7 11 41  164.61  -9.99
 3 0  1916 10 15   7 19 23  999.99  30.71
 3 0  1916 10 21   7 13 16   28.32  -9.99
 3 0  1916 10 21   7 18 46  999.99  22.03
 3 0  1916 10 31   6 46 17  111.95  -9.99
 3 0  1916 10 31   6 54 24  999.99  17.24
 4 0  1916  6 24  14 24 35  328.85  -9.99
 4 0  1916  6 24  14 29 38  999.99  33.66
 4 0  1916  7  5  14 15 22  225.77  -9.99
 4 0  1916  7  5  14 20 25  999.99  22.53
 4 0  1916  7  8  13 58 23  337.72  -9.99
 4 0  1916  7 22  13 55  3  345.07  -9.99
 4 0  1916  7 22  14  1 32  999.99  41.27
 4 0  1916  7 29  13 22 24  166.90  -9.99
 4 0  1916  7 29  13 29 38  999.99  43.11
 4 0  1916  8  2  12  6 23  278.59  -9.99
 4 0  1916  8  2  12 11 15  999.99  20.81
 4 0  1916  8 16  12 10 21  302.62  -9.99
 4 0  1916  8 16  12 21  6  999.99  24.59
 4 0  1916  8 19  10 31 29  356.93  -9.99
 4 0  1916  8 19  10 38 27  999.99  42.06
 4 0  1916  8 23  11 11  2  129.71  -9.99
 4 0  1916  8 23  11 17  0  999.99  26.95
 4 0  1916  8 26  10 51 44  180.21  -9.99
 4 0  1916  8 26  11  1  8  999.99  40.75
 4 0  1916  8 30  10 22 34  315.92  -9.99
 4 0  1916  8 30  10 31 21  999.99  29.87
 4 0  1916  9  2  10 24 41    4.61  -9.99
 4 0  1916  9  2  10 31 21  999.99  39.35
 4 0  1916  9 18   9 54 35   85.65  -9.99
 4 0  1916  9 18  10  1  1  999.99  21.20
 4 0  1916  9 22   8 53 44  181.50  -9.99
 4 0  1916  9 22   9  1  8  999.99  40.84
 4 0  1916 10  3   7 50 49  126.46  -9.99
 4 0  1916 10  3   7 59  7  999.99  22.26
 4 0  1916 10 10   8 30 40  328.19  -9.99
 4 0  1916 10 10   8 38 13  999.99  34.02
 4 0  1916 10 15   7 28  1   84.00  -9.99
 4 0  1916 10 15   7 34 23  999.99  21.36
 4 0  1916 10 21   7  0 48  228.15  -9.99
 4 0  1916 10 21   7  6 45  999.99  23.19
 4 0  1916 10 31   6 32 56  160.38  -9.99
 4 0  1916 10 31   6 38  6  999.99  38.67
 1 3  1916  9  2  11 17  8  354.51  -9.99
 1 3  1916  9  2  11 23 42  999.99  17.70
 4 3  1916  9 18   9 28  5   23.47  -9.99
 4 3  1916  9 18   9 33 44  999.99  22.51
 4 3  1916 10 15   8  1 19   21.65  -9.99
 4 3  1916 10 15   8  7 20  999.99  33.52
 4 0  1917  8 18  12  0 56    2.32  -9.99
 4 0  1917  8 18  12  6 21  999.99  39.09
 4 0  1918  8  1  12 54  1  340.29  -9.99
 4 0  1918  8 27  11 16 14  323.90  -9.99
 4 0  1918  8 27  11 21 45  999.99  28.14
 4 0  1918 11  5   7 14 25  354.49  -9.99
 4 0  1918 11  5   7 20 34  999.99  38.81
 3 0  1918  7 18  13 53  4    7.90  -9.99
 3 0  1918  7 18  13 57  1  999.99  23.25
 3 0  1918 10 12   8 32 42  346.90  -9.99
 3 0  1918 10 12   8 37 40  999.99  30.62
