1981 05 04   08 58 54    6.20   -7.31
1981 05 04   09 01 10    6.28   -7.40
1981 05 04   09 05 53    6.33   -7.53
1981 05 04   09 08 35    6.00   -7.43
1981 05 04   09 11 41    5.91   -7.44
1981 05 04   09 15 10    6.14   -7.54
1981 05 04   09 19 15    5.88   -7.57
1981 05 05   09 04 35    4.90    8.59
1981 05 05   09 06 48    4.90    8.56
1981 05 05   09 08 27    5.09    8.44
1981 05 05   09 14 26    5.35    8.45
1981 05 05   09 15 20    5.14    8.35
1981 05 05   09 16 36    5.30    8.38
1981 05 05   09 19 11    5.38    8.33
1981 05 05   09 22 17    5.41    8.21
1981 05 05   09 27 31    5.59    8.21
1981 05 05   09 37 43    5.67    8.01
1981 05 05   09 40 37    5.77    7.96
1981 05 05   09 43 04    5.88    7.93
1981 05 05   09 48 38    5.93    7.76
1981 05 05   09 51 26    6.03    7.70
1981 05 05   09 59 02    6.26    7.58
1981 05 05   10 03 15    6.14    7.39
1981 05 05   10 08 18    6.40    7.35
1982 05 20   09 08 27   -4.25    9.04
1982 05 20   09 09 32   -4.22    9.07
1982 05 20   09 11 23   -4.18    9.13
1982 05 20   09 21 11   -3.73    9.25
1982 05 20   09 22 08   -3.88    9.20
1982 05 20   09 23 10   -3.81    9.25
1982 05 20   09 24 52   -3.76    9.20
1983 05 10   08 55 29    3.83    9.03
1983 05 10   09 04 56    4.03    8.89
1983 05 10   09 08 35    4.14    8.94
1983 05 10   09 56 52    5.38    8.22
1983 05 10   10 11 52    5.77    7.86
1983 05 10   10 14 47    5.84    7.75
1983 05 10   10 16 20    5.89    7.80
1984 06 03   07 10 41   -4.57    8.94
1984 06 03   07 13 26   -4.45    8.75
1984 06 03   07 14 56   -4.30    8.89
1984 06 04   08 45 27   -8.81   -4.12
1984 06 04   08 47 05   -8.88   -4.04
1984 06 04   08 48 55   -8.79   -4.01
1984 06 04   08 51 01   -8.85   -3.87
1984 06 04   08 54 19   -8.91   -3.86
1984 06 04   08 56 31   -8.93   -3.82
1984 06 04   08 59 03   -8.97   -3.75
1984 06 04   09 10 10   -9.09   -3.35
1984 06 04   09 11 58   -9.14   -3.37
1985 06 18   07 23 49   -9.58    1.07
1985 06 18   07 25 31   -9.71    1.14
1985 06 18   08 05 44   -9.51    2.39
1985 06 18   08 07 27   -9.44    2.44
1985 06 18   08 09 27   -9.46    2.49
1985 06 18   08 11 51   -9.34    2.76
1985 06 18   08 14 12   -9.34    2.80
1985 06 18   08 17 53   -9.50    2.66
1985 06 20   07 10 24    8.61    4.34
1985 06 20   07 12 22    8.54    4.29
1985 06 20   07 27 37    8.81    3.92
1985 06 20   07 31 47    8.83    3.77
1985 06 20   07 41 52    8.96    3.41
1985 06 20   07 44 48    9.02    3.48
1985 06 20   07 47 22    9.09    3.34
1985 06 20   07 51 34    9.05    3.18
1985 06 20   07 54 05    9.19    3.28
1985 06 20   07 55 48    9.09    3.08
1985 06 20   07 58 22    9.22    2.97
1985 06 22   08 00 19   -6.45   -7.02
1985 06 22   08 04 11   -6.69   -7.06
1985 06 22   08 07 24   -6.69   -6.99
1985 06 22   08 11 05   -6.85   -7.01
1985 06 22   08 13 37   -6.78   -6.81
1985 06 22   08 19 23   -6.91   -6.75
1985 06 22   08 22 25   -6.97   -6.55
