  1  48082.02196  5  4   0.91   1    9.77   29.29   2   -3.93   58.74   3  -23.23   48.98   5    4.80   52.16
  2  48082.02791  5  4   0.83   1    9.74   29.31   2   -3.62   58.92   3  -23.09   49.17   5    5.11   52.25
  3  48082.03415  5  4   0.70   1    9.64   29.24   2   -3.39   59.00   3  -22.90   49.27   5    5.45   52.30
  4  48082.91432  5  4   1.25   1   10.36   42.61   2   35.24   52.52   3    2.82   61.24   5   17.57   29.17
  5  48082.93921  5  4   1.13   1   11.13   43.16   2   36.21   51.78   3    3.64   61.32   5   17.15   29.33
  6  48082.95105  5  4   1.01   1   11.59   43.27   2   36.66   51.32   3    4.12   61.25   5   17.07   29.40
  7  48082.95742  3  2   0.88   1  -25.11   -7.68   5  -19.90  -21.59
  8  48083.07528  5  4   0.62   1   16.05   45.53   2   40.74   47.23   3    8.20   61.76   5   16.53   32.43
  9  48083.08463  5  4   0.64   1   16.43   45.67   2   40.99   46.91   3    8.51   61.81   5   16.55   32.77
 10  48083.09022  5  4   0.64   1   16.64   45.70   2   41.19   46.68   3    8.70   61.79   5   16.61   32.89
 11  48083.93176  5  4   0.91   1   49.05   26.09   2   50.05   10.87   3   36.90   55.39   5   43.84   19.62
 12  48083.93557  5  4   0.67   1   49.14   25.92   2   50.07   10.72   3   37.05   55.33   5   43.90   19.48
 13  48083.93981  5  4   0.82   1   49.18   25.72   2   49.98   10.58   3   37.16   55.30   5   43.99   19.19
 14  48083.94886  5  4   0.84   1   49.34   25.24   2   49.94   10.20   3   37.48   55.10   5   43.83   18.80
 15  48084.03740  5  4   0.79   1   50.19   20.59   2   48.92    6.73   3   40.21   53.52   5   42.40   14.17
 16  48084.04550  5  4   0.93   1   50.22   20.15   2   48.81    6.41   3   40.46   53.34   5   42.23   13.79
 17  48084.04985  5  4   0.60   1   50.26   19.94   2   48.77    6.25   3   40.59   53.25   5   42.16   13.60
 18  48084.91843  4  4   0.95   1   32.36   -6.86   3   62.00   28.94   5   41.80   13.87
 19  48084.92109  4  4   0.98   1   32.29   -6.87   3   62.04   28.85   5   41.81   13.79
 20  48084.92458  5  4   0.86   1   32.22   -6.87   2   30.00  -12.12   3   62.12   28.73   5   41.99   13.77
 21  48084.98513  5  4   1.00   1   30.84   -6.61   2   28.62  -12.16   3   63.12   26.59   5   44.49   12.08
 22  48084.99082  5  4   0.78   1   30.73   -6.57   2   28.48  -12.18   3   63.19   26.37   5   44.64   11.89
 23  48084.99242  5  4   0.86   1   30.69   -6.58   2   28.44  -12.16   3   63.24   26.31   5   44.78   11.81
 24  48085.03232  5  4   0.99   1   29.90   -6.27   2   27.62  -12.19   3   63.83   24.83   5   46.02   10.33
 25  48085.03753  5  4   0.82   1   29.82   -6.23   2   27.55  -12.19   3   63.90   24.63   5   46.26   10.09
 26  48085.03973  5  4   0.75   1   29.78   -6.18   2   27.50  -12.19   3   63.95   24.58   5   46.35   10.02
 27  48085.90573  5  4   0.86   1   38.29   -1.12   2   22.09   -5.35   3   68.32  -10.40   5   29.21  -18.25
 28  48085.90809  5  4   0.83   1   38.38   -1.19   2   22.13   -5.34   3   68.36  -10.57   5   29.23  -18.20
 29  48085.91043  5  4   0.82   1   38.43   -1.21   2   22.15   -5.33   3   68.31  -10.58   5   29.15  -18.08
 30  48085.97848  5  4   1.00   1   40.13   -2.66   2   22.73   -4.90   3   67.88  -13.46   5   28.20  -16.42
 31  48085.98179  5  4   0.80   1   40.23   -2.78   2   22.77   -4.86   3   67.86  -13.60   5   28.31  -16.40
 32  48085.98463  4  4   1.03   1   40.30   -2.85   2   22.82   -4.90   3   67.85  -13.75
 33  48086.04296  5  4   0.70   1   41.68   -4.47   2   23.43   -4.62   3   67.40  -16.19   5   28.43  -15.06
 34  48086.04635  5  4   0.78   1   41.74   -4.57   2   23.43   -4.61   3   67.37  -16.32   5   28.46  -14.90
 35  48086.05202  5  4   0.80   1   41.86   -4.77   2   23.50   -4.60   3   67.32  -16.57   5   28.51  -14.81
 36  48086.08499  5  4   0.79   1   42.59   -5.77   2   23.91   -4.46   3   67.03  -17.93   5   28.79  -14.13
 37  48086.08685  5  4   0.75   1   42.62   -5.84   2   23.94   -4.46   3   67.01  -18.00   5   28.84  -14.05
 38  48086.09186  5  4   0.79   1   42.73   -6.03   2   23.99   -4.47   3   66.96  -18.22   5   28.85  -13.98
 39  48086.11438  5  4   0.93   1   43.15   -6.80   2   24.28   -4.39   3   66.73  -19.17   5   29.20  -13.58
 40  48086.11641  5  4   0.86   1   43.22   -6.84   2   24.31   -4.37   3   66.72  -19.20   5   29.25  -13.52
 41  48086.11861  5  4   0.98   1   43.26   -6.95   2   24.30   -4.40   3   66.68  -19.32   5   29.28  -13.38
 42  48087.05675  5  4   0.88   1   27.51  -47.49   2   36.91  -18.66   3   47.20  -54.25   5   22.87  -43.42
 43  48087.05956  5  4   0.87   1   27.37  -47.53   2   36.91  -18.71   3   47.09  -54.33   5   22.70  -43.33
 44  48087.06570  5  4   0.80   1   27.07  -47.71   2   36.97  -18.94   3   46.92  -54.55   5   22.40  -43.53
 45  48087.90609  4  3   1.06   1  -19.83   34.84   2    9.88   23.39   5   -0.72   38.19
 46  48087.91100  4  3   1.22   1  -19.67   35.00   2    9.93   23.26   5   -0.48   38.11
 47  48087.91854  5  4   1.12   1   -3.42  -37.66   2   26.00  -49.84   3   15.99  -73.01   5   16.01  -35.04
 48  48087.98186  5  4   1.04   1   -3.67  -35.91   2   23.98  -51.88   3   13.48  -73.68   5   16.17  -37.51
 49  48087.98528  5  4   0.92   1   -3.69  -35.81   2   23.86  -51.97   3   13.34  -73.70   5   16.17  -37.63
 50  48087.99344  5  4   0.85   1   -3.71  -35.58   2   23.57  -52.22   3   13.01  -73.78   5   16.14  -38.02
 51  48088.90173  4  3   0.87   1   27.08   34.75   2    7.32   10.79   5    6.65   33.40
 52  48088.91117  5  4   1.06   1    3.18  -37.37   2  -16.93  -60.94   3  -24.20  -71.71   5  -17.22  -38.05
 53  48088.91756  5  4   0.97   1    3.09  -37.54   2  -17.25  -60.82   3  -24.44  -71.60   5  -17.12  -37.74
 54  48088.92250  5  4   1.00   1    3.08  -37.69   2  -17.45  -60.73   3  -24.62  -71.54   5  -17.10  -37.50
 55  48088.93473  5  4   1.08   1    2.98  -38.04   2  -17.98  -60.55   3  -25.09  -71.34   5  -17.04  -37.02
 56  48089.00642  5  4   0.87   1    2.07  -40.20   2  -21.11  -59.31   3  -27.78  -70.25   5  -16.34  -34.55
 57  48089.01255  5  4   0.88   1    1.98  -40.37   2  -21.37  -59.17   3  -27.99  -70.14   5  -16.27  -34.36
 58  48089.01739  5  4   0.84   1    1.89  -40.53   2  -21.60  -59.10   3  -28.19  -70.11   5  -16.19  -34.21
 59  48089.10805  5  4   1.16   1    0.13  -43.23   2  -25.33  -57.11   3  -31.48  -68.51   5  -14.31  -32.30
 60  48089.11183  5  4   1.11   1    0.00  -43.32   2  -25.49  -56.99   3  -31.63  -68.39   5  -14.35  -32.19
 61  48089.11467  4  4   1.08   1   -0.07  -43.41   2  -25.60  -56.92   5  -14.26  -32.20
 62  48090.03921  5  4   1.22   1  -38.95  -41.78   2  -44.24  -22.92   3  -58.07  -42.43   5  -35.06  -39.32
 63  48090.04580  5  4   1.28   1  -39.21  -41.52   2  -44.28  -22.69   3  -58.23  -42.18   5  -35.42  -39.01
 64  48090.04771  5  4   1.28   1  -39.28  -41.47   2  -44.28  -22.62   3  -58.28  -42.16   5  -35.46  -38.87
 65  48090.08426  4  4   1.32   1  -40.40  -39.90   2  -44.14  -21.14   3  -58.93  -40.84
 66  48090.08905  4  4   1.36   1  -40.52  -39.74   2  -44.15  -20.97   3  -58.99  -40.70
 67  48185.83140  4  4   1.49   1  -48.53  -13.29   2  -43.72   12.27   3  -66.29  -13.45
 68  48185.83492  5  4   1.15   1  -48.63  -13.11   2  -43.61   12.34   3  -66.41  -13.31   5  -33.79  -11.76
 69  48441.94234  4  3   1.48   1   -7.85  -24.65   2  -38.84  -25.21   5  -25.42  -32.40
 70  48441.94702  5  4   1.18   1  -26.66   -1.22   2  -57.59   -1.47   3  -18.71   23.49   5  -44.38   -8.76
 71  48441.94962  5  4   1.08   1  -26.66   -1.28   2  -57.58   -1.34   3  -18.65   23.51   5  -44.45   -8.68
 72  48441.95200  5  4   1.17   1  -26.60   -1.36   2  -57.44   -1.31   3  -18.56   23.47   5  -44.54   -8.57
 73  48441.95368  5  4   1.12   1  -26.61   -1.35   2  -57.48   -1.23   3  -18.55   23.46   5  -44.53   -8.46
 74  48442.01443  4  3   1.10   1   -9.30  -25.97   2  -39.79  -21.99   5  -28.42  -29.24
 75  48442.01880  4  3   1.26   1   -9.40  -26.08   2  -39.73  -21.85   5  -28.66  -29.00
 76  48442.02764  4  3   1.07   1   -9.69  -26.29   2  -39.85  -21.33   5  -28.96  -28.70
 77  48442.11057  5  4   0.85   1  -27.97   -3.48   2  -56.78    6.68   3  -16.17   24.09   5  -47.50   -0.03
 78  48442.11407  5  4   1.00   1  -28.01   -3.52   2  -56.72    6.88   3  -16.10   24.08   5  -47.45    0.24
 79  48442.11554  5  4   0.80   1  -28.02   -3.55   2  -56.71    6.95   3  -16.06   24.10   5  -47.50    0.29
 80  48442.15157  5  4   0.96   1  -28.60   -3.93   2  -56.45    8.73   3  -15.54   24.19   5  -47.61    2.61
 81  48442.15659  5  4   1.05   1  -28.63   -3.97   2  -56.32    8.97   3  -15.44   24.16   5  -47.58    2.93
 82  48442.92451  5  4   0.67   1  -45.51    9.92   2  -36.52   38.24   3   -5.44   22.80   5  -26.69   16.87
 83  48442.92866  5  4   0.78   1  -45.54   10.13   2  -36.37   38.34   3   -5.39   22.78   5  -26.66   16.82
 84  48442.93253  5  4   0.73   1  -45.58   10.30   2  -36.26   38.44   3   -5.36   22.75   5  -26.66   16.65
 85  48442.96383  3  4   0.58   1  -45.84   11.81   3   -5.03   22.60
 86  48442.97263  3  4   0.69   1  -45.88   12.20   3   -4.95   22.53
 87  48442.97645  3  4   0.80   1  -45.94   12.40   3   -4.91   22.51
 88  48442.97805  4  4   0.70   1  -45.93   12.51   2  -34.53   39.39   3   -4.89   22.55
 89  48443.13120  5  4   0.61   1  -45.83   20.35   2  -28.95   41.84   3   -3.45   21.67   5  -29.44   13.69
 90  48443.92588  5  4   0.87   1  -18.67   47.95   2   -4.83   38.25   3    0.90   16.11   5  -22.93   43.88
 91  48443.92770  5  4   0.78   1  -18.50   47.86   2   -4.74   38.14   3    0.92   16.08   5  -22.79   43.82
 92  48443.93174  5  4   0.79   1  -18.38   47.96   2   -4.71   38.12   3    0.90   16.10   5  -22.61   43.94
 93  48443.96904  4  3   0.74   1  -17.66   32.19   2   -5.00   21.68   5  -21.77   28.59
 94  48443.97079  4  3   0.71   1  -17.55   32.18   2   -4.98   21.64   5  -21.68   28.54
 95  48443.97450  5  4   0.77   1  -16.43   47.98   2   -3.90   37.42   3    1.01   15.76   5  -20.44   44.36
 96  48444.00560  4  3   0.77   1  -16.10   32.28   2   -4.43   21.23   5  -19.72   28.87
 97  48444.01135  5  4   0.72   1  -14.81   47.86   2   -3.30   36.73   3    1.05   15.54   5  -18.39   44.50
 98  48444.01303  5  4   0.73   1  -14.74   47.88   2   -3.26   36.73   3    1.05   15.53   5  -18.27   44.48
 99  48444.07641  5  4   1.01   1  -12.05   47.37   2   -2.32   35.53   3    1.16   15.10   5  -15.30   43.99
100  48444.07995  5  4   0.94   1  -11.90   47.32   2   -2.26   35.44   3    1.17   15.06   5  -15.13   43.94
101  48444.08224  5  4   0.98   1  -11.81   47.32   2   -2.24   35.44   3    1.17   15.05   5  -15.01   43.94
102  48444.12494  5  4   0.75   1  -10.10   46.84   2   -1.68   34.68   3    1.22   14.79   5  -13.05   43.32
103  48444.12665  5  4   0.79   1  -10.06   46.73   2   -1.69   34.54   3    1.21   14.74   5  -13.06   43.17
104  48444.12930  5  4   0.75   1   -9.97   46.74   2   -1.65   34.56   3    1.22   14.77   5  -13.00   43.14
105  48444.16511  5  4   0.83   1   -8.66   46.24   2   -1.22   33.90   3    1.23   14.56   5  -11.54   42.38
106  48444.16721  5  4   0.84   1   -8.60   46.12   2   -1.27   33.84   3    1.22   14.53   5  -11.57   42.21
107  48444.16907  5  4   0.81   1   -8.50   46.15   2   -1.20   33.82   3    1.24   14.51   5  -11.50   42.19
108  48444.92403  4  4   1.64   1   -1.37   29.38   2   -1.83   23.44   3    0.25   11.22
109  48444.92758  4  4   1.63   1   -1.35   29.38   2   -1.90   23.43   3    0.24   11.19
110  48444.93225  5  4   1.13   1   -1.48   29.32   2   -2.01   23.46   3    0.21   11.20   5  -13.58   39.49
111  48444.93686  4  4   1.42   1   -1.55   29.34   2   -2.04   23.49   3    0.19   11.21
112  48446.04970  5  4   1.29   1    6.73   51.67   2   -3.20   38.82   3   -2.31   13.63   5   14.77   31.55
113  48446.05603  5  4   1.33   1    7.02   51.80   2   -3.10   38.99   3   -2.28   13.67   5   14.76   31.52
114  48446.05816  5  4   1.22   1    7.07   51.84   2   -3.08   39.08   3   -2.33   13.69   5   14.75   31.43
115  48446.15211  3  4   1.48   1   11.18   53.07   3   -2.36   14.25
116  48446.15528  4  4   1.41   1   11.38   52.96   3   -2.32   14.28   5   13.01   31.40
117  48446.95101  4  4   2.12   1   41.40   32.35   2   23.73   50.58   3    0.21   20.42
118  48446.95646  4  4   2.24   1   41.41   32.05   2   23.85   50.64   3    0.20   20.44
119  48446.96357  4  4   2.10   1   41.50   31.71   2   24.22   50.58   3    0.28   20.47
120  48446.97012  4  4   1.91   1   41.63   31.37   2   24.43   50.48   3    0.29   20.52
121  48447.00536  4  4   1.66   1   42.04   29.66   2   25.88   50.25   3    0.58   20.78
122  48447.01968  4  4   1.78   1   42.13   28.92   2   26.43   50.09   3    0.69   20.86
123  48447.02938  4  4   1.51   1   42.23   28.48   2   26.86   50.01   3    0.76   20.97
124  48447.06851  4  4   1.18   1   42.42   26.49   2   28.37   49.63   3    1.02   21.27
125  48447.07454  4  4   1.24   1   42.44   26.21   2   28.61   49.61   3    1.06   21.33
126  48447.08081  4  4   1.24   1   42.43   25.88   2   28.87   49.51   3    1.13   21.37
127  48447.18053  5  4   0.93   1   42.24   21.21   2   32.84   48.20   3    1.85   22.10   5   39.51   25.88
128  48447.18268  5  4   1.20   1   42.18   21.12   2   32.82   48.16   3    1.94   22.21   5   39.47   26.06
129  48447.18648  5  4   1.18   1   42.13   20.94   2   32.93   48.02   3    1.94   22.20   5   39.29   25.68
130  48447.91681  5  4   0.93   1   28.06    5.71   2   54.59   23.94   3   10.19   26.36   5   30.08   19.24
131  48447.91933  5  4   0.95   1   28.06    5.75   2   54.65   23.82   3   10.25   26.41   5   30.16   19.30
132  48447.92342  5  4   0.77   1   27.94    5.76   2   54.65   23.62   3   10.25   26.41   5   30.19   19.37
133  48447.92871  5  4   0.71   1   27.86    5.80   2   54.73   23.38   3   10.33   26.39   5   30.32   19.53
134  48448.03966  5  4   0.59   1   26.53    6.91   2   56.14   18.15   3   11.91   26.74   5   33.71   21.09
135  48448.04251  5  4   0.57   1   26.53    6.97   2   56.18   17.99   3   11.96   26.74   5   33.82   21.12
136  48448.04980  5  4   0.63   1   26.48    7.02   2   56.28   17.60   3   12.06   26.69   5   34.11   21.11
137  48448.11488  5  4   0.57   1   26.09    7.88   2   56.78   14.49   3   12.98   26.83   5   36.64   21.04
138  48448.11651  5  4   0.61   1   26.08    7.94   2   56.77   14.39   3   13.02   26.84   5   36.69   21.02
139  48448.11875  5  4   0.62   1   26.09    7.98   2   56.78   14.26   3   13.06   26.83   5   36.79   21.03
