4 3 2007  9 30.870320 -16.020  55.634 -0.047 -0.055 0.008 0.008 0.041 0.038
4 3 2007 10 21.813961  17.453 -58.855  0.068  0.145 0.052 0.052 0.210 0.206
4 3 2007 11  4.774038   2.794  -8.125  0.004  0.042 0.018 0.024 0.036 0.049
2 1 2007 11 24.728794   1.523  -2.530 -0.362  0.120 0.039 0.035 0.158 0.139
2 1 2009 10  8.879840   8.546 -29.993 -0.013  0.014 0.075 0.046 0.224 0.139
2 1 2010  9  9.968203   4.135  -4.760 -0.102 -0.223 0.036 0.035 0.144 0.140
2 1 2011  9 25.935517   0.147  -7.444 -0.108 -0.332 0.009 0.036 0.044 0.182
2 1 2011 10  5.903728  -5.800  28.340  0.080 -0.401 0.054 0.069 0.163 0.206
3 1 2009 10  8.879548   8.229 -35.123 -0.013  0.280 0.039 0.035 0.158 0.142
3 1 2010  9  9.968203 -10.314  42.133 -0.059 -0.183 0.038 0.056 0.154 0.224
3 1 2011  9 20.948444 -15.225  20.876  0.386 -0.077 0.018 0.044 0.090 0.222
3 1 2011  9 26.929767   2.464   9.518 -0.280  0.237 0.029 0.017 0.114 0.066
3 1 2011  9 30.920306  -7.290  -4.440  0.023 -0.591 0.059 0.009 0.118 0.019
3 1 2011 10  5.904515  -6.642  38.176  0.095 -0.664 0.018 0.033 0.092 0.164
3 2 2008  1  3.619572  11.034 -37.887  0.134 -0.095 0.034 0.057 0.102 0.170
3 2 2009  9 17.939964 -11.261  45.935  0.105 -0.546 0.020 0.016 0.081 0.063
3 2 2009 10  8.879714  -0.302  -5.213  0.013  0.180 0.013 0.007 0.076 0.044
3 2 2009 10 31.813844  -3.612  11.468 -0.078  0.079 0.010 0.016 0.039 0.066
3 2 2010  8 20.029806   5.012  -6.244 -0.001 -0.050 0.011 0.013 0.056 0.067
3 2 2010  9  9.968203 -14.450  46.893  0.043  0.040 0.009 0.029 0.035 0.115
3 2 2010 10 10.885949  14.884 -46.077 -0.431  0.448 0.055 0.015 0.164 0.044
3 2 2011  9  4.993512  -4.422  -1.764  0.290  0.096 0.021 0.021 0.104 0.103
3 2 2011  9 10.976610  -9.525  14.748 -0.231  0.655 0.011 0.030 0.042 0.121
3 2 2011  9 27.926314  -3.117  12.078  0.080  0.047 0.013 0.013 0.063 0.066
3 2 2011 10  1.917976   7.928 -46.288 -0.514  0.509 0.026 0.028 0.102 0.111
3 2 2011 10  5.903728  -0.780   9.837  0.066 -0.260 0.034 0.029 0.102 0.086
3 2 2011 10 18.869542   7.821 -42.150  0.009  0.148 0.022 0.018 0.110 0.090
4 1 2007 11 24.728793 -12.584  45.050 -0.182 -0.304 0.022 0.038 0.110 0.191
4 1 2010  9  9.968203   7.682   5.995 -0.243 -0.302 0.013 0.069 0.051 0.276
4 1 2011  9 20.948444  10.212 -11.634  0.084  0.158 0.011 0.044 0.057 0.221
4 1 2011  9 25.935517 -17.232  51.230 -0.159 -0.301 0.011 0.028 0.055 0.138
4 1 2011  9 26.929767 -12.296  19.633 -0.288  0.234 0.031 0.015 0.122 0.058
4 1 2011  9 30.920306  -2.520 -20.775  0.036 -0.287 0.014 0.025 0.029 0.049
4 2 2007 11  4.774038   6.503 -21.485  0.080 -0.576 0.020 0.078 0.040 0.156
4 2 2007 11 24.728794 -14.062  47.520  0.226 -0.484 0.023 0.031 0.091 0.125
4 2 2008  1  3.619019  -4.278  12.515  0.009 -0.171 0.024 0.087 0.048 0.173
4 2 2009  9 17.940459 -10.809  27.425  0.614 -0.342 0.011 0.164 0.021 0.327
4 2 2009 10 31.813844  14.680 -56.863 -0.091  0.144 0.015 0.015 0.058 0.060
4 2 2010  8 20.029806 -18.289  36.818  0.083 -0.087 0.012 0.012 0.059 0.061
4 2 2010  9  9.968203   3.547  10.755 -0.141 -0.080 0.024 0.038 0.094 0.151
4 2 2010 10 10.885949  -6.512  22.303 -0.320  0.111 0.061 0.023 0.183 0.069
4 2 2011  9  4.993512   5.517 -22.230  0.264  0.060 0.016 0.019 0.078 0.094
4 2 2011  9 10.976610  -2.835  21.040 -0.274  0.614 0.010 0.034 0.041 0.135
4 2 2011  9 25.935517 -17.379  58.674 -0.051  0.031 0.008 0.012 0.039 0.060
4 2 2011  9 27.926314  -9.954  -0.076  0.028  0.211 0.012 0.013 0.060 0.066
4 2 2011 10  1.917976  11.164 -57.395 -0.564  0.448 0.022 0.031 0.090 0.122
4 2 2011 10 18.869542  17.007 -22.608 -0.493  0.109 0.039 0.013 0.195 0.065
4 2 2011 11 29.750459   8.666  11.055  0.059  0.669 0.044 0.024 0.177 0.096
4 3 2008  1  3.619807 -15.207  50.417 -0.018 -0.072 0.019 0.023 0.056 0.069
4 3 2008  1  4.610295 -17.763  65.404 -0.015  0.016 0.014 0.010 0.069 0.048
4 3 2008  9 24.922355  14.162 -50.755  0.164  0.311 0.008 0.013 0.032 0.051
4 3 2008  9 25.905981  14.285 -47.248 -0.053 -0.022 0.003 0.003 0.011 0.014
4 3 2008 10  5.878589  15.823 -57.842 -0.055 -0.003 0.009 0.002 0.046 0.012
4 3 2008 10  7.873389   7.025 -19.768  0.151 -0.202 0.017 0.039 0.083 0.193
4 3 2008 11 17.756510  16.910 -59.988 -0.018 -0.055 0.009 0.010 0.044 0.050
4 3 2009  1  7.616089  11.680 -48.610 -0.230  0.286 0.034 0.022 0.136 0.089
4 3 2009  9 12.949904  -5.995  46.194  0.047 -0.151 0.007 0.009 0.030 0.037
4 3 2009  9 17.939087   0.408 -18.425  0.470  0.269 0.020 0.070 0.081 0.280
4 3 2009  9 20.931219   6.942 -21.890 -0.013 -0.379 0.009 0.020 0.062 0.140
4 3 2009  9 23.923239   3.875 -10.713  0.362 -0.013 0.043 0.043 0.130 0.129
4 3 2009 10  6.890766  18.404 -47.048 -0.386 -0.220 0.027 0.017 0.159 0.100
4 3 2009 10  9.878666  -9.839  49.813  0.150 -0.220 0.006 0.017 0.035 0.103
4 3 2009 10 30.820929  11.158 -55.744 -0.008  0.167 0.011 0.014 0.078 0.099
4 3 2009 10 31.812876  18.286 -68.357 -0.014  0.037 0.009 0.007 0.051 0.045
4 3 2009 11  3.804535   4.497   3.494 -0.141 -0.370 0.017 0.012 0.085 0.061
4 3 2009 11  5.801434 -10.069  43.162  0.250 -0.363 0.012 0.014 0.061 0.068
4 3 2009 12 17.685021 -13.578  59.928  0.168 -0.293 0.015 0.019 0.075 0.094
4 3 2009 12 19.679730 -18.048  51.158  0.031  0.045 0.006 0.011 0.028 0.055
4 3 2010  1  1.651716  -3.522  16.213  0.037 -0.011 0.025 0.022 0.100 0.089
4 3 2010  8 20.029806 -23.301  43.062  0.084 -0.037 0.008 0.007 0.041 0.036
4 3 2010  9  9.967610  18.020 -36.134 -0.160 -0.105 0.021 0.032 0.107 0.159
4 3 2010 10 10.885556 -21.402  68.402  0.104 -0.319 0.004 0.015 0.021 0.073
4 3 2011  9  4.993512   9.939 -20.466 -0.026 -0.035 0.005 0.003 0.027 0.014
4 3 2011  9  5.988909   6.930  -8.864  0.016 -0.057 0.005 0.002 0.025 0.010
4 3 2011  9 10.977200   6.687   6.298 -0.044 -0.045 0.004 0.004 0.019 0.018
4 3 2011  9 18.954294  17.010 -70.344 -0.092  0.150 0.005 0.005 0.026 0.025
4 3 2011  9 20.948444  25.437 -32.510 -0.302  0.235 0.014 0.017 0.072 0.085
4 3 2011  9 26.930360 -14.757  10.108 -0.009  0.006 0.002 0.009 0.008 0.044
4 3 2011  9 27.926314  -6.837 -12.154 -0.052  0.164 0.005 0.001 0.025 0.005
4 3 2011  9 30.919715   4.815 -16.407  0.057  0.237 0.032 0.033 0.096 0.098
4 3 2011 10  1.917384   3.237 -11.106 -0.051 -0.058 0.004 0.004 0.019 0.019
4 3 2011 10  9.895016 -13.377  57.950  0.076 -0.090 0.004 0.009 0.020 0.046
4 3 2011 10 18.869542   9.186  19.542 -0.502 -0.039 0.026 0.028 0.128 0.140
4 3 2011 11 10.801166  14.826 -65.616 -0.084  0.304 0.010 0.011 0.050 0.056
4 3 2011 12 20.702643  -7.782  -9.212 -0.014  0.116 0.010 0.027 0.050 0.135
4 3 2011 12 28.670572 -18.206  66.436  0.040 -0.243 0.007 0.006 0.037 0.031
