1968  1 23.037742  0  11 57 46.325  01 05 19.99
1968  1 23.048819  0  11 57 46.269  01  5 20.34
1968  1 23.059905  0  11 57 46.200  01  5 21.29
1968  1 31.958545  0  11 57  5.756  01 10 03.88
1968  1 31.966071  0  11 57  5.734  01 10 04.12
1968  1 31.973690  0  11 57  5.667  01 10 04.03
1968  2 28.936015  0  11 53 41.229  01 32 56.03
1968  2 28.947775  0  11 53 41.169  01 32 56.69
1968  2 28.958160  0  11 53 41.072  01 32 57.20
1968  3 26.872650  0  11 49 27.511  02 00 26.27
1968  3 26.882349  0  11 49 27.400  02 00 28.99
1968  3 26.892735  0  11 49 27.310  02 00 29.65
1968  3 28.929525  0  11 49 08.168  02 02 32.53
1968  3 28.939221  0  11 49 08.107  02 02 33.69
1968  4  1.948394  0  11 48 30.970  02 06 31.11
1968  4  1.958090  0  11 48 30.876  02 06 31.57
1968  4  1.967785  0  11 48 30.773  02 06 32.48
1968  4 19.928318  0  11 46 00.245  02 22 23.78
1968  4 19.938021  0  11 46 00.180  02 22 24.50
1968  4 19.947710  0  11 46 00.083  02 22 25.00
1968  4 24.898080  0  11 45 24.855  02 26 03.91
1968  4 24.907776  0  11 45 24.799  02 26 04.35
1968  4 24.917471  0  11 45 24.701  02 26 04.29
1968  4 25.882884  0  11 45 18.250  02 26 44.70
1968  4 25.892579  0  11 45 18.165  02 26 45.24
1968  4 25.902275  0  11 45 18.117  02 26 45.85
1968  5 14.878082  0  11 43 40.548  02 36 33.84
1968  5 14.887765  0  11 43 40.498  02 36 34.19
1968  5 14.897470  0  11 43 40.454  02 36 34.20
1968  6 19.910694  0  11 43 37.402  02 35 12.87
1968  6 19.916927  0  11 43 37.454  02 35 12.65
1968  6 19.923160  0  11 43 37.480  02 35 12.47
1969  3  7.927302  0  12 10 48.135  0 -19 31.63
1969  3  7.937689  0  12 10 48.051  0 -19 30.83
1969  3  7.948078  0  12 10 47.953  0 -19 30.07
1969  3  8.923877  0  12 10 39.095  0 -18 32.48
1969  3  8.930110  0  12 10 39.042  0 -18 31.83
1969  3  8.936343  0  12 10 38.985  0 -18 31.17
1969  3  8.952965  0  12 10 38.845  0 -18 29.89
1969  3  8.963353  0  12 10 38.750  0 -18 29.02
1969  3  8.973740  0  12 10 38.463  0 -18 28.33
1969  4 18.950440  0  12 04 21.558  00 22 01.17
1969  4 18.961521  0  12 04 21.463  00 22 01.91
1969  4 18.972602  0  12 04 21.354  00 22 02.61
1969  5  5.908870  0  12 02 21.628  00 34 30.29
1969  5  5.919952  0  12 02 21.590  00 34 30.14
1969  5  5.931033  0  12 02 21.516  00 34 31.11
1969  5 20.940631  0  12 01 11.601  00 41 29.22
1969  5 20.949634  0  12 01 11.598  00 41 29.39
1969  5 20.958638  0  12 01 11.547  00 41 29.65
1968  1 23.037742  3  11 57 45.875  01 04 49.53
1968  1 23.037742  4  11 57 47.224  01 05 39.57
1968  1 23.048819  3  11 57 45.815  01 04 49.56
1968  1 23.048819  4  11 57 47.168  01 05 39.82
1968  1 23.059905  3  11 57 45.793  01 04 49.98
1968  1 23.059905  4  11 57 47.103  01 05 39.80
1968  1 31.958454  3  11 57 05.252  01 09 31.30
1968  1 31.958454  4  11 57 05.625  01 10 27.77
1968  1 31.966071  3  11 57 05.171  01 09 31.83
1968  1 31.966071  4  11 57 05.626  01 10 28.44
1968  2 28.936015  3  11 53 40.553  01 32 43.35
1968  2 28.936015  4  11 53 41.642  01 33 34.81
1968  2 28.947775  3  11 53 40.478  01 32 44.62
1968  2 28.947775  4  11 53 41.520  01 33 36.24
1968  2 28.958160  3  11 53 40.379  01 32 45.18
1968  2 28.958160  4  11 53 41.404  01 33 36.94
1968  4  1.948394  3  11 48 30.343  02 05 57.56
1968  4  1.948394  4  11 48 30.812  02 06 00.96
1968  4  1.958090  3  11 48 30.362  02 05 58.38
1968  4  1.958090  4  11 48 30.758  02 06 01.32
1968  4  1.967785  3  11 48 30.217  02 05 59.02
1968  4  1.967785  4  11 48 30.640  02 06 01.47
1968  4 19.928318  3  11 45 59.602  02 21 51.76
1968  4 19.928318  4  11 45 59.573  02 22 11.45
1968  4 19.928318  2  11 45 59.884  02 22 04.32
1968  4 19.938021  3  11 45 59.528  02 21 52.70
1968  4 19.938021  4  11 45 59.508  02 22 12.24
1968  4 19.938021  2  11 45 59.830  02 22 04.74
1968  4 19.947710  3  11 45 59.462  02 21 53.04
1968  4 19.947710  4  11 45 59.446  02 22 12.39
1968  4 19.947710  2  11 45 59.774  02 22 04.34
1968  4 24.808080  3  11 45 25.573  02 26 29.20
1968  4 24.898080  4  11 45 25.835  02 26 43.97
1968  4 24.907776  3  11 45 25.541  02 26 29.45
1968  4 24.907776  4  11 45 25.756  02 26 45.00
1968  4 24.917471  3  11 45 25.436  02 26 29.55
1968  4 24.917471  4  11 45 25.704  02 26 45.01
1968  4 25.882884  3  11 45 18.504  02 27 01.42
1968  4 25.882884  4  11 45 19.125  02 27 12.70
1968  4 25.892579  3  11 45 18.649  02 27 02.56
1968  4 25.892579  4  11 45 19.053  02 27 13.15
1968  4 25.902275  3  11 45 18.344  02 27 02.34
1968  4 25.902275  4  11 45 18.981  02 27 12.87
1968  5 14.878082  3  11 43 40.221  02 36 06.58
1968  5 14.878082  4  11 43 39.679  02 35 53.07
1968  5 14.887765  3  11 43 40.165  02 36 06.79
1968  5 14.887765  4  11 43 39.621  02 35 53.13
1968  5 14.897470  3  11 43 40.175  02 36 07.19
1968  5 14.897470  4  11 43 39.574  02 35 53.44
1969  3  7.927302  4  12 10 47.047  0 -20 02.69
1969  3  7.927302  3  12 10 47.472  0 -20 03.99
1969  3  7.937689  4  12 10 46.933  0 -20 02.64
1969  3  7.937689  3  12 10 47.346  0 -20 03.53
1969  3  7.948078  4  12 10 46.785  0 -20 01.31
1969  3  7.948078  3  12 10 47.221  0 -20 03.09
1969  3  8.923877  4  12 10 38.120  0 -18 45.98
1969  3  8.923877  3  12 10 38.256  0 -18 52.35
1969  3  8.930110  4  12 10 37.988  0 -18 45.10
1969  3  8.830110  3  12 10 38.208  0 -18 51.25
1969  3  8.936343  4  12 10 37.987  0 -18 44.46
1969  3  8.936343  3  12 10 38.156  0 -18 50.87
1969  3  8.952965  4  12 10 37.789  0 -18 43.15
1969  3  8.952965  3  12 10 38.022  0 -18 49.59
1969  3  8.963353  4  12 10 37.733  0 -18 42.71
1969  3  8.963353  3  12 10 37.925  0 -18 47.41
1969  3  8.973740  4  12 10 37.624  0 -18 41.65
1969  3  8.973740  3  12 10 37.860  0 -18 47.31
1969  5 20.940631  3  12 01 12.244  00 42 00.62
1969  5 20.940631  4  12 01 12.605  00 42 00.30
1969  5 20.949634  3  12 01 12.237  00 42 00.84
1969  5 20.949634  4  12 01 12.625  00 41 59.87
1969  5 20.958638  3  12 01 12.261  00 42 00.86

