 1 22186.02 2446299.85614626 271.54946   -24.95658    .00057    .00057  22186.02   660.729   -4676188.1   179467633.4   83612387.9   271.44   -24.98
 1 22186.08 2446299.85946848 271.54965   -24.95684    .00058    .00057  22186.08   660.716   -4676092.0   179463797.1   83610600.2   271.44   -24.98
 1 22186.21 2446299.86670181 271.55008   -24.95790    .00065    .00056  22186.21   660.687   -4675882.6   179455444.5   83606707.9   271.44   -24.98
 1 22186.27 2446299.87004626 271.55025   -24.95822    .00065    .00057  22186.27   660.674   -4675785.8   179451582.6   83604908.2   271.44   -24.98
 1 22186.33 2446299.87338231 271.55020   -24.95877    .00069    .00058  22186.33   660.661   -4675689.2   179447730.2   83603113.0   271.44   -24.98
 1 22957.13 2446325.56227125 271.54191   -25.02466    .00066    .00055  22957.13   551.528   -3930107.6   149788404.5   69781500.7   271.45   -24.98
 1 23138.11 2446331.59449070 271.43568   -24.95222    .00057    .00056  23138.11   525.542   -3754473.2   142825024.8   66536418.8   271.45   -24.98
 1 23138.21 2446331.60004070 271.43598   -24.95123    .00058    .00057  23138.21   525.518   -3754311.6   142818618.2   66533433.3   271.45   -24.98
 1 23138.41 2446331.61113514 271.43667   -24.94944    .00058    .00057  23138.41   525.469   -3753988.4   142805811.6   66527465.1   271.45   -24.98
 1 23139.41 2446331.64443514 271.43913   -24.94418    .00057    .00056  23139.41   525.325   -3753018.3   142767372.4   66509551.5   271.45   -24.98
 1 23140.41 2446331.67781292 271.44187   -24.93883    .00059    .00058  23140.41   525.182   -3752045.9   142728843.4   66491596.1   271.45   -24.98
 1 23141.41 2446331.71113514 271.44547   -24.93412    .00063    .00058  23141.41   525.040   -3751075.1   142690378.5   66473670.6   271.45   -24.98
 1 23142.33 2446331.74004903 271.44875   -24.92991    .00060    .00064  23142.33   524.918   -3750232.7   142657002.3   66458116.6   271.45   -24.98
 1 23143.37 2446331.71560181 271.45298   -24.92535    .00058    .00056  23143.37   524.770   -3749197.0   142615962.7   66438991.2   271.45   -24.98
 1 23143.47 2446331.78115181 271.45380   -24.92444    .00066    .00058  23143.47   524.746   -3749035.3   142609556.1   66436005.6   271.45   -24.98
 1 23144.07 2446331.79224625 271.45503   -24.92310    .00057    .00056  23144.07   524.700   -3748712.0   142596749.5   66430037.4   271.45   -24.98
 1 23145.07 2446331.82554625 271.46003   -24.91926    .00058    .00056  23145.07   524.563   -3747741.9   142558310.3   66412123.9   271.45   -24.98
 1 23147.07 2446331.89224625 271.47005   -24.91249    .00059    .00057  23147.07   524.292   -3745798.6   142481316.6   66376243.0   271.45   -24.98
 1 24064.20 2446362.46615737 271.55579   -24.88059    .00117    .00113  24064.20   394.512   -2852861.5   107193279.8   49930968.7   271.45   -24.98
 1 24064.26 2446362.46949070 271.55640   -24.88077    .00121    .00113  24064.26   394.499   -2852763.9   107189432.9   49929175.9   271.45   -24.98
 1 24064.32 2446362.47274626 271.55751   -24.88116    .00116    .00113  24064.32   394.487   -2852668.6   107185675.8   49927424.9   271.45   -24.98
 1 24064.38 2446362.47607959 271.55810   -24.88126    .00114    .00111  24064.38   394.474   -2852571.0   107181828.9   49925632.1   271.45   -24.98
 1 24064.50 2446362.48282403 271.55969   -24.88161    .00114    .00115  24064.50   394.449   -2852373.6   107174045.3   49922004.7   271.45   -24.98
 1 24065.14 2446362.49615737 271.56261   -24.88256    .00115    .00116  24065.14   394.398   -2851983.3   107158657.7   49914833.5   271.45   -24.98
 1 24065.20 2446362.49949070 271.56343   -24.88303    .00115    .00118  24065.20   394.386   -2851885.7   107154810.8   49913040.8   271.45   -24.98
 1 24065.26 2446362.50282403 271.56428   -24.88306    .00115    .00115  24065.26   394.373   -2851788.1   107150963.9   49911248.0   271.45   -24.98
 1 24066.38 2446362.54282403 271.57308   -24.88674    .00115    .00115  24066.38   394.222   -2850617.2   107104801.1   49889734.4   271.45   -24.98
 1 24067.02 2446362.55615737 271.57578   -24.88841    .00118    .00115  24067.02   394.171   -2850226.8   107089413.6   49882563.3   271.45   -24.98
 1 24067.08 2446362.55949070 271.57652   -24.88865    .00115    .00119  24067.08   394.159   -2850129.3   107085566.7   49880770.5   271.45   -24.98
 1 24067.14 2446362.56282403 271.57731   -24.88892    .00114    .00115  24067.14   394.146   -2850031.7   107081719.8   49878977.7   271.45   -24.98
 1 24684.26 2446383.13625816 271.67175   -24.96167    .00015    .00017  24684.26   306.912   -2247017.5    83339599.8   38814233.5   271.46   -24.98
 1 24730.29 2446384.67125633 271.44749   -24.89096    .00015    .00016  24730.29   300.047   -2201972.6    81568247.6   37988702.5   271.46   -24.98
 1 24792.51 2446386.75014275 271.42604   -25.01698    .00015    .00015  24792.51   291.299   -2140952.9    79169267.3   36870666.7   271.46   -24.98
 1 24818.50 2446387.61625283 271.57600   -24.84006    .00015    .00015  24818.50   287.652   -2115527.3    78169801.0   36404868.7   271.46   -24.98
 1 24819.14 2446387.62958616 271.58047   -24.84066    .00015    .00014  24819.14   287.601   -2115135.8    78154414.7   36397698.0   271.46   -24.98
 1 24967.59 2446392.58791360 271.56052   -24.82748    .00016    .00015  24967.59   266.505   -1969541.5    72432659.9   33731088.0   271.46   -24.98
 1 24968.28 2446392.60402470 271.56641   -24.82736    .00015    .00016  24968.28   266.443   -1969068.3    72414068.2   33722423.4   271.46   -24.98
 1 24987.59 2446393.25457948 271.70513   -24.97128    .00015    .00015  24987.59   263.940   -1949959.2    71663348.5   33372551.6   271.46   -24.98
 1 25028.11 2446394.59457788 271.41732   -24.92519    .00016    .00015  25028.11   257.900   -1910601.2    70117033.4   32651893.5   271.46   -24.98
 1 25144.30 2446398.47175836 271.70577   -25.03274    .00567    .00604  25144.30   241.799   -1796688.4    65642880.8   30566715.4   271.46   -24.98
 1 25144.54 2446398.48509167 271.70315   -25.03715    .00565    .00578  25144.54   241.743   -1796296.6    65627494.5   30559544.6   271.46   -24.98
 1 25145.52 2446398.51729267 271.69566   -25.04710    .00557    .00558  25145.52   241.605   -1795350.4    65590335.4   30542226.6   271.46   -24.98
 1 25146.50 2446398.54953708 271.68736   -25.05655    .00563    .00577  25146.50   241.466   -1794403.0    65553126.2   30524885.3   271.46   -24.98
 1 25147.24 2446398.56840373 271.68221   -25.06199    .00559    .00567  25147.24   241.385   -1793848.6    65531354.6   30514738.6   271.46   -24.98
 1 25147.48 2446398.58173704 271.67853   -25.06555    .00557    .00572  25147.48   241.327   -1793456.8    65515968.3   30507567.8   271.46   -24.98
 1 25148.22 2446398.60064813 271.67291   -25.07051    .00581    .00582  25148.22   241.244   -1792901.1    65494145.4   30497397.2   271.46   -24.98
 1 25149.20 2446398.63284809 271.66281   -25.07826    .00567    .00563  25149.20   241.103   -1791955.0    65456987.5   30480079.8   271.46   -24.98
 1 25149.44 2446398.64618141 271.65833   -25.08134    .00561    .00561  25149.44   241.044   -1791563.2    65441601.2   30472909.0   271.46   -24.98
 1 25150.42 2446398.67840359 271.64754   -25.08815    .00563    .00576  25150.42   240.900   -1790616.4    65404417.7   30455579.5   271.46   -24.98
 1 25208.11 2446400.59457077 271.72361   -24.88778    .00016    .00016  25208.11   232.691   -1734306.5    63193206.9   29425042.6   271.46   -24.98
 1 25208.28 2446400.60401520 271.72530   -24.89098    .00015    .00015  25208.28   232.655   -1734028.9    63182308.2   29419963.3   271.46   -24.98
 1 25311.44 2446404.04622354 271.52601   -25.11811    .00017    .00016  25311.44   217.983   -1632852.6    59210054.4   27568688.0   271.46   -24.98
 1 25313.31 2446404.10566790 271.50147   -25.11015    .00016    .00016  25313.31   217.703   -1631105.4    59141456.2   27536717.7   271.46   -24.98
 1 25325.29 2446404.50455618 271.40187   -24.98486    .00017    .00017  25325.29   215.841   -1619380.3    58681142.6   27322187.6   271.46   -24.98
 1 25325.41 2446404.51122284 271.40145   -24.98214    .00016    .00016  25325.41   215.811   -1619184.3    58673449.4   27318602.1   271.46   -24.98
 1 25345.29 2446405.17122185 271.57785   -24.78937    .00016    .00016  25345.29   213.045   -1599781.1    57911814.2   26963640.4   271.46   -24.98
 1 25346.20 2446405.19955514 271.59070   -24.78893    .00015    .00015  25346.20   212.936   -1598948.1    57879117.7   26948402.1   271.46   -24.98
 1 25647.41 2446415.24454008 271.60306   -24.74148    .00017    .00016  25647.41   170.250   -1303532.9    46286909.4   21545814.7   271.46   -24.98
 1 25675.34 2446416.17398313 271.79682   -25.08335    .00018    .00016  25675.34   166.599   -1276186.9    45214258.3   21045901.0   271.46   -24.98
 1 25678.14 2446416.26287188 271.76014   -25.11813    .00018    .00016  25678.14   166.212   -1273571.8    45111673.2   20998090.7   271.46   -24.98
 1 25685.29 2446416.50453819 271.63038   -25.16885    .00016    .00016  25685.29   165.119   -1266462.2    44832769.4   20868106.3   271.46   -24.98
 1 25692.51 2446416.75009331 271.49257   -25.14169    .00016    .00016  25692.51   163.968   -1259238.3    44549376.8   20736029.9   271.46   -24.98
 1 25705.29 2446417.17120386 271.38102   -24.95012    .00017    .00017  25705.29   162.014   -1246849.4    44063375.9   20509527.0   271.46   -24.98
 1 25706.14 2446417.19620381 271.38216   -24.93618    .00016    .00017  25706.14   161.902   -1246113.9    44034523.5   20496080.2   271.46   -24.98
 1 25768.18 2446419.26508960 271.49764   -25.15446    .00017    .00016  25768.18   153.286   -1185236.9    41646798.8   19383269.5   271.46   -24.98
 1 25768.26 2446419.26953405 271.49522   -25.15320    .00017    .00016  25768.26   153.265   -1185106.2    41641669.3   19380878.9   271.46   -24.98
 1 25768.35 2446419.27453403 271.49243   -25.15177    .00015    .00015  25768.35   153.242   -1184959.1    41635898.7   19378189.5   271.46   -24.98
 1 25807.29 2446420.57119876 271.79961   -24.14997    .00016    .00018  25807.29   147.748   -1146801.3    40139370.6   18680724.9   271.46   -24.98
 1 25807.41 2446420.57786541 271.80300   -24.15235    .00016    .00016  25807.41   147.722   -1146605.1    40131676.3   18677138.9   271.46   -24.98
 1 25828.54 2446421.28508658 271.81379   -25.13090    .00018    .00017  25828.54   144.879   -1125791.0    39315434.5   18296725.2   271.46   -24.98
 1 25836.20 2446421.53286398 271.66377   -25.19581    .00019    .00018  25836.20   143.761   -1118499.3    39029459.5   18163445.0   271.46   -24.98
 1 25865.34 2446422.50730696 271.44903   -24.77142    .00017    .00018  25865.34   139.321   -1089822.1    37904784.6   17639284.1   271.46   -24.98
 1 25947.30 2446425.23841398 271.58549   -24.67357    .00015    .00016  25947.30   127.761   -1009775.4    34752538.5   16170076.9   271.45   -24.98
 1 25977.29 2446426.23785693 271.92225   -25.10823    .00019    .00018  25977.29   123.844    -980525.3    33598941.2   15632392.9   271.45   -24.98
 1 25977.41 2446426.24452359 271.91922   -25.11234    .00016    .00015  25977.41   123.815    -980330.2    33591246.2   15628806.3   271.45   -24.98
 1 25984.25 2446426.46896769 271.78025   -25.21319    .00016    .00016  25984.25   122.824    -973762.0    33332180.4   15508057.5   271.45   -24.98
 1 25992.59 2446426.75452282 271.55966   -25.22108    .00018    .00018  25992.59   121.499    -965405.7    33002575.1   15354430.6   271.45   -24.98
 1 26126.56 2446431.21951740 272.04946   -25.08995    .00018    .00019  26126.56   102.676    -834712.2    27848479.5   12952139.4   271.45   -24.98
 1 26184.38 2446433.14284780 271.96989   -24.60238    .00017    .00016  26184.38    94.318    -778404.1    25628088.3   11917228.5   271.45   -24.98
 1 26225.44 2446434.51284572 271.42364   -25.20132    .00018    .00016  26225.44    88.438    -738290.0    24046388.0   11180007.4   271.45   -24.98
 1 26286.40 2446436.54395374 271.96287   -25.33333    .00016    .00018  26286.40    80.012    -678807.8    21701227.0   10086941.5   271.45   -24.98
 1 26336.41 2446438.21117343 272.15193   -24.50799    .00017    .00037  26336.41    72.790    -629975.6    19776016.1    9189611.9   271.45   -24.98
 1 26336.53 2446438.21784008 272.15957   -24.51302    .00016    .00018  26336.53    72.765    -629780.3    19768317.4    9186023.6   271.45   -24.98
 1 26362.14 2446439.06283880 272.04385   -25.38671    .00017    .00018  26362.14    69.305    -605026.0    18792476.8    8731189.9   271.45   -24.98
 1 26376.44 2446439.54617140 271.42127   -25.27836    .00018    .00016  26376.44    67.047    -590867.4    18234275.7    8471015.6   271.45   -24.98
 1 26376.56 2446439.55283806 271.41489   -25.27195    .00017    .00016  26376.56    67.015    -590672.1    18226576.3    8467427.0   271.45   -24.98
 1 26466.28 2446442.53728683 271.30651   -24.62209    .00016    .00017  26466.28    54.191    -503218.0    14779274.4    6860660.0   271.45   -24.98
 1 26487.12 2446443.22839714 272.40566   -24.28824    .00017    .00017  26487.12    51.449    -482958.5    13980813.7    6488502.3   271.45   -24.98
 1 26527.36 2446444.57506227 271.42298   -25.43287    .00016    .00016  26527.36    45.667    -443475.8    12424737.2    5763225.0   271.45   -24.98
 1 26527.42 2446444.57839561 271.41806   -25.42836    .00016    .00016  26527.42    45.651    -443378.0    12420885.1    5761429.5   271.45   -24.98
 1 26543.56 2446445.11950609 271.33993   -24.41670    .00017    .00017  26543.56    43.207    -427510.3    11795528.4    5469954.9   271.45   -24.98
 1 26544.14 2446445.12950608 271.35269   -24.39871    .00015    .00018  26544.14    43.165    -427217.0    11783970.8    5464568.1   271.45   -24.98
 1 26549.09 2446445.29339478 271.62620   -24.14842    .00018    .00016  26549.09    42.489    -422410.1    11594552.6    5376281.5   271.45   -24.98
 1 26555.05 2446445.49117233 272.06373   -23.99744    .00017    .00017  26555.05    41.709    -416608.7    11365957.8    5269735.1   271.45   -24.98
 1 26555.11 2446445.49450566 272.07169   -23.99663    .00016    .00016  26555.11    41.696    -416510.9    11362105.0    5267939.3   271.45   -24.98
 1 26572.56 2446446.08617165 273.11786   -24.69117    .00017    .00018  26572.56    39.434    -399152.8    10678186.9    4949169.9   271.45   -24.98
 1 26602.52 2446447.08394829 271.43544   -25.59019    .00017    .00016  26602.52    34.997    -369875.5	    9524607.2    4411495.1   271.45   -24.98
 1 26617.27 2446447.51005884 271.20125   -24.40566    .00017    .00018  26617.27    32.780    -355607.2	    8962467.2    4149486.3   271.45   -24.98
 1 26664.51 2446449.15005800 272.99042   -26.04654    .00018    .00016  26664.51    26.397    -309195.8	    7134620.2    3297544.0   271.45   -24.98
 1 26759.45 2446452.31338784 270.64800   -25.55311    .00018    .00018  26759.45    12.625    -215979.4	    3468735.5    1588939.5   271.45   -24.98
 1 26777.35 2446452.90783163 272.60974   -21.22366    .00017    .00016  26777.35    10.064    -198342.4	    2777786.3    1266914.8   271.45   -24.98
 1 26781.00 2446453.02172039 273.73467   -20.72833    .00018    .00017  26781.00     9.621    -194952.6	    2645257.9    1205149.8   271.45   -24.98
 1 26794.34 2446453.47394211 278.87326   -21.58523    .00017    .00018  26794.34     7.916    -181440.5	    2118360.7     959595.9   271.45   -24.98
 1 26797.46 2446453.58060866 279.89269   -22.49320    .00019    .00018  26797.46     7.505    -178237.5	    1993887.9     901589.2   271.45   -24.98
 1 26817.49 2446454.24894126 279.39666   -31.27016    .00018    .00019  26817.49     4.624    -157891.3	    1211208.3     536891.3   271.45   -24.98
 1 26903.29 2446457.10446867 114.08078    15.68543    .00098    .00128  26903.29     8.309     866774.7    -2123905.6    -813324.1   295.25   -18.46
 1 26987.07 2446459.89226837 115.42295    18.20945    .00095    .00093  26987.07    20.379    2311822.3    -5188805.2   -1944754.7   295.25   -18.46
 1 27016.37 2446460.87560061 113.61545    20.16593    .00096    .00097  27016.37    24.050    2820248.1    -6266953.0   -2342738.8   295.25   -18.46
 2 22186.02 2446299.85614626 271.41128   -24.96620    .00057    .00057  22186.02   660.370   -4676190.5   179467634.0   83612388.2   271.44   -24.98
 2 22186.08 2446299.85946848 271.41120   -24.96574    .00058    .00057  22186.08   660.355   -4676094.3   179463797.7   83610600.5   271.44   -24.98
 2 22956.56 2446325.55282681 271.48537   -24.88269    .00059    .00057  22956.56   551.215   -3930384.8   149799307.8   69786581.8   271.45   -24.98
 2 22957.02 2446325.55615737 271.48601   -24.88270    .00062    .00058  22957.02   551.202   -3930287.9   149795463.0   69784790.1   271.45   -24.98
 2 22957.13 2446325.56227125 271.48678   -24.88232    .00058    .00056  22957.13   551.178   -3930109.9   149788405.1   69781501.0   271.45   -24.98
 2 22957.19 2446325.56560181 271.48732   -24.88224    .00062    .00058  22957.19   551.164   -3930013.0   149784560.3   69779709.2   271.45   -24.98
 2 23138.11 2446331.59449070 271.55095   -25.05514    .00057    .00057  23138.11   525.948   -3754470.6   142825024.1   66536418.5   271.45   -24.98
 2 23138.21 2446331.60004070 271.55018   -25.05556    .00058    .00057  23138.21   525.923   -3754308.9   142818617.6   66533432.9   271.45   -24.98
 2 23138.41 2446331.61113514 271.54861   -25.05621    .00058    .00057  23138.41   525.874   -3753985.7   142805810.9   66527464.7   271.45   -24.98
 2 23139.41 2446331.64443514 271.54392   -25.05842    .00057    .00057  23139.41   525.725   -3753015.6   142767371.7   66509551.2   271.45   -24.98
 2 23141.41 2446331.71113514 271.53403   -25.06197    .00058    .00059  23141.41   525.425   -3751072.6   142690377.8   66473670.3   271.45   -24.98
 2 23143.37 2446331.77560181 271.52413   -25.06435    .00058    .00057  23143.37   525.134   -3749194.6   142615962.1   66438990.9   271.45   -24.98
 2 23143.47 2446331.78115181 271.52319   -25.06453    .00059    .00060  23143.47   525.108   -3749032.9   142609555.5   66436005.3   271.45   -24.98
 2 23144.07 2446331.79224625 271.52169   -25.06492    .00058    .00057  23144.07   525.058   -3748709.7   142596748.9   66430037.1   271.45   -24.98
 2 23145.07 2446331.82554625 271.51642   -25.06580    .00058    .00056  23145.07   524.906   -3747739.6   142558309.7   66412123.6   271.45   -24.98
 2 23147.07 2446331.89224625 271.50599   -25.06654    .00058    .00057  23147.07   524.602   -3745796.5   142481316.0   66376242.8   271.45   -24.98
 2 24064.20 2446362.46615737 271.42995   -24.87927    .00117    .00122  24064.20   394.307   -2852862.8   107193280.2   49930968.9   271.45   -24.98
 2 24064.26 2446362.46949070 271.43060   -24.87879    .00121    .00123  24064.26   394.293   -2852765.2   107189433.3   49929176.1   271.45   -24.98
 2 24064.38 2446362.47607959 271.43156   -24.87810    .00114    .00119  24064.38   394.265   -2852572.4   107181829.2   49925632.3   271.45   -24.98
 2 24064.50 2446362.48282403 271.43269   -24.87697    .00114    .00112  24064.50   394.237   -2852375.0   107174045.7   49922004.9   271.45   -24.98
 2 24065.20 2446362.49949070 271.43508   -24.87536    .00115    .00113  24065.20   394.168   -2851887.1   107154811.2   49913040.9   271.45   -24.98
 2 24065.26 2446362.50282403 271.43573   -24.87436    .00116    .00114  24065.26   394.155   -2851789.5   107150964.3   49911248.1   271.45   -24.98
 2 24066.38 2446362.54282403 271.44219   -24.86923    .00116    .00114  24066.38   393.990   -2850618.7   107104801.5   49889734.6   271.45   -24.98
 2 24067.02 2446362.55615737 271.44459   -24.86774    .00119    .00120  24067.02   393.935   -2850228.4   107089413.9   49882563.5   271.45   -24.98
 2 24067.08 2446362.55949070 271.44504   -24.86713    .00115    .00113  24067.08   393.921   -2850130.8   107085567.0   49880770.7   271.45   -24.98
 2 24067.14 2446362.56282403 271.44559   -24.86686    .00114    .00112  24067.14   393.907   -2850033.2   107081720.1   49878977.9   271.45   -24.98
 2 24067.56 2446362.58615737 271.44955   -24.86437    .00123    .00121  24067.56   393.812   -2849350.2   107054791.9   49866428.3   271.45   -24.98
 2 24578.01 2446379.58904015 271.55177   -24.80923    .00014    .00015  24578.01   321.694   -2351092.6    87433031.2   40721956.2   271.46   -24.98
 2 24659.18 2446382.29848137 271.39323   -25.05302    .00017    .00018  24659.18   310.199   -2271602.5    84306377.8   39264795.9   271.46   -24.98
 2 24684.26 2446383.13625816 271.41336   -24.85947    .00015    .00016  24684.26   306.496   -2247020.3    83339600.5   38814233.9   271.46   -24.98
 2 24730.29 2446384.67125633 271.72648   -24.94287    .00015    .00017  24730.29   300.440   -2201970.0    81568246.9   37988702.2   271.46   -24.98
 2 24792.51 2446386.75014275 271.36339   -24.98257    .00015    .00016  24792.51   291.195   -2140953.6    79169267.4   36870666.8   271.46   -24.98
 2 24818.50 2446387.61625283 271.48999   -24.80055    .00015    .00016  24818.50   287.518   -2115528.1    78169801.2   36404868.8   271.46   -24.98
 2 24819.14 2446387.62958616 271.49356   -24.79930    .00014    .00015  24819.14   287.465   -2115136.7    78154415.0   36397698.1   271.46   -24.98
 2 24896.57 2446390.22013863 271.46398   -25.12717    .00016    .00016  24896.57   276.690   -2039075.1    75164996.2   35004487.8   271.46   -24.98
 2 24967.59 2446392.58791360 271.72006   -24.84253    .00016    .00015  24967.59   266.694   -1969540.2    72432659.6   33731087.9   271.46   -24.98
 2 24968.28 2446392.60402470 271.72308   -24.84610    .00016    .00017  24968.28   266.631   -1969067.0    72414067.9   33722423.2   271.46   -24.98
 2 24987.59 2446393.25457948 271.75138   -25.02179    .00016    .00016  24987.59   264.029   -1949958.6    71663348.3   33372551.5   271.46   -24.98
 2 25144.30 2446398.47175836 271.47631   -25.15322    .00597    .00561  25144.30   241.653   -1796689.4    65642881.0   30566715.6   271.46   -24.98
 2 25144.54 2446398.48509167 271.47220   -25.15175    .00593    .00561  25144.54   241.591   -1796297.6    65627494.7   30559544.8   271.46   -24.98
 2 25145.52 2446398.51729267 271.46236   -25.14753    .00573    .00561  25145.52   241.442   -1795351.5    65590335.7   30542226.8   271.46   -24.98
 2 25146.50 2446398.54953708 271.45271   -25.14296    .00582    .00567  25146.50   241.292   -1794404.1    65553126.5   30524885.4   271.46   -24.98
 2 25147.24 2446398.56840373 271.44707   -25.14021    .00571    .00561  25147.24   241.204   -1793849.8    65531354.9   30514738.7   271.46   -24.98
 2 25147.48 2446398.58173704 271.44334   -25.13794    .00568    .00553  25147.48   241.142   -1793458.0    65515968.6   30507567.9   271.46   -24.98
 2 25148.22 2446398.60064813 271.43791   -25.13498    .00601    .00581  25148.22   241.055   -1792902.4    65494145.7   30497397.4   271.46   -24.98
 2 25149.20 2446398.63284809 271.42914   -25.12914    .00578    .00575  25149.20   240.905   -1791956.3    65456987.8   30480079.9   271.46   -24.98
 2 25149.44 2446398.64618141 271.42556   -25.12655    .00569    .00566  25149.44   240.843   -1791564.5    65441601.5   30472909.1   271.46   -24.98
 2 25150.42 2446398.67840359 271.41717   -25.12044    .00569    .00571  25150.42   240.694   -1790617.8    65404418.0   30455579.7   271.46   -24.98
 2 25208.28 2446400.60401520 271.68666   -24.76709    .00015    .00015  25208.28   232.537   -1734029.7    63182308.4   29419963.4   271.46   -24.98
 2 25252.59 2446402.08790233 271.66494   -25.16108    .00018    .00017  25252.59   226.466   -1690415.6    61469930.9   28621907.5   271.46   -24.98
 2 25286.56 2446403.21955812 271.33926   -25.01937    .00018    .00018  25286.56   221.263   -1657154.7    60164017.5   28013284.4   271.46   -24.98
 2 25325.41 2446404.51122284 271.61978   -24.72691    .00016    .00015  25325.41   215.849   -1619184.0    58673449.3   27318602.1   271.46   -24.98
 2 25334.02 2446404.78955575 271.71922   -24.75658    .00015    .00015  25334.02   214.774   -1611000.9    58352254.8   27168908.7   271.46   -24.98
 2 25345.29 2446405.17122185 271.81494   -24.85316    .00015    .00016  25345.29   213.296   -1599779.5    57911813.8   26963640.2   271.46   -24.98
 2 25346.20 2446405.19955514 271.81955   -24.86210    .00015    .00016  25346.20   213.185   -1598946.5    57879117.3   26948401.9   271.46   -24.98
 2 25346.32 2446405.20622180 271.82045   -24.86427    .00017    .00018  25346.32   213.159   -1598750.4    57871424.0   26944816.4   271.46   -24.98
 2 25627.47 2446414.58120774 271.70064   -25.22607    .00018    .00017  25627.47   173.380   -1323045.0    47052440.8   21902593.9   271.46   -24.98
 2 25656.53 2446415.55120629 271.31682   -25.07392    .00016    .00016  25656.53   168.909   -1294511.3    45932993.6   21380870.7   271.46   -24.98
 2 25657.47 2446415.58120624 271.31157   -25.06145    .00018    .00018  25657.47   168.772   -1293628.8    45898371.3   21364734.9   271.46   -24.98
 2 25659.02 2446415.62287284 271.30527   -25.04377    .00016    .00017  25659.02   168.582   -1292403.1    45850284.9   21342324.0   271.46   -24.98
 2 25676.32 2446416.20620531 271.34996   -24.78771    .00016    .00018  25676.32   166.014   -1275241.9    45177071.9   21028570.1   271.46   -24.98
 2 25707.02 2446417.22287045 271.80434   -24.68365    .00016    .00018  25707.02   161.958   -1245328.2    44003747.4   20481736.8   271.46   -24.98
 2 25768.18 2446419.26508960 271.45092   -25.23722    .00016    .00016  25768.18   153.293   -1185236.9    41646798.8   19383269.5   271.46   -24.98
 2 25768.26 2446419.26953405 271.44889   -25.23619    .00016    .00016  25768.26   153.273   -1185106.1    41641669.3   19380878.9   271.46   -24.98
 2 25768.35 2446419.27453403 271.44664   -25.23505    .00015    .00016  25768.35   153.249   -1184959.0    41635898.7   19378189.5   271.46   -24.98
 2 25807.29 2446420.57119876 271.42234   -24.67948    .00016    .00018  25807.29   147.487   -1146803.0    40139371.0   18680725.1   271.46   -24.98
 2 25808.17 2446420.59786539 271.43470   -24.67103    .00017    .00018  25808.17   147.378   -1146018.3    40108593.8   18666381.2   271.46   -24.98
 2 25836.56 2446421.55286395 271.92789   -24.70693    .00016    .00018  25836.56   143.635   -1117910.9    39006376.3   18152686.9   271.46   -24.98
 2 25947.30 2446425.23841398 271.73536   -24.55188    .00017    .00016  25947.30   127.799   -1009775.2    34752538.5   16170076.9   271.45   -24.98
 2 25977.41 2446426.24452359 272.10788   -24.96994    .00015    .00016  25977.41   123.864    -980329.8    33591246.1   15628806.3   271.45   -24.98
 2 26095.23 2446430.16785233 272.20078   -24.81239    .00019    .00017  26095.23   107.143    -865498.5    29062512.5   13517992.7   271.45   -24.98
 2 26126.44 2446431.21285074 271.82611   -25.40551    .00018    .00017  26126.44   102.703    -834907.4    27856175.6   12955726.5   271.45   -24.98
 2 26226.32 2446434.53951235 272.36772   -24.96984    .00018    .00018  26226.32    88.619    -737507.1    24015599.3   11165656.9   271.45   -24.98
 2 26286.28 2446436.53728708 271.11279   -24.92877    .00017    .00017  26286.28    79.665    -679005.5    21708925.5   10090529.8   271.45   -24.98
 2 26336.41 2446438.21117343 272.44294   -24.50291    .00017    .00017  26336.41    72.882    -629975.0    19776015.9    9189611.8   271.45   -24.98
 2 26336.53 2446438.21784008 272.44748   -24.50829    .00016    .00018  26336.53    72.856    -629779.7    19768317.2    9186023.5   271.45   -24.98
 2 26364.00 2446439.12172761 272.40157   -25.39858    .00017    .00018  26364.00    69.163    -603300.1    18724467.0    8699490.9   271.45   -24.98
 2 26376.32 2446439.53950475 271.97643   -25.63675    .00018    .00017  26376.32    67.302    -591061.2    18241974.9    8474604.1   271.45   -24.98
 2 26433.49 2446441.44895474 271.56761   -24.11550    .00017    .00017  26433.49    58.795    -535114.9    16036517.9    7446653.6   271.45   -24.98
 2 26433.55 2446441.45228807 271.57196   -24.11352    .00018    .00017  26433.55    58.782    -535017.2    16032667.5    7444858.9   271.45   -24.98
 2 26466.40 2446442.54395349 272.89815   -24.56989    .00017    .00018  26466.40    54.528    -503020.2    14771572.0    6857069.9   271.45   -24.98
 2 26487.02 2446443.22284160 272.76929   -25.48922    .00019    .00018  26487.02    51.731    -483119.6    13987232.1    6491493.9   271.45   -24.98
 2 26525.33 2446444.50672902 270.98409   -25.39499    .00017    .00017  26525.33    45.870    -445480.1    12503705.0    5800031.4   271.45   -24.98
 2 26525.39 2446444.51006234 270.98123   -25.39024    .00017    .00017  26525.39    45.855    -445382.4    12499853.0    5798236.0   271.45   -24.98
 2 26544.08 2446445.12617275 270.96744   -24.36591    .00017    .00017  26544.08    43.108    -427315.2    11787823.5    5466363.8   271.45   -24.98
 2 26544.14 2446445.12950608 270.97016   -24.36039    .00015    .00017  26544.14    43.093    -427217.4    11783970.9    5464568.1   271.45   -24.98
 2 26555.29 2446445.50450565 271.45864   -23.83155    .00018    .00018  26555.29    41.529    -416218.4    11350546.8    5262552.1   271.45   -24.98
 2 26555.35 2446445.50783899 271.46427   -23.82796    .00017    .00018  26555.35    41.516    -416120.6    11346694.0    5260756.3   271.45   -24.98
 2 26603.02 2446447.08950384 273.69536   -25.18956    .00017    .00016  26603.02    35.282    -369710.4     9518182.8    4408500.7   271.45   -24.98
 2 26617.03 2446447.55672553 273.14649   -26.06289    .00018    .00018  26617.03    33.274    -355995.7     8977886.5    4156673.0   271.45   -24.98
 2 26635.01 2446448.15561372 271.72744   -26.37393    .00018    .00017  26635.01    30.538    -338412.1     8285201.6    3833818.6   271.45   -24.98
 2 26665.38 2446449.17616908 270.52589   -24.21148    .00016    .00017  26665.38    25.875    -308431.1     7104402.5    3283459.8   271.45   -24.98
 2 26698.03 2446450.25672344 273.65804   -22.53504    .00018    .00017  26698.03    21.503    -276651.1     5853441.5    2700402.1   271.45   -24.98
 2 26707.22 2446450.56727865 274.78269   -23.01408    .00019    .00018  26707.22    20.308    -267508.3     5493724.7    2532743.3   271.45   -24.98
 2 26723.00 2446451.08838920 275.90182   -24.75228    .00018    .00018  26723.00    18.245    -252155.3     4889881.5    2251302.0   271.45   -24.98
 2 26736.07 2446451.52561093 275.59117   -26.59502    .00018    .00018  26736.07    16.403    -239260.0     4382964.6    2015037.9   271.45   -24.98
 2 26759.57 2446452.32005450 271.98735   -28.26594    .00017    .00017  26759.57    12.784    -215780.7     3460992.3    1585330.7   271.45   -24.98
 2 26779.54 2446452.98505377 268.70948   -25.51056    .00018    .00018  26779.54     9.685    -196045.0     2687932.0    1225038.1   271.45   -24.98
 2 26788.15 2446453.26338679 268.46564   -23.09052    .00017    .00017  26788.15     8.440    -187745.2     2363832.4    1073993.2   271.45   -24.98
 2 26797.22 2446453.56727534 269.54604   -19.85842    .00018    .00017  26797.22     7.141    -178641.1     2009452.5     908842.6   271.45   -24.98
 2 26904.04 2446457.12391309 117.07277    17.70410    .00094    .00096  26904.04     8.706     876893.3    -2145372.1    -821249.7   295.25   -18.46
 2 26948.50 2446458.61615865 112.39134    22.34609    .00096    .00104  26948.50    14.421    1651294.4    -3788038.1   -1427670.1   295.25   -18.46
 2 26986.58 2446459.88726837 112.38011    17.17320    .00095    .00106  26986.58    19.634    2309231.2    -5183319.7   -1942729.6   295.25   -18.46
 3 22186.08 2446299.85946848 271.52379   -24.85038    .00057    .00056  22186.08   660.441   -4676093.8   179463797.5   83610600.4   271.44   -24.98
 3 22186.21 2446299.86670181 271.52446   -24.85075    .00058    .00057  22186.21   660.413   -4675884.4   179455445.0   83606708.1   271.44   -24.98
 3 22186.27 2446299.87004626 271.52467   -24.85068    .00058    .00058  22186.27   660.399   -4675787.6   179451583.0   83604908.4   271.44   -24.98
 3 22956.56 2446325.55282681 271.49152   -24.82310    .00056    .00057  22956.56   551.132   -3930385.3   149799307.9   69786581.9   271.45   -24.98
 3 22957.02 2446325.55615737 271.49189   -24.82304    .00058    .00058  22957.02   551.119   -3930288.4   149795463.1   69784790.1   271.45   -24.98
 3 22957.13 2446325.56227125 271.49229   -24.82308    .00056    .00056  22957.13   551.094   -3930110.5   149788405.3   69781501.0   271.45   -24.98
 3 22957.19 2446325.56560181 271.49289   -24.82309    .00058    .00058  22957.19   551.081   -3930013.6   149784560.5   69779709.3   271.45   -24.98
 3 23138.11 2446331.59449070 271.35051   -25.04073    .00057    .00058  23138.11   525.495   -3754473.5   142825024.9   66536418.9   271.45   -24.98
 3 23138.21 2446331.60004070 271.35028   -25.04036    .00057    .00061  23138.21   525.470   -3754311.9   142818618.3   66533433.3   271.45   -24.98
 3 23138.41 2446331.61113514 271.34950   -25.03918    .00057    .00061  23138.41   525.420   -3753988.7   142805811.7   66527465.1   271.45   -24.98
 3 23139.41 2446331.64443514 271.34820   -25.03576    .00057    .00058  23139.41   525.270   -3753018.6   142767372.4   66509551.6   271.45   -24.98
 3 23140.41 2446331.67781292 271.34664   -25.03249    .00058    .00061  23140.41   525.119   -3752046.3   142728843.5   66491596.2   271.45   -24.98
 3 23141.41 2446331.71113514 271.34522   -25.02883    .00058    .00063  23141.41   524.970   -3751075.6   142690378.6   66473670.7   271.45   -24.98
 3 23142.33 2446331.74004903 271.34385   -25.02570    .00060    .00059  23142.33   524.840   -3750233.3   142657002.4   66458116.6   271.45   -24.98
 3 23143.37 2446331.77560181 271.34265   -25.02208    .00057    .00058  23143.37   524.680   -3749197.5   142615962.8   66438991.2   271.45   -24.98
 3 23143.47 2446331.78115181 271.34253   -25.02144    .00060    .00063  23143.47   524.655   -3749035.9   142609556.3   66436005.6   271.45   -24.98
 3 23144.07 2446331.79224625 271.34218   -25.02028    .00057    .00058  23144.07   524.605   -3748712.7   142596749.7   66430037.5   271.45   -24.98
 3 23145.07 2446331.82554625 271.34107   -25.01673    .00057    .00058  23145.07   524.456   -3747742.6   142558310.5   66412123.9   271.45   -24.98
 3 23147.07 2446331.89224625 271.33915   -25.00949    .00057    .00060  23147.07   524.158   -3745799.4   142481316.8   66376243.1   271.45   -24.98
 3 24064.20 2446362.46615737 271.74775   -24.93274    .00122    .00122  24064.20   394.886   -2852859.0   107193279.2   49930968.4   271.45   -24.98
 3 24064.32 2446362.47274626 271.74836   -24.93395    .00121    .00120  24064.32   394.860   -2852666.1   107185675.2   49927424.6   271.45   -24.98
 3 24064.38 2446362.47607959 271.74797   -24.93424    .00117    .00119  24064.38   394.846   -2852568.5   107181828.3   49925631.8   271.45   -24.98
 3 24578.01 2446379.58904015 271.80053   -24.87041    .00015    .00016  24578.01   322.082   -2351090.1    87433030.6   40721955.9   271.46   -24.98
 3 24659.05 2446382.29125916 271.53062   -25.22998    .00018    .00018  24659.05   310.569   -2271812.2    84314711.5   39268679.8   271.46   -24.98
 3 24730.17 2446384.66458967 271.25417   -24.92483    .00017    .00017  24730.17   299.868   -2202169.6    81575941.1   37992288.0   271.46   -24.98
 3 24818.50 2446387.61625283 271.75863   -24.74508    .00015    .00017  24818.50   287.792   -2115526.3    78169800.8   36404868.6   271.46   -24.98
 3 24819.14 2446387.62958616 271.76105   -24.74671    .00015    .00017  24819.14   287.740   -2115134.9    78154414.5   36397697.9   271.46   -24.98
 3 24896.57 2446390.22013863 271.71309   -25.21496    .00015    .00016  24896.57   277.050   -2039072.8    75164995.7   35004487.5   271.46   -24.98
 3 24897.51 2446390.25013860 271.70709   -25.21818    .00018    .00017  24897.51   276.918   -2038191.9    75130376.7   34988353.4   271.46   -24.98
 3 24968.16 2446392.59735803 271.24540   -25.08626    .00017    .00017  24968.16   266.320   -1969265.1    72421761.6   33726008.9   271.46   -24.98
 3 25028.11 2446394.59457788 271.39444   -24.68849    .00017    .00015  25028.11   257.701   -1910602.5    70117033.7   32651893.7   271.46   -24.98
 3 25207.59 2446400.58790410 271.32913   -25.24293    .00018    .00017  25207.59   232.584   -1734503.4    63200900.3   29428628.2   271.46   -24.98
 3 25286.44 2446403.21289146 271.36150   -24.65286    .00016    .00017  25286.44   221.080   -1657352.0    60171711.1   28016870.0   271.46   -24.98
 3 25334.02 2446404.78955575 271.80377   -24.62659    .00017    .00016  25334.02   214.769   -1611000.9    58352254.8   27168908.7   271.46   -24.98
 3 25627.35 2446414.57454108 272.10984   -24.82799    .00019    .00017  25627.35   173.509   -1323240.5    47060134.4   21906179.5   271.46   -24.98
 3 25675.34 2446416.17398313 271.93350   -25.33530    .00016    .00016  25675.34   166.821   -1276185.5    45214258.0   21045900.8   271.46   -24.98
 3 25678.14 2446416.26287188 271.90628   -25.35529    .00017    .00016  25678.14   166.433   -1273570.4    45111672.8   20998090.5   271.46   -24.98
 3 25706.49 2446417.21564824 271.55519   -25.45627    .00017    .00018  25706.49   162.186   -1245539.4    44012082.2   20485621.3   271.46   -24.98
 3 25773.20 2446119.43286714 271.05161   -24.89021    .00019    .00018  25773.20   152.180   -1180302.4    41453162.7   19293024.5   271.46   -24.98
 3 25808.05 2446420.59119872 271.30080   -24.49547    .00019    .00018  25808.05   147.252   -1146215.5    40116288.3   18669967.3   271.46   -24.98
 3 25947.06 2446425.22508067 271.92449   -25.52589    .00018    .00016  25947.06   128.320   -1010162.3    34767927.4   16177249.6   271.45   -24.98
 3 25947.18 2446425.23174732 271.92146   -25.52730    .00019    .00017  25947.18   128.291   -1009967.2    34760232.6   16173663.1   271.45   -24.98
 3 25978.05 2446426.25785690 271.41435   -25.57242    .00016    .00017  25978.05   123.672    -979940.5    33575856.3   15621633.2   271.45   -24.98
 3 26094.20 2446430.13285238 271.71260   -24.16432    .00018    .00018  26094.20   106.878    -866525.8    29102916.1   13536824.6   271.45   -24.98
 3 26184.26 2446433.13618115 272.50887   -25.39366    .00019    .00018  26184.26    94.783    -778596.4    25635784.3   11920815.5   271.45   -24.98
 3 26222.32 2446434.40617921 271.79554   -25.84390    .00018    .00018  26222.32    89.206    -741411.3    24169540.4   11237408.0   271.45   -24.98
 3 26302.52 2446437.08395292 270.70657   -24.61976    .00018    .00018  26302.52    77.153    -662995.8    21077689.4    9796314.3   271.45   -24.98
 3 26364.20 2446439.13283869 272.12604   -23.72791    .00017    .00017  26364.20    68.716    -602977.2    18711635.6    8693510.3   271.45   -24.98
 3 26434.01 2446441.45562140 273.32681   -25.28196    .00016    .00016  26434.01    59.415    -534915.2    16028816.0    7443063.8   271.45   -24.98
 3 26434.07 2446441.45895472 273.32611   -25.28521    .00016    .00016  26434.07    59.401    -534817.5    16024965.6    7441269.1   271.45   -24.98
 3 26487.24 2446443.23506381 271.89200   -26.47531    .00018    .00018  26487.24    51.647    -482761.5    13973110.8    6484912.0   271.45   -24.98
 3 26527.48 2446444.58172893 270.36415   -25.87148    .00018    .00017  26527.48    45.512    -443281.1    12417033.2    5759634.2   271.45   -24.98
 3 26527.54 2446444.58506226 270.36136   -25.86810    .00018    .00018  26527.54    45.497    -443183.4    12413181.1    5757838.8   271.45   -24.98
 3 26544.26 2446445.13617274 270.02534   -25.21837    .00018    .00018  26544.26    43.015    -427022.2    11776266.0    5460976.9   271.45   -24.98
 3 26555.17 2446445.49783900 269.96540   -24.71202    .00017    .00017  26555.17    41.413    -416414.9    11358252.6    5266143.7   271.45   -24.98
 3 26555.23 2446445.50117232 269.96546   -24.70711    .00017    .00017  26555.23    41.398    -416317.1    11354399.9    5264348.0   271.45   -24.98
 3 26617.51 2446447.58339216 272.36784   -22.30508    .00018    .00018  26617.51    32.719    -355215.8     8947047.3    4142299.2   271.45   -24.98
 3 26646.32 2446448.53950217 274.38267   -22.58209    .00017    .00017  26646.32    28.950    -327136.3     7841102.1    3626828.0   271.45   -24.98
 3 26665.51 2446449.18339129 275.56541   -23.47238    .00018    .00019  26665.51    26.400    -308215.1     7096043.2    3279563.6   271.45   -24.98
 3 26703.41 2446450.44450101 276.39076   -26.51025    .00018    .00017  26703.41    21.216    -271120.5     5635949.3    2599032.0   271.45   -24.98
 3 26760.21 2446452.33338782 271.25881   -30.73865    .00019    .00018  26760.21    12.828    -215385.2     3445506.1    1578113.0   271.45   -24.98
 3 26776.22 2446452.86727612 268.21448   -30.64963    .00017    .00017  26776.22    10.379    -199547.5     2824965.7    1288902.9   271.45   -24.98
 3 26815.17 2446454.16449690 257.85064   -22.50418    .00018    .00019  26815.17     4.530    -160506.4     1310467.1     583135.1   271.45   -24.98
 3 26817.16 2446454.23060795 257.13118   -21.38394    .00018    .00018  26817.16     4.244    -158463.0     1232771.0     546936.9   271.45   -24.98
 3 26963.44 2446459.11282478 109.67077    16.98890    .00099    .00093  26963.44    15.962    1908491.9    -4333499.1   -1629025.4   295.25   -18.46
 3 27049.39 2446461.97669893 116.22903    16.96063    .00131    .00095  27049.39    29.603    3389206.7    -7473409.7   -2788082.9   295.25   -18.46
 4 22186.02 2446299.85614626 271.62292   -24.85281    .00058    .00059  22186.02   660.728   -4676188.1   179467633.4   83612387.9   271.44   -24.98
 4 22186.08 2446299.85946848 271.62312   -24.85295    .00057    .00060  22186.08   660.715   -4676092.0   179463797.1   83610600.2   271.44   -24.98
 4 22186.21 2446299.86670181 271.62331   -24.85352    .00058    .00056  22186.21   660.686   -4675882.6   179455444.5   83606707.9   271.44   -24.98
 4 22186.27 2446299.87004626 271.62360   -24.85379    .00058    .00057  22186.27   660.672   -4675785.8   179451582.6   83604908.2   271.44   -24.98
 4 22186.33 2446299.87338237 271.62385   -24.85401    .00060    .00057  22186.33   660.659   -4675689.3   179447730.2   83603113.0   271.44   -24.98
 4 22956.56 2446325.55282681 271.55299   -24.77553    .00056    .00055  22956.56   551.197   -3930384.9   149799307.8   69786581.8   271.45   -24.98
 4 22951.02 2446325.55615737 271.55318   -24.77562    .00057    .00056  22957.02   551.183   -3930288.0   149795463.0   69784790.1   271.45   -24.98
 4 22951.13 2446325.56221725 271.55382   -24.77574    .00056    .00055  22957.13   551.159   -3930110.1   149788405.1   69781501.0   271.45   -24.98
 4 22957.19 2446325.56560181 271.55421   -24.77519    .00057    .00056  22957.19   551.146   -3930013.1   149784560.4   69779709.2   271.45   -24.98
 4 23138.11 2446331.59449070 271.52557   -25.17873    .00062    .00056  23138.11   526.085   -3754469.7   142825023.9   66536418.4   271.45   -24.98
 4 23138.21 2446331.60004070 271.52485   -25.17867    .00064    .00057  23138.21   526.061   -3754308.0   142818617.3   66533432.8   271.45   -24.98
 4 23138.41 2446331.61113514 271.52384   -25.17889    .00064    .00057  23138.41   526.011   -3753984.8   142805810.7   66527464.6   271.45   -24.98
 4 23139.41 2446331.64443514 271.52031   -25.17932    .00062    .00056  23139.41   525.863   -3753014.7   142767371.4   66509551.1   271.45   -24.98
 4 23140.41 2446331.67781292 271.51610   -25.17969    .00066    .00058  23140.41   525.714   -3752042.4   142728842.5   66491595.7   271.45   -24.98
 4 23141.41 2446331.71113514 271.51316   -25.18001    .00066    .00058  23141.41   525.565   -3751071.7   142690377.6   66473670.2   271.45   -24.98
 4 23143.31 2446331.77560181 271.50652   -25.18050    .00063    .00057  23143.37   525.277   -3749193.6   142615961.8   66438990.7   271.45   -24.98
 4 23143.41 2446331.78115181 271.50589   -25.18063    .00067    .00059  23143.47   525.252   -3749031.9   142609555.3   66436005.2   271.45   -24.98
 4 23144.07 2446331.79224625 271.50468   -25.18055    .00062    .00056  23144.07   525.203   -3748708.7   142596748.7   66430037.0   271.45   -24.98
 4 23145.07 2446331.82554625 271.50114   -25.18068    .00063    .00056  23145.07   525.054   -3747738.6   142558309.5   66412123.4   271.45   -24.98
 4 23147.01 2446331.89224625 271.49404   -25.18085    .00064    .00057  23147.07   524.755   -3745795.5   142481315.8   66376242.6   271.45   -24.98
 4 24064.50 2446362.48282403 271.22719   -24.92603    .00113    .00124  24064.50   393.967   -2852376.7   107174046.1   49922005.1   271.45   -24.98
 4 24065.14 2446362.49615737 271.22742   -24.92439    .00115    .00125  24065.14   393.909   -2851986.5   107158658.5   49914833.9   271.45   -24.98
 4 24065.20 2446362.49949070 271.22760   -24.92401    .00115    .00128  24065.20   393.895   -2851888.9   107154811.6   49913041.2   271.45   -24.98
 4 24067.08 2446362.55949070 271.22917   -24.91620    .00115    .00128  24067.08   393.634   -2850132.7   107085567.5   49880770.9   271.45   -24.98
 4 24067.14 2446362.56282403 271.22919   -24.91588    .00113    .00124  24067.14   393.620   -2850035.1   107081720.6   49878978.1   271.45   -24.98
 4 24518.01 2446379.58904015 271.65581   -24.63678    .00016    .00014  24578.01   321.672   -2351092.8    87433031.3   40721956.2   271.46   -24.98
 4 24658.54 2446382.28514805 271.92607   -24.95340    .00017    .00018  24658.54   310.851   -2271989.8    84321763.2   39271966.2   271.46   -24.98
 4 24730.05 2446384.65792302 271.71973   -25.28689    .00017    .00017  24730.05   300.790   -2202359.4    81583632.8   37995872.7   271.46   -24.98
 4 24819.02 2446387.62291950 271.21671   -25.20534    .00019    .00018  24819.02   287.512   -2115332.3    78162108.1   36401283.4   271.46   -24.98
 4 24896.44 2446390.21291642 271.18939   -24.76354    .00019    .00018  24896.44   276.127   -2039291.1    75173331.4   35008372.4   271.46   -24.98
 4 24897.39 2446390.24347194 271.19255   -24.75849    .00017    .00018  24897.39   275.997   -2038393.9    75138071.3   34991939.5   271.46   -24.98
 4 24967.59 2446392.58791360 271.60257   -24.55016    .00018    .00015  24967.59   266.341   -1969542.6    72432660.2   33731088.1   271.46   -24.98
 4 25027.59 2446394.58791123 271.95639   -24.73013    .00017    .00018  25027.59   258.361   -1910794.2    70124725.8   32655478.5   271.46   -24.98
 4 25207.59 2446400.58790410 271.24139   -25.33529    .00017    .00011  25207.59   232.569   -1734503.4    63200900.3   29428628.2   271.46   -24.98
 4 25345.38 2446405.17622184 271.41445   -24.47164    .00017    .00017  25345.38   212.691   -1599636.3    57906044.8   26960951.5   271.46   -24.98
 4 25626.32 2446414.53954114 271.05891   -25.35624    .00017    .00017  25626.32   173.177   -1324273.2    47100527.4   21925004.9   271.46   -24.98
 4 25706.38 2446417.20953714 271.01240   -24.58991    .00019    .00018  25706.38   161.449   -1245724.2    44019136.2   20488908.9   271.46   -24.98
 4 25768.44 2446419.27953402 271.62484   -24.23085    .00019    .00018  25768.44   152.908   -1184814.0    41630128.6   19375500.3   271.46   -24.98
 4 25807.53 2446420.58453207 272.09142   -24.31749    .00018    .00017  25807.53   147.694   -1146408.9    40123982.0   18673553.0   271.46   -24.98
 4 25836.44 2446421.54619730 272.35805   -24.54023    .00017    .00017  25836.44   143.857   -1118105.9    39014070.4   18156272.8   271.46   -24.98
 4 25866.32 2446422.53952914 272.49651   -24.86972    .00018    .00016  25866.32   139.840   -1088869.4    37867593.3   17621950.9   271.46   -24.98
 4 25947.06 2446425.22508067 272.00230   -25.72858    .00017    .00016  25947.06   128.441   -1010161.5    34767927.2   16177249.5   271.45   -24.98
 4 25977.53 2446426.25119024 271.56752   -25.82903    .00018    .00018  25977.53   123.878    -980134.5    33583551.0   15625219.7   271.45   -24.98
 4 26097.53 2446430.25118553 270.67636   -24.56532    .00017    .00018  26097.53   106.051    -863064.0    28966316.0   13473156.2   271.45   -24.98
 4 26184.14 2446433.12951449 271.95796   -23.77038    .00015    .00017  26184.14    94.160    -778795.9    25643481.9   11924403.4   271.45   -24.98
 4 26226.44 2446434.54617901 272.75066   -24.05151    .00018    .00017  26226.44    88.514    -737312.4    24007902.3   11162069.4   271.45   -24.98
 4 26302.41 2446437.07784182 273.18011   -25.46739    .00017    .00016  26302.41    78.182    -663168.1    21084744.4    9799602.6   271.45   -24.98
 4 26337.03 2446438.22339564 272.73618   -26.12430    .00017    .00018  26337.03    73.275    -629614.1    19761901.0    9183032.9   271.45   -24.98
 4 26376.20 2446439.53283809 271.81705   -26.53903    .00018    .00018  26376.20    67.486    -591255.5    18249674.1    8478192.7   271.45   -24.98
 4 26434.13 2446441.46228806 270.28429   -26.08238    .00017    .00017  26434.13    58.785    -534723.8    16021116.1    7439474.9   271.45   -24.98
 4 26434.19 2446441.46562139 270.28199   -26.08044    .00016    .00016  26434.19    58.770    -534626.1    16017265.7    7437680.3   271.45   -24.98
 4 26466.52 2446442.55062014 269.76052   -25.24654    .00017    .00017  26466.52    53.916    -502828.7    14763871.0    6853480.6   271.45   -24.98
 4 26486.49 2446443.21561939 269.68421   -24.59425    .00016    .00016  26486.49    50.993    -483336.4    13995577.7    6495383.7   271.45   -24.98
 4 26528.05 2446444.59117336 270.25257   -23.16416    .00017    .00016  26528.05    45.114    -443006.5    12406119.4    5754547.4   271.45   -24.98
 4 26555.41 2446445.51117231 271.18222   -22.37507    .00018    .00016  26555.41    41.313    -416024.1    11342841.5    5258960.7   271.45   -24.98
 4 26555.47 2446445.51450564 271.18636   -22.37265    .00017    .00017  26555.47    41.300    -415926.3    11338988.7    5257164.9   271.45   -24.98
 4 26617.38 2446447.57616995 274.35057   -22.04045    .00018    .00017  26617.38    33.038    -355425.9     8955399.3    4146192.0   271.45   -24.98
 4 26665.04 2446449.15728021 276.79876   -23.72530    .00018    .00017  26665.04    26.706    -308981.3     7126261.5    3293648.0   271.45   -24.98
 4 26708.00 2446450.58838974 277.97883   -26.80597    .00018    .00018  26708.00    20.789    -266882.9     5469267.2    2521344.0   271.45   -24.98
 4 26723.13 2446451.09561141 277.96201   -28.22747    .06017    .00017  26723.13    18.632    -251939.6     4881509.7    2247400.0   271.45   -24.98
 4 26760.33 2446452.34005447 276.35292   -32.44218    .00017    .00018  26760.33    13.213    -215185.1     3437762.2    1574503.8   271.45   -24.98
 4 26787.11 2446453.22183128 272.81830   -36.33498    .00018    .00018  26787.11     9.263    -188802.8     2405256.0    1093298.2   271.45   -24.98
 4 26809.04 2446453.95727491 265.97468   -40.89451    .00016    .00017  26809.04     6.009    -166848.6     1553505.6     696375.4   271.45   -24.98
 4 26949.01 2446458.62226977 117.32168    24.92989    .00097    .00115  26949.01    15.384    1654466.5    -3794753.7   -1430149.3   295.25   -18.46
 5 22186.02 2446299.85614626 271.45864   -24.95444    .00057    .00056  22186.02   660.475   -4676189.8   179467633.8   83612388.1   271.44   -24.98
 5 22186.08 2446299.85946848 271.45877   -24.95433    .00057    .00056  22186.08   660.460   -4676093.6   179463797.5   83610600.4   271.44   -24.98
 5 22956.56 2446325.55282681 271.51002   -24.92829    .00062    .00056  22956.56   551.309   -3930384.2   149799307.6   69786581.7   271.45   -24.98
 5 23138.11 2446331.59449070 271.55428   -24.98265    .00057    .00057  23138.11   525.839   -3754471.3   142825024.3   66536418.6   271.45   -24.98
 5 23138.21 2446331.60004070 271.55404   -24.98373    .00057    .00057  23138.21   525.817   -3754309.6   142818617.7   66533433.0   271.45   -24.98
 5 23138.41 2446331.61113514 271.55322   -24.98586    .00057    .00057  23138.41   525.773   -3753986.4   142805811.1   66527464.8   271.45   -24.98
 5 23139.41 2446331.64443514 271.54962   -24.99195    .00057    .00057  23139.41   525.639   -3753016.2   142767371.8   66509551.2   271.45   -24.98
 5 23140.41 2446331.67781292 271.54565   -24.99786    .00058    .00058  23140.41   525.502   -3752043.8   142728842.8   66491595.9   271.45   -24.98
 5 23141.41 2446331.71113514 271.54063   -25.00300    .00059    .00059  23141.41   525.362   -3751073.0   142690377.9   66473670.4   271.45   -24.98
 5 23144.07 2446331.79224625 271.52543   -25.01288    .00057    .00057  23144.07   525.010   -3748710.0   142596749.0   66430037.1   271.45   -24.98
 5 23145.07 2446331.82554625 271.51824   -25.01529    .00057    .00057  23145.07   524.860   -3747739.9   142558309.8   66412123.6   271.45   -24.98
 5 23147.07 2446331.89224625 271.50336   -25.01745    .00057    .00057  23147.07   524.553   -3745796.8   142481316.1   66376242.8   271.45   -24.98
 5 24064.32 2446362.47274626 271.57767   -24.92820    .00120    .00112  24064.32   394.543   -2852668.2   107185675.7   49927424.9   271.45   -24.98
 5 24064.38 2446362.47607959 271.57858   -24.92904    .00117    .00111  24064.38   394.531   -2852570.6   107181828.8   49925632.1   271.45   -24.98
 5 24064.50 2446362.48282403 271.58003   -24.93037    .00113    .00116  24064.50   394.506   -2852373.2   107174045.2   49922004.7   271.45   -24.98
 5 24065.14 2446362.49615737 271.58229   -24.93366    .00114    .00117  24065.14   394.457   -2851982.9   107158657.6   49914833.5   271.45   -24.98
 5 24065.20 2446362.49949070 271.58224   -24.93393    .00115    .00120  24065.20   394.445   -2851885.3   107154810.7   49913040.7   271.45   -24.98
 5 24065.26 2446362.50282403 271.58285   -24.93485    .00115    .00116  24065.26   394.433   -2851787.7   107150963.8   49911247.9   271.45   -24.98
 5 24066.38 2446362.54282403 271.58812   -24.94474    .00115    .00116  24066.38   394.286   -2850616.7   107104801.0   49889734.4   271.45   -24.98
 5 24067.02 2446362.55615737 271.58937   -24.94798    .00116    .00116  24067.02   394.237   -2850226.4   107089413.4   49882563.2   271.45   -24.98
 5 24067.08 2446362.55949070 271.58994   -24.94870    .00116    .00120  24067.08   394.225   -2850128.8   107085566.5   49880770.4   271.45   -24.98
 5 24067.14 2446362.56282403 271.59026   -24.94953    .00113    .00116  24067.14   394.212   -2850031.2   107081719.6   49878977.6   271.45   -24.98
 5 24067.56 2446362.58615737 271.59151   -24.95562    .00119    .00119  24067.56   394.125   -2849348.2   107054791.4   49866428.1   271.45   -24.98
 5 24578.01 2446379.58904015 271.62342   -24.96395    .00016    .00014  24578.01   321.917   -2351091.1    87433030.9   40721956.0   271.46   -24.98
 5 24684.26 2446383.13625816 271.45769   -24.96232    .00015    .00015  24684.26   306.653   -2247019.3    83339600.2   38814233.8   271.46   -24.98
 5 24730.29 2446384.67125633 271.47461   -24.92075    .00015    .00015  24730.29   300.099   -2201972.2    81568247.5   37988702.4   271.46   -24.98
 5 24792.51 2446386.75014275 271.63173   -24.99587    .00015    .00017  24792.51   291.529   -2140951.4    79169266.9   36870666.5   271.46   -24.98
 5 24819.14 2446387.62958616 271.51786   -24.88690    .00015    .00015  24819.14   287.540   -2115136.2    78154414.8   36397698.0   271.46   -24.98
 5 24897.39 2446390.24347194 271.46102   -24.94465    .00017    .00018  24897.39   276.448   -2038390.9    75138070.6   34991939.1   271.46   -24.98
 5 24987.59 2446393.25457948 271.51167   -24.88378    .00015    .00016  24987.59   263.640   -1949961.2    71663349.0   33372551.9   271.46   -24.98
 5 25028.11 2446394.59457788 271.48584   -24.90109    .00016    .00015  25028.11   257.944   -1910600.9    70117033.3   32651893.5   271.46   -24.98
 5 25144.30 2446398.47175836 271.49532   -25.03953    .00568    .00560  25144.30   241.626   -1796689.6    65642881.1   30566715.6   271.46   -24.98
 5 25144.54 2446398.48509167 271.49060   -25.03585    .00564    .00559  25144.54   241.562   -1796297.8    65627494.8   30559544.8   271.46   -24.98
 5 25145.28 2446398.50395935 271.48427   -25.02995    .00616    .00612  25145.28   241.470   -1795743.5    65605722.0   30549397.6   271.46   -24.98
 5 25145.52 2446398.51729267 271.48000   -25.02563    .00555    .00558  25145.52   241.405   -1795351.7    65590335.7   30542226.8   271.46   -24.98
 5 25146.26 2446398.53620376 271.47455   -25.01901    .00609    .00597  25146.26   241.313   -1794796.1    65568512.8   30532056.2   271.46   -24.98
 5 25146.50 2446398.54953708 271.47131   -25.01413    .00561    .00563  25146.50   241.249   -1794404.4    65553126.6   30524885.4   271.46   -24.98
 5 25147.24 2446398.56840373 271.46703   -25.00672    .00557    .00558  25147.24   241.158   -1793850.1    65531355.0   30514738.8   271.46   -24.98
 5 25147.48 2446398.58173704 271.46472   -25.00143    .00555    .00551  25147.48   241.093   -1793458.3    65515968.7   30507568.0   271.46   -24.98
 5 25148.22 2446398.60064813 271.46161   -24.99354    .00571    .00575  25148.22   241.002   -1792902.7    65494145.8   30497397.4   271.46   -24.98
 5 25148.46 2446398.61398145 271.46020   -24.98788    .00592    .00598  25148.46   240.939   -1792511.0    65478759.5   30490226.6   271.46   -24.98
 5 25149.20 2446398.63284809 271.45840   -24.97970    .00561    .00568  25149.20   240.849   -1791956.6    65456987.9   30480080.0   271.46   -24.98
 5 25149.44 2446398.64618141 271.45772   -24.97380    .00559    .00560  25149.44   240.785   -1791564.9    65441601.6   30472909.2   271.46   -24.98
 5 25150.42 2446398.67840359 271.45773   -24.95947    .00574    .00562  25150.42   240.634   -1790618.1    65404418.1   30455579.8   271.46   -24.98
 5 25151.06 2446398.69173691 271.45825   -24.95353    .00689    .00615  25151.06   240.572   -1790226.4    65389031.8   30448409.0   271.46   -24.98
 5 25208.11 2446400.59457077 271.64862   -24.87895    .00016    .00015  25208.11   232.580   -1734307.3    63193207.1   29425042.7   271.46   -24.98
 5 25208.28 2446400.60401520 271.65215   -24.88176    .00015    .00015  25208.28   232.545   -1734029.7    63182308.4   29419963.4   271.46   -24.98
 5 25286.44 2446403.21289146 271.55436   -24.85324    .00017    .00016  25286.44   221.354   -1657350.2    60171710.7   28016869.8   271.46   -24.98
 5 25311.44 2446404.04622354 271.53610   -25.06419    .00016    .00016  25311.44   217.993   -1632852.6    59210054.4   27568688.0   271.46   -24.98
 5 25313.31 2446404.10566790 271.50780   -25.05174    .00016    .00016  25313.31   217.706   -1631105.3    59141456.2   27536717.7   271.46   -24.98
 5 25325.29 2446404.50455618 271.49766   -24.87981    .00017    .00016  25325.29   215.847   -1619380.2    58681142.6   27322187.6   271.46   -24.98
 5 25325.41 2406404.51122284 271.50060   -24.87733    .00015    .00015  25325.41   215.818   -1619184.2    58673449.4   27318602.1   271.46   -24.98
 5 25334.02 2446404.78955575 271.64415   -24.85826    .00016    .00015  25334.02   214.733   -1611001.2    58352254.9   27168908.7   271.46   -24.98
 5 25345.29 2446405.17122185 271.68207   -25.02203    .00017    .00015  25345.29   213.288   -1599779.5    57911813.8   26963640.2   271.46   -24.98
 5 25346.20 2446405.19955514 271.67177   -25.03341    .00017    .00015  25346.20   213.169   -1598946.6    57879117.4   26948401.9   271.46   -24.98
 5 25625.35 2446414.50787452 271.57232   -24.82002    .00017    .00016  25625.35   173.368   -1325204.4    47137072.7   21942037.0   271.46   -24.98
 5 25656.53 2446415.55120629 271.46493   -25.00518    .00016    .00017  25656.53   169.001   -1294510.7    45932993.4   21380870.7   271.46   -24.98
 5 25659.02 2446415.62287284 271.45657   -24.96083    .00016    .00016  25659.02   168.660   -1292402.5    45850284.7   21342323.9   271.46   -24.98
 5 25676.32 2446416.20620531 271.75329   -24.86840    .00016    .00018  25676.32   166.301   -1275240.0    45177071.5   21028569.9   271.46   -24.98
 5 25685.29 2446416.50453819 271.73466   -25.04723    .00017    .00016  25685.29   165.145   -1266462.0    44832769.3   20868106.3   271.46   -24.98
 5 25692.51 2446416.75009337 271.57288   -25.09452    .00016    .00016  25692.51   164.035   -1259237.9    44549376.7   20736029.9   271.46   -24.98
 5 25705.29 2446417.17120386 271.48455   -24.87442    .00016    .00016  25705.29   162.041   -1246849.3    44063375.9   20509526.9   271.46   -24.98
 5 25706.14 2446417.19620381 271.49561   -24.86066    .00016    .00016  25706.14   161.932   -1246113.7    44034523.5   20496080.2   271.46   -24.98
 5 25706.26 2446417.20287048 271.49885   -21.85709    .00018    .00018  25706.26   161.903   -1245917.6    44026829.5   20492494.3   271.46   -24.98
 5 25707.02 2446417.22287045 271.50918   -24.84708    .00017    .00017  25707.02   161.818   -1245329.1    44003747.6   20481736.9   271.46   -24.98
 5 25768.35 2446419.27453403 271.78193   -25.01927    .00016    .00016  25768.35   153.371   -1184958.2    41635898.5   19378189.4   271.46   -24.98
 5 25807.41 2446420.57786541 271.81727   -24.94352    .00018    .00016  25807.41   147.799   -1146604.6    40131676.2   18677138.9   271.46   -24.98
 5 25826.46 2446421.21397557 271.46337   -25.00285    .00018    .00018  25826.46   144.938   -1127885.4    39397508.3   18334976.1   271.46   -24.98
 5 25829.06 2446421.29175324 271.45616   -24.94619    .00018    .00017  25829.06   144.569   -1125596.7    39307740.6   18293139.4   271.46   -24.98
 5 25836.32 2446421.53953064 271.56801   -24.79637    .00018    .00017  25836.32   143.486   -1118304.7    39021765.5   18159859.1   271.46   -24.98
 5 25836.56 2446421.55214639 271.57836   -24.79210    .00016    .00017  25836.56   143.432   -1117912.3    39006376.6   18152687.1   271.46   -24.98
 5 25947.42 2446425.24508063 271.59231   -25.12314    .00018    .00017  25947.42   127.935   -1009579.0    34744843.4   16166490.3   271.45   -24.98
 5 25977.41 2446426.24452359 271.88665   -24.94714    .00015    .00016  25977.41   123.729    -980330.7    33591246.3   15628806.4   271.45   -24.98
 5 25984.25 2446426.46896769 271.77594   -25.10935    .00017    .00016  25984.25   122.806    -973762.1    33332180.4   15508057.5   271.45   -24.98
 5 26007.45 2446427.24674430 271.64180   -24.74236    .00017    .00017  26007.45   119.252    -951001.0    32434417.5   15089616.1   271.45   -24.98
 5 26184.38 2446433.14284780 271.96220   -24.75950    .00017    .00016  26184.38    94.325    -778404.0    25628088.3   11917228.5   271.45   -24.98
 5 26286.40 2446436.54395374 271.68825   -25.21056    .00016    .00011  26286.40    79.925    -678808.3    21701227.1   10086941.6   271.45   -24.98
 5 26306.19 2446437.19895274 271.83471   -24.60257    .00017    .00018  26306.19    76.982    -659625.4    20944895.6    9734419.9   271.45   -24.98
 5 26364.08 2446439.42617204 272.11571   -25.14519    .00018    .00018  26364.08    69.021    -603170.7    18719334.4    8697098.7   271.45   -24.98
 5 26376.56 2446439.55283806 271.49723   -25.07840    .00018    .00016  26376.56    67.025    -590672.0    18226576.2    8467427.0   271.45   -24.98
 5 26466.16 2446442.53062017 271.47288   -24.81115    .00017    .00017  26466.16    54.290    -503413.0    14786976.1    6864249.7   271.45   -24.98
 5 26466.28 2446442.53728683 271.47648   -24.79816    .00016    .00015  26466.28    54.259    -503217.6    14779274.3    6860659.9   271.45   -24.98
 5 26525.21 2446444.50006235 272.56145   -24.61854    .00017    .00017  26525.21    46.075    -445674.4    12511408.9    5803622.1   271.45   -24.98
 5 26525.27 2446444.50339569 272.56539   -24.62518    .00017    .00017  26525.27    46.063    -445576.7    12507556.8    5801826.7   271.45   -24.98
 5 26527.30 2446444.57172894 272.62073   -24.77356    .00018    .00017  26527.30    45.810    -443572.7    12428589.1    5765020.3   271.45   -24.98
 5 26543.50 2446445.11617276 271.66933   -25.30038    .00017    .00011  26543.50    43.421    -427606.7    11799380.6    5471750.4   271.45   -24.98
 5 26554.53 2446445.48450568 271.65298   -24.46961    .00017    .00016  26554.53    41.703    -416804.5    11373663.5    5273326.6   271.45   -24.98
 5 26554.59 2446445.48783901 271.65984   -24.46309    .00019    .00017  26554.59    41.688    -416706.7    11369810.7    5271530.9   271.45   -24.98
 5 26572.41 2446446.08117166 272.78656   -24.99835    .00017    .00017  26572.47    39.428    -399299.7    10683966.9    4951863.9   271.45   -24.98
 5 26605.26 2446447.16950374 272.54974   -24.18284    .00018    .00018  26605.26    34.623    -367364.4     9425677.0    4365384.5   271.45   -24.98
 5 26617.15 2446447.56339218 272.93421   -25.20537    .00018    .00017  26617.15    33.135    -355800.8     8970176.7    4153079.6   271.45   -24.98
 5 26722.47 2446451.08116697 271.68305   -24.06502    .00018    .00018  26722.47    17.872    -252370.8     4898253.3    2255203.9   271.45   -24.98
 5 26157.57 2446452.25338791 271.76436   -25.61981    .00018    .00018  26757.57    12.969    -217755.1     3538415.8    1621415.3   271.45   -24.98
 5 26774.09 2446452.79338731 274.66004   -22.26515    .00017    .00017  26774.09    10.642    -201743.9     2910906.1    1328955.9   271.45   -24.98
 5 26118.43 2446452.94560936 276.24497   -22.94881    .00017    .00017  26778.43    10.090    -197217.3     2733831.7    1246429.6   271.45   -24.98
 5 26783.28 2446453.10394252 277.07443   -24.47247    .00018    .00018  26783.28     9.498    -192501.2     2549541.6    1160541.5   271.45   -24.98
 5 26789.07 2446453.29227564 276.41500   -26.46835    .00019    .00017  26789.07     8.715    -186879.3     2330168.9    1058304.8   271.45   -24.98
 5 26792.55 2446453.41894217 275.05293   -27.26347    .00018    .00017  26792.55     8.132    -183089.2     2182509.3     989490.7   271.45   -24.98
 5 26796.53 2446453.55116425 273.30454   -27.16856    .00018    .00011  26796.53     7.487    -179123.3     2028256.6     917605.6   271.45   -24.98
 5 26803.02 2446453.75616402 271.52601   -24.89695    .00018    .00017  26803.02     6.477    -172949.4     1788818.6     806026.1   271.45   -24.98
 5 26814.29 2446154.13783027 276.71929   -18.86113    .00018    .00017  26814.29     4.852    -161326.4     1341782.4     597725.2   271.45   -24.98
 5 26814.36 2446151.14171915 276.82558   -18.83458    .00018    .00017  26814.36     4.838    -161206.7     1337216.4     595597.9   271.45   -24.98
 5 26816.43 2446454.21227464 278.84159   -18.58998    .00018    .00017  26816.43     4.582    -159029.1     1254325.4     556978.8   271.45   -24.98
 5 26965.33 2446459.17338026 114.14987    17.56223    .00096    .00093  26965.33    16.997    1939844.1    -4399977.9   -1653565.8   295.25   -18.46
