 4 1880  2 16 10  9.0  164.00   -99.99
 3 1880  2 16 10 19.0  197.20   -99.99
 3 1880  2 16 10 31.0  999.99    32.72
 3 1880  3  2  9 37.0    0.00   -99.99
 3 1880  3  2  9 54.0  999.99    19.41
 4 1880  3  2  9 42.0   31.40   -99.99
 4 1880  3  2 10  9.0  999.99    21.47
 1 1881  4 16  8  9.4  192.7    -99.99
 1 1881  4 16  8 17.9  999.99    15.54
 1 1881  5 25  8 31.5   15.2    -99.99
 1 1881  5 25  8 38.0  999.99    14.45
 2 1881  3  7 10 47.9  201.8    -99.99
 2 1881  3  7 10 57.4  999.99    17.06
 2 1881  4 30  8 36.5  206.2    -99.99
 2 1881  4 30  8 42.5  999.99    19.05
 2 1881  5 23  8 42.9   12.2    -99.99
 2 1881  5 23  8 49.4  999.99    17.59
 3 1881  3  2 10 44.1   12.3    -99.99
 3 1881  3  2 10 51.1  999.99    28.90
 3 1881  3  7 10 28.4  184.6    -99.99
 3 1881  3  7 10 34.8  999.99    17.88
 3 1881  3 10 10 24.5   14.0    -99.99
 3 1881  3 10 10 33.5  999.99    34.78
 3 1881  3 11 10 13.6    9.4    -99.99
 3 1881  3 11 10 21.6  999.99    24.87
 3 1881  3 26  8 57.5   23.3    -99.99
 3 1881  3 26  9  6.5  999.99    18.98
 3 1881  3 27  8 52.5   15.4    -99.99
 3 1881  3 27  8 59.5  999.99    33.09
 3 1881  4  4  8 43.8   20.1    -99.99
 3 1881  4  4  8 51.8  999.99    23.97
 3 1881  4  4  8 43.8   20.1    -99.99
 3 1881  4  4  8 51.8  999.99    23.97
 3 1881  4  5  9 21.8   15.1    -99.99
 3 1881  4  5  9 29.3  999.99    34.44
 3 1881  4 22  8 46.0   16.5    -99.99
 3 1881  4 22  8 54.5  999.99    31.64
 3 1881  4 23  8  7.1   12.7    -99.99
 3 1881  4 23  8 14.6  999.99    32.07
 3 1881  4 27  8 23.9  193.7    -99.99
 3 1881  4 27  8 30.9  999.99    33.88
 3 1881  4 28  8 17.4  186.9    -99.99
 3 1881  4 28  8 28.4  999.99    24.26
 3 1881  4 30  8 49.0   20.8    -99.99
 3 1881  4 30  8 56.5  999.99    21.32
 3 1881  5  1  8  5.1   15.2    -99.99
 3 1881  5  1  8 10.6  999.99    33.18
 3 1881  5 20  8 25.7    5.4    -99.99
 3 1881  5 20  8 32.7  999.99    18.87
 3 1881  5 23  9 14.9  194.6    -99.99
 3 1881  5 23  9 22.9  999.99    33.18
 3 1881  5 24  8 29.4  189.6    -99.99
 3 1881  5 24  8 36.9  999.99    25.53
 3 1881  5 27  8 28.0   15.5    -99.99
 3 1881  5 27  8 35.0  999.99    32.06
 3 1881  5 28  8 34.6   11.4    -99.99
 3 1881  5 27  8 42.6  999.99    29.42
 4 1881  3  2 11  4.6   16.1    -99.99
 4 1881  3  2 11 24.6  999.99    43.13
 4 1881  3 10 10 42.5  192.6    -99.99
 4 1881  3 10 10 52.0  999.99    45.84
 4 1881  3 11 10 30.1  190.1    -99.99
 4 1881  3 11 10 38.6  999.99    36.85
 4 1881  4  4  9  0.3  198.9    -99.99
 4 1881  4  4  9  8.8  999.99    34.66
 4 1881  4  5  9 52.0  195.1    -99.99
 4 1881  4  5 10  4.8  999.99    45.07
 4 1881  4  7  9  8.4  189.9    -99.99
 4 1881  4  7  9 16.4  999.99    35.99
 4 1881  4 26  8 16.7   13.4    -99.99
 4 1881  4 26  8 22.2  999.99    45.45
 4 1881  4 27  8 38.4   10.8    -99.99
 4 1881  4 27  8 46.9  999.99    38.16
 4 1881  4 28  8 37.4    4.0    -99.99
 4 1881  5  1  7 48.6  197.6    -99.99
 4 1881  5  1  7 57.6  999.99    34.36
 4 1881  5 16  8 31.5  194.2    -99.99
 4 1881  5 16  8 41.5  999.99    44.83
 4 1881  5 23  8 58.4   13.0    -99.99
 4 1881  5 23  9  5.9  999.99    43.98
 4 1881  5 24  8 14.4   10.0    -99.99
 4 1881  5 24  8 21.9  999.99    37.01
 4 1881  5 25  8 47.5    3.7    -99.99
 4 1881  5 25  8 53.0  999.99    21.70
 4 1881  5 27  8 43.0  209.1    -99.99
 4 1881  5 27  8 50.0  999.99    18.95
 4 1881  5 28  8 51.1  199.5    -99.99
 4 1881  5 28  9  2.1  999.99    34.86
 4 1881  5 30  8 31.1  192.5    -99.99
 4 1881  5 30  8 40.1  999.99    42.93
 4 1882  2 24 10 55.1  196.08    -99.99
 4 1882  2 24 11  0.6  999.99     36.53
 4 1882  2 25 11  8.1  196.55    -99.99
 4 1882  2 25 11 17.1  999.99     19.85
 4 1882  3 13  9 59.9   15.35    -99.99
 4 1882  3 13 10  6.9  999.99     30.76
 4 1882  3 14  9 55.9   14.48    -99.99
 4 1882  3 14 10  3.4  999.99     43.23
 4 1882  3 23  9 26.8  194.28    -99.99
 4 1882  3 23  9 34.8  999.99     36.69
 4 1882  3 28  8 53.6   14.60    -99.99
 4 1882  3 28  9  0.6  999.99     46.36
 4 1882  3 29  9 25.6   14.40    -99.99
 4 1882  3 29  9 33.1  999.99     44.25
 4 1882  3 30  9 16.7   13.95    -99.99
 4 1882  3 30  9 26.7  999.99     32.72
 4 1882  4 11  9 29.2   14.52    -99.99
 4 1882  4 11  9 40.7  999.99     45.62
 4 1882  4 12  9 34.3   14.02    -99.99
 4 1882  4 12  9 41.8  999.99     38.85
 4 1882  4 16  8 49.0  195.08    -99.99
 4 1882  4 16  8 58.0  999.99     34.80
 4 1882  4 17  9  5.5  194.70    -99.99
 4 1882  4 17  9 15.0  999.99     44.57
 4 1882  4 18  8 33.6  194.42    -99.99
 4 1882  4 18  8 40.6  999.99     45.27
 4 1882  4 24  8 25.9   14.92    -99.99
 4 1882  4 24  8 32.9  999.99     45.11
 4 1882  4 25  8 39.0   13.72    -99.99
 4 1882  5  1  7 59.7  194.80    -99.99
 4 1882  5  1  8 10.2  999.99     46.08
 4 1882  5  2  8 47.8  194.58    -99.99
 4 1882  5  2  8 54.3  999.99     40.53
 3 1882  2 25 10 52.1  193.80    -99.99
 3 1882  2 25 10 59.6  999.99     32.98
 3 1882  3 14 10 10.9  193.70    -99.99
 3 1882  3 14 10 16.9  999.99     27.17
 3 1882  3 23  9 44.8  194.30    -99.99
 3 1882  3 23  9 44.8  999.99     31.28
 3 1882  3 25  9  7.9  193.10    -99.99
 3 1882  3 25  9 16.9  999.99     20.07
 3 1882  3 28  9  7.6   14.40    -99.99
 3 1882  3 28  9 15.1  999.99     34.55
 3 1882  3 29  9 39.6   14.90    -99.99
 3 1882  3 29  9 47.1  999.99     25.84
 3 1882  4 11  8 48.2  193.10    -99.99
 3 1882  4 11  9  1.7  999.99     27.02
 3 1882  4 18  8 48.1  195.20    -99.99
 3 1882  4 18  8 56.1  999.99     28.91
 3 1882  4 20  8 25.2  192.00    -99.99
 3 1882  4 20  8 34.7  999.99     21.95
 3 1882  4 24  8 11.9   14.40    -99.99
 3 1882  4 24  8 18.4  999.99     28.27
 3 1882  5  1  8 19.2   16.00    -99.99
 3 1882  5  1  8 27.7  999.99     26.68
 3 1882  5  2  7 54.8   15.30    -99.99
 3 1882  5  2  8  2.8  999.99     33.41
 4 1883  3  8 10  9.6  198.70    -99.99
 4 1883  3  8 10 17.6  999.99     36.54
 4 1883  3 12 10  4.7   10.70    -99.99
 4 1883  3 12 10 14.2  999.99     38.81
 4 1883  3 13 10 28.8   14.90    -99.99
 4 1883  3 13 10 36.3  999.99     46.18
 4 1883  3 14  9 52.8   16.70    -99.99
 4 1883  3 14 10  3.8  999.99     44.30
 4 1883  3 20 10 19.6  195.00    -99.99
 4 1883  3 20 10 28.1  999.99     46.66
 4 1883  3 21  9 53.1  197.00    -99.99
 4 1883  3 21 10  2.1  999.99     42.00
 4 1883  4  3 11 21.7  196.50    -99.99
 4 1883  4  3 11 29.7  999.99     44.99
 4 1883  4  4  9 36.2  198.90    -99.99
 4 1883  4  4  9 45.2  999.99     36.08
 4 1883  4 10  9 39.7   16.20    -99.99
 4 1883  4 10  9 47.2  999.99     43.32
 4 1883  4 14  9  2.4  190.70    -99.99
 4 1883  4 14  9  9.4  999.99     27.82
 4 1883  4 21  8 34.7   10.50    -99.99
 4 1883  4 21  8 43.8  999.99     31.37
 4 1883  4 24  9 35.0   18.40    -99.99
 4 1883  4 24  9 43.5  999.99     37.77
 4 1883  4 25  9  9.0   20.80    -99.99
 4 1883  4 25  9 17.0  999.99     22.04
 4 1883  4 30  9 12.7  196.30    -99.99
 4 1883  4 30  9 23.2  999.99     44.35
 4 1883  5  2  8 53.8  200.90    -99.99
 4 1883  5  2  9  1.3  999.99     17.36
 4 1883  5  6  7 55.5   15.10    -99.99
 4 1883  5  6  8  2.5  999.99     45.17
 4 1883  5  7  9 11.6   17.00    -99.99
 4 1883  5  7  9 20.5  999.99     42.54
 4 1883  5  8  8 51.1   19.20    -99.99
 4 1883  5  8  8 58.6  999.99     30.32
 4 1883  5 25  9  9.3  193.00    -99.99
 4 1883  5 25  9 16.3  999.99     35.90
 4 1883  5 27  8 24.4  196.40    -99.99
 4 1883  5 27  8 33.4  999.99     42.94
 3 1883  3  8 10  9.6  198.70    -99.99
 3 1883  3  8 10 24.6  999.99     23.24
 3 1883  3 12 10 23.2   19.20    -99.99
 3 1883  3 12 10 33.7  999.99     29.27
 3 1883  3 17  9 56.9  203.10    -99.99
 3 1883  3 17 10  4.9  999.99     17.65
 3 1883  3 20 10  5.1   15.80    -99.99
 3 1883  3 20 10 11.1  999.99     34.65
 3 1883  3 21  9 35.6   19.70    -99.99
 3 1883  3 21  9 44.6  999.99     24.84
 3 1883  3 24  9 43.3  193.90    -99.99
 3 1883  3 24  9 50.8  999.99     34.17
 3 1883  4  3 11  1.7  198.70    -99.99
 3 1883  4  3 11 14.7  999.99     24.89
 3 1883  4 10  9 25.2  193.10    -99.99
 3 1883  4 10  9 32.7  999.99     30.40
 3 1883  4 14  8 50.4   11.70    -99.99
 3 1883  4 14  8 56.4  999.99     24.70
 3 1883  4 24  9 16.0   16.00    -99.99
 3 1883  4 24  9 25.0  999.99     33.51
 3 1883  4 27  8 32.6  191.50    -99.99
 3 1883  4 27  8 42.6  999.99     23.41
 3 1883  5  2  9  8.3   14.20    -99.99
 3 1883  5  2  9 16.8  999.99     32.05
 3 1883  5  3  9  5.4   17.30    -99.99
 3 1883  5  3  9 12.9  999.99     31.52
 3 1883  5  4  8  8.9    9.90    -99.99
 3 1883  5  4  8 19.9  999.99     22.88
 3 1883  5  6  8  9.5  192.70    -99.99
 3 1883  5  6  8 16.0  999.99     27.63
 3 1883  5  7  8 53.6  196.00    -99.99
 3 1883  5  7  9  3.1  999.99     34.07
 3 1883  5  8  8 36.1  198.80    -99.99
 3 1883  5  8  8 43.6  999.99     23.47
 3 1883  5 16  9  2.5  196.10    -99.99
 3 1883  5 16  9 18.5  999.99     31.99
 3 1883  5 24  8 28.8  194.20    -99.99
 3 1883  5 24  8 39.3  999.99     32.99
 3 1883  5 25  8 54.3  196.60    -99.99
 3 1883  5 25  9  1.8  999.99     28.63
 4 1884  3 15 10 53.1  173.55   -99.99
 4 1884  3 15 11  3.1  999.99    20.26
 4 1884  3 22  9 27.3  358.61   -99.99
 4 1884  3 22  9 35.3  999.99    24.24
 4 1884  3 24  9 57.3   13.45   -99.99
 4 1884  3 24 10  5.3  999.99    46.39
 4 1884  3 29  9 42.0  182.38   -99.99
 4 1884  3 29  9 50.5  999.99    28.65
 4 1884  3 30  9 12.6  190.33   -99.99
 4 1884  3 30  9 19.6  999.99    41.46
 4 1884  4 19  8 46.0    9.95   -99.99
 4 1884  4 19  8 54.0  999.99    38.51
 4 1884  4 20  8  7.0   14.25   -99.99
 4 1884  4 20  8 14.5  999.99    45.84
 4 1884  4 26  8 42.8  191.48   -99.99
 4 1884  4 26  8 53.3  999.99    42.32
 4 1884  4 27  8  2.4  195.32   -99.99
 4 1884  4 27  8  8.9  999.99    46.34
 4 1884  4 28  8 43.4  199.60   -99.99
 4 1884  4 28  8 52.9  999.99    41.51
 4 1884  4 29  8 32.5  205.98   -99.99
 4 1884  4 29  8 43.5  999.99    28.03
 4 1884  5  9  8  1.5  189.45   -99.99
 4 1884  5  9  8 12.5  999.99    36.38
 4 1884  5 11  7 57.1  197.73   -99.99
 4 1884  5 11  8  5.1  999.99    44.07
 4 1884  5 12  8 30.6  202.71   -99.99
 4 1884  5 12  8 38.1  999.99    34.47
 4 1884  5 15  9  3.3    2.83   -99.99
 4 1884  5 15  9 10.8  999.99    24.48
 4 1884  5 16  8 27.3   10.73   -99.99
 4 1884  5 16  8 36.8  999.99    38.37
 4 1884  5 17  9 22.9   15.33   -99.99
 4 1884  5 17  9 34.9  999.99    44.59
 4 1884  5 18  8 32.4   18.63   -99.99
 4 1884  5 18  8 46.4  999.99    41.45
 4 1884  5 25  8 34.3  200.48   -99.99
 4 1884  5 25  8 42.8  999.99    39.95
 3 1884  3 15 10 37.1  193.88   -99.99
 3 1884  3 15 10 45.1  999.99    34.35
 3 1884  3 24  9 42.3  195.38   -99.99
 3 1884  3 24  9 49.8  999.99    34.92
 3 1884  3 27  9 36.5    2.33   -99.99
 3 1884  3 27  9 43.5 999.99     21.97
 3 1884  3 28  9 32.5  14.08    -99.99
 3 1884  3 28  9 40.5  999.99    34.30
 3 1884  3 29  9 23.5   21.03   -99.99
 3 1884  3 29  9 31.0  999.99    30.17
 3 1884  4  3  9 40.7  209.63   -99.99
 3 1884  4  3  9 48.7  999.99    19.01
 3 1884  4 11  9 11.1  198.18   -99.99
 3 1884  4 11  9 23.6  999.99    30.85
 3 1884  4 19  8 30.5  194.30   -99.99
 3 1884  4 19  8 37.5  999.99    34.80
 3 1884  4 20  8 21.5  201.28   -99.99
 3 1884  4 20  8 28.5  999.99    27.58
 3 1884  4 27  8 15.9  189.90   -99.99
 3 1884  4 27  8 21.9  999.99    28.97
 3 1884  4 28  8 27.4  197.55   -99.99
 3 1884  4 28  8 35.4  999.99    33.89
 3 1884  4 29  8 55.0  205.00   -99.99
 3 1884  4 29  9  4.0  999.99    22.28
 3 1884  5  1  8 38.6    6.43   -99.99
 3 1884  5  1  8 48.6  999.99    23.90
 3 1884  5 11  8 14.6   16.28   -99.99
 3 1884  5 11  8 22.1  999.99    33.56
 3 1884  5 12  8 13.6   24.41   -99.99
 3 1884  5 12  8 22.6  999.99    22.87
 3 1884  5 15  8 46.8  194.33   -99.99
 3 1884  5 15  8 54.8  999.99    33.89
 3 1884  5 16  8  9.3  200.81   -99.99
 3 1884  5 16  8 18.8  999.99    28.84
 3 1884  5 20  8 49.0   19.05   -99.99
 3 1884  5 20  8 56.5  999.99    31.83
 3 1884  5 25  8 19.3  202.93   -99.99
 3 1884  5 25  8 27.3  999.99    24.12
 3 1884  5 28  8 23.0   15.25   -99.99
 3 1884  5 28  8 33.5  999.99    32.61
 4 1892  4 23 11 32.8  108.24   -99.99
 4 1892  4 23 11 36.1  999.99    34.36
 4 1892  4 30 11 16.8  296.98   -99.99
 4 1892  4 30 11 12.5  999.99    34.77
 4 1892  5 16 10  7.0    2.06   -99.99
 4 1892  5 16 10  8.0  999.99    45.36
 4 1892  5 17 10 46.5   21.78   -99.99
 4 1892  5 17 10 45.0  999.99    45.22
 4 1892  5 23 10 53.4  187.78   -99.99
 4 1892  5 23 10 49.9  999.99    45.54
 4 1892  5 27 10 25.3  298.38   -99.99
 4 1892  5 27 10 24.8  999.99    33.73
 4 1892  5 28  9 39.2  329.80   -99.99
 4 1892  5 28  9 40.2  999.99    39.40
 4 1892  5 31 10  8.6   32.67   -99.99
 4 1892  6  1  9 41.4   56.97   -99.99
 4 1892  6  1  9 42.6  999.99    37.14
 4 1892  6 11  8 44.6  341.09   -99.99
 4 1892  6 11  8 43.8  999.99    41.39
 4 1892  6 13  8 57.3   21.60   -99.99
 4 1892  6 13  8 58.3  999.99    44.42
 4 1892  6 25  9  1.6  353.61   -99.99
 4 1892  6 25  8 58.1  999.99    43.50
 3 1892  4 23 12 27.4  224.92   -99.99
 3 1892  4 23 12 30.1  999.99    29.34
 3 1892  4 30 10 23.5  167.01   -99.99
 3 1892  4 30 10 19.5  999.99    32.14
 3 1892  5 17 10  5.0  152.00   -99.99
 3 1892  5 17 10  5.5  999.99    28.84
 3 1892  5 23  9 56.2   23.64   -99.99
 3 1892  5 23  9 55.4  999.99    33.31
 3 1892  5 27  9 52.6  194.34   -99.99
 3 1892  5 27  9 52.3  999.99    33.84
 3 1892  5 28  8 52.4  226.82   -99.99
 3 1892  5 28  8 53.2  999.99    29.32
 3 1892  5 31  8 58.4    2.13   -99.99
 3 1892  5 31  8 59.1  999.99    33.78
 3 1892  6  1  9  2.8   32.91   -99.99
 3 1892  6  1  9  2.1  999.99    32.02
 3 1892  6 11  9 26.3   93.86   -99.99
 3 1892  6 11  9 27.3  999.99    24.52
 3 1892  6 13  9 31.3  181.30   -99.99
 3 1892  6 13  9 29.3  999.99    33.31
 3 1892  6 17  8 57.5  349.20   -99.99
 3 1892  6 17  8 57.0  999.99    31.86
