 4  1913  9 24   9 50 29    88.7   30.1
 3  1913  9 24   9 50 29    25.5   25.9
 4  1913 10  2   8 58 30   311.7   32.9
 3  1913 10  2   8 58 30     2.4   30.5
 4  1914  8  1  11 57 53   142.6   33.0
 3  1914  8  1  11 57 53   313.0   24.3
 4  1914  8  3  11 53 50   176.8   42.7
 3  1914  8  3  11 53 50    13.0   29.1
 4  1914  8 17  10 15 15   188.2   41.6 
 3  1914  8 17  10 15 15   227.2   22.8
 4  1914  8 25  10 10 54    32.2   33.1
 3  1914  8 25  10 10 54   198.2   30.1
 4  1914  8 25  11 45 38    34.1   32.5
 3  1914  8 25  11 45 38   199.4   27.8
 4  1914  8 29  10 10 28   159.8   39.9
 3  1914  8 29  10 10 28     8.3   29.3
