 1  1880  3 20   9 48.6    13.1    -99.99
 1  1880  3 20  10 28.5   999.9     15.15
 1  1880  3 20  10 46.5    13.2    -99.99
 1  1880  4  8   8 37.1   188.4    -99.99
 1  1880  4  8   8 57.6   999.9     13.88
 1  1880  4 27   8 26.0     9.3    -99.99
 2  1880  3 20   9 35.5   187.3    -99.99
 2  1880  3 20  10 14.0   999.9     17.50
 3  1880  3  8   9 17.0    24.5    -99.99
 3  1880  3  8   9 37.0   999.9     21.81
 3  1880  3  8   9 41.0    25.1    -99.99
 3  1880  3  8   9 44.5   999.9     21.66
 3  1880  3  9  10 49.0    14.5     34.26
 3  1880  3 28  10 24.0   357.0    -99.99
 3  1880  3 28  10 28.0   999.9     21.40
 3  1880  3 30   8 25.0   203.1    -99.99
 3  1880  3 30   8 29.0   999.9     25.73
 3  1880  4  8   9 15.5   197.6    -99.99
 3  1880  4  8   9 24.9   999.9     29.94
 3  1880  4 30   8 42.0    16.3    -99.99
 3  1880  4 30   8 48.0   999.9     31.41
 3  1880  5  1   8 15.0     9.8    -99.99
 3  1880  5  1   8 28.0   999.9     33.14
 3  1880  5 10   8 30.0     5.8    -99.99
 3  1880  5 10   8 38.0   999.9     29.66
 4  1880  3  9  11  1.0   205.3     26.17
 4  1880  3 20  10 52.5   357.8    -99.99
 4  1880  3 20  11  0.5   999.9     25.18
 4  1880  3 29  10  2.4    31.9    -99.99
 4  1880  3 29  10 30.0   999.9     22.74
 4  1880  3 29  10 35.0   999.9     23.32
 4  1880  4  8   9 15.5   188.6    -99.99
 4  1880  4  8   9 34.5   999.9     41.10
 4  1880  4 25   8 36.0    32.2    -99.99
 4  1880  4 25   8 41.0   999.9     23.07
 4  1880  4 27   8 48.0    14.3    -99.99
 4  1880  4 27   9  0.0   999.9     45.02
 4  1880  5  3   8 28.7   198.5    -99.99
 4  1880  5  3   8 29.0   999.9     39.89
