1964 01 15 17 40 35.0  60   2  19.63   16.4
1964 01 15 17 40 35.0  60   4  36.66    8.6
1964 01 15 17 42 35.0  60   2  19.75   16.1
1964 01 15 17 42 35.0  60   4  36.99    8.6
1964 01 15 17 45 05.0 120   2  19.76   16.2
1964 01 15 17 45 05.0 120   4  36.75    8.3
1964 01 15 17 48 05.0 120   2  19.75   15.2
1964 01 15 17 48 05.0 120   4  36.88    8.1
1964 01 15 17 52 05.0 240   2  19.97   16.6
1964 01 15 17 52 05.0 240   4  36.86    9.0
1964 01 17 11 28 24.0  60   1  13.12  190.3
1964 01 17 11 28 24.0  60   2  18.05  199.2
1964 01 17 11 28 24.0  60   3  33.96   13.9
1964 01 17 11 30 24.0  60   1  12.68  189.6
1964 01 17 11 30 24.0  60   2  17.88  198.6
1964 01 17 11 30 24.0  60   3  33.91   14.3
1964 01 17 11 32 54.0 120   1  12.70  188.3
1964 01 17 11 32 54.0 120   2  17.94  197.8
1964 01 17 11 32 54.0 120   3  34.18   14.3
1964 01 17 11 35 54.0 120   1  12.94  189.4
1964 01 17 11 35 54.0 120   2  18.07  199.1
1964 01 17 11 35 54.0 120   3  34.11   14.3
1964 01 19 15 47 27.0  60   1  11.56  201.9
1964 01 19 15 47 27.0  60   2  17.45   16.9
1964 01 19 15 47 27.0  60   4  35.50  201.5
1964 01 19 15 49 27.0  60   1  11.80  204.0
1964 01 19 15 49 27.0  60   2  17.31   16.0
1964 01 19 15 49 27.0  60   4  35.60  201.1
1964 01 20 16 39 46.0  30   2  12.42    6.6
1964 01 20 16 39 46.0  30   3  20.06  204.7
1964 01 20 16 39 46.0  30   4  45.32  195.4
1964 01 20 16 42 01.0  60   2  12.03    6.0
1964 01 20 16 42 01.0  60   3  19.94  204.7
1964 01 20 16 42 01.0  60   4  45.38  195.3
1965 01 05 17 41 19.7  30   3  16.13  190.3
1965 01 05 17 41 19.7  30   4  43.37  193.8
1965 01 05 17 42 19.7  30   3  15.88  190.3
1965 01 05 17 42 19.7  30   4  43.11  193.8
1965 01 05 17 43 29.7  60   3  15.77  190.3
1965 01 05 17 43 29.7  60   4  42.89  193.7
1965 01 05 17 45 04.7  60   3  15.72  190.9
1965 01 05 17 45 04.7  60   4  42.80  194.2
1965 01 06 16 27 20.7  30   1  14.27  194.3
1965 01 06 16 27 20.7  30   2  17.46   16.6
1965 01 06 16 27 20.7  30   4  35.06  192.8
1965 01 06 16 28 20.7  30   1  14.33  196.6
1965 01 06 16 28 20.7  30   2  17.42   12.4
1965 01 06 16 28 20.7  30   4  34.04  193.4
1965 01 06 16 29 35.7  60   1  16.13  197.8
1965 01 06 16 29 35.7  60   2  16.49   13.1
1965 01 06 16 29 35.7  60   4  33.81  192.2
1965 01 06 16 31 05.7  60   1  14.61  194.9
1965 01 06 16 31 05.7  60   2  16.90   13.4
1965 01 06 16 31 05.7  60   4  33.93  193.4
1965 01 30 14 25 50.8  60   3  33.90  194.7
1965 01 30 14 25 50.8  60   4  35.21  197.7
1965 01 30 14 29 55.7  60   1  13.21   17.4
1965 01 30 14 29 55.7  60   2  12.91   26.4
1965 01 30 14 29 55.7  60   3  34.77  196.2
1965 01 30 14 29 55.7  60   4  36.68  198.4
1967 05 02 13 45 29.2 360   1  12.24   16.9
1967 05 02 13 45 29.2 360   3  31.24   14.1
1967 05 02 13 45 29.2 360   4  43.79  194.7
1967 05 02 13 46 51.7  60   1  13.00   16.9
1967 05 02 13 46 51.7  60   3  32.16   14.0
1967 05 02 13 46 51.7  60   4  43.01  196.0
1967 05 02 13 50 21.7 240   1  13.31   18.6
1967 05 02 13 50 21.7 240   3  32.09   14.3
1967 05 02 13 50 21.7 240   4  43.01  194.6
1969 01 15 17 45 09.2 360   3  21.78  212.1
1969 01 15 17 45 09.2 360   4  20.44  340.7
1970 01 07 20 39 11.5  60   1  12.79  183.1
1970 01 07 20 39 11.5  60   2  20.69   13.6
1970 01 07 20 39 11.5  60   3  19.11  226.7
1970 01 07 20 39 11.5  60   4  27.26  163.3
1970 01 07 20 41 41.5 120   1  12.66  183.4
1970 01 07 20 41 41.5 120   2  20.62   12.8
1970 01 07 20 41 41.5 120   3  18.91  227.2
1970 01 07 20 41 41.5 120   4  27.16  163.8
1972 05 10 14 08 41.2 360   2  19.80   16.1
1972 05 10 14 08 41.2 360   3  17.02  268.7
1972 05 10 14 08 41.2 360   4  21.81  286.5
1972 05 10 14 14 41.2 240   2  19.64   13.6
1972 05 10 14 14 41.2 240   3  17.26  267.9
1972 05 10 14 14 41.2 240   4  22.08  286.0
1972 05 10 14 18 41.2 120   2  18.97   14.6
1972 05 10 14 18 41.2 120   3  17.23  266.3
1972 05 10 14 18 41.2 120   4  21.83  284.2
1973 01 30 19 17 16.2  60   1  12.68  169.0
1973 01 30 19 17 16.2  60   2  19.84   14.2
1973 01 30 19 17 16.2  60   3  20.64   74.7
1973 01 30 19 17 16.2  60   4  43.64  184.3
1973 01 30 19 20 45.6 300   1  13.15  169.5
1973 01 30 19 20 45.6 300   2  19.47   14.6
1973 01 30 19 20 45.6 300   3  20.76   76.6
1973 01 30 19 20 45.6 300   4  44.06  184.0
1974 05 24 13 02 45.2 300   1  12.16  150.1
1974 05 24 13 02 45.2 300   2  20.82  198.2
1974 05 24 13 02 45.2 300   3  22.75   69.8
1974 05 24 13 02 45.2 300   4  45.21   15.8
1974 05 24 13 07 45.2 240   1  12.02  149.6
1974 05 24 13 07 45.2 240   2  20.86  198.1
1974 05 24 13 07 45.2 240   3  22.78   71.2
1974 05 24 13 07 45.2 240   4  44.82   17.3
1974 05 24 13 11 30.2 180   1  12.16  151.0
1974 05 24 13 11 30.2 180   2  21.12  198.1
1974 05 24 13 11 30.2 180   3  22.43   71.4
1974 05 24 13 11 30.2 180   4  45.12   16.9
1974 05 27 12 39 45.2 360   1  14.63  196.6
1974 05 27 12 39 45.2 360   2  12.61  101.3
1974 05 27 12 39 45.2 360   3  33.28  199.0
1974 05 27 12 39 45.2 360   4  27.26   95.8
1974 05 27 12 46 45.2 360   1  15.45  197.6
1974 05 27 12 46 45.2 360   2  12.49  105.9
1974 05 27 12 46 45.2 360   3  34.27  199.8
1974 05 27 12 46 45.2 360   4  26.74   97.7
1974 05 27 12 51 45.2 120   1  16.69  199.4
1974 05 27 12 51 45.2 120   2  12.58  109.7
1974 05 27 12 51 45.2 120   3  34.21  200.8
1974 05 27 12 51 45.2 120   4  26.40   97.4
1977 02 22 19 59 18.2   0   1  11.46   83.2
1977 02 22 19 59 18.2   0   3  28.58  244.2
1977 02 22 19 59 18.2   0   4  36.86  253.5
1977 02 22 20 03 18.2   0   1  13.33   87.8
1977 02 22 20 03 18.2   0   3  28.11  244.3
1977 02 22 20 03 18.2   0   4  36.62  254.0
1977 02 22 20 05 18.2   0   1  12.74   83.1
1977 02 22 20 05 18.2   0   3  27.13  245.1
1977 02 22 20 05 18.2   0   4  35.92  254.8
1977 02 22 20 06 48.2   0   1  11.48   87.6
1977 02 22 20 05 18.2   0   3  28.62  242.9
1977 02 22 20 05 18.2   0   4  37.33  262.6
1977 02 22 20 08 18.2   0   1  12.37   81.5
1977 02 22 20 08 18.2   0   2  18.23   42.1
1977 02 22 20 08 18.2   0   3  28.48  244.6
1977 02 22 20 08 18.2   0   4  36.75  254.3
1977 05 16 14 40 25.2   0   1  14.47   26.2
1977 05 16 14 40 25.2   0   2  19.29   35.8
1977 05 16 14 40 25.2   0   3  27.62   69.3
1977 05 16 14 40 25.2   0   4  38.89  318.9
1977 05 16 14 41 55.2   0   1  14.47   29.1
1977 05 16 14 41 55.2   0   2  19.41   38.0
1977 05 16 14 41 55.2   0   3  27.74   68.5
1977 05 16 14 41 55.2   0   4  38.79  319.8
1977 05 16 14 43 55.2   0   1  14.46   26.5
1977 05 16 14 43 55.2   0   2  19.07   37.6
1977 05 16 14 43 55.2   0   3  27.77   68.9
1977 05 16 14 43 55.2   0   4  38.93  319.6
1977 05 16 14 46 26.2   0   1  13.41   23.7
1977 05 16 14 46 26.2   0   2  19.70   34.7
1977 05 16 14 46 26.2   0   3  26.69   69.0
1977 05 16 14 46 26.2   0   4  39.00  317.1
1977 05 16 14 50 25.2   0   1  14.38   32.7
1977 05 16 14 50 25.2   0   2  20.11   41.9
1977 05 16 14 50 25.2   0   3  28.97   71.3
1977 05 16 14 50 25.2   0   4  37.18  319.1
