 3 0 1908 06  4 14  9 22 205.05 14 13 24 31.03
 3 0 1908 06  7 14 55 32 337.49 15 17 55 32.13
 3 0 1908 06  8 13 30 42   9.94 13 30 38 33.50
 3 0 1908 06 22 12 14  0 221.90 12 34 21 31.66
 3 0 1908 06 26 12 21  2  31.55 12 23 44  2.18
 3 0 1908 07  1 12  6 47 239.22 99 99 99 99.99
 3 0 1908 07  5 11 56 47  42.81 12  1 17 31.20
 3 0 1908 07  8 11 36 56 173.26 11 41  5 31.16
 3 0 1908 07 10 11 44 15 249.54 11 48 19 29.38
 3 0 1908 07 15 11 14  9  98.03 11 15 38 37.90
 3 0 1908 07 28 10  8 31 274.58 10 11  0 28.96
 3 0 1908 08  1  9 50 38  75.89 10 28  9 27.40
 3 0 1909 04 23 15 29 13 239.75 15 49 15 27.09
 3 0 1909 05 17 15 11 46 162.24 15 16 33 29.71
 3 0 1909 05 23 14 35 50  37.85 15 10 50 30.60
 3 0 1909 06 18 13 37 30  33.14 13 44 10 31.84
 3 0 1909 06 19 13  1 19  75.39 13  7  6 27.02
 3 0 1909 06 21 12 53 16 167.82 12 53 12 31.17
 3 0 1909 06 22 13 41  0 202.71 13 41  7 31.42
 3 0 1909 07  6 11 42  4  54.80 12  8  4 30.02
 3 0 1909 07  7 12 34 16 103.98 12 32 46 26.90
 3 0 1909 07  8 11 39 33 148.31 11 37 42 29.50
 3 0 1909 07 10 13  7 48 223.27 13 11 27 30.65
 3 0 1909 07 11 11 32 20 265.03 11 41 25 27.68
 3 0 1909 07 16 11 25 52 116.06 11 27 25 27.23
 3 0 1909 07 17 12 31 14 162.53 12 34  2 30.25
 3 0 1909 07 19 11  5 19 232.08 11  9  7 29.91
 3 0 1910 07  5 12 11 18 353.45 12 12 48 32.13
 3 0 1910 07  9 11 54 11 161.38 11 55 37 30.67
 3 0 1910 07 10 11 59 25 194.87 12  0 24 31.90
 3 0 1910 07 14 12 16 58   2.12 12 18 39 32.83
 3 0 1910 07 31 10 29 17 345.65 10 33 49 31.74
 3 0 1910 07  5  9 59  7 189.48  9 59 59 32.83
 3 0 1910 07  9  9 45 26 356.93  9 49 19 32.13
 3 0 1911 06  1 15 11 51   1.24 15 11 23 31.82
 3 0 1911 06  9 15 11 45 339.08 15 18  7 30.87
 3 0 1911 06 18 13 55 13 347.29 13 57 16 31.91
 3 0 1911 06 27 13 21 57 355.84 13 22 24 32.70
 3 0 1911 06 28 12 47 37  27.42 12 48 30 30.09
 3 0 1911 06 29 13 59 15  73.00 13 59  1 23.97
 3 0 1911 06 30 14 10  4 127.73 14 10 19 25.98
 3 0 1911 07  5 12 24  6 330.99 12 23 51 29.71
 3 0 1911 07 18 12 54 29 149.20 12 56 29 28.78
 3 0 1911 07 24 12 29 35  23.75 12 32 13 30.65
 3 0 1911 07 30 11 46 48 277.19 11 47 29 23.89
 3 0 1911 08 18  9 34 42 344.21  9 34 39 31.55
 3 0 1911 08 21 10 30 21 107.06 10 30  5 24.98
 3 0 1911 08 22  9 54 58 152.01  9 54 14 29.34
 3 0 1911 09 11  9 36 47 245.79  9 37 59 25.64
 3 0 1911 09 13  9 46  4 339.79  9 45 36 30.37
 3 0 1912 07  5 12 19 16 341.92 12 27 44 30.90
 3 0 1912 07  6 12  8 23  11.08 12 10 42 30.93
 3 0 1912 07  8 12 48 22 106.96 12 50  7 22.73
 3 0 1912 07  9 13 57 44 154.10 13 57 58 29.28
 3 0 1912 07 15 14 14 37  23.72 14 17  5 29.44
 3 0 1912 07 22 13 14 51 329.64 13 15 48 28.51
 3 0 1912 08  7 11 43  0 256.03 11 42 37 23.16
 3 0 1912 08 10 10 57 14  16.68 11  1 51 30.73
 3 0 1912 08 12 10 53 21 112.84 10 56 14 23.12
 3 0 1913 07 10 12 26 43 162.73 12 32 37 30.86
 3 0 1913 07 10 13 33 23 163.51 13 44 54 30.49
 3 0 1913 07 25 12  1 11  43.97 12  4 32 24.64
 3 0 1913 07 25 12 52 52  44.57 12 53 26 24.22
 3 0 1913 08  2 11  9  9  15.68 11 15  2 29.89
 3 0 1913 08  2 12 14 33  17.30 12 18 27 29.66
 3 0 1913 08 25  9 40 10 245.83  9 41 54 22.09
 3 0 1913 08 25 10 48 27 249.31 10 47 12 21.97
 3 0 1913 08 30  8 53 11 103.66  8 55  0 21.35
 3 0 1913 08 30  9 20 35 105.34 99 99 99 99.99         
 3 0 1913 09  1  9 26 14 180.95  9 34 58 31.55
 3 0 1913 09  1 10 56  5 183.07 10 51 16 31.79
 3 0 1913 09  5  8 25 12 349.59  8 25 20 31.67
 3 0 1913 09  5  9 20 22 351.02  9 21 19 31.82
 3 0 1913 09 22  9 21 57 340.02  9 21 58 28.98
 3 0 1913 09 23  8 24 32   6.52  8 24 46 30.54
 3 0 1913 09 23  8 44 46   6.77  8 45 14 30.81
 3 0 1913 09 24  8 28 17  40.72  8 29  4 25.19
 3 0 1913 09 24  8 47 42  41.25  8 48 26 24.89
 3 0 1914 07 15 13 49 19 343.20 13 48 53 31.25
 3 0 1914 07 19 11 51 48 152.09 11 52 16 27.90
 3 0 1914 07 28 12 22 48 162.48 12 21 44 30.09
 3 0 1914 07 29 11 35 37 185.24 11 37 21 31.09
 3 0 1914 07 31 12  2 30 280.35 11 56 47 20.53
 3 0 1914 08 13 10 49 14  97.58 10 54 24 19.17
 3 0 1914 08 15 10 57 47 175.25 11  2 32 31.62
 3 0 1914 08 16 10 41 42 201.99 10 47 12 27.50
 3 0 1914 08 17 10 57  2 250.84 10 57 56 19.70
 3 0 1914 08 18 10 19 26 311.54 10 19 24 25.21
 3 0 1914 08 19 10 25  2 344.65 10 24 46 32.16
 3 0 1914 08 23 10 43 47 156.32 10 46 28 28.61
 3 0 1914 09  5  9 37 32 331.38  9 36 55 28.66
 3 0 1914 09 13  9  2 54 300.98  9  5 26 22.89
 3 0 1914 09 15  9  3 15   5.89  9  7 32 30.41
 3 0 1914 09 21  8 31 31 256.23  8 36 11 19.64
 3 0 1915 07  6 14 35 35 316.60 14 44 27 22.97
 3 0 1915 07  8 14 48  7   8.21 14 47 41 28.91
 3 0 1915 07 17 14 14 12  16.65 14 10 11 26.44
 3 0 1915 08 10 12 38 29 319.52 12 46  3 24.05
 3 0 1915 08 12 13 17 51  12.37 13 20 14 28.30
 3 0 1915 10 11  8 40 46 345.81  8 39 54 30.01
 3 0 1915 10 12  7 38 24   8.18  7 37 53 28.64
 3 0 1915 10 25  8  5 12 187.69  8  5 48 28.74
 3 0 1919 08  9 12  2 19 174.97 12  1 17 29.36
 3 0 1919 09 29  9 21  2 157.48  9 24  7 27.23
 3 0 1920 08  8 11 50 45 166.76 11 54 45 31.44
 3 0 1920 08 21 11  6  7 344.61 11  7 28 31.77
 3 0 1920 09  3 11 53 31 165.48 11 53 17 31.06
 3 0 1920 09  4 11 31  9 176.28 11 35 26 26.56
 3 0 1920 09 15 10  1 18 329.63 10  4 41 19.78
 3 0 1920 09 16 10 53 30 343.91 10 52 10 31.47
 3 0 1920 09 17  9 33 27 354.22  9 34 14 28.75
 3 0 1920 09 21 10 21  3 171.13 10 23 33 30.31
 3 0 1920 10  5  9 59 43   3.88 10  6 30 20.55
 3 0 1920 10 14  9  2 21  16.06  9 26  8 15.66
 3 0 1920 10 17  9 21 18 170.24  9 20 29 31.30
 3 0 1920 11  4  8 20 55 177.14  7 58 40 27.06
 3 0 1920 11 13  8 34 20 179.89  8 35 43 22.96
 3 0 1921 08 25 11 33 16 157.66 11 32 28 22.38
 3 0 1921 08 26 12 48 52 165.45 12 47 34 31.68
 3 0 1921 08 27 11  3 49 172.76 11  3 40 25.79
 3 0 1921 08 30 11  0 12 341.81 10 54  2 29.83
 3 0 1921 09  7 11  9  1 335.90 11  6 32 20.99
 3 0 1921 10 14  9 16 50 353.51  9 17 21 25.03
 3 0 1921 10 17  8 27 24 162.90  8 23 34 29.68
 3 0 1921 10 18  8 31 54 171.49  8 30 44 29.00
 3 0 1921 10 21  8 17 22 338.40  8 18 19 25.65
 3 0 1921 10 26  7 42 16 165.07  7 43 50 30.66
 3 0 1921 11 25  7 53 17 340.46  7 52 44 27.01
 3 0 1922 08 21 11 15  6 337.77 11 11 33 16.45
 3 0 1922 08 22 12 31 19 343.77 12 34 51 30.20
 3 0 1922 09 14 11 13 10 169.44 11 10  4 26.56
 3 0 1922 09 22 10 33  2 165.61 10 25 56 31.53
 3 0 1922 09 26  9 15 44 343.92  9 17 15 30.43
 3 0 1925 09 26 11 32  1 351.19 11 33 57 21.93
 3 0 1925 11  6  8  2 45 162.31  8  2 12 29.20
 3 0 1925 11  9  8  0 57 347.24  8  2 17 26.09
 3 0 1925 11 10  9  2  2 343.85  9  3 33 30.33
 3 0 1925 11 11  7 27 52 338.13  7 27 28 20.56
 4 0 1909 04 26 15 32 48 203.58 16  2 48 42.23
 4 0 1909 05 12 15  4 35 272.87 15  8  7 35.11
 4 0 1909 05 16 15  4 24  16.32 99 99 99 99.99
 4 0 1909 05 24 13 38 22 229.21 99 99 99 99.99
 4 0 1909 05 29 14 40 38   6.23 14 42 25 43.88
 4 0 1909 06 20 13 57 22 231.14 13 58 59 38.46
 4 0 1909 06 21 13 57 57 259.84 14  2 41 36.55
 4 0 1909 06 22 14 38 36 292.00 14 38 34 36.70
 4 0 1909 06 25 12  2 50   5.79 99 99 99 99.99
 4 0 1909 07  6 12 53 11 304.45 13 16 15 38.70
 4 0 1909 07  7 11 23 34 332.21 11 21 46 42.07
 4 0 1909 07  8 12 55 17 357.79 12 52 39 44.16
 4 0 1909 07  9 11 23 40  17.93 99 99 99 99.99
 4 0 1909 07 10 11 46 27  41.70 11 48  4 40.96
 4 0 1909 07 11 12 45 27  71.02 12 49 12 37.35
 4 0 1909 07 15 11  9 47 182.82 11 36 49 41.63
 4 0 1909 07 16 12 53 25 207.73 12 54 59 42.27
 4 0 1909 07 17 11  6  0 230.75 11  4  0 39.60
 4 0 1909 07 20 10 13 51 319.16 10 54 35 40.23
 4 0 1910 07  9 13 10 59  55.00 13 11 49 36.67
 4 0 1910 07 10 12 28 51  86.28 12 29 43 34.23
 4 0 1910 07 10 13 56 38  87.04 13 59 41 33.77
 4 0 1910 07 14 13 13  3 192.94 13 11 38 43.28
 4 0 1910 07 31 11 28 34 290.05 11 29 59 35.71
 4 0 1910 08  9 10 38 22 171.78 10 42 41 42.14
 4 0 1911 06  9 14 34  4  14.02 14 35 56 41.04
 4 0 1911 06 18 14 39 31 255.52 15 10  6 31.61
 4 0 1911 06 21 14  7  2 345.66 14 11 36 41.12
 4 0 1911 06 27 14  7 42 148.86 14  9 40 39.03
 4 0 1911 06 29 13 16 22 189.20 13 16 12 43.24
 4 0 1911 06 30 12 59 12 210.71 12 56 39 39.53
 4 0 1911 07  5 13 42 17 355.37 13 41  2 42.72
 4 0 1911 07 24 11 34 14 147.76 11 36  5 39.22
 4 0 1911 07 27 12 48  2 214.03 13  3 22 38.77
 4 0 1911 07 30 11  5  8 306.78 11  9 21 34.88
 4 0 1911 07 31 12  1 58 334.40 12  0  2 39.84
 4 0 1911 08 16  9 37 53  26.17  9 38 59 40.70
 4 0 1911 08 18 10 10 51  84.30 10 21 20 33.50
 4 0 1911 08 21 10  2 21 170.32 10  2 38 41.85
 4 0 1911 08 22  9 24  4 190.45  9 24  6 42.71
 4 0 1911 09 11  8 27 49   6.23  8 29  4 43.12
 4 0 1911 09 12  8 16 47  27.28  8 20 19 40.30
 4 0 1912 07  5 14  6 41  48.37 14 22  6 33.36
 4 0 1912 07  6 12 48 43  82.82 12 52 43 29.59
 4 0 1912 07  8 12  9 47 148.10 12 10 45 38.42
 4 0 1912 07  9 12 57 16 170.42 13  1 28 42.46
 4 0 1912 08  7 12 39 38 210.06 12 41 56 39.38
 4 0 1912 08 12  9 53 58 353.39  9 55  0 42.46
 4 0 1913 09 22  8 28 53  33.36  8 30 51 35.12
 4 0 1913 09 22  8 54 55  33.45  8 55 33 35.29
 4 0 1913 09 23  9 18 21  65.25  9 20  6 29.44
 4 0 1913 09 23  9 36 19  65.57  9 38 11 29.11
 4 0 1920 08 26 10 52 53 352.59 10 42 18 38.68
 4 0 1920 09  2 10 29 27 174.84 10 36 50 35.68
 4 0 1920 09  3 10 45 23 188.37 10 56 39 22.54
 4 0 1920 09 14  9 52 48 165.32  9 59 14 41.39
 4 0 1920 09 15 11 26 46 172.58  1 22 42 39.58
 4 0 1920 09 21 11  5 18 347.03 11  5 44 42.67
 4 0 1920 09 22  9 59 59 353.92 10  2 32 38.32
 4 0 1920 10  5 10 48 49 350.47 10 51 13 40.76
 4 0 1920 10 11 10  0 56 166.77 10  2 11 41.53
 4 0 1920 10 15  9 10  5 291.07  9 14 25 12.72
 4 0 1920 10 17 10 43 59 340.09 10 46 38 39.18
 4 0 1920 11 13  9 31 12 340.51  9 31 10 38.84
 4 0 1921 08 24 11  7 36 347.95 11  6 52 41.17
 4 0 1921 08 25 12 30  3 353.43 12 30 26 31.75
 4 0 1921 08 26 11 26 33   5.12 11 18 46 17.02
 4 0 1921 09  8 10 47 19 358.20 10 49 24 25.51
 4 0 1921 09 19 11 41 43 344.31 11 31 44 41.29
 4 0 1921 10  1  8 39 26 333.21  8 37 17 25.94
 4 0 1921 10  2  8 59 32 340.97  8 50 59 37.60
 4 0 1921 10 24  7 36 51 170.48  7 39  2 39.33
 4 0 1921 10 28  8 30  0 333.18  8 29 19 26.07
 4 0 1921 11 25  9  5 26 340.89  8 56 31 37.71
 4 0 1922 08 15 11 28 50 164.65 11 26 53 41.81
 4 0 1922 08 21 12 13  3 342.99 12 13  7 38.47
 4 0 1922 08 22 13 55 50 345.05 13 58 22 41.86
 4 0 1922 08 28 11 15 40 163.71 11 22  9 39.86
 4 0 1922 09 25  9 25 55 165.84  9 30 44 42.00
 4 0 1922 09 26 10 24  1 169.34 10 25 45 34.61
 4 0 1925 10 10 10 22 12 342.05 10 25 47 39.69
 4 0 1925 11  6  8 48 19 342.84  8 48 29 39.50
 4 0 1925 11 10  8 25 10 172.39  8 25 27 22.77
 4 0 1925 11 17  7 43 38 350.07  7 39 29 27.56
 4 3 1908 06  7 14 13 17 186.66 14 13  7 67.32
 4 3 1908 06  8 14 31 39 215.46 14 32 56 69.16
 4 3 1908 06 26 13 14 32 312.41 13 20  4 25.36
 4 3 1908 06 28 12 42 44   5.81 12 45 23 44.47
 4 3 1908 07  5 12 48  5 229.44 12 48 33 71.92
 4 3 1908 07  8 12 40 33 335.48 12 42  4 68.03
 4 3 1908 07 10 12 38 35  33.61 12 41 18 63.34
 4 3 1908 07 17 10 50 51 268.14 11 10 41 28.30
 4 3 1908 07 28 11 21 18 118.43 11 19 32 64.86
 4 3 1908 07 29 10 13 43 151.52 10 12 37 69.50
 4 3 1908 08  2  9 44 16 279.55 10  4 38 62.81
 4 3 1910 07  5 12 57  3 262.63 12 57 37 21.99
 4 3 1910 07  9 12 38 39  22.25 12 40 44 55.13
 4 3 1910 07 10 12 59 21  52.70 13  0 21 54.16
 4 3 1910 08  5 10 57 17  32.80 11 16 36 64.62
 4 3 1912 07  6 14  8 53 141.65 14  9 33 34.65
 4 3 1912 07  8 13 25 39 184.49 13 27 18 25.99
 4 3 1912 07 15 13 27 11 286.13 13 26 58 29.77
 4 3 1912 07 22 12 14  7 154.74 12 26 51 69.60
 4 3 1912 08  7 10 41 25 170.81 10 52 43 28.18
 4 3 1912 08 10 11 55 45 258.68 11 54 27 36.18
 4 3 1912 08 12 12  5 10 333.14 12  3 48 58.24
 4 3 1913 06 30 13 17  7 319.28 13 21  1 58.10
 4 3 1913 06 30 14 25 37 320.84 14 24 10 57.89
 4 3 1913 07 23 12  6 49 184.70 12  9 36 63.27
 4 3 1913 07 23 12 38 58 185.86 99 99 99 99.99
 4 3 1913 07 26 11 59  5 299.16 11 58 51 52.22
 4 3 1913 07 26 12 48 19 299.64 12 49 34 52.67
 4 3 1913 08 20  9 20 21 224.38  9 21  4 56.80
 4 3 1913 08 20 10 19 24 226.08 10 16  4 56.11
 4 3 1913 08 21 11  4 55 273.69 11  7 31 49.12
 4 3 1913 08 28 10 34 37 149.78 10 37 37 43.06
 4 3 1913 08 28 11 20 33 149.75 99 99 99 99.99
 4 3 1913 09  2  9 12 45 237.61  9 12 53  8.30
 4 3 1913 09  2 10 25 37 239.28 11  8  0  8.03
 4 3 1913 09  4  9  8 47 229.27  9  7 43 13.40
 4 3 1913 09  4 10 16 38 228.54 10 13 51 12.99
 4 3 1913 09  5 10 20 42 261.73 10 21 46 17.14
 4 3 1914 07 15 14 30 39  92.30 14 33 41 24.92
 4 3 1914 07 19 12 35 51 175.48 12 36 16 13.54
 4 3 1914 07 28 13 47 43 181.70 13 47 36 64.45
 4 3 1914 07 30 11 45  3  61.00 11 39 16 45.36
 4 3 1914 08 13 11 44 56 115.64 11 45 54  7.71
 4 3 1914 08 15 12  1 22 117.53  1 21 52 13.63
 4 3 1914 08 16 11 45 14 143.37 11 42 40 21.86
 4 3 1914 08 17 11 35 24 163.46 12  0 37 34.64
 4 3 1914 08 18 11 10 52 181.91 11 14  8 41.96
 4 3 1914 08 19 11 27  6 203.81 11 25  2 41.80
 4 3 1914 08 23 11 32 47 351.71 11 34 58 70.34
 4 3 1914 09  5 10 49  1  24.15 11  3 44 17.81
 4 3 1914 09 14  8 42  4 188.64  8 43  6 54.78
 4 3 1914 09 15 10  8  4 218.77 10  5 38 47.34
 4 3 1914 09 21  9 36  4  58.66  9 36  4 48.08
 4 3 1915 07  6 14  1 33 170.08 14  0 42 55.47
 4 3 1915 07  8 13 58 25 214.78 13 58 34 44.45
 4 3 1915 07 13 13 34 37  19.24 13 35 13 59.89
 4 3 1915 07 17 13  7 49 169.81 13  5 49 59.39
 4 3 1915 07 23 15 10 22 344.30 15 10 22 14.51
 4 3 1915 08 10 11 26 26 182.91 11 27 36 34.20
 4 3 1915 08 12 12 42 10 159.74 12 43  9 47.84
 4 3 1915 08 14 11 41 19 195.50 11 42  7 32.20
 4 3 1915 09 15  9 47 41 236.94  9 44 17 19.60
 4 3 1915 10 11  7 32 34 209.54  7 32 15 31.81
 4 3 1915 10 12  7  6 27 250.65  7  7 41 27.80
 4 3 1915 10 25  7 24 26 334.40  7 21 45 45.07
 4 3 1919 08  9 14  8 35  77.53 14  8 50  5.48
 1 0 1921 08 29 11  4  8 164.80 11 39 13 13.86
 3 2 1911 07 19 11 52 23 161.66 11 58 36 13.63
 3 2 1911 07 25 12  2 26 114.50 12  3  1 23.63
 3 2 1911 07 27 11  6 30 132.96 11  9 30 12.76
 4 2 1911 07 27 11 51 42 237.24 11 52 34 25.99
 4 2 1911 07 31 11 18 27 337.61 11 17 22 58.48
 4 2 1911 08 21  9 19 55 162.22  9 20 25 23.39
 4 2 1911 09 13  8 21 17  85.88  8 23 45 24.75
 4 2 1912 09 10  9 41 28  53.11  9 43 20 26.67
 4 1 1911 07 31 10 38 59 343.72 10 40  6 52.14
 3 1 1911 09 13  9  5 13 325.84  9  6 33 17.32
 3 1 1915 08 12 11 36 24  26.55 11 37 40 15.43
 3 1 1919 08  9 11 31 45 180.40 11 30 23 15.92
