 1 0 1901 05 14   13 27 30  253.69   13 27 36  14.83
 1 0 1901 05 15   13  6 36   30.61   13  6 30  14.58
 1 0 1901 05 23   12 56 12   94.58   12 56 30  13.92
 1 0 1901 05 28   12 15 48   86.46   12 16  0  14.30
 1 0 1901 06  4   12  0 30  355.84   12  0 48  13.29
 1 0 1901 06  9   10 57 24  359.26   10 57  6  14.34
 1 0 1901 06 10   11 52 30  144.59   11 52 30  13.95
 1 0 1901 06 24   11 28 12  335.26   11 28 30  14.25
 1 0 1901 07  5   10 23 42  104.28   10 23 42  14.06
 1 0 1901 07  9   10  4  0  288.37   10  4  0  13.75
 1 0 1901 07 10    9 25  0  101.40    9 25 12  14.47
 1 0 1901 07 15    8 54 48   81.43    8 54 48  13.91
 1 0 1901 07 21    8 52 48  214.44    8 52 42  13.87
 1 0 1901 08  2    8 48  6  126.62    8 48 30  13.59
 1 0 1901 08  7    8 47 48  135.26    8 48  0  13.62
 1 0 1901 08  8    8 40 30  267.46    8 41 30  13.84
 1 0 1901 08 17    8 20  0  128.73    8 21  0  13.90
 1 0 1901 08 18    8 21 30  262.69    8 23  0  12.73
 2 0 1901 05 14   13 11 48  159.95   13 11 48  19.83
 2 0 1901 05 15   12 54 18  246.10   12 54 48  19.95
 2 0 1901 05 23   12 44 42  219.65   12 44 30  21.21
 2 0 1901 05 28   12  3 54  294.14   12  4  0  20.95
 2 0 1901 06  4   11 51  6  176.00   11 52  0  20.79
 2 0 1901 06  9   10 44  0  251.19   10 44 12  21.76
 2 0 1901 06 10   11 42 24  343.04   11 42 48  20.53
 2 0 1901 06 19   11 43 30   42.54   11 43 48  20.19
 2 0 1901 06 24   11 18  6  121.15   11 18 12  21.64
 2 0 1901 07  9    9 47 24  302.76    9 47 54  21.12
 2 0 1901 07 10    9 36 54   58.51    9 37 42  21.10
 2 0 1901 07 15    9 15 12   96.73    9 12 30  20.59
 2 0 1901 07 21    9  7 30  283.74    9  7 30  18.91
 2 0 1901 08  2    8 57 36  288.55    9  2  0  18.98
 2 0 1901 08  8    8 31 36   59.96    8 32  0  20.30
 2 0 1901 08  9    8 46 48  145.89    8 47 12  18.90
 2 0 1901 08 18    8 28 30  168.84    8 30  0  19.76
 2 0 1901 08 19    8 10 30  294.25    8 12 30  22.40
 3 0 1900 04 25   14 41 24  138.29   14 41 42  32.78
 3 0 1900 04 26   14  8 36  178.54   14 10 12  32.57
 3 0 1900 05  5   15 36 36  193.62   15 36 30  32.97
 3 0 1900 05  9   15  7 12  359.01   15  8  0  33.50
 3 0 1900 05 17   13 47 24  327.01   13 49  0  33.27
 3 0 1900 05 20   12 17  0   88 10   12 17  0  33.61
 3 0 1900 05 21   13 14 48  131.63   13 14 30  33.29
 3 0 1900 05 30   11  8 12  140.60   11  9  0  33.30
 3 0 1900 06  1   10 27 30  221.82   10 28 30  33.21
 3 0 1900 06  4   11 14 12  347.10   11 15  0  33.64
 3 0 1900 06  5   11 36  6   28.83   11 36 30  33.04
 3 0 1900 06  6   11 54 30   71.20   11 54  0  33.12
 3 0 1900 06  7   11 57 48  113.72   11 58 42  33.60
 3 0 1900 06  8   11 43 54  153.68   11 44 30  33.12
 3 0 1900 06 19    9 12 48  244.53    9 13 30  32.74
 3 0 1900 06 20   10 25 48  288.02   10 26  0  32.79
 3 0 1900 06 23   11  7 12   54.63   11  7 30  33.07
 3 0 1900 06 24   10 35 24   94.75   10 36  0  33.22
 3 0 1900 06 30    9 33  0  339.86    9 33 30  33.15
 3 0 1900 07  1    9 39 30   21.51    9 39  0  32.83
 3 0 1900 07  2    9 19 48   62.59    9 19 42  32.88
 3 0 1900 07 15    9 10 36  240.02    9 10 42  31.91
 3 0 1900 07 16    9 12 36  281.03    9 13  0  32.61
 3 0 1900 07 17    9 19 12  322.00    9 19 30  33.14
 3 0 1900 07 27    8 34  6   15.07    8 35  0  32.07
 3 0 1900 07 28    8 30  6   56.62    8 30 12  32.63
 3 0 1900 07 30    8 20 36  137.87    8 21  0  32.94
 3 0 1900 07 31    8 19 48  179.85    8 19 42  33.05
 3 0 1900 08 15    7 54 30   80.26    7 54 42  32.41
 3 0 1900 08 18    7 56 12  202.91    7 55 12  32.01
 3 0 1900 08 19    7 49 36  246.18    7 50  0  31.45
 3 0 1900 08 25    7 40 18  132.32    7 40 12  32.24
 3 0 1900 08 30    7 40 36  340.16    7 40 12  32.18
 3 0 1900 08 31    7 42 42   19.73    7 39  0  32.18
 3 0 1901 04 11   15 14 24  251.86   15 14 42  33.10
 3 0 1901 04 16   15 18 18  100.06   15 19 12  32.88
 3 0 1901 04 17   14 23 36  138.38   14 23 30  32.88
 3 0 1901 04 26   14  9 48  149.92   14 10  0  33.11
 3 0 1901 04 27   14  9  6  192.06   14  9 48  32.67
 3 0 1901 04 28   14 13 12  233.85   14 13  0  32.55
 3 0 1901 04 29   13 41 30  273.68   13 43  6  32.92
 3 0 1901 05 13   12 38  0  131.37   12 37 48  33.31
 3 0 1901 05 14   12 37 48  173.22   12 37 48  33.40
 3 0 1901 05 15   12 10 36  214.62   12 10 48  32.67
 3 0 1901 05 16   12 18 24  254.80   12 19 12  32.94
 3 0 1901 05 17   12 11 30  296.94   12 12 48  33.08
 3 0 1901 05 22   12 20 48  142.98   12 21 24  33.40
 3 0 1901 05 23   12  9 48  184.48   12 10 12  33.21
 3 0 1901 05 28   11 29 48   30.22   11 29 48  33.36
 3 0 1901 06  3   10 41 36  276.00   10 41 30  33.02
 3 0 1901 06  4   11 15  0  318.85   11 16  6  33.31
 3 0 1901 06  9   10  9 24  162.56   10  9 48  33.42
 3 0 1901 06 10   11 12 30  208.00   11 12 48  33.32
 3 0 1901 06 18   11  7 30  178.33   11  7 36  32.81
 3 0 1901 06 19   11  4 30  219.55   11  4 42  33.16
 3 0 1901 06 23   10 52 48   24.96   10 53 18  33.35
 3 0 1901 06 24   10 45  0   65.60   10 45 24  33.41
 3 0 1901 07  5    9 54  6  158.20    9 54  6  32.61
 3 0 1901 07  9    9 12 42  323.03    9 13 12  33.24
 3 0 1901 07 10    8 57 48    4.85    8 58 12  32.80
 3 0 1901 07 15    8 22 12  210.23    8 22  0  32.57
 3 0 1901 07 20    9 11  6   58.46    9 11 42  32.55
 3 0 1901 07 21    8 21 30   99.18    8 21 30  33.00
 3 0 1901 07 23    8 27 48  181.22    8 28 24  32.80
 3 0 1901 08  2    8 13 36  234.04    8 14  0  32.28
 3 0 1901 08  7    8 16 54   80.42    8 17  6  32.78
 3 0 1901 08  8    8  2  6  123.05    8  2  0  32.55
 3 0 1901 08  9    7 59 48  162.55    7 59 30  32.45
 3 0 1901 08 17    7 56 12  132.54    7 56 24  31.93
 3 0 1901 08 18    8 36 12  175.53    8 36 24  31.93
 3 0 1901 08 19    7 42  0  215.22    7 42  0  32.19
 3 0 1901 08 20    7 40 54  257.59    7 41 12  31.84
 3 0 1901 09  4    7 18 48  157.57    7 19 12  31.17
 3 0 1901 09  6    7 20 18  239.90    7 20 18  31.40
 3 0 1902 04 30   14 41 15  288.77   14 41 30  32.89
 3 0 1902 05  1   14 32 45  330.18   14 33  0  33.21
 3 0 1902 05  4   14 29 45   94.03   14 30  0  32.94
 3 0 1902 05  5   14 26 52  135.66   99 99 99  99.99
 3 0 1902 05  6   14 28  0  177.33   14 28  0  32.95
 3 0 1902 05  8   14 32 12  258.42   14 32 15  32.82
 3 0 1902 05  9   14  7  0  299.64   14  7  0  32.46
 3 0 1902 05 11   14 21 54   24.30   14 22  0  33.12
 3 0 1902 05 15   14  2 24  189.06   14  2 15  32.57
 3 0 1902 05 28   13 18  8    4.74   13 18  0  32.73
 3 0 1902 05 29   13  9  3   46.53   13  9  0  33.89
 3 0 1902 05 30   13 17  0   88.67   13 17 30  33.70
 3 0 1902 05 31   13 23 30  127.82   13 23 30  33.53
 3 0 1902 06  1   13  8  0  169.82   13  8  0  32.77
 3 0 1902 06  2   13  4 30  211.98   13  7  0  33.05
 3 0 1902 06  4   13  6 45  293.36   13  7 15  33.02
 3 0 1902 06  5   13  5  0  334.25   13  5  0  33.07
 3 0 1902 06  7   13 16 30   59.01   13 17  0  33.63
 3 0 1902 06  8   12 55  0   99.45   12 55  0  33.16
 3 0 1902 06  9   12 42 52  141.50   12 43  0  32.81
 3 0 1902 06 10   12 37 26  181.38   12 37 30  33.17
 3 0 1902 06 11   12 37 45  222.49   12 38  0  33.29
 3 0 1902 06 17   11 58 30  109.56   11 58 30  33.10
 3 0 1902 06 24   11 25  0   40.26   11 25  0  32.56
 3 0 1902 07  2   10 19  8   41.23   10 20  0  32.25
 3 0 1902 07 11    9 47 30   18.75    9 47 45  32.70
 3 0 1902 07 12    9 52  0   60.94    9 52  0  33.30
 3 0 1902 07 13    9 53 45  101.53    9 54  0  33.31
 3 0 1902 07 14    9 46 30  140.56    9 46 45  33.06
 3 0 1902 07 22    9 26  0  111.83    9 26  0  33.04
 3 0 1902 07 31    8 19  0  123.83    8 19  0  32.58
 3 0 1902 08  2    8 16 15  205.64    8 16  0  32.25
 3 0 1902 08  3    8 30 15  246.29    8 30  0  32.52
 3 0 1902 08  4    8 12 30  286.86    8 12 30  32.85
 3 0 1902 08  7    8  2 30   51.91    8  2 45  32.96
 3 0 1902 08  8    8 17 30   94.81    8 17 45  32.71
 3 0 1902 08 20    8 22 38  229.72    8 23  0  32.11
 3 0 1902 08 21    7 37  0  269.88    7 37  0  32.21
 3 0 1902 08 22    7 54 22  310.75    7 54  0  32.53
 3 0 1902 08 23    7 52 15  353.62    7 54  0  32.41
 3 0 1902 08 24    7 35  0   32.78    7 35  0  31.89
 3 0 1902 08 25    8  3 52   74.83    8  4  0  32.00
 3 0 1902 08 28    7 35 30  201.52    7 35 15  31.93
 3 0 1902 08 30    7 31 22  284.29    7 31 45  32.20
 3 0 1902 08 31    7 31  0  321.58    7 31  0  31.96
 3 0 1902 09  1    7 31  0    7.21    7 31  0  32.06
 3 0 1903 04 28   15 33 16  181.78   15 34  6  30.48
 3 0 1903 04 29   15 46  6  219.86   15 46 51  30.99
 3 0 1903 05 28   14  4  2  337.33   14  2 53  32.34
 3 0 1903 06  3   13  0 13  228.58   13  2 18  31.60
 3 0 1903 06 20   12  7  0  204.69   12  7 27  32.78
 3 0 1903 06 21   11 52 22  246.66   11 52 57  33.07
 3 0 1903 06 30   10 58 28  256.26   10 58 24  32.70
 3 0 1903 07 19    9 43 20  320.36    9 43  3  31.83
 3 0 1903 07 21    9 13 59   43.62    9 14 43  32.45
 3 0 1903 07 24    9  2 49  166.74    9  3 19  31.59
 3 0 1903 07 24   14 39 31  186.52   14 40 40  32.60
 3 0 1904 06  3   12 20 24  235.28   12 19 35  32.13
 3 0 1904 06  8   14  1 13   85.46   14  1 30  32.74
 3 0 1904 06 13   12 47 17  290.05   12 47 55  32.29
 3 0 1904 06 14   13  7 17  333.49   13  6 52  32.20
 3 0 1904 06 15   12 55 20   14.39   12 55 21  33.09
 3 0 1904 06 17   12 46 10   94.95   12 45 31  32.49
 3 0 1904 06 22   12 38 18  301.85   12 38 24  32.26
 3 0 1904 06 23   12 34 42  344.92   12 34  8  32.32
 3 0 1904 07  3   11 35 43   35.92   11 35 10  32.84
 3 0 1904 07  4   11 14 18   75.23   11 13 55  33.09
 3 0 1904 07 11   10 43 18    6.49   10 43  2  32.51
 3 0 1904 07 13   10 29 35   87.02   10 28 59  32.69
 3 0 1904 07 20    9 58 22   16.00    9 59 48  33.23
 3 0 1904 07 31    9 47 44   109.95   9 48 31  32.23
 3 0 1904 08  2    8 40 36   192.08   8 46 37  32.55
 3 0 1904 08  3    8 26 17   232.81   8 27  2  32.22
 3 0 1904 08 12    8 19 56   243.84   8 20 40  32.19
 3 0 1904 08 28    7 52 21   185 18   7 51 18  31.08
 3 0 1904 09  4    7 40 11   113.67   7 41  2  31.02
 3 0 1905 06  1   11 46  4   124.41  11 46 24  31.14
 3 0 1905 06  3   12 29  7   205.39  12 39 22  32.30
 3 0 1905 06 28   12 11 54   162.97  12 20 47  33.18
 3 0 1905 06 30   11 50 16   242.56  12  0 21  32.65
 3 0 1905 07  7   10 52 38   172.59  10 58 51  31.98
 3 0 1905 07 25   10 57 26   197.91  11  5 35  32.73
 3 0 1905 07 26   10 59  0   235.84  11 24 29  32.60
 3 0 1906 06 25   13 10 21    11.15  13 10 37  32.28
 3 0 1906 07 13   11 45 31    31.39  11 45 16  32.57
 3 0 1906 07 19   10 35 27   278.24  10 36 18  30.62
 3 0 1907 05 11   15 35 28   283.76  15 35  0  28.71
 3 0 1907 05 12   15 27 18   330.10  15 27 18  31.02
 3 0 1907 05 13   15 31 17     8.93  15 30 50  32.38
 3 0 1907 05 14   15 12 12    45.65  15 11 50  31.31
 3 0 1907 05 20   15 20 33   298.30  15 21 46  29.31
 3 0 1907 05 21   15  3 23   340.85  15  4 35  31.92
 3 0 1907 06  6   13 47 31   274.67  13 46 49  29.30
 3 0 1907 06  8   13 13 56     0.43  13 13 59  31.91
 3 0 1907 06 15   12 55 25   288.66  12 55 10  28.83
 3 0 1907 06 16   12 51 25   332.77  12 51 31  31.37
 3 0 1907 06 17   14  6 29    13.54  14  6 45  33.18
 3 0 1907 06 19   14 12 45    94.18  14 12 58  29.51
 3 0 1907 06 30   12 35 12     8.91  12 35  5  32.69
 3 0 1907 07  3   11 42 42   313.30  11 42 41  30.27
 3 0 1907 07  4   12 38 45   356.37  12 38 54  32.68
 3 0 1907 07 14   12 57 10    45.78  12 56 50  31.61
 3 0 1907 07 16   11 26 28   130.34  11 27 13  30.17
 3 0 1907 07 27    9 17 54   218.38   9 18 12  32.11
 3 0 1907 07 30    9 31 11   346.24   9 30 58  31.38
 3 0 1907 07 31    9 12 46    24.49   9 12 17  32.15
 3 0 1907 08  7   11 37 42   321.82  11 49 39  30.62
 3 0 1907 08 11    9 35 26   121 33   9 36 21  29.46
 3 0 1907 08 12    9  9 28   163.79   9  9 10  31.46
 4 0 1900 04 25   15  8 30   140.03  15  8 48  45.80
 4 0 1900 04 26   14 32 42   166.40  14 34 12  44.71
 4 0 1900 05  5   15 10 24    47.98  15 11  0  44.42
 4 0 1900 05  9   15 30 42   155.43  15 30 42  44.69
 4 0 1900 05 17   13 23 48     6.68  13 24  0  43.88
 4 0 1900 05 20   12 31 48    86.03  12 32  0  44.93
 4 0 1900 05 21   13 27 30   114.50  13 28  0  44.79
 4 0 1900 05 30   11 25 48   351.81  11 26 30  44.84
 4 0 1900 06  1   10 41  0    45.28  10 41  0  44.92
 4 0 1900 06  4   11 30 12   126.59  11 30 30  45.31
 4 0 1900 06  5   11 47 48   153.40  11 48 12  44.63
 4 0 1900 06  6   12  2 12   180.23  12  2 30  44.49
 4 0 1900 06  7   12  9  0   207.51  12  9  0  44.12
 4 0 1900 06  8   12  1  6   233.22  12  1 12  43.45
 4 0 1900 06 19    9 29 30   165.16   9 28 48  44.37
 4 0 1900 06 20   10 37 24   192.59  10 37 12  44.12
 4 0 1900 06 23   11 15 30   274.46  11 15 48  44.36
 4 0 1900 06 30    9 47 24   100.48   9 48  0  44.72
 4 0 1900 07  1    9 56 12   127.27   9 57  0  44.44
 4 0 1900 07  2    9 32 24   153.12   9 32 30  44.81
 4 0 1900 07 15    9 21 48   140.81   9 22 12  44.60
 4 0 1900 07 16    9 27  0   167.09   9 27 12  43.66
 4 0 1900 07 17    9 29 30   194.76   9 29 48  43.79
 4 0 1900 07 27    8 46 48   101.36   8 47  0  43.90
 4 0 1900 07 28    8 42  0   127.96   8 42 12  44.17
 4 0 1900 07 30    8 35  0   180.93   8 35  0  43.50
 4 0 1900 07 31    8 29 24   207.55   8 29  0  43.40
 4 0 1900 08 15    8  4 12   247.74   8  5  0  42.62
 4 0 1900 08 18    8  8 24   327.01   8  8 42  42.71
 4 0 1900 08 19    8  0 42   354.98   8  1  0  43.08
 4 0 1900 08 25    7 48 48   156.54   7 48 42  42.95
 4 0 1900 08 30    7 51  0   288.83   7 51 42  41.49
 4 0 1900 08 31    7 50 36   314.27   7 51  0  42.25
 4 0 1901 04 11   15 38  6   165.05  15 38  6  43.21
 4 0 1901 04 16   15 45  0   297.45  15 45  0  43.66
 4 0 1901 04 17   14 52 30   326.02  14 57 48  45.87
 4 0 1901 04 26   14 34  0   204.78  14 34  0  43.93
 4 0 1901 04 27   14 40 12   232.14  14 40 54  43.80
 4 0 1901 04 28   14 40  0   258.37  14 40 12  43.97
 4 0 1901 04 29   14  9 18   283.54  14 10  0  44.06
 4 0 1901 05 13   12 59 12   297.64  12 59 12  43.92
 4 0 1901 05 14   13  0 48   324.28  13  0 12  44.02
 4 0 1901 05 15   12 35 42   351.08  12 35 36  44.31
 4 0 1901 05 16   12 40 12    17.59  12 40 12  44.31
 4 0 1901 05 22   12 43 18   178.99  12 42 48  44.26
 4 0 1901 05 23   12 29 24   205.33  12 29 12  44.70
 4 0 1901 05 28   11 49 18   337.53  11 49 30  44.26
 4 0 1901 06  3   10 54 30   137.27  10 55  0  44.20
 4 0 1901 06  4   11 33 12   164.83  11 32 48  43.78
 4 0 1901 06  9   10 30 12   295.25  10 30 12  44.24
 4 0 1901 06 10   11 30  0   325.58  11 30  6  44.47
 4 0 1901 06 18   11 23 42   178.81  11 23 48  44.57
 4 0 1901 06 19   11 23 42   206.15  11 23 36  44.22
 4 0 1901 06 23   11 10  6   311.65  11 10  6  44.80
 4 0 1901 06 24   11  1 42   338.94  11  1 42  44.32
 4 0 1901 07  5   10 11 42   272.35  10 11 42  44.02
 4 0 1901 07  9    9 32 48    19.53   9 33  0  43.68
 4 0 1901 07 10    9 14 36    46.65   9 14 42  43.24
 4 0 1901 07 15    8 40 24   177.85   8 40 36  43.87
 4 0 1901 07 20    9 28  0   312.31   9 28  0  44.33
 4 0 1901 07 21    8 40  0   338.85   8 40  0  44.21
 4 0 1901 07 23    8 49  6    32.54   8 49 12  44.03
 4 0 1901 08  2    8 29 42   299.93   8 29 42  43.37
 4 0 1901 08  7    8 31 42    74.33   8 31 30  43.80
 4 0 1901 08  8    8 19 30    99.63   8 19 48  43.74
 4 0 1901 08  9    8 17 12   126.32   8 17 30  43.70
 4 0 1901 08 17    8 11 12   338.94   8 11 18  42.44
 4 0 1901 08 18    8 47 54     7.76   8 48  0  43.62
 4 0 1901 08 19    7 56 48    34.16   7 57  6  42.27
 4 0 1901 08 20    7 56 36    61.20   7 56 54  42.87
 4 0 1901 09  4    7 37 48   101.41   7 38  0  42.24
 4 0 1901 09  6    7 38 30   154.17   7 38 42  42.46
 4 0 1902 04 30   15  1 15   351.07  15  1 24  43.49
 4 0 1902 05  1   14 53 45    17.76  14 53 40  43.23
 4 0 1902 05  4   14 45 15    96.81  14 45  0  44.23
 4 0 1902 05  5   14 41 50   123.35  14 41 30  44.39
 4 0 1902 05  6   14 50  0   151.72  14 50  0  44.77
 4 0 1902 05  8   14 12 45   203.62  14 12 45  43.80
 4 0 1902 05  9   14 25 30   230.30  14 25 45  44.15
 4 0 1902 05 15   14 25 45    32.52  14 25 30  43.24
 4 0 1902 05 28   13 33 30    17.91  13 33 30  44.04
 4 0 1902 05 29   13 25 48    46.24  13 26  9  44.56
 4 0 1902 05 30   13 39 45    72.26  13 40  0  44.51
 4 0 1902 06  1   13 25  8   124.43  13 25 15  44.06
 4 0 1902 06  4   13 24 30   205.35  13 24 30  44.61
 4 0 1902 06  5   13 23 45   232.75  13 24  0  44.58
 4 0 1902 06  7   13 29 30   285.18  13 30  0  44.46
 4 0 1902 06  8   13 11  0   310.96  13 11  0  44.41
 4 0 1902 06  9   12 59  0   338.41  12 59  0  44.43
 4 0 1902 06 10   12 55 30     4.44  12 55 30  44.43
 4 0 1902 06 11   12 53  8    32.04  12 53 15  44.70
 4 0 1902 06 24   11 35 38    18.10  11 36  0  44.17
 4 0 1902 07  2   10 57 38   231.02  10 58 30  44.35
 4 0 1902 07 11   10  3 40   110.24  10  3 45  44.13
 4 0 1902 07 12   10 12 30   136.37  10 12  0  43.59
 4 0 1902 07 13   10 11 45   164.70  10 12 30  43.96
 4 0 1902 07 14   10  1 15   190.61  10  1  0  43.70
 4 0 1902 07 22    9 43  0    45.93   9 43  0  43.72
 4 0 1902 07 31    8 46 15   284.01   8 47  0  43.78
 4 0 1902 08  2    8 31 30   337.60   8 31 30  43.39
 4 0 1902 08  3    8 47  0     5.49   8 47  0  43.41
 4 0 1902 08  4    8 28 22    31.86   8 28 30  44.22
 4 0 1902 08  7    8 16 15   111.52   8 16  0  43.58
 4 0 1902 08  8    8 33 30   138.64   8 33 30  43.47
 4 0 1902 08 21    7 51  0   125.71   7 51  0  43.71
 4 0 1902 08 22    8  7  0   153.47   8  7  0  42.26
 4 0 1902 08 23    8 10  0   178.93   8 10  0  42.37
 4 0 1902 08 24    7 49  0   205.62   7 49  0  42.83
 4 0 1902 08 25    8 16 30   232.52   8 16 45  42.35
 4 0 1902 08 28    7 51 30   309.87   7 51 30  41.92
 4 0 1902 08 30    7 49 48     5.55   7 50  0  41.95
 4 0 1902 08 31    7 45 22    32.51   7 45 15  44.48
 4 0 1902 09  1    7 47 52    58.54   7 47 45  42.64
 4 0 1903 06  3   13 46 38   216.96  13 48 12  45.33
 4 0 1903 06 20   12 40 26   308.16  12 40 56  43.26
 4 0 1903 06 21   12 24 58   337.19  12 25 29  43.05
 4 0 1903 06 30   11 34 43   215.31  11 36 55  43.52
 4 0 1903 07 21    9 43 52    57.92   9 44 42  42.75
 4 0 1903 07 24    9 32 32   136.11   9 33  6  43.87
 4 0 1906 06 25   13 36 47   224.87  13 36  6  42.96
 4 0 1906 07 13   12 11 51   348.61  12 12 41  43.31
 4 0 1906 07 19   10 51  7   147.70  10 51  9  41.83
 4 3 1901 04 11   15 26 24   126.85  15 26  6  53.67
 4 3 1901 04 16   15 33 36   290.23  15 33 24  75.59
 4 3 1901 04 17   14 39 30   321.81  14 40  0  76.86
 4 3 1901 04 26   14 21 48   251.92  14 22  0  35.55
 4 3 1901 04 27   14 25 24   279.09  14 26 24  27.74
 4 3 1901 04 28   14 27 30   301.74  14 28  0  19.81
 4 3 1901 04 29   13 56  0   308.03  13 56  0  13.63
 4 3 1901 05 13   12 50 24   303.05  12 49 42  77.45
 4 3 1901 05 14   12 49 12   336.03  12 49 24  75.12
 4 3 1901 05 15   12 24  6     8.60  12 24 36  71.80
 4 3 1901 05 16   12 29  6    41.67  12 29 24  68.09
 4 3 1901 05 17   12 19 48    73.43  12 23  0  62.24
 4 3 1901 05 22   12 32 12   226.45  12 32  0  25.28
 4 3 1901 05 23   12 19 12   245.16  12 19 30  17.07
 4 3 1901 05 28   11 40  0   289.75  11 40  0  36.23
 4 3 1901 06  4   11 24 24   153.55  11 24 24  75.69
 4 3 1901 06  9   10 20 12   316.84  10 19 48  72.13
 4 3 1901 06 10   11 21 30   351.07  11 21 30  61.61
 4 3 1901 06 18   11 15 24   180.61  11 15 12  11.61
 4 3 1901 06 19   11 14 48   173.81  11 14 48  14.91
 4 3 1901 06 23   11  1 18   269.13  11  1 30  47.10
 4 3 1901 06 24   10 53 12   301.22  10 53  0  54.17
 4 3 1901 07  5   10  3 24   300.28  10  3 30  64.83
 4 3 1901 07  9    9 23  0    66.03   9 23  0  37.11
 4 3 1901 07 10    9  5 54    94.00   9  6 18  28.75
 4 3 1901 07 15    8 32  6   131.42   8 32  6  24.53
 4 3 1901 07 20    9 19 42   281.81   9 19 48  61.73
 4 3 1901 07 21    8 29 48   313.30   8 29 54  67.38
 4 3 1901 07 23    8 39 42    19.53   8 39 48  74.07
 4 3 1901 08  2    8 22 18   344.18   8 22 18  41.84
 4 3 1901 08  7    8 23 36    51.40   8 23 42  12.63
 4 3 1901 08  8    8 11 12    58.76   8 11 30  18.81
 4 3 1901 08  9    8  8 42    77.54   8  9  0  26.20
 4 3 1901 08 17    8  3 24   328.96   8  3 30  74.26
 4 3 1901 08 18    8 41 48     2.70   8 42  0  74.65
 4 3 1901 08 19    7 49 48    34.98   7 49 54  73.43
 4 3 1901 08 20    7 48 54    67.82   7 48 48  73.56
 4 3 1901 09  4    7 28 48    54.08   7 28 48  35.73
 4 3 1901 09  6    7 30  0   115.63   7 30 18  50.53
 4 3 1902 04 30   14 52 12    36.76  14 52 33  39.88
 4 3 1902 05  1   14 43 27    64.90  14 43 30  31.01
 4 3 1902 05  4   14 37 15    99.94  14 38  0  10.99
 4 3 1902 05  5   14 34 30    93.67  14 34 15  14.52
 4 3 1902 05  6   14 42 22    97.77  14 42  0  20.66
 4 3 1902 05  8   14 23 40   156.42  14 23 30  37.23
 4 3 1902 05  9   14 16  0   187.43  14 16 30  44.81
 4 3 1902 05 11   14 35 42   250.78  14 35  0  59.94
 4 3 1902 05 15   14 14  7    21.48  14 16  0  76.70
 4 3 1902 05 28   13 26 36    46.89  13 27  0  14.27
 4 3 1902 05 29   13 17  0    42.32  13 17  0  11.34
 4 3 1902 05 30   13 28 30    29.68  13 28 30  17.44
 4 3 1902 06  1   13 17 30   256.06  13 17 30  31.77
 4 3 1902 06  4   13 15 54   167.88  13 16 30  54.38
 4 3 1902 06  5   13 14 30   200.98  13 14 30  60.70
 4 3 1902 06  7   13 23 45   265.82  13 23 30  72.30
 4 3 1902 06  8   13  2 30   297.72  13  2 15  74.89
 4 3 1902 06  9   12 50 52   330.99  12 51  0  76.20
 4 3 1902 06 10   12 48 15     3.76  12 48 15  77.16
 4 3 1902 06 11   12 46 22   216.80  12 46 15  77.38
 4 3 1902 06 24   11 30  0   335.97  11 30  0  18.24
 4 3 1902 07  2   10 38 45   228.36  10 39 30  77.16
 4 3 1902 07 11    9 55 55   146.55   9 55 30  55.98
 4 3 1902 07 12   10  1 30   180.40  10  1  0  48.00
 4 3 1902 07 13   10  2 30   210.70  10  2 30  41.59
 4 3 1902 07 14    9 54 46   239.51   9 55  0  32.23
 4 3 1902 07 22    9 34 30     2.16   9 34 30  44.66
 4 3 1902 07 31    8 37 30   292.62   8 37 30  75.40
 4 3 1902 08  2    8 23 45   357.20   8 24  0  69.12
 4 3 1902 08  3    8 39  0    31.60   8 39  0  64.97
 4 3 1902 08  4    8 20 30    62.97   8 21  0  59.69
 4 3 1902 08  7    8  9  0   157.76   8  9  0  38.76
 4 3 1902 08  8    8 25 30   187.29   8 25 30  29.46
 4 3 1902 08 21    7 44  0   110.96   7 44  0  72.04
 4 3 1902 08 22    8  0 22   143.64   8  0  0  72.74
 4 3 1902 08 23    8  3  0   177.09   8  3  0  74.52
 4 3 1902 08 24    7 42  0   210.38   7 42  0  73.94
 4 3 1902 08 25    8 11  0   243.10   8 11  0  72.82
 4 3 1902 08 28    7 43 15   339.85   7 43 30  62.17
 4 3 1902 08 30    7 44 30    44.56   7 45  0  49.57
 4 3 1902 08 31    7 38 22    77.13   7 38 30  43.41
 4 3 1902 09  1    7 41  0   104.19   7 41  0  35.12
 4 3 1903 04 28   15 54 24   345.97  15 54 47  73.36
 4 3 1903 04 29   15 57 17    17.58  16  3 43  70.89
 4 3 1903 05 28   14 30 34    96.68  14 30 54  49.07
 4 3 1903 06  3   13 23 56   192.88  13 24 30  11.41
 4 3 1903 06 20   12 22 57   341.32  12 22 58  60.70
 4 3 1903 06 21   12  8 15    13.98  12  8  8  55.12
 4 3 1903 06 30   11 15  8   168.82  11 15 23  28.59
 4 3 1903 07 19    9 59 34    51.71   9 59 34  29.66
 4 3 1903 07 21    9 29 53    86.45   9 30  6  14.22
 4 3 1903 07 24    9 18 11    89.02   9 19 10  22.17
 4 3 1904 06  3   12 49 28   329.86  12 49 42  29.84
 4 3 1904 06 13   13 10 56   157.07  13 10 30  58.25
 4 3 1904 06 14   13 32 29   190.19  13 32 14  65.39
 4 3 1904 06 15   13 23 55   222.18  13 23  4  70.27
 4 3 1904 06 17   13  8 14   286.60  13  8  0  74.07
 4 3 1904 06 22   13  3 55    91.11  13  3 38  67.38
 4 3 1904 07  3   12  2 25   314.52  12  2  2  24.02
 4 3 1904 07 11   11 14 12   203.65  11 14 23  74.30
 4 3 1904 07 13   10 44 40   267.85  11 44 55  75.64
 4 3 1904 07 20   10 15 43   136.30  10 15 26  48.04
 4 3 1904 07 31   10 14 40   350.40  10 15  2  50.13
 4 3 1904 08  3    8 38 19    84.13   8 38 45  66.21
 4 3 1904 08 12    8 34 50    20.88   8 35 10  60.17
 4 3 1904 08 28    8 10 55    35.19   8 10 49  67.96
 4 3 1904 09  4    7 53  6   264.30   7 53 40  65.93
 4 3 1905 06  1   12  2 48   280.25  12  9 53  70.51
 4 3 1905 06  3   13  0 41   349.36  13 17 33  63.37
 4 3 1905 06 28   12 30 42   298.34  12 40 54  58.70
 4 3 1905 06 30   12 12  5     3.55  12 24 40  48.57
 4 3 1905 07  7   11  9  8   101.89  11 19 54  19.41
 4 3 1905 07 25   11 14 11   311.58  11 24 52  43.39
 4 3 1905 07 26   11 34  6   344.00  11 42  7  37.02
 4 3 1907 05 11   15  1 54   128.88  15  1 47  63.06
 4 3 1907 05 12   14 57 45   162.36  14 58 20  70.91
 4 3 1907 05 13   14 45 24   192.10  14 45  6  75.37
 4 3 1907 05 14   14 41 55   221.81  14 42 16  72.73
 4 3 1907 05 20   14 43  5    58.60  14 43 56  49.32
 4 3 1907 05 21   14 33 53    90.96  14 34 48  40.47
 4 3 1907 06  6   13  5 40   107.46  13  5 50  67.36
 4 3 1907 06  8   12 39 43   175.55  12 39  0  75.34
 4 3 1907 06 15   12 23 48   219.13  12 24 20  43.20
 4 3 1907 06 16   12 21 12    68.12  12 21  2  33.79
 4 3 1907 06 17   13 35 23   100.09  13 35 45  24.44
 4 3 1907 06 19   13 51 44   132.72  13 51 25  10.62
 4 3 1907 06 30   12 12 16   204.12  12 12 18  72.84
 4 3 1907 07  3   11  1 48   123.49  11  1 50  69.11
 4 3 1907 07  4   12 26 47   160.02  12 26 40  71.08
 4 3 1907 07 14   11 42 36    63.03  11 42 12  11.02
 4 3 1907 07 16   11 10 12    57.74  11 10 49  18.14
 4 3 1907 07 27    9  0 54    35.76   9  0 39  75.06
 4 3 1907 07 30    9 15  7   139.24   9 15  2  64.60
 4 3 1907 07 31    8 56 21   171.34   8 56 56  64.35
 4 3 1907 08  7   11 14 57     9.03  11 15  8  14.32
 4 3 1907 08 11    9  7 12    28.76   9  6 31  28.81
 4 3 1907 08 12    8 50 59    53.17   8 50 40  35.25

