1947  1  9 22 33     4  175.8
1948  3 27 20 41     4  215.6
1947  1  9 22 10     3   24.1
1948  3 24 19 45     3  195.0
1947  1 13 22 48     2  255.8
1947  1 22 18 28     2  210.1
1948  3 22 20 26     2    6.0
1947  1  9 21 49     1  347.5
1947  1 13 21 32     1  139.3
1947  1 17 20 56     1  295.5
1947  1 22 17 54     1  310.9
1947  1 23 20 50     1  161.8
1947  1 26 22 00     1   83.6
1947  3 24 21 14     1  227.9
1947 11 23 21 54     1  293.6
1947 12 29 20 50     1  198.4
1947 12 30 20 48     1   53.0
1948  1 14 20 51     1   73.0
1948  1 19 20 39     1   79.0
1948  1 31 20 13     1  166.5
1948  2  2 21 18     1  232.3
1948  2  3 20 47     1   96.0
1948  2  9 20 23     1  316.7
1948  2 10 20 48     1  174.5
1948  3  1 20 45     1  196.6
1948  3 20 20 20     1   11.1
1948  3 25 20 11     1   17.1
1948  3 30 20 21     1   23.8
1948  4  6 20 10     1  102.3
1948  4  8 20 27     1  172.9
