 4 2003 07 20.61678     22 17 21.794  -11  27  36.27
 4 2003 07 20.62042     22 17 21.770  -11  27  36.43
 4 2003 07 20.62406     22 17 21.745  -11  27  36.54
 4 2003 07 20.62850     22 17 21.712  -11  27  36.70
 4 2003 07 20.63214     22 17 21.690  -11  27  36.85
 4 2003 07 20.63578     22 17 21.657  -11  27  37.01
 3 2003 07 20.61678     22 17 23.258  -11  28  36.31
 3 2003 07 20.62042     22 17 23.235  -11  28  36.61
 3 2003 07 20.62406     22 17 23.208  -11  28  36.75
 3 2003 07 20.62850     22 17 23.182  -11  28  37.07
 3 2003 07 20.63214     22 17 23.146  -11  28  37.23
 3 2003 07 20.63578     22 17 23.123  -11  28  37.51
