 4 1872  1 13  8 20    324.9   -99.99
 4 1872  1 15  8 14    259.0   -99.99
 4 1872  1 18  8 15    179.3   -99.99
 4 1872  1 19  8 26    161.9   -99.99
 4 1872  2  3  8 16    122.5   -99.99
 4 1872  2  5  8  9     53.4   -99.99
 4 1872  2  6  8 17     30.3   -99.99
 4 1872  2  7  8 23      4.8   -99.99
 4 1872  2 10  8 24    294.3   -99.99
 4 1872  2 12  8 19    226.4   -99.99
 4 1872  3  2  8 19     89.9   -99.99
 4 1873  1 16  8 40    174.3   -99.99
 4 1873  1 16  8 48    999.99   44.93
 4 1873  2  6  8 42    343.0    43.81
 4 1873  2 19  8 35    350.0   -99.99
 4 1873  2 19  8 32    999.99   41.98
 4 1873  2 20  8 44    325.5    36.16
 4 1874  1 16  8 56    144.6    35.49
 4 1874  1 20  9  3     18.4    43.47
 4 1874  2  3  8 46      9.8    44.70
 4 1874  2  4  8 49    352.8    44.80
 4 1874  2 18  9  4    340.7    40.83
 4 1874  2 21  9  3    235.9   -99.99
 4 1874  2 21  9  5    999.99   36.47
 4 1874  3  7  9  4    221.9   -99.99
 4 1874  3  7  9  2    999.99   35.03
 4 1874  3 18  8 57    316.3    34.55
 3 1872  1 13  8 26     39.2   -99.99
 3 1872  1 15  8 16    334.6   -99.99
 3 1872  1 18  8 12    191.2   -99.99
 3 1872  1 19  8 26    165.4   -99.99
 3 1872  2  3  8 21    257.6   -99.99
 3 1872  2  5  8  9    176.8   -99.99
 3 1872  2  6  8 20    139.6   -99.99
 3 1874  2  7  8 21     97.9   -99.99
 3 1874  2 10  8 24    339.1   -99.99
 3 1874  2 12  8 14    245.0   -99.99
 3 1874  3  2  8 16    184.1   -99.99
 3 1873  1 16  8 40    272.6   -99.99
 3 1873  1 16  8 47    999.99   22.64
 3 1873  2  6  8 42    138.1   -99.99
 3 1873  2  6  8 43    999.99   25.55
 3 1873  2 19  8 36    318.8    29.12
 3 1873  2 20  8 47    263.5    18.35
 3 1874  1 16  8 59    309.9    24.29
 3 1874  1 20  9 10    148.8    25.69
 3 1874  2  3  8 46    278.4    20.90
 3 1874  2  4  8 52    217.4    25.17
 3 1874  2 18  9  2     12.9    31.58
 3 1874  2 21  8 55    239.4    29.11
 3 1874  3  7  8 59     25.6    31.68
 3 1874  3 18  8 55    314.6    24.87
 2 1872  2  6  8 32    302.9   -99.99
 2 1873  2 19  8 46    176.5    17.82
 1 1872  2  6  8 28    217.3   -99.99
 1 1873  1 16  8 40    197.6   -99.99
 1 1873  1 16  8 46    999.99   15.38
