 4 3  1907  5 11 15  1 54  128.88   -99.99
 4 3  1907  5 11 15  1 47  999.99    63.06
 4 3  1907  5 12 14 57 45  162.36   -99.99
 4 3  1907  5 12 14 58 20  999.99    70.91
 4 3  1907  5 13 14 45 24  192.10   -99.99
 4 3  1907  5 13 14 45  6  999.99    75.37
 4 3  1907  5 14 14 41 55  221.81   -99.99
 4 3  1907  5 14 14 42 16  999.99    72.73
 4 3  1907  5 20 14 43  5   58.60   -99.99
 4 3  1907  5 20 14 43 56  999.99    49.32
 4 3  1907  5 21 14 33 53   90.96   -99.99
 4 3  1907  5 21 14 34 48  999.99    40.47
 4 3  1907  6  6 13  5 40  107.46   -99.99
 4 3  1907  6  6 13  5 50  999.99    67.36
 4 3  1907  6  8 12 39 43  175.55   -99.99
 4 3  1907  6  8 12 39  0  999.99    75.34
 4 3  1907  6 15 12 23 48  219.13   -99.99
 4 3  1907  6 15 12 24 20  999.99    43.20
 4 3  1907  6 16 12 21 12   68.12   -99.99
 4 3  1907  6 16 12 21  2  999.99    33.79
 4 3  1907  6 17 13 35 23  100.09   -99.99
 4 3  1907  6 17 13 35 45  999.99    24.44
 4 3  1907  6 19 13 51 44  132.72   -99.99
 4 3  1907  6 19 13 51 25  999.99    10.62
 4 3  1907  6 30 12 12 16  204.12   -99.99
 4 3  1907  6 30 12 12 18  999.99    72.84
 4 3  1907  7  3 11  1 48  123.49   -99.99
 4 3  1907  7  3 11  1 50  999.99    69.11
 4 3  1907  7  4 12 26 47  160.02   -99.99
 4 3  1907  7  4 12 26 40  999.99    71.08
 4 3  1907  7 14 11 42 36   63.03   -99.99
 4 3  1907  7 14 11 42 12  999.99    11.02
 4 3  1907  7 16 11 10 12   57.74   -99.99
 4 3  1907  7 16 11 10 49  999.99    18.14
 4 3  1907  7 27  9  0 54   35.76   -99.99
 4 3  1907  7 27  9  0 39  999.99    75.06
 4 3  1907  7 30  9 15  7  139.24   -99.99
 4 3  1907  7 30  9 15  2  999.99    64.60
 4 3  1907  7 31  8 56 21  171.34   -99.99
 4 3  1907  7 31  8 56 56  999.99    64.35
 4 3  1907  8  7 11 14 57    9.03   -99.99
 4 3  1907  8  7 11 15  8  999.99    14.32
 4 3  1907  8 11  9  7 12   28.76   -99.99
 4 3  1907  8 11  9  6 31  999.99    28.81
 4 3  1907  8 12  8 50 59   53.17   -99.99
 4 3  1907  8 12  8 50 40  999.99    35.25
 3 0  1907  5 11 15 35 28  283.76   -99.99
 3 0  1907  5 11 15 35  0  999.99    28.71
 3 0  1907  5 12 15 27 18  330.10   -99.99
 3 0  1907  5 12 15 27 18  999.99    31.02
 3 0  1907  5 13 15 31 17    8.93   -99.99
 3 0  1907  5 13 15 30 50  999.99    32.38
 3 0  1907  5 14 15 12 12   45.65   -99.99
 3 0  1907  5 14 15 11 50  999.99    31.31
 3 0  1907  5 20 15 20 33  298.30   -99.99
 3 0  1907  5 20 15 21 46  999.99    29.31
 3 0  1907  5 21 15  3 23  340.85   -99.99
 3 0  1907  5 21 15  4 35  999.99    31.92
 3 0  1907  6  6 13 47 31  274.67   -99.99
 3 0  1907  6  6 13 46 49  999.99    29.30
 3 0  1907  6  8 13 13 56    0.43   -99.99
 3 0  1907  6  8 13 13 59  999.99    31.91
 3 0  1907  6 15 12 55 25  288.66   -99.99
 3 0  1907  6 15 12 55 10  999.99    28.83
 3 0  1907  6 16 12 51 25  332.77   -99.99
 3 0  1907  6 16 12 51 31  999.99    31.37
 3 0  1907  6 17 14  6 29   13.54   -99.99
 3 0  1907  6 17 14  6 45  999.99    33.18
 3 0  1907  6 19 14 12 45   94.18   -99.99
 3 0  1907  6 19 14 12 58  999.99    29.51
 3 0  1907  6 30 12 35 12    8.91   -99.99
 3 0  1907  6 30 12 35  5  999.99    32.69
 3 0  1907  7  3 11 42 42  313.30   -99.99
 3 0  1907  7  3 11 42 41  999.99    30.27
 3 0  1907  7  4 12 38 45  356.37   -99.99
 3 0  1907  7  4 12 38 54  999.99    32.68
 3 0  1907  7 14 12 57 10   45.78   -99.99
 3 0  1907  7 14 12 56 50  999.99    31.61
 3 0  1907  7 16 11 26 28  130.34   -99.99
 3 0  1907  7 16 11 27 13  999.99    30.17
 3 0  1907  7 27  9 17 54  218.58   -99.99
 3 0  1907  7 27  9 18 12  999.99    32.11
 3 0  1907  7 30  9 31 11  346.24   -99.99
 3 0  1907  7 30  9 30 58  999.99    31.38
 3 0  1907  7 31  9 12 46   24.49   -99.99
 3 0  1907  7 31  9 12 17  999.99    32.15
 3 0  1907  8  7 11 37 42  321.82   -99.99
 3 0  1907  8  7 11 49 39  999.99    30.62
 3 0  1907  8 11  9 35 26  121.33   -99.99
 3 0  1907  8 11  9 36 21  999.99    29.46
 3 0  1907  8 12  9  9 28  163.79   -99.99
 3 0  1907  8 12  9  9 10  999.99    31.46
