 1 1884  3 17  11 21 03  13.94  11 35 13  187.2
 1 1884  3 21  12  1 29  13.74  99 99 99  999.9
 1 1884  4 23   8 55 49  12.65   9  9 19   18.1
 1 1884  4 25  11 36 40  12.15  11 50 35    9.0
 1 1884  4 28   9 20 42  14.04   9 33 48   20.9
 1 1884  5 23   9 39 59  14.49   9 52 49   15.7
 1 1884  5 28  10 17 51  15.34  10 29 34   13.2
 2 1884  3  5  11 45 36  20.74  12  0 35  197.5
 2 1884  3 20  10  9 33  18.03  10 25 25   17.9
 2 1884  3 24   9 10 49  20.59   9 25 55   16.4
 2 1884  4  1  11 47 20  20.98  11 57  1   14.2
 2 1884  4 28  10 12 35  17.45  10 31  5  194.3
 2 1884  5 17   9 35 33  19.54   9 49 56   18.7
 3 1883  1 30  13 27  0  26.30  13 37  0  186.6
 3 1883  2  5  12  6  0  32.00  12 17  0   17.7
 3 1883  2  9  11 45  0  35.10  11 57  0  197.8
 3 1883  2 13  12 29  0  35.60  12 35  0   11.5
 3 1883  4 10   9 40  9  34.90   9 52  0  195.4
 3 1883  4 16   9 51 19  28.90   9 57 14   19.2
 3 1883  4 25   9  2 29  25.70   9 37 23   21.4
 3 1883  5 15   9 10 43  30.10   9 27 44  197.0
 3 1883  5 28  10 34 57  28.00  10 45 20   15.1
 3 1884  2 15  11 23 56  25.10  11 37 11   27.2
 3 1884  2 23  11 29  4  33.30  11 40 28   19.2 
 3 1884  3 15  11 17 21  33.32  11 31 44  191.5
 3 1884  3 17  11 59 32  13.35  12 15 56  218.7
 3 1884  3 18  11 37 55  13.10  11 51 21  351.8
 3 1884  3 20  11 52 16  33.71  12  8 48   19.4
 3 1884  3 24   9 55 47  34.23  10  8 58  194.2
 3 1884  3 28   8 56  1  32.85   9  7 16   12.1
 3 1884  4  1  11 21 49  29.28  11 31 26  189.6
 3 1884  4 19  11 30 14  33.50  11 41 22  192.8
 3 1884  4 24   8 58 50  32.98   9  9 50   17.9
 3 1884  4 25  10 42  7  17.72  10 52 33   32.0
 3 1884  5 12  11 43 48  24.08  11 52 26   24.0
 3 1884  5 14  11  8 41  19.91  11 21 12  184.3
 3 1884  5 16  10 58 41  29.30  11  9 15  198.3
 3 1884  5 20  10 13 15  33.14  10 22 14   17.4
 3 1884  5 21   9 20 43  20.86   9 32 16   24.1
 3 1884  5 23  10 49 36  24.04  11  1 52  189.8
 3 1884  5 28   9 51 24  31.58   9 59  5   13.0
 4 1883  1 30  13  6  0  27.7   13 13  0    5.8
 4 1883  2  2  11 18  0  42.0   11 30  0   18.0
 4 1883  2  9  11 45  0  37.6   11 57  0  199.7
 4 1883  2 16  11 53  0  35.8   11 56  0   18.9
 4 1883  4  9   9 16 50  44.9    9 25 15   14.8
 4 1883  4 10   9 19 35  45.1    9 25 55   16.5
 4 1883  4 11   9 19 39  35.8    9 28  7   18.7
 4 1883  4 12  10 16 34  18.2   10 28 48   28.0
 4 1883  4 16   9 27 54  45.2    9 36 17  194.9
 4 1883  4 25   9  2 29  25.7    9 37 23   21.4
 4 1883  5  7   9 34 26  43.4    9 42 37   17.2
 4 1883  5 28  11  3 56  34.7   11 13 56  195.5
 4 1884  2 15  11 23 56  25.05  11 37 11   27.2
 4 1884  2 20  11 18 58  45.70  11 35 30  197.2
 4 1884  2 25  11 52 14  35.50  12  5 21    6.1
 4 1884  2 27  12  3 54  44.64  12 23 10   18.6
 4 1884  2 29  10 53 54  17.33  11  6 23   38.6
 4 1884  3 13  12  7 36  26.22  12 18 11   29.2
 4 1884  3 15  11 51  0  16.59  12  4 33  169.2
 4 1884  3 17  12 31 27  44.22  12 41 21  192.1
 4 1884  3 18  11  3 57  45.83  11 18 38  196.5
 4 1884  3 20  10 46 21  22.69  10 56 40  213.3
 4 1884  3 24  10 24 58  45.56  10 36  2   13.5 
 3 1884  4 19  11 30 14  33.49  11 41 22  192.8
 4 1884  4 22  11 33 15  33.12  11 43 30   24.8
 4 1884  5  9   9 47 51  33.47   9 58 41  189.2
 4 1884  5 12  11 18 19  34.99  11 29 49  202.6
 4 1884  5 17   9  4 15  44.53   9 16  7   14.4
 4 1884  5 20  10 40  2  16.28  10 52 25   40.7
 4 1884  5 26  10 17 29  26.18  10 32 25  204.5
