 1 1898  4  8  15 33  9   19.7    -99.99
 1 1898  4 22  15 37 44  219.0    -99.99
 1 1898  4 22  15 49 29  999.9     13.88
 1 1898  4 24  14  2 27  135.1    -99.99
 1 1898  4 24  14  9 16  999.9     14.12
 1 1898  5 29  10 58 37   77.6    -99.99
 1 1898  5 29  11  7  1  999.9     13.71
 1 1898  6  4  10 48 57  212.8    -99.99
 1 1898  6  4  10 57 35  999.9     14.50
 1 1898  6  5  11 16 46  358.9    -99.99
 1 1898  6  5  11 23 50  999.9     14.39
 1 1898  6 17  11  8 13  270.9    -99.99
 1 1898  6 17  11 15 29  999.9     14.26
 1 1898  7  3  10 30 10   33.5    -99.99
 1 1898  7  3  10 38 36  999.9     13.71
 2 1898  4  8  16  0  2  218.2    -99.99
 2 1898  4 22  15  0 23  350.6    -99.99
 2 1898  4 22  15 10 21  999.9     19.99
 2 1898  4 24  14 22 32  160.5    -99.99
 2 1898  4 24  14 29 13  999.9     20.37
 2 1898  6  5  10 49 40  197.2    -99.99
 2 1898  6  5  11  1 43  999.9     20.66
 2 1898  6 17  10 52 24  161.1    -99.99
 2 1898  6 17  11  0 21  999.9     20.56
 2 1898  7  3  10 13 46  110.8    -99.99
 2 1898  7  3  10 21 22  999.9     19.29
 2 1898  7 14   8 47 50  340.2    -99.99
 2 1898  7 14   8 56 56  999.9     19.19
 3 1898  3 27  16 45  1   85.8    -99.99
 3 1898  3 27  16 50  1  999.9     31.84
 3 1898  3 27  16 53 39   85.6    -99.99
 3 1898  4  8  15 43 33  218.2    -99.99
 3 1898  4 22  14 26 14   76.7    -99.99
 3 1898  4 22  14 31 38  999.9     31.98
 3 1898  4 24  14 41  0  158.1    -99.99
 3 1898  4 24  14 35 42  999.9     33.62
 3 1898  5 29  11 35 48  162.1    -99.99
 3 1898  5 29  11 43 28  999.9     33.60
 3 1898  6  4  11 15 18   48.0    -99.99
 3 1898  6  4  11 23 43  999.9     32.28
 3 1898  6  5  11 29 28   91.0    -99.99
 3 1898  6  5  11 35 24  999.9     32.70
 3 1898  6 17  11 20 41  225.7    -99.99
 3 1898  6 17  11 27 31  999.9     32.59
 3 1898  7  3  10 57 16  167.8    -99.99
 3 1898  7  3  11  2 32  999.9     33.35
 4 1898  3 27  16 57 29   12.6    -99.99
 4 1898  3 27  17  1 57  999.9     43.20
 4 1898  3 27  17  7 17   12.2    -99.99
 4 1898  4  8  15 51 46  331.3    -99.99
 4 1898  4 22  14 38 12  345.3    -99.99
 4 1898  4 22  14 45 31  999.9     44.05
 4 1898  4 24  14 49 14   38.4    -99.99
 4 1898  4 24  14 56  0  999.9     43.28
 4 1898  5 29  11 20 56  251.2    -99.99
 4 1898  5 29  11 29 19  999.9     43.80
 4 1898  6  4  11 30 28  999.9     42.87
 4 1898  6  4  11 37 34   52.1    -99.99
 4 1898  6  5  11 46 20   80.3    -99.99
 4 1898  6  5  11 53 29  999.9     43.46
 4 1898  6 17  10 40  7   37.9    -99.99
 4 1898  6 17  10 45 44  999.9     43.62
 4 1898  7  3  10 45 26  108.7    -99.99
 4 1898  7  3  10 50 48  999.9     42.91
 1 1899  5 11  12  4 52  327.2    -99.99
 1 1899  5 11  12  6 22  999.9     14.58
 1 1899  5 18  12 47 17  999.9     14.54
 1 1899  5 18  12 47 34  250.9    -99.99
 1 1899  5 19  13  2 56   34.3    -99.99
 1 1899  5 19  13  3  0  999.9     14.22
 1 1899  5 20  13  1  7  178.2    -99.99
 1 1899  5 20  13  1 44  999.9     14.81
 1 1899  5 27  11 23  8  999.9     14.20
 1 1899  5 27  11 23 16   88.4    -99.99
 1 1899  6  3  11 14 20    7.1    -99.99
 1 1899  6  3  11 14 22  999.9     14.67
 1 1899  6 15  11 48 58  284.5    -99.99
 1 1899  6 15  11 48  9  999.9     14.52
 1 1899  6 16  11 58 52   69.6    -99.99
 1 1899  6 16  11 59  0  999.9     13.94
 1 1899  6 22  10 14 14  194.7    -99.99
 1 1899  6 22  10 14 58  999.9     14.67
 1 1899  6 28  10 27 25  334.7    -99.99
 1 1899  6 28  10 27 27  999.9     14.28
 1 1899  6 29  10  7  8  114.2    -99.99
 1 1899  6 29  10  7 38  999.9     14.29
 1 1899  7  7   9 36 21  173.1    -99.99
 1 1899  7  7   9 37 14  999.9     14.44
 1 1899  7  9   9 42 46  999.9     14.38
 1 1899  7  9   9 43  4  100.1    -99.99
 2 1899  5 11  12 31  8  218.1    -99.99
 2 1899  5 11  12 31 17  999.9     20.40
 2 1899  5 18  12 16 11  999.9     19.64
 2 1899  5 18  12 16 20  105.3    -99.99
 2 1899  5 19  12 45 32  999.9     20.12
 2 1899  5 19  12 45 38  193.5    -99.99
 2 1899  5 20  11 53  5  275.3    -99.99
 2 1899  5 20  11 53  7  999.9     20.30
 2 1899  6  2  11 49 13  327.8    -99.99
 2 1899  6  2  11 49 36  999.9     19.56
 2 1899  6  3  11 27  5   53.5    -99.99
 2 1899  6  3  11 27 36  999.9     19.82
 2 1899  6 15  11 25 10  999.9     19.87
 2 1899  6 15  11 25 11   14.7    -99.99
 2 1899  6 16  11 34 57  102.9    -99.99
 2 1899  6 16  11 36  4  999.9     19.82
 2 1899  6 22   9 42 21  999.9     19.82
 2 1899  6 22   9 42 48  253.9    -99.99
 2 1899  6 28  10 46  8   63.3    -99.99
 2 1899  6 28  10 46 13  999.9     19.72
 2 1899  6 29   9 44 45  999.9     20.20
 2 1899  6 29   9 45 24  146.6    -99.99
 2 1899  7  7  10 10 25  122.3    -99.99
 2 1899  7  7  10 11 38  999.9     20.05
 2 1899  7  9   9 14 11  292.1    -99.99
 2 1899  7  9   9 14 25  999.9     20.11
 3 1899  5 11  12 57 18  112.3    -99.99
 3 1899  5 11  12 57 32  999.9     33.06
 3 1899  5 14  12 27  6  233.5    -99.99
 3 1899  5 14  12 27 57  999.9     32.59
 3 1899  5 26  11 41  0  999.9     33.10
 3 1899  5 26  11 41 15    9.1    -99.99
 3 1899  5 27  11 51 39  999.9     33.04
 3 1899  5 27  11 53 20   51.4    -99.99
 3 1899  6  2  12 24 44  300.3    -99.99
 3 1899  6  2  12 25  6  999.9     33.39
 3 1899  6  3  11 49  9  340.2    -99.99
 3 1899  6  3  11 49 15  999.9     33.50
 3 1899  6 15  12 15 26  118.0    -99.99
 3 1899  6 15  12 15 54  999.9     33.40
 3 1899  6 16  12 17 14  158.6    -99.99
 3 1899  6 16  12 17 37  999.9     33.46
 3 1899  6 21  10 56 10  999.9     32.92
 3 1899  6 21  10 56 14    2.2    -99.99
 3 1899  6 28  11 24  1  294.2    -99.99
 3 1899  6 28  11 24 27  999.9     33.11
 3 1899  6 29   9 20 22  331.8    -99.99
 3 1899  6 29   9 20 43  999.9     33.01
 3 1899  7  7  10 30 30  304.5    -99.99
 3 1899  7  7  10 31  0  999.9     32.83
 3 1899  7  9  10 26 59  999.9     32.41
 3 1899  7  9  10 27  3   26.0    -99.99
 4 1899  5 11  13 13 41  171.3    -99.99
 4 1899  5 11  13 13 56  999.9     44.86
 4 1899  5 14  13  2 20  999.9     44.43
 4 1899  5 14  13  2 46  250.8    -99.99
 4 1899  5 20  11 31 33   49.4    -99.99
 4 1899  5 20  11 31 43  999.9     43.79
 4 1899  5 26  12  4 21  211.2    -99.99
 4 1899  5 26  12  4 29  999.9     44.53
 4 1899  6  4  11 14 33   91.1    -99.99
 4 1899  6  4  11 14 43  999.9     44.26
 4 1899  6 15  12 29 54   25.7    -99.99
 4 1899  6 15  12 29 56  999.9     43.68
 4 1899  6 16  12 32 51   53.3    -99.99
 4 1899  6 16  12 33 13  999.9     43.11
 4 1899  6 21  11 21  9  999.9     45.02
 4 1899  6 21  11 21 18  185.7    -99.99
 4 1899  6 28  11 39 30  999.9     43.87
 4 1899  6 28  11 39 46   12.5    -99.99
 4 1899  6 29   9  3 56   37.2    -99.99
 4 1899  6 29   9  4 22  999.9     43.84
 4 1899  7  7  10 53 16  253.0    -99.99
 4 1899  7  7  10 55  6  999.9     42.83
 4 1899  7  9  10  4 15  306.1    -99.99
 4 1899  7  9  10  4 25  999.9     44.14
 4 1899  7 23   8 44 17  318.8    -99.99
 4 1899  7 23   8 44 39  999.9     44.01
 1 1900  5 19  12  1 28  321.8     -9.99
 1 1900  5 19  12  3  1  999.9     13.81
 1 1900  5 25  11 43 15   98.0     -9.99
 1 1900  5 25  11 43 26  999.9     14.47
 1 1900  5 27  11 38 50   22.4     -9.99
 1 1900  5 27  11 38 59  999.9     14.21
 1 1900  6 22  11 26 30  134.4     -9.99
 1 1900  6 22  11 33 51  999.9     14.39
 1 1900  6 24   9 58 59   54.3     -9.99
 1 1900  6 24   9 58 41  999.9     14.22
 1 1901  4 11  16  5 52  251.4     -9.99
 1 1901  4 11  16  4 45  999.9     13.63
 1 1901  4 19  15  6  0  305.1     -9.99
 1 1901  4 19  15  4 58  999.9     14.19
 1 1901  5 10  14 53 24   69.5     -9.99
 1 1901  5 10  14 53 44  999.9     14.37
 1 1901  6  6  11 27 10  300.1     -9.99
 1 1901  6  6  11 27 18  999.9     14.45
 1 1901  6 14  11 50  7    9.8     -9.99
 1 1901  6 14  11 50 22  999.9     14.20
 1 1901  7  5  10 45 37  122.5     -9.99
 1 1901  7  5  10 45 33  999.9     14.11
 1 1901  7 14   9 49 42  320.0     -9.99
 1 1901  7 14   9 49 42  999.9     14.29
 2 1900  5 25  12  1 49   18.8     -9.99
 2 1900  5 25  12  1 57  999.9     20.17
 2 1900  6 15  11 10 54   39.6     -9.99
 2 1900  6 15  11 11 59  999.9     20.10
 2 1900  6 22  10 50 18  286.0     -9.99
 2 1900  6 22  10 50  6  999.9     20.47
 2 1900  6 24  10 21  9  100.6     -9.99
 2 1900  6 24  10 21 22  999.9     19.93
 2 1900  7 22   9 27 19    8.1     -9.99
 2 1900  7 22   9 27  3  999.9     19.56
 2 1901  4 18  15  8 19   77.8     -9.99
 2 1901  4 18  15  6 57  999.9     19.48
 2 1901  4 19  15 32 32  165.7     -9.99
 2 1901  4 19  15 33 54  999.9     19.71
 2 1901  5 10  14 38 51  188.9     -9.99
 2 1901  5 10  14 39  0  999.9     20.19
 2 1901  6  6  11 48 10    6.6     -9.99
 2 1901  6  6  11 47  0  999.9     19.80
 2 1901  6 13  11 17 20  250.2     -9.99
 2 1901  6 13  11 17 34  999.9     20.34
 2 1901  6 14  11 30  3  339.5     -9.99
 2 1901  6 14  11 30 11  999.9     19.75
 2 1901  7  5  11  1 40    2.4     -9.99
 2 1901  7  5  11  1 37  999.9     19.83
 2 1901  7 17  10  0 19  319.4     -9.99
 2 1901  7 17  10  0 55  999.9     20.16
 3 1900  4 27  13 54 24  225.5     -9.99
 3 1900  4 27  13 54 57  999.9     32.80
 3 1900  5 18  12 36 41   11.5     -9.99
 3 1900  5 18  12 36 45  999.9     32.40
 3 1900  5 19  12 42 36   54.6     -9.99
 3 1900  5 19  12 43 17  999.9     32.69
 3 1900  5 25  12 18 14  299.6     -9.99
 3 1900  5 25  12 18 21  999.9     33.65
 3 1900  5 27  11 56  8   22.2     -9.99
 3 1900  5 27  11 56  7  999.9     32.82
 3 1900  6 15  10 50 14   87.6     -9.99
 3 1900  6 15  10 50 25  999.9     33.30
 3 1900  7 22   9 47 48  174.2     -9.99
 3 1900  7 22   9 48 37  999.9     32.62
 3 1901  3 28  15 42  8   40.7     -9.99
 3 1901  3 28  15 42 20  999.9     32.53
 3 1901  4 11  15 20 41  256.8     -9.99
 3 1901  4 11  15 20 39  999.9     32.42
 3 1901  4 12  14 43 54  296.4     -9.99
 3 1901  4 12  14 43 58  999.9     32.38
 3 1901  4 13  14 49 21  339.9     -9.99
 3 1901  4 13  14 49 35  999.9     32.12
 3 1901  4 18  15 30 48  187.1     -9.99
 3 1901  4 18  15 31 10  999.9     32.62
 3 1901  4 19  15 57 14  230.5     -9.99
 3 1901  4 19  15 58 17  999.9     33.02
 3 1901  5 10  15 21  9   17.6     -9.99
 3 1901  5 10  15 21 20  999.9     32.61
 3 1901  6  6  12  7 23   49.2     -9.99
 3 1901  6  6  12  7 19  999.9     33.30
 3 1901  6  8  11 24 42  129.1     -9.99
 3 1901  6  8  11 24 47  999.9     33.39
 3 1901  6 22  10 48 29  348.1     -9.99
 3 1901  6 22  10 48 21  999.9     33.12
 3 1901  7  5  11 15  7  165.6     -9.99
 3 1901  7  5  11 15 12  999.9     32.67
 3 1901  7  6  10 37  3  207.2     -9.99
 3 1901  7  6  10 37 23  999.9     32.55
 3 1901  7 14  10 10 43  176.2     -9.99
 3 1901  7 14  10 10 19  999.9     32.80
 4 1900  4 27  13 29 21  195.2     -9.99
 4 1900  4 27  13 29 34  999.9     43.87
 4 1900  5 18  12 54 30   36.4     -9.99
 4 1900  5 18  12 54 13  999.9     43.42
 4 1900  5 19  13  4  2   64.3     -9.99
 4 1900  5 19  13  5  2  999.9     43.88
 4 1900  5 25  12 30 36  222.7     -9.99
 4 1900  5 25  12 30 42  999.9     44.32
 4 1900  6  2  10 46 55   75.0     -9.99
 4 1900  6  2  10 47 26  999.9     44.26
 4 1900  6 16  10 45 11   90.7     -9.99
 4 1900  6 16  10 45 30  999.9     43.88
 4 1900  6 22  11  9 37  251.0     -9.99
 4 1900  6 22  11  9 11  999.9     43.98
 4 1901  3 28  16 11 28  154.1     -9.99
 4 1901  3 28  16 11 38  999.9     42.75
 4 1901  4 11  15 39  3  168.3     -9.99
 4 1901  4 11  15 39 30  999.9     43.21
 4 1901  4 12  15  6 33  194.4     -9.99
 4 1901  4 12  15  7  8  999.9     43.63
 4 1901  4 13  15  7 37  221.8     -9.99
 4 1901  4 13  15  7 51  999.9     43.18
 4 1901  4 18  15 46 51  355.3     -9.99
 4 1901  4 18  15 46 54  999.9     43.41
 4 1901  5 10  15  9 30  223.8     -9.99
 4 1901  5 10  15  9 37  999.9     44.39
 4 1901  6  6  12 24 12  222.7     -9.99
 4 1901  6  6  12 24  9  999.9     44.48
 4 1901  6  8  10 54 11  274.0     -9.99
 4 1901  6  8  10 54 48  999.9     44.94
 4 1901  6 22  10 28 52  287.3     -9.99
 4 1901  6 22  10 30  5  999.9     44.57
 4 1901  7  6  10 21 39  302.1     -9.99
 4 1901  7  6  10 21 51  999.9     44.11
