 3 0  1903  4 28 15 33 16  181.78   -99.99
 3 0  1903  4 28 15 34  6  999.99    25.50
 3 0  1903  4 29 15 46  6  219.86   -99.99
 3 0  1903  4 29 15 46 51  999.99    30.99
 3 0  1903  5 28 14  4  2  337.32   -99.99
 3 0  1903  5 28 14  2 53  999.99    32.33
 3 0  1903  6 03 13  0 13  228.58   -99.99
 3 0  1903  6 03 13  2 18  999.99    31.80
 3 0  1903  6 20 12  7  0  204.72   -99.99
 3 0  1903  6 20 12  7 27  999.999   32.78
 3 0  1903  6 21 11 52 22  246.73   -99.99
 3 0  1903  6 21 11 52 57  999.99    33.07
 3 0  1903  6 30 10 58 28  256.29   -99.99
 3 0  1903  6 30 10 58 24  999.999   32.70
 3 0  1903  7 19  9 43 20  320.37   -99.99
 3 0  1903  7 19  9 43  3  999.999   31.83
 3 0  1903  7 21  9 13 59   43.64   -99.99
 3 0  1903  7 21  9 14 43  999.99    32.45
 3 0  1903  7 24  9  2 49  166.74   -99.99
 3 0  1903  7 24  9  3 19  999.999   31.59
 3 4  1903  4 28 15 54 24  345.97   -99.99
 3 4  1903  4 28 15 54 47  999.99    73.36
 3 4  1903  4 29 15 57 17   17.58   -99.99
 3 4  1903  4 29 16  3 43  999.99    70.89
 3 4  1903  5 28 14 30 34   96.67   -99.99
 3 4  1903  5 28 14 30 54  999.99    49.07
 3 4  1903  6 03 13 23 56  192.88   -99.99
 3 4  1903  6 03 13 24 30  999.99    11.41
 3 4  1903  6 20 12 22 57  341.35   -99.99
 3 4  1903  6 20 12 22 58  999.99    60.70
 3 4  1903  6 21 12  8 15   13.81   -99.99
 3 4  1903  6 21 12  8  8  999.99    55.12
 3 4  1903  6 30 11 15  8  168.84   -99.99
 3 4  1903  6 30 11 15 23  999.99    28.59
 3 4  1903  7 19  9 59 34   51.72   -99.99
 3 4  1903  7 19  9 59 34  999.99    29.66
 3 4  1903  7 21  9 29 53   86.47   -99.99
 3 4  1903  7 21  9 30  6  999.99    14.22
 3 4  1903  7 24  9 18 11   89.03   -99.99
 3 4  1903  7 24  9 19 10  999.99    22.17
 4 0  1903  6  3 13 46 38  217.01   -99.99
 4 0  1903  6  3 13 48 12  999.99    45.31
 4 0  1903  6 20 12 40 26  308.19   -99.99
 4 0  1903  6 20 12 40 56  999.99    43.22
 4 0  1903  6 21 12 24 58  337.26   -99.99
 4 0  1903  6 21 12 25 29  999.99    43.05
 4 0  1903  6 30 11 34 43  215.34   -99.99
 4 0  1903  6 30 11 36 55  999.99    43.52
 4 0  1903  7 21  9 43 52   57.93   -99.99
 4 0  1903  7 21  9 44 42  999.99    42.76
 4 0  1903  7 24  9 32 32  136.11   -99.99
 4 0  1903  7 24  9 33  6  999.99    43.87
