 3 1900  4 25  14 41.5  138.29  14 41.7  32.77
 3 1900  4 26  14  8.6  178.46  14 10.2  32.56
 3 1900  5  5  15 36.6  193.62  15 36.5  32.92
 3 1900  5  9  15  7.2  359.01  15  8.0  33.49
 3 1900  5 17  13 47.4  326.86  13 49.0  33.24
 3 1900  5 20  12 17.0  178.11  12 17.0  33.61
 3 1900  5 21  13 14.7  211.58  13 14.5  33.28
 3 1900  5 30  11  8.3  140.61  11  9.0  33.27
 3 1900  6  1  10 27.5  221.86  10 28.5  33.21
 3 1900  6  4  11 14.3  347.10  11 15.0  33.62
 3 1900  6  5  11 36.1   28.83  11 36.5  34.03
 3 1900  6  6  11 54.5   71.20  11 54.0  33.12
 3 1900  6  7  11 57.4  113.72  11 58.7  33.58
 3 1900  6  8  11 43.9  153.67  11 43.9  33.02
 3 1900  6 19   9 12.9  244.51   9 13.5  32.74
 3 1900  6 20  10 25.8  288.01  10 26.0  32.79
 3 1900  6 23  11  7.3   54.62  11  7.5  33.06
 3 1900  6 24  10 35.3   94.77  10 36.0  33.24
 3 1900  6 30   9 33.0  339.87   9 33.5  33.12
 3 1900  7  1   9 39.5   21.53   9 39.0  32.83
 3 1900  7  2   9 19.8   62.59   9 19.7  32.88
 3 1900  7 15   9 10.7  240.02   9 10.7  31.90
 3 1900  7 16   9 12.6  281.03   9 13.0  32.60
 3 1900  7 17   9 19.3  322.00   9 19.5  33.13
 3 1900  7 27   8 34.1   15.07   8 35.0  32.06
 3 1900  7 28   8 30.1   56.62   8 30.2  32.62
 3 1900  7 30   8 20.7  137.81   8 21.0  32.93
 3 1900  7 31   8 19.7  179.85   8 19.7  33.03
 3 1900  8  1   8 24.0  224.88   8 28.5  32.62
 3 1900  8 15   7 54.5   80.26   7 54.7  32.43
 3 1900  8 18   7 56.2  202.91   7 55.2  32.00
 3 1900  8 19   7 49.6  246.18   7 50.0  31.44
 3 1900  8 25   7 40.3  132.32   7 40.2  32.23
 3 1900  8 30   7 40.7  340.04   7 40.2  32.18
 3 1900  8 31   7 39.1   20.15   7 39.0  32.27
 4 1900  4 25  15  8.5  140.03  15  8.8  45.78
 4 1900  4 26  14 32.7  166.41  14 34.2  44.68
 4 1900  5  5  15 10.4   47.98  15 11.0  44.39
 4 1900  5  9  15 30.7  245.34  15 30.7  44.68
 4 1900  5 17  13 23.8    6.68  13 24.0  43.87
 4 1900  5 20  12 31.8  176.04  12 32.0  44.95
 4 1900  5 21  13 27.5  204.47  13 28.0  44.80
 4 1900  5 30  11 25.9  351.83  11 26.5  44.81
 4 1900  6  1  10 41.0   45.29  10 41.0  44.93
 4 1900  6  4  11 30.3  126.59  11 30.5  45.31
 4 1900  6  5  11 47.8  153.40  11 48.2  44.62
 4 1900  6  6  12  2.2  180.23  12  2.5  44.46
 4 1900  6  7  12  9.0  207.52  12  9.0  44.10
 4 1900  6  8  12  1.1  233.21  12  1.2  43.45
 4 1900  6 19   9 29.5  165.19   9 28.7  44.33
 4 1900  6 20  10 37.4  192.59  10 37.2  44.11
 4 1900  6 23  11 15.5  274.46  11 15.8  44.39
 4 1900  6 24  10 55.0  300.66  11  0.5  44.87
 4 1900  6 30   9 47.4  100.48   9 48.0  44.70
 4 1900  7  1   9 56.3  127.27   9 57.0  44.35
 4 1900  7  2   9 32.5  153.12   9 32.5  44.78
 4 1900  7 15   9 22.7  140.81   9 22.2  44.58
 4 1900  7 16   9 27.0  167.10   9 27.2  43.69
 4 1900  7 17   9 29.8  194.76   9 29.8  43.77
 4 1900  7 27   8 46.9  101.36   8 47.0  43.89
 4 1900  7 28   8 42.0  127.96   8 42.2  44.16
 4 1900  7 30   8 36.0  180.90   8 35.5  43.47
 4 1900  7 31   8 29.3  207.56   8 29.0  43.37
 4 1900  8 15   8  4.2  247.74   8  5.0  42.61
 4 1900  8 18   8  8.4  326.99   8  8.7  42.70
 4 1900  8 19   8  0.7  354.98   8  1.0  43.08
 4 1900  8 25   7 48.7  156.54   7 48.7  42.92
 4 1900  8 30   7 51.7  288.83   7 51.7  41.48
 4 1900  8 31   7 50.6  314.26   7 51.0  42.24
