 1 1897  5  2  11  0 21  247.3    -99.99
 1 1897  5  2  11 13 29  999.9     13.40
 1 1897  5  2  11 20 48  246.1    -99.99
 1 1897  5  9  11 43 28  171.2    -99.99
 1 1897  6  6  10  2 51  199.1    -99.99
 1 1897  6  6  10 13 56  999.9     14.61
 1 1897  7  4  10 23 36  239.8    -99.99
 1 1897  7  4  10 31 42  999.9     13.24
 1 1898  6  9  10  2 56  201.6    -99.99
 1 1898  6  9  10 12  3  999.9     14.72
 1 1898  6  9  10 21 53  204.3    -99.99
 1 1898  7 17   9  5 41  226.3    -99.99
 1 1898  7 17   9 23 21  999.9     13.77
 2 1897  5  2  11 37 10  104.0    -99.99
 2 1897  5  2  11 47 54  999.9     19.65
 2 1897  5  2  11 57  4  104.9    -99.99
 2 1897  5  9  12 40 25  353.8    -99.99
 2 1897  5  9  12 50 27  999.9     20.85
 2 1897  6  6  10 26 56  254.9    -99.99
 2 1897  6  6  10 36 36  999.9     19.54
 2 1897  7  4  10  3  2  169.5    -99.99
 2 1897  7  4  10 13 33  999.9     20.12
 2 1898  6  9  10 34  5  184.9    -99.99
 2 1898  6  9  10 42 20  999.9     20.68
 2 1898  6  9  10 49 36  186.4    -99.99
 3 1897  5  2  12  2  4  154.9    -99.99
 3 1897  5  2  12 10  9  999.9     33.90
 3 1897  5  2  12 20 39  155.0    -99.99
 3 1897  5  9  12  2 41   83.5    -99.99
 3 1897  5  9  12 10 19  999.9     31.70
 3 1897  6  6  10 45 49  160.4    -99.99
 3 1897  6  6  10 53 40  999.9     33.87
 3 1897  6 27   9 57  3  308.2    -99.99
 3 1897  6 27  10  4 55  999.9     32.08
 3 1897  7  4  10 42 43  235.7    -99.99
 3 1897  7  4  10 48 17  999.9     31.29
 3 1898  6  9  10 58 57  255.0    -99.99
 3 1898  6  9  11  3 17  999.9     32.23
 3 1898  7  7   9  4  3  329.8    -99.99
 3 1898  7  7   9  7 45  999.9     33.03
 4 1896  7  8   9 27 27  164.0    -99.99
 4 1896  7  8   9 37 53  164.6    -99.99
 4 1896  7  8   9 51 11  999.9     44.10
 4 1897  5  2  12 25 21  211.0    -99.99
 4 1897  5  2  12 32 16  999.9     43.91
 4 1897  5  2  12 36  0  211.5    -99.99
 4 1897  5  9  12 20 46   37.3    -99.99
 4 1897  5  9  12 29  3  999.9     43.86
 4 1897  6  6  11  3 50   65.9    -99.99
 4 1897  6  6  11  9 28  999.9     42.10
 4 1897  6 27  10 14 39  262.7    -99.99
 4 1897  6 27  10 23 32  999.9     41.22
 4 1897  7  4  10 55  7   95.7    -99.99
 4 1897  7  4  10 59 12  999.9     41.41
 4 1898  6  9  11  8 31  185.7    -99.99
 4 1898  6  9  11 12 30  999.9     44.26
 4 1898  6 23  11 38 37  200.1    -99.99
 4 1898  6 23  11 43 23  999.9     43.80
 4 1898  7  7   9 12 17  212.7    -99.99
 4 1898  7  7   9 15 40  999.9     43.44
