1989  9 18.98657  34.90  24.59  25.51  20.33  32.99  34.23  41.29  47.07
1989  9 18.98720  34.85  24.49  25.48  20.29  33.00  34.18  41.24  47.04
1989  9 18.99245  35.12  24.54  25.60  20.38  33.19  34.16  41.41  46.93
1989  9 18.99455  35.24  24.55  25.68  20.44  33.29  34.15  41.53  46.92
1989  9 18.99929  35.40  24.54  25.74  20.50  33.43  34.08  41.61  46.80
1989  9 19.00006  35.46  24.48  25.74  20.48  33.46  34.04  41.66  46.75
1989  9 19.00697  35.83  24.50  25.90  20.62  33.72  34.02  41.87  46.65
1989  9 19.00892  35.89  24.50  25.94  20.63  33.79  33.99  41.92  46.61
1989  9 19.01083  36.01  24.47  25.97  20.67  33.83  33.98  41.96  46.58
1989  9 19.02422  36.57  24.39  26.22  20.83  34.27  33.81  42.35  46.29
1989  9 19.02488  36.59  24.35  26.24  20.85  34.29  33.81  42.34  46.28
1989  9 19.93311  34.74  -9.01  52.52   4.46  57.44   6.54  62.04  20.75
1989  9 19.93636  34.62  -8.95  52.57   4.32  57.46   6.42  62.07  20.67
1989  9 19.94424  34.35  -8.91  52.67   3.91  57.54   6.03  62.19  20.35
1989  9 19.94508  34.37  -8.95  52.68   3.80  57.57   5.93  62.21  20.27
1989  9 19.94772  34.26  -8.99  52.69   3.64  57.57   5.79  62.23  20.17
1989  9 19.94924  34.23  -8.85  52.79   3.72  57.67   5.87  62.35  20.25
1989  9 19.94993  34.23  -8.85  52.80   3.66  57.68   5.83  62.35  20.21
1989  9 19.95079  34.19  -8.90  52.76   3.61  57.62   5.78  62.30  20.16
1989  9 19.95139  34.11  -8.96  52.75   3.48  57.62   5.65  62.30  20.06
1989  9 19.95189  34.10  -8.94  52.75   3.46  57.60   5.63  62.28  20.05
1989  9 20.94547  42.42 -24.23  28.17 -32.28  42.77 -36.84  64.88 -17.77
1989  9 20.94600  42.43 -24.16  28.13 -32.24  42.72 -36.80  64.84 -17.74
1989  9 20.94803  42.41 -24.33  28.03 -32.27  42.68 -36.92  64.83 -17.84
1989  9 20.94870  42.44 -24.44  28.05 -32.30  42.71 -37.02  64.86 -17.91
1989  9 20.96450  41.94 -25.26  27.39 -32.33  42.11 -37.42  64.72 -18.48
1989  9 20.96549  41.82 -25.25  27.35 -32.33  42.08 -37.43  64.69 -18.50
1989  9 21.98590  24.36 -26.08  20.45 -21.17   4.23 -43.27  43.81 -53.84
1989  9 21.98886  24.39 -26.21  20.48 -21.18   4.12 -43.18  43.69 -53.93
1989  9 21.98958  24.44 -26.24  20.48 -21.22   4.10 -43.20  43.68 -53.97
1989  9 21.99016  24.47 -26.22  20.49 -21.24   4.08 -43.21  43.65 -54.02
1989  9 21.99101  24.48 -26.23  20.50 -21.25   4.05 -43.20  43.59 -54.01
1989  9 21.99173  24.47 -26.24  20.52 -21.23   4.05 -43.18  43.58 -54.01
1989  9 21.99297  24.43 -26.28  20.54 -21.25   4.02 -43.14  43.55 -54.04
1989  9 21.99406  24.52 -26.37  20.59 -21.28   4.02 -43.18  43.53 -54.11
1989  9 21.99455  24.46 -26.35  20.53 -21.28   3.97 -43.15  43.49 -54.12
1989  9 21.99705  24.58 -26.37  20.63 -21.25   3.92 -43.05  43.45 -54.11
1991  5 30.24550  30.67  30.91  30.99  47.27  36.74  49.32  27.76  67.47
1991  5 30.24716  30.70  30.78  31.07  47.22  36.80  49.30  27.84  67.48
1991  5 30.24826  30.65  30.71  31.08  47.18  36.81  49.25  27.84  67.43
1991  5 30.25111  30.61  30.64  31.20  47.09  36.90  49.14  27.93  67.38
1991  5 30.25244  30.66  30.61  31.28  47.06  36.97  49.12  28.02  67.39
1991  5 30.25320  30.66  30.52  31.30  46.99  36.99  49.04  28.04  67.32
1991  5 30.25405  30.60  30.51  31.31  47.00  36.99  49.05  28.02  67.34
1991  5 30.25454  30.71  30.50  31.39  47.00  37.06  49.05  28.13  67.38
1991  5 30.25520  30.69  30.38  31.38  46.95  37.04  48.99  28.10  67.33
1991  5 30.25579  30.64  30.44  31.43  46.96  37.08  49.00  28.13  67.34
1991  5 30.25623  30.66  30.43  31.43  46.93  37.09  48.98  28.14  67.32
1991  5 30.30712  30.09  28.11  33.36  45.25  38.67  47.28  29.90  66.59
1991  5 30.30861  30.11  28.06  33.44  45.21  38.73  47.25  29.98  66.58
1991  5 30.30932  30.11  28.04  33.43  45.17  38.73  47.21  29.98  66.56
1991  5 30.30974  30.09  28.01  33.45  45.18  38.73  47.20  29.99  66.57
1991  5 30.31197  30.03  27.86  33.54  45.08  38.81  47.11  30.08  66.51
1991  5 30.31256  30.01  27.87  33.56  45.06  38.81  47.09  30.09  66.51
1991  5 30.31299  30.05  27.87  33.59  45.04  38.85  47.07  30.13  66.50
1991  5 30.31335  30.04  27.79  33.55  45.05  38.80  47.08  30.09  66.51
1991  5 30.31398  30.05  27.81  33.61  45.05  38.85  47.09  30.11  66.56
1991  5 30.31446  30.06  27.82  33.70  45.02  38.94  47.05  30.25  66.50
1991  5 30.31486  30.07  27.76  33.65  44.98  38.90  47.01  30.18  66.48
1991  5 30.31527  30.00  27.77  33.65  44.96  38.89  46.98  30.18  66.46
1991  5 30.31583  30.09  27.73  33.69  44.97  38.92  47.01  30.21  66.50
1991  5 30.31641  30.05  27.69  33.68  44.93  38.92  46.96  30.20  66.46
1991  5 30.31726  30.09  27.71  33.81  44.93  39.05  46.96  30.37  66.47
1991  5 30.31764  30.04  27.67  33.76  44.90  39.00  46.94  30.30  66.45
1991  5 30.31830  30.02  27.59  33.79  44.86  39.01  46.89  30.30  66.42
1991  5 30.31870  29.99  27.61  33.78  44.84  39.00  46.87  30.30  66.39
1991  5 30.34134  29.65  26.72  34.61  44.00  39.69  46.06  31.11  66.05
1991  5 30.34182  29.62  26.70  34.62  43.97  39.69  46.04  31.10  66.02
1991  5 30.34232  29.64  26.69  34.63  43.96  39.72  46.00  31.12  66.02
1991  5 30.34273  29.62  26.67  34.64  43.95  39.71  46.03  31.14  66.02
1991  5 30.34311  29.62  26.66  34.66  43.93  39.75  45.99  31.16  65.99
1991  5 30.34361  29.59  26.66  34.69  43.94  39.76  46.01  31.21  66.05
1991  5 30.34407  29.59  26.65  34.70  43.92  39.78  45.99  31.23  66.03
1991  5 30.34450  29.57  26.60  34.69  43.89  39.75  45.96  31.22  66.00
1991  5 30.34494  29.57  26.57  34.70  43.87  39.76  45.94  31.21  65.98
1991  5 30.34534  29.54  26.59  34.77  43.86  39.81  45.93  31.28  65.99
1991  5 30.34575  29.54  26.54  34.72  43.82  39.77  45.90  31.23  65.95
1991  5 30.34616  29.64  26.56  34.72  43.85  39.76  45.91  31.24  66.01
1991  5 31.14187  32.80  31.73  37.82   9.32  48.70  12.02  54.93  46.14
1991  5 31.14308  32.84  31.76  37.86   9.26  48.77  11.94  55.20  46.07
1991  5 31.14469  32.85  31.94  37.74   9.25  48.67  11.94  55.00  46.08
1991  5 31.14715  33.09  31.82  37.74   9.07  48.73  11.71  55.24  45.81
1991  5 31.14759  33.26  31.80  37.82   9.08  48.85  11.68  55.43  45.78
1991  5 31.14797  33.12  31.82  37.75   9.14  48.76  11.75  55.15  45.82
1991  5 31.14843  32.89  32.04  37.54   9.09  48.48  11.73  54.93  46.00
1991  7 26.02168  35.25 -26.81  26.27 -27.37  20.26  -7.64  26.65 -48.34
1991  7 27.00471  32.64 -29.44  25.93 -18.69  32.44 -14.69  -0.92 -51.17
1991  7 27.00669  32.47 -29.52  25.92 -18.69  32.42 -14.72  -1.03 -51.10
1991  7 27.00759  32.55 -29.54  25.92 -18.70  32.42 -14.74  -1.07 -51.10
1991  7 27.00815  32.53 -29.59  25.94 -18.73  32.41 -14.79  -1.05 -51.13
1991  7 27.00896  32.48 -29.64  25.98 -18.72  32.47 -14.75  -1.08 -51.09
1991  7 27.00988  32.51 -29.68  26.02 -18.73  32.48 -14.79  -1.06 -51.09
1991  7 27.01033  32.52 -29.72  26.01 -18.74  32.48 -14.79  -1.10 -51.08
1991  7 27.01202  32.50 -29.82  26.02 -18.75  32.49 -14.82  -1.10 -51.04
1991  7 27.98919   2.71 -34.32  14.79 -53.16  24.62 -47.98 -21.68 -38.40
1991  7 27.99034   2.72 -34.19  14.74 -53.18  24.59 -48.03 -21.67 -38.35
1991  7 27.99125   2.75 -34.29  14.67 -53.31  24.51 -48.14 -21.72 -38.42
1991  7 27.99165   2.70 -34.35  14.63 -53.39  24.48 -48.24 -21.74 -38.45
1991  7 27.99204   2.74 -34.19  14.67 -53.22  24.53 -48.08 -21.68 -38.33
1991  7 27.99239   2.77 -34.26  14.63 -53.29  24.47 -48.18 -21.69 -38.35
1991  7 27.99286   2.75 -34.27  14.61 -53.30  24.48 -48.16 -21.73 -38.35
1991  7 27.99577   2.76 -34.17  14.48 -53.44  24.40 -48.30 -21.75 -38.35
1991  7 28.03627   3.36 -33.48  12.58 -54.42  23.21 -49.65 -22.37 -37.65
1991  7 28.99963 -16.45 -49.38 -22.90 -37.25 -16.87 -60.49 -29.84 -18.09
1991  8 24.09301   8.20 -33.28  15.39 -34.22 -10.02 -31.12 -14.89 -18.81
1991  8 24.09444   8.15 -33.27  15.34 -34.17 -10.01 -31.03 -14.83 -18.76
1991  8 24.09515   8.19 -33.38  15.38 -34.26 -10.02 -31.03 -14.86 -18.76
1991  8 24.09860   8.27 -33.29  15.40 -34.29  -9.99 -30.92 -14.84 -18.71
1991  8 24.09940   8.28 -33.47  15.40 -34.47 -10.08 -31.01 -14.92 -18.74
1991  8 24.10123   8.29 -33.40  15.38 -34.40  -9.98 -30.89 -14.85 -18.70
1991  8 24.10445   8.33 -33.48  15.36 -34.54 -10.03 -30.82 -14.87 -18.64
1991  8 24.10479   8.31 -33.51  15.39 -34.54 -10.03 -30.84 -14.90 -18.65
1991  8 24.92978 -18.20 -46.49 -10.47 -55.06  -4.93 -22.66 -14.01  -9.90
1991  8 24.93548 -18.34 -46.27 -10.74 -55.04  -4.86 -22.70 -13.99  -9.86
1991  8 24.94000 -18.51 -46.06 -10.94 -55.06  -4.83 -22.73 -13.98  -9.82
1991  8 24.96174 -19.11 -45.18 -12.04 -54.96  -4.66 -22.81 -13.88  -9.64
1991  8 24.96437 -19.45 -45.09 -12.20 -54.94  -4.65 -22.80 -13.88  -9.62
1991  8 24.96516 -19.37 -45.15 -12.22 -55.01  -4.65 -22.87 -13.88  -9.65
1991  8 24.97535 -19.68 -44.60 -12.71 -54.94  -4.55 -22.93 -13.85  -9.55
1991  8 24.97571 -19.69 -44.59 -12.76 -54.91  -4.57 -22.89 -13.85  -9.54
1991  8 24.97606 -19.64 -44.58 -12.73 -54.91  -4.54 -22.89 -13.86  -9.55
1991  8 24.97639 -19.63 -44.58 -12.75 -54.93  -4.55 -22.90 -13.83  -9.54
1991  8 24.99469 -20.20 -43.72 -13.69 -54.80  -4.44 -23.01 -13.77  -9.42
1991  8 24.99597 -20.31 -43.68 -13.75 -54.74  -4.43 -23.00 -13.76  -9.41
1991  8 24.99732 -20.28 -43.68 -13.76 -54.74  -4.38 -23.08 -13.76  -9.35
1991  8 25.00340 -20.37 -43.34 -14.08 -54.71  -4.37 -23.05 -13.73  -9.35
1991  8 25.01348 -20.75 -42.84 -14.61 -54.56  -4.30 -23.10 -13.71  -9.27
1991  8 25.01542 -20.67 -42.84 -14.72 -54.60  -4.28 -23.13 -13.70  -9.25
1991  8 25.01625 -20.76 -42.75 -14.76 -54.59  -4.29 -23.14 -13.70  -9.25
1991  8 25.01679 -20.74 -42.66 -14.72 -54.55  -4.26 -23.11 -13.69  -9.23
1991  8 25.01719 -20.78 -42.66 -14.79 -54.51  -4.29 -23.13 -13.70  -9.24
1991  8 25.01789 -20.77 -42.64 -14.81 -54.54  -4.26 -23.14 -13.68  -9.23
1991  8 25.01843 -20.77 -42.65 -14.83 -54.58  -4.24 -23.16 -13.67  -9.23
1991  8 25.03486 -21.14 -41.82 -15.64 -54.35  -4.15 -23.24 -13.62  -9.10
1991  8 25.04441 -21.38 -41.31 -16.12 -54.20  -4.09 -23.30 -13.57  -9.01
1991  8 25.04675 -21.43 -41.25 -16.24 -54.23  -4.12 -23.33 -13.60  -9.01
1991  8 25.05388 -21.70 -40.84 -16.60 -54.12  -4.04 -23.40 -13.54  -8.97
1991  8 25.06343 -21.58 -40.50 -17.05 -54.07  -3.98 -23.53 -13.54  -8.91
1991  8 25.06694 -21.45 -40.28 -17.16 -54.00  -3.94 -23.51 -13.51  -8.87
1991  8 25.06994 -21.74 -40.18 -17.32 -53.91  -3.93 -23.54 -13.49  -8.87
1991  8 25.07287 -21.83 -40.04 -17.51 -53.89  -3.92 -23.58 -13.49  -8.84
1991  8 25.92837 -20.59 -38.71 -34.78 -22.14  -9.39 -36.76  -9.79  -5.75
1991  8 25.93026 -20.68 -38.73 -34.74 -22.08  -9.44 -36.81  -9.77  -5.76
1991  8 25.93094 -20.71 -38.75 -34.73 -22.05  -9.44 -36.81  -9.76  -5.75
1991  8 25.93150 -20.72 -38.75 -34.72 -22.04  -9.45 -36.82  -9.76  -5.75
1991  8 25.93220 -20.75 -38.77 -34.71 -22.01  -9.47 -36.82  -9.76  -5.75
1991  8 25.93289 -20.75 -38.77 -34.70 -21.99  -9.48 -36.82  -9.76  -5.75
1991  8 25.93377 -20.81 -38.82 -34.70 -21.95  -9.52 -36.85  -9.75  -5.75
1991  8 25.93434 -20.82 -38.82 -34.68 -21.94  -9.53 -36.84  -9.75  -5.75
1991  8 25.93530 -20.86 -38.85 -34.67 -21.91  -9.51 -36.90  -9.73  -5.76
1991  8 25.93768 -20.98 -38.85 -34.62 -21.80  -9.58 -36.90  -9.73  -5.75
1991  8 25.94045 -21.20 -38.89 -34.60 -21.72  -9.63 -36.95  -9.73  -5.75
1991  8 25.94103 -21.22 -38.97 -34.60 -21.71  -9.66 -36.98  -9.73  -5.76
1991  8 25.99114 -23.32 -39.62 -33.93 -20.02 -10.75 -37.74  -9.54  -5.74
1991  8 25.99873 -23.63 -39.69 -33.82 -19.77 -10.90 -37.82  -9.50  -5.75
1991  8 26.00300 -23.84 -39.74 -33.76 -19.66 -11.04 -37.90  -9.50  -5.75
1991  8 26.00334 -23.86 -39.73 -33.74 -19.64 -11.06 -37.90  -9.49  -5.74
1991  8 26.00377 -23.89 -39.73 -33.74 -19.63 -11.04 -37.93  -9.49  -5.74
1991  8 26.00470 -23.94 -39.73 -33.73 -19.60 -11.07 -37.92  -9.50  -5.74
1991  8 26.00583 -23.97 -39.77 -33.74 -19.57 -11.10 -37.95  -9.49  -5.74
1991  8 26.00651 -24.00 -39.74 -33.71 -19.53 -11.10 -37.93  -9.49  -5.75
1991  8 26.00718 -24.05 -39.76 -33.71 -19.52 -11.14 -37.97  -9.49  -5.74
1991  8 26.00823 -24.09 -39.74 -33.69 -19.48 -11.14 -37.96  -9.48  -5.73
1991  8 26.96746 -31.74  -8.42 -24.89 -20.01 -41.93 -34.84  -8.35  -8.15
1991  8 26.96794 -31.77  -8.43 -24.89 -20.02 -41.95 -34.83  -8.37  -8.14
1991  8 26.96840 -31.75  -8.42 -24.89 -20.04 -41.95 -34.84  -8.35  -8.15
1991  8 26.96889 -31.66  -8.42 -24.89 -20.04 -41.96 -34.80  -8.36  -8.15
1991  8 26.96944 -31.72  -8.44 -24.92 -20.05 -42.00 -34.79  -8.37  -8.15
1991  8 26.97064 -31.71  -8.46 -24.95 -20.07 -42.05 -34.76  -8.38  -8.16
1991  8 26.97118 -31.71  -8.45 -24.94 -20.08 -42.03 -34.75  -8.36  -8.15
1991  8 26.97188 -31.68  -8.44 -24.96 -20.06 -42.07 -34.70  -8.36  -8.14
1991  8 26.97245 -31.67  -8.43 -24.98 -20.08 -42.10 -34.69  -8.36  -8.17
1991  8 26.97344 -31.66  -8.48 -25.03 -20.12 -42.15 -34.70  -8.39  -8.17
1991  8 26.97467 -31.62  -8.46 -25.00 -20.13 -42.16 -34.66  -8.38  -8.18
1991  8 26.97505 -31.61  -8.48 -25.04 -20.14 -42.19 -34.65  -8.38  -8.18
1991  8 26.97549 -31.57  -8.49 -25.04 -20.15 -42.20 -34.64  -8.38  -8.18
1991  8 27.07804 -29.87  -9.84 -27.08 -21.43 -45.27 -31.77  -8.57  -8.57
1991  8 27.07921 -29.86  -9.86 -27.18 -21.47 -45.42 -31.76  -8.61  -8.58
1991  8 27.08444 -29.88  -9.98 -27.30 -21.50 -45.57 -31.56  -8.63  -8.60
1992  6  9.18756  12.93  40.17  17.59  42.90  -8.62  53.27  31.94  53.75
1992  6  9.20139  13.03  39.56  17.80  42.41  -8.17  53.60  32.26  53.44
1992  6  9.23052  13.10  38.36  18.22  41.33  -7.21  54.24  32.95  52.76
1992  6  9.25270  13.05  37.46  18.45  40.47  -6.49  54.67  33.40  52.17
1992  6  9.25500  13.03  37.41  18.49  40.40  -6.40  54.74  33.47  52.14
1992  6  9.25760  13.04  37.32  18.53  40.34  -6.30  54.82  33.52  52.10
1992  6  9.25901  13.03  37.25  18.53  40.24  -6.25  54.80  33.54  52.02
1992  6  9.26001  13.03  37.19  18.54  40.20  -6.22  54.82  33.57  51.99
1992  6  9.26086  13.01  37.19  18.54  40.19  -6.20  54.87  33.58  52.00
1992  6  9.26188  13.01  37.16  18.55  40.17  -6.18  54.89  33.59  51.98
1992  6  9.33023  12.45  34.86  19.07  37.66  -3.80  56.22  35.08  50.26
1992  6  9.33284  12.48  34.76  19.11  37.54  -3.66  56.24  35.13  50.16
1992  6  9.33420  12.44  34.72  19.12  37.49  -3.62  56.27  35.15  50.11
1992  6  9.33529  12.45  34.69  19.13  37.45  -3.58  56.29  35.22  50.10
1992  6  9.33633  12.42  34.69  19.13  37.44  -3.56  56.33  35.21  50.10
1992  6  9.33728  12.42  34.63  19.13  37.38  -3.50  56.32  35.24  50.03
1992  6  9.33803  12.40  34.60  19.13  37.35  -3.48  56.33  35.26  50.02
1992  6  9.33881  12.37  34.59  19.13  37.33  -3.48  56.38  35.25  50.01
1992  6  9.33974  12.36  34.56  19.11  37.28  -3.46  56.38  35.25  49.99
1992  6  9.34061  12.34  34.56  19.14  37.30  -3.45  56.43  35.32  50.00
1992  6 10.22451  23.75  45.44  11.33  28.48  31.68  52.74  47.00  23.35
1992  6 10.23053  23.94  45.59  11.39  28.51  31.83  52.56  47.03  23.11
1992  6 10.23397  24.22  45.31  11.36  28.65  32.06  52.51  47.06  23.04
1992  6 10.23904  24.31  45.11  11.44  28.68  32.01  52.50  47.20  22.78
1992  6 11.24711  25.69  21.07  38.93  33.99  47.78  11.25  43.68  -8.13
1992  6 11.27160  25.76  21.79  39.77  33.21  47.59  10.25  43.43  -8.82
1992  6 11.29768  26.07  22.55  40.61  32.24  47.41   9.10  43.14  -9.52
1992  6 11.30074  26.16  22.44  40.72  32.14  47.35   8.97  43.06  -9.62
1992  6 11.30241  26.25  22.54  40.79  32.16  47.35   8.94  43.06  -9.64
1992  6 11.30450  26.22  22.67  40.88  32.07  47.31   8.85  43.01  -9.69
1992  6 11.30522  26.16  22.68  40.82  32.02  47.35   8.81  43.04  -9.68
1992  7 19.14363  -5.17  34.05   6.33  54.22  -0.37  23.48 -29.17  50.23
1992  7 19.14704  -5.16  34.14   6.47  54.15  -0.40  23.48 -29.07  50.32
1992  7 19.14781  -5.20  34.17   6.51  54.16  -0.40  23.48 -29.07  50.34
1992  7 19.15052  -5.20  34.17   6.63  54.09  -0.41  23.46 -28.99  50.41
1992  7 19.15166  -5.23  34.25   6.65  54.07  -0.44  23.47 -28.99  50.44
1992  7 19.15262  -5.27  34.25   6.70  54.03  -0.44  23.46 -28.95  50.45
1992  7 19.15471  -5.27  34.29   6.78  54.00  -0.47  23.46 -28.91  50.51
1992  7 19.15599  -5.29  34.32   6.82  53.98  -0.47  23.47 -28.90  50.55
1992  7 19.15877  -5.36  34.36   6.93  53.91  -0.51  23.45 -28.81  50.59
1992  7 19.15998  -5.34  34.40   7.00  53.90  -0.49  23.45 -28.78  50.63
1992  7 19.19736  -5.83  35.30   8.47  53.07  -0.82  23.46 -27.90  51.56
1992  7 19.19804  -5.76  35.26   8.54  53.05  -0.82  23.42 -27.84  51.55
1992  7 19.20036  -5.82  35.36   8.59  53.00  -0.84  23.44 -27.84  51.62
1992  7 19.20185  -5.88  35.42   8.69  53.00  -0.84  23.45 -27.77  51.66
1992  7 19.20266  -5.86  35.43   8.71  52.98  -0.86  23.47 -27.75  51.69
1992  7 19.20396  -5.91  35.48   8.74  52.93  -0.88  23.44 -27.73  51.70
1992  7 19.20483  -5.89  35.46   8.72  52.88  -0.90  23.43 -27.70  51.71
1992  7 19.20557  -5.89  35.52   8.80  52.87  -0.90  23.43 -27.70  51.74
1992  7 19.20652  -5.92  35.52   8.84  52.83  -0.91  23.43 -27.67  51.73
1992  7 19.20718  -5.94  35.55   8.84  52.86  -0.94  23.45 -27.65  51.80
1992  7 19.20815  -6.02  35.60   8.86  52.81  -0.93  23.41 -27.65  51.79
1992  7 19.20978  -6.01  35.64   8.96  52.79  -0.93  23.45 -27.58  51.86
1992  7 19.21158  -6.11  35.71   9.11  52.71  -0.85  23.43 -27.51  51.90
1992  7 19.21240  -6.03  35.74   9.03  52.70  -0.98  23.45 -27.58  51.95
1992  7 19.21961  -5.81  35.69   9.37  52.49  -0.99  23.41 -27.28  52.05
1992  7 20.21580  23.98  35.41  13.95  25.78  -0.55  38.46   2.51  66.86
1992  7 20.21661  24.01  35.40  13.94  25.81  -0.54  38.51   2.54  66.88
1992  7 20.21730  24.03  35.38  13.94  25.81  -0.52  38.52   2.58  66.91
1992  7 20.21793  24.05  35.34  13.92  25.78  -0.52  38.52   2.61  66.91
1992  7 20.21853  24.03  35.31  13.93  25.81  -0.49  38.56   2.62  66.92
1992  7 20.21914  24.05  35.28  13.93  25.82  -0.47  38.57   2.62  66.92
1992  7 20.21977  24.01  35.25  13.91  25.80  -0.47  38.55   2.67  66.89
1992  7 20.22037  24.05  35.16  13.89  25.79  -0.48  38.59   2.65  66.87
1992  7 20.22115  23.98  35.19  13.87  25.78  -0.45  38.60   2.71  66.91
1992  7 20.22175  23.96  35.10  13.84  25.76  -0.47  38.59   2.69  66.85
1992  7 20.22235  24.00  35.11  13.85  25.78  -0.45  38.63   2.76  66.91
1992  7 20.22296  23.97  35.10  13.86  25.78  -0.42  38.62   2.79  66.91
1992  7 20.22356  24.02  35.08  13.86  25.80  -0.42  38.65   2.80  66.93
1992  7 20.22417  23.98  35.01  13.82  25.77  -0.43  38.64   2.77  66.90
1992  7 20.22478  23.95  35.05  13.84  25.80  -0.38  38.70   2.83  66.94
1992  7 20.22539  23.98  34.99  13.82  25.78  -0.41  38.70   2.83  66.94
1993  6 24.12716  39.85  12.85  35.77  18.80  33.64 -14.81  13.16  20.95
1993  6 24.12937  39.89  12.89  35.85  18.77  33.61 -14.83  13.21  20.96
1993  6 24.13067  39.89  12.76  35.88  18.73  33.58 -14.87  13.22  20.95
1993  6 24.13108  39.82  12.88  35.89  18.76  33.52 -14.88  13.18  20.97
1993  6 24.13159  39.92  12.77  35.92  18.75  33.56 -14.85  13.22  20.95
1993  6 24.13221  40.00  12.72  35.89  18.71  33.54 -14.88  13.21  20.96
1993  6 24.13273  39.97  12.78  35.95  18.79  33.52 -14.88  13.24  20.97
1993  6 24.13323  40.06  12.71  35.94  18.68  33.51 -14.94  13.24  20.94
1993  6 24.13364  40.08  12.66  35.96  18.71  33.52 -14.94  13.24  20.97
1993  6 24.13400  40.06  12.66  35.96  18.67  33.51 -14.92  13.24  20.94
1993  6 25.12249  25.68 -12.41  40.33 -25.70  16.86 -14.21  25.45  15.59
1993  6 25.12288  25.66 -12.45  40.31 -25.73  16.85 -14.22  25.46  15.58
1993  6 25.12337  25.66 -12.43  40.31 -25.76  16.86 -14.21  25.46  15.59
1993  6 25.12372  25.64 -12.40  40.29 -25.78  16.84 -14.21  25.46  15.56
1993  6 25.12410  25.67 -12.40  40.28 -25.78  16.84 -14.20  25.47  15.57
1993  6 25.12449  25.67 -12.41  40.26 -25.80  16.83 -14.19  25.47  15.57
1993  6 25.12493  25.65 -12.39  40.24 -25.81  16.83 -14.19  25.46  15.56
1993  6 25.12784  25.65 -12.37  40.17 -25.93  16.82 -14.16  25.52  15.53
1993  6 25.12911  25.66 -12.35  40.13 -26.00  16.82 -14.15  25.53  15.52
1993  6 25.13081  25.65 -12.23  40.08 -26.05  16.82 -14.13  25.54  15.50
1993  6 25.13117  25.68 -12.26  40.06 -26.08  16.81 -14.12  25.55  15.49
1993  6 25.13257  25.71 -12.20  40.03 -26.11  16.81 -14.11  25.57  15.50
1993  6 25.13312  25.68 -12.24  40.01 -26.14  16.81 -14.09  25.58  15.48
1993  8 20.94819  -8.39 -32.53 -12.43 -29.16  -5.76 -61.02  -5.82 -73.64
1993  8 20.94958  -8.47 -32.47 -12.43 -29.14  -5.78 -61.02  -5.80 -73.55
1993  8 20.95034  -8.47 -32.17 -12.33 -29.00  -5.63 -60.85  -5.90 -73.24
1993  8 20.95078  -8.50 -32.51 -12.41 -29.17  -5.80 -61.10  -5.84 -73.65
1993  8 20.95117  -8.38 -32.40 -12.25 -29.05  -5.85 -60.92  -5.85 -73.48
1993  8 20.95164  -8.55 -32.34 -12.28 -29.04  -5.91 -60.88  -5.84 -73.45
1993  8 20.95211  -8.32 -32.47 -12.28 -29.27  -5.82 -61.13  -5.83 -73.64
1993  8 20.95250  -8.32 -32.47 -12.26 -29.14  -5.80 -61.04  -5.71 -73.66
1993  8 20.95288  -8.44 -32.41 -12.35 -29.07  -5.82 -61.07  -5.77 -73.67
1993  8 21.01996  -7.22 -32.58 -11.48 -28.06  -8.61 -61.01  -8.20 -73.43
1993  8 21.02292  -7.16 -32.56 -11.49 -28.04  -8.68 -61.06  -8.37 -73.49
1993  8 21.02710  -6.64 -32.54 -11.45 -28.01  -8.90 -61.08  -8.57 -73.56
1993  8 21.08777  -5.83 -33.47 -10.60 -27.47 -11.49 -60.80 -10.75 -73.31
1993  8 21.08914  -6.11 -33.48 -10.61 -27.50 -11.52 -60.83 -10.77 -73.32
1993  8 21.08951  -5.75 -33.50 -10.56 -27.46 -11.54 -60.78 -10.78 -73.27
1993  8 21.08988  -5.95 -33.60 -10.63 -27.44 -11.51 -60.80 -10.81 -73.31
1993  8 21.09025  -5.81 -33.51 -10.59 -27.49 -11.56 -60.85 -10.82 -73.34
1993  8 21.09097  -6.15 -33.51 -10.62 -27.50 -11.63 -60.82 -10.87 -73.31
1993  8 21.09131  -5.99 -33.61 -10.56 -27.44 -11.58 -60.80 -10.80 -73.30
1993  8 21.09162  -6.02 -33.61 -10.58 -27.43 -11.63 -60.81 -10.86 -73.34
1993  8 21.09197  -6.01 -33.79 -10.57 -27.35 -11.66 -60.60 -10.92 -73.12
1993  8 21.09231  -6.02 -33.49 -10.56 -27.46 -11.65 -60.80 -10.90 -73.30
1993  8 21.09264  -6.11 -33.35 -10.56 -27.43 -11.64 -60.76 -10.88 -73.27
1993  8 21.09293  -6.07 -33.67 -10.58 -27.47 -11.67 -60.79 -10.90 -73.31
1993  8 21.11732  -5.64 -34.03 -10.21 -27.26 -12.65 -60.61 -11.78 -73.16
1993  8 21.11798  -5.68 -34.19 -10.23 -27.32 -12.69 -60.69 -11.81 -73.23
1993  8 21.11924  -5.74 -34.14 -10.21 -27.26 -12.82 -60.59 -11.89 -73.17
1993  8 21.11954  -5.74 -34.05 -10.20 -27.26 -12.79 -60.60 -11.90 -73.13
1993  8 21.11985  -5.69 -34.17 -10.17 -27.24 -12.79 -60.55 -11.84 -73.13
1993  8 21.12016  -5.72 -34.02 -10.19 -27.25 -12.80 -60.56 -11.89 -73.13
1993  8 21.12049  -5.69 -34.14 -10.19 -27.29 -12.83 -60.65 -11.92 -73.19
1993  8 21.12083  -5.68 -34.14 -10.14 -27.27 -12.83 -60.59 -11.92 -73.18
1993  8 21.12116  -5.69 -34.22 -10.17 -27.30 -12.84 -60.67 -11.96 -73.24
1993  8 21.12146  -5.78 -34.12 -10.16 -27.31 -12.79 -60.69 -11.88 -73.26
1993  8 21.12180  -5.70 -34.06 -10.20 -27.23 -12.95 -60.52 -12.03 -73.07
1994  9 21.95363  -1.47  47.56   7.43  28.62  19.77  40.04  16.71  69.44
1994  9 21.95457  -1.45  47.56   7.41  28.60  19.79  40.01  16.74  69.41
1994  9 21.95534  -1.41  47.57   7.40  28.58  19.80  39.96  16.76  69.38
1994  9 21.95611  -1.39  47.62   7.40  28.59  19.82  39.96  16.79  69.39
1994  9 21.95686  -1.36  47.65   7.39  28.57  19.82  39.93  16.83  69.38
1994  9 21.95768  -1.32  47.69   7.39  28.57  19.83  39.94  16.86  69.40
1994  9 21.95851  -1.30  47.66   7.37  28.53  19.84  39.87  16.87  69.34
1994  9 21.95933  -1.27  47.72   7.36  28.55  19.86  39.87  16.91  69.36
1994  9 21.96017  -1.25  47.72   7.35  28.52  19.86  39.82  16.93  69.34
1994  9 21.96091  -1.21  47.74   7.35  28.52  19.88  39.80  16.97  69.32
1994  9 22.05235   2.63  49.81   6.30  27.75  20.90  37.03  19.83  68.13
1994  9 22.05861   2.89  49.89   6.19  27.72  20.94  36.82  20.00  68.06
1994  9 22.05959   2.96  49.95   6.21  27.77  20.99  36.84  20.10  68.06
1994  9 22.06028   2.96  49.89   6.16  27.71  20.89  36.78  20.01  67.99
1994  9 22.06095   3.00  49.89   6.17  27.70  20.96  36.72  20.09  67.96
1994  9 22.06163   2.99  49.91   6.13  27.72  20.96  36.75  20.07  67.98
1994  9 22.06264   3.11  49.98   6.16  27.75  20.99  36.74  20.16  68.01
1994  9 22.06356   3.13  49.98   6.13  27.72  20.98  36.69  20.15  67.97
1994  9 22.06488   3.19  49.98   6.13  27.71  20.98  36.63  20.20  67.96
1994  9 22.92048  16.70  26.87   9.24  42.67  18.44  16.83  42.30  47.91
1994  9 22.92226  16.62  26.84   9.28  42.69  18.41  16.80  42.35  47.88
1994  9 22.92302  16.59  26.83   9.29  42.70  18.40  16.77  42.35  47.85
1994  9 22.92400  16.59  26.83   9.32  42.71  18.39  16.78  42.35  47.78
1994  9 22.92492  16.60  26.88   9.34  42.78  18.39  16.78  42.37  47.83
1994  9 22.92576  16.56  26.91   9.38  42.82  18.40  16.78  42.41  47.82
1994  9 22.92665  16.54  26.88   9.40  42.81  18.38  16.75  42.44  47.77
1994  9 22.92735  16.51  26.82   9.41  42.77  18.36  16.73  42.44  47.69
1994  9 22.92810  16.51  26.88   9.44  42.81  18.36  16.74  42.44  47.70
1994  9 22.92878  16.47  26.87   9.47  42.82  18.34  16.72  42.49  47.68
1994  9 23.94087  36.97  20.97  40.67  22.92  14.14  21.26  53.09  11.63
1994  9 23.94355  36.99  20.83  40.69  22.79  14.17  21.29  53.08  11.51
1994  9 23.94487  37.00  20.73  40.71  22.72  14.16  21.30  53.08  11.47
1994  9 23.94590  37.03  20.70  40.73  22.68  14.18  21.32  53.10  11.44
1994  9 23.94694  37.01  20.63  40.73  22.62  14.19  21.33  53.08  11.39
1994  9 23.94801  37.01  20.59  40.74  22.56  14.20  21.34  53.10  11.35
1994  9 23.94903  37.05  20.51  40.76  22.52  14.21  21.35  53.11  11.31
1994  9 23.95010  37.05  20.43  40.76  22.46  14.22  21.37  53.10  11.27
1994  9 23.95110  37.04  20.38  40.77  22.42  14.23  21.37  53.10  11.24
1994  9 23.95211  37.06  20.34  40.78  22.36  14.23  21.39  53.11  11.20
1994  9 24.91664  31.81  13.11  25.79  -5.44  32.51  23.03  45.73 -22.74
1994  9 24.91892  31.87  13.13  25.76  -5.44  32.58  23.01  45.72 -22.82
1994  9 24.91994  31.89  13.05  25.72  -5.43  32.59  22.96  45.67 -22.83
1994  9 24.92070  31.97  13.05  25.71  -5.43  32.61  22.97  45.67 -22.85
1994  9 24.92144  31.95  13.04  25.69  -5.43  32.61  22.94  45.65 -22.89
1994  9 24.92214  31.97  13.00  25.69  -5.44  32.64  22.92  45.65 -22.91
1994  9 24.92283  32.03  13.07  25.67  -5.41  32.65  22.95  45.65 -22.90
1994  9 24.92355  32.01  13.04  25.66  -5.42  32.65  22.92  45.60 -22.96
1994  9 24.92426  32.04  13.03  25.67  -5.41  32.71  22.89  45.64 -22.97
1994  9 24.92499  32.03  12.98  25.63  -5.42  32.69  22.89  45.59 -23.01
1994  9 24.99288  34.30  11.95  24.57  -4.92  34.33  21.69  44.53 -25.02
1994  9 24.99373  34.38  11.93  24.55  -4.91  34.35  21.68  44.51 -25.06
1994  9 24.99468  34.33  11.90  24.53  -4.91  34.36  21.67  44.49 -25.10
1994  9 24.99542  34.40  11.86  24.52  -4.90  34.38  21.64  44.46 -25.11
1994  9 24.99610  34.38  11.87  24.51  -4.90  34.40  21.62  44.47 -25.13
1994  9 24.99679  34.48  11.84  24.51  -4.89  34.43  21.62  44.47 -25.16
1994  9 24.99747  34.48  11.81  24.50  -4.89  34.45  21.59  44.46 -25.17
1994  9 24.99817  34.50  11.80  24.49  -4.89  34.46  21.59  44.45 -25.20
1994  9 24.99886  34.54  11.80  24.48  -4.87  34.50  21.58  44.44 -25.20
1994  9 24.99956  34.54  11.77  24.47  -4.86  34.48  21.58  44.40 -25.22