1877  4  5  9  7  0  1   199.3
1877  4  5  9 15  0  2    18.3
1877  3 10 10 19  0  3   327.9
1877  3 10 10 46  0  3           19.11
1877  3 15 10 34  0  3    94.9
1877  3 29  8 53  0  3   219.0
1877  3 29  9 40  0  3           24.68
1877  3 30  9 12  0  3   193.1
1877  3 30  9 30  0  3           33.81
1877  4  5 10 15  0  3   346.1
1877  3 10 11 33  0  4     9.2
1877  3 10 11  0  0  4           46.18
1877  3 15 10  0  0  4   212.1
1877  3 15 10 19  0  4           35.69
1877  3 29  9  6  0  4   204.3
1877  3 29  9 27  0  4           40.81
1877  3 30  9 28  0  4           46.21
1877  4  5  9 29  0  4    20.1
1877  4  5 10  1  0  4           42.41
