 1977 04 15   01 12 00     34.1
 1977 04 22   00 27 00     11.7
 1977 04 22   00 45 00     14.9
 1977 04 22   01 00 00     17.0
 1977 04 22   01 33 00     22.7
 1977 04 22   01 41 00     24.3
 1977 04 22   02 05 00     26.1
 1977 04 22   02 20 00     28.8
 1977 04 22   02 35 00     30.5
 1977 04 23   01 32 00    276.7
 1977 04 23   01 45 00    279.3
 1977 06 24   22 25 00     84.5
 1977 06 24   22 38 30     89.6
 1977 06 30   21 10 00    172.0
 1977 06 30   21 20 00    173.2
 1977 06 30   21 29 00    177.2
 1977 06 30   21 41 00    176.0
 1977 07 12   21 29 30    349.3
 1977 07 17   20 56 00    176.4
 1977 07 17   21 01 50    176.4
 1977 07 17   21 11 00    178.5
 1977 07 17   21 17 20    181.8
 1977 07 17   21 28 10    181.7
 1977 07 17   21 36 10    183.5
 1978 06 28   21 13 30     97.4
 1978 06 28   21 19 30     98.6
 1978 06 28   21 32 00    101.8
 1978 06 28   21 39 00    103.6
 1978 06 28   21 46 30    105.4
 1978 06 28   21 52 30    107.3
 1978 06 28   22 00 00    106.9
 1978 06 29   21 l8 30    356.0
 1978 06 29   21 25 00    358.9
 1978 06 29   21 35 00    359.2
 1978 07 01   21 07 30    148.5
 1978 07 01   21 16 30    149.8
 1978 07 01   21 41 00    151.2
 1978 07 01   21 51 30    155.7
 1978 07 01   22 03 00    157.4
 1978 07 02   21 18 30     33.8
 1978 07 02   21 26 00     34.6
 1978 07 02   21 36 00     35.8
 1978 07 02   21 42 00     37.2
 1978 07 02   21 57 30     39.7
 1978 07 02   22 05 00     40.6
 1979 06 14   21 23 00    212.3
 1979 06 14   22 14 00    220.8
 1979 06 17   21 06 00    251.3
 1979 06 17   21 31 00    258.5
 1979 06 17   21 42 00    260.2
 1979 06 17   21 59 00    263.2
 1979 06 17   22 10 00    266.1
 1979 06 18   20 52 00    152.1
 1979 06 18   21 01 00    155.1
 1979 06 18   21 30 00    160.1
 1979 06 18   21 48 00    163.2
 1979 06 18   22 02 00    165.2
 1979 06 18   22 16 00    166.4
