 3 1837  9 27  21 14 21.1   5 33 59.0  354 12  -99.999
 3 1837  9 27  21 26 28.8   5 46  4.8  999 99    2.064
 3 1837  9 27  21 44 56.0   6  4 29.0  353 49  -99.999
 3 1837  9 27  21 56  8.4   6 16 39.8  999 99    2.061
 3 1837  9 30  22 29  8.2   6 36 31.9  166 30  -99.999
 3 1837 10  1  21 35 37.3   5 39  9.2  171 10  -99.999
 3 1837 10  1  21 43 14.0   5 46 44.6  999 99    2.376
 3 1837 10  4  21 10 34.8   5  2  8.4  336 32  -99.999
 3 1837 10  4  21 21 27.2   5 12 59.1  999 99    1.472
 3 1837 10  4  22 28 25.3   6 19 46.4  339 36  -99.999
 3 1837 10  4  22 38 37.9   6 29 57.2  999 99    1.628
 4 1837  9 28  21 31 16.7   5 46 51.1  329 23  -99.999
 4 1837  9 28  21 46 46.7   6  2 18.6  999 99    1.345
 4 1837  9 28  21 54  1.7   6  9 32.4  331 50  -99.999
 4 1837  9 29  21 55 17.5   6  6 47.4  341 58  -99.999
 4 1837  9 29  22  3 20.7   6 14 49.4  999 99    2.262
 4 1837  9 29  22 11 37.4   6 23  4.7  340 15  -99.999
 4 1837  9 30  21 56 48.3   6  4 17.2  346 53  -99.999
 4 1837  9 30  22 11 49.2   6 19 15.7  999 99    2.740
 4 1837  9 30  22 20 39.9   6 28  5.0  343 26  -99.999
 4 1837 10  1  21  5  7.4   5  8 44.2  351 20  -99.999
 4 1837 10  1  21 15 27.6   5 19  2.7  999 99    2.842
 4 1837 10  1  21 25 57.1   5 29 31.5  351  1  -99.999
 4 1837 10 28  21 34 34.5   3 48  1.9  351 49  -99.999
 4 1837 10 28  21 44 29.4   3 57 55.2  999 99    2.784
 4 1837 10 28  21 53 21.5   4  6 45.8  351 28  -99.999
