 1 0 1901  5 14  13 27.5  253.77  13 27.6  14.81
 1 0 1901  5 15  13  6.6   30.71  13  6.5  14.58
 1 0 1901  5 23  12 56.2   94.67  12 56.5  13.92
 1 0 1901  5 28  12 15.8   86.55  12 16.0  14.30
 1 0 1901  6  4  12  0.5  355.93  12  0.8  13.29
 1 0 1901  6  9  10 57.4  359.24  10 57.1  14.34
 1 0 1901  6 10  11 52.6  144.60  11 52.5  13.95
 1 0 1901  6 24  11 28.2  335.27  11 28.5  14.25
 1 0 1901  7  5  10 23.7  104.29  10 23.7  14.06
 1 0 1901  7  9  10  4.0  288.45  10  4.0  13.75
 1 0 1901  7 10   9 25.0  101.31   9 25.2  14.47
 1 0 1901  7 15   8 54.7   81.40   8 54.8  13.91
 1 0 1901  7 21   8 52.8  214.45   8 52.7  13.87
 1 0 1901  8  2   8 48.1  126.64   8 48.5  13.54
 1 0 1901  8  7   8 47.9  135.27   8 48.0  13.62
 1 0 1901  8  8   8 40.5  267.47   8 41.5  13.84
 1 0 1901  8 17   8 20.0  128.74   8 21.0  13.90
 1 0 1901  8 18   8 23.0  262.70   8 23.0  12.73
 1 0 1901  8 20   8 14.5  176.84   8 14.5  13.21
 2 0 1901  5 14  13 11.8  160.05  13 11.8  19.83
 2 0 1901  5 15  12 54.3  246.20  12 54.8  19.95
 2 0 1901  5 23  12 44.7  219.74  12 44.5  21.21
 2 0 1901  5 28  12  3.8  294.24  12  4.0  20.94
 2 0 1901  6  4  11 46.2  176.09  11 52.0  20.78
 2 0 1901  6  9  10 44.0  251.19  10 44.2  21.76
 2 0 1901  6 10  11 42.4  343.05  11 42.8  20.53
 2 0 1901  6 19  11 43.5   42.55  11 43.8  20.19
 2 0 1901  6 24  11 18.3  121.16  11 18.2  21.64
 2 0 1901  7  9   9 47.4  302.77   9 47.9  21.12
 2 0 1901  7 10   9 36.9   58.52   9 37.7  21.10
 2 0 1901  7 21   9  7.5  283.75   9  7.5  18.91
 2 0 1901  8  8   8 31.6   59.96   8 32.0  20.30
 2 0 1901  8  9   8 46.8  145.90   8 47.2  18.90
 2 0 1901  8 19   8 10.5  294.26   8 12.5  22.40
 3 0 1901  4 11  15 14.4  251.96  15 14.7  33.10
 3 0 1901  4 16  15 18.3  100.15  15 19.2  32.88
 3 0 1901  4 17  14 23.6  138.48  14 23.5  32.87
 3 0 1901  4 26  14  9.8  150.04  14  9.8  33.11
 3 0 1901  4 27  14  9.2  192.16  14  9.8  32.66
 3 0 1901  4 28  14 13.2  233.96  14 13.0  32.54
 3 0 1901  4 29  13 41.5  273.78  13 43.1  32.92
 3 0 1901  5 13  12 38.0  131.47  12 37.8  33.30
 3 0 1901  5 14  12 37.8  173.32  12 37.8  33.39
 3 0 1901  5 15  12 10.6  214.73  12 10.8  32.67
 3 0 1901  5 16  12 18.4  254.90  12 19.2  32.94
 3 0 1901  5 17  12 11.5  297.04  12 12.8  33.07
 3 0 1901  5 22  12 20.8  143.08  12 21.4  33.36
 3 0 1901  5 23  12  9.8  184.59  12 10.2  33.21
 3 0 1901  5 28  11 29.8   30.33  11 29.8  33.35
 3 0 1901  6  3  10 41.6  276.10  10 41.5  33.02
 3 0 1901  6  4  11 15.0  318.95  11 16.1  33.30
 3 0 1901  6  9  10  9.4  162.58  10  9.8  33.41
 3 0 1901  6 10  11 12.5  208.02  11 12.8  33.32
 3 0 1901  6 18  11  7.5  178.34  11  7.6  32.80
 3 0 1901  6 19  11  4.5  219.57  11  4.7  33.16
 3 0 1901  6 23  10 52.8   24.97  10 53.3  33.34
 3 0 1901  6 24  10 45.0   65.61  10 45.4  33.41
 3 0 1901  7  5   9 54.1  158.21   9 54.1  32.62
 3 0 1901  7  9   9 12.7  323.04   9 13.2  33.24
 3 0 1901  7 10   8 57.9    4.87   8 58.2  32.80
 3 0 1901  7 15   8 22.2  210.25   8 22.0  32.57
 3 0 1901  7 20   9 11.1   58.47   9 11.7  32.55
 3 0 1901  7 21   8 21.5   99.20   8 21.5  33.00
 3 0 1901  7 23   8 27.8  181.23   8 28.4  32.81
 3 0 1901  8  2   8 13.6  234.05   8 14.0  32.28
 3 0 1901  8  7   8 16.9   80.43   8 17.1  32.78
 3 0 1901  8  8   8  2.1  123.06   8  2.0  32.61
 3 0 1901  8  9   7 59.8  162.56   7 59.5  32.46
 3 0 1901  8 17   7 56.2  132.55   7 56.4  31.94
 3 0 1901  8 18   8 36.2  175.54   8 36.4  31.93
 3 0 1901  8 19   7 42.0  215.23   7 42.0  32.20
 3 0 1901  8 20   7 40.9  257.60   7 41.2  31.84
 3 0 1901  9  4   7 18.8  157.58   7 19.2  31.12
 3 0 1901  9  6   7 20.3  239.83   7 20.3  31.40
 4 0 1901  4 11  15 38.1  165.14  15 38.1  43.20
 4 0 1901  4 16  15 45.0  297.50  15 45.0  43.65
 4 0 1901  4 17  14 52.5  326.12  14 57.8  45.87
 4 0 1901  4 26  14 29.6  204.87  14 29.8  43.91
 4 0 1901  4 27  14 40.2  232.24  14 40.9  43.79
 4 0 1901  4 28  14 40.0  258.46  14 40.2  43.96
 4 0 1901  4 29  14  9.3  283.63  14 10.0  44.06
 4 0 1901  5 13  12 59.2  297.73  12 59.2  43.91
 4 0 1901  5 14  13  0.8  324.38  13  0.2  43.99
 4 0 1901  5 15  12 39.6  351.18  12 35.6  44.31
 4 0 1901  5 16  12 40.2   17.69  12 40.2  44.31
 4 0 1901  5 22  12 43.3  179.08  12 42.8  44.25
 4 0 1901  5 23  12 29.4  205.44  12 29.2  44.69
 4 0 1901  5 28  11 49.3  337.63  11 49.5  44.25
 4 0 1901  6  3  10 54.5  137.37  10 55.0  44.20
 4 0 1901  6  4  11 33.2  164.93  11 32.8  43.76
 4 0 1901  6  9  10 30.2  295.27  10 30.2  44.24
 4 0 1901  6 10  11 30.0  325.60  11 30.1  44.47
 4 0 1901  6 18  11 23.7  178.82  11 23.8  44.57
 4 0 1901  6 19  11 23.7  206.16  11 23.6  44.22
 4 0 1901  6 23  11 10.1  311.66  11 10.1  44.80
 4 0 1901  6 24  11  1.7  338.95  11  1.7  44.31
 4 0 1901  7  5  10 11.7  272.36  10 11.7  44.02
 4 0 1901  7  9   9 32.8   19.54   9 33.0  43.68
 4 0 1901  7 10   9 14.6   46.67   9 14.7  43.23
 4 0 1901  7 15   8 40.4  177.87   8 40.6  43.87
 4 0 1901  7 20   9 28.0  312.32   9 28.0  44.34
 4 0 1901  7 21   8 40.0  338.86   8 40.0  44.21
 4 0 1901  7 23   8 49.1   32.54   8 49.2  44.03
 4 0 1901  8  2   8 29.7  299.94   8 29.7  43.36
 4 0 1901  8  7   8 31.7   74.34   8 31.5  43.80
 4 0 1901  8  8   8 19.5   99.64   8 19.8  43.74
 4 0 1901  8  9   8 17.2  126.33   8 17.5  43.70
 4 0 1901  8 17   8 11.2  338.95   8 11.3  42.44
 4 0 1901  8 18   8 47.9    7.78   8 48.0  43.62
 4 0 1901  8 19   7 56.8   34.17   7 57.1  42.24
 4 0 1901  8 20   7 56.6   61.21   7 56.9  42.87
 4 0 1901  9  4   7 37.8  101.42   7 38.0  42.24
 4 0 1901  9  6   7 38.5  154.10   7 38.7  42.46
 4 3 1901  4 11  15 26.4  126.94  15 26.1  53.66
 4 3 1901  4 16  15 33.6  290.32  15 33.4  75.58
 4 3 1901  4 17  14 39.5  321.91  14 40.0  76.85
 4 3 1901  4 26  14 21.5  252.02  14 22.0  35.54
 4 3 1901  4 27  14 25.4  279.18  14 26.4  27.73
 4 3 1901  4 28  14 27.5  301.83  14 28.0  19.81
 4 3 1901  4 29  13 56.0  308.13  13 56.0  13.63
 4 3 1901  5 13  12 50.4  303.15  12 49.7  77.42
 4 3 1901  5 14  12 49.2  336.13  12 49.4  75.12
 4 3 1901  5 15  12 24.1    8.70  12 24.6  71.79
 4 3 1901  5 16  12 29.1   41.77  12 29.4  68.08
 4 3 1901  5 17  12 19.8   73.53  12 23.0  62.23
 4 3 1901  5 22  12 32.2  226.55  12 32.0  25.28
 4 3 1901  5 23  12 19.2  245.26  12 19.5  17.07
 4 3 1901  5 28  11 40.0  289.85  11 40.0  36.23
 4 3 1901  6  4  11 24.4  153.64  11 24.4  75.67
 4 3 1901  6  9  10 20.2  316.86  10 19.8  72.11
 4 3 1901  6 10  11 21.5  351.08  11 21.5  61.60
 4 3 1901  6 18  11 15.4  180.62  11 15.2  11.61
 4 3 1901  6 19  11 14.8  173.82  11 14.8  14.90
 4 3 1901  6 23  11  1.3  269.14  11  1.5  47.10
 4 3 1901  6 24  10 53.1  301.23  10 53.0  54.17
 4 3 1901  7  5  10  3.4  300.29  10  3.5  64.84
 4 3 1901  7  9   9 23.0   66.05   9 23.0  37.11
 4 3 1901  7 10   9  5.9   94.02   9  6.3  28.75
 4 3 1901  7 15   8 32.2  131.45   8 32.1  24.53
 4 3 1901  7 20   9 19.7  281.82   9 19.8  61.73
 4 3 1901  7 21   8 29.8  313.32   8 29.9  67.37
 4 3 1901  7 23   8 39.7   19.54   8 39.8  74.07
 4 3 1901  8  2   8 22.3  344.19   8 22.3  41.83
 4 3 1901  8  7   8 23.7   51.40   8 23.7  12.63
 4 3 1901  8  8   8 11.2   58.76   8 11.5  18.81
 4 3 1901  8  9   8  8.7   77.56   8  9.0  26.20
 4 3 1901  8 17   8  3.4  328.97   8  3.5  74.26
 4 3 1901  8 18   8 41.8    2.71   8 42.0  74.65
 4 3 1901  8 19   7 49.8   34.99   7 49.9  73.47
 4 3 1901  8 20   7 48.9   67.82   7 48.8  73.55
 4 3 1901  9  4   7 28.8   54.09   7 28.8  35.73
 4 3 1901  9  6   7 30.0  115.56   7 30.3  50.54
