 1 1856 11  6 11 40    180  0  -99.99
 1 1856 11 28 10  5    249  0  -99.99
 1 1856 11 29 11 15    160  0  -99.99
 1 1856 11 30 10 15    328  0  -99.99
 1 1856 12  1 10 25    180  0  -99.99
 1 1856 12 14 10 45    185  0  -99.99
 1 1856 12 18  9 50    280  0  -99.99
 1 1856 12 26 10  0    210  0  -99.99
 1 1856 12 27 10  2     80  0  -99.99
 2 1856 11  6 11 40    335  0  -99.99
 2 1856 11 28 10  5    215  0  -99.99
 2 1856 11 29 11 15     80  0  -99.99
 2 1856 11 30 10 15     50  0  -99.99
 2 1856 12 14 10 45    280  0  -99.99
 2 1856 12 18  9 50    295  0  -99.99
 2 1856 12 27 10  2    225  0  -99.99
 3 1856 11  6 12 10     41 13  -99.99
 3 1856 11  6 12 39.5  999 99   28.69
 3 1856 11 29 11 27    175 36  -99.99
 3 1856 11 29 12 48    999 99   32.70
 3 1856 12  1 10 33.9   93 31  -99.99
 3 1856 12  1 11  7.2  999 99   29.45
 3 1856 12 14 11  1.0  272 19  -99.99
 3 1856 12 14 11 43.4  999 99   29.44
 3 1856 12 18 10  9.1  112 47  -99.99
 3 1856 12 18 10 43.3  999 99   26.91
 3 1856 12 26 10  9.9  141 40  -99.99
 3 1856 12 26 10 41.4  999 99   30.44
 3 1856 12 27 10 47.0   96 19  -99.99
 3 1856 12 27 10 35.0  999 99   28.30
 3 1856 12 28 10 47.5   55 45  -99.99
 3 1856 12 28 10 26.2  999 99   29.08
 4 1856 11  6 11 52    271 41  -99.99
 4 1856 11  6 12 28.5  999 99   37.83
 4 1856 11 29 12 17.8  999 99   42.37
 4 1856 11 30 11  7.0  351 34  -99.99
 4 1856 11 30 10 33.0  999 99   43.40
 4 1856 12  1 10 45.9  327 52  -99.99
 4 1856 12  1 11 20.0  999 99   41.80
 4 1856 12 14 11 12.5  339  3  -99.99
 4 1856 12 14 11 29.3  999 99   42.66
 4 1856 12 18 10 25.1  228  5  -99.99
 4 1856 12 18 11  2.3  999 99   40.27
 4 1856 12 26 10 19.3   17 41  -99.99
 4 1856 12 26 10 30.9  999 99   41.79
 4 1856 12 27 10 57.0  350 44  -99.99
 4 1856 12 27 10 12.4  999 99   42.64
 4 1856 12 28 10 57.7  326 56  -99.99
 4 1856 12 28 10  3.1  999 99   41.35
 4 1857  1 13  9 17.0   76 29  -99.99
 4 1857  1 13  9  6.0  999 99   37.13
