2444700.72917    1.87   -9.78   169.2
2444700.73819    1.60   -9.79   170.7
2444700.76944    0.44   -9.96   177.4
2444700.78056   -0.12   -9.96   180.7
2444700.78889   -0.27   -9.96   181.6
2444700.79583   -0.67   -9.97   183.8
2444700.80694   -1.11   -9.83   186.4
2444700.81875   -1.60   -9.75   189.3
2444701.71528    7.61    5.09    56.2
2444701.72500    8.00    4.68    59.6
2444701.75764    8.54    3.30    68.9
2444701.77083    8.61    2.96    71.0
2444701.80625    8.87    1.39    81.1
2444701.81319    9.01    1.24    82.2
2444701.88056    8.96   -1.83   101.5
2444701.88889    8.80   -2.19   104.0
2444701.89583    8.74   -2.62   106.7
2444701.90278    8.62   -2.69   107.3
2444701.90972    8.68   -3.02   109.2
2444701.91667    8.65   -3.36   111.2
2444702.77083   -4.90    8.15   329.0
2444702.78333   -4.57    8.48   331.7
2444702.79167   -4.26    8.57   333.6
2444702.80208   -3.84    8.78   336.4
2444702.82292   -3.00    9.15   341.8
2444702.83333   -2.50    9.53   345.3
2444702.85556   -1.76    9.56   349.5
2444702.86458   -1.27    9.47   352.4
2444703.72222   -4.35   -8.59   206.9
2444703.74097   -5.03   -8.12   211.8
2444703.76389   -5.81   -7.40   218.1
2444703.77014   -6.13   -7.29   220.1
2444703.78611   -6.49   -6.77   223.8
2444703.80347   -7.00   -6.22   228.4
2444703.80764   -7.19   -6.09   229.7
2444703.81111   -7.06   -5.88   230.2
2444703.85208   -8.14   -4.40   241.6
2444703.85625   -8.05   -4.27   242.1
2444703.86111   -8.23   -4.01   244.0
2444703.87500   -8.51   -3.45   247.9
2444703.88194   -8.54   -3.29   248.9
2444703.88889   -8.66   -2.88   251.6
2444703.89583   -8.83   -2.58   253.7
2444704.71250    8.94   -2.05   102.9
2444704.72569    8.90   -2.59   106.2
2444704.85417    6.23   -7.38   139.8
2444704.87500    5.66   -7.87   144.3
2444704.88542    5.14   -8.30   148.2
2444704.89583    4.64   -8.30   150.8
2444704.90625    4.42   -8.62   152.9
2444705.79028    2.61    9.40    15.5
2444705.79514    2.80    9.35    16.7
2444705.80208    3.02    9.22    18.1
2444705.80903    3.37    9.15    20.2
2444705.81667    3.57    8.96    21.7
2444705.82292    3.84    8.94    23.2
2444705.82778    4.01    8.73    24.7
2444705.83472    4.22    8.75    25.7
2444705.84167    4.51    8.54    27.9
2444705.88368    5.92    7.42    38.6
2444705.89028    6.05    7.23    39.9
2444705.90903    6.70    6.72    44.9
2444705.91389    6.73    6.47    46.2
2444706.76042   -9.06   -1.05   263.4
2444706.76736   -9.07   -0.86   264.6
2444706.77639   -9.09   -0.45   267.2
2444706.78333   -9.03   -0.12   269.2
2444706.79306   -9.17    0.36   272.3
2444706.80347   -9.04    0.82   275.2
2444708.73472    6.58    6.76    44.2
2444708.75556    7.10    6.26    48.6
2444708.76250    7.27    5.86    51.1
2444708.77083    7.47    5.58    53.3
2444708.77778    7.60    5.20    55.6
2444708.78472    7.81    4.96    57.6
2444708.79167    7.93    4.85    58.5
2444708.79861    8.09    4.54    60.7
2444708.80556    8.13    4.23    62.5
2444708.81250    8.22    3.83    65.0
2444708.81944    8.33    3.64    66.4
2444708.82639    8.61    3.34    68.8
2444708.83333    8.53    3.03    70.5
