1  2451074.377093 20 47 20.5206 -18 36 16.098   13.548
1  2452895.448474 22  9 35.6288 -12 11 54.698   12.945
2  2450720.334014 20 29 31.0811 -19 40 12.421   15.338
2  2450723.325721 20 29 22.3373 -19 40  8.995   15.753
2  2451075.374298 20 47 14.9667 -18 36  7.932   15.121
2  2451077.368706 20 47  3.5834 -18 37 23.985   15.174
2  2452144.484335 21 40 36.1333 -14 42 44.087   14.818
2  2452842.598451 22 17 12.3715 -11 29 36.245   15.205
2  2452848.581549 22 16 27.2051 -11 33 19.609   15.016
2  2452854.564622 22 15 39.9585 -11 38 29.320   15.342
2  2452861.544818 22 14 39.8979 -11 43 39.290   15.115
2  2452873.510810 22 12 52.1047 -11 53 44.207   14.778
2  2452886.473956 22 10 54.3403 -12  4 42.303   15.250
2  2453248.494065 22 27  6.2243 -10 34  9.845   15.136
2  2453252.482728 22 26 30.2536 -10 37 35.329   15.141
2  2453586.581891 22 46 27.9281  -8 38 57.131   15.274
2  2453594.559319 22 45 24.7302  -8 45 27.922   15.254
2  2453667.353492 22 36  0.8479  -9 41 24.849   15.770
2  2453669.347930 22 35 52.1568  -9 41 32.338   15.556
2  2453692.284639 22 35  9.8863  -9 45 25.327   15.587
2  2453696.273749 22 35 12.6667  -9 45  0.135   16.094
2  2453704.252074 22 35 27.3333  -9 43 10.980   15.947
3  2450707.370176 20 30 28.6617 -19 36 58.202   13.987
3  2450709.364576 20 30 16.6443 -19 38  2.362   14.314
3  2450711.358981 20 30  5.0764 -19 38  9.394   14.217
3  2450718.339543 20 29 36.9951 -19 40  8.504   14.410
3  2450720.333989 20 29 28.9489 -19 39 57.783   14.381
3  2450721.331227 20 29 26.2232 -19 39 46.783   14.430
3  2450723.325724 20 29 22.5849 -19 39 58.462   14.355
3  2450724.322972 20 29 20.7378 -19 40 23.667   14.206
3  2450726.317450 20 29 15.5426 -19 41 12.237   14.309
3  2450730.306438 20 29  7.7079 -19 40 34.509   14.684
3  2450738.284555 20 29  4.4971 -19 40 43.854   14.829
3  2450739.281839 20 29  5.7495 -19 40 24.306   14.428
3  2450750.252059 20 29 27.9924 -19 39 11.399   14.837
3  2450751.249365 20 29 31.1659 -19 39 20.097   14.446
3  2451074.377101 20 47 21.2615 -18 36 31.971   14.370
3  2451075.374293 20 47 14.5591 -18 36 56.240   14.463
3  2451077.368691 20 47  2.3335 -18 37  3.519   14.168
3  2451078.365903 20 46 57.3993 -18 37  2.816   14.292
3  2451081.357568 20 46 44.9624 -18 38 13.098   14.519
3  2451478.281554 21  2  9.0905 -17 36 14.962   14.715
3  2452106.591956 21 46 11.5213 -14 13 45.610   14.203
3  2452111.577858 21 45 32.7331 -14 18 12.197   14.253
3  2452112.575027 21 45 24.0143 -14 18 39.510   14.612
3  2452114.569375 21 45  7.3689 -14 19 26.783   14.226
3  2452115.566554 21 44 59.5204 -14 20  5.646   14.299
3  2452116.563734 21 44 51.7358 -14 21  0.238   14.601
3  2452119.555245 21 44 25.9143 -14 24  6.400   14.255
3  2452120.552406 21 44 16.5013 -14 24 46.666   14.209
3  2452131.521216 21 42 36.2209 -14 32 33.321   14.800
3  2452132.518383 21 42 27.3849 -14 33  8.817   14.107
3  2452136.507046 21 41 51.3280 -14 37 16.089   13.862
3  2452142.490015 21 40 55.0606 -14 41  5.762   14.201
3  2452144.484347 21 40 37.1115 -14 43 19.465   14.169
3  2452145.481505 21 40 27.5128 -14 44 18.581   14.137
3  2452146.478661 21 40 17.6380 -14 45  2.906   14.026
3  2452157.447486 21 38 38.7829 -14 52 22.788   14.717
3  2452158.444661 21 38 30.6159 -14 52 50.584   14.416
3  2452159.441840 21 38 22.8274 -14 53 32.000   14.406
3  2452163.430540 21 37 49.9979 -14 57 12.065   14.491
3  2452172.405175 21 36 41.4971 -15  2 38.377   14.497
3  2452180.382733 21 35 49.7633 -15  6 45.290   14.485
3  2452182.377124 21 35 36.9088 -15  7 19.128   14.997
3  2452186.365970 21 35 16.8401 -15  8 29.075   14.697
3  2452192.349254 21 34 48.0415 -15 10 33.717   14.698
3  2452193.346482 21 34 44.4813 -15 10 37.667   14.991
3  2452206.310598 21 34 11.0001 -15 13 59.184   14.270
3  2452211.296881 21 34  5.4731 -15 13 13.086   14.757
3  2452215.285964 21 34  5.9029 -15 14  5.292   14.825
3  2452229.248013 21 34 29.9141 -15 10 40.343   14.706
3  2452497.530265 21 58 36.2108 -13 10 29.485   14.169
3  2452520.465053 21 55  7.0865 -13 30  0.451   14.149
3  2452528.442416 21 53 58.3549 -13 35 58.039   14.315
3  2452540.408554 21 52 23.3676 -13 43 12.126   14.554
3  2452541.405745 21 52 16.5147 -13 43 32.847   14.141
3  2452830.632091 22 18 28.4905 -11 21 29.968   13.474
3  2452832.626505 22 18 17.5643 -11 23 17.895   13.955
3  2452842.598451 22 17 12.4082 -11 29 47.403   13.980
3  2452845.589998 22 16 49.6098 -11 31  2.708   14.175
3  2452849.578742 22 16 20.5212 -11 34 38.706   14.180
3  2452852.570263 22 15 55.5436 -11 36 52.709   13.400
3  2452854.564610 22 15 38.8427 -11 37 48.972   14.223
3  2452860.547649 22 14 48.6871 -11 43 31.486   14.114
3  2452873.510813 22 12 52.3989 -11 53 36.265   14.034
3  2452876.502314 22 12 25.6987 -11 57  3.946   13.979
3  2452877.499474 22 12 16.1386 -11 57 56.463   13.920
3  2452886.473957 22 10 54.4186 -12  5 25.874   14.182
3  2452895.448476 22  9 35.8396 -12 12 31.376   14.426
3  2452899.437171 22  9  2.6131 -12 14 37.922   14.328
3  2453252.482724 22 26 29.8380 -10 37 42.283   13.815
3  2453255.474217 22 26  2.5181 -10 39 23.487   14.227
3  2453256.471389 22 25 54.0492 -10 40 16.956   14.492
3  2453259.462904 22 25 28.5597 -10 43 41.204   14.439
3  2453264.448745 22 24 44.6493 -10 46 46.363   14.204
3  2453265.445923 22 24 36.7300 -10 47 40.480   14.257
3  2453268.437454 22 24 12.7211 -10 50 52.384   13.977
3  2453273.423337 22 23 32.4333 -10 53 33.213   14.633
3  2453282.398023 22 22 28.3425 -10 59 29.973   14.146
3  2453322.287210 22 20 10.5499 -11 11 59.669   14.591
3  2453330.265456 22 20 18.3369 -11 11  6.654   14.582
3  2453334.254623 22 20 26.0803 -11  9 12.048   14.544
3  2453572.621214 22 48  3.3164  -8 29 45.021   14.428
3  2453577.607191 22 47 31.1213  -8 32  8.577   14.399
3  2453586.581888 22 46 27.7170  -8 38 44.971   13.947
3  2453591.567798 22 45 49.7052  -8 43 43.602   14.453
3  2453594.559316 22 45 24.4826  -8 45 19.790   14.729
3  2453613.505538 22 42 39.5470  -9  2  4.972   13.631
3  2453625.471547 22 40 53.2736  -9 13 38.899   14.469
3  2453629.460211 22 40 17.3719  -9 16  6.770   14.748
3  2453633.448912 22 39 44.6960  -9 20 15.511   14.529
3  2453639.431957 22 38 55.0667  -9 24  9.664   14.187
3  2453651.398193 22 37 28.6411  -9 33 27.618   14.554
3  2453660.372997 22 36 34.7569  -9 38 31.755   14.689
3  2453669.347939 22 35 52.8639  -9 42 20.576   14.759
3  2453682.312013 22 35 15.7783  -9 44 24.452   14.281
3  2453696.273748 22 35 12.5342  -9 45  5.842   14.616
3  2453704.252075 22 35 27.4087  -9 43 24.458   14.432
4  2450707.370165 20 30 27.7111 -19 37 36.720   14.557
4  2450709.364561 20 30 15.2925 -19 38  3.184   14.719
4  2450711.358975 20 30  4.5412 -19 38  1.352   14.739
4  2450718.339568 20 29 39.1023 -19 39 44.943   14.678
4  2450720.334017 20 29 31.3709 -19 40 35.456   14.709
4  2450721.331241 20 29 27.4229 -19 40 49.178   14.291
4  2450723.325697 20 29 20.2507 -19 40 48.679   14.721
4  2450724.322933 20 29 17.3731 -19 40 38.372   14.570
4  2450726.317426 20 29 13.4499 -19 40 15.088   14.669
4  2450730.306468 20 29 10.3182 -19 40 38.621   14.768
4  2450738.284548 20 29  3.8950 -19 40 53.330   14.332
4  2450739.281827 20 29  4.7171 -19 40 31.575   14.992
4  2450750.252027 20 29 25.1831 -19 39 46.820   14.817
4  2451074.377072 20 47 18.7318 -18 36 11.562   14.572
4  2451075.374275 20 47 12.9527 -18 36 13.516   14.708
4  2451077.368698 20 47  2.9395 -18 36 26.890   14.426
4  2451078.365916 20 46 58.5061 -18 36 43.810   14.163
4  2451081.357573 20 46 45.4378 -18 38 16.899   15.015
4  2451107.285910 20 45 47.6371 -18 40 58.391   14.842
4  2451478.281550 21  2  8.7181 -17 36 34.033   14.723
4  2452111.577844 21 45 31.5481 -14 17 38.903   14.490
4  2452112.575020 21 45 23.4008 -14 18  3.376   14.574
4  2452114.569378 21 45  7.6235 -14 19 11.198   14.298
4  2452115.566557 21 44 59.7939 -14 19 57.816   14.564
4  2452116.563736 21 44 51.9017 -14 20 53.385   14.338
4  2452119.555254 21 44 26.6566 -14 24  1.713   14.358
4  2452120.552419 21 44 17.6078 -14 24 58.515   14.453
4  2452121.549581 21 44  8.2712 -14 25 47.692   14.304
4  2452131.521239 21 42 38.2791 -14 32 51.578   13.567
4  2452132.518404 21 42 29.1693 -14 33 57.533   14.536
4  2452134.512721 21 42  9.9325 -14 35 54.937   14.318
4  2452136.507032 21 41 50.1133 -14 37 19.099   14.174
4  2452142.490012 21 40 54.7923 -14 40 51.149   14.471
4  2452143.487181 21 40 46.0956 -14 41 48.747   14.342
4  2452144.484349 21 40 37.2699 -14 42 52.114   14.462
4  2452145.481514 21 40 28.2615 -14 43 57.377   14.277
4  2452146.478676 21 40 18.9685 -14 45  1.087   14.274
4  2452157.447507 21 38 40.6823 -14 52 18.458   14.712
4  2452158.444682 21 38 32.4731 -14 53 18.912   14.544
4  2452159.441855 21 38 24.0861 -14 54 18.976   14.835
4  2452163.430531 21 37 49.2328 -14 57 11.973   14.856
4  2452165.424878 21 37 32.5697 -14 57 53.708   15.124
4  2452169.413619 21 37  3.3824 -14 59 46.667   14.624
4  2452172.405190 21 36 42.8287 -15  2 17.550   14.888
4  2452178.388316 21 36  0.2744 -15  5 23.513   14.717
4  2452182.377130 21 35 37.4573 -15  6 28.025   14.736
4  2452186.365978 21 35 17.5676 -15  9  4.821   15.020
4  2452191.352031 21 34 52.0806 -15 10 46.306   14.805
4  2452192.349250 21 34 47.6655 -15 10 46.206   14.608
4  2452194.343704 21 34 40.3051 -15 10 49.848   14.998
4  2452197.335413 21 34 31.7574 -15 11 41.530   15.031
4  2452198.332652 21 34 29.1258 -15 12 11.396   14.871
4  2452206.310576 21 34  9.0527 -15 13 17.992   14.990
4  2452209.302358 21 34  6.8199 -15 13  1.112   14.535
4  2452211.296895 21 34  6.6236 -15 13 23.701   15.037
4  2452215.285966 21 34  6.0743 -15 14 15.257   15.041
4  2452217.280504 21 34  5.9994 -15 13 56.097   15.208
4  2452229.248014 21 34 30.0487 -15 11 46.399   14.848
4  2452497.530284 21 58 37.8277 -13 11 32.425   14.185
4  2452504.510413 21 57 32.1337 -13 15 58.454   14.381
4  2452520.465057 21 55  7.3895 -13 29  3.626   13.875
4  2452528.442398 21 53 56.7395 -13 35 34.363   14.484
4  2452531.433924 21 53 32.2744 -13 36 55.906   14.471
4  2452540.408560 21 52 23.8604 -13 43 55.591   14.514
4  2452541.405742 21 52 16.3030 -13 44 15.613   14.771
4  2452544.397313 21 51 55.7012 -13 45  8.524   14.795
4  2452553.372122 21 51  2.2897 -13 50 47.707   14.608
4  2452832.626508 22 18 17.8121 -11 23 13.846   14.059
4  2452839.606867 22 17 31.9069 -11 26 51.902   14.417
4  2452842.598446 22 17 11.9325 -11 28 40.337   14.109
4  2452845.590017 22 16 51.2383 -11 31 35.836   14.587
4  2452848.581559 22 16 28.0753 -11 34 18.383   14.440
4  2452849.578734 22 16 19.8713 -11 34 57.432   14.470
4  2452852.570256 22 15 54.9370 -11 36 25.437   14.348
4  2452853.567431 22 15 46.7841 -11 36 56.849   14.200
4  2452854.564609 22 15 38.7582 -11 37 35.268   14.263
4  2452860.547660 22 14 49.6084 -11 43 40.162   14.272
4  2452861.544827 22 14 40.6698 -11 44 36.663   14.504
4  2452870.519323 22 13 20.0377 -11 51  4.254   14.180
4  2452873.510825 22 12 53.4416 -11 54 30.311   14.444
4  2452874.507988 22 12 44.1487 -11 55 32.390   14.310
4  2452876.502307 22 12 25.0776 -11 57 11.274   14.263
4  2452877.499466 22 12 15.4897 -11 57 48.631   14.105
4  2452886.473968 22 10 55.3577 -12  5 17.713   14.425
4  2452895.448470 22  9 35.3333 -12 11 25.678   14.411
4  2452897.442827 22  9 19.5055 -12 13 11.347   14.435
4  2452899.437183 22  9  3.6507 -12 15 15.596   13.618
4  2453245.502558 22 27 32.3323 -10 30 34.075   14.265
4  2453252.482730 22 26 30.3839 -10 38  0.754   14.401
4  2453257.468549 22 25 44.5071 -10 41  3.372   14.553
4  2453259.462891 22 25 27.4679 -10 42 34.442   14.505
4  2453264.448760 22 24 46.0205 -10 47 51.501   14.750
4  2453265.445931 22 24 37.4675 -10 48 45.038   14.370
4  2453266.443101 22 24 28.8249 -10 49 29.904   14.436
4  2453270.431791 22 23 55.2147 -10 51 29.042   14.554
4  2453273.423339 22 23 32.5653 -10 53 26.125   14.443
4  2453331.262754 22 20 20.8218 -11 10 52.744   14.827
4  2453334.254628 22 20 26.5663 -11 10 14.534   14.905
4  2453341.235768 22 20 48.4789 -11  6 47.863   14.829
4  2453577.607198 22 47 31.6759  -8 32 57.152   14.647
4  2453586.581902 22 46 28.9129  -8 39 36.770   14.146
4  2453594.559314 22 45 24.2848  -8 45  9.055   14.657
4  2453613.505548 22 42 40.4701  -9  2 51.300   13.685
4  2453628.463057 22 40 27.3561  -9 16 22.292   14.861
4  2453629.460225 22 40 18.5751  -9 17 14.685   14.870
4  2453633.448897 22 39 43.3776  -9 19 36.216   15.000
4  2453635.443244 22 39 26.7935  -9 20 49.794   14.395
4  2453651.398187 22 37 28.1039  -9 32 35.865   14.405
4  2453660.372982 22 36 33.5251  -9 37 46.209   14.500
4  2453667.353497 22 36  1.3539  -9 41 27.170   14.782
4  2453669.347941 22 35 53.1011  -9 42 30.789   14.926
4  2453682.312028 22 35 17.0285  -9 45 31.771   14.710
4  2453683.309277 22 35 15.3066  -9 45 39.982   14.826
4  2453684.306528 22 35 13.6686  -9 45 38.864   14.786
4  2453696.273754 22 35 13.0431  -9 45 21.307   14.792
4  2453698.268314 22 35 14.9113  -9 44 48.950   14.774
4  2453704.252066 22 35 26.6647  -9 42 20.501   14.563
