1  356  1963 2 24.959422   10 23 29.522 +10 55 03.92    0.73  0.60
1 2671  1963 3 24.847760   10 19 09.689 +11 19 26.26    0.61  0.03
1 2693  1963 4 18.842792   10 16 33.597 +11 33 21.86    0.37  0.28
2  356  1963 2 24.959422   10 23 29.132 +10 54 31.30    0.75  0.72
2  407  1963 4 25.914368   10 16 08.944 +11 35 29.41   -0.33  0.36
3  356  1963 2 24.959422   10 23 28.605 +10 54 16.52    0.52  0.42
3  362  1963 3  4.889946   10 22 09.824 +11 01 55.06    0.28  0.28
3 2671  1963 3 24.847760   10 19 09.772 +11 18 54.60    0.38  0.69
3 2693  1963 4 18.842792   10 16 32.978 +11 32 35.90    0.41  0.27
3  407  1963 4 25.914368   10 16 08.024 +11 34 51.09    0.37  0.05
4  356  1963 2 24.959422   10 23 30.045 +10 55 33.66    0.43  0.39
4  362  1963 3  4.889946   10 22 10.237 +11 01 36.12    0.33  0.61
4 2671  1963 3 24.847760   10 19 09.924 +11 19 55.92    0.04  0.38
4 2693  1963 4 18.842792   10 16 34.318 +11 33 42.89    0.28  0.30
4  407  1963 4 25.914368   10 16 07.838 +11 34 31.20    0.25  0.06