2001  5 17  11 41 46.0  21 49 11.9890  -13  56  57.480  2  Tycho-2
2001  5 17  11 47  4.9  21 49 12.0020  -13  56  57.410  2  Tycho-2
2001  5 17  11 51 59.9  21 49 12.0120  -13  56  57.380  2  Tycho-2
2001  6 21  10  2 58.9  21 48 38.5940  -14   0  37.080  2  Tycho-2
2001  6 21  10 13 23.0  21 48 38.5640  -14   0  37.160  2  Tycho-2
2001  6 21  10 24 13.0  21 48 38.5430  -14   0  37.270  2  Tycho-2
2001  8 10   5 19 38.9  21 42 34.9740  -14  32  43.170  2  Tycho-2
2001  8 10   5 59 30.9  21 42 34.7490  -14  32  44.650  2  Tycho-2
2001  5 17  11 41 46.0  21 49 12.2560  -13  56  21.110  3  Tycho-2
2001  5 17  11 47  4.9  21 49 12.2690  -13  56  21.200  3  Tycho-2
2001  5 17  11 51 59.9  21 49 12.2810  -13  56  21.160  3  Tycho-2
2001  6 20  10 52 19.0  21 48 42.7390  -14   0   2.950  3  Tycho-2
2001  6 20  11  4 59.0  21 48 42.7140  -14   0   3.200  3  Tycho-2
2001  6 21  10  2 58.9  21 48 39.4630  -14   0  37.400  3  Tycho-2
2001  6 21  10 13 23.0  21 48 39.4320  -14   0  37.670  3  Tycho-2
2001  6 21  10 24 13.0  21 48 39.4050  -14   0  38.030  3  Tycho-2
2001  8 10   5 19 38.9  21 42 34.4260  -14  32  39.440  3  Tycho-2
2001  8 10   5 59 30.9  21 42 34.1750  -14  32  40.400  3  Tycho-2
2001  8 11   7 37 55.9  21 42 24.7720  -14  33  22.250  3  Tycho-2
2001  8 11   7 48  8.9  21 42 24.7070  -14  33  22.550  3  Tycho-2
2001  8 12   8  5 28.9  21 42 15.9630  -14  34  18.750  3  Tycho-2
2001  8 13   7 11  7.9  21 42  7.4660  -14  35  23.270  3  Tycho-2
2001  8 13   7 24  6.0  21 42  7.3850  -14  35  23.900  3  Tycho-2
2001  8 27   5 45  8.0  21 39 56.0890  -14  46   2.210  3  Tycho-2
2001  8 27   5 56 48.0  21 39 56.0150  -14  46   2.480  3  Tycho-2
2001  8 27   6  6 37.9  21 39 55.9530  -14  46   2.620  3  Tycho-2
2001  8 28   6 57 16.9  21 39 46.9180  -14  46  34.790  3  Tycho-2
2001  8 28   7  8 30.9  21 39 46.8500  -14  46  35.080  3  Tycho-2
2001  8 28   7 13 56.0  21 39 46.8190  -14  46  35.240  3  Tycho-2
2001  8 28   7 35 48.0  21 39 46.6890  -14  46  35.770  3  Tycho-2
2001  8 28   7 40 54.9  21 39 46.6780  -14  46  35.910  3  Tycho-2
2001  8 29   6 45 57.0  21 39 38.6130  -14  47  20.230  3  Tycho-2
2001  8 29   6 58 16.0  21 39 38.5460  -14  47  20.690  3  Tycho-2
2001  8 29   7  3 45.0  21 39 38.5080  -14  47  20.860  3  Tycho-2
2001  5 17  11 41 46.0  21 49 11.1980  -13  56   0.650  4  Tycho-2
2001  5 17  11 47  4.9  21 49 11.2130  -13  56   0.640  4  Tycho-2
2001  5 17  11 51 59.9  21 49 11.2210  -13  56   0.580  4  Tycho-2
2001  6 20  10 52 19.0  21 48 43.3380  -14   1  13.250  4  Tycho-2
2001  6 20  11  4 59.0  21 48 43.2830  -14   1  13.530  4  Tycho-2
2001  6 21  10  2 58.9  21 48 38.9340  -14   1  32.260  4  Tycho-2
2001  6 21  10 13 23.0  21 48 38.8950  -14   1  32.380  4  Tycho-2
2001  6 21  10 24 13.0  21 48 38.8590  -14   1  32.540  4  Tycho-2
2001  8 10   5 19 38.9  21 42 36.5380  -14  33   4.890  4  Tycho-2
2001  8 10   5 59 30.9  21 42 36.2680  -14  33   6.770  4  Tycho-2
2001  8 11   7 37 55.9  21 42 26.3420  -14  34  16.870  4  Tycho-2
2001  8 11   7 48  8.9  21 42 26.2680  -14  34  17.270  4  Tycho-2
2001  8 12   8  5 28.9  21 42 16.5500  -14  35  18.450  4  Tycho-2
2001  8 13   7 11  7.9  21 42  7.1020  -14  36   9.190  4  Tycho-2
2001  8 13   7 24  6.0  21 42  7.0140  -14  36   9.620  4  Tycho-2
2001  8 27   5 45  8.0  21 39 57.2520  -14  46  58.480  4  Tycho-2
2001  8 27   5 56 48.0  21 39 57.1730  -14  46  58.840  4  Tycho-2
2001  8 27   6  6 37.9  21 39 57.1080  -14  46  59.100  4  Tycho-2
2001  8 28   6 57 16.9  21 39 47.0640  -14  47  37.640  4  Tycho-2
2001  8 28   7  8 30.9  21 39 46.9860  -14  47  37.900  4  Tycho-2
2001  8 28   7 13 56.0  21 39 46.9510  -14  47  38.040  4  Tycho-2
2001  8 28   7 35 48.0  21 39 46.8000  -14  47  38.540  4  Tycho-2
2001  8 28   7 40 54.9  21 39 46.7710  -14  47  38.590  4  Tycho-2
2001  8 29   6 45 57.0  21 39 37.5810  -14  48   7.110  4  Tycho-2
2001  8 29   6 58 16.0  21 39 37.4990  -14  48   7.210  4  Tycho-2
2001  8 29   7  3 45.0  21 39 37.4620  -14  48   7.420  4  Tycho-2
2002  6 23  11 34 55.4  22  4 13.6330  -12  39  43.980  3  Tycho-2
2002  6 23  11 56 22.7  22  4 13.5780  -12  39  44.670  3  Tycho-2
2002  7 20  10  6  3.9  22  1 39.6060  -12  54  42.240  3  Tycho-2
2002  7 20  10 17  1.7  22  1 39.5450  -12  54  42.640  3  Tycho-2
2002  7 21  10  5 42.4  22  1 31.6010  -12  55  28.180  3  Tycho-2
2002  7 21  10 15 23.1  22  1 31.5460  -12  55  28.440  3  Tycho-2
2002  6 23  11 34 55.4  22  4 11.7760  -12  39  11.340  4  Tycho-2
2002  6 23  11 56 22.7  22  4 11.7210  -12  39  11.370  4  Tycho-2
2002  7 14   9 21 23.3  22  2 23.0570  -12  50  44.100  4  Tycho-2
2002  7 14   9 35 59.3  22  2 22.9850  -12  50  44.630  4  Tycho-2
2002  7 20  10  6  3.9  22  1 37.7980  -12  53  55.580  4  Tycho-2
2002  7 20  10 17  1.7  22  1 37.7410  -12  53  55.810  4  Tycho-2
2002  7 21  10  5 42.4  22  1 30.3850  -12  54  23.630  4  Tycho-2
2002  7 21  10 15 23.1  22  1 30.3360  -12  54  23.860  4  Tycho-2
2003 10 12   4 31 31.3  22  6 12.4900  -12  30  10.700  1  Tycho-2
2003 10 12   4 31 31.3  22  6 12.4900  -12  30  10.700  1  Tycho-2
2003 10 11   4 28 15.0  22  6 17.6580  -12  29  20.030  2  Tycho-2
2003 10 11   4 35  7.3  22  6 17.6440  -12  29  20.110  2  Tycho-2
2003  8 11   8 27 13.1  22 14 27.7650  -11  44  40.830  3  Tycho-2
2003  8 11   8 38  4.5  22 14 27.7000  -11  44  41.080  3  Tycho-2
2003  9 20   5 25 20.9  22  8 37.0030  -12  17  56.530  3  Tycho-2
2003  9 20   5 35  2.8  22  8 36.9460  -12  17  56.900  3  Tycho-2
2003  9 20   5 44 21.6  22  8 36.8910  -12  17  57.220  3  Tycho-2
2003  9 21   5 51 42.8  22  8 28.5640  -12  18  39.200  3  Tycho-2
2003  9 21   6  1 50.9  22  8 28.5040  -12  18  39.420  3  Tycho-2
2003 10 11   4 23 33.5  22  6 16.9480  -12  29  19.170  3  Tycho-2
2003 10 11   4 31 39.9  22  6 16.9190  -12  29  19.220  3  Tycho-2
2003 10 12   4 20 39.0  22  6 12.1140  -12  29  33.010  3  Tycho-2
2003 10 12   4 28 11.4  22  6 12.0900  -12  29  33.100  3  Tycho-2
2003 11  7   4  1 38.3  22  5  1.0400  -12  35   5.550  3  Tycho-2
2003 11  7   4 10 49.2  22  5  1.0400  -12  35   5.510  3  Tycho-2
2003 11  8   2 51  5.3  22  5  1.3050  -12  35   4.600  3  Tycho-2
2003 11  8   3  2 33.7  22  5  1.3060  -12  35   4.680  3  Tycho-2
2003  7 27   9  2 26.3  22 16 33.7780  -11  33  45.630  4  Tycho-2
2003  7 27   9 13 21.3  22 16 33.7160  -11  33  45.990  4  Tycho-2
2003  8  9   8 20 53.0  22 14 46.9470  -11  43  57.750  4  Tycho-2
2003  8  9   8 32 57.1  22 14 46.8710  -11  43  58.240  4  Tycho-2
2003  8 10   7 56  2.9  22 14 38.0680  -11  44  51.130  4  Tycho-2
2003  8 10   8  7 19.4  22 14 37.9960  -11  44  51.510  4  Tycho-2
2003  8 11   8 27 13.1  22 14 28.6490  -11  45  37.770  4  Tycho-2
2003  8 11   8 38  4.5  22 14 28.5770  -11  45  38.060  4  Tycho-2
2003  8 23   7 59 28.5  22 12 41.0780  -11  55  50.690  4  Tycho-2
2003  8 23   8 12 41.4  22 12 40.9900  -11  55  51.190  4  Tycho-2
2003  8 23   8 21 27.8  22 12 40.9320  -11  55  51.530  4  Tycho-2
2003  9 20   5 25 20.9  22  8 36.7200  -12  18   8.080  4  Tycho-2
2003  9 20   5 35  2.8  22  8 36.6620  -12  18   8.380  4  Tycho-2
2003  9 20   5 44 21.6  22  8 36.6060  -12  18   8.610  4  Tycho-2
2003  9 21   5 51 42.8  22  8 28.2680  -12  18  42.210  4  Tycho-2
2003  9 21   6  1 50.9  22  8 28.2080  -12  18  42.410  4  Tycho-2
2003 10 10   4 35 39.0  22  6 22.4920  -12  28  29.730  4  Tycho-2
2003 10 10   4 52 34.6  22  6 22.4340  -12  28  30.090  4  Tycho-2
2003 10 11   4 23 33.5  22  6 17.7720  -12  29   2.480  4  Tycho-2
2003 10 11   4 31 39.9  22  6 17.7470  -12  29   2.690  4  Tycho-2
2003 10 12   4 24 50.2  22  6 13.1550  -12  29  42.040  4  Tycho-2
2003 10 12   4 31 31.3  22  6 13.1340  -12  29  42.220  4  Tycho-2
2003 11  7   4  1 38.3  22  5  1.7090  -12  35   0.730  4  Tycho-2
2003 11  7   4 10 49.2  22  5  1.7080  -12  35   0.830  4  Tycho-2
2003 11  8   2 51  5.3  22  5  1.9570  -12  35  12.450  4  Tycho-2
2003 11  8   3  2 33.7  22  5  1.9580  -12  35  12.620  4  Tycho-2
2004  5 30  11 35 25.4  22 34 51.3960   -9  46   9.280  1  Tycho-2
2004  5 30  11 37 25.6  22 34 51.4010   -9  46   9.330  1  Tycho-2
2004  5 30  11 44 11.3  22 34 51.4100   -9  46   9.370  1  Tycho-2
2004  5 30  11 46 10.4  22 34 51.4050   -9  46   9.330  1  Tycho-2
2004  5 30  11 35 25.4  22 34 51.1070   -9  45  45.540  2  Tycho-2
2004  5 30  11 37 25.6  22 34 51.1160   -9  45  45.530  2  Tycho-2
2004  5 30  11 44 11.3  22 34 51.1250   -9  45  45.580  2  Tycho-2
2004  5 30  11 46 10.4  22 34 51.1240   -9  45  45.560  2  Tycho-2
2004  8  4   8  6 44.4  22 30 59.1680  -10  10  40.260  2  Tycho-2
2004  8  4   8 14  8.5  22 30 59.1250  -10  10  40.500  2  Tycho-2
2004  5 30  11 31 40.3  22 34 51.4960   -9  46  26.490  3  Tycho-2
2004  5 30  11 35 25.4  22 34 51.4980   -9  46  26.450  3  Tycho-2
2004  5 30  11 37 25.6  22 34 51.5020   -9  46  26.430  3  Tycho-2
2004  5 30  11 40 50.2  22 34 51.5050   -9  46  26.390  3  Tycho-2
2004  5 30  11 44 11.3  22 34 51.5080   -9  46  26.370  3  Tycho-2
2004  5 30  11 46 10.4  22 34 51.5050   -9  46  26.300  3  Tycho-2
2004  8  3   8 36 14.6  22 31  6.7420  -10   9  41.170  3  Tycho-2
2004  8  3   8 41 12.3  22 31  6.7070  -10   9  41.310  3  Tycho-2
2004  8  3   8 45 13.8  22 31  6.6850  -10   9  41.430  3  Tycho-2
2004  8  4   8  6 44.4  22 30 59.3030  -10  10  34.000  3  Tycho-2
2004  8  4   8 14  8.5  22 30 59.2580  -10  10  34.320  3  Tycho-2
2004  8  4   8 22 25.8  22 30 59.2120  -10  10  34.700  3  Tycho-2
2004  5 30  11 31 40.3  22 34 51.9230   -9  46  21.200  4  Tycho-2
2004  5 30  11 35 25.4  22 34 51.9280   -9  46  21.200  4  Tycho-2
2004  5 30  11 37 25.6  22 34 51.9310   -9  46  21.230  4  Tycho-2
2004  5 30  11 40 50.2  22 34 51.9350   -9  46  21.230  4  Tycho-2
2004  5 30  11 44 11.3  22 34 51.9390   -9  46  21.260  4  Tycho-2
2004  5 30  11 46 10.4  22 34 51.9360   -9  46  21.210  4  Tycho-2
2004  8  3   8 41 12.3  22 31  7.4290  -10   9  52.090  4  Tycho-2
2004  8  3   8 45 13.8  22 31  7.4090  -10   9  52.280  4  Tycho-2
2004  8  5   8 35 15.3  22 30 51.9930  -10  12   4.760  4  Tycho-2
2004  8  5   8 43 28.8  22 30 51.9450  -10  12   5.330  4  Tycho-2
2004  8  5   8 52 31.4  22 30 51.8950  -10  12   5.720  4  Tycho-2
2005 10  6   5 21 56.7  22 37 38.7280   -9  31  15.320  4  Tycho-2
2005 10  6   5 30 24.8  22 37 38.6890   -9  31  15.500  4  Tycho-2
2006  9 28   4 44  7.5  22 53 59.3800   -7  53  32.420  1  Tycho-2
2006  9 28   4 53 10.0  22 53 59.3260   -7  53  32.610  1  Tycho-2
2006  9 28   5  2 11.5  22 53 59.2830   -7  53  33.130  1  Tycho-2
2006  9 28   4 44  7.5  22 53 59.9580   -7  54   0.510  2  Tycho-2
2006  9 28   4 53 10.0  22 53 59.9060   -7  54   1.010  2  Tycho-2
2006  9 28   5  2 11.5  22 53 59.8540   -7  54   1.230  2  Tycho-2
2006  8  4  10 24 33.2  23  1 41.5180   -7   5  31.170  3  Tycho-2
2006  8  4  10 29  7.7  23  1 41.4910   -7   5  31.340  3  Tycho-2
2006  8  4  10 33 49.2  23  1 41.4700   -7   5  31.440  3  Tycho-2
2006  8  2   9 56 51.7  23  1 56.6680   -7   4  49.880  4  Tycho-2
2006  8  2  10  1 46.2  23  1 56.6460   -7   4  50.100  4  Tycho-2
2006  8  2  10  6 26.6  23  1 56.6210   -7   4  50.290  4  Tycho-2
2006  8  3  10 16 10.7  23  1 49.8290   -7   5  49.210  4  Tycho-2
2006  8  3  10 20 42.0  23  1 49.8080   -7   5  49.350  4  Tycho-2
2006  8  3  10 25 34.3  23  1 49.7830   -7   5  49.550  4  Tycho-2
2006  8  3  10 30 42.8  23  1 49.7590   -7   5  49.740  4  Tycho-2
2006  8  4  10 24 33.2  23  1 42.7990   -7   6  41.210  4  Tycho-2
2006  8  4  10 29  7.7  23  1 42.7720   -7   6  41.400  4  Tycho-2
2006  8  4  10 33 49.2  23  1 42.7480   -7   6  41.500  4  Tycho-2
2006  9 28   4 44  7.5  22 54  0.2060   -7  54  24.150  4  Tycho-2
2006  9 28   4 53 10.0  22 54  0.1530   -7  54  24.450  4  Tycho-2
2006  9 28   5  2 11.5  22 54  0.0980   -7  54  24.650  4  Tycho-2
2007  9 18   7 53 37.6  23 10 40.1550   -6  10   6.000  1  Tycho-2
2007  9 18   8  2 31.0  23 10 40.0870   -6  10   5.900  1  Tycho-2
2007  9 18   8 16 21.2  23 10 40.0000   -6  10   6.060  1  Tycho-2
2007  9 18   7 53 37.6  23 10 40.0880   -6  10   0.720  2  Tycho-2
2007  9 18   8  2 46.0  23 10 40.0340   -6  10   1.360  2  Tycho-2
2007  9 18   8 16 21.2  23 10 39.9540   -6  10   2.030  2  Tycho-2
2007  9 19   6 59 13.0  23 10 32.1070   -6  11  17.520  2  Tycho-2
2007  9 19   7  7 33.5  23 10 32.0650   -6  11  17.720  2  Tycho-2
2007 11 17   3 12 13.7  23  4 48.1330   -6  45  37.810  2  Tycho-2
2007 11 17   3 28 12.4  23  4 48.1150   -6  45  37.740  2  Tycho-2
2007  7  4  11 14 12.2  23 19  5.1620   -5  15  51.360  3  Tycho-2
2007  7  4  11 18 26.0  23 19  5.1560   -5  15  51.460  3  Tycho-2
2007  7  4  11 22 50.1  23 19  5.1530   -5  15  51.510  3  Tycho-2
2007  7  4  11 27 11.9  23 19  5.1480   -5  15  51.590  3  Tycho-2
2007  8  8  10 18 53.5  23 16 23.3250   -5  34  10.490  3  Tycho-2
2007  8  8  10 23  6.1  23 16 23.3050   -5  34  10.640  3  Tycho-2
2007  8  8  10 27 27.3  23 16 23.2830   -5  34  10.940  3  Tycho-2
2007  8  8  10 31 45.9  23 16 23.2630   -5  34  11.110  3  Tycho-2
2007  9 18   7 53 37.6  23 10 39.8250   -6   9  46.260  3  Tycho-2
2007  9 18   8  2 31.0  23 10 39.7710   -6   9  46.640  3  Tycho-2
2007  9 18   8 16 21.2  23 10 39.6880   -6   9  47.230  3  Tycho-2
2007  9 19   6 59 13.0  23 10 31.6740   -6  10  52.140  3  Tycho-2
2007  9 19   7  3 21.5  23 10 31.6470   -6  10  52.320  3  Tycho-2
2007  9 19   7  7 33.5  23 10 31.6240   -6  10  52.550  3  Tycho-2
2007  9 19   7 11 56.1  23 10 31.5980   -6  10  52.790  3  Tycho-2
2007 11 17   3 12 13.7  23  4 47.3240   -6  44  54.250  3  Tycho-2
2007 11 17   3 23 46.6  23  4 47.3100   -6  44  54.160  3  Tycho-2
2007 11 17   3 28 12.4  23  4 47.3070   -6  44  54.190  3  Tycho-2
2007 11 17   3 32 21.5  23  4 47.3000   -6  44  54.180  3  Tycho-2
2007  8  8  10 18 53.5  23 16 22.4220   -5  33  19.970  4  Tycho-2
2007  8  8  10 23  6.1  23 16 22.4000   -5  33  19.930  4  Tycho-2
2007  8  8  10 27 27.3  23 16 22.3780   -5  33  20.140  4  Tycho-2
2007  8  8  10 31 45.9  23 16 22.3560   -5  33  20.220  4  Tycho-2
2007  9 18   7 53 37.6  23 10 39.6410   -6   9  38.390  4  Tycho-2
2007  9 18   8  2 31.0  23 10 39.5840   -6   9  38.670  4  Tycho-2
2007  9 18   8 16 21.2  23 10 39.4990   -6   9  39.110  4  Tycho-2
2007  9 19   6 59 13.0  23 10 31.1740   -6  10  26.650  4  Tycho-2
2007  9 19   7  3 21.5  23 10 31.1470   -6  10  26.770  4  Tycho-2
2007  9 19   7  7 33.5  23 10 31.1240   -6  10  26.960  4  Tycho-2
2007  9 19   7 11 56.1  23 10 31.0970   -6  10  27.140  4  Tycho-2
2007 11 17   3 12 13.7  23  4 48.4130   -6  45  46.950  4  Tycho-2
2007 11 17   3 23 46.6  23  4 48.4020   -6  45  47.080  4  Tycho-2
2007 11 17   3 28 12.4  23  4 48.3980   -6  45  47.150  4  Tycho-2
2007 11 17   3 32 21.5  23  4 48.3940   -6  45  47.210  4  Tycho-2
2007  9 19   6 59 13.0  23 10 31.7890   -6  10  59.540  5  Tycho-2
2007  9 19   7  7 33.5  23 10 31.7290   -6  11   0.080  5  Tycho-2
2008  9 24   5 59 52.2  23 24 53.3450   -4  39  57.620  1  Tycho-2
2008  9 24   6  4 20.0  23 24 53.3200   -4  39  57.830  1  Tycho-2
2008  9 24   6  8 29.1  23 24 53.2930   -4  39  57.950  1  Tycho-2
2008  9 24   6 12 45.5  23 24 53.2680   -4  39  58.190  1  Tycho-2
2008  9 24   5 59 52.2  23 24 52.9540   -4  39  33.440  2  Tycho-2
2008  9 24   6  8 29.1  23 24 52.9050   -4  39  34.140  2  Tycho-2
2008  9 24   5 59 52.2  23 24 53.8670   -4  40  23.240  4  Tycho-2
2008  9 24   6  4 20.0  23 24 53.8420   -4  40  23.410  4  Tycho-2
2008  9 24   6  8 29.1  23 24 53.8130   -4  40  23.490  4  Tycho-2
2008  9 24   6 12 45.5  23 24 53.7860   -4  40  23.640  4  Tycho-2
2008  9 24   5 59 52.2  23 24 53.3200   -4  39  54.090  5  Tycho-2
2009  9 16   6 47 35.0  23 41 12.7270   -2  54   1.710  1  Tycho-2
2009  9 16   6 57 22.4  23 41 12.6650   -2  54   2.230  1  Tycho-2
2009  9 16   7 10 26.3  23 41 12.6040   -2  54   3.360  1  Tycho-2
2009  8 16   9 40 42.4  23 45 26.4760   -2  26  49.640  2  Tycho-2
2009  8 16   9 50 10.3  23 45 26.4260   -2  26  49.870  2  Tycho-2
2009  8 16  10  0  1.5  23 45 26.3770   -2  26  50.140  2  Tycho-2
2009  9 16   6 47 35.0  23 41 12.6250   -2  53  53.630  2  Tycho-2
2009  9 16   6 52 55.3  23 41 12.5880   -2  53  53.820  2  Tycho-2
2009  9 16   6 57 22.4  23 41 12.5620   -2  53  54.040  2  Tycho-2
2009  9 16   7  6  0.2  23 41 12.5050   -2  53  54.380  2  Tycho-2
2009  9 16   7 10 26.3  23 41 12.4830   -2  53  54.630  2  Tycho-2
2009  9 16   7 14 55.6  23 41 12.4540   -2  53  54.790  2  Tycho-2
2009  8 17   7 57 17.7  23 45 19.6580   -2  27  35.640  3  Tycho-2
2009  8 17   8  6  6.5  23 45 19.6180   -2  27  36.060  3  Tycho-2
2009  8 17   8 15  9.7  23 45 19.5750   -2  27  36.480  3  Tycho-2
2009  9 16   6 47 35.0  23 41 13.0650   -2  54   3.070  3  Tycho-2
2009  9 16   6 57 22.4  23 41 12.9970   -2  54   3.390  3  Tycho-2
2009  9 16   7 10 26.3  23 41 12.9070   -2  54   4.030  3  Tycho-2
2009  7 21  10 44 28.6  23 47 44.4430   -2  10  23.960  4  Tycho-2
2009  7 21  10 49  3.0  23 47 44.4300   -2  10  23.950  4  Tycho-2
2009  7 21  10 54 47.8  23 47 44.4130   -2  10  24.010  4  Tycho-2
2009  8 17   7 57 17.7  23 45 19.4060   -2  26  51.620  4  Tycho-2
2009  8 17   8  6  6.5  23 45 19.3600   -2  26  51.810  4  Tycho-2
2009  8 17   8 15  9.7  23 45 19.3110   -2  26  52.020  4  Tycho-2
2009  9 16   6 47 35.0  23 41 12.1680   -2  53  36.420  4  Tycho-2
2009  9 16   6 52 55.3  23 41 12.1330   -2  53  36.640  4  Tycho-2
2009  9 16   6 57 22.4  23 41 12.1070   -2  53  36.860  4  Tycho-2
2009  9 16   7  6  0.2  23 41 12.0520   -2  53  37.250  4  Tycho-2
2009  9 16   7 10 26.3  23 41 12.0270   -2  53  37.460  4  Tycho-2
2009  9 16   7 14 55.6  23 41 11.9990   -2  53  37.660  4  Tycho-2
