 3  2005  8 15.952333   22 44 53.0484  -8 49 26.103
 3  2005  8 29.847666   22 42 49.6434  -9  0 58.294
 2  2005  9  5.848575   22 41 46.8433  -9  7 28.032
 2  2005  9  7.877994   22 41 29.4075  -9  9 50.638
 3  2005  9  7.877994   22 41 28.5246  -9  9  2.956
 4  2005  9  7.877994   22 41 28.2176  -9  8 57.450
 3  2005  9 10.858932   22 41  3.0907  -9 12 26.957
 4  2005  9 10.858932   22 41  2.4856  -9 11 45.280
 2  2005  9 10.869320   22 41  2.4366  -9 12  0.508
 3  2005  9 10.869320   22 41  2.9988  -9 12 27.712
 4  2005  9 10.869320   22 41  2.3868  -9 11 45.902
 2  2005  9 30.797414   22 38 17.6730  -9 27 55.492
 3  2005  9 30.797414   22 38 18.0732  -9 28 34.012
 4  2005  9 30.797414   22 38 18.1253  -9 28 42.353
 4  2005 10  6.794935   22 37 35.0488  -9 31 40.221
 2  2005 10 10.847958   22 37  9.5102  -9 34 59.747
 3  2005 10 10.847958   22 37  8.6522  -9 34 39.865
 4  2005 10 10.847958   22 37  9.9480  -9 35 13.803
 3  2005 10 12.841250   22 36 56.5544  -9 35 24.260
 4  2005 10 12.841250   22 36 57.6000  -9 36 34.836
