1  2455065.51245  2009  8 22.012454  23 44 44.810  -2 30 54.39
1  2455113.37943  2009 10  8.879433  23 37 58.628  -3 14 40.14
1  2455185.17971  2009 12 19.679712  23 34 22.415  -3 35 40.43
1  2455449.46761  2010  9  9.967610  23 57 16.142  -1  9 25.62
1  2456223.36356  2012 10 22.863560   0 21 12.249   1 28 36.15
1  2456539.51646  2013  9  4.016456   0 43 15.619   3 51 56.89
1  2456543.50617  2013  9  8.006173   0 42 45.736   3 48 17.00
1  2456934.44331  2014 10  3.943314   0 54 20.362   5  3  1.36
1  2456979.31803  2014 11 17.818035   0 48 18.119   4 25 52.82
1  2457260.56532  2015  8 26.065319   1 14 32.551   7 10 25.94
1  2457265.54705  2015  8 31.047052   1 14  4.879   7  7 31.49
1  2457276.51565  2015  9 11.015653   1 12 51.956   6 59 36.83
1  2457283.49504  2015  9 17.995044   1 11 58.320   6 54 24.89
1  2457326.37523  2015 10 30.875234   1  5 41.720   6 16 10.38
1  2457332.35716  2015 11  5.857156   1  4 53.406   6 10 54.64
1  2457365.26634  2015 12  8.766344   1  1 41.081   5 52  8.40
1  2457394.18862  2016  1  6.688619   1  1 23.118   5 51 55.46
2  2454471.12056  2008  1  5.620556  23  7 26.104  -6 27  5.78
2  2454788.25672  2008 11 17.756721  23 19 29.266  -5 12 13.80
2  2455059.53023  2009  8 16.030232  23 45 29.001  -2 26 33.98
2  2455092.43905  2009  9 17.939054  23 40 58.526  -2 56  2.37
2  2455113.37943  2009 10  8.879433  23 37 59.193  -3 15 10.01
2  2455136.31291  2009 10 31.812911  23 35 21.415  -3 30 49.46
2  2455428.52981  2010  8 20.029806   0  0  1.279  0 -51 21.63
2  2455449.46761  2010  9  9.967610  23 57 16.418  -1  9 30.33
2  2455480.38556  2010 10 10.885556  23 52 47.288  -1 37 48.57
2  2455488.36305  2010 10 18.863045  23 51 44.616  -1 44 26.03
2  2455809.49350  2011  9  4.993500   0 13  3.588   0 34 13.31
2  2455830.43552  2011  9 25.935517   0 10  3.967   0 14 39.79
2  2455832.42631  2011  9 27.926309   0  9 45.666   0 13 22.71
2  2455853.36954  2011 10 18.869536   0  6 47.120  0  -5 40.33
2  2456169.51977  2012  8 30.019767   0 28 45.784   2 17 22.67
2  2456170.51532  2012  8 31.015317   0 28 39.243   2 16 27.98
2  2456536.52781  2013  9  1.027810   0 43 37.210   3 54 19.14
2  2456539.51646  2013  9  4.016456   0 43 16.187   3 51 31.25
2  2456541.50782  2013  9  6.007819   0 43  0.244   3 50 23.60
2  2456545.49658  2013  9  9.996583   0 42 29.446   3 47  6.40
2  2456551.48648  2013  9 15.986480   0 41 41.407   3 41 16.69
2  2456587.38130  2013 10 21.881302   0 36 26.632   3  8 33.00
2  2456626.27037  2013 11 29.770371   0 32 26.964   2 43 35.75
2  2456907.51693  2014  9  7.016932   0 58  4.239   5 26 26.72
2  2456914.49576  2014  9 13.995761   0 57 10.599   5 21 20.76
2  2456916.49367  2014  9 15.993672   0 56 55.655   5 19  9.09
2  2456918.48920  2014  9 17.989205   0 56 38.301   5 17 58.52
2  2456920.48399  2014  9 19.983991   0 56 22.579   5 15 39.11
2  2456930.45374  2014  9 29.953742   0 54 55.511   5  7 11.64
2  2456934.44331  2014 10  3.943314   0 54 19.986   5  3 26.71
2  2456980.31365  2014 11 18.813648   0 48 12.029   4 25 48.06
2  2457258.56808  2015  8 24.068079   1 14 42.220   7 11 28.76
2  2457260.56532  2015  8 26.065319   1 14 33.398   7  9 59.04
2  2457264.55303  2015  8 30.053029   1 14 11.367   7  7 38.48
2  2457276.51565  2015  9 11.015653   1 12 52.315   6 59 27.12
2  2457283.49504  2015  9 17.995044   1 11 58.107   6 54 26.22
2  2457299.45237  2015 10  3.952374   1  9 42.147   6 40 37.80
2  2457309.42200  2015 10 13.921998   1  8 11.886   6 30 52.95
2  2457316.40631  2015 10 20.906307   1  7  8.429   6 25  1.65
2  2457324.37816  2015 10 28.878158   1  5 58.813   6 18  2.48
2  2457326.37523  2015 10 30.875234   1  5 42.384   6 15 42.91
2  2457332.35716  2015 11  5.857156   1  4 53.228   6 11 25.14
2  2457394.18862  2016  1  6.688619   1  1 23.712   5 51 54.28
3  2454374.37033  2007  9 30.870326  23  8 54.491  -6 21 43.58
3  2454374.37843  2007  9 30.878427  23  8 54.422  -6 21 43.96
3  2454409.27404  2007 11  4.774043  23  5 19.906  -6 43  3.69
3  2454471.12056  2008  1  5.620556  23  7 26.128  -6 27 10.06
3  2454734.42334  2008  9 24.923339  23 24 47.006  -4 40  3.02
3  2454735.40719  2008  9 25.907191  23 24 38.303  -4 40 45.50
3  2454745.37902  2008 10  5.879016  23 23 15.704  -4 49 31.00
3  2454788.25672  2008 11 17.756721  23 19 29.040  -5 12  2.89
3  2455065.51245  2009  8 22.012454  23 44 44.848  -2 30 41.60
3  2455092.43905  2009  9 17.939054  23 40 57.774  -2 55 16.61
3  2455100.41099  2009  9 25.910991  23 39 47.766  -3  2 52.81
3  2455113.37943  2009 10  8.879433  23 37 59.173  -3 15 15.24
3  2455114.37823  2009 10  9.878232  23 37 51.474  -3 16 12.07
3  2455135.32080  2009 10 30.820799  23 35 26.830  -3 30  9.29
3  2455136.31291  2009 10 31.812911  23 35 21.175  -3 30 37.93
3  2455139.30453  2009 11  3.804531  23 35  6.435  -3 33  1.57
3  2455141.30143  2009 11  5.801434  23 34 57.145  -3 34  3.11
3  2455183.18502  2009 12 17.685021  23 34 16.286  -3 36 37.86
3  2455185.17971  2009 12 19.679712  23 34 22.654  -3 35 46.81
3  2455428.52981  2010  8 20.029806   0  0  1.614  0 -51 27.94
3  2455449.46761  2010  9  9.967610  23 57 15.451  -1  8 43.35
3  2455476.39622  2010 10  6.896223  23 53 20.168  -1 34  9.59
3  2455480.38556  2010 10 10.885556  23 52 48.290  -1 38 34.69
3  2455488.36305  2010 10 18.863045  23 51 45.340  -1 45 13.33
3  2455793.54310  2011  8 20.043100   0 15  0.624   0 46 55.40
3  2455809.49350  2011  9  4.993500   0 13  3.288   0 34 11.63
3  2455810.48891  2011  9  5.988908   0 12 55.772   0 33  8.39
3  2455815.47720  2011  9 10.977202   0 12 13.362   0 29 36.29
3  2455823.45429  2011  9 18.954288   0 11  4.904   0 22  8.33
3  2455831.43035  2011  9 26.930355   0  9 54.787   0 14 23.73
3  2455832.42631  2011  9 27.926309   0  9 45.450   0 13 34.94
3  2455836.41738  2011 10  1.917382   0  9 11.024   0  8 47.57
3  2455840.40452  2011 10  5.904515   0  8 35.611   0  5 58.40
3  2455844.39501  2011 10  9.895010   0  8  1.408   0  1 31.93
3  2455853.36954  2011 10 18.869536   0  6 47.641  0  -6 22.48
3  2455876.30116  2011 11 10.801160   0  4 13.598  0 -21 25.33
3  2455881.28889  2011 11 15.788887   0  3 50.912  0 -24 43.22
3  2455916.20264  2011 12 20.702637   0  3  4.133  0 -28 16.34
3  2455924.17057  2011 12 28.670568   0  3 25.251  0 -25 43.63
3  2456169.51977  2012  8 30.019767   0 28 46.824   2 17 26.94
3  2456170.51532  2012  8 31.015317   0 28 39.155   2 17  0.32
3  2456171.51164  2012  9  1.011641   0 28 31.190   2 16 25.12
3  2456180.48740  2012  9  9.987405   0 27 20.690   2  8 46.12
3  2456207.41042  2012 10  6.910425   0 23 25.579   1 43 28.65
3  2456208.40979  2012 10  7.909787   0 23 16.727   1 42 17.09
3  2456223.36356  2012 10 22.863560   0 21 12.007   1 29 14.13
3  2456229.35885  2012 10 28.858850   0 20 27.284   1 23 37.91
3  2456245.30342  2012 11 13.803415   0 18 45.614   1 13 12.34
3  2456277.21373  2012 12 15.713735   0 17 23.290   1  6 34.45
3  2456280.20922  2012 12 18.709217   0 17 26.166   1  6  3.46
3  2456281.20548  2012 12 19.705481   0 17 27.641   1  6 11.37
3  2456536.52781  2013  9  1.027810   0 43 37.381   3 54 26.94
3  2456539.51646  2013  9  4.016456   0 43 14.700   3 51 49.72
3  2456541.50782  2013  9  6.007819   0 43  0.960   3 49 39.62
3  2456542.50964  2013  9  7.009645   0 42 53.931   3 48 51.83
3  2456543.50617  2013  9  8.006173   0 42 46.471   3 48 17.52
3  2456545.49658  2013  9  9.996583   0 42 29.980   3 47 15.46
3  2456546.49797  2013  9 10.997970   0 42 21.353   3 46 28.16
3  2456550.48444  2013  9 14.984442   0 41 49.813   3 41 58.55
3  2456551.48648  2013  9 15.986480   0 41 41.972   3 41 10.55
3  2456569.43145  2013 10  3.931446   0 39  4.980   3 24 36.65
3  2456579.40194  2013 10 13.901940   0 37 36.057   3 15 43.30
3  2456586.38235  2013 10 20.882352   0 36 36.407   3  8 52.54
3  2456587.38130  2013 10 21.881302   0 36 28.063   3  8 18.80
3  2456614.30408  2013 11 17.804077   0 33 19.217   2 49 12.38
3  2456623.27746  2013 11 26.777457   0 32 37.751   2 45 12.31
3  2456626.27037  2013 11 29.770371   0 32 25.669   2 44  4.82
3  2456641.22801  2013 12 14.728006   0 31 56.491   2 41 41.56
3  2456645.21833  2013 12 18.718333   0 31 55.212   2 41  1.96
3  2456652.19927  2013 12 25.699272   0 32  0.158   2 42 29.94
3  2456900.53496  2014  8 31.034962   0 58 53.328   5 31 38.93
3  2456907.51693  2014  9  7.016932   0 58  4.698   5 26 12.51
3  2456908.51455  2014  9  8.014547   0 57 57.959   5 25 33.64
3  2456909.51359  2014  9  9.013589   0 57 50.634   5 25  5.52
3  2456916.49367  2014  9 15.993672   0 56 55.715   5 18 54.83
3  2456917.49055  2014  9 16.990545   0 56 48.040   5 18 14.90
3  2456920.48399  2014  9 19.983991   0 56 21.824   5 16 27.54
3  2456921.47972  2014  9 20.979722   0 56 12.829   5 15 28.82
3  2456930.45374  2014  9 29.953742   0 54 54.598   5  7 14.49
3  2456934.44331  2014 10  3.943314   0 54 20.809   5  2 44.93
3  2456938.43333  2014 10  7.933327   0 53 43.339   4 59 56.13
3  2456946.40719  2014 10 15.907191   0 52 32.310   4 52 32.30
3  2456980.31365  2014 11 18.813648   0 48 12.676   4 25 48.83
3  2456991.28377  2014 11 29.783772   0 47 16.688   4 20 29.93
3  2457017.21288  2014 12 25.712879   0 46 30.897   4 16 45.17
3  2457258.56808  2015  8 24.068079   1 14 43.729   7 11 30.76
3  2457259.56382  2015  8 25.063816   1 14 38.007   7 11 13.48
3  2457260.56532  2015  8 26.065319   1 14 32.061   7 10 41.65
3  2457264.55303  2015  8 30.053029   1 14 11.288   7  7 24.42
3  2457265.54705  2015  8 31.047052   1 14  6.082   7  6 57.18
3  2457267.54391  2015  9  2.043908   1 13 53.596   7  6 21.91
3  2457271.54335  2015  9  6.043349   1 13 26.205   7  3  9.42
3  2457276.51565  2015  9 11.015653   1 12 52.706   7  0  9.08
3  2457277.51409  2015  9 12.014091   1 12 44.528   6 59 31.04
3  2457283.49504  2015  9 17.995044   1 11 59.956   6 54  3.94
3  2457285.49374  2015  9 19.993737   1 11 42.861   6 53  3.09
3  2457290.48824  2015  9 24.988236   1 11  1.229   6 47 48.97
3  2457292.48035  2015  9 26.980354   1 10 44.991   6 46 29.41
3  2457299.45237  2015 10  3.952374   1  9 42.891   6 39 48.35
3  2457304.43472  2015 10  8.934720   1  8 56.494   6 36 10.52
3  2457309.42160  2015 10 13.921596   1  8 13.217   6 30 53.39
3  2457316.40631  2015 10 20.906307   1  7  9.137   6 24 15.68
3  2457324.37816  2015 10 28.878158   1  5 58.672   6 17 20.84
3  2457326.37523  2015 10 30.875234   1  5 43.158   6 15 38.41
3  2457332.35716  2015 11  5.857156   1  4 52.323   6 10 58.46
3  2457365.26634  2015 12  8.766344   1  1 39.928   5 52 47.02
3  2457381.22134  2015 12 24.721343   1  1 11.662   5 50 22.36
3  2457383.28950  2015 12 26.789500   1  1 10.161   5 50 18.06
3  2457394.18862  2016  1  6.688619   1  1 23.115   5 51 19.15
3  2457395.18318  2016  1  7.683180   1  1 26.110   5 51 30.14
3  2457396.18142  2016  1  8.681417   1  1 29.075   5 51 57.03
3  2457398.17291  2016  1 10.672909   1  1 34.102   5 53 14.52
4  2454374.37033  2007  9 30.870326  23  8 53.418  -6 20 47.90
4  2454374.37843  2007  9 30.878427  23  8 53.344  -6 20 48.15
4  2454429.22880  2007 11 24.728799  23  4 41.707  -6 44 59.27
4  2454455.15625  2007 12 20.656251  23  5 45.619  -6 37 25.33
4  2454471.12056  2008  1  5.620556  23  7 25.172  -6 26 11.92
4  2454720.44452  2008  9 10.944522  23 26 50.991  -4 27 57.26
4  2454734.42334  2008  9 24.923339  23 24 47.954  -4 40 53.80
4  2454735.40719  2008  9 25.907191  23 24 39.260  -4 41 32.74
4  2454745.37902  2008 10  5.879016  23 23 16.766  -4 50 28.87
4  2454747.37345  2008 10  7.873452  23 23  1.222  -4 52  7.74
4  2454788.25672  2008 11 17.756721  23 19 30.169  -5 13  2.69
4  2455064.51643  2009  8 21.016431  23 44 51.823  -2 29 48.27
4  2455077.47902  2009  9  2.979020  23 43  7.899  -2 41  6.05
4  2455095.43109  2009  9 20.931090  23 40 32.354  -2 59 13.44
4  2455111.39079  2009 10  6.890791  23 38 15.739  -3 13 41.29
4  2455135.32080  2009 10 30.820799  23 35 27.573  -3 31  4.88
4  2455136.31291  2009 10 31.812911  23 35 22.395  -3 31 46.35
4  2455139.30453  2009 11  3.804531  23 35  6.743  -3 32 57.92
4  2455141.30143  2009 11  5.801434  23 34 56.462  -3 33 19.72
4  2455182.18928  2009 12 16.689280  23 34 12.820  -3 36  8.65
4  2455183.18502  2009 12 17.685021  23 34 15.375  -3 35 37.76
4  2455185.17971  2009 12 19.679712  23 34 21.446  -3 34 55.67
4  2455198.15231  2010  1  1.652309  23 35 19.627  -3 28  4.00
4  2455425.53720  2010  8 17.037203   0  0 20.686  0 -48  9.52
4  2455428.52981  2010  8 20.029806   0  0  0.059  0 -50 44.78
4  2455480.38556  2010 10 10.885556  23 52 46.864  -1 37 26.26
4  2455480.38556  2010 10 10.885556  23 52 46.864  -1 37 26.26
4  2455488.36305  2010 10 18.863045  23 51 45.728  -1 45 14.01
4  2455809.49350  2011  9  4.993500   0 13  3.949   0 33 51.22
4  2455810.48891  2011  9  5.988908   0 12 56.235   0 32 59.55
4  2455815.47720  2011  9 10.977202   0 12 13.811   0 29 42.62
4  2455823.45429  2011  9 18.954288   0 11  6.040   0 20 57.82
4  2455825.44844  2011  9 20.948444   0 10 48.770   0 19 22.30
4  2455830.43552  2011  9 25.935517   0 10  2.811   0 15 38.44
4  2455831.43035  2011  9 26.930355   0  9 53.804   0 14 33.89
4  2455832.42631  2011  9 27.926309   0  9 44.998   0 13 22.62
4  2455835.41853  2011  9 30.918534   0  9 19.614   0  9 40.72
4  2455836.41738  2011 10  1.917382   0  9 11.238   0  8 36.58
4  2455844.39501  2011 10  9.895010   0  8  0.515   0  2 29.85
4  2455852.37145  2011 10 17.871448   0  6 56.428  0  -5 30.20
4  2455876.30116  2011 11 10.801160   0  4 14.591  0 -22 31.15
4  2455886.27824  2011 11 20.778240   0  3 29.263  0 -26  0.41
4  2455895.25016  2011 11 29.750159   0  3  4.977  0 -28 19.79
4  2455916.20264  2011 12 20.702637   0  3  3.614  0 -28 25.63
4  2455924.17057  2011 12 28.670568   0  3 24.038  0 -24 37.21
4  2456169.51977  2012  8 30.019767   0 28 44.957   2 17 40.05
4  2456170.51532  2012  8 31.015317   0 28 38.016   2 16 33.69
4  2456171.51164  2012  9  1.011641   0 28 31.139   2 15 28.80
4  2456180.48740  2012  9  9.987405   0 27 20.248   2  8 55.73
4  2456192.45436  2012  9 21.954357   0 25 38.729   1 57 48.87
4  2456207.41042  2012 10  6.910425   0 23 25.497   1 43 41.22
4  2456208.40979  2012 10  7.909787   0 23 16.467   1 42 37.24
4  2456223.36356  2012 10 22.863560   0 21 11.049   1 28 57.59
4  2456229.35885  2012 10 28.858850   0 20 27.593   1 23 41.96
4  2456245.30342  2012 11 13.803415   0 18 45.781   1 14  1.49
4  2456279.21369  2012 12 17.713686   0 17 24.967   1  5 56.22
4  2456280.20922  2012 12 18.709217   0 17 26.273   1  5 53.75
4  2456281.20548  2012 12 19.705481   0 17 27.710   1  6  0.27
4  2456283.20111  2012 12 21.701106   0 17 30.639   1  6 40.77
4  2456536.52781  2013  9  1.027810   0 43 37.599   3 53 23.83
4  2456539.51646  2013  9  4.016456   0 43 16.903   3 51 33.61
4  2456541.50782  2013  9  6.007819   0 43  1.343   3 50 33.42
4  2456542.50964  2013  9  7.009645   0 42 53.137   3 49 56.14
4  2456543.50617  2013  9  8.006173   0 42 44.893   3 49 10.76
4  2456545.49658  2013  9  9.996583   0 42 28.638   3 47 13.48
4  2456546.49797  2013  9 10.997970   0 42 20.716   3 46  4.64
4  2456550.48444  2013  9 14.984442   0 41 50.189   3 41 48.28
4  2456551.48648  2013  9 15.986480   0 41 42.245   3 41  1.30
4  2456569.43145  2013 10  3.931446   0 39  3.978   3 25 29.59
4  2456579.40194  2013 10 13.901940   0 37 36.703   3 15 12.42
4  2456586.38235  2013 10 20.882352   0 36 34.305   3  9 32.69
4  2456587.38130  2013 10 21.881302   0 36 26.159   3  8 21.78
4  2456623.27746  2013 11 26.777457   0 32 37.291   2 45 31.34
4  2456626.27037  2013 11 29.770371   0 32 25.372   2 44 17.49
4  2456645.21833  2013 12 18.718333   0 31 56.376   2 40 44.01
4  2456652.19927  2013 12 25.699272   0 32  0.053   2 42 50.14
4  2456900.53496  2014  8 31.034962   0 58 52.979   5 31  8.51
4  2456905.52079  2014  9  5.020794   0 58 18.978   5 28 46.21
4  2456907.51693  2014  9  7.016932   0 58  3.431   5 27 22.68
4  2456908.51455  2014  9  8.014547   0 57 55.711   5 26 27.19
4  2456909.51359  2014  9  9.013589   0 57 48.170   5 25 24.40
4  2456914.49576  2014  9 13.995761   0 57 12.167   5 20 28.13
4  2456917.49055  2014  9 16.990545   0 56 48.189   5 18 42.38
4  2456918.48920  2014  9 17.989205   0 56 39.476   5 18  7.38
4  2456920.48399  2014  9 19.983991   0 56 21.566   5 16 38.11
4  2456921.47972  2014  9 20.979722   0 56 12.641   5 15 40.27
4  2456930.45374  2014  9 29.953742   0 54 56.918   5  6 52.83
4  2456931.45225  2014  9 30.952247   0 54 47.652   5  6 15.74
4  2456934.44331  2014 10  3.943314   0 54 19.061   5  3 50.61
4  2456938.43333  2014 10  7.933327   0 53 43.231   4 59  5.06
4  2456946.40719  2014 10 15.907191   0 52 32.543   4 52 39.43
4  2456979.31803  2014 11 17.818035   0 48 17.651   4 25 36.13
4  2456980.31365  2014 11 18.813648   0 48 12.397   4 24 51.12
4  2456991.28377  2014 11 29.783772   0 47 16.462   4 20  4.66
4  2457017.21288  2014 12 25.712879   0 46 30.458   4 16 35.75
4  2457259.56382  2015  8 25.063816   1 14 36.339   7 10 59.10
4  2457260.56532  2015  8 26.065319   1 14 31.335   7 10  7.87
4  2457264.55303  2015  8 30.053029   1 14 11.882   7  7 17.36
4  2457265.54705  2015  8 31.047052   1 14  6.488   7  6 52.23
4  2457267.54391  2015  9  2.043908   1 13 54.290   7  6 12.39
4  2457271.54365  2015  9  6.043646   1 13 25.938   7  3 57.30
4  2457276.51565  2015  9 11.015653   1 12 52.271   6 59  5.97
4  2457277.51409  2015  9 12.014091   1 12 45.630   6 58 19.49
4  2457283.49504  2015  9 17.995044   1 11 58.577   6 54 56.14
4  2457284.49406  2015  9 18.994057   1 11 49.868   6 54  5.56
4  2457285.49374  2015  9 19.993737   1 11 41.261   6 53  6.09
4  2457290.48824  2015  9 24.988236   1 11  1.329   6 47 38.42
4  2457299.45237  2015 10  3.952374   1  9 40.876   6 40 41.83
4  2457304.43472  2015 10  8.934720   1  8 58.147   6 35  3.69
4  2457309.42160  2015 10 13.921596   1  8 12.566   6 31 41.79
4  2457316.40631  2015 10 20.906307   1  7  8.684   6 24 10.17
4  2457324.37816  2015 10 28.878158   1  5 58.537   6 18 25.10
4  2457326.37523  2015 10 30.875234   1  5 40.699   6 16 24.83
4  2457332.35716  2015 11  5.857156   1  4 54.458   6 10 34.58
4  2457365.26634  2015 12  8.766344   1  1 39.892   5 52 59.36
4  2457381.22134  2015 12 24.721343   1  1 10.076   5 50  2.45
4  2457383.28950  2015 12 26.789500   1  1 10.665   5 49 31.02
4  2457389.19991  2016  1  1.699914   1  1 15.927   5 50 55.45
4  2457394.18862  2016  1  6.688619   1  1 21.984   5 51 57.15
4  2457395.18318  2016  1  7.683180   1  1 24.384   5 51 55.52
4  2457396.18142  2016  1  8.681417   1  1 27.256   5 51 56.04
4  2457398.17291  2016  1 10.672909   1  1 33.970   5 52 16.71