 3  2451454.656146   21 02 50.219   -17 33 58.95
 3  2451811.690540   21 19 57.062   -16 20 07.76
 3  2452079.976057   21 48 45.960   -13 59 43.05
 3  2452080.972203   21 48 42.669   -14 00 03.41
 3  2452081.969427   21 48 39.264   -14 00 39.82
 3  2452084.961086   21 48 26.003   -14 02 40.18
 3  2452087.953796   21 48 10.309   -14 03 12.46
 3  2452088.951006   21 48 05.534   -14 03 29.00
 3  2452089.948219   21 48 00.862   -14 04 01.00
 3  2452105.902268   21 46 16.345   -14 13 22.51
 3  2452106.899451   21 46 09.351   -14 13 57.94
 3  2452107.896633   21 46 02.380   -14 14 49.72
 3  2452109.890991   21 45 47.152   -14 16 53.22
 3  2452109.892059   21 45 47.151   -14 16 53.19
 3  2452110.888170   21 45 38.746   -14 17 44.91
 3  2452111.885347   21 45 30.036   -14 18 21.91
 3  2452118.865556   21 44 32.250   -14 23 29.13
 3  2452119.862726   21 44 22.997   -14 24 20.19
 3  2452122.854230   21 43 55.385   -14 25 46.71
 3  2452123.851396   21 43 46.859   -14 26 21.56
 3  2452128.838296   21 43 02.006   -14 31 15.71
 3  2452135.818436   21 41 58.007   -14 36 33.39
 3  2452136.815599   21 41 48.285   -14 37 33.22
 3  2452137.812754   21 41 38.281   -14 38 17.92
 3  2452140.803170   21 41 09.713   -14 39 43.57
 3  2452144.792896   21 40 34.190   -14 43 39.10
 3  2452145.788982   21 40 24.472   -14 44 33.91
 3  2452146.787215   21 40 14.605   -14 45 13.22
 3  2452148.781549   21 39 55.705   -14 46 03.45
 3  2452149.777640   21 39 47.019   -14 46 34.27
 3  2452157.754982   21 38 36.207   -14 52 30.40
 3  2452157.756050   21 38 36.201   -14 52 30.20
 3  2452159.750407   21 38 20.469   -14 53 47.65
 3  2452161.743672   21 38 04.539   -14 55 48.33
 3  2452162.741928   21 37 56.022   -14 56 42.95
 3  2452163.738024   21 37 47.302   -14 57 22.69
 3  2452167.727814   21 37 15.741   -14 58 52.92
 3  2452168.724997   21 37 08.913   -14 59 38.34
 3  2452170.718290   21 36 54.560   -15 01 29.80
 3  2452171.716550   21 36 46.902   -15 02 15.77
 3  2452172.712664   21 36 39.116   -15 02 45.93
 3  2452174.707043   21 36 24.533   -15 03 12.26
 3  2452176.702502   21 36 12.237   -15 03 56.91
 3  2452177.699694   21 36 06.518   -15 04 39.59
 3  2452185.676248   21 35 19.910   -15 08 03.19
 3  2452192.656765   21 34 46.870   -15 10 33.71
 3  2452193.653989   21 34 43.513   -15 10 42.03
 3  2452193.655070   21 34 43.501   -15 10 42.11
 3  2452196.646763   21 34 34.209   -15 12 13.46
 3  2452197.643978   21 34 30.668   -15 12 41.06
 3  2452198.641214   21 34 27.006   -15 12 53.41
 3  2452201.632929   21 34 18.481   -15 12 31.99
 3  2452202.630233   21 34 16.827   -15 12 35.88
 3  2452206.618101   21 34 10.384   -15 14 02.39
 3  2452211.605466   21 34 05.591   -15 13 14.25
 3  2452214.597274   21 34 06.076   -15 14 01.78
 3  2452215.593474   21 34 05.803   -15 14 04.50
 3  2452215.594548   21 34 05.766   -15 14 04.40
 3  2452216.590750   21 34 05.612   -15 13 51.72
 3  2452220.579873   21 34 10.271   -15 12 35.33
 3  2452223.572810   21 34 15.816   -15 12 56.79
 3  2452224.569034   21 34 17.258   -15 12 46.75
 3  2452224.570108   21 34 17.284   -15 12 46.72
 3  2452225.566329   21 34 18.933   -15 12 21.34
 3  2452229.556605   21 34 31.142   -15 10 38.63
 3  2452231.551222   21 34 38.411   -15 10 39.24
 3  2452233.544780   21 34 44.909   -15 10 09.27
 3  2452449.972678   22 04 09.764   -12 40 21.41
 3  2452450.969902   22 04 05.388   -12 40 45.97
 3  2452457.951504   22 03 34.195   -12 43 42.91
 3  2452463.934732   22 02 59.948   -12 46 06.78
 3  2452464.931929   22 02 54.464   -12 46 53.75
 3  2452468.920717   22 02 28.386   -12 50 00.19
 3  2452475.899961   22 01 39.770   -12 54 41.24
 3  2452476.898208   22 01 31.775   -12 55 27.51
 3  2452477.895401   22 01 23.576   -12 55 59.07
 3  2452484.874568   22 00 28.481   -13 01 18.77
 3  2452494.846265   21 59 01.150   -13 09 09.10
 3  2452497.838837   21 58 33.515   -13 10 40.83
 3  2452498.835997   21 58 24.923   -13 11 28.36
 3  2452507.809399   21 57 02.427   -13 18 53.25
 3  2452510.802006   21 56 35.444   -13 22 14.93
 3  2452511.799124   21 56 25.759   -13 23 06.51
 3  2452512.795216   21 56 16.004   -13 23 43.03
 3  2452514.790624   21 55 57.322   -13 24 38.37
 3  2452516.783873   21 55 40.177   -13 26 12.05
 3  2452518.779282   21 55 22.815   -13 28 26.80
 3  2452519.776447   21 55 13.602   -13 29 27.43
 3  2452520.773605   21 55 04.125   -13 30 12.64
 3  2452531.742493   21 53 29.656   -13 37 33.97
 3  2452532.738600   21 53 21.894   -13 38 00.46
 3  2452538.722759   21 52 36.171   -13 42 45.06
 3  2452541.714319   21 52 14.502   -13 43 41.48
 3  2452542.710435   21 52 08.188   -13 44 19.91
 3  2452547.696406   21 51 34.880   -13 47 46.97
 3  2452579.608777   21 49 41.991   -13 56 33.01
 3  2452580.604971   21 49 41.205   -13 56 48.82
 3  2452581.602237   21 49 40.281   -13 56 49.16
 3  2452593.569598   21 49 50.674   -13 54 28.76
 3  2452595.564189   21 49 56.419   -13 54 10.14
 3  2452597.559861   21 50 02.134   -13 54 16.49
 3  2452599.554482   21 50 07.280   -13 53 40.16
 3  2452602.546410   21 50 17.730   -13 51 46.87
 3  2452819.970228   22 19 18.191   -11 16 08.33
 3  2452820.968540   22 19 14.589   -11 16 32.46
 3  2452823.960180   22 19 02.631   -11 18 45.00
 3  2452824.957417   22 18 57.747   -11 19 19.54
 3  2452825.954616   22 18 52.533   -11 19 39.87
 3  2452827.949047   22 18 41.897   -11 20 00.06
 3  2452854.873189   22 15 36.361   -11 38 00.53
 3  2452855.869285   22 15 28.472   -11 38 48.67
 3  2452872.822217   22 12 58.362   -11 52 56.37
 3  2452873.819396   22 12 49.757   -11 53 56.07
 3  2452882.792784   22 11 27.858   -12 01 36.80
 3  2452893.762694   22 09 50.972   -12 11 15.02
 3  2452894.759885   22 09 42.058   -12 12 05.50
 3  2452895.757046   22 09 33.065   -12 12 40.31
 3  2452897.751392   22 09 15.836   -12 13 30.09
 3  2452898.747490   22 09 07.902   -12 14 05.02
 3  2452899.744666   22 09 00.268   -12 14 54.66
 3  2452901.740098   22 08 44.948   -12 17 00.80
 3  2452902.737271   22 08 36.895   -12 17 57.31
 3  2452910.714747   22 07 37.709   -12 23 03.74
 3  2452911.710859   22 07 30.537   -12 23 51.06
 3  2452912.709127   22 07 23.255   -12 24 22.74
 3  2452916.697900   22 06 57.252   -12 25 42.21
 3  2452924.675543   22 06 12.135   -12 29 32.84
 3  2452925.671682   22 06 07.742   -12 30 00.10
 3  2452928.664413   22 05 54.673   -12 32 03.41
 3  2452929.661631   22 05 49.983   -12 32 27.50
 3  2452930.658856   22 05 45.344   -12 32 36.49
 3  2452932.653311   22 05 37.258   -12 32 33.75
 3  2452933.649452   22 05 33.973   -12 32 43.16
 3  2452934.647756   22 05 31.114   -12 33 06.28
 3  2452936.641149   22 05 25.498   -12 34 15.43
 3  2452937.638385   22 05 22.434   -12 34 42.26
 3  2452938.635623   22 05 19.266   -12 34 53.60
 3  2452941.628488   22 05 11.566   -12 34 31.52
 3  2452959.579206   22 05 06.198   -12 34 15.66
 3  2452963.567299   22 05 14.627   -12 34 22.25
 3  2452967.556498   22 05 23.715   -12 32 26.86
 3  2453189.967649   22 34 17.759   -09 51 10.31
 3  2453207.918456   22 32 42.150   -10 01 09.86
 3  2453210.908975   22 32 20.861   -10 02 25.62
 3  2453211.907221   22 32 13.948   -10 02 55.71
 3  2453215.894909   22 31 46.161   -10 06 47.78
 3  2453216.893149   22 31 38.403   -10 07 36.17
 3  2453217.890332   22 31 30.367   -10 08 10.39
 3  2453221.879049   22 30 58.981   -10 10 36.69
 3  2453228.859268   22 30 00.445   -10 16 20.53
 3  2453229.855381   22 29 52.139   -10 17 06.29
 3  2453241.821393   22 28 06.997   -10 28 25.36
 3  2453243.816782   22 27 48.259   -10 30 07.86
 3  2453245.810054   22 27 29.507   -10 31 12.39
 3  2453251.794105   22 26 36.364   -10 37 13.88
 3  2453254.785605   22 26 08.551   -10 38 55.05
 3  2453255.782771   22 25 59.864   -10 39 38.11
 3  2453259.770386   22 25 25.814   -10 43 59.13
 3  2453260.767556   22 25 16.768   -10 44 46.36
 3  2453263.760128   22 24 50.303   -10 46 17.45
 3  2453264.756241   22 24 42.198   -10 47 01.25
 3  2453269.743177   22 24 01.679   -10 51 46.49
 3  2453280.711138   22 22 39.266   -10 58 36.43
 3  2453280.711138   22 22 39.266   -10 58 36.43
 3  2453285.698171   22 22 08.068   -11 02 21.88
 3  2453285.698171   22 22 08.068   -11 02 21.88
 3  2453286.694310   22 22 01.616   -11 02 56.16
 3  2453286.694310   22 22 01.616   -11 02 56.16
 3  2453291.680329   22 21 33.026   -11 04 38.10
 3  2453291.680329   22 21 33.026   -11 04 38.10
 3  2453293.674749   22 21 23.365   -11 06 12.81
 3  2453293.674749   22 21 23.365   -11 06 12.81
 3  2453294.671961   22 21 18.308   -11 06 50.65
 3  2453294.671961   22 21 18.308   -11 06 50.65
 3  2453304.644194   22 20 37.679   -11 10 11.44
 3  2453304.644194   22 20 37.679   -11 10 11.44
 3  2453308.633142   22 20 26.348   -11 10 15.29
 3  2453308.633142   22 20 26.348   -11 10 15.29
 3  2453313.620445   22 20 16.512   -11 11 46.23
 3  2453333.564858   22 20 24.194   -11 09 25.44
 3  2453334.562156   22 20 26.990   -11 09 07.47
 3  2453342.540616   22 20 53.090   -11 06 17.48
 3  2453343.538994   22 20 57.642   -11 05 54.12
 4  2451424.739157   21 05 56.689   -17 21 35.05
 4  2451459.641209   21 02 33.693   -17 35 51.36
 4  2452079.976057   21 48 47.537   -14 00 46.67
 4  2452080.972203   21 48 43.245   -14 01 13.66
 4  2452081.969427   21 48 38.679   -14 01 33.07
 4  2452082.966649   21 48 33.961   -14 01 45.20
 4  2452082.967723   21 48 33.967   -14 01 45.35
 4  2452084.961086   21 48 24.496   -14 01 59.28
 4  2452087.953796   21 48 10.839   -14 02 49.49
 4  2452095.931434   21 47 25.556   -14 08 12.13
 4  2452105.902268   21 46 18.295   -14 14 12.38
 4  2452106.899451   21 46 10.519   -14 15 05.28
 4  2452107.896633   21 46 02.400   -14 15 51.21
 4  2452108.894891   21 45 54.064   -14 16 28.64
 4  2452109.890991   21 45 45.658   -14 16 58.35
 4  2452109.892059   21 45 45.650   -14 16 58.49
 4  2452111.885347   21 45 29.023   -14 17 46.16
 4  2452112.882523   21 45 20.941   -14 18 11.93
 4  2452112.883597   21 45 20.937   -14 18 12.12
 4  2452119.862726   21 44 23.884   -14 24 19.89
 4  2452122.854230   21 43 55.903   -14 26 39.31
 4  2452123.851396   21 43 46.449   -14 27 10.61
 4  2452128.838296   21 43 01.892   -14 30 05.62
 4  2452129.835454   21 42 53.321   -14 31 02.36
 4  2452135.818436   21 41 56.966   -14 36 53.80
 4  2452136.815599   21 41 47.063   -14 37 29.33
 4  2452137.812754   21 41 37.297   -14 37 59.08
 4  2452138.808846   21 41 27.789   -14 38 26.98
 4  2452138.809914   21 41 27.785   -14 38 26.87
 4  2452139.806008   21 41 18.562   -14 38 56.63
 4  2452145.788982   21 40 25.421   -14 44 17.57
 4  2452146.787215   21 40 16.074   -14 45 19.26
 4  2452147.784380   21 40 06.516   -14 46 14.23
 4  2452148.781549   21 39 56.843   -14 47 00.32
 4  2452149.777640   21 39 47.171   -14 47 37.30
 4  2452151.773039   21 39 28.370   -14 48 32.62
 4  2452157.754982   21 38 38.160   -14 52 37.00
 4  2452157.756050   21 38 38.140   -14 52 36.96
 4  2452159.750407   21 38 21.453   -14 54 36.75
 4  2452160.747578   21 38 12.791   -14 55 30.66
 4  2452161.743672   21 38 04.026   -14 56 16.03
 4  2452168.724997   21 37 08.092   -14 59 18.66
 4  2452169.721106   21 37 01.270   -14 59 59.95
 4  2452170.718290   21 36 54.499   -15 00 48.47
 4  2452171.716550   21 36 47.630   -15 01 40.87
 4  2452172.712664   21 36 40.655   -15 02 33.59
 4  2452173.710924   21 36 33.531   -15 03 22.46
 4  2452174.707043   21 36 26.257   -15 04 04.18
 4  2452176.702502   21 36 11.815   -15 05 00.14
 4  2452177.699694   21 36 04.883   -15 05 15.39
 4  2452178.696892   21 35 58.306   -15 05 26.55
 4  2452185.676248   21 35 21.071   -15 08 36.02
 4  2452186.673460   21 35 15.978   -15 09 17.06
 4  2452186.674540   21 35 15.972   -15 09 17.11
 4  2452187.670673   21 35 10.749   -15 09 52.62
 4  2452187.671753   21 35 10.739   -15 09 52.30
 4  2452192.656765   21 34 46.410   -15 10 45.80
 4  2452193.653989   21 34 42.638   -15 10 46.26
 4  2452193.655070   21 34 42.631   -15 10 46.30
 4  2452195.648445   21 34 36.300   -15 11 03.56
 4  2452196.646763   21 34 33.563   -15 11 23.46
 4  2452197.643978   21 34 30.944   -15 11 50.27
 4  2452199.637380   21 34 25.622   -15 12 51.09
 4  2452200.634619   21 34 22.791   -15 13 17.38
 4  2452201.632929   21 34 19.971   -15 13 36.41
 4  2452202.630233   21 34 17.140   -15 13 46.30
 4  2452206.618101   21 34 08.674   -15 13 14.23
 4  2452216.590750   21 34 05.919   -15 14 06.86
 4  2452217.589100   21 34 06.058   -15 13 50.19
 4  2452220.579873   21 34 08.858   -15 12 35.84
 4  2452223.572810   21 34 15.468   -15 11 55.55
 4  2452224.569034   21 34 18.086   -15 11 56.23
 4  2452224.570108   21 34 18.086   -15 11 56.41
 4  2452229.556605   21 34 30.846   -15 11 40.07
 4  2452230.553943   21 34 33.536   -15 11 14.76
 4  2452231.551222   21 34 36.537   -15 10 41.13
 4  2452233.544780   21 34 43.753   -15 09 24.32
 4  2452448.975469   22 04 11.808   -12 39 11.44
 4  2452449.972678   22 04 08.183   -12 39 19.82
 4  2452452.964347   22 03 57.254   -12 40 37.60
 4  2452456.953212   22 03 39.325   -12 43 31.60
 4  2452457.951504   22 03 33.940   -12 44 05.62
 4  2452463.934732   22 02 59.328   -12 45 58.41
 4  2452464.931929   22 02 53.693   -12 46 30.45
 4  2452468.920717   22 02 29.638   -12 49 52.29
 4  2452475.899961   22 01 37.959   -12 53 55.03
 4  2452476.898208   22 01 30.535   -12 54 23.06
 4  2452477.895401   22 01 23.256   -12 54 58.75
 4  2452478.892564   22 01 16.008   -12 55 43.29
 4  2452484.874568   22 00 28.389   -13 01 31.47
 4  2452495.844505   21 58 53.355   -13 09 47.17
 4  2452496.841673   21 58 44.269   -13 10 51.81
 4  2452497.838837   21 58 34.912   -13 11 49.53
 4  2452498.835997   21 58 25.356   -13 12 39.04
 4  2452499.833166   21 58 15.714   -13 13 19.93
 4  2452512.795216   21 56 16.414   -13 24 02.65
 4  2452513.793454   21 56 06.732   -13 24 39.08
 4  2452516.783873   21 55 38.867   -13 26 08.87
 4  2452517.782112   21 55 30.107   -13 26 45.26
 4  2452518.779282   21 55 21.583   -13 27 29.52
 4  2452519.776447   21 55 13.163   -13 28 22.24
 4  2452520.773605   21 55 04.776   -13 29 22.57
 4  2452522.767947   21 54 47.675   -13 31 31.34
 4  2452531.742493   21 53 29.924   -13 37 07.18
 4  2452538.722759   21 52 37.013   -13 43 04.87
 4  2452539.719946   21 52 29.195   -13 43 37.92
 4  2452542.710435   21 52 06.917   -13 44 36.50
 4  2452543.708706   21 52 00.147   -13 44 53.63
 4  2452547.696406   21 51 36.075   -13 47 08.19
 4  2452580.604971   21 49 40.243   -13 56 52.53
 4  2452581.602237   21 49 39.443   -13 56 37.67
 4  2452583.596774   21 49 38.915   -13 55 57.88
 4  2452592.572305   21 49 49.793   -13 55 48.07
 4  2452593.569598   21 49 51.287   -13 55 31.63
 4  2452596.562574   21 49 57.387   -13 54 01.36
 4  2452597.559861   21 50 00.246   -13 53 28.33
 4  2452599.554482   21 50 07.177   -13 52 38.24
 4  2452600.550709   21 50 11.086   -13 52 23.99
 4  2452818.973002   22 19 23.499   -11 16 29.01
 4  2452819.970228   22 19 19.727   -11 17 07.86
 4  2452820.968540   22 19 15.567   -11 17 40.78
 4  2452821.964674   22 19 11.085   -11 18 06.47
 4  2452822.962965   22 19 06.361   -11 18 24.41
 4  2452825.954616   22 18 51.643   -11 18 57.85
 4  2452826.951836   22 18 46.771   -11 19 14.32
 4  2452827.949047   22 18 41.932   -11 19 38.67
 4  2452856.866458   22 15 20.431   -11 39 36.92
 4  2452872.822217   22 12 59.694   -11 53 43.89
 4  2452873.819396   22 12 50.593   -11 54 50.13
 4  2452882.792784   22 11 27.329   -12 01 15.83
 4  2452883.791021   22 11 18.745   -12 02 16.15
 4  2452893.762694   22 09 49.272   -12 10 20.45
 4  2452894.759885   22 09 40.935   -12 10 56.34
 4  2452895.757046   22 09 32.844   -12 11 39.83
 4  2452896.754218   22 09 24.924   -12 12 31.55
 4  2452897.751392   22 09 17.100   -12 13 30.59
 4  2452899.744666   22 09 01.245   -12 15 35.92
 4  2452900.742921   22 08 53.136   -12 16 34.58
 4  2452901.740098   22 08 44.913   -12 17 26.27
 4  2452908.720358   22 07 50.446   -12 20 48.70
 4  2452909.716481   22 07 43.751   -12 21 28.58
 4  2452910.714747   22 07 37.201   -12 22 15.86
 4  2452913.706318   22 07 17.636   -12 24 55.74
 4  2452916.697900   22 06 57.541   -12 26 48.52
 4  2452921.683918   22 06 27.540   -12 28 04.50
 4  2452924.675543   22 06 13.227   -12 29 42.10
 4  2452926.668896   22 06 04.051   -12 31 07.32
 4  2452927.666113   22 05 59.410   -12 31 45.35
 4  2452930.658856   22 05 45.477   -12 32 50.14
 4  2452931.654998   22 05 41.095   -12 32 54.59
 4  2452933.649452   22 05 33.348   -12 32 54.15
 4  2452934.647756   22 05 30.059   -12 32 56.69
 4  2452935.643915   22 05 27.141   -12 33 05.34
 4  2452936.641149   22 05 24.529   -12 33 21.69
 4  2452937.638385   22 05 22.154   -12 33 45.14
 4  2452941.628488   22 05 13.118   -12 35 32.60
 4  2452948.609192   22 05 01.859   -12 34 55.69
 4  2452949.605390   22 05 01.642   -12 34 53.96
 4  2452953.595531   22 05 02.609   -12 35 42.29
 4  2452961.573781   22 05 09.033   -12 33 49.59
 4  2452962.570006   22 05 11.251   -12 33 30.52
 4  2452963.567299   22 05 13.810   -12 33 18.19
 4  2452967.556498   22 05 25.438   -12 33 12.23
 4  2453189.967649   22 34 16.322   -09 50 13.86
 4  2453196.949219   22 33 46.522   -09 54 34.76
 4  2453205.924059   22 32 54.156   -09 58 42.72
 4  2453210.908975   22 32 22.309   -10 03 20.08
 4  2453211.907221   22 32 15.137   -10 04 06.31
 4  2453216.893149   22 31 37.178   -10 06 37.56
 4  2453217.890332   22 31 29.633   -10 07 13.61
 4  2453218.887512   22 31 22.185   -10 07 58.26
 4  2453239.827061   22 28 24.592   -10 26 52.17
 4  2453240.824228   22 28 15.180   -10 27 32.23
 4  2453243.816782   22 27 47.368   -10 29 17.47
 4  2453244.813947   22 27 38.424   -10 29 59.96
 4  2453245.810054   22 27 29.655   -10 30 50.46
 4  2453252.791271   22 26 27.500   -10 38 15.70
 4  2453259.770386   22 25 24.911   -10 42 51.00
 4  2453260.767556   22 25 16.662   -10 43 50.76
 4  2453260.768615   22 25 16.656   -10 43 50.80
 4  2453263.760128   22 24 51.854   -10 47 09.06
 4  2453264.756241   22 24 43.405   -10 48 08.60
 4  2453266.751648   22 24 26.153   -10 49 41.81
 4  2453270.740354   22 23 52.777   -10 51 37.88
 4  2453271.737533   22 23 45.056   -10 52 11.79
 4  2453279.713947   22 22 47.240   -10 58 57.83
 4  2453279.713947   22 22 47.240   -10 58 57.83
 4  2453280.711138   22 22 39.946   -10 59 27.05
 4  2453280.711138   22 22 39.946   -10 59 27.05
 4  2453284.699913   22 22 12.809   -11 00 45.72
 4  2453284.699913   22 22 12.809   -11 00 45.72
 4  2453285.698171   22 22 06.783   -11 01 13.34
 4  2453285.698171   22 22 06.783   -11 01 13.34
 4  2453286.694310   22 22 01.052   -11 01 48.90
 4  2453286.694310   22 22 01.052   -11 01 48.90
 4  2453287.692597   22 21 55.512   -11 02 31.63
 4  2453287.692597   22 21 55.512   -11 02 31.63
 4  2453291.680329   22 21 33.824   -11 05 36.46
 4  2453291.680329   22 21 33.824   -11 05 36.46
 4  2453292.678598   22 21 28.322   -11 06 08.75
 4  2453292.678598   22 21 28.322   -11 06 08.75
 4  2453293.674749   22 21 22.864   -11 06 31.02
 4  2453293.674749   22 21 22.864   -11 06 31.02
 4  2453294.671961   22 21 17.533   -11 06 44.80
 4  2453294.671961   22 21 17.533   -11 06 44.80
 4  2453304.644194   22 20 38.604   -11 10 19.41
 4  2453304.644194   22 20 38.604   -11 10 19.41
 4  2453305.641428   22 20 35.340   -11 10 42.70
 4  2453305.641428   22 20 35.340   -11 10 42.70
 4  2453310.628689   22 20 21.107   -11 10 43.63
 4  2453313.620445   22 20 16.338   -11 10 49.91
 4  2453333.564858   22 20 25.180   -11 10 30.35
 4  2453340.547048   22 20 45.624   -11 06 58.08
