3  2455075.37761  2009  8 31.877610  23 43 25.795  -2 39 13.59
3  2455075.37837  2009  8 31.878370  23 43 25.799  -2 39 14.57
3  2455075.37908  2009  8 31.879080  23 43 25.803  -2 39 13.85
3  2455075.37981  2009  8 31.879810  23 43 25.769  -2 39 14.53
3  2455092.41470  2009  9 17.914700  23 40 58.025  -2 55 15.64
3  2455092.41618  2009  9 17.916180  23 40 58.001  -2 55 15.72
3  2455114.39479  2009 10  9.894790  23 37 51.342  -3 16 12.56
3  2455114.39555  2009 10  9.895550  23 37 51.333  -3 16 12.21
3  2455114.39694  2009 10  9.896940  23 37 51.355  -3 16 12.33
3  2455428.50387  2010  8 20.003870   0  0  1.790  0 -51 26.80
3  2455428.50460  2010  8 20.004600   0  0  1.779  0 -51 27.20
3  2455440.49435  2010  8 31.994350  23 58 30.428  -1  0 32.21
3  2455440.49505  2010  8 31.995050  23 58 30.389  -1  0 32.22
3  2455440.49576  2010  8 31.995760  23 58 30.380  -1  0 32.14
3  2455440.49718  2010  8 31.997180  23 58 30.379  -1  0 32.40
3  2455440.49788  2010  8 31.997880  23 58 30.370  -1  0 32.46
3  2455440.49859  2010  8 31.998590  23 58 30.382  -1  0 32.19
3  2455810.47160  2011  9  5.971600   0 12 55.907  +0 33  9.44
3  2455823.38337  2011  9 18.883370   0 11  5.564  +0 22 12.31
3  2455823.38413  2011  9 18.884130   0 11  5.579  +0 22 11.93
3  2455823.38483  2011  9 18.884830   0 11  5.529  +0 22 11.72
3  2455823.38624  2011  9 18.886240   0 11  5.533  +0 22 11.61
3  2455823.38695  2011  9 18.886950   0 11  5.536  +0 22 11.36
3  2455823.38837  2011  9 18.888370   0 11  5.522  +0 22 11.77
3  2455823.38907  2011  9 18.889070   0 11  5.494  +0 22 11.55
3  2455823.38978  2011  9 18.889780   0 11  5.520  +0 22 11.43
4  2454720.41007  2008  9 10.910070  23 26 51.315  -4 27 55.33
4  2454720.41086  2008  9 10.910860  23 26 51.294  -4 27 55.12
4  2454720.41160  2008  9 10.911600  23 26 51.284  -4 27 55.26
4  2454720.41231  2008  9 10.912310  23 26 51.274  -4 27 55.26
4  2454720.41306  2008  9 10.913060  23 26 51.264  -4 27 55.32
4  2454720.41378  2008  9 10.913780  23 26 51.252  -4 27 55.30
4  2454720.41598  2008  9 10.915980  23 26 51.253  -4 27 55.47
4  2454720.41670  2008  9 10.916700  23 26 51.231  -4 27 55.24
4  2455068.42438  2009  8 24.924380  23 44 23.125  -2 34  9.14
4  2455068.42515  2009  8 24.925150  23 44 23.113  -2 34  9.57
4  2455068.42585  2009  8 24.925850  23 44 23.123  -2 34  9.93
4  2455068.42727  2009  8 24.927270  23 44 23.094  -2 34 10.03
4  2455095.41733  2009  9 20.917330  23 40 32.463  -2 59 11.96
4  2455095.42454  2009  9 20.924540  23 40 32.395  -2 59 12.48
4  2455111.30771  2009 10  6.807710  23 38 16.446  -3 13 37.32
4  2455111.30987  2009 10  6.809870  23 38 16.432  -3 13 37.80
4  2455439.45365  2010  8 30.953650  23 58 38.539  0 -59 26.50
4  2455439.45673  2010  8 30.956730  23 58 38.515  0 -59 26.51
4  2455439.45746  2010  8 30.957460  23 58 38.509  0 -59 26.88
4  2455439.45817  2010  8 30.958170  23 58 38.503  0 -59 27.01
4  2455439.45957  2010  8 30.959570  23 58 38.481  0 -59 27.05
4  2455809.48210  2011  9  4.982100   0 13  4.041  +0 33 52.23
4  2455809.48285  2011  9  4.982850   0 13  4.021  +0 33 52.20
4  2455809.48356  2011  9  4.983560   0 13  4.048  +0 33 52.33
4  2455809.48426  2011  9  4.984260   0 13  4.029  +0 33 51.88
4  2455809.48497  2011  9  4.984970   0 13  4.032  +0 33 52.06
4  2455823.38337  2011  9 18.883370   0 11  6.645  +0 21  2.22
4  2455823.38413  2011  9 18.884130   0 11  6.632  +0 21  1.92
4  2455823.38483  2011  9 18.884830   0 11  6.605  +0 21  1.86
4  2455823.38553  2011  9 18.885530   0 11  6.621  +0 21  1.95
4  2455823.38624  2011  9 18.886240   0 11  6.595  +0 21  2.13
4  2455823.38695  2011  9 18.886950   0 11  6.583  +0 21  2.17
4  2455823.38766  2011  9 18.887660   0 11  6.589  +0 21  1.79
4  2455823.38837  2011  9 18.888370   0 11  6.594  +0 21  2.05
4  2455823.38907  2011  9 18.889070   0 11  6.587  +0 21  1.79
4  2455823.38978  2011  9 18.889780   0 11  6.586  +0 21  1.71