 1 1990  7 18.750303 18 30 24.572 -23 34 53.76
 1 1990  7 19.719010 18 30 16.437 -23 35 18.19
 1 1990  7 19.729855 18 30 16.340 -23 35 18.72
 1 1990  7 19.737846 18 30 16.218 -23 35 18.38
 1 1990  7 19.793988 18 30 15.616 -23 35 21.06
 1 1990  7 19.803051 18 30 15.520 -23 35 20.96
 1 1990  7 21.717293 18 29 56.815 -23 35 15.88
 1 1990  7 21.787052 18 29 56.303 -23 35 18.27
 1 1990  7 23.704521 18 29 36.780 -23 35 30.55
 1 1990  7 23.723572 18 29 36.598 -23 35 29.70
 1 1990  7 24.693818 18 29 29.111 -23 35 50.24
 1 1990  7 24.736397 18 29 28.669 -23 35 51.94
 1 1990  7 25.725386 18 29 17.738 -23 35 59.88
 1 1990  7 25.731646 18 29 17.687 -23 35 59.94
 1 1990  7 25.737531 18 29 17.638 -23 35 59.34
 1 1990  7 25.770652 18 29 17.285 -23 35 58.99
 1 1990  7 25.777403 18 29 17.252 -23 35 57.95
 2 1990  7 19.719010 18 30 16.890 -23 35 11.76
 2 1990  7 19.729855 18 30 16.784 -23 35 12.06
 2 1990  7 21.717293 18 29 54.908 -23 35 30.66
 2 1990  7 22.696138 18 29 46.574 -23 35 15.09
 2 1990  7 24.693818 18 29 28.640 -23 36 06.04
 2 1990  7 24.736397 18 29 28.171 -23 36 06.42
 3 1990  7 18.750303 18 30 22.827 -23 34 59.69
 3 1990  7 19.719010 18 30 14.229 -23 34 48.06
 3 1990  7 19.729855 18 30 14.145 -23 34 48.05
 3 1990  7 19.737846 18 30 14.058 -23 34 47.80
 3 1990  7 19.793988 18 30 13.602 -23 34 47.53
 3 1990  7 19.803051 18 30 13.542 -23 34 47.39
 3 1990  7 21.717293 18 29 57.835 -23 35 04.62
 3 1990  7 21.787052 18 29 57.248 -23 35 06.18
 3 1990  7 22.696138 18 29 49.126 -23 35 31.45
 3 1990  7 23.723572 18 29 38.887 -23 36 00.56
 3 1990  7 24.693818 18 29 28.532 -23 36 19.35
 3 1990  7 24.736397 18 29 28.058 -23 36 19.84
 3 1990  7 25.725386 18 29 17.431 -23 36 22.57
 3 1990  7 25.731646 18 29 17.339 -23 36 22.47
 3 1990  7 25.737531 18 29 17.306 -23 36 22.27
 3 1990  7 25.770652 18 29 16.941 -23 36 22.05
 3 1990  7 25.777403 18 29 16.870 -23 36 21.92
 4 1990  7 18.750303 18 30 27.663 -23 34 44.59
 4 1990  7 19.719010 18 30 18.534 -23 35 10.63
 4 1990  7 19.729855 18 30 18.420 -23 35 10.89
 4 1990  7 19.737846 18 30 18.362 -23 35 10.92
 4 1990  7 19.793988 18 30 17.832 -23 35 12.36
 4 1990  7 19.803051 18 30 17.694 -23 35 12.64
 4 1990  7 21.717293 18 29 58.076 -23 36 00.44
 4 1990  7 21.787052 18 29 57.296 -23 36 02.56
 4 1990  7 22.696138 18 29 47.513 -23 36 16.18
 4 1990  7 23.704521 18 29 36.552 -23 36 22.77
 4 1990  7 23.723572 18 29 36.392 -23 36 22.87
 4 1990  7 24.693818 18 29 26.172 -23 36 21.30
 4 1990  7 24.736397 18 29 25.705 -23 36 20.84
 4 1990  7 25.725386 18 29 15.855 -23 36 11.82
 4 1990  7 25.731646 18 29 15.793 -23 36 11.77
 4 1990  7 25.737531 18 29 15.741 -23 36 11.13
 4 1990  7 25.770652 18 29 15.388 -23 36 10.87
 4 1990  7 25.777403 18 29 15.364 -23 36 10.66
