 2007 09 30.875184    3    23  8 54.448   -6 21 43.85
 2007 10 21.812517    3    23  6 25.350   -6 35 44.33
 2007 11  4.774350    3    23  5 19.913   -6 43  3.68
 2008 01  3.620025    3    23  7 11.421   -6 28 45.87
 2008 01  4.610295    3    23  7 18.750   -6 28  6.09
 2007 09 30.875184    4    23  8 53.375   -6 20 48.09
 2007 10 21.812517    4    23  6 26.524   -6 36 43.35
 2007 11  4.774350    4    23  5 20.098   -6 43 11.82
 2007 11 24.728799    4    23  4 41.707   -6 44 59.27
 2007 12 20.656251    4    23  5 45.624   -6 37 25.35
 2008 01  3.620025    4    23  7 10.401   -6 27 55.46
 2008 01  4.610295    4    23  7 17.558   -6 27  0.68
