2015 10 13  01 06 33.7   5  2   2.7   158.9   0.2    +14.1    5743.2  10.5   -6.8    +5548.8   -1482.1  10.1   2.7   -2.9   +15.4
2016 08 23  05 49 34.4   2  3   0.6  -141.2   0.4    +83.4   29462.2   7.2  -63.9   -28897.5   -5740.4   7.1   1.5  +79.0   -69.2
2016 09 10  03 55 17.9   5  1   3.5    -3.3   2.9     +2.8   12206.5  60.8  -36.3   +11624.9   +3723.1  57.9  18.8  -35.4    -8.5
2016 09 10  04 46 10.8   5  3   0.5  +107.9   0.1    +19.9   14922.1   4.9   +6.5   -10910.6  -10179.9   3.6   3.3   +8.8   -19.0
2016 09 11  06 15 27.2   5  4   0.6  +132.2   0.1    +19.9   24750.3   5.1  +21.5   -19534.9  +15198.0   4.0   3.1  -29.2    -2.5
2016 09 23  03 23 14.5   1  2   1.2   -23.1   0.8    +14.3   16425.3   7.0  -15.2   -15395.2   -5725.2   6.6   2.6  +19.3    -8.1
2016 11  3  03 27  5.0   5  3   1.0  +169.5   0.1    +15.9   22242.5   7.0  +12.1    +5734.8  -21490.9   1.8   6.7  +18.4    -7.6
2017 08 10  05 14 56.2   5  2   0.8  +744.4   0.1    +79.5    7060.6  11.9 -119.4    +6674.5   -2313.4  11.2   3.9  -86.6  +114.6
2017 08 10  05 17 50.8   5  3   1.1   -69.5   0.2    -12.2   15332.2  15.7  -73.9   +14756.5   -4162.2  15.1   4.3  -74.5    +8.3
2017 08 10  06 17 48.8   2  3   1.5  +153.8   0.1    +10.1    8238.7   4.8   +1.1    +8007.7   -1937.3   4.7   1.1   +3.5    +9.6
2017 08 10  06 29 21.8   5  1   1.3   +42.6   1.1    -34.9   13717.2  77.8  +69.4   -13579.7   -1937.3  77.0  11.1  -73.6   +24.8
2017 08 11  06 56  1.9   5  1   8.8   -35.3   5.4    +21.7   10906.2 128.9  -28.7    +9932.9   +4503.7 117.3  53.5  -35.1    +7.9
2017 08 15  05 06 19.4   1  4   3.9   -30.4   0.7     -5.1   17969.8  22.0  +13.2   -17755.6   -2766.8  21.7   3.4  -13.9    +3.0
2017 08 15  06 57 26.9   5  4   0.7  -362.9   0.2    -90.3   21258.5   5.4  -24.2   -20803.1   -4381.1   5.3   1.1   +5.0    93.5
2017 08 15  07 08 44.6   1  3   1.5  -120.2   0.2    -15.6   11311.1   5.7   -7.8   -10617.0   -3901.5   5.3   2.0   +1.9   +17.4
2017 10 18  01 36 32.4   1  3   1.6   -49.2   0.1     -4.5   15817.9   7.8  +17.9    +9640.6  -12540.6   4.7   6.1   +7.3   -16.9
2017 11 13  03 40 33.4   2  3   5.8  -160.1   0.3     -8.0   10926.2   6.5  +10.2    +6547.4   -8747.2   3.9   5.2   -0.2   -12.9
2018 07 16  07 10 40.6   1  3  19.5  +170.7  12.0   -104.6   29792.4 193.3   -6.7   +29789.4    +417.9 193.2  12.8   -4.2  -104.9
2018 07 17  08 03  1.4   5  2   0.6   -89.5   0.0     -6.4    9535.7   8.3 +108.0     -899.3   +9493.5   0.8   8.3   -3.8  +108.1
2018 07 18  06 54 28.8   1  3   1.5   -32.1   0.1     -2.9   16763.8  17.1  -17.1    -1273.8  +16715.4   1.3  17.1   +4.2   -16.8
2018 08 19  06 08 39.0   3  4  26.1  -281.8   0.8     -8.6    8022.1   8.8   +6.8    +7157.1   -3623.5   7.9   4.1   +2.2   -10.7
2018 09 28  03 15 24.7   5  1   0.8  +493.9   0.0    +14.6    4341.6  11.0  -73.6     +549.8   -4308.3   1.4  10.9   +5.2   +74.9
2018 10 22  01 15 36.4   1  3   0.7  -668.0   0.1    -61.4   17737.8   4.5  -43.2  -1568.8+1    7670.5   0.4   4.5  +64.8   -37.6
