1 2008 08  8.756956 23 31 17.2862 -03 58  6.282
1 2008 08  8.759745 23 31 17.2677 -03 58  6.191
1 2008 08  8.763889 23 31 17.2392 -03 58  6.524
1 2008 08  8.766678 23 31 17.2229 -03 58  6.703
1 2008 08  8.769456 23 31 17.2048 -03 58  6.786
1 2008 08  8.772234 23 31 17.1877 -03 58  6.965
1 2008 08  8.775012 23 31 17.1655 -03 58  7.178
1 2008 08  8.777789 23 31 17.1400 -03 58  7.259
1 2008 08  8.780567 23 31 17.1262 -03 58  7.279
1 2008 08  8.783345 23 31 17.1035 -03 58  7.472
1 2008 08  8.786134 23 31 17.0893 -03 58  7.734
1 2008 08  8.788889 23 31 17.0602 -03 58  7.663
1 2008 08  8.791678 23 31 17.0494 -03 58  7.910
1 2008 08  8.795150 23 31 17.0172 -03 58  8.054
1 2008 08  8.799317 23 31 16.9895 -03 58  8.199
1 2008 08  8.802095 23 31 16.9781 -03 58  8.325
1 2008 08  8.804873 23 31 16.9649 -03 58  8.474
1 2008 08  8.807639 23 31 16.9422 -03 58  8.573
1 2008 08  8.812500 23 31 16.8939 -03 58  8.600
1 2008 08  8.815289 23 31 16.8800 -03 58  8.875
1 2008 08  8.818056 23 31 16.8649 -03 58  9.133
1 2008 08  8.820833 23 31 16.8517 -03 58  9.046
1 2008 08  8.824317 23 31 16.8291 -03 58  9.348
1 2008 08  8.828472 23 31 16.7977 -03 58  9.667
1 2008 08  8.834734 23 31 16.7488 -03 58  9.892
1 2008 09  1.770139 23 28 10.8956 -04 18 56.427
1 2008 09  1.777083 23 28 10.8089 -04 18 56.766
1 2008 09  1.780556 23 28 10.7749 -04 18 56.686
1 2008 09  1.783333 23 28 10.7662 -04 18 56.969
1 2008 09  1.800000 23 28 10.6234 -04 18 57.493
1 2008 09  1.807639 23 28 10.5298 -04 18 58.100
1 2008 09  1.809722 23 28 10.5254 -04 18 58.312
1 2008 09  2.666655 23 28  2.7351 -04 19 23.456
1 2008 09  2.675000 23 28  2.6557 -04 19 23.656
1 2008 09  2.683333 23 28  2.5785 -04 19 23.821
1 2008 09  2.689572 23 28  2.5219 -04 19 23.962
1 2008 09  2.692361 23 28  2.5052 -04 19 24.273
1 2008 09  2.695139 23 28  2.4770 -04 19 24.196
1 2008 09  2.697917 23 28  2.4551 -04 19 24.342
1 2008 09  2.704155 23 28  2.3970 -04 19 24.580
1 2008 09  2.706944 23 28  2.3679 -04 19 24.703
1 2008 09  2.709711 23 28  2.3494 -04 19 24.742
1 2008 09  2.712500 23 28  2.3105 -04 19 24.792
1 2008 09  2.715266 23 28  2.2844 -04 19 24.922
1 2008 09  2.718067 23 28  2.2670 -04 19 25.066
1 2008 09  2.721528 23 28  2.2241 -04 19 25.335
1 2008 09  2.724306 23 28  2.1967 -04 19 25.526
1 2008 09  2.727083 23 28  2.1738 -04 19 25.421
1 2008 09  2.729861 23 28  2.1552 -04 19 25.500
1 2008 09  2.733333 23 28  2.1159 -04 19 25.606
1 2008 09  2.756944 23 28  1.8991 -04 19 26.383
1 2008 09  2.759722 23 28  1.8711 -04 19 26.930
1 2008 09  2.762500 23 28  1.8513 -04 19 26.951
1 2008 09  2.765972 23 28  1.8141 -04 19 26.982
1 2008 09  2.769444 23 28  1.7897 -04 19 27.349
1 2008 09  2.773611 23 28  1.7406 -04 19 27.334
1 2008 09  2.776389 23 28  1.7211 -04 19 27.600
1 2008 09  2.779861 23 28  1.6973 -04 19 27.699
1 2008 09  2.782639 23 28  1.6595 -04 19 27.770
1 2008 09  2.795833 23 28  1.5391 -04 19 28.356
1 2008 09  2.797917 23 28  1.5267 -04 19 28.353
1 2008 09  2.801389 23 28  1.4907 -04 19 28.525
1 2008 09  2.803472 23 28  1.4710 -04 19 28.494
1 2008 09  7.650000 23 27 19.2248 -04 24  5.344
1 2008 09  7.729861 23 27 18.4826 -04 24  7.708
1 2008 09  9.621528 23 27  2.1514 -04 26 13.892
1 2008 09  9.657639 23 27  1.8228 -04 26 14.949
1 2008 09  9.659028 23 27  1.8113 -04 26 14.974
1 2008 09  9.660405 23 27  1.7926 -04 26 15.025
1 2008 09  9.661806 23 27  1.7852 -04 26 14.993
1 2008 09  9.669444 23 27  1.6888 -04 26 15.305
1 2008 09  9.671539 23 27  1.6888 -04 26 15.305
1 2008 09  9.677778 23 27  1.6098 -04 26 15.371
1 2008 09  9.679167 23 27  1.6098 -04 26 15.371
1 2008 09  9.681250 23 27  1.5885 -04 26 15.600
1 2008 09  9.687500 23 27  1.5286 -04 26 15.770
1 2008 09 10.629861 23 26 52.7910 -04 26 49.393
1 2008 09 10.631250 23 26 52.7843 -04 26 49.595
1 2008 09 10.633333 23 26 52.7600 -04 26 49.577
1 2008 09 10.635417 23 26 52.7364 -04 26 49.724
1 2008 09 10.638194 23 26 52.7192 -04 26 50.098
1 2008 09 10.640972 23 26 52.6943 -04 26 50.245
1 2008 09 10.643056 23 26 52.6817 -04 26 50.273
1 2008 09 10.647234 23 26 52.6340 -04 26 50.609
1 2008 09 10.650000 23 26 52.6113 -04 26 50.636
1 2008 09 10.653472 23 26 52.5850 -04 26 50.828
1 2008 09 10.658333 23 26 52.5482 -04 26 51.397
1 2008 09 10.661111 23 26 52.5246 -04 26 51.467
1 2008 09 10.665278 23 26 52.4738 -04 26 51.861
1 2008 09 10.668067 23 26 52.4482 -04 26 51.976
1 2008 09 10.670833 23 26 52.4311 -04 26 52.050
1 2008 09 10.672917 23 26 52.4202 -04 26 52.291
1 2008 09 10.677778 23 26 52.3565 -04 26 52.591
1 2008 09 10.684028 23 26 52.3060 -04 26 52.982
1 2008 09 10.688889 23 26 52.2548 -04 26 53.324
1 2008 09 10.691667 23 26 52.2224 -04 26 53.476
1 2008 09 10.693750 23 26 52.2157 -04 26 53.599
1 2008 09 10.696528 23 26 52.1875 -04 26 53.995
1 2008 09 10.719444 23 26 51.9821 -04 26 55.591
1 2008 09 10.729861 23 26 51.8918 -04 26 56.293
1 2008 09 10.736806 23 26 51.8229 -04 26 56.870
1 2008 09 10.740289 23 26 51.7985 -04 26 57.066
1 2008 09 10.745833 23 26 51.7481 -04 26 57.607
1 2008 09 10.748611 23 26 51.7192 -04 26 58.042
1 2008 09 10.752083 23 26 51.7141 -04 26 58.165
1 2008 09 10.754167 23 26 51.6776 -04 26 58.422
1 2008 09 10.756933 23 26 51.6534 -04 26 58.383
1 2008 09 10.759028 23 26 51.6289 -04 26 58.695
1 2008 09 10.767361 23 26 51.5571 -04 26 59.109
1 2008 09 10.769456 23 26 51.5420 -04 26 59.518
1 2008 09 10.770833 23 26 51.5389 -04 26 59.374
1 2008 09 10.773611 23 26 51.5141 -04 26 59.621
1 2008 09 10.775694 23 26 51.4899 -04 26 59.846
1 2009 08 17.680174 23 45 17.1172 -02 27 41.817
1 2009 08 17.681968 23 45 17.0999 -02 27 42.157
1 2009 08 17.684514 23 45 17.0856 -02 27 42.320
1 2009 08 17.687662 23 45 17.0688 -02 27 42.474
1 2009 08 17.690764 23 45 17.0452 -02 27 42.779
1 2009 08 17.695093 23 45 17.0209 -02 27 43.002
1 2009 08 17.697130 23 45 16.9970 -02 27 43.341
1 2009 08 17.699120 23 45 17.0067 -02 27 43.248
1 2009 08 17.702662 23 45 16.9631 -02 27 43.521
1 2009 08 17.705336 23 45 16.9379 -02 27 43.776
1 2009 08 17.710903 23 45 16.8987 -02 27 44.174
1 2009 08 17.717859 23 45 16.8632 -02 27 44.472
1 2009 08 17.722014 23 45 16.8373 -02 27 44.858
1 2009 08 17.725486 23 45 16.7960 -02 27 45.257
1 2009 08 17.728264 23 45 16.8005 -02 27 45.464
1 2009 08 17.744931 23 45 16.6937 -02 27 46.492
1 2009 08 20.767465 23 44 54.7420 -02 30 14.506
1 2009 08 20.769711 23 44 54.7304 -02 30 14.504
1 2010 08  8.805532  0  1 11.5790 -00 43 15.996
1 2010 08  8.811759  0  1 11.5356 -00 43 15.936
1 2010 08  8.813854  0  1 11.5326 -00 43 15.859
1 2010 08  8.815949  0  1 11.5090 -00 43 15.944
1 2010 08  8.818021  0  1 11.5017 -00 43 15.972
1 2010 08  8.820104  0  1 11.4930 -00 43 16.055
1 2010 08  8.822188  0  1 11.4716 -00 43 15.992
1 2010 08  8.824259  0  1 11.4667 -00 43 16.017
1 2010 08  8.830521  0  1 11.4216 -00 43 16.083
1 2010 08  8.832593  0  1 11.4038 -00 43 15.987
1 2010 08  8.834699  0  1 11.4018 -00 43 16.140
1 2010 08  8.838877  0  1 11.3860 -00 43 16.223
1 2010 08  8.840949  0  1 11.3662 -00 43 16.181
1 2010 08  8.843067  0  1 11.3538 -00 43 16.280
1 2010 08  8.847188  0  1 11.3228 -00 43 16.240
1 2010 09 16.651516 23 56 17.5196 -01 15 21.524
1 2010 09 16.661574 23 56 17.4301 -01 15 22.382
1 2010 09 16.664919 23 56 17.3966 -01 15 22.563
1 2010 09 16.667083 23 56 17.3750 -01 15 22.737
1 2010 09 16.669676 23 56 17.3548 -01 15 22.909
1 2010 09 16.671655 23 56 17.3362 -01 15 23.122
1 2010 09 16.673733 23 56 17.3147 -01 15 23.172
1 2010 09 16.675804 23 56 17.2985 -01 15 23.334
1 2010 09 16.677888 23 56 17.2767 -01 15 23.575
1 2010 09 16.679971 23 56 17.2585 -01 15 23.685
1 2010 09 16.682124 23 56 17.2376 -01 15 23.851
1 2010 09 16.684161 23 56 17.2173 -01 15 24.012
1 2010 09 16.686209 23 56 17.2030 -01 15 24.161
1 2010 09 16.688304 23 56 17.1837 -01 15 24.271
1 2010 09 16.690365 23 56 17.1663 -01 15 24.489
1 2010 09 16.692448 23 56 17.1450 -01 15 24.639
1 2010 09 16.694531 23 56 17.1298 -01 15 24.770
1 2010 09 16.696615 23 56 17.1082 -01 15 24.882
1 2010 09 16.698698 23 56 17.0923 -01 15 25.103
1 2010 09 16.700793 23 56 17.0714 -01 15 25.270
1 2010 09 16.702865 23 56 17.0565 -01 15 25.397
1 2010 09 16.704959 23 56 17.0356 -01 15 25.568
1 2010 09 16.707031 23 56 17.0173 -01 15 25.749
1 2010 09 16.709091 23 56 16.9954 -01 15 25.917
1 2010 09 16.711198 23 56 16.9801 -01 15 26.030
1 2010 09 16.713281 23 56 16.9631 -01 15 26.223
1 2010 09 16.715365 23 56 16.9452 -01 15 26.351
1 2010 09 16.719514 23 56 16.9046 -01 15 26.710
1 2010 09 16.721586 23 56 16.8881 -01 15 26.834
1 2010 09 16.723681 23 56 16.8625 -01 15 27.062
1 2010 09 16.725775 23 56 16.8452 -01 15 27.168
1 2010 09 16.734711 23 56 16.7720 -01 15 27.838
1 2010 09 16.736227 23 56 16.7583 -01 15 27.994
1 2010 09 16.738403 23 56 16.7363 -01 15 28.152
1 2010 09 16.740359 23 56 16.7216 -01 15 28.356
1 2010 09 16.742431 23 56 16.7037 -01 15 28.529
1 2010 09 16.744606 23 56 16.6807 -01 15 28.662
1 2010 09 16.746944 23 56 16.6637 -01 15 28.837
1 2010 09 16.748947 23 56 16.6404 -01 15 29.077
1 2010 09 16.752245 23 56 16.6132 -01 15 29.260
1 2010 09 16.754271 23 56 16.5947 -01 15 29.432
1 2010 09 16.756354 23 56 16.5746 -01 15 29.593
1 2010 09 16.758414 23 56 16.5601 -01 15 29.794
1 2010 09 16.760521 23 56 16.5404 -01 15 29.926
1 2010 09 16.762581 23 56 16.5181 -01 15 30.061
1 2010 09 16.764676 23 56 16.5068 -01 15 30.300
1 2010 09 16.766759 23 56 16.4842 -01 15 30.376
1 2010 09 16.768843 23 56 16.4699 -01 15 30.551
1 2010 09 16.770914 23 56 16.4549 -01 15 30.776
1 2010 09 16.772998 23 56 16.4362 -01 15 30.868
1 2010 09 16.777188 23 56 16.3949 -01 15 31.312
1 2010 09 16.779259 23 56 16.3713 -01 15 31.468
1 2010 09 16.781331 23 56 16.3585 -01 15 31.626
1 2010 09 16.783426 23 56 16.3345 -01 15 31.819
1 2010 09 16.785498 23 56 16.3213 -01 15 31.972
1 2010 09 16.787581 23 56 16.3017 -01 15 32.118
1 2010 09 16.789676 23 56 16.2857 -01 15 32.359
1 2010 09 16.791748 23 56 16.2629 -01 15 32.489
1 2010 09 16.793843 23 56 16.2468 -01 15 32.678
1 2010 09 16.800081 23 56 16.1906 -01 15 33.210
1 2010 09 16.802176 23 56 16.1756 -01 15 33.372
1 2010 09 16.804248 23 56 16.1543 -01 15 33.506
1 2010 09 16.806331 23 56 16.1379 -01 15 33.632
1 2010 09 16.833414 23 56 15.9053 -01 15 35.878
1 2010 09 17.677106 23 56  9.0038 -01 16 45.178
1 2010 09 17.680052 23 56  8.9728 -01 16 45.340
1 2010 09 17.683183 23 56  8.9474 -01 16 45.558
1 2010 09 17.685556 23 56  8.9273 -01 16 45.700
1 2010 09 17.687650 23 56  8.9131 -01 16 45.807
1 2010 09 17.689711 23 56  8.8943 -01 16 45.928
1 2010 09 17.691806 23 56  8.8726 -01 16 46.057
1 2010 09 17.693900 23 56  8.8545 -01 16 46.225
1 2010 09 17.700127 23 56  8.8030 -01 16 46.505
1 2010 09 17.702211 23 56  8.7879 -01 16 46.603
1 2010 09 17.704294 23 56  8.7723 -01 16 46.779
1 2010 09 17.706377 23 56  8.7466 -01 16 47.017
1 2010 09 17.708461 23 56  8.7322 -01 16 46.986
1 2010 09 17.710544 23 56  8.7096 -01 16 47.223
1 2010 09 17.712616 23 56  8.6968 -01 16 47.216
1 2010 09 17.716782 23 56  8.6624 -01 16 47.567
1 2010 09 17.718866 23 56  8.6443 -01 16 47.541
1 2010 09 17.720972 23 56  8.6276 -01 16 47.742
1 2010 09 17.723032 23 56  8.6141 -01 16 47.899
1 2010 09 17.725127 23 56  8.5890 -01 16 47.958
1 2010 09 17.727187 23 56  8.5776 -01 16 48.203
1 2010 09 17.729282 23 56  8.5630 -01 16 48.198
1 2010 09 17.731377 23 56  8.5358 -01 16 48.339
1 2010 09 17.733449 23 56  8.5273 -01 16 48.438
1 2010 09 17.735556 23 56  8.5063 -01 16 48.622
1 2010 09 17.737627 23 56  8.4896 -01 16 48.724
1 2010 09 17.739711 23 56  8.4649 -01 16 48.851
1 2010 09 17.741782 23 56  8.4508 -01 16 48.936
1 2010 09 17.743877 23 56  8.4298 -01 16 49.033
1 2010 09 17.745949 23 56  8.4188 -01 16 49.122
1 2010 09 17.748056 23 56  8.3973 -01 16 49.282
1 2010 09 17.750127 23 56  8.3803 -01 16 49.370
1 2010 09 17.752211 23 56  8.3662 -01 16 49.538
1 2010 09 17.754294 23 56  8.3432 -01 16 49.620
1 2010 09 17.756366 23 56  8.3291 -01 16 49.762
1 2010 09 17.758461 23 56  8.3070 -01 16 49.838
1 2010 09 17.760544 23 56  8.2883 -01 16 49.959
1 2010 09 17.762650 23 56  8.2709 -01 16 50.082
1 2010 09 17.764711 23 56  8.2602 -01 16 50.165
1 2010 09 17.766806 23 56  8.2363 -01 16 50.278
1 2010 09 17.768877 23 56  8.2181 -01 16 50.415
1 2010 09 17.770961 23 56  8.2023 -01 16 50.524
1 2010 09 17.773044 23 56  8.1835 -01 16 50.570
1 2010 09 17.777222 23 56  8.1487 -01 16 50.874
1 2010 09 17.779294 23 56  8.1287 -01 16 50.980
1 2010 09 17.781366 23 56  8.1139 -01 16 51.083
1 2010 09 17.785532 23 56  8.0771 -01 16 51.290
1 2010 09 17.787616 23 56  8.0617 -01 16 51.449
1 2010 09 17.789711 23 56  8.0404 -01 16 51.476
1 2010 09 17.793889 23 56  8.0009 -01 16 51.679
1 2010 09 17.798056 23 56  7.9699 -01 16 51.940
1 2010 09 17.802234 23 56  7.9292 -01 16 52.195
1 2010 09 17.804294 23 56  7.9192 -01 16 52.243
1 2010 09 17.806377 23 56  7.8946 -01 16 52.292
1 2010 09 18.695266 23 55 59.7330 -01 17 20.217
1 2010 09 18.695961 23 55 59.7257 -01 17 20.249
1 2010 09 18.696574 23 55 59.7214 -01 17 20.237
1 2010 09 18.697280 23 55 59.7092 -01 17 20.290
1 2010 09 18.699375 23 55 59.6915 -01 17 20.355
1 2010 09 18.701435 23 55 59.6717 -01 17 20.500
1 2010 09 18.703530 23 55 59.6502 -01 17 20.544
1 2010 09 18.705625 23 55 59.6314 -01 17 20.586
1 2010 09 18.707708 23 55 59.6124 -01 17 20.679
1 2010 09 18.709792 23 55 59.5907 -01 17 20.764
1 2010 09 18.711875 23 55 59.5709 -01 17 20.842
1 2010 09 18.713935 23 55 59.5511 -01 17 20.887
1 2010 09 18.718102 23 55 59.5105 -01 17 21.019
1 2010 09 18.720162 23 55 59.4922 -01 17 21.125
1 2010 09 18.722280 23 55 59.4708 -01 17 21.202
1 2010 09 18.726400 23 55 59.4262 -01 17 21.327
1 2010 09 18.728507 23 55 59.4062 -01 17 21.406
1 2010 09 18.730613 23 55 59.3820 -01 17 21.436
1 2010 09 18.732731 23 55 59.3631 -01 17 21.617
1 2010 09 18.738947 23 55 59.3082 -01 17 21.828
1 2010 09 18.741042 23 55 59.2832 -01 17 21.907
1 2010 09 18.743125 23 55 59.2664 -01 17 21.946
1 2010 09 18.745185 23 55 59.2454 -01 17 22.069
1 2010 09 18.747292 23 55 59.2286 -01 17 22.155
1 2010 09 18.749352 23 55 59.2047 -01 17 22.172
1 2010 09 18.751424 23 55 59.1889 -01 17 22.325
1 2010 09 18.753519 23 55 59.1657 -01 17 22.461
1 2010 09 18.755613 23 55 59.1437 -01 17 22.560
1 2010 09 18.757662 23 55 59.1317 -01 17 22.643
1 2010 09 18.763958 23 55 59.0643 -01 17 22.848
1 2010 09 18.768125 23 55 59.0278 -01 17 23.082
1 2010 09 18.770174 23 55 59.0020 -01 17 23.081
1 2010 09 18.774329 23 55 58.9570 -01 17 23.283
1 2010 09 18.774873 23 55 58.9550 -01 17 23.256
1 2010 09 18.784757 23 55 58.8687 -01 17 23.644
1 2010 09 18.793113 23 55 58.7805 -01 17 24.025
1 2010 09 18.824363 23 55 58.4860 -01 17 25.437
1 2010 09 18.826435 23 55 58.4599 -01 17 25.469
1 2010 09 18.828519 23 55 58.4417 -01 17 25.541
1 2010 09 18.834745 23 55 58.3766 -01 17 25.816
1 2010 09 18.840995 23 55 58.3229 -01 17 26.194
1 2010 09 18.843102 23 55 58.3073 -01 17 26.293
1 2011 09 23.620289  0 10 24.4846 +00 17  4.703
1 2011 09 23.621447  0 10 24.4763 +00 17  4.682
1 2011 09 23.625255  0 10 24.4411 +00 17  4.585
1 2011 09 23.627326  0 10 24.4206 +00 17  4.450
1 2011 09 23.629410  0 10 24.4002 +00 17  4.492
1 2011 09 23.631493  0 10 24.3806 +00 17  4.364
1 2011 09 23.633565  0 10 24.3612 +00 17  4.350
1 2011 09 23.635613  0 10 24.3401 +00 17  4.309
1 2011 09 23.637685  0 10 24.3257 +00 17  4.196
1 2011 09 23.641852  0 10 24.2869 +00 17  4.079
1 2011 09 23.646019  0 10 24.2472 +00 17  4.008
1 2011 09 23.650399  0 10 24.2078 +00 17  3.785
1 2011 09 23.652240  0 10 24.1880 +00 17  3.769
1 2011 09 23.658490  0 10 24.1311 +00 17  3.526
1 2011 09 24.634734  0 10 14.8522 +00 16 25.384
1 2011 09 24.656840  0 10 14.6541 +00 16 23.700
1 2011 09 24.659109  0 10 14.6352 +00 16 23.595
1 2011 09 24.661134  0 10 14.6146 +00 16 23.407
1 2011 09 24.663090  0 10 14.5901 +00 16 23.133
1 2011 09 24.678183  0 10 14.4554 +00 16 22.212
1 2011 09 24.682697  0 10 14.4144 +00 16 21.744
1 2011 09 24.684606  0 10 14.3932 +00 16 21.614
1 2011 09 24.686354  0 10 14.3807 +00 16 21.524
1 2011 09 24.687975  0 10 14.3601 +00 16 21.419
1 2011 09 24.690046  0 10 14.3459 +00 16 21.210
1 2011 09 24.692141  0 10 14.3250 +00 16 21.061
1 2011 09 24.694225  0 10 14.3063 +00 16 20.915
1 2011 09 24.696192  0 10 14.2879 +00 16 20.742
1 2011 09 24.698148  0 10 14.2688 +00 16 20.616
1 2011 09 24.700208  0 10 14.2491 +00 16 20.433
1 2011 09 24.702280  0 10 14.2307 +00 16 20.328
1 2011 09 24.704294  0 10 14.2107 +00 16 20.119
1 2011 09 24.706366  0 10 14.1919 +00 16 19.965
1 2011 09 24.715174  0 10 14.1163 +00 16 19.308
1 2011 09 24.717025  0 10 14.0959 +00 16 19.121
1 2011 09 24.718935  0 10 14.0795 +00 16 19.026
1 2011 09 25.656898  0 10  6.2931 +00 15  1.476
1 2011 09 25.659167  0 10  6.2695 +00 15  1.241
1 2011 09 25.660556  0 10  6.2585 +00 15  1.203
1 2011 09 25.662917  0 10  6.2482 +00 15  1.020
1 2011 09 25.664942  0 10  6.2255 +00 15  0.874
1 2011 09 25.667025  0 10  6.2085 +00 15  0.739
1 2011 09 25.668981  0 10  6.1998 +00 15  0.782
1 2011 09 25.671076  0 10  6.1711 +00 15  0.599
1 2011 09 25.681493  0 10  6.0917 +00 15  0.095
1 2011 09 25.685602  0 10  6.0487 +00 14 59.675
1 2011 09 25.719630  0 10  5.7694 +00 14 57.718
1 2011 09 25.729757  0 10  5.6876 +00 14 57.073
1 2011 09 25.733924  0 10  5.6500 +00 14 56.780
1 2011 09 25.738090  0 10  5.6072 +00 14 56.565
1 2011 09 25.740162  0 10  5.5904 +00 14 56.453
1 2011 09 25.742257  0 10  5.5744 +00 14 56.467
1 2011 09 25.746424  0 10  5.5418 +00 14 56.207
1 2011 09 25.754514  0 10  5.4679 +00 14 55.669
1 2014 09 20.688218  0 56 16.0257 +05 15 10.499
1 2014 09 20.689606  0 56 16.0138 +05 15 10.383
1 2014 09 20.690990  0 56 16.0158 +05 15 10.189
1 2014 09 20.692390  0 56 15.9974 +05 15 10.054
1 2014 09 20.694485  0 56 15.9917 +05 15  9.981
1 2014 09 20.695891  0 56 15.9775 +05 15  9.751
1 2014 09 20.699363  0 56 15.9425 +05 15  9.671
1 2014 09 20.700752  0 56 15.9365 +05 15  9.535
1 2014 09 20.702830  0 56 15.9207 +05 15  9.475
1 2014 09 20.712674  0 56 15.8506 +05 15  8.621
1 2014 09 20.714757  0 56 15.8323 +05 15  8.393
1 2014 09 20.716782  0 56 15.8176 +05 15  8.289
1 2014 09 20.718819  0 56 15.8005 +05 15  8.106
1 2014 09 20.720874  0 56 15.7836 +05 15  7.956
1 2014 09 20.722946  0 56 15.7695 +05 15  7.832
1 2014 09 20.725029  0 56 15.7555 +05 15  7.561
1 2014 09 20.732118  0 56 15.7053 +05 15  7.117
1 2014 09 20.736314  0 56 15.6714 +05 15  6.861
1 2014 09 20.738397  0 56 15.6554 +05 15  6.589
1 2014 09 20.740451  0 56 15.6392 +05 15  6.504
1 2014 09 20.742575  0 56 15.6257 +05 15  6.239
1 2014 09 20.744502  0 56 15.6130 +05 15  6.190
1 2014 09 20.766869  0 56 15.4499 +05 15  4.616
1 2014 09 20.768993  0 56 15.4271 +05 15  4.392
1 2014 09 20.789699  0 56 15.2783 +05 15  3.040
1 2014 09 20.799479  0 56 15.2014 +05 15  2.276
2 2008 08  8.756956 23 31 17.8184 -03 58 30.909
2 2008 08  8.759745 23 31 17.7965 -03 58 30.811
2 2008 08  8.763889 23 31 17.7724 -03 58 30.968
2 2008 08  8.766678 23 31 17.7522 -03 58 31.081
2 2008 08  8.769456 23 31 17.7348 -03 58 31.138
2 2008 08  8.772234 23 31 17.7192 -03 58 31.148
2 2008 08  8.775012 23 31 17.6902 -03 58 31.405
2 2008 08  8.777789 23 31 17.6648 -03 58 31.353
2 2008 08  8.780567 23 31 17.6466 -03 58 31.412
2 2008 08  8.783345 23 31 17.6255 -03 58 31.536
2 2008 08  8.788889 23 31 17.5887 -03 58 31.565
2 2008 08  8.795150 23 31 17.5511 -03 58 31.760
2 2008 08  8.799317 23 31 17.5066 -03 58 31.747
2 2008 08  8.802095 23 31 17.5030 -03 58 31.771
2 2008 08  8.804873 23 31 17.4816 -03 58 32.012
2 2008 08  8.807639 23 31 17.4651 -03 58 31.846
2 2008 08  8.815289 23 31 17.3954 -03 58 32.008
2 2008 08  8.818056 23 31 17.3737 -03 58 32.260
2 2008 08  8.820833 23 31 17.3659 -03 58 32.099
2 2008 08  8.824317 23 31 17.3493 -03 58 32.423
2 2008 08  8.828472 23 31 17.3088 -03 58 32.422
2 2008 08  8.834734 23 31 17.2667 -03 58 32.605
2 2008 09  1.730556 23 28 11.2320 -04 18 57.606
2 2008 09  1.734028 23 28 11.2243 -04 18 57.846
2 2008 09  1.774306 23 28 10.8777 -04 19  0.548
2 2008 09  1.805544 23 28 10.6082 -04 19  2.346
2 2008 09  1.807639 23 28 10.6082 -04 19  2.346
2 2008 09  3.650694 23 27 54.1366 -04 20 13.801
2 2008 09  3.669444 23 27 53.9600 -04 20 14.613
2 2008 09  3.672905 23 27 53.9212 -04 20 14.768
2 2008 09  3.675694 23 27 53.8996 -04 20 14.793
2 2008 09  3.683333 23 27 53.8441 -04 20 14.977
2 2008 09  3.688889 23 27 53.7967 -04 20 15.262
2 2008 09  3.691667 23 27 53.7668 -04 20 15.334
2 2008 09  3.695833 23 27 53.7284 -04 20 15.553
2 2008 09  3.699306 23 27 53.6892 -04 20 15.756
2 2008 09  3.705544 23 27 53.6356 -04 20 15.863
2 2008 09  3.711806 23 27 53.5838 -04 20 16.343
2 2008 09  3.724294 23 27 53.4487 -04 20 16.897
2 2008 09  3.767361 23 27 53.0557 -04 20 18.526
2 2008 09  3.770139 23 27 53.0243 -04 20 18.493
2 2008 09  3.772917 23 27 53.0075 -04 20 18.696
2 2008 09  3.774988 23 27 52.9954 -04 20 18.886
2 2008 09  3.777778 23 27 52.9682 -04 20 19.064
2 2008 09  3.780556 23 27 52.9353 -04 20 19.103
2 2008 09  3.783333 23 27 52.9189 -04 20 19.358
2 2008 09  3.791667 23 27 52.8393 -04 20 19.657
2 2008 09  3.802778 23 27 52.7552 -04 20 19.904
2 2008 09  3.806238 23 27 52.7043 -04 20 20.037
2 2008 09  3.808333 23 27 52.6918 -04 20 20.325
2 2008 09  3.811794 23 27 52.6405 -04 20 20.201
2 2008 09  8.624306 23 27 10.4329 -04 24 53.431
2 2008 09  8.628461 23 27 10.4046 -04 24 53.542
2 2008 09  8.631250 23 27 10.3777 -04 24 53.632
2 2008 09  8.633333 23 27 10.3497 -04 24 53.795
2 2008 09  8.636111 23 27 10.3386 -04 24 54.126
2 2008 09  8.638183 23 27 10.3151 -04 24 54.201
2 2008 09  8.651389 23 27 10.1910 -04 24 55.230
2 2008 09  8.654155 23 27 10.1671 -04 24 55.489
2 2008 09  8.656250 23 27 10.1494 -04 24 55.566
2 2008 09  9.665266 23 27  1.6785 -04 26 17.617
2 2008 09  9.702083 23 27  1.3636 -04 26 20.915
2 2008 09  9.706250 23 27  1.3359 -04 26 21.112
2 2008 09  9.711806 23 27  1.2809 -04 26 21.611
2 2008 09  9.719456 23 27  1.2242 -04 26 22.220
2 2008 09  9.724306 23 27  1.1941 -04 26 22.521
2 2008 09  9.756250 23 27  0.9228 -04 26 25.063
2 2008 09  9.759028 23 27  0.9021 -04 26 25.505
2 2008 09  9.762500 23 27  0.8681 -04 26 25.584
2 2008 09  9.764572 23 27  0.8529 -04 26 25.773
2 2008 09  9.770127 23 27  0.7980 -04 26 26.179
2 2008 09  9.772222 23 27  0.7742 -04 26 26.362
2 2008 09  9.775000 23 27  0.7585 -04 26 26.480
2 2008 09 10.629861 23 26 53.3799 -04 27 18.900
2 2008 09 10.631250 23 26 53.3781 -04 27 19.021
2 2008 09 10.633333 23 26 53.3490 -04 27 18.869
2 2008 09 10.635417 23 26 53.3375 -04 27 19.151
2 2008 09 10.638194 23 26 53.3133 -04 27 19.401
2 2008 09 10.640972 23 26 53.2820 -04 27 19.522
2 2008 09 10.643056 23 26 53.2575 -04 27 19.413
2 2008 09 10.647234 23 26 53.2273 -04 27 19.684
2 2008 09 10.650000 23 26 53.2011 -04 27 19.745
2 2008 09 10.653472 23 26 53.1733 -04 27 19.886
2 2008 09 10.658333 23 26 53.1328 -04 27 20.147
2 2008 09 10.661111 23 26 53.1089 -04 27 20.171
2 2008 09 10.665278 23 26 53.0693 -04 27 20.461
2 2008 09 10.668067 23 26 53.0346 -04 27 20.520
2 2008 09 10.670833 23 26 53.0250 -04 27 20.479
2 2008 09 10.705556 23 26 52.6947 -04 27 21.952
2 2008 09 10.715961 23 26 52.5929 -04 27 22.526
2 2008 09 10.719444 23 26 52.5731 -04 27 22.624
2 2008 09 10.723623 23 26 52.5288 -04 27 22.880
2 2008 09 10.726389 23 26 52.5087 -04 27 23.007
2 2008 09 10.733333 23 26 52.4438 -04 27 23.230
2 2008 09 10.736806 23 26 52.4079 -04 27 23.411
2 2008 09 10.740289 23 26 52.3790 -04 27 23.455
2 2008 09 10.754167 23 26 52.2342 -04 27 24.283
2 2008 09 10.759028 23 26 52.2032 -04 27 24.086
2 2008 09 10.765278 23 26 52.1450 -04 27 24.567
2 2008 09 10.769456 23 26 52.1129 -04 27 24.732
2 2008 09 10.773611 23 26 52.0734 -04 27 24.775
2 2008 09 10.775694 23 26 52.0383 -04 27 24.933
2 2009 08 17.680174 23 45 16.9483 -02 27 20.277
2 2009 08 17.681968 23 45 16.9290 -02 27 20.241
2 2009 08 17.684514 23 45 16.9051 -02 27 20.200
2 2009 08 17.687662 23 45 16.8693 -02 27 20.560
2 2009 08 17.690764 23 45 16.8483 -02 27 20.532
2 2009 08 17.695093 23 45 16.8172 -02 27 20.553
2 2009 08 17.697130 23 45 16.8005 -02 27 20.609
2 2009 08 17.705336 23 45 16.7332 -02 27 20.953
2 2009 08 17.717859 23 45 16.6382 -02 27 20.914
2 2009 08 17.722014 23 45 16.5955 -02 27 21.139
2 2009 08 17.725486 23 45 16.5916 -02 27 21.394
2 2009 08 17.728264 23 45 16.5647 -02 27 21.617
2 2009 08 17.742847 23 45 16.4399 -02 27 21.905
2 2009 08 17.757419 23 45 16.3190 -02 27 22.346
2 2009 08 17.776169 23 45 16.1781 -02 27 23.224
2 2009 08 17.778252 23 45 16.1781 -02 27 23.224
2 2009 08 19.770868 23 45  1.9873 -02 29 27.695
2 2009 08 19.788322 23 45  1.8837 -02 29 28.956
2 2010 08  7.743611  0  1 17.4887 -00 42 46.698
2 2010 08  7.750602  0  1 17.4690 -00 42 46.948
2 2010 08  8.820104  0  1 11.3172 -00 43  2.046
2 2010 08  8.830521  0  1 11.2561 -00 43  2.245
2 2010 08  8.832593  0  1 11.2323 -00 43  1.995
2 2010 08  8.840949  0  1 11.1932 -00 43  2.235
2 2010 08  8.843067  0  1 11.1751 -00 43  2.372
2 2010 08  8.847188  0  1 11.1450 -00 43  2.349
2 2010 09 16.651516 23 56 17.4587 -01 15 26.247
2 2010 09 16.661574 23 56 17.3794 -01 15 27.206
2 2010 09 16.664919 23 56 17.3425 -01 15 27.477
2 2010 09 16.667083 23 56 17.3310 -01 15 27.517
2 2010 09 16.669676 23 56 17.3026 -01 15 27.771
2 2010 09 16.671655 23 56 17.2888 -01 15 28.021
2 2010 09 16.673733 23 56 17.2650 -01 15 28.099
2 2010 09 16.675804 23 56 17.2475 -01 15 28.289
2 2010 09 16.677888 23 56 17.2328 -01 15 28.504
2 2010 09 16.679971 23 56 17.2067 -01 15 28.680
2 2010 09 16.682124 23 56 17.1929 -01 15 28.841
2 2010 09 16.686209 23 56 17.1547 -01 15 29.080
2 2010 09 16.688304 23 56 17.1393 -01 15 29.262
2 2010 09 16.690365 23 56 17.1207 -01 15 29.523
2 2010 09 16.692448 23 56 17.0982 -01 15 29.651
2 2010 09 16.694531 23 56 17.0835 -01 15 29.820
2 2010 09 16.696615 23 56 17.0632 -01 15 29.987
2 2010 09 16.698698 23 56 17.0554 -01 15 30.107
2 2010 09 16.700793 23 56 17.0288 -01 15 30.345
2 2010 09 16.702865 23 56 17.0143 -01 15 30.549
2 2010 09 16.704959 23 56 17.0020 -01 15 30.672
2 2010 09 16.707031 23 56 16.9803 -01 15 30.851
2 2010 09 16.709091 23 56 16.9675 -01 15 31.044
2 2010 09 16.711198 23 56 16.9403 -01 15 31.247
2 2010 09 16.713281 23 56 16.9267 -01 15 31.441
2 2010 09 16.719514 23 56 16.8693 -01 15 31.985
2 2010 09 16.721586 23 56 16.8535 -01 15 32.109
2 2010 09 16.723681 23 56 16.8327 -01 15 32.286
2 2010 09 16.734711 23 56 16.7453 -01 15 33.129
2 2010 09 16.736227 23 56 16.7302 -01 15 33.352
2 2010 09 16.738403 23 56 16.7142 -01 15 33.446
2 2010 09 16.746944 23 56 16.6408 -01 15 34.280
2 2010 09 17.677106 23 56  8.9837 -01 16 49.037
2 2010 09 17.680052 23 56  8.9553 -01 16 49.210
2 2010 09 17.683183 23 56  8.9304 -01 16 49.505
2 2010 09 17.685556 23 56  8.9093 -01 16 49.665
2 2010 09 17.687650 23 56  8.8930 -01 16 49.808
2 2010 09 17.689711 23 56  8.8791 -01 16 49.959
2 2010 09 17.698056 23 56  8.8017 -01 16 50.456
2 2010 09 17.700127 23 56  8.7791 -01 16 50.600
2 2010 09 17.704294 23 56  8.7457 -01 16 50.956
2 2010 09 17.708461 23 56  8.7259 -01 16 51.051
2 2010 09 17.710544 23 56  8.7075 -01 16 51.361
2 2010 09 17.714699 23 56  8.6688 -01 16 51.591
2 2010 09 17.716782 23 56  8.6454 -01 16 51.775
2 2010 09 17.718866 23 56  8.6299 -01 16 51.755
2 2010 09 17.720972 23 56  8.6119 -01 16 52.010
2 2010 09 17.723032 23 56  8.5955 -01 16 52.211
2 2010 09 17.725127 23 56  8.5761 -01 16 52.255
2 2010 09 17.727187 23 56  8.5553 -01 16 52.500
2 2010 09 17.729282 23 56  8.5459 -01 16 52.435
2 2010 09 17.731377 23 56  8.5240 -01 16 52.665
2 2010 09 17.733449 23 56  8.5096 -01 16 52.839
2 2010 09 17.735556 23 56  8.4943 -01 16 53.003
2 2010 09 17.737627 23 56  8.4735 -01 16 53.122
2 2010 09 17.739711 23 56  8.4529 -01 16 53.317
2 2010 09 17.741782 23 56  8.4423 -01 16 53.345
2 2010 09 17.743877 23 56  8.4200 -01 16 53.484
2 2010 09 17.745949 23 56  8.4077 -01 16 53.631
2 2010 09 17.748056 23 56  8.3901 -01 16 53.774
2 2010 09 17.750127 23 56  8.3710 -01 16 53.943
2 2010 09 17.752211 23 56  8.3527 -01 16 54.112
2 2010 09 17.754294 23 56  8.3276 -01 16 54.165
2 2010 09 17.756366 23 56  8.3181 -01 16 54.343
2 2010 09 17.758461 23 56  8.2966 -01 16 54.436
2 2010 09 17.760544 23 56  8.2795 -01 16 54.604
2 2010 09 17.762650 23 56  8.2625 -01 16 54.706
2 2010 09 17.764711 23 56  8.2493 -01 16 54.821
2 2010 09 17.766806 23 56  8.2272 -01 16 54.987
2 2010 09 17.768877 23 56  8.2070 -01 16 55.156
2 2010 09 17.770961 23 56  8.1962 -01 16 55.256
2 2010 09 17.773044 23 56  8.1827 -01 16 55.374
2 2010 09 17.777222 23 56  8.1387 -01 16 55.724
2 2010 09 17.779294 23 56  8.1258 -01 16 55.784
2 2010 09 17.781366 23 56  8.1065 -01 16 55.939
2 2010 09 17.783461 23 56  8.0967 -01 16 56.089
2 2010 09 17.785532 23 56  8.0738 -01 16 56.210
2 2010 09 17.787616 23 56  8.0566 -01 16 56.358
2 2010 09 17.789711 23 56  8.0396 -01 16 56.467
2 2010 09 17.793889 23 56  7.9949 -01 16 56.675
2 2010 09 17.798056 23 56  7.9701 -01 16 56.965
2 2010 09 17.802234 23 56  7.9305 -01 16 57.306
2 2010 09 17.804294 23 56  7.9187 -01 16 57.410
2 2010 09 17.806377 23 56  7.8926 -01 16 57.500
2 2010 09 17.808484 23 56  7.8856 -01 16 57.679
2 2010 09 18.695266 23 56  0.1680 -01 17 38.189
2 2010 09 18.695961 23 56  0.1606 -01 17 38.243
2 2010 09 18.696574 23 56  0.1577 -01 17 38.212
2 2010 09 18.697280 23 56  0.1512 -01 17 38.293
2 2010 09 18.699375 23 56  0.1298 -01 17 38.335
2 2010 09 18.703530 23 56  0.0880 -01 17 38.436
2 2010 09 18.705625 23 56  0.0732 -01 17 38.570
2 2010 09 18.707708 23 56  0.0536 -01 17 38.564
2 2010 09 18.709792 23 56  0.0363 -01 17 38.657
2 2010 09 18.711875 23 56  0.0150 -01 17 38.703
2 2010 09 18.713935 23 55 59.9938 -01 17 38.723
2 2010 09 18.718102 23 55 59.9571 -01 17 38.888
2 2010 09 18.720162 23 55 59.9362 -01 17 38.959
2 2010 09 18.722280 23 55 59.9182 -01 17 39.063
2 2010 09 18.726400 23 55 59.8757 -01 17 39.146
2 2010 09 18.728507 23 55 59.8573 -01 17 39.241
2 2010 09 18.730613 23 55 59.8343 -01 17 39.207
2 2010 09 18.732731 23 55 59.8158 -01 17 39.298
2 2010 09 18.734769 23 55 59.7952 -01 17 39.384
2 2010 09 18.741042 23 55 59.7343 -01 17 39.605
2 2010 09 18.743125 23 55 59.7186 -01 17 39.643
2 2010 09 18.745185 23 55 59.6969 -01 17 39.713
2 2010 09 18.747292 23 55 59.6831 -01 17 39.794
2 2010 09 18.749352 23 55 59.6636 -01 17 39.886
2 2010 09 18.751424 23 55 59.6442 -01 17 39.873
2 2010 09 18.757662 23 55 59.5794 -01 17 40.187
2 2010 09 18.825880 23 55 58.9379 -01 17 42.220
2 2010 09 18.826435 23 55 58.9342 -01 17 42.165
2 2010 09 18.828519 23 55 58.9242 -01 17 42.218
2 2010 09 18.830590 23 55 58.8978 -01 17 42.262
2 2011 09 22.646516  0 10 33.1741 +00 18  3.097
2 2011 09 22.647361  0 10 33.1722 +00 18  3.108
2 2011 09 22.649358  0 10 33.1463 +00 18  2.998
2 2011 09 22.652992  0 10 33.1095 +00 18  2.836
2 2011 09 22.656574  0 10 33.0769 +00 18  2.663
2 2011 09 22.658623  0 10 33.0536 +00 18  2.601
2 2011 09 22.660509  0 10 33.0407 +00 18  2.619
2 2011 09 22.662801  0 10 33.0277 +00 18  2.599
2 2011 09 22.664705  0 10 32.9994 +00 18  2.498
2 2011 09 22.666956  0 10 32.9816 +00 18  2.455
2 2011 09 22.668837  0 10 32.9639 +00 18  2.359
2 2011 09 22.671065  0 10 32.9376 +00 18  2.234
2 2011 09 22.673032  0 10 32.9186 +00 18  2.252
2 2011 09 22.675243  0 10 32.9025 +00 18  2.081
2 2011 09 22.677257  0 10 32.8837 +00 18  2.061
2 2011 09 22.681481  0 10 32.8462 +00 18  1.996
2 2011 09 23.620289  0 10 23.9517 +00 17 29.216
2 2011 09 23.621447  0 10 23.9454 +00 17 29.092
2 2011 09 23.625255  0 10 23.9111 +00 17 28.922
2 2011 09 23.629410  0 10 23.8647 +00 17 28.787
2 2011 09 23.631493  0 10 23.8443 +00 17 28.614
2 2011 09 23.633565  0 10 23.8290 +00 17 28.497
2 2011 09 23.635613  0 10 23.8039 +00 17 28.383
2 2011 09 23.637685  0 10 23.7888 +00 17 28.286
2 2011 09 23.641852  0 10 23.7509 +00 17 28.056
2 2011 09 23.643935  0 10 23.7306 +00 17 27.919
2 2011 09 23.646019  0 10 23.7073 +00 17 27.906
2 2011 09 23.648044  0 10 23.6843 +00 17 27.783
2 2011 09 23.650399  0 10 23.6628 +00 17 27.640
2 2011 09 23.652240  0 10 23.6458 +00 17 27.537
2 2011 09 23.654323  0 10 23.6246 +00 17 27.488
2 2011 09 23.656406  0 10 23.6100 +00 17 27.311
2 2011 09 23.658490  0 10 23.5857 +00 17 27.153
2 2011 09 23.662656  0 10 23.5557 +00 17 26.979
2 2011 09 23.666846  0 10 23.5134 +00 17 26.745
2 2011 09 23.671065  0 10 23.4622 +00 17 26.630
2 2011 09 23.673148  0 10 23.4500 +00 17 26.571
2 2011 09 23.677326  0 10 23.4042 +00 17 26.262
2 2011 09 23.679410  0 10 23.3842 +00 17 26.194
2 2011 09 23.681493  0 10 23.3632 +00 17 26.210
2 2011 09 23.683519  0 10 23.3404 +00 17 25.986
2 2011 09 23.685660  0 10 23.3235 +00 17 25.824
2 2011 09 23.687743  0 10 23.2972 +00 17 25.696
2 2011 09 23.691910  0 10 23.2602 +00 17 25.572
2 2011 09 24.634734  0 10 14.7336 +00 16 19.626
2 2011 09 24.656840  0 10 14.5489 +00 16 17.620
2 2011 09 24.659109  0 10 14.5363 +00 16 17.620
2 2011 09 24.663090  0 10 14.4936 +00 16 17.347
2 2011 09 24.684606  0 10 14.3025 +00 16 15.353
2 2011 09 24.686354  0 10 14.2890 +00 16 15.425
2 2011 09 24.690046  0 10 14.2615 +00 16 15.045
2 2011 09 24.692141  0 10 14.2457 +00 16 14.857
2 2011 09 24.694225  0 10 14.2215 +00 16 14.615
2 2011 09 24.696192  0 10 14.2082 +00 16 14.421
2 2011 09 24.698148  0 10 14.1883 +00 16 14.275
2 2011 09 24.700208  0 10 14.1688 +00 16 14.016
2 2011 09 24.702280  0 10 14.1489 +00 16 13.977
2 2011 09 24.704294  0 10 14.1346 +00 16 13.707
2 2011 09 24.706366  0 10 14.1113 +00 16 13.466
2 2011 09 24.717025  0 10 14.0259 +00 16 12.607
2 2011 09 24.718935  0 10 14.0067 +00 16 12.496
2 2011 09 25.656898  0 10  6.2762 +00 14 57.281
2 2011 09 25.659167  0 10  6.2522 +00 14 57.094
2 2011 09 25.660556  0 10  6.2337 +00 14 56.985
2 2011 09 25.662917  0 10  6.2276 +00 14 56.712
2 2011 09 25.664942  0 10  6.2060 +00 14 56.696
2 2011 09 25.667025  0 10  6.1908 +00 14 56.565
2 2011 09 25.671076  0 10  6.1521 +00 14 56.263
2 2011 09 25.685602  0 10  6.0257 +00 14 55.392
2 2011 09 25.719630  0 10  5.7417 +00 14 53.106
2 2011 09 25.729757  0 10  5.6625 +00 14 52.337
2 2011 09 25.740162  0 10  5.5786 +00 14 51.809
2 2011 09 25.742257  0 10  5.5607 +00 14 51.696
2 2011 09 25.746424  0 10  5.5234 +00 14 51.340
2 2011 09 25.748218  0 10  5.5130 +00 14 51.281
2 2011 09 28.643860  0  9 39.1471 +00 12 33.179
2 2011 09 28.666765  0  9 38.9507 +00 12 31.025
2 2011 09 28.677182  0  9 38.8826 +00 12 30.653
2 2011 09 28.679311  0  9 38.8315 +00 12 30.176
2 2011 09 28.702182  0  9 38.6481 +00 12 28.266
2 2011 09 28.743848  0  9 38.2907 +00 12 24.692
2 2014 09 20.688218  0 56 16.8495 +05 15 16.370
2 2014 09 20.690990  0 56 16.8328 +05 15 16.278
2 2014 09 20.692390  0 56 16.8107 +05 15 16.164
2 2014 09 20.700752  0 56 16.7418 +05 15 16.138
2 2014 09 20.712674  0 56 16.6351 +05 15 15.831
2 2014 09 20.714757  0 56 16.6229 +05 15 15.664
2 2014 09 20.716782  0 56 16.6076 +05 15 15.723
2 2014 09 20.718819  0 56 16.5812 +05 15 15.460
2 2014 09 20.720874  0 56 16.5578 +05 15 15.563
2 2014 09 20.722946  0 56 16.5526 +05 15 15.513
2 2014 09 20.725029  0 56 16.5290 +05 15 15.483
2 2014 09 20.732118  0 56 16.4589 +05 15 15.295
3 2008 08  8.756956 23 31 17.9988 -03 58 47.661
3 2008 08  8.759745 23 31 17.9737 -03 58 47.532
3 2008 08  8.763889 23 31 17.9521 -03 58 47.928
3 2008 08  8.766678 23 31 17.9396 -03 58 48.106
3 2008 08  8.769456 23 31 17.9222 -03 58 48.244
3 2008 08  8.772234 23 31 17.9071 -03 58 48.375
3 2008 08  8.775012 23 31 17.8834 -03 58 48.642
3 2008 08  8.777789 23 31 17.8573 -03 58 48.677
3 2008 08  8.780567 23 31 17.8467 -03 58 48.776
3 2008 08  8.783345 23 31 17.8271 -03 58 48.912
3 2008 08  8.788889 23 31 17.7844 -03 58 49.210
3 2008 08  8.791678 23 31 17.7780 -03 58 49.496
3 2008 08  8.795150 23 31 17.7450 -03 58 49.564
3 2008 08  8.799317 23 31 17.7128 -03 58 49.767
3 2008 08  8.802095 23 31 17.7071 -03 58 49.906
3 2008 08  8.804873 23 31 17.6902 -03 58 50.076
3 2008 08  8.807639 23 31 17.6695 -03 58 50.016
3 2008 08  8.812500 23 31 17.6390 -03 58 50.589
3 2008 08  8.815289 23 31 17.6123 -03 58 50.502
3 2008 08  8.818056 23 31 17.5932 -03 58 50.698
3 2008 08  8.820833 23 31 17.5876 -03 58 50.759
3 2008 08  8.824317 23 31 17.5605 -03 58 50.958
3 2008 08  8.828472 23 31 17.5328 -03 58 51.300
3 2008 08  8.834734 23 31 17.4900 -03 58 51.628
3 2008 09  1.689583 23 28 10.9996 -04 18 27.615
3 2008 09  1.692361 23 28 10.9707 -04 18 27.841
3 2008 09  1.702083 23 28 10.8996 -04 18 28.439
3 2008 09  1.704861 23 28 10.8692 -04 18 28.884
3 2008 09  1.707627 23 28 10.8431 -04 18 28.882
3 2008 09  1.711806 23 28 10.8136 -04 18 29.190
3 2008 09  1.714572 23 28 10.7946 -04 18 29.670
3 2008 09  1.718044 23 28 10.7567 -04 18 29.758
3 2008 09  1.723611 23 28 10.7037 -04 18 30.128
3 2008 09  1.730556 23 28 10.6539 -04 18 30.677
3 2008 09  1.736806 23 28 10.5928 -04 18 31.083
3 2008 09  1.750694 23 28 10.4746 -04 18 32.206
3 2008 09  1.766667 23 28 10.3462 -04 18 33.315
3 2008 09  1.770139 23 28 10.3088 -04 18 33.942
3 2008 09  1.777083 23 28 10.2503 -04 18 34.122
3 2008 09  1.780556 23 28 10.2248 -04 18 34.476
3 2008 09  1.783333 23 28 10.2021 -04 18 34.789
3 2008 09  1.797222 23 28 10.0958 -04 18 35.722
3 2008 09  1.800000 23 28 10.0829 -04 18 35.841
3 2008 09  1.802778 23 28 10.0354 -04 18 36.217
3 2008 09  1.809722 23 28  9.9849 -04 18 36.829
3 2008 09  2.715266 23 28  2.5605 -04 19 46.825
3 2008 09  2.721528 23 28  2.5097 -04 19 47.390
3 2008 09  2.727083 23 28  2.4617 -04 19 47.521
3 2008 09  2.729861 23 28  2.4432 -04 19 47.876
3 2008 09  2.738889 23 28  2.3412 -04 19 48.546
3 2008 09  2.754167 23 28  2.2018 -04 19 49.942
3 2008 09  2.756944 23 28  2.1820 -04 19 50.036
3 2008 09  2.762500 23 28  2.1368 -04 19 50.554
3 2008 09  2.765972 23 28  2.1173 -04 19 50.829
3 2008 09  2.769444 23 28  2.0887 -04 19 51.156
3 2008 09  2.773611 23 28  2.0461 -04 19 51.406
3 2008 09  2.776389 23 28  2.0271 -04 19 51.534
3 2008 09  2.779861 23 28  1.9907 -04 19 51.712
3 2008 09  2.782639 23 28  1.9851 -04 19 51.941
3 2008 09  2.793750 23 28  1.8778 -04 19 52.960
3 2008 09  2.797917 23 28  1.8470 -04 19 53.393
3 2008 09  2.801389 23 28  1.8172 -04 19 53.634
3 2008 09  2.803472 23 28  1.7923 -04 19 53.688
3 2008 09  3.650694 23 27 54.7805 -04 20 54.572
3 2008 09  3.654155 23 27 54.7573 -04 20 54.788
3 2008 09  3.661100 23 27 54.6940 -04 20 55.211
3 2008 09  3.664583 23 27 54.6670 -04 20 55.420
3 2008 09  3.669444 23 27 54.6279 -04 20 55.707
3 2008 09  3.672905 23 27 54.5925 -04 20 55.969
3 2008 09  3.675694 23 27 54.5681 -04 20 56.156
3 2008 09  3.680556 23 27 54.5354 -04 20 56.504
3 2008 09  3.683333 23 27 54.5128 -04 20 56.595
3 2008 09  3.688889 23 27 54.4709 -04 20 56.990
3 2008 09  3.691667 23 27 54.4365 -04 20 57.229
3 2008 09  3.695833 23 27 54.4014 -04 20 57.501
3 2008 09  3.699306 23 27 54.3697 -04 20 57.727
3 2008 09  3.705544 23 27 54.3262 -04 20 58.194
3 2008 09  3.711806 23 27 54.2731 -04 20 58.598
3 2008 09  3.716667 23 27 54.2217 -04 20 58.964
3 2008 09  3.724294 23 27 54.1537 -04 20 59.350
3 2008 09  3.757627 23 27 53.8634 -04 21  1.498
3 2008 09  3.763889 23 27 53.8035 -04 21  1.977
3 2008 09  3.767361 23 27 53.7830 -04 21  2.219
3 2008 09  3.770139 23 27 53.7576 -04 21  2.361
3 2008 09  3.772917 23 27 53.7313 -04 21  2.546
3 2008 09  3.774988 23 27 53.7193 -04 21  2.673
3 2008 09  3.777778 23 27 53.7036 -04 21  2.911
3 2008 09  3.780556 23 27 53.6684 -04 21  3.036
3 2008 09  3.783333 23 27 53.6495 -04 21  3.237
3 2008 09  3.786111 23 27 53.6189 -04 21  3.441
3 2008 09  3.791667 23 27 53.5668 -04 21  3.766
3 2008 09  3.802778 23 27 53.4838 -04 21  4.563
3 2008 09  3.806238 23 27 53.4542 -04 21  4.744
3 2008 09  3.808333 23 27 53.4345 -04 21  4.825
3 2008 09  3.811794 23 27 53.4059 -04 21  5.088
3 2008 09  7.723600 23 27 18.3599 -04 23 54.933
3 2008 09  7.725694 23 27 18.3470 -04 23 55.363
3 2008 09  7.728472 23 27 18.3169 -04 23 55.149
3 2008 09  7.731944 23 27 18.2944 -04 23 55.388
3 2008 09  7.734016 23 27 18.2637 -04 23 55.427
3 2008 09  8.624306 23 27 10.2130 -04 24 38.564
3 2008 09  8.628461 23 27 10.1922 -04 24 38.623
3 2008 09  8.631250 23 27 10.1678 -04 24 38.832
3 2008 09  8.636111 23 27 10.1234 -04 24 39.113
3 2008 09  8.638183 23 27 10.1009 -04 24 39.184
3 2008 09  8.645833 23 27 10.0192 -04 24 39.797
3 2008 09  8.650000 23 27  9.9967 -04 24 39.853
3 2008 09  8.652778 23 27  9.9656 -04 24 40.059
3 2008 09  9.620127 23 27  1.4659 -04 25 40.749
3 2008 09  9.621528 23 27  1.4466 -04 25 40.872
3 2008 09  9.623600 23 27  1.4314 -04 25 40.883
3 2008 09  9.625000 23 27  1.4204 -04 25 40.974
3 2008 09  9.627083 23 27  1.4008 -04 25 41.166
3 2008 09  9.629167 23 27  1.3816 -04 25 41.485
3 2008 09  9.634722 23 27  1.3260 -04 25 41.723
3 2008 09  9.636806 23 27  1.3198 -04 25 41.833
3 2008 09  9.639583 23 27  1.2911 -04 25 42.114
3 2008 09  9.643750 23 27  1.2399 -04 25 42.541
3 2008 09  9.645833 23 27  1.2217 -04 25 42.699
3 2008 09  9.647917 23 27  1.2117 -04 25 42.796
3 2008 09  9.651389 23 27  1.1863 -04 25 42.897
3 2008 09  9.653472 23 27  1.1687 -04 25 43.071
3 2008 09  9.655556 23 27  1.1456 -04 25 43.261
3 2008 09  9.657639 23 27  1.1307 -04 25 43.338
3 2008 09  9.659028 23 27  1.1253 -04 25 43.471
3 2008 09  9.660405 23 27  1.1025 -04 25 43.601
3 2008 09  9.663194 23 27  1.0772 -04 25 43.723
3 2008 09  9.667350 23 27  1.0419 -04 25 43.898
3 2008 09  9.669444 23 27  1.0140 -04 25 44.176
3 2008 09  9.671539 23 27  1.0075 -04 25 44.359
3 2008 09  9.673611 23 27  0.9935 -04 25 44.577
3 2008 09  9.675694 23 27  0.9751 -04 25 44.639
3 2008 09  9.677778 23 27  0.9519 -04 25 44.779
3 2008 09  9.679167 23 27  0.9503 -04 25 44.826
3 2008 09  9.681250 23 27  0.9213 -04 25 45.091
3 2008 09  9.684028 23 27  0.8979 -04 25 45.241
3 2008 09  9.687500 23 27  0.8719 -04 25 45.515
3 2008 09  9.690961 23 27  0.8353 -04 25 45.780
3 2008 09  9.695833 23 27  0.7905 -04 25 46.160
3 2008 09  9.697917 23 27  0.7852 -04 25 46.261
3 2008 09  9.700000 23 27  0.7620 -04 25 46.433
3 2008 09  9.702083 23 27  0.7400 -04 25 46.495
3 2008 09  9.704167 23 27  0.7214 -04 25 46.642
3 2008 09  9.706250 23 27  0.6971 -04 25 46.800
3 2008 09  9.709028 23 27  0.6817 -04 25 47.087
3 2008 09  9.711806 23 27  0.6582 -04 25 47.231
3 2008 09  9.714583 23 27  0.6325 -04 25 47.291
3 2008 09  9.719456 23 27  0.5900 -04 25 47.632
3 2008 09  9.721528 23 27  0.5707 -04 25 47.836
3 2008 09  9.724306 23 27  0.5526 -04 25 48.138
3 2008 09  9.729167 23 27  0.5010 -04 25 48.443
3 2008 09  9.745139 23 27  0.3620 -04 25 49.643
3 2008 09  9.747917 23 27  0.3404 -04 25 49.831
3 2008 09  9.756250 23 27  0.2602 -04 25 50.472
3 2008 09  9.762500 23 27  0.2127 -04 25 50.851
3 2008 09  9.764572 23 27  0.2023 -04 25 50.927
3 2008 09  9.766678 23 27  0.1786 -04 25 51.018
3 2008 09  9.770127 23 27  0.1487 -04 25 51.392
3 2008 09  9.772222 23 27  0.1156 -04 25 51.533
3 2008 09  9.775000 23 27  0.1042 -04 25 51.611
3 2008 09  9.775648 23 27  0.0996 -04 25 51.659
3 2009 08 17.680174 23 45 17.3123 -02 27 57.476
3 2009 08 17.681968 23 45 17.3007 -02 27 57.614
3 2009 08 17.684514 23 45 17.2879 -02 27 57.796
3 2009 08 17.687662 23 45 17.2632 -02 27 57.928
3 2009 08 17.690764 23 45 17.2443 -02 27 58.107
3 2009 08 17.693102 23 45 17.2289 -02 27 58.255
3 2009 08 17.695093 23 45 17.2138 -02 27 58.328
3 2009 08 17.697130 23 45 17.1975 -02 27 58.532
3 2009 08 17.699120 23 45 17.1836 -02 27 58.661
3 2009 08 17.702662 23 45 17.1606 -02 27 58.888
3 2009 08 17.705336 23 45 17.1406 -02 27 59.103
3 2009 08 17.710903 23 45 17.0993 -02 27 59.395
3 2009 08 17.717859 23 45 17.0520 -02 27 59.833
3 2009 08 17.722014 23 45 17.0269 -02 28  0.057
3 2009 08 17.725486 23 45 17.0034 -02 28  0.184
3 2009 08 17.728264 23 45 16.9822 -02 28  0.425
3 2009 08 17.730706 23 45 16.9673 -02 28  0.500
3 2009 08 17.738681 23 45 16.9207 -02 28  0.987
3 2009 08 17.742847 23 45 16.8759 -02 28  1.299
3 2009 08 17.744931 23 45 16.8649 -02 28  1.448
3 2009 08 17.757419 23 45 16.7889 -02 28  2.226
3 2009 08 17.789375 23 45 16.5630 -02 28  4.032
3 2009 08 17.810197 23 45 16.4196 -02 28  5.273
3 2009 08 19.770868 23 45  2.4479 -02 29 33.613
3 2009 08 19.776007 23 45  2.4136 -02 29 33.646
3 2009 08 19.788322 23 45  2.3223 -02 29 34.130
3 2009 08 19.792650 23 45  2.2892 -02 29 34.225
3 2010 08  7.743611  0  1 16.4557 -00 42 18.057
3 2010 08  7.750602  0  1 16.4287 -00 42 18.540
3 2010 08  8.792650  0  1 11.1155 -00 43 19.620
3 2010 08  8.794363  0  1 11.0938 -00 43 19.386
3 2010 08  8.795104  0  1 11.0841 -00 43 19.603
3 2010 08  8.797176  0  1 11.0809 -00 43 19.678
3 2010 08  8.799271  0  1 11.0638 -00 43 19.907
3 2010 08  8.801354  0  1 11.0675 -00 43 20.049
3 2010 08  8.803623  0  1 11.0477 -00 43 20.204
3 2010 08  8.805532  0  1 11.0417 -00 43 20.140
3 2010 08  8.807616  0  1 11.0402 -00 43 20.253
3 2010 08  8.811759  0  1 11.0097 -00 43 20.468
3 2010 08  8.813854  0  1 11.0017 -00 43 20.502
3 2010 08  8.815949  0  1 10.9864 -00 43 20.693
3 2010 08  8.818021  0  1 10.9781 -00 43 20.811
3 2010 08  8.820104  0  1 10.9664 -00 43 20.981
3 2010 08  8.822188  0  1 10.9543 -00 43 21.017
3 2010 08  8.824259  0  1 10.9412 -00 43 21.187
3 2010 08  8.826366  0  1 10.9432 -00 43 21.587
3 2010 08  8.830521  0  1 10.9043 -00 43 21.504
3 2010 08  8.832593  0  1 10.9043 -00 43 21.504
3 2010 08  8.834699  0  1 10.8934 -00 43 21.732
3 2010 08  8.836794  0  1 10.8796 -00 43 21.933
3 2010 08  8.838877  0  1 10.8686 -00 43 21.985
3 2010 08  8.840949  0  1 10.8584 -00 43 22.153
3 2010 08  8.843067  0  1 10.8439 -00 43 22.313
3 2010 08  8.845104  0  1 10.8248 -00 43 22.642
3 2010 08  8.847188  0  1 10.8205 -00 43 22.454
3 2010 09 16.651516 23 56 18.1519 -01 15 29.284
3 2010 09 16.661574 23 56 18.0506 -01 15 29.561
3 2010 09 16.664919 23 56 18.0223 -01 15 29.713
3 2010 09 16.669676 23 56 17.9861 -01 15 29.904
3 2010 09 16.671655 23 56 17.9659 -01 15 29.914
3 2010 09 16.673733 23 56 17.9410 -01 15 30.065
3 2010 09 16.675804 23 56 17.9241 -01 15 30.161
3 2010 09 16.677888 23 56 17.9069 -01 15 30.188
3 2010 09 16.679971 23 56 17.8844 -01 15 30.372
3 2010 09 16.682124 23 56 17.8644 -01 15 30.387
3 2010 09 16.684161 23 56 17.8403 -01 15 30.504
3 2010 09 16.686209 23 56 17.8263 -01 15 30.459
3 2010 09 16.688304 23 56 17.8052 -01 15 30.560
3 2010 09 16.690365 23 56 17.7888 -01 15 30.641
3 2010 09 16.692448 23 56 17.7703 -01 15 30.721
3 2010 09 16.694531 23 56 17.7531 -01 15 30.755
3 2010 09 16.698698 23 56 17.7122 -01 15 30.862
3 2010 09 16.700793 23 56 17.6885 -01 15 31.024
3 2010 09 16.702865 23 56 17.6675 -01 15 31.139
3 2010 09 16.704959 23 56 17.6476 -01 15 31.135
3 2010 09 16.707031 23 56 17.6284 -01 15 31.273
3 2010 09 16.711198 23 56 17.5880 -01 15 31.344
3 2010 09 16.713281 23 56 17.5747 -01 15 31.431
3 2010 09 16.715365 23 56 17.5508 -01 15 31.429
3 2010 09 16.717431 23 56 17.5354 -01 15 31.480
3 2010 09 16.719514 23 56 17.5105 -01 15 31.604
3 2010 09 16.734711 23 56 17.3691 -01 15 32.204
3 2010 09 16.736227 23 56 17.3585 -01 15 32.293
3 2010 09 16.738403 23 56 17.3373 -01 15 32.340
3 2010 09 16.740359 23 56 17.3122 -01 15 32.401
3 2010 09 16.742431 23 56 17.2938 -01 15 32.534
3 2010 09 16.744606 23 56 17.2815 -01 15 32.558
3 2010 09 16.746944 23 56 17.2549 -01 15 32.627
3 2010 09 16.748947 23 56 17.2360 -01 15 32.766
3 2010 09 16.750104 23 56 17.2136 -01 15 32.776
3 2010 09 16.752245 23 56 17.2041 -01 15 32.905
3 2010 09 16.754271 23 56 17.1889 -01 15 32.920
3 2010 09 16.756354 23 56 17.1622 -01 15 33.011
3 2010 09 16.758414 23 56 17.1424 -01 15 33.059
3 2010 09 16.760521 23 56 17.1295 -01 15 33.144
3 2010 09 16.762581 23 56 17.1026 -01 15 33.163
3 2010 09 16.764676 23 56 17.0885 -01 15 33.245
3 2010 09 16.766759 23 56 17.0663 -01 15 33.233
3 2010 09 16.768843 23 56 17.0488 -01 15 33.368
3 2010 09 16.770914 23 56 17.0352 -01 15 33.454
3 2010 09 16.772998 23 56 17.0134 -01 15 33.481
3 2010 09 16.775093 23 56 16.9790 -01 15 33.677
3 2010 09 16.777188 23 56 16.9706 -01 15 33.753
3 2010 09 16.779259 23 56 16.9408 -01 15 33.755
3 2010 09 16.781331 23 56 16.9288 -01 15 33.847
3 2010 09 16.785498 23 56 16.8969 -01 15 34.067
3 2010 09 16.787581 23 56 16.8768 -01 15 34.142
3 2010 09 16.789676 23 56 16.8538 -01 15 34.218
3 2010 09 16.791748 23 56 16.8349 -01 15 34.249
3 2010 09 16.795914 23 56 16.7929 -01 15 34.437
3 2010 09 16.800081 23 56 16.7738 -01 15 34.620
3 2010 09 16.802176 23 56 16.7560 -01 15 34.666
3 2010 09 16.804248 23 56 16.7171 -01 15 34.710
3 2010 09 16.806331 23 56 16.6983 -01 15 34.818
3 2010 09 16.808426 23 56 16.6815 -01 15 34.892
3 2010 09 16.810984 23 56 16.6569 -01 15 34.851
3 2010 09 16.812564 23 56 16.6567 -01 15 35.030
3 2010 09 16.814635 23 56 16.6303 -01 15 35.114
3 2010 09 16.816806 23 56 16.6197 -01 15 35.245
3 2010 09 16.818819 23 56 16.5992 -01 15 35.328
3 2010 09 16.820903 23 56 16.5779 -01 15 35.349
3 2010 09 16.823009 23 56 16.5481 -01 15 35.353
3 2010 09 16.827164 23 56 16.5234 -01 15 35.504
3 2010 09 16.829248 23 56 16.4912 -01 15 35.680
3 2010 09 16.831319 23 56 16.4765 -01 15 35.680
3 2010 09 16.833414 23 56 16.4591 -01 15 35.671
3 2010 09 16.835521 23 56 16.4397 -01 15 35.823
3 2010 09 17.677106 23 56  8.6308 -01 16  8.750
3 2010 09 17.680052 23 56  8.5979 -01 16  8.864
3 2010 09 17.683183 23 56  8.5704 -01 16  9.042
3 2010 09 17.685556 23 56  8.5443 -01 16  9.157
3 2010 09 17.687650 23 56  8.5275 -01 16  9.216
3 2010 09 17.689711 23 56  8.5109 -01 16  9.323
3 2010 09 17.691806 23 56  8.4894 -01 16  9.413
3 2010 09 17.693900 23 56  8.4662 -01 16  9.587
3 2010 09 17.698056 23 56  8.4255 -01 16  9.647
3 2010 09 17.700127 23 56  8.4079 -01 16  9.711
3 2010 09 17.704294 23 56  8.3737 -01 16  9.923
3 2010 09 17.706377 23 56  8.3496 -01 16 10.136
3 2010 09 17.708461 23 56  8.3391 -01 16 10.071
3 2010 09 17.710544 23 56  8.3233 -01 16 10.223
3 2010 09 17.714699 23 56  8.2749 -01 16 10.327
3 2010 09 17.716782 23 56  8.2516 -01 16 10.544
3 2010 09 17.720972 23 56  8.2105 -01 16 10.632
3 2010 09 17.723032 23 56  8.1950 -01 16 10.781
3 2010 09 17.725127 23 56  8.1723 -01 16 10.835
3 2010 09 17.727187 23 56  8.1532 -01 16 11.002
3 2010 09 17.729282 23 56  8.1409 -01 16 11.003
3 2010 09 17.731377 23 56  8.1133 -01 16 11.075
3 2010 09 17.735556 23 56  8.0772 -01 16 11.351
3 2010 09 17.737627 23 56  8.0588 -01 16 11.407
3 2010 09 17.739711 23 56  8.0368 -01 16 11.510
3 2010 09 17.741782 23 56  8.0223 -01 16 11.663
3 2010 09 17.743877 23 56  8.0004 -01 16 11.691
3 2010 09 17.748056 23 56  7.9628 -01 16 11.841
3 2010 09 17.750127 23 56  7.9418 -01 16 11.925
3 2010 09 17.752211 23 56  7.9259 -01 16 12.018
3 2010 09 17.754294 23 56  7.8997 -01 16 12.111
3 2010 09 17.756366 23 56  7.8836 -01 16 12.244
3 2010 09 17.758461 23 56  7.8621 -01 16 12.332
3 2010 09 17.760544 23 56  7.8433 -01 16 12.384
3 2010 09 17.762650 23 56  7.8242 -01 16 12.532
3 2010 09 17.764711 23 56  7.8083 -01 16 12.555
3 2010 09 17.766806 23 56  7.7854 -01 16 12.710
3 2010 09 17.768877 23 56  7.7653 -01 16 12.792
3 2010 09 17.770961 23 56  7.7453 -01 16 12.859
3 2010 09 17.773044 23 56  7.7283 -01 16 12.936
3 2010 09 17.775139 23 56  7.6979 -01 16 13.137
3 2010 09 17.777222 23 56  7.6880 -01 16 13.188
3 2010 09 17.781366 23 56  7.6474 -01 16 13.342
3 2010 09 17.783461 23 56  7.6341 -01 16 13.447
3 2010 09 17.785532 23 56  7.6076 -01 16 13.531
3 2010 09 17.789711 23 56  7.5679 -01 16 13.695
3 2010 09 17.793889 23 56  7.5236 -01 16 13.922
3 2010 09 17.798056 23 56  7.4914 -01 16 14.141
3 2010 09 17.802234 23 56  7.4504 -01 16 14.300
3 2010 09 17.804294 23 56  7.4323 -01 16 14.336
3 2010 09 17.806377 23 56  7.4086 -01 16 14.466
3 2010 09 18.695266 23 55 59.2413 -01 16 59.990
3 2010 09 18.696574 23 55 59.2281 -01 17  0.042
3 2010 09 18.697280 23 55 59.2202 -01 17  0.126
3 2010 09 18.699375 23 55 59.2016 -01 17  0.214
3 2010 09 18.701435 23 55 59.1851 -01 17  0.377
3 2010 09 18.703530 23 55 59.1632 -01 17  0.495
3 2010 09 18.707708 23 55 59.1276 -01 17  0.739
3 2010 09 18.709792 23 55 59.1073 -01 17  0.851
3 2010 09 18.711875 23 55 59.0870 -01 17  0.970
3 2010 09 18.713935 23 55 59.0680 -01 17  1.037
3 2010 09 18.716019 23 55 59.0485 -01 17  1.237
3 2010 09 18.718102 23 55 59.0307 -01 17  1.301
3 2010 09 18.720162 23 55 59.0129 -01 17  1.415
3 2010 09 18.726400 23 55 58.9508 -01 17  1.738
3 2010 09 18.728507 23 55 58.9317 -01 17  1.920
3 2010 09 18.730613 23 55 58.9106 -01 17  1.943
3 2010 09 18.732731 23 55 58.8911 -01 17  2.150
3 2010 09 18.736863 23 55 58.8539 -01 17  2.373
3 2010 09 18.738947 23 55 58.8346 -01 17  2.499
3 2010 09 18.741042 23 55 58.8114 -01 17  2.605
3 2010 09 18.743125 23 55 58.7932 -01 17  2.725
3 2010 09 18.745185 23 55 58.7766 -01 17  2.843
3 2010 09 18.747292 23 55 58.7612 -01 17  2.991
3 2010 09 18.749352 23 55 58.7352 -01 17  2.956
3 2010 09 18.751424 23 55 58.7210 -01 17  3.186
3 2010 09 18.753519 23 55 58.6965 -01 17  3.354
3 2010 09 18.755613 23 55 58.6808 -01 17  3.476
3 2010 09 18.757662 23 55 58.6643 -01 17  3.641
3 2010 09 18.759757 23 55 58.6325 -01 17  3.768
3 2010 09 18.761840 23 55 58.6273 -01 17  3.877
3 2010 09 18.763958 23 55 58.6029 -01 17  3.991
3 2010 09 18.766030 23 55 58.5826 -01 17  4.054
3 2010 09 18.768125 23 55 58.5690 -01 17  4.184
3 2010 09 18.770174 23 55 58.5443 -01 17  4.353
3 2010 09 18.772245 23 55 58.5276 -01 17  4.496
3 2010 09 18.774329 23 55 58.5090 -01 17  4.470
3 2010 09 18.774873 23 55 58.5057 -01 17  4.538
3 2010 09 18.776458 23 55 58.4862 -01 17  4.699
3 2010 09 18.778507 23 55 58.4597 -01 17  4.948
3 2010 09 18.780590 23 55 58.4551 -01 17  4.994
3 2010 09 18.782674 23 55 58.4354 -01 17  5.140
3 2010 09 18.786829 23 55 58.3936 -01 17  5.323
3 2010 09 18.788912 23 55 58.3659 -01 17  5.504
3 2010 09 18.790995 23 55 58.3486 -01 17  5.699
3 2010 09 18.793113 23 55 58.3449 -01 17  5.816
3 2010 09 18.795174 23 55 58.3193 -01 17  5.805
3 2010 09 18.797234 23 55 58.2904 -01 17  5.951
3 2010 09 18.799363 23 55 58.2730 -01 17  6.253
3 2010 09 18.801400 23 55 58.2583 -01 17  6.380
3 2010 09 18.803484 23 55 58.2317 -01 17  6.389
3 2010 09 18.805567 23 55 58.2263 -01 17  6.614
3 2010 09 18.807662 23 55 58.2074 -01 17  6.717
3 2010 09 18.809780 23 55 58.1808 -01 17  6.703
3 2010 09 18.811829 23 55 58.1544 -01 17  6.928
3 2010 09 18.813912 23 55 58.1442 -01 17  7.029
3 2010 09 18.816030 23 55 58.1192 -01 17  7.126
3 2010 09 18.818090 23 55 58.1047 -01 17  7.218
3 2010 09 18.822257 23 55 58.0680 -01 17  7.373
3 2010 09 18.824363 23 55 58.0503 -01 17  7.595
3 2010 09 18.825880 23 55 58.0348 -01 17  7.482
3 2010 09 18.826435 23 55 58.0306 -01 17  7.669
3 2010 09 18.828519 23 55 58.0099 -01 17  7.744
3 2010 09 18.830590 23 55 57.9973 -01 17  7.768
3 2010 09 18.836852 23 55 57.9302 -01 17  8.206
3 2010 09 18.838924 23 55 57.9162 -01 17  8.361
3 2010 09 18.840995 23 55 57.8895 -01 17  8.619
3 2010 09 18.843102 23 55 57.8706 -01 17  8.650
3 2010 09 18.847350 23 55 57.8482 -01 17  8.909
3 2011 09 22.646516  0 10 32.8181 +00 17 44.087
3 2011 09 22.647361  0 10 32.8140 +00 17 44.044
3 2011 09 22.649358  0 10 32.7945 +00 17 43.875
3 2011 09 22.652992  0 10 32.7645 +00 17 43.620
3 2011 09 22.654850  0 10 32.7508 +00 17 43.476
3 2011 09 22.656574  0 10 32.7359 +00 17 43.362
3 2011 09 22.658623  0 10 32.7174 +00 17 43.208
3 2011 09 22.660509  0 10 32.7020 +00 17 43.128
3 2011 09 22.662801  0 10 32.6847 +00 17 42.922
3 2011 09 22.664705  0 10 32.6642 +00 17 42.759
3 2011 09 22.666956  0 10 32.6485 +00 17 42.626
3 2011 09 22.668837  0 10 32.6298 +00 17 42.524
3 2011 09 22.671065  0 10 32.6120 +00 17 42.312
3 2011 09 22.673032  0 10 32.5947 +00 17 42.178
3 2011 09 22.675243  0 10 32.5769 +00 17 42.027
3 2011 09 22.677257  0 10 32.5637 +00 17 41.888
3 2011 09 22.679456  0 10 32.5416 +00 17 41.686
3 2011 09 22.681481  0 10 32.5252 +00 17 41.575
3 2011 09 22.683565  0 10 32.5064 +00 17 41.474
3 2011 09 22.685648  0 10 32.4873 +00 17 41.312
3 2011 09 22.689838  0 10 32.4536 +00 17 40.968
3 2011 09 22.741366  0 10 32.0180 +00 17 37.310
3 2011 09 22.742766  0 10 32.0050 +00 17 37.221
3 2011 09 22.744815  0 10 31.9900 +00 17 37.101
3 2011 09 22.748356  0 10 31.9584 +00 17 36.851
3 2011 09 22.750243  0 10 31.9435 +00 17 36.719
3 2011 09 22.752269  0 10 31.9267 +00 17 36.580
3 2011 09 22.756435  0 10 31.8880 +00 17 36.279
3 2011 09 22.758507  0 10 31.8737 +00 17 36.134
3 2011 09 22.760648  0 10 31.8543 +00 17 35.998
3 2011 09 22.762743  0 10 31.8403 +00 17 35.837
3 2011 09 22.764838  0 10 31.8203 +00 17 35.693
3 2011 09 23.620289  0 10 24.6826 +00 16 41.249
3 2011 09 23.621447  0 10 24.6754 +00 16 41.215
3 2011 09 23.625255  0 10 24.6426 +00 16 40.989
3 2011 09 23.629410  0 10 24.6048 +00 16 40.820
3 2011 09 23.631493  0 10 24.5869 +00 16 40.606
3 2011 09 23.633565  0 10 24.5712 +00 16 40.457
3 2011 09 23.635613  0 10 24.5488 +00 16 40.379
3 2011 09 23.637685  0 10 24.5351 +00 16 40.220
3 2011 09 23.641852  0 10 24.5004 +00 16 40.024
3 2011 09 23.643935  0 10 24.4809 +00 16 39.834
3 2011 09 23.646019  0 10 24.4617 +00 16 39.779
3 2011 09 23.648044  0 10 24.4387 +00 16 39.701
3 2011 09 23.650399  0 10 24.4232 +00 16 39.482
3 2011 09 23.652240  0 10 24.4070 +00 16 39.397
3 2011 09 23.654323  0 10 24.3869 +00 16 39.324
3 2011 09 23.656406  0 10 24.3695 +00 16 39.198
3 2011 09 23.662656  0 10 24.3222 +00 16 38.741
3 2011 09 23.664740  0 10 24.3022 +00 16 38.708
3 2011 09 23.666846  0 10 24.2851 +00 16 38.714
3 2011 09 23.668981  0 10 24.2647 +00 16 38.441
3 2011 09 23.671065  0 10 24.2425 +00 16 38.358
3 2011 09 23.673148  0 10 24.2311 +00 16 38.220
3 2011 09 23.677326  0 10 24.1904 +00 16 38.013
3 2011 09 23.679410  0 10 24.1731 +00 16 37.934
3 2011 09 23.683519  0 10 24.1328 +00 16 37.691
3 2011 09 23.685660  0 10 24.1151 +00 16 37.556
3 2011 09 23.687743  0 10 24.0959 +00 16 37.373
3 2011 09 24.634734  0 10 15.9225 +00 15 50.912
3 2011 09 24.656840  0 10 15.7311 +00 15 49.901
3 2011 09 24.659109  0 10 15.7168 +00 15 49.905
3 2011 09 24.661134  0 10 15.6935 +00 15 49.745
3 2011 09 24.682697  0 10 15.5009 +00 15 48.794
3 2011 09 24.684606  0 10 15.4814 +00 15 48.703
3 2011 09 24.686354  0 10 15.4689 +00 15 48.735
3 2011 09 24.687975  0 10 15.4456 +00 15 48.594
3 2011 09 24.694225  0 10 15.3933 +00 15 48.293
3 2011 09 24.696192  0 10 15.3758 +00 15 48.224
3 2011 09 24.698148  0 10 15.3576 +00 15 48.159
3 2011 09 24.700208  0 10 15.3397 +00 15 48.034
3 2011 09 24.702280  0 10 15.3219 +00 15 48.026
3 2011 09 24.704294  0 10 15.3017 +00 15 47.921
3 2011 09 24.706366  0 10 15.2837 +00 15 47.792
3 2011 09 24.715174  0 10 15.2064 +00 15 47.432
3 2011 09 24.717025  0 10 15.1873 +00 15 47.302
3 2011 09 24.718935  0 10 15.1720 +00 15 47.284
3 2011 09 25.656898  0 10  6.6995 +00 15 11.810
3 2011 09 25.659167  0 10  6.6766 +00 15 11.695
3 2011 09 25.660556  0 10  6.6632 +00 15 11.673
3 2011 09 25.662917  0 10  6.6525 +00 15 11.588
3 2011 09 25.664942  0 10  6.6229 +00 15 11.479
3 2011 09 25.667025  0 10  6.6064 +00 15 11.412
3 2011 09 25.668981  0 10  6.5862 +00 15 11.600
3 2011 09 25.671076  0 10  6.5674 +00 15 11.237
3 2011 09 25.681493  0 10  6.4687 +00 15 11.167
3 2011 09 25.685602  0 10  6.4263 +00 15 10.779
3 2011 09 25.719630  0 10  6.1161 +00 15  9.576
3 2011 09 25.729757  0 10  6.0206 +00 15  9.104
3 2011 09 25.733924  0 10  5.9704 +00 15  8.842
3 2011 09 25.738090  0 10  5.9275 +00 15  8.749
3 2011 09 25.740162  0 10  5.9160 +00 15  8.760
3 2011 09 25.742257  0 10  5.8964 +00 15  8.828
3 2011 09 25.746424  0 10  5.8608 +00 15  8.641
3 2011 09 25.748218  0 10  5.8411 +00 15  8.674
3 2014 09 20.688218  0 56 15.4320 +05 15 47.826
3 2014 09 20.689606  0 56 15.4124 +05 15 47.630
3 2014 09 20.690990  0 56 15.4103 +05 15 47.623
3 2014 09 20.692390  0 56 15.3893 +05 15 47.405
3 2014 09 20.694485  0 56 15.3842 +05 15 47.433
3 2014 09 20.699363  0 56 15.3359 +05 15 47.166
3 2014 09 20.700752  0 56 15.3219 +05 15 47.009
3 2014 09 20.702830  0 56 15.3155 +05 15 46.948
3 2014 09 20.712674  0 56 15.2104 +05 15 46.180
3 2014 09 20.714757  0 56 15.1977 +05 15 46.115
3 2014 09 20.716782  0 56 15.1778 +05 15 46.007
3 2014 09 20.718819  0 56 15.1574 +05 15 45.865
3 2014 09 20.720874  0 56 15.1376 +05 15 45.730
3 2014 09 20.722946  0 56 15.1189 +05 15 45.592
3 2014 09 20.725029  0 56 15.0993 +05 15 45.403
3 2014 09 20.732118  0 56 15.0374 +05 15 45.062
3 2014 09 20.734201  0 56 15.0050 +05 15 44.866
3 2014 09 20.736314  0 56 15.0004 +05 15 44.796
3 2014 09 20.738397  0 56 14.9777 +05 15 44.607
3 2014 09 20.740451  0 56 14.9618 +05 15 44.404
3 2014 09 20.742575  0 56 14.9415 +05 15 44.357
3 2014 09 20.744502  0 56 14.9282 +05 15 44.207
3 2014 09 20.745851  0 56 14.9085 +05 15 44.079
3 2014 09 20.748628  0 56 14.8970 +05 15 44.091
3 2014 09 20.758536  0 56 14.7908 +05 15 43.200
3 2014 09 20.766869  0 56 14.7096 +05 15 42.724
3 2014 09 20.768993  0 56 14.6990 +05 15 42.663
3 2014 09 20.771181  0 56 14.6824 +05 15 42.509
3 2014 09 20.773322  0 56 14.6612 +05 15 42.349
3 2014 09 20.775868  0 56 14.6444 +05 15 42.221
3 2014 09 20.778588  0 56 14.6176 +05 15 42.120
3 2014 09 20.780104  0 56 14.6122 +05 15 41.951
3 2014 09 20.783565  0 56 14.5771 +05 15 41.755
3 2014 09 20.789699  0 56 14.5116 +05 15 41.418
3 2014 09 20.791840  0 56 14.4923 +05 15 41.335
3 2014 09 20.796007  0 56 14.4567 +05 15 40.954
3 2014 09 20.799479  0 56 14.4200 +05 15 40.746
3 2014 09 20.804340  0 56 14.3818 +05 15 40.495
3 2014 09 20.807813  0 56 14.3479 +05 15 40.225
4 2008 08  8.756956 23 31 16.8199 -03 57 47.499
4 2008 08  8.759745 23 31 16.8032 -03 57 47.663
4 2008 08  8.763889 23 31 16.7813 -03 57 48.000
4 2008 08  8.766678 23 31 16.7597 -03 57 48.206
4 2008 08  8.769456 23 31 16.7454 -03 57 48.317
4 2008 08  8.772234 23 31 16.7291 -03 57 48.532
4 2008 08  8.775012 23 31 16.7061 -03 57 48.707
4 2008 08  8.777789 23 31 16.6841 -03 57 48.828
4 2008 08  8.780567 23 31 16.6676 -03 57 48.932
4 2008 08  8.783345 23 31 16.6516 -03 57 49.159
4 2008 08  8.788889 23 31 16.6104 -03 57 49.388
4 2008 08  8.791678 23 31 16.6013 -03 57 49.653
4 2008 08  8.795150 23 31 16.5698 -03 57 49.762
4 2008 08  8.799317 23 31 16.5389 -03 57 49.930
4 2008 08  8.802095 23 31 16.5227 -03 57 50.145
4 2008 08  8.804873 23 31 16.5118 -03 57 50.335
4 2008 08  8.807639 23 31 16.4887 -03 57 50.425
4 2008 08  8.815289 23 31 16.4307 -03 57 50.788
4 2008 08  8.818056 23 31 16.4117 -03 57 51.105
4 2008 08  8.824317 23 31 16.3775 -03 57 51.326
4 2008 08  8.828472 23 31 16.3524 -03 57 51.603
4 2008 08  8.834734 23 31 16.3045 -03 57 52.057
4 2008 09  1.689583 23 28 10.8944 -04 18  8.755
4 2008 09  1.692361 23 28 10.8713 -04 18  8.818
4 2008 09  1.699306 23 28 10.8184 -04 18  9.175
4 2008 09  1.702083 23 28 10.7944 -04 18  9.079
4 2008 09  1.704861 23 28 10.7532 -04 18  9.508
4 2008 09  1.707627 23 28 10.7346 -04 18  9.448
4 2008 09  1.711806 23 28 10.6914 -04 18  9.539
4 2008 09  1.714572 23 28 10.6648 -04 18  9.876
4 2008 09  1.718044 23 28 10.6455 -04 18  9.845
4 2008 09  1.723611 23 28 10.5856 -04 18 10.151
4 2008 09  1.727083 23 28 10.5553 -04 18 10.411
4 2008 09  1.730556 23 28 10.5294 -04 18 10.384
4 2008 09  1.734028 23 28 10.5154 -04 18 10.628
4 2008 09  1.736806 23 28 10.4765 -04 18 10.928
4 2008 09  1.739583 23 28 10.4407 -04 18 10.993
4 2008 09  1.750694 23 28 10.3268 -04 18 11.563
4 2008 09  1.754167 23 28 10.3025 -04 18 11.643
4 2008 09  1.766667 23 28 10.1895 -04 18 12.181
4 2008 09  1.774306 23 28 10.1369 -04 18 12.399
4 2008 09  1.777083 23 28 10.1086 -04 18 12.288
4 2008 09  1.780556 23 28 10.0754 -04 18 12.592
4 2008 09  1.783333 23 28 10.0437 -04 18 12.687
4 2008 09  1.786806 23 28 10.0067 -04 18 13.064
4 2008 09  1.797222 23 28  9.9188 -04 18 13.386
4 2008 09  1.800000 23 28  9.9150 -04 18 13.479
4 2008 09  1.802778 23 28  9.8582 -04 18 13.667
4 2008 09  1.805544 23 28  9.8337 -04 18 13.921
4 2008 09  1.807639 23 28  9.8318 -04 18 13.703
4 2008 09  1.809722 23 28  9.8089 -04 18 13.985
4 2008 09  2.666655 23 28  2.2215 -04 18 54.228
4 2008 09  2.669444 23 28  2.2095 -04 18 54.356
4 2008 09  2.675000 23 28  2.1560 -04 18 54.672
4 2008 09  2.677778 23 28  2.1279 -04 18 54.852
4 2008 09  2.680544 23 28  2.1004 -04 18 54.890
4 2008 09  2.683333 23 28  2.0761 -04 18 55.015
4 2008 09  2.689572 23 28  2.0366 -04 18 55.273
4 2008 09  2.692361 23 28  2.0061 -04 18 55.555
4 2008 09  2.695139 23 28  1.9837 -04 18 55.602
4 2008 09  2.697917 23 28  1.9534 -04 18 55.777
4 2008 09  2.700694 23 28  1.9255 -04 18 56.005
4 2008 09  2.704155 23 28  1.8950 -04 18 56.110
4 2008 09  2.706944 23 28  1.8691 -04 18 56.216
4 2008 09  2.709711 23 28  1.8523 -04 18 56.363
4 2008 09  2.712500 23 28  1.8228 -04 18 56.580
4 2008 09  2.715266 23 28  1.7935 -04 18 56.689
4 2008 09  2.718067 23 28  1.7741 -04 18 56.810
4 2008 09  2.721528 23 28  1.7388 -04 18 57.008
4 2008 09  2.724306 23 28  1.7178 -04 18 57.141
4 2008 09  2.727083 23 28  1.6856 -04 18 57.185
4 2008 09  2.729861 23 28  1.6593 -04 18 57.428
4 2008 09  2.733333 23 28  1.6221 -04 18 57.526
4 2008 09  2.736111 23 28  1.5879 -04 18 57.628
4 2008 09  2.754167 23 28  1.4459 -04 18 58.682
4 2008 09  2.756944 23 28  1.4164 -04 18 58.742
4 2008 09  2.762500 23 28  1.3820 -04 18 59.056
4 2008 09  2.765972 23 28  1.3385 -04 18 59.221
4 2008 09  2.769444 23 28  1.3056 -04 18 59.604
4 2008 09  2.773611 23 28  1.2650 -04 18 59.579
4 2008 09  2.776389 23 28  1.2382 -04 18 59.717
4 2008 09  2.779861 23 28  1.2052 -04 18 59.917
4 2008 09  2.782639 23 28  1.1905 -04 19  0.176
4 2008 09  2.793750 23 28  1.0956 -04 19  0.790
4 2008 09  2.795833 23 28  1.0634 -04 19  0.944
4 2008 09  2.797917 23 28  1.0583 -04 19  0.952
4 2008 09  2.801389 23 28  1.0197 -04 19  1.092
4 2008 09  2.803472 23 28  0.9858 -04 19  1.195
4 2008 09  3.643750 23 27 53.6541 -04 19 47.691
4 2008 09  3.650694 23 27 53.6005 -04 19 48.303
4 2008 09  3.654155 23 27 53.5626 -04 19 48.427
4 2008 09  3.661100 23 27 53.5100 -04 19 48.905
4 2008 09  3.664583 23 27 53.4803 -04 19 49.139
4 2008 09  3.669444 23 27 53.4417 -04 19 49.237
4 2008 09  3.672905 23 27 53.4055 -04 19 49.534
4 2008 09  3.675694 23 27 53.3816 -04 19 49.647
4 2008 09  3.680556 23 27 53.3448 -04 19 49.948
4 2008 09  3.683333 23 27 53.3230 -04 19 50.012
4 2008 09  3.691667 23 27 53.2399 -04 19 50.617
4 2008 09  3.695833 23 27 53.2044 -04 19 50.916
4 2008 09  3.699306 23 27 53.1717 -04 19 51.100
4 2008 09  3.705544 23 27 53.1302 -04 19 51.565
4 2008 09  3.711806 23 27 53.0752 -04 19 51.988
4 2008 09  3.716667 23 27 53.0178 -04 19 52.282
4 2008 09  3.720833 23 27 52.9860 -04 19 52.323
4 2008 09  3.724294 23 27 52.9445 -04 19 52.801
4 2008 09  3.754873 23 27 52.6711 -04 19 54.541
4 2008 09  3.757627 23 27 52.6613 -04 19 54.659
4 2008 09  3.763889 23 27 52.6080 -04 19 54.806
4 2008 09  3.767361 23 27 52.5710 -04 19 55.107
4 2008 09  3.770139 23 27 52.5487 -04 19 55.405
4 2008 09  3.772917 23 27 52.5210 -04 19 55.428
4 2008 09  3.774988 23 27 52.5083 -04 19 55.612
4 2008 09  3.777778 23 27 52.4835 -04 19 55.849
4 2008 09  3.780556 23 27 52.4503 -04 19 56.011
4 2008 09  3.786111 23 27 52.4028 -04 19 56.297
4 2008 09  3.788877 23 27 52.3688 -04 19 56.318
4 2008 09  3.806238 23 27 52.2266 -04 19 57.496
4 2008 09  3.808333 23 27 52.2102 -04 19 57.534
4 2008 09  3.811794 23 27 52.1806 -04 19 57.852
4 2008 09  7.628484 23 27 19.7352 -04 24 30.487
4 2008 09  7.632639 23 27 19.7043 -04 24 30.754
4 2008 09  7.634722 23 27 19.6753 -04 24 30.720
4 2008 09  7.636794 23 27 19.6563 -04 24 31.173
4 2008 09  7.639583 23 27 19.6447 -04 24 31.357
4 2008 09  7.648611 23 27 19.5468 -04 24 31.783
4 2008 09  7.652083 23 27 19.5245 -04 24 31.965
4 2008 09  7.653461 23 27 19.5084 -04 24 31.854
4 2008 09  7.677766 23 27 19.2936 -04 24 33.796
4 2008 09  7.706944 23 27 19.0371 -04 24 36.074
4 2008 09  7.713889 23 27 18.9768 -04 24 36.553
4 2008 09  7.718056 23 27 18.9451 -04 24 36.767
4 2008 09  7.720833 23 27 18.9172 -04 24 37.052
4 2008 09  7.723600 23 27 18.8989 -04 24 37.251
4 2008 09  7.725694 23 27 18.8883 -04 24 37.662
4 2008 09  7.728472 23 27 18.8586 -04 24 37.523
4 2008 09  7.731944 23 27 18.8217 -04 24 37.763
4 2008 09  7.734016 23 27 18.8056 -04 24 37.990
4 2008 09  7.754167 23 27 18.6414 -04 24 39.588
4 2008 09  7.755544 23 27 18.6315 -04 24 39.712
4 2008 09  8.624306 23 27 11.2687 -04 25 41.095
4 2008 09  8.628461 23 27 11.2309 -04 25 41.369
4 2008 09  8.633333 23 27 11.1830 -04 25 41.728
4 2008 09  8.636111 23 27 11.1639 -04 25 41.897
4 2008 09  8.638183 23 27 11.1463 -04 25 42.020
4 2008 09  8.639583 23 27 11.1411 -04 25 42.246
4 2008 09  8.641667 23 27 11.1178 -04 25 42.368
4 2008 09  8.647917 23 27 11.0494 -04 25 42.801
4 2008 09  8.650000 23 27 11.0457 -04 25 42.829
4 2008 09  8.651389 23 27 11.0276 -04 25 42.863
4 2008 09  8.652778 23 27 11.0191 -04 25 43.052
4 2008 09  8.654155 23 27 11.0116 -04 25 43.053
4 2008 09  8.656250 23 27 10.9926 -04 25 43.141
4 2008 09  8.659028 23 27 10.9558 -04 25 43.240
4 2008 09  9.620127 23 27  2.6788 -04 26 45.054
4 2008 09  9.621528 23 27  2.6660 -04 26 45.163
4 2008 09  9.623600 23 27  2.6498 -04 26 45.211
4 2008 09  9.625000 23 27  2.6403 -04 26 45.289
4 2008 09  9.627083 23 27  2.6180 -04 26 45.432
4 2008 09  9.629167 23 27  2.5969 -04 26 45.654
4 2008 09  9.631250 23 27  2.5766 -04 26 45.774
4 2008 09  9.633322 23 27  2.5601 -04 26 45.927
4 2008 09  9.634722 23 27  2.5432 -04 26 45.911
4 2008 09  9.639583 23 27  2.5077 -04 26 46.313
4 2008 09  9.650000 23 27  2.4078 -04 26 46.901
4 2008 09  9.651389 23 27  2.4006 -04 26 46.935
4 2008 09  9.653472 23 27  2.3857 -04 26 47.089
4 2008 09  9.655556 23 27  2.3598 -04 26 47.224
4 2008 09  9.657639 23 27  2.3444 -04 26 47.312
4 2008 09  9.659028 23 27  2.3371 -04 26 47.384
4 2008 09  9.660405 23 27  2.3188 -04 26 47.535
4 2008 09  9.661806 23 27  2.3159 -04 26 47.511
4 2008 09  9.663194 23 27  2.3007 -04 26 47.582
4 2008 09  9.665266 23 27  2.2744 -04 26 47.829
4 2008 09  9.667350 23 27  2.2614 -04 26 47.810
4 2008 09  9.671539 23 27  2.2302 -04 26 48.118
4 2008 09  9.673611 23 27  2.2018 -04 26 48.292
4 2008 09  9.675694 23 27  2.1894 -04 26 48.346
4 2008 09  9.677778 23 27  2.1661 -04 26 48.502
4 2008 09  9.681250 23 27  2.1377 -04 26 48.771
4 2008 09  9.687500 23 27  2.0858 -04 26 49.102
4 2008 09  9.690961 23 27  2.0498 -04 26 49.371
4 2008 09  9.693750 23 27  2.0294 -04 26 49.516
4 2008 09  9.695833 23 27  2.0035 -04 26 49.594
4 2008 09  9.697917 23 27  1.9937 -04 26 49.739
4 2008 09  9.700000 23 27  1.9731 -04 26 49.910
4 2008 09  9.702083 23 27  1.9566 -04 26 49.965
4 2008 09  9.704167 23 27  1.9318 -04 26 50.111
4 2008 09  9.706250 23 27  1.9124 -04 26 50.108
4 2008 09  9.709028 23 27  1.8868 -04 26 50.441
4 2008 09  9.711806 23 27  1.8740 -04 26 50.550
4 2008 09  9.714583 23 27  1.8460 -04 26 50.617
4 2008 09  9.719456 23 27  1.8031 -04 26 50.881
4 2008 09  9.721528 23 27  1.7828 -04 26 51.045
4 2008 09  9.724306 23 27  1.7631 -04 26 51.321
4 2008 09  9.726389 23 27  1.7360 -04 26 51.278
4 2008 09  9.729167 23 27  1.7133 -04 26 51.655
4 2008 09  9.734028 23 27  1.6679 -04 26 51.890
4 2008 09  9.745139 23 27  1.5790 -04 26 52.514
4 2008 09  9.756250 23 27  1.4689 -04 26 53.234
4 2008 09  9.759028 23 27  1.4439 -04 26 53.311
4 2008 09  9.762500 23 27  1.4179 -04 26 53.622
4 2008 09  9.764572 23 27  1.4061 -04 26 53.667
4 2008 09  9.766678 23 27  1.3845 -04 26 53.713
4 2008 09  9.770127 23 27  1.3507 -04 26 54.094
4 2008 09  9.772222 23 27  1.3224 -04 26 54.187
4 2008 09  9.775000 23 27  1.3082 -04 26 54.186
4 2008 09  9.775648 23 27  1.3051 -04 26 54.319
4 2008 09 10.629861 23 26 53.7962 -04 27 41.325
4 2008 09 10.631250 23 26 53.7918 -04 27 41.519
4 2008 09 10.633333 23 26 53.7672 -04 27 41.433
4 2008 09 10.635417 23 26 53.7478 -04 27 41.609
4 2008 09 10.640972 23 26 53.7040 -04 27 41.977
4 2008 09 10.643056 23 26 53.6898 -04 27 41.953
4 2008 09 10.647234 23 26 53.6440 -04 27 42.280
4 2008 09 10.650000 23 26 53.6243 -04 27 42.386
4 2008 09 10.653472 23 26 53.5861 -04 27 42.585
4 2008 09 10.665278 23 26 53.4900 -04 27 43.164
4 2008 09 10.670833 23 26 53.4366 -04 27 43.358
4 2008 09 10.672917 23 26 53.4198 -04 27 43.562
4 2008 09 10.677778 23 26 53.3732 -04 27 43.681
4 2008 09 10.679861 23 26 53.3477 -04 27 44.041
4 2008 09 10.686111 23 26 53.2997 -04 27 44.156
4 2008 09 10.688889 23 26 53.2630 -04 27 44.235
4 2008 09 10.691667 23 26 53.2366 -04 27 44.479
4 2008 09 10.693750 23 26 53.2336 -04 27 44.429
4 2008 09 10.696528 23 26 53.1953 -04 27 44.864
4 2008 09 10.700637 23 26 53.1485 -04 27 45.049
4 2008 09 10.702778 23 26 53.1273 -04 27 45.038
4 2008 09 10.705556 23 26 53.1226 -04 27 45.015
4 2008 09 10.715961 23 26 53.0215 -04 27 45.778
4 2008 09 10.719444 23 26 52.9951 -04 27 45.988
4 2008 09 10.723623 23 26 52.9525 -04 27 46.130
4 2008 09 10.726389 23 26 52.9334 -04 27 46.289
4 2008 09 10.729861 23 26 52.8988 -04 27 46.460
4 2008 09 10.733333 23 26 52.8668 -04 27 46.579
4 2008 09 10.736806 23 26 52.8344 -04 27 46.772
4 2008 09 10.740289 23 26 52.8059 -04 27 46.940
4 2008 09 10.743056 23 26 52.7620 -04 27 47.108
4 2008 09 10.745833 23 26 52.7425 -04 27 47.371
4 2008 09 10.748611 23 26 52.7234 -04 27 47.533
4 2008 09 10.752083 23 26 52.7092 -04 27 47.648
4 2008 09 10.754167 23 26 52.6756 -04 27 47.687
4 2008 09 10.759028 23 26 52.6386 -04 27 47.899
4 2008 09 10.765278 23 26 52.5718 -04 27 48.203
4 2008 09 10.767361 23 26 52.5603 -04 27 48.315
4 2008 09 10.769456 23 26 52.5389 -04 27 48.483
4 2008 09 10.773611 23 26 52.5112 -04 27 48.610
4 2008 09 10.775694 23 26 52.4805 -04 27 48.655
4 2009 08 17.680174 23 45 16.7812 -02 27  3.358
4 2009 08 17.681968 23 45 16.7660 -02 27  3.447
4 2009 08 17.684514 23 45 16.7415 -02 27  3.519
4 2009 08 17.687662 23 45 16.7219 -02 27  3.729
4 2009 08 17.690764 23 45 16.6999 -02 27  3.751
4 2009 08 17.693102 23 45 16.6821 -02 27  3.773
4 2009 08 17.695093 23 45 16.6678 -02 27  3.855
4 2009 08 17.697130 23 45 16.6546 -02 27  3.987
4 2009 08 17.699120 23 45 16.6351 -02 27  4.028
4 2009 08 17.702662 23 45 16.6070 -02 27  4.160
4 2009 08 17.705336 23 45 16.5845 -02 27  4.335
4 2009 08 17.710903 23 45 16.5423 -02 27  4.546
4 2009 08 17.717859 23 45 16.4915 -02 27  4.717
4 2009 08 17.722014 23 45 16.4598 -02 27  4.855
4 2009 08 17.725486 23 45 16.4348 -02 27  4.991
4 2009 08 17.728264 23 45 16.4104 -02 27  5.120
4 2009 08 17.730706 23 45 16.3879 -02 27  5.172
4 2009 08 17.738681 23 45 16.3221 -02 27  5.548
4 2009 08 17.740764 23 45 16.3006 -02 27  5.575
4 2009 08 17.742847 23 45 16.3044 -02 27  5.589
4 2009 08 17.744931 23 45 16.2758 -02 27  5.729
4 2009 08 17.749086 23 45 16.2590 -02 27  5.776
4 2009 08 17.751343 23 45 16.2441 -02 27  5.820
4 2009 08 17.753264 23 45 16.2155 -02 27  6.044
4 2009 08 17.762060 23 45 16.1568 -02 27  6.450
4 2009 08 17.763681 23 45 16.1325 -02 27  6.311
4 2009 08 17.768657 23 45 16.0969 -02 27  6.595
4 2009 08 17.770694 23 45 16.0817 -02 27  6.542
4 2009 08 17.787407 23 45 15.9668 -02 27  7.295
4 2009 08 19.770868 23 45  1.0567 -02 28 34.932
4 2009 08 19.776007 23 45  1.0184 -02 28 35.235
4 2009 08 19.788322 23 45  0.9245 -02 28 35.899
4 2009 08 19.792650 23 45  0.8950 -02 28 36.078
4 2009 08 20.764317 23 44 53.6860 -02 29 32.293
4 2009 08 20.767465 23 44 53.6569 -02 29 32.577
4 2010 08  7.743611  0  1 16.5280 -00 42 32.554
4 2010 08  7.750602  0  1 16.5009 -00 42 32.926
4 2010 08  8.733183  0  1 11.5278 -00 43 26.603
4 2010 08  8.805532  0  1 11.1378 -00 43 30.627
4 2010 08  8.811759  0  1 11.1082 -00 43 30.931
4 2010 08  8.813854  0  1 11.0978 -00 43 30.950
4 2010 08  8.815949  0  1 11.0825 -00 43 31.159
4 2010 08  8.818021  0  1 11.0721 -00 43 31.242
4 2010 08  8.820104  0  1 11.0648 -00 43 31.470
4 2010 08  8.822188  0  1 11.0511 -00 43 31.457
4 2010 08  8.824259  0  1 11.0383 -00 43 31.620
4 2010 08  8.830521  0  1 10.9980 -00 43 31.876
4 2010 08  8.832593  0  1 10.9911 -00 43 31.933
4 2010 08  8.834699  0  1 10.9892 -00 43 32.139
4 2010 08  8.836794  0  1 10.9750 -00 43 32.313
4 2010 08  8.838877  0  1 10.9617 -00 43 32.380
4 2010 08  8.840949  0  1 10.9527 -00 43 32.498
4 2010 08  8.843067  0  1 10.9398 -00 43 32.611
4 2010 08  8.847188  0  1 10.9177 -00 43 32.864
4 2010 09 16.651516 23 56 17.1477 -01 15 26.470
4 2010 09 16.661574 23 56 17.0585 -01 15 27.223
4 2010 09 16.664919 23 56 17.0311 -01 15 27.502
4 2010 09 16.667083 23 56 17.0083 -01 15 27.611
4 2010 09 16.669676 23 56 16.9903 -01 15 27.879
4 2010 09 16.673733 23 56 16.9523 -01 15 28.155
4 2010 09 16.675804 23 56 16.9363 -01 15 28.340
4 2010 09 16.679971 23 56 16.8982 -01 15 28.680
4 2010 09 16.682124 23 56 16.8806 -01 15 28.817
4 2010 09 16.684161 23 56 16.8600 -01 15 29.013
4 2010 09 16.686209 23 56 16.8439 -01 15 29.079
4 2010 09 16.688304 23 56 16.8269 -01 15 29.261
4 2010 09 16.690365 23 56 16.8132 -01 15 29.463
4 2010 09 16.692448 23 56 16.7914 -01 15 29.581
4 2010 09 16.694531 23 56 16.7760 -01 15 29.717
4 2010 09 16.698698 23 56 16.7404 -01 15 30.051
4 2010 09 16.700793 23 56 16.7174 -01 15 30.219
4 2010 09 16.702865 23 56 16.7028 -01 15 30.347
4 2010 09 16.704959 23 56 16.6854 -01 15 30.533
4 2010 09 16.707031 23 56 16.6666 -01 15 30.707
4 2010 09 16.709091 23 56 16.6487 -01 15 30.863
4 2010 09 16.711198 23 56 16.6313 -01 15 31.008
4 2010 09 16.713281 23 56 16.6151 -01 15 31.178
4 2010 09 16.715365 23 56 16.5983 -01 15 31.268
4 2010 09 16.719514 23 56 16.5575 -01 15 31.648
4 2010 09 16.721586 23 56 16.5426 -01 15 31.764
4 2010 09 16.723681 23 56 16.5185 -01 15 31.926
4 2010 09 16.725775 23 56 16.5010 -01 15 32.066
4 2010 09 16.734711 23 56 16.4310 -01 15 32.753
4 2010 09 16.736227 23 56 16.4168 -01 15 32.904
4 2010 09 16.738403 23 56 16.3981 -01 15 33.070
4 2010 09 16.740359 23 56 16.3828 -01 15 33.220
4 2010 09 16.742431 23 56 16.3656 -01 15 33.378
4 2010 09 16.744606 23 56 16.3452 -01 15 33.543
4 2010 09 16.746944 23 56 16.3275 -01 15 33.725
4 2010 09 16.748947 23 56 16.3041 -01 15 33.927
4 2010 09 16.752245 23 56 16.2766 -01 15 34.165
4 2010 09 16.754271 23 56 16.2583 -01 15 34.318
4 2010 09 16.756354 23 56 16.2415 -01 15 34.466
4 2010 09 16.758414 23 56 16.2248 -01 15 34.621
4 2010 09 16.762581 23 56 16.1867 -01 15 34.872
4 2010 09 16.764676 23 56 16.1729 -01 15 35.065
4 2010 09 16.768843 23 56 16.1367 -01 15 35.313
4 2010 09 16.770914 23 56 16.1228 -01 15 35.506
4 2010 09 16.777188 23 56 16.0637 -01 15 36.037
4 2010 09 16.779259 23 56 16.0419 -01 15 36.173
4 2010 09 16.781331 23 56 16.0254 -01 15 36.303
4 2010 09 16.783426 23 56 16.0108 -01 15 36.421
4 2010 09 16.785498 23 56 15.9922 -01 15 36.660
4 2010 09 16.787581 23 56 15.9742 -01 15 36.804
4 2010 09 16.789676 23 56 15.9572 -01 15 36.975
4 2010 09 16.793843 23 56 15.9201 -01 15 37.328
4 2010 09 16.795914 23 56 15.8978 -01 15 37.490
4 2010 09 16.802176 23 56 15.8486 -01 15 37.984
4 2010 09 16.804248 23 56 15.8275 -01 15 38.072
4 2010 09 16.806331 23 56 15.8111 -01 15 38.296
4 2010 09 16.808426 23 56 15.7957 -01 15 38.439
4 2010 09 16.814635 23 56 15.7432 -01 15 38.847
4 2010 09 16.823009 23 56 15.6743 -01 15 39.487
4 2010 09 16.827164 23 56 15.6393 -01 15 39.835
4 2010 09 16.831319 23 56 15.5983 -01 15 40.136
4 2010 09 17.677106 23 56  8.4781 -01 16 44.409
4 2010 09 17.680052 23 56  8.4475 -01 16 44.609
4 2010 09 17.683183 23 56  8.4235 -01 16 44.855
4 2010 09 17.685556 23 56  8.3987 -01 16 45.088
4 2010 09 17.687650 23 56  8.3877 -01 16 45.235
4 2010 09 17.689711 23 56  8.3676 -01 16 45.410
4 2010 09 17.691806 23 56  8.3476 -01 16 45.502
4 2010 09 17.693900 23 56  8.3329 -01 16 45.722
4 2010 09 17.698056 23 56  8.2928 -01 16 45.956
4 2010 09 17.700127 23 56  8.2764 -01 16 46.114
4 2010 09 17.704294 23 56  8.2443 -01 16 46.481
4 2010 09 17.706377 23 56  8.2226 -01 16 46.735
4 2010 09 17.708461 23 56  8.2134 -01 16 46.741
4 2010 09 17.710544 23 56  8.1963 -01 16 46.965
4 2010 09 17.714699 23 56  8.1608 -01 16 47.150
4 2010 09 17.716782 23 56  8.1373 -01 16 47.490
4 2010 09 17.718866 23 56  8.1208 -01 16 47.469
4 2010 09 17.720972 23 56  8.1005 -01 16 47.663
4 2010 09 17.723032 23 56  8.0843 -01 16 47.916
4 2010 09 17.725127 23 56  8.0639 -01 16 48.042
4 2010 09 17.727187 23 56  8.0464 -01 16 48.311
4 2010 09 17.729282 23 56  8.0333 -01 16 48.288
4 2010 09 17.731377 23 56  8.0088 -01 16 48.466
4 2010 09 17.733449 23 56  7.9955 -01 16 48.617
4 2010 09 17.735556 23 56  7.9764 -01 16 48.867
4 2010 09 17.737627 23 56  7.9562 -01 16 49.068
4 2010 09 17.739711 23 56  7.9395 -01 16 49.153
4 2010 09 17.741782 23 56  7.9245 -01 16 49.313
4 2010 09 17.743877 23 56  7.9040 -01 16 49.456
4 2010 09 17.745949 23 56  7.8927 -01 16 49.570
4 2010 09 17.748056 23 56  7.8684 -01 16 49.738
4 2010 09 17.750127 23 56  7.8569 -01 16 49.907
4 2010 09 17.752211 23 56  7.8397 -01 16 50.077
4 2010 09 17.754294 23 56  7.8163 -01 16 50.212
4 2010 09 17.756366 23 56  7.8005 -01 16 50.417
4 2010 09 17.758461 23 56  7.7798 -01 16 50.538
4 2010 09 17.760544 23 56  7.7625 -01 16 50.695
4 2010 09 17.762650 23 56  7.7460 -01 16 50.881
4 2010 09 17.764711 23 56  7.7325 -01 16 50.904
4 2010 09 17.766806 23 56  7.7112 -01 16 51.138
4 2010 09 17.768877 23 56  7.6929 -01 16 51.332
4 2010 09 17.770961 23 56  7.6758 -01 16 51.480
4 2010 09 17.773044 23 56  7.6605 -01 16 51.635
4 2010 09 17.775139 23 56  7.6341 -01 16 51.817
4 2010 09 17.777222 23 56  7.6226 -01 16 52.014
4 2010 09 17.779294 23 56  7.6026 -01 16 52.111
4 2010 09 17.781366 23 56  7.5888 -01 16 52.261
4 2010 09 17.785532 23 56  7.5528 -01 16 52.613
4 2010 09 17.787616 23 56  7.5370 -01 16 52.776
4 2010 09 17.789711 23 56  7.5145 -01 16 52.884
4 2010 09 17.793889 23 56  7.4761 -01 16 53.211
4 2010 09 17.798056 23 56  7.4481 -01 16 53.563
4 2010 09 17.802234 23 56  7.4072 -01 16 53.815
4 2010 09 17.804294 23 56  7.3956 -01 16 53.980
4 2010 09 17.806377 23 56  7.3708 -01 16 54.103
4 2010 09 17.808484 23 56  7.3602 -01 16 54.291
4 2010 09 18.695266 23 55 59.9257 -01 17 59.108
4 2010 09 18.695961 23 55 59.9211 -01 17 59.174
4 2010 09 18.696574 23 55 59.9159 -01 17 59.179
4 2010 09 18.697280 23 55 59.9074 -01 17 59.292
4 2010 09 18.701435 23 55 59.8748 -01 17 59.585
4 2010 09 18.703530 23 55 59.8565 -01 17 59.703
4 2010 09 18.705625 23 55 59.8399 -01 17 59.891
4 2010 09 18.707708 23 55 59.8229 -01 18  0.011
4 2010 09 18.709792 23 55 59.8024 -01 18  0.142
4 2010 09 18.711875 23 55 59.7872 -01 18  0.301
4 2010 09 18.716019 23 55 59.7502 -01 18  0.559
4 2010 09 18.718102 23 55 59.7336 -01 18  0.709
4 2010 09 18.720162 23 55 59.7157 -01 18  0.835
4 2010 09 18.726400 23 55 59.6571 -01 18  1.234
4 2010 09 18.728507 23 55 59.6396 -01 18  1.445
4 2010 09 18.730613 23 55 59.6209 -01 18  1.533
4 2010 09 18.732731 23 55 59.6045 -01 18  1.688
4 2010 09 18.734769 23 55 59.5840 -01 18  1.841
4 2010 09 18.736863 23 55 59.5690 -01 18  2.018
4 2010 09 18.738947 23 55 59.5511 -01 18  2.150
4 2010 09 18.741042 23 55 59.5294 -01 18  2.285
4 2010 09 18.743125 23 55 59.5166 -01 18  2.413
4 2010 09 18.745185 23 55 59.4966 -01 18  2.576
4 2010 09 18.747292 23 55 59.4832 -01 18  2.762
4 2010 09 18.749352 23 55 59.4584 -01 18  2.828
4 2010 09 18.751424 23 55 59.4454 -01 18  3.046
4 2010 09 18.753519 23 55 59.4313 -01 18  3.268
4 2010 09 18.755613 23 55 59.4138 -01 18  3.403
4 2010 09 18.757662 23 55 59.4007 -01 18  3.472
4 2010 09 18.759757 23 55 59.3758 -01 18  3.688
4 2010 09 18.763958 23 55 59.3420 -01 18  3.917
4 2010 09 18.766030 23 55 59.3251 -01 18  4.150
4 2010 09 18.768125 23 55 59.3089 -01 18  4.257
4 2010 09 18.772245 23 55 59.2685 -01 18  4.591
4 2010 09 18.774329 23 55 59.2541 -01 18  4.603
4 2010 09 18.774873 23 55 59.2509 -01 18  4.622
4 2010 09 18.776458 23 55 59.2285 -01 18  4.832
4 2010 09 18.782674 23 55 59.1829 -01 18  5.300
4 2010 09 18.826435 23 55 58.8067 -01 18  8.229
4 2010 09 18.828519 23 55 58.7925 -01 18  8.447
4 2010 09 18.830590 23 55 58.7661 -01 18  8.498
4 2010 09 18.847350 23 55 58.6281 -01 18  9.671
4 2011 09 22.646516  0 10 33.3525 +00 18 15.934
4 2011 09 22.647361  0 10 33.3466 +00 18 15.913
4 2011 09 22.649358  0 10 33.3284 +00 18 15.812
4 2011 09 22.652992  0 10 33.2938 +00 18 15.671
4 2011 09 22.658623  0 10 33.2416 +00 18 15.465
4 2011 09 22.660509  0 10 33.2232 +00 18 15.378
4 2011 09 22.662801  0 10 33.2026 +00 18 15.318
4 2011 09 22.664705  0 10 33.1823 +00 18 15.221
4 2011 09 22.666956  0 10 33.1633 +00 18 15.142
4 2011 09 22.668837  0 10 33.1446 +00 18 15.092
4 2011 09 22.671065  0 10 33.1241 +00 18 14.969
4 2011 09 22.673032  0 10 33.1040 +00 18 14.891
4 2011 09 22.675243  0 10 33.0853 +00 18 14.818
4 2011 09 22.677257  0 10 33.0677 +00 18 14.743
4 2011 09 22.679456  0 10 33.0468 +00 18 14.619
4 2011 09 22.681481  0 10 33.0265 +00 18 14.563
4 2011 09 22.685648  0 10 32.9856 +00 18 14.372
4 2011 09 22.687743  0 10 32.9646 +00 18 14.371
4 2011 09 22.689838  0 10 32.9459 +00 18 14.197
4 2011 09 22.742766  0 10 32.4494 +00 18 12.233
4 2011 09 22.744815  0 10 32.4326 +00 18 12.127
4 2011 09 22.746053  0 10 32.4202 +00 18 12.048
4 2011 09 22.748356  0 10 32.3977 +00 18 11.984
4 2011 09 22.750243  0 10 32.3785 +00 18 11.885
4 2011 09 22.752269  0 10 32.3609 +00 18 11.798
4 2011 09 22.754363  0 10 32.3395 +00 18 11.742
4 2011 09 22.758507  0 10 32.3021 +00 18 11.569
4 2011 09 22.760648  0 10 32.2807 +00 18 11.493
4 2011 09 22.762743  0 10 32.2637 +00 18 11.432
4 2011 09 22.764838  0 10 32.2424 +00 18 11.361
4 2011 09 23.620289  0 10 24.3056 +00 17 36.799
4 2011 09 23.621447  0 10 24.2975 +00 17 36.724
4 2011 09 23.625255  0 10 24.2625 +00 17 36.546
4 2011 09 23.627326  0 10 24.2413 +00 17 36.412
4 2011 09 23.629410  0 10 24.2192 +00 17 36.455
4 2011 09 23.631493  0 10 24.1987 +00 17 36.283
4 2011 09 23.633565  0 10 24.1824 +00 17 36.176
4 2011 09 23.635613  0 10 24.1609 +00 17 36.095
4 2011 09 23.637685  0 10 24.1452 +00 17 35.975
4 2011 09 23.641852  0 10 24.1058 +00 17 35.822
4 2011 09 23.643935  0 10 24.0843 +00 17 35.697
4 2011 09 23.646019  0 10 24.0629 +00 17 35.674
4 2011 09 23.648044  0 10 24.0403 +00 17 35.633
4 2011 09 23.650399  0 10 24.0224 +00 17 35.425
4 2011 09 23.652240  0 10 24.0037 +00 17 35.343
4 2011 09 23.654323  0 10 23.9834 +00 17 35.315
4 2011 09 23.656406  0 10 23.9629 +00 17 35.258
4 2011 09 23.658490  0 10 23.9474 +00 17 35.053
4 2011 09 23.664740  0 10 23.8888 +00 17 34.813
4 2011 09 23.666846  0 10 23.8698 +00 17 34.795
4 2011 09 23.671065  0 10 23.8215 +00 17 34.608
4 2011 09 23.673148  0 10 23.8050 +00 17 34.545
4 2011 09 23.677326  0 10 23.7640 +00 17 34.297
4 2011 09 23.679410  0 10 23.7426 +00 17 34.298
4 2011 09 23.681493  0 10 23.7246 +00 17 34.250
4 2011 09 23.683519  0 10 23.7011 +00 17 34.012
4 2011 09 23.685660  0 10 23.6847 +00 17 33.972
4 2011 09 23.687743  0 10 23.6618 +00 17 33.871
4 2011 09 24.656840  0 10 14.6338 +00 16 49.070
4 2011 09 24.661134  0 10 14.5943 +00 16 48.882
4 2011 09 24.663090  0 10 14.5766 +00 16 48.707
4 2011 09 24.682697  0 10 14.3923 +00 16 47.790
4 2011 09 24.684606  0 10 14.3693 +00 16 47.672
4 2011 09 24.686354  0 10 14.3561 +00 16 47.641
4 2011 09 24.687975  0 10 14.3371 +00 16 47.586
4 2011 09 24.690046  0 10 14.3217 +00 16 47.406
4 2011 09 24.692141  0 10 14.3004 +00 16 47.304
4 2011 09 24.694225  0 10 14.2791 +00 16 47.226
4 2011 09 24.696192  0 10 14.2609 +00 16 47.117
4 2011 09 24.698148  0 10 14.2415 +00 16 47.047
4 2011 09 24.700208  0 10 14.2230 +00 16 46.912
4 2011 09 24.702280  0 10 14.2038 +00 16 46.857
4 2011 09 24.704294  0 10 14.1837 +00 16 46.711
4 2011 09 24.706366  0 10 14.1664 +00 16 46.619
4 2011 09 24.715174  0 10 14.0834 +00 16 46.145
4 2011 09 24.717025  0 10 14.0627 +00 16 46.058
4 2011 09 24.718935  0 10 14.0478 +00 16 46.014
4 2011 09 25.656898  0 10  5.3715 +00 15 55.278
4 2011 09 25.659167  0 10  5.3479 +00 15 55.073
4 2011 09 25.660556  0 10  5.3338 +00 15 54.996
4 2011 09 25.662917  0 10  5.3173 +00 15 54.813
4 2011 09 25.664942  0 10  5.2939 +00 15 54.721
4 2011 09 25.667025  0 10  5.2746 +00 15 54.601
4 2011 09 25.668981  0 10  5.2609 +00 15 54.563
4 2011 09 25.671076  0 10  5.2364 +00 15 54.318
4 2011 09 25.681493  0 10  5.1445 +00 15 53.924
4 2011 09 25.685602  0 10  5.1001 +00 15 53.545
4 2011 09 25.719630  0 10  4.7840 +00 15 51.567
4 2011 09 25.729757  0 10  4.6930 +00 15 50.908
4 2011 09 25.733924  0 10  4.6486 +00 15 50.765
4 2011 09 25.740162  0 10  4.5898 +00 15 50.333
4 2011 09 25.742257  0 10  4.5699 +00 15 50.294
4 2011 09 25.746424  0 10  4.5336 +00 15 50.047
4 2011 09 25.748218  0 10  4.5133 +00 15 49.887
4 2014 09 20.579340  0 56 16.2302 +05 16  4.747
4 2014 09 20.688218  0 56 15.2429 +05 15 58.236
4 2014 09 20.690990  0 56 15.2175 +05 15 58.271
4 2014 09 20.692390  0 56 15.2025 +05 15 57.950
4 2014 09 20.694485  0 56 15.1971 +05 15 58.052
4 2014 09 20.695891  0 56 15.1833 +05 15 57.695
4 2014 09 20.699363  0 56 15.1408 +05 15 57.796
4 2014 09 20.700752  0 56 15.1288 +05 15 57.571
4 2014 09 20.702830  0 56 15.1094 +05 15 57.566
4 2014 09 20.712674  0 56 15.0246 +05 15 56.804
4 2014 09 20.714757  0 56 15.0056 +05 15 56.703
4 2014 09 20.716782  0 56 14.9840 +05 15 56.603
4 2014 09 20.718819  0 56 14.9661 +05 15 56.488
4 2014 09 20.720874  0 56 14.9428 +05 15 56.292
4 2014 09 20.722946  0 56 14.9321 +05 15 56.233
4 2014 09 20.725029  0 56 14.9120 +05 15 56.033
4 2014 09 20.732118  0 56 14.8467 +05 15 55.730
4 2014 09 20.734201  0 56 14.8319 +05 15 55.340
4 2014 09 20.736314  0 56 14.8115 +05 15 55.454
4 2014 09 20.738397  0 56 14.7892 +05 15 55.272
4 2014 09 20.740451  0 56 14.7691 +05 15 55.041
4 2014 09 20.742575  0 56 14.7551 +05 15 55.000
4 2014 09 20.744502  0 56 14.7356 +05 15 54.911
4 2014 09 20.745851  0 56 14.7219 +05 15 54.827
4 2014 09 20.758536  0 56 14.6136 +05 15 54.097
4 2014 09 20.766869  0 56 14.5304 +05 15 53.528
4 2014 09 20.768993  0 56 14.5139 +05 15 53.291
4 2014 09 20.771181  0 56 14.5000 +05 15 53.331
4 2014 09 20.773322  0 56 14.4741 +05 15 53.124
4 2014 09 20.775868  0 56 14.4557 +05 15 53.001
4 2014 09 20.778588  0 56 14.4251 +05 15 52.869
4 2014 09 20.783565  0 56 14.3876 +05 15 52.583
4 2014 09 20.789699  0 56 14.3289 +05 15 52.201
4 2014 09 20.791840  0 56 14.3068 +05 15 52.135
4 2014 09 20.796007  0 56 14.2653 +05 15 51.803
4 2014 09 20.799479  0 56 14.2325 +05 15 51.636
4 2014 09 20.804340  0 56 14.1948 +05 15 51.308
4 2014 09 20.807813  0 56 14.1602 +05 15 51.173
5 2010 09 17.739711 23 56  8.2456 -01 16 42.550
5 2010 09 17.752211 23 56  8.1508 -01 16 43.447
5 2010 09 17.760544 23 56  8.0843 -01 16 44.187
5 2010 09 17.768877 23 56  8.0071 -01 16 44.975
5 2010 09 17.770961 23 56  8.0180 -01 16 45.067
5 2010 09 17.785532 23 56  7.8906 -01 16 46.284
5 2010 09 17.789711 23 56  7.8575 -01 16 46.370
5 2010 09 17.798056 23 56  7.7877 -01 16 47.010
5 2010 09 17.806377 23 56  7.7213 -01 16 47.792
5 2010 09 18.695266 23 55 59.5733 -01 17 22.274
5 2010 09 18.695961 23 55 59.5644 -01 17 22.399
5 2010 09 18.697280 23 55 59.5365 -01 17 22.408
5 2010 09 18.699375 23 55 59.5365 -01 17 22.408
5 2010 09 18.705625 23 55 59.4691 -01 17 22.924
5 2010 09 18.707708 23 55 59.4540 -01 17 23.180
5 2010 09 18.709792 23 55 59.4320 -01 17 23.337
5 2010 09 18.711875 23 55 59.4131 -01 17 23.469
5 2010 09 18.716019 23 55 59.3816 -01 17 23.811
5 2010 09 18.720162 23 55 59.3378 -01 17 24.258
5 2010 09 18.726400 23 55 59.2734 -01 17 24.538
5 2010 09 18.728507 23 55 59.2694 -01 17 24.852
5 2010 09 18.730613 23 55 59.2439 -01 17 24.763
5 2010 09 18.732731 23 55 59.2166 -01 17 25.137
5 2010 09 18.734769 23 55 59.1822 -01 17 25.223
5 2010 09 18.736863 23 55 59.1808 -01 17 25.401
5 2010 09 18.738947 23 55 59.1675 -01 17 25.567
5 2010 09 18.743125 23 55 59.1131 -01 17 25.797
5 2010 09 18.745185 23 55 59.1051 -01 17 26.173
5 2010 09 18.747292 23 55 59.1019 -01 17 26.231
5 2010 09 18.751424 23 55 59.0589 -01 17 26.550
5 2011 09 22.646516  0 10 32.5123 +00 18 14.716
5 2011 09 22.647361  0 10 32.5073 +00 18 14.794
5 2011 09 22.649358  0 10 32.4842 +00 18 14.410
5 2011 09 22.652992  0 10 32.4504 +00 18 14.186
5 2011 09 22.654850  0 10 32.4345 +00 18 14.098
5 2011 09 22.656574  0 10 32.4195 +00 18 13.846
5 2011 09 22.658623  0 10 32.4029 +00 18 13.848
5 2011 09 22.660509  0 10 32.3856 +00 18 13.706
5 2011 09 22.662801  0 10 32.3697 +00 18 13.493
5 2011 09 22.664705  0 10 32.3425 +00 18 13.308
5 2011 09 22.666956  0 10 32.3271 +00 18 13.094
5 2011 09 22.668837  0 10 32.3180 +00 18 13.003
5 2011 09 22.671065  0 10 32.2786 +00 18 12.709
5 2011 09 22.673032  0 10 32.2551 +00 18 12.576
5 2011 09 22.675243  0 10 32.2542 +00 18 12.429
5 2011 09 22.677257  0 10 32.2216 +00 18 12.287
5 2011 09 24.656840  0 10 15.1741 +00 16  2.934
5 2011 09 24.659109  0 10 15.1688 +00 16  2.825
5 2011 09 24.682697  0 10 14.9665 +00 16  1.634
5 2011 09 24.684606  0 10 14.9427 +00 16  1.610
5 2011 09 24.687975  0 10 14.9094 +00 16  1.283
5 2011 09 24.690046  0 10 14.9016 +00 16  1.299
5 2011 09 24.692141  0 10 14.8829 +00 16  1.103
5 2011 09 24.694225  0 10 14.8584 +00 16  1.028
5 2011 09 24.700208  0 10 14.8079 +00 16  0.813
5 2011 09 24.702280  0 10 14.7841 +00 16  0.632
5 2011 09 24.706366  0 10 14.7524 +00 16  0.473
5 2011 09 24.718935  0 10 14.6583 +00 16  0.002
