 4  2448785.627599    19 14  1.076   -22  46 48.01  0
 4  2448795.599238    19 12 29.575   -22  50 20.30  0 13.91
 4  2448797.593522    19 12  7.454   -22  50 44.58  1
 4  2448809.559357    19 10  6.225   -22  54 32.49  0 13.93
 4  2448829.502396    19  6 42.455   -22  58 44.21  0
 4  2448833.491063    19  6  6.782   -23   0 39.24  1 14.05
 4  2448835.485367    19  5 46.447   -23   1 37.30  0 14.04
 4  2448837.479668    19  5 25.790   -23   2  2.18  0
 4  2448861.412123    19  2 31.193   -23   6 15.79  0
 4  2448863.406512    19  2 18.150   -23   6 43.42  0
 4  2448877.367665    19  1 24.339   -23   7 50.94  0 14.20
 4  2449139.672186    19 34  3.715   -22   8 40.17  0 13.95
 4  2449141.666584    19 33 51.512   -22   9 36.72  0 13.57
 4  2449143.660955    19 33 36.916   -22  10 50.60  1
 4  2449149.643974    19 32 45.082   -22  12 19.01  0 13.92
 4  2449157.621378    19 31 39.886   -22  15 32.36  0
 4  2449159.615679    19 31 19.283   -22  16 30.41  0 14.08
 4  2449161.609979    19 30 58.568   -22  16 54.54  0
 4  2449163.604295    19 30 39.203   -22  16 59.16  0 14.03
 4  2449165.598630    19 30 21.500   -22  17 15.74  0 14.00
 4  2449175.570146    19 28 39.344   -22  21 52.68  0 13.25
 4  2449191.524576    19 25 56.188   -22  26 53.17  0 13.40
 4  2449197.507552    19 25  0.604   -22  29 45.35  1 12.80
 4  2449205.484797    19 23 41.613   -22  31 19.62  0 13.25
 4  2449207.479156    19 23 25.959   -22  31 52.03  1 13.51
 4  2449219.445239    19 21 46.167   -22  34 58.94  0 14.21
 4  2449223.434028    19 21 21.116   -22  36 32.03  0 14.26
 4  2449225.428402    19 21  6.822   -22  37 30.25  0 14.07
 4  2449231.411569    19 20 27.772   -22  37 36.77  1 14.35
 4  2449494.713335    19 53  4.848   -21  25 35.83  0 14.36
 4  2449498.702157    19 52 42.705   -21  26 14.33  0
 4  2449508.674214    19 51 47.322   -21  29 29.69  0 14.50
 4  2449512.662932    19 51 16.131   -21  30 16.26  0 14.34
 4  2449514.657309    19 51  2.059   -21  30 22.48  0
 4  2449516.651694    19 50 48.705   -21  30 53.88  0 14.34
 4  2449518.646069    19 50 34.531   -21  32  0.67  0
 4  2449522.634744    19 49 59.538   -21  34 34.61  0 14.20
 4  2449532.606418    19 48 31.073   -21  37 46.35  0
 4  2449534.600731    19 48 11.481   -21  39 15.15  0
 4  2449536.595023    19 47 50.063   -21  40 22.68  1
 4  2449538.589315    19 47 28.639   -21  40 56.19  0 14.21
 4  2449540.583622    19 47  8.560   -21  41  9.64  0
 4  2449544.572280    19 46 32.183   -21  42 32.59  0
 4  2449552.549455    19 45  7.085   -21  46 51.07  0 13.63
 4  2449564.515312    19 43  7.686   -21  52 13.24  0
 4  2449580.469914    19 40 39.468   -21  57 23.68  1
 4  2449586.453032    19 39 56.143   -21  59  9.94  0 14.50
 4  2449596.424894    19 38 43.860   -22   1 15.63  0
 4  2449602.408146    19 38 12.188   -22   3 43.46  0
 4  2449604.402547    19 38  0.213   -22   4 11.41  0
 4  2449606.396963    19 37 49.559   -22   4  4.71  0
 4  2449614.374844    19 37 25.676   -22   4 56.20  0
 4  2449616.369308    19 37 19.095   -22   5 35.88  0
 4  2449626.341865    19 37  7.055   -22   4 57.88  0 14.83
 4  2449866.706788    20 10 15.156   -20  37 32.32  0
 4  2449872.690046    20  9 44.077   -20  40 41.61  0
 4  2449876.678816    20  9 17.345   -20  41 17.20  0 13.80
 4  2449878.673217    20  9  5.349   -20  41 27.89  0
 4  2449880.667622    20  8 53.714   -20  42  8.80  0
 4  2449882.662013    20  8 40.906   -20  43 23.91  0
 4  2449894.628129    20  7  3.995   -20  48  6.30  0
 4  2449896.622476    20  6 47.348   -20  49 35.08  0 13.38
 4  2449898.616798    20  6 28.540   -20  51  6.29  0
 4  2449900.611103    20  6  8.243   -20  52 10.69  0 13.85
 4  2449904.599732    20  5 29.312   -20  53  2.31  0
 4  2449906.594070    20  5 11.908   -20  53 40.43  0
 4  2449908.588407    20  4 54.388   -20  54 54.09  0
 4  2449914.571308    20  3 52.331   -20  58 58.92  0 13.70
 4  2449916.565604    20  3 31.212   -20  59 26.56  0 13.70
 4  2449926.537171    20  1 53.469   -21   4 57.78  0 13.71
 4  2449928.531457    20  1 31.536   -21   5 45.55  0 13.86
 4  2449930.525760    20  1 11.036   -21   6  6.80  0 13.96
 4  2449934.514424    20  0 35.130   -21   7 22.63  0
 4  2449936.508757    20  0 17.320   -21   8 46.20  0
 4  2449942.491682    19 59 17.273   -21  11 59.07  0
 4  2449944.486010    19 58 58.993   -21  12 10.19  0 13.80
 4  2449946.480363    19 58 42.885   -21  12 31.96  0 13.70
 4  2449952.463425    19 57 54.721   -21  16  3.96  0 13.82
 4  2449956.452103    19 57 20.046   -21  17 10.40  0 14.11
 4  2449960.440872    19 56 53.166   -21  17 29.45  0
 4  2449962.435277    19 56 41.549   -21  18 18.74  0
 4  2449968.418436    19 56  1.861   -21  20 59.82  0
 4  2449972.407265    19 55 40.183   -21  20 47.20  1
 4  2449974.401717    19 55 32.609   -21  20 59.91  0 13.99
 4  2449976.396173    19 55 25.435   -21  21 43.03  0
 4  2449978.390620    19 55 17.412   -21  22 41.46  1
 4  2449982.379497    19 54 59.969   -21  23 26.50  0 14.19
 4  2449988.362973    19 54 47.724   -21  22 50.04  0
 4  2449992.351996    19 54 42.882   -21  24  4.31  0
 4  2450234.711203    20 27 28.921   -19  44 42.46  1 13.78
 4  2450236.705619    20 27 18.319   -19  45 33.82  1
 4  2450242.688868    20 26 46.417   -19  46 10.62  0
 4  2450244.683294    20 26 36.530   -19  47  0.16  0 14.04
 4  2450248.672082    20 26 11.394   -19  49 41.69  0 13.90
 4  2450254.655174    20 25 25.936   -19  51 21.72  0 13.96
 4  2450256.649555    20 25 12.243   -19  51 56.50  0
 4  2450258.643933    20 24 58.228   -19  53  6.85  0 14.03
 4  2450262.632626    20 24 24.870   -19  56 11.23  0 13.65
 4  2450264.626948    20 24  6.046   -19  57 10.12  0 13.53
 4  2450268.615612    20 23 30.173   -19  58  6.70  1
 4  2450270.609962    20 23 13.772   -19  58 57.56  0
 4  2450272.604306    20 22 56.889   -20   0 24.13  0 14.12
 4  2450276.592934    20 22 17.860   -20   3 36.59  0 13.85
 4  2450282.575861    20 21 18.061   -20   5 37.36  0 13.72
 4  2450284.570195    20 21  0.263   -20   6 40.54  0 13.73
 4  2450286.564521    20 20 41.798   -20   8 15.93  0
 4  2450288.558828    20 20 21.650   -20   9 59.69  0 13.42
 4  2450290.553118    20 20  0.057   -20  11 22.21  0
 4  2450298.530377    20 18 42.301   -20  14 25.98  1
 4  2450304.513305    20 17 42.605   -20  18 51.38  0 13.62
 4  2450306.507609    20 17 22.228   -20  19 26.72  0 13.97
 4  2450308.501934    20 17  3.714   -20  19 48.46  0 13.68
 4  2450310.496281    20 16 46.988   -20  20 26.87  0 13.88
 4  2450312.490632    20 16 30.741   -20  21 38.59  0 13.85
 4  2450316.479300    20 15 55.102   -20  24 36.22  0
 4  2450318.473622    20 15 36.308   -20  25 27.96  0
 4  2450326.451087    20 14 36.383   -20  27 44.57  0
 4  2450330.439823    20 14  6.680   -20  30 12.24  0
 4  2450332.434187    20 13 51.573   -20  30 42.73  0
 4  2450340.411846    20 13  8.385   -20  32 18.68  0
 4  2450346.395100    20 12 36.883   -20  34 13.16  0
 4  2450356.367473    20 12  8.857   -20  35 45.17  0 14.16
 4  2450358.361946    20 12  3.130   -20  36  1.72  0
 4  2450362.350950    20 11 56.679   -20  35 10.31  0
 4  2450606.704254    20 44  4.498   -18  45  8.60  0
 4  2450612.687524    20 43 34.389   -18  48 40.08  0
 4  2450614.681909    20 43 21.011   -18  49 27.89  0
 4  2450620.665089    20 42 43.107   -18  50 46.64  0
 4  2450628.642544    20 41 42.402   -18  55 58.59  0
 4  2450632.631248    20 41  9.929   -18  56 58.75  0
 4  2450634.625612    20 40 54.742   -18  58  1.39  0
 4  2450640.608611    20 40  1.228   -19   2 50.61  1
 4  2450642.602921    20 39 41.302   -19   3 42.06  0
 4  2450648.585918    20 38 47.577   -19   6 18.44  0 13.78
 4  2450652.574555    20 38  9.363   -19   9 53.03  0
 4  2450656.563149    20 37 27.364   -19  12  1.67  0
 4  2450658.557463    20 37  7.870   -19  12 36.38  0
 4  2450660.551792    20 36 49.679   -19  13 28.97  0 13.84
 4  2450668.529042    20 35 31.155   -19  19 36.08  0
 4  2450674.512013    20 34 35.097   -19  21 43.56  0
 4  2450686.477998    20 32 46.786   -19  28 10.71  0
 4  2450688.472366    20 32 31.968   -19  29  5.30  0
 4  2450692.461089    20 32  1.204   -19  32  1.87  0
 4  2450694.455435    20 31 44.387   -19  33 10.38  0
 4  2450696.449786    20 31 28.122   -19  33 42.80  0
 4  2450698.444159    20 31 13.707   -19  33 53.61  0
 4  2450736.338819    20 28 56.324   -19  41 51.82  0
