 24  2004 10 14.07295 22 19 50.19 -11 12 38.7  309   25.3  R     54697
 24  2004 10 14.14808 22 19 49.73 -11 12 39.3  309   25.2  R     54697
 22  2004 10 14.04863 22 21 39.83 -11 05 53.7  309   26.1  R     54697
 22  2004 10 14.12293 22 21 39.41 -11 05 55.7  309   25.7  R     54697
 18  2005 10 03.19368 22 36 42.40 -09 27 51.4  675   23.2  R     54965
 18  2005 10 04.16744 22 36 35.50 -09 28 30.0  675    *    *     54965
 19  2005 10 03.20190 22 39 59.03 -09 16 30.4  675   23.4  R     54965
 19  2005 10 04.17560 22 39 52.11 -09 17 10.9  675    *    *     54965
 20  2004 10 13.01270 22 22 00.33 -10 58 48.9  309   24.3  R     54698
 20  2004 10 13.17680 22 21 59.48 -10 58 54.0  309   24.7  R     54698
 20  2004 10 14.01048 22 21 55.46 -10 59 16.5  309   24.3  R     54698
 20  2004 10 14.09762 22 21 54.87 -10 59 21.3  309   24.4  R     54698
 20  2004 10 15.16985 22 21 49.39 -10 59 54.0  309   24.5  R     54698
 21  2004 10 14.01048 22 21 44.73 -11 01 37.0  309   25.0  R     54698
 21  2004 10 14.09762 22 21 44.29 -11 01 39.1  309   25.9  R     54698
 21  2004 10 15.16985 22 21 39.10 -11 02 07.0  309   25.6  R     54698
