303 2001 08 13.23319 21 41 15.72  -14  57  57.9  807
303 2001 08 13.29446 21 41 15.18  -14  58  00.9  807
303 2001 08 13.35711 21 41 14.59  -14  58  04.0  807
303 2001 08 25.31784 21 39 23.35  -15  07  40.0  568
303 2003 08 29.35074 22 11 35.48  -12  23  52.4  568
303 2003 08 29.36731 22 11 35.24  -12  23  52.7  568
303 2003 08 29.38389 22 11 35.08  -12  23  53.6  568
303 2003 08 30.41295 22 11 25.82  -12  24  43.6  568
303 2003 08 30.43419 22 11 25.64  -12  24  44.7  568
303 2003 09 20.37742 22 08 27.74  -12  40  19.0  568
303 2003 09 20.40564 22 08 27.51  -12  40  20.5  568
303 2003 09 28.25526 22 07 30.04  -12  45  11.0  568
303 2003 09 28.28154 22 07 29.86  -12  45  12.4  568
303 2003 09 29.23403 22 07 23.35  -12  45  44.1  568
303 2003 09 29.27642 22 07 23.05  -12  45  45.6  568
303 2003 09 30.16001 22 07 17.13  -12  46  14.3  304
303 2003 09 30.16378 22 07 17.10  -12  46  14.4  304
303 2003 09 30.16754 22 07 17.08  -12  46  14.5  304
303 2003 09 30.17134 22 07 17.05  -12  46  14.7  304
303 2003 09 30.17510 22 07 17.04  -12  46  14.9  304
303 2003 09 30.17886 22 07 17.00  -12  46  14.9  304
103 2001 08 13.23319 21 41 51.63  -14  39  12.5  807
103 2001 08 13.29446 21 41 51.05  -14  39  15.7  807
103 2001 08 13.35711 21 41 50.46  -14  39  18.7  807
103 2001 08 25.41067 21 39 59.66  -14  49  03.4  568
103 2001 09 21.17887 21 36 24.32  -15  06  48.1  675
103 2001 09 21.21562 21 36 24.07  -15  06  49.2  675
103 2002 09 03.22766 21 55 19.75  -13  28  05.1  309
103 2002 09 05.18925 21 55 02.60  -13  29  26.7  309
103 2002 09 05.28653 21 55 01.74  -13  29  31.1  309
102 2001 08 13.23319 21 40 52.96  -14  46  58.9  807
102 2001 08 13.29446 21 40 52.36  -14  47  01.8  807
102 2001 08 13.35711 21 40 51.75  -14  47  04.6  807
102 2001 09 21.17200 21 35 14.43  -15  14  26.4  675
102 2001 09 21.22091 21 35 14.10  -15  14  28.0  675
102 2001 09 21.24238 21 35 13.94  -15  14  29.0  675
102 2003 08 29.38944 22 09 32.88  -12  13  38.8  568
102 2003 08 29.41209 22 09 32.66  -12  13  40.2  568
102 2003 08 29.43328 22 09 32.42  -12  13  41.2  568
102 2003 08 30.41824 22 09 23.49  -12  14  30.0  568
102 2003 08 30.43948 22 09 23.30  -12  14  31.1  568
102 2003 09 20.38884 22 06 23.61  -12  30  32.9  568
102 2003 09 20.41457 22 06 23.45  -12  30  34.0  568
102 2003 09 30.14790 22 05 12.87  -12  36  40.6  304
102 2003 09 30.15166 22 05 12.85  -12  36  40.7  304
102 2003 09 30.15542 22 05 12.82  -12  36  40.7  304
