717 232675078085648901 1817.624609581720   11.49777363182394   4.22071832608828  -0.023633272823672172  0.911497746986113855  0.393665381975801643
717 232675078085648905 1817.624834539834   11.49775903591735   4.22068196134587  -0.023637228404068313  0.911497641043805151  0.393665336561237866
717 232675078085648906 1817.624890791217   11.49775443150705   4.22066917295146  -0.023638217507544277  0.911497614550411339  0.393665325204246630
717 232675078085648907 1817.624947037394   11.49775539858854   4.22066077613857  -0.023639206519460002  0.911497588058575503  0.393665313847923470
717 232675078085648908 1817.625003289071   11.49775093890974   4.22065177477161  -0.023640195628039908  0.911497561563256453  0.393665302490107116
717 232675078085648909 1817.625059505810   11.49776519237254   4.22068556253057  -0.023641184122269829  0.911497535083500066  0.393665291138962425
717 250179958914676272 1849.281351776376   11.95716269128406   4.46189382879176  -0.548031088453588611  0.759339243220076843  0.328413832276062578
717 250179958914676273 1849.281408031701   11.95711773719507   4.46191012610106  -0.548031915136741432  0.759338742878509221  0.328413617546370218
717 250179958914676276 1849.281576779307   11.95712424210585   4.46191606755245  -0.548034394913028522  0.759337242012723568  0.328412973425488475
717 250179958914676277 1849.281633028118   11.95711475719845   4.46191682413029  -0.548035221498326730  0.759336741726103659  0.328412758719373366
717 250179958914676278 1849.281689272035   11.95711775303294   4.46191751042843  -0.548036048011147803  0.759336241482280849  0.328412544031624287
717 250179958914676279 1849.281745489243   11.95700169450165   4.46196272497659  -0.548036874130956697  0.759335741475258508  0.328412329445500806
717 259761163682954522 1866.608472923373   12.52377120839354   4.72125613887878  -0.773600418058897787  0.572510726793039715  0.248154513043219588
717 259761163682954523 1866.608529175729   12.52377285874756   4.72125894327412  -0.773601044889510425  0.572510023477325269  0.248154210601848446
717 259761163682954524 1866.608585427145   12.52377788633255   4.72126150190536  -0.773601671708889715  0.572509320172809533  0.248153908165290593
717 259761163682954525 1866.608641680878   12.52377953090107   4.72126437650001  -0.773602298553350387  0.572508616838746431  0.248153605716024295
717 259761163682954527 1866.608754186559   12.52375679270084   4.72123298636564  -0.773603552220100688  0.572507210191278926  0.248153000826368403
717 259761163682954528 1866.608810441274   12.52375561977560   4.72123684424488  -0.773604179073253184  0.572506506843245999  0.248152698371087638
717 337155653073768211 2006.572411381745   18.88552716870341   7.38398781345166   0.150675686170098660 -0.932251722999442589 -0.405654876243512541
717 337155653073768212 2006.572467576718   18.88550857943564   7.38400460702972   0.150676633148996125 -0.932251598160985351 -0.405654821546914679
717 337155653073768213 2006.572523824602   18.88548757710707   7.38401618044397   0.150677581019416390 -0.932251473204158354 -0.405654766798453970
717 337155653073768214 2006.572580074621   18.88551177288102   7.38400383835750   0.150678528925683508 -0.932251348241762923 -0.405654712047553379
717 337155653073768215 2006.572636325380   18.88548970878015   7.38401078886667   0.150679476844280402 -0.932251223276899577 -0.405654657295571097
717 337155653073768216 2006.572692567634   18.88551701105158   7.38400419989670   0.150680424619439951 -0.932251098330103334 -0.405654602551504373
717 337155653073768217 2006.572748815972   18.88554007540641   7.38399791370960   0.150681372496982519 -0.932250973368967450 -0.405654547801154508
717 337155653073768218 2006.572805072964   18.88551653675427   7.38400062182937   0.150682320520239416 -0.932250848387778497 -0.405654493042018449
717 337155653073768219 2006.572861281908   18.88554370998894   7.38399692669884   0.150683267733679710 -0.932250723512509150 -0.405654438329289546
717 337196575507709631 2006.646417517724   18.88702690488769   7.38457808622564   0.151922700174897424 -0.932086602812382092 -0.405582530368081007
717 337196575507709632 2006.646473719073   18.88700216378837   7.38458944226856   0.151923647089764552 -0.932086476874810943 -0.405582475189492420
717 337196575507709633 2006.646529967451   18.88702621562776   7.38458632984643   0.151924594796850471 -0.932086350831033528 -0.405582419964370389
717 337196575507709634 2006.646586220118   18.88700041818648   7.38459486741657   0.151925542576084371 -0.932086224776818684 -0.405582364734674461
717 337196575507709635 2006.646642473219   18.88702096349013   7.38458404868860   0.151926490362500249 -0.932086098720805167 -0.405582309504190552
717 337196575507709636 2006.646698723227   18.88704591674493   7.38457431130263   0.151927438096675305 -0.932085972670897323 -0.405582254276381282
717 337196575507709637 2006.646754971262   18.88702081628976   7.38458852176060   0.151928385797465176 -0.932085846624586933 -0.405582199050147918
717 337196575507709638 2006.646811220986   18.88704349756149   7.38458118593169   0.151929333526594101 -0.932085720573664900 -0.405582143821893615
717 337196575507709639 2006.646867435654   18.88702222037407   7.38459002302287   0.151930280664945766 -0.932085594600475797 -0.405582088627697290
717 355434915215898821 2039.629526530060   19.15639492212477   7.47351805871438   0.658077385454561847 -0.723261587809954642 -0.314114461558253899
717 355434915215898823 2039.629638989054   19.15640789056145   7.47353764281267   0.658078853963533827 -0.723260450222532714 -0.314113963713277933
717 355434915215898824 2039.629695238123   19.15641103923225   7.47355022102298   0.658079588472718635 -0.723259881229869284 -0.314113714703723956
717 355434915215898825 2039.629751491252   19.15641740362461   7.47356004778255   0.658080323034335279 -0.723259312195489446 -0.314113465675914971
717 355434915215898826 2039.629807740607   19.15640165787291   7.47352736303617   0.658081057546096027 -0.723258743198631482 -0.314113216664528017
717 355434915215898828 2039.629920252702   19.15641467419383   7.47354166810965   0.658082526742653995 -0.723257605067571641 -0.314112718581652128
717 355434915215898829 2039.629976466874   19.15641612740957   7.47355255527747   0.658083260793260516 -0.723257036424654887 -0.314112469725165377
717 459953970210872251 2228.646917464290   16.25681479590736   6.29141319146515  -0.735613826584337382  0.613773132213343842  0.265830249936235719
717 459953970210872252 2228.646973670552   16.25686329161421   6.29140478116546  -0.735614495971571469  0.613772461952350024  0.265829961912589841
717 459953970210872253 2228.647029924334   16.25686355837445   6.29140620037116  -0.735615165924024761  0.613771791124079091  0.265829673645172349
717 459953970210872254 2228.647086173618   16.25681297505637   6.29141288611588  -0.735615835822184594  0.613771120348852284  0.265829385400547014
717 459953970210872255 2228.647142431674   16.25681360586130   6.29141911140569  -0.735616505824102207  0.613770449468411194  0.265829097110707069
717 459953970210872256 2228.647198677298   16.25681012153353   6.29141554720657  -0.735617175677247048  0.613769778735617555  0.265828808884311873
717 459953970210872257 2228.647254935220   16.25681322059637   6.29142109130833  -0.735617845676131088  0.613769107855572926  0.265828520594638240
717 459953970210872258 2228.647311190757   16.25681161476832   6.29141933459349  -0.735618515645900639  0.613768437003360035  0.265828232316922375
717 459953970210872259 2228.647367412201   16.25681193851875   6.29142554597143  -0.735619185208922444  0.613767766557111294  0.265827944213654910
717 466827965514508331 2241.078188082977   16.71158387223354   6.47894689707863  -0.865055705753309034  0.452076324798780349  0.196283667028203906
717 466827965514508332 2241.078244286901   16.71159508751025   6.47895907533883  -0.865056202274266828  0.452075538806813226  0.196283328647458760
717 466827965514508333 2241.078300539169   16.71160816427629   6.47896997863543  -0.865056699221464109  0.452074752138335811  0.196282989975462896
717 466827965514508334 2241.078356785713   16.71158264239349   6.47894819977718  -0.865057196117257510  0.452073965549456502  0.196282651337731873
717 466827965514508335 2241.078413034963   16.71159539013768   6.47895841861628  -0.865057693036106579  0.452073178922305308  0.196282312683520976
717 466827965514508336 2241.078469282208   16.71160610519514   6.47896907047546  -0.865058189936405819  0.452072392322744709  0.196281974041184859
717 466827965514508337 2241.078525527836   16.71158625726673   6.47894499114466  -0.865058686821576717  0.452071605745357985  0.196281635408391608
717 466827965514508338 2241.078581783388   16.71159538564923   6.47895943625707  -0.865059183793581599  0.452070819028737136  0.196281296715652809
717 466827965514508339 2241.078637995709   16.71161002540341   6.47896652669227  -0.865059680382837537  0.452070032916242592  0.196280958282995632
717 466868888213059781 2241.152194699266   16.71458765262674   6.48019727553120  -0.865708772509432123  0.451040986435490010  0.195837936234455501
717 466868888213059782 2241.152250905462   16.71455837623228   6.48017777153908  -0.865709267943541083  0.451040199831226840  0.195837597585741735
717 466868888213059783 2241.152307154887   16.71457441171447   6.48018123844839  -0.865709763757869677  0.451039412621508429  0.195837258676364173
717 466868888213059784 2241.152363408419   16.71458357711073   6.48019170070158  -0.865710259607549548  0.451038625353884060  0.195836919742053583
717 466868888213059785 2241.152419659836   16.71455733320080   6.48016899202892  -0.865710755437740898  0.451037838115423528  0.195836580820295314
717 466868888213059786 2241.152475909427   16.71456756571638   6.48017728248838  -0.865711251251005787  0.451037050902058922  0.195836241909337988
717 466868888213059787 2241.152532162006   16.71458344589932   6.48018614930579  -0.865711747089753958  0.451036263646455327  0.195835902980192655
717 466868888213059788 2241.152588418239   16.71455572825336   6.48016644895685  -0.865712242959872369  0.451035476339265717  0.195835564028835118
717 466868888213059789 2241.152644635045   16.71456845354766   6.48017532888709  -0.865712738481624222  0.451034689583410420  0.195835225314834716
717 545509487946113151 2383.369716466897   22.85190061824625   8.88653162686574   0.340838827266637445 -0.887217069829997040 -0.385961643140202482
717 545509487946113152 2383.369772663103   22.85188675897390   8.88654454297861   0.340839730912299022 -0.887216778953641816 -0.385961515759899010
717 545509487946113153 2383.369828912806   22.85186963688438   8.88655102234957   0.340840635417921423 -0.887216487799587838 -0.385961388257985705
717 545509487946113154 2383.369885163268   22.85189861068933   8.88653613301370   0.340841539935432647 -0.887216196640821630 -0.385961260754008662
717 545509487946113156 2383.369997658094   22.85186735390575   8.88654917938879   0.340843348871541552 -0.887215614352474646 -0.385961005758834741
717 545509487946113157 2383.370053903517   22.85189668433894   8.88654289864762   0.340844253307147849 -0.887215323217418805 -0.385960878265240226
717 545509487946113158 2383.370110153812   22.85188258670845   8.88655351375485   0.340845157820801381 -0.887215032056354880 -0.385960750760256155
717 545509487946113159 2383.370166368455   22.85191172881630   8.88653870381670   0.340846061760870289 -0.887214741079042524 -0.385960623335740050
717 565859487440332041 2420.171654707005   22.85448552257832   8.85442673059631   0.834166632601663460 -0.543814881397845284 -0.235708286216321006
717 565859487440332042 2420.171710913017   22.85449362430230   8.85444107162878   0.834167186054754595 -0.543814155154131007 -0.235707968938105500
717 565859487440332043 2420.171767161237   22.85450449514548   8.85445794657932   0.834167739922717866 -0.543813428364539164 -0.235707651421411785
717 565859487440332044 2420.171823413558   22.85451570349490   8.85447047892834   0.834168293830325092 -0.543812701521444564 -0.235707333881346626
717 565859487440332045 2420.171879664910   22.85449913023937   8.85444840444997   0.834168847727634999 -0.543811974690381117 -0.235707016346539983
717 565859487440332046 2420.171935914946   22.85450746358793   8.85446120398451   0.834169401611234429 -0.543811247875827575 -0.235706698818948845
717 565859487440332047 2420.171992169049   22.85451993906998   8.85447554580648   0.834169955534136753 -0.543810521008218917 -0.235706381268181608
717 565859487440332048 2420.172048415680   22.85449844863962   8.85445209244116   0.834170509382718084 -0.543809794236654098 -0.235706063759376194
717 565859487440332049 2420.172104634475   22.85450857396466   8.85446505102409   0.834171062956454490 -0.543809067824266745 -0.235705746407489203
717 623086756293763621 2523.664257543236   19.56896696716418   7.53040593286354   0.398034859016749565  0.843751142817120270  0.364721132928653324
717 623086756293763622 2523.664313743754   19.56896280185857   7.53040561566848   0.398033949606974635  0.843751494504192734  0.364721283611016966
717 623086756293763623 2523.664369996287   19.56892398896025   7.53037628308754   0.398033039355123408  0.843751846515948922  0.364721434432491998
717 623086756293763624 2523.664426242034   19.56896349283117   7.53040305172337   0.398032129212712860  0.843752198484418070  0.364721585235419365
717 623086756293763625 2523.664482502298   19.56896162207359   7.53040577941076   0.398031218835006750  0.843752550542915425  0.364721736076918657
717 623086756293763626 2523.664538747988   19.56892396585244   7.53038238212597   0.398030308692747803  0.843752902509397162  0.364721886878992152
717 623086756293763627 2523.664594997991   19.56895634637051   7.53040596001576   0.398029398480326813  0.843753254502047079  0.364722037692276513
717 623086756293763628 2523.664651240725   19.56891920339362   7.53037657020600   0.398028488385147539  0.843753606448393811  0.364722188485720689
717 623086756293763629 2523.664707457368   19.56885216570943   7.53034027128554   0.398027578711775742  0.843753958230658352  0.364722339208861823
717 623127679740731921 2523.738265509001   19.56719896482550   7.52972753009992   0.396836968775136745  0.844213556988047897  0.364919255959723743
717 623127679740731922 2523.738321708483   19.56719408368094   7.52972214715635   0.396836058882479636  0.844213907594098645  0.364919406177399652
717 623127679740731923 2523.738377964195   19.56715151335442   7.52969232810568   0.396835148079046407  0.844214258550132102  0.364919556545024892
717 623127679740731924 2523.738434213860   19.56718633677922   7.52971897004079   0.396834237373160648  0.844214609467614285  0.364919706896131568
717 623127679740731925 2523.738490475088   19.56718285994256   7.52971783367887   0.396833326479670179  0.844214960456420860  0.364919857277796245
717 623127679740731926 2523.738546723263   19.56714183339925   7.52969312134015   0.396832415797130689  0.844215311362979115  0.364920007624220277
717 623127679740731927 2523.738602974513   19.56717255854225   7.52971364175454   0.396831505064434542  0.844215662287899904  0.364920157978510629
717 623127679740731928 2523.738659222131   19.56713061433639   7.52968600636054   0.396830594390165714  0.844216013189343584  0.364920308322741027
717 623127679740731929 2523.738715433670   19.56706634406216   7.52964018219261   0.396829684299636387  0.844216363864897290  0.364920458570187456
717 623266010780564031 2523.988430150044   19.56118475088523   7.52738704951504   0.392782960878430509  0.845766144082901739  0.365584452804928572
717 623266010780564032 2523.988486358624   19.56121796464681   7.52741101679139   0.392782049160387559  0.845766491108362772  0.365584601483398219
717 623266010780564033 2523.988542606954   19.56120787520338   7.52740418253977   0.392781136797217378  0.845766838378415486  0.365584750266658876
717 623266010780564034 2523.988598857743   19.56120018096867   7.52740008819033   0.392780224393789457  0.845767185662829046  0.365584899056071000
717 623266010780564035 2523.988655109121   19.56123094545790   7.52741766676508   0.392779311980417267  0.845767532950065348  0.365585047846691436
717 623266010780564036 2523.988711359754   19.56118193217053   7.52738864786244   0.392778399578775139  0.845767880231874658  0.365585196634985565
717 623266010780564037 2523.988767611287   19.56121463117278   7.52740802185698   0.392777487162148942  0.845768227518424953  0.365585345425309793
717 623266010780564038 2523.988823861406   19.56120488147286   7.52740376219079   0.392776574768086972  0.845768574795424666  0.365585494211540907
717 623266010780564039 2523.988880079521   19.56119627895605   7.52739968786905   0.392775662892755895  0.845768921874022639  0.365585642912768349
717 628798300437105181 2533.993294398349   19.35842017727992   7.44998850551095   0.225388321566800359  0.894279074439344401  0.386354292537409438
717 628798300437105182 2533.993350600397   19.35839776535693   7.44999002444424   0.225387357248936909  0.894279271015292365  0.386354376607464356
717 628798300437105183 2533.993406856403   19.35837543391616   7.44999467591711   0.225386392005043679  0.894279467779098725  0.386354460757859675
717 628798300437105184 2533.993463104657   19.35840096776271   7.44998847393722   0.225385426893943419  0.894279664514922024  0.386354544896286345
717 628798300437105185 2533.993519353364   19.35837852993481   7.44999233894343   0.225384461774859296  0.894279861251459751  0.386354629035017216
717 628798300437105186 2533.993575603989   19.35835249220548   7.44999395693913   0.225383496622630658  0.894280057993840916  0.386354713176245868
717 628798300437105187 2533.993631859594   19.35837932130283   7.44999378457739   0.225382531384761858  0.894280254752766068  0.386354797324548804
717 628798300437105188 2533.993688110425   19.35835717975694   7.44999918567713   0.225381566228588709  0.894280451494124717  0.386354881465337752
717 628798300437105189 2533.993744318139   19.35838151984692   7.44998757695320   0.225380601811994291  0.894280648083812579  0.386354965541260087
