16 2002 10  3.91481  21 51  1.6700  -13  55  54.000  493
16 2002 10  3.96587  21 51  1.3700  -13  55  55.500  493
16 2010  9  8.42015  23 57 14.0300   -1  15  14.800  568
16 2010  9  8.42015  23 57 14.0200   -1  15  15.100  568
16 2010  9  8.42232  23 57 14.0000   -1  15  15.200  568
16 2010  9  8.42450  23 57 13.9900   -1  15  15.300  568
16 2010  9  8.42669  23 57 13.9700   -1  15  15.400  568
16 2010  9  8.42887  23 57 13.9500   -1  15  15.500  568
16 2010  9  8.43105  23 57 13.9300   -1  15  15.700  568
16 2010  9  8.43323  23 57 13.9100   -1  15  15.800  568
16 2010  9  8.43541  23 57 13.8900   -1  15  15.900  568
16 2010  9  8.43759  23 57 13.8700   -1  15  16.000  568
16 2010  9  8.43977  23 57 13.8500   -1  15  16.200  568
16 2010  9  8.44196  23 57 13.8300   -1  15  16.200  568
16 2010  9  8.44414  23 57 13.8100   -1  15  16.400  568
16 2010  9  8.44632  23 57 13.7900   -1  15  16.500  568
16 2010  9  8.44851  23 57 13.7800   -1  15  16.600  568
16 2010  9  8.45069  23 57 13.7600   -1  15  16.800  568
16 2010  9  8.45287  23 57 13.7400   -1  15  16.900  568
16 2010  9  8.45505  23 57 13.7200   -1  15  17.000  568
16 2010  9  8.45724  23 57 13.7000   -1  15  17.200  568
16 2010  9  8.45942  23 57 13.6800   -1  15  17.300  568
16 2010  9  8.46159  23 57 13.6600   -1  15  17.400  568
16 2010  9  8.46377  23 57 13.6400   -1  15  17.500  568
16 2010  9  8.46596  23 57 13.6300   -1  15  17.600  568
16 2010  9  8.46814  23 57 13.6100   -1  15  17.800  568
16 2010  9  8.47033  23 57 13.5900   -1  15  17.900  568
16 2010  9  8.47252  23 57 13.5700   -1  15  18.000  568
16 2010  9  8.47469  23 57 13.5500   -1  15  18.100  568
16 2010  9  8.47687  23 57 13.5300   -1  15  18.300  568
16 2010  9  8.47907  23 57 13.5100   -1  15  18.400  568
16 2010  9  8.48125  23 57 13.5000   -1  15  18.300  568
16 2010  9  8.48125  23 57 13.4900   -1  15  18.500  568
16 2010  9  8.48343  23 57 13.4700   -1  15  18.600  568
16 2010  9  8.48562  23 57 13.4500   -1  15  18.800  568
16 2010  9  8.48781  23 57 13.4300   -1  15  18.800  568
16 2010  9  8.48999  23 57 13.4100   -1  15  19.000  568
16 2010  9  8.49217  23 57 13.4000   -1  15  19.100  568
16 2010  9  8.49436  23 57 13.3800   -1  15  19.200  568
16 2010  9  8.49654  23 57 13.3600   -1  15  19.400  568
16 2010  9  8.49875  23 57 13.3400   -1  15  19.500  568
16 2010  9  8.50100  23 57 13.3200   -1  15  19.600  568
16 2010  9  8.50317  23 57 13.3000   -1  15  19.700  568
16 2010  9  8.50535  23 57 13.2800   -1  15  19.900  568
16 2010  9  8.50754  23 57 13.2600   -1  15  20.000  568
16 2010  9  8.50972  23 57 13.2400   -1  15  20.100  568
16 2010  9  8.51190  23 57 13.2200   -1  15  20.200  568
16 2010  9  8.51408  23 57 13.2000   -1  15  20.300  568
16 2010  9  8.51627  23 57 13.1800   -1  15  20.400  568
16 2010  9  8.51845  23 57 13.1700   -1  15  20.600  568
16 2010  9  8.52062  23 57 13.1400   -1  15  20.700  568
16 2010  9  8.52283  23 57 13.1200   -1  15  20.800  568
16 2010  9  8.52500  23 57 13.1100   -1  15  21.000  568
16 2010  9  8.52718  23 57 13.0900   -1  15  21.100  568
16 2010  9  8.52936  23 57 13.0800   -1  15  21.200  568
16 2010  9  8.53155  23 57 13.0700   -1  15  21.400  568
16 2010  9  8.53373  23 57 13.0400   -1  15  21.400  568
16 2010  9  8.53591  23 57 13.0200   -1  15  21.600  568
16 2010  9  8.53811  23 57 13.0000   -1  15  21.700  568
16 2010  9  8.54029  23 57 12.9800   -1  15  21.800  568
16 2010  9  8.54247  23 57 12.9600   -1  15  21.900  568
16 2010  9  8.54472  23 57 12.9300   -1  15  22.000  568
16 2010  9  8.54472  23 57 12.9400   -1  15  21.900  568
16 2010  9  8.54691  23 57 12.9200   -1  15  22.200  568
16 2010  9  8.54909  23 57 12.9000   -1  15  22.300  568
16 2010  9  8.54909  23 57 12.9100   -1  15  22.100  568
17 2012  7 19.69826   0 32 53.0600    2  47  30.500  E07
17 2012  7 19.71130   0 32 53.0500    2  47  30.300  E07
17 2012  9 10.63189   0 28 26.5700    2  16  39.500  E07
17 2012  9 10.64058   0 28 26.5100    2  16  39.100  E07
17 2012  9 15.66364   0 27 44.7400    2  12   1.800  E07
17 2012  9 15.67524   0 27 44.6300    2  12   1.100  E07
17 2012 10  2.48468   0 25 17.8900    1  55  53.600  E07
17 2012 10  2.49773   0 25 17.7700    1  55  52.300  E07
17 2012 10  4.58562   0 24 59.3600    1  53  53.100  E07
17 2012 10  4.60012   0 24 59.1900    1  53  51.800  E07
18 2009  8 18.38311  23 44 36.1600   -2  34  49.000  675
18 2009  8 18.43561  23 44 35.7500   -2  34  51.300  675
18 2009  8 19.44091  23 44 28.2500   -2  35  40.400  675
18 2009  8 19.46996  23 44 28.0300   -2  35  42.100  675
18 2009  8 19.48336  23 44 27.9500   -2  35  42.700  675
18 2010  9  8.42015  23 56  2.3800   -1  10  16.200  568
18 2010  9  8.42015  23 56  2.4100   -1  10  15.600  568
18 2010  9  8.42232  23 56  2.3700   -1  10  16.200  568
18 2010  9  8.42450  23 56  2.3600   -1  10  16.500  568
18 2010  9  8.42669  23 56  2.3300   -1  10  16.600  568
18 2010  9  8.42887  23 56  2.3100   -1  10  16.700  568
18 2010  9  8.43105  23 56  2.3000   -1  10  16.700  568
18 2010  9  8.43323  23 56  2.2700   -1  10  16.900  568
18 2010  9  8.43541  23 56  2.2600   -1  10  17.100  568
18 2010  9  8.43759  23 56  2.2400   -1  10  17.100  568
18 2010  9  8.43977  23 56  2.2300   -1  10  17.300  568
18 2010  9  8.44196  23 56  2.2000   -1  10  17.300  568
18 2010  9  8.44414  23 56  2.1800   -1  10  17.600  568
18 2010  9  8.44632  23 56  2.1600   -1  10  17.500  568
18 2010  9  8.44851  23 56  2.1400   -1  10  17.800  568
18 2010  9  8.45069  23 56  2.1300   -1  10  17.900  568
18 2010  9  8.45287  23 56  2.1000   -1  10  18.100  568
18 2010  9  8.45505  23 56  2.0800   -1  10  18.100  568
18 2010  9  8.45724  23 56  2.0700   -1  10  18.200  568
18 2010  9  8.45942  23 56  2.0500   -1  10  18.300  568
18 2010  9  8.46159  23 56  2.0300   -1  10  18.500  568
18 2010  9  8.46377  23 56  2.0100   -1  10  18.600  568
18 2010  9  8.46596  23 56  1.9900   -1  10  18.900  568
18 2010  9  8.46814  23 56  1.9700   -1  10  18.800  568
18 2010  9  8.47033  23 56  1.9500   -1  10  18.900  568
18 2010  9  8.47252  23 56  1.9300   -1  10  19.100  568
18 2010  9  8.47469  23 56  1.9200   -1  10  19.300  568
18 2010  9  8.47687  23 56  1.9000   -1  10  19.400  568
18 2010  9  8.47907  23 56  1.8800   -1  10  19.400  568
18 2010  9  8.48125  23 56  1.8600   -1  10  19.600  568
18 2010  9  8.48125  23 56  1.8800   -1  10  19.100  568
18 2010  9  8.48343  23 56  1.8400   -1  10  19.700  568
18 2010  9  8.48562  23 56  1.8300   -1  10  19.700  568
18 2010  9  8.48781  23 56  1.8000   -1  10  19.900  568
18 2010  9  8.48999  23 56  1.7900   -1  10  20.000  568
18 2010  9  8.49217  23 56  1.7700   -1  10  20.200  568
18 2010  9  8.49436  23 56  1.7400   -1  10  20.300  568
18 2010  9  8.49654  23 56  1.7200   -1  10  20.400  568
18 2010  9  8.49875  23 56  1.7000   -1  10  20.500  568
18 2010  9  8.50100  23 56  1.6900   -1  10  20.600  568
18 2010  9  8.50317  23 56  1.6700   -1  10  20.800  568
18 2010  9  8.50535  23 56  1.6500   -1  10  20.900  568
18 2010  9  8.50754  23 56  1.6300   -1  10  20.900  568
18 2010  9  8.50972  23 56  1.6100   -1  10  21.200  568
18 2010  9  8.51190  23 56  1.5900   -1  10  21.200  568
18 2010  9  8.51408  23 56  1.5800   -1  10  21.300  568
18 2010  9  8.51627  23 56  1.5600   -1  10  21.500  568
18 2010  9  8.51845  23 56  1.5400   -1  10  21.600  568
18 2010  9  8.52062  23 56  1.5300   -1  10  21.800  568
18 2010  9  8.52283  23 56  1.4800   -1  10  21.600  568
18 2010  9  8.52500  23 56  1.4800   -1  10  22.100  568
18 2010  9  8.52718  23 56  1.4500   -1  10  22.200  568
18 2010  9  8.52936  23 56  1.4400   -1  10  22.200  568
18 2010  9  8.53155  23 56  1.4300   -1  10  22.300  568
18 2010  9  8.53373  23 56  1.4100   -1  10  22.400  568
18 2010  9  8.53591  23 56  1.3800   -1  10  22.600  568
18 2010  9  8.53811  23 56  1.3700   -1  10  22.500  568
18 2010  9  8.54029  23 56  1.3500   -1  10  22.800  568
18 2010  9  8.54247  23 56  1.3400   -1  10  22.900  568
18 2010  9  8.54472  23 56  1.3100   -1  10  23.000  568
18 2010  9  8.54472  23 56  1.3200   -1  10  22.600  568
18 2010  9  8.54691  23 56  1.3000   -1  10  23.100  568
18 2010  9  8.54909  23 56  1.2800   -1  10  23.200  568
19 2009  8 18.37597  23 45 15.2200   -2  18  51.900  675
19 2009  8 18.46219  23 45 14.6100   -2  18  55.600  675
19 2009  8 19.46563  23 45  7.5600   -2  19  41.100  675
19 2009  8 19.47908  23 45  7.4700   -2  19  41.800  675
19 2009  8 19.49186  23 45  7.3700   -2  19  42.200  675
19 2009  8 19.49659  23 45  7.3400   -2  19  42.600  675
19 2009  8 19.50087  23 45  7.3000   -2  19  42.600  675
21 2001  8 25.51790  21 39 38.7100  -14  50  23.500  568
21 2010  9  8.42015  23 57 38.4100   -1   5  10.700  568
21 2010  9  8.46377  23 57 38.0400   -1   5  13.100  568
21 2010  9  8.50754  23 57 37.6700   -1   5  15.400  568
23 2010  9  8.33349  23 56 49.2800   -1  31  19.700  675
23 2010  9  8.38458  23 56 48.8300   -1  31  22.700  675
23 2010  9  8.42015  23 56 48.5500   -1  31  24.700  568
23 2010  9  8.46377  23 56 48.1700   -1  31  27.200  568
23 2010  9  8.50754  23 56 47.7800   -1  31  29.800  568
24 2010  9  7.26671  23 55 44.8000   -1  22  11.500  675
24 2010  9  7.37603  23 55 43.8700   -1  22  17.700  675
24 2010  9  8.42015  23 55 34.9700   -1  23  15.400  568
24 2010  9  8.42669  23 55 34.9100   -1  23  15.700  568
24 2010  9  8.43323  23 55 34.8500   -1  23  16.100  568
