717  232675078085648901 1817.6246095830741  11.49777947549039  4.22073244508143 -0.023633837645802735  0.911497457035562730  0.393665362897719973 292.90981974249951
717  232675078085648905 1817.6248345404199  11.49776103726106  4.22068647561919 -0.023637793212692344  0.911497351093621289  0.393665317483320398 292.91001366480702
717  232675078085648906 1817.6248907916358  11.49775689467525  4.22067489095715 -0.023638782313227399  0.911497324600307524  0.393665306126365078 292.91006225397570
717  232675078085648907 1817.6249470377707  11.49775594653692  4.22066186991217 -0.023639771324391830  0.911497298108493226  0.393665294770052909 292.91011098515742
717  232675078085648908 1817.6250032894959  11.49775051762929  4.22065065894908 -0.023640760433829209  0.911497271613152527  0.393665283412229006 292.91015929165980
717  232675078085648909 1817.6250595062397  11.49776465281970  4.22068425012362 -0.023641748928142241  0.911497245133395251  0.393665272061085592 292.91020890489904
717  250179958914676272 1849.2813517763741  11.95717494237737  4.46189002146674 -0.548031653541626529  0.759338954013658807  0.328413814369584833  17.95512313354235
717  250179958914676273 1849.2814080314859  11.95712613730263  4.46190719962803 -0.548032480221643747  0.759338453673991221  0.328413599640708320  17.95498186328835
717  250179958914676276 1849.2815767786997  11.95712094478855  4.46191649934043 -0.548034959992183879  0.759336952811690447  0.328412955521323213  17.95456923643323
717  250179958914676277 1849.2816330276630  11.95711782329372  4.46191563023912 -0.548035786579711082  0.759336452523723393  0.328412740814630344  17.95443165450158
717  250179958914676278 1849.2816892718340  11.95711582901346  4.46191821086160 -0.548036613096273939  0.759335952277637949  0.328412526125910542  17.95429422228123
717  250179958914676279 1849.2817454887286  11.95697499292790  4.46197116101695 -0.548037439211472299  0.759335452273408373  0.328412311540986102  17.95414610382456
717  259761163682954522 1866.6084729239667  12.52377694818717  4.72126255915079 -0.773600983611386406  0.572510438000235489  0.248154495293620603 311.20799199360113
717  259761163682954523 1866.6085291764164  12.52377814288156  4.72126489209312 -0.773601610443041987  0.572509734683354199  0.248154192851747196 311.20780390738037
717  259761163682954524 1866.6085854277767  12.52378149067886  4.72126550181916 -0.773602237261811099  0.572509031379526245  0.248153890415484746 311.20761602257920
717  259761163682954525 1866.6086416813553  12.52378283824039  4.72126800683784 -0.773602864104546040  0.572508328047402482  0.248153587967052031 311.20742797382798
717  259761163682954527 1866.6087541869529  12.52375686755929  4.72123308375282 -0.773604117770381294  0.572506921400968039  0.248152983077839590 311.20704954999275
717  259761163682954528 1866.6088104414655  12.52375628099922  4.72123754476870 -0.773604744621270490  0.572506218055477745  0.248152680623651783 311.20686135025636
717  337155653073768211 2006.5724113815374  18.88552105824299  7.38399017625039  0.150675117211918563 -0.932252011936552605 -0.405654898324910640 201.50005438391605
717  337155653073768212 2006.5724675766189  18.88550302044155  7.38400680159379  0.150676064192658360 -0.932251887097853449 -0.405654843628208917 201.50000076282541
717  337155653073768213 2006.5725238245325  18.88548309040307  7.38401793417465  0.150677012063571092 -0.932251762140962503 -0.405654788879722450 201.49994685296789
717  337155653073768214 2006.5725800745479  18.88550717014918  7.38400562820499  0.150677959969776315 -0.932251637178576620 -0.405654734128828021 201.49989859168866
717  337155653073768215 2006.5726363252256  18.88548566200593  7.38401237274251  0.150678907887009217 -0.932251512213894351 -0.405654679376927063 201.49984450184570
717  337155653073768216 2006.5726925673794  18.88551223070002  7.38400609083541  0.150679855660470180 -0.932251387267323262 -0.405654624632961147 201.49979666980943
717  337155653073768217 2006.5727488156110  18.88553837106241  7.38399855584379  0.150680803536230840 -0.932251262306423079 -0.405654569882716864 201.49974888170306
717  337155653073768218 2006.5728050724074  18.88551535100945  7.38400110068163  0.150681751556183630 -0.932251137325671109 -0.405654515123774206 201.49969490533439
717  337155653073768219 2006.5728612813934  18.88554284398755  7.38399728664939  0.150682698770328832 -0.932251012450310168 -0.405654460411007167 201.49964765576249
717  337196575507709631 2006.6464175188103  18.88701289002501  7.38458377479421  0.151922131238750369 -0.932086891748083235 -0.405582552451633216 201.42839637430603
717  337196575507709632 2006.6464737203326  18.88699078959747  7.38459345347377  0.151923078156526725 -0.932086765810126061 -0.405582497272877707 201.42833495198815
717  337196575507709633 2006.6465299691463  18.88701629520263  7.38458888501592  0.151924025870965984 -0.932086639765372316 -0.405582442047329739 201.42827957658753
717  337196575507709634 2006.6465862208699  18.88699378642317  7.38459756812327  0.151924973634307015 -0.932086513713271669 -0.405582386818562624 201.42821801727703
717  337196575507709635 2006.6466424739749  18.88701640145072  7.38458566972023  0.151925921420786203 -0.932086387657251270 -0.405582331588077605 201.42816220490337
717  337196575507709636 2006.6466987235838  18.88704032324305  7.38457664249321  0.151926869148234056 -0.932086261608239042 -0.405582276360662963 201.42810645677406
717  337196575507709637 2006.6467549715248  18.88701986978714  7.38458915459193  0.151927816847449076 -0.932086135562139484 -0.405582221134524024 201.42804486516036
717  337196575507709638 2006.6468112214036  18.88704479273888  7.38458076074019  0.151928764579186221 -0.932086009510871505 -0.405582165906120284 201.42798895892747
717  337196575507709639 2006.6468674359871  18.88702371506950  7.38458956882353  0.151929711716107224 -0.932085883537873916 -0.405582110712009947 201.42792699736077
717  355434915215898821 2039.6295265304796  19.15639251181600  7.47351378166529  0.658076816989169089 -0.723261877381138452 -0.314114484969966690 116.73057741032957
717  355434915215898823 2039.6296389896399  19.15640566072670  7.47353405781642  0.658078285500315219 -0.723260739792036533 -0.314113987124258198 116.73081838844358
717  355434915215898824 2039.6296952386888  19.15640871247077  7.47354591481182  0.658079020009244120 -0.723260170799573276 -0.314113738114793206 116.73093859610435
717  355434915215898825 2039.6297514917662  19.15641523687028  7.47355591242356  0.658079754570192632 -0.723259601765713245 -0.314113489087213038 116.73105930055064
717  355434915215898826 2039.6298077412866  19.15639921914565  7.47352197782453  0.658080489084114872 -0.723259032767182952 -0.314113240075095557 116.73117708516676
717  355434915215898828 2039.6299202532941  19.15641393583757  7.47353982936526  0.658081958279535084 -0.723257894637008625 -0.314112741992609912 116.73141873939171
717  355434915215898829 2039.6299764671626  19.15641550856685  7.47355141294697  0.658082692326170005 -0.723257325997170630 -0.314112493137472026 116.73153874443284
717  459953970210872251 2228.6469174646099  16.25681909745534  6.29141201663223 -0.735614391691095104  0.613772844733616596  0.265830229711590427  12.79591615399199
717  459953970210872252 2228.6469736710569  16.25686756520866  6.29140383151799 -0.735615061080529986  0.613772174470422094  0.265829941686998916  12.79572425876616
717  459953970210872253 2228.6470299248053  16.25686728150493  6.29140512384356 -0.735615731032580378  0.613771503642557614  0.265829653419756229  12.79552686539332
717  459953970210872254 2228.6470861741850  16.25681742467674  6.29141194015446 -0.735616400931887071  0.613770832866185723  0.265829365174638843  12.79532409760688
717  459953970210872255 2228.6471424320780  16.25681781064553  6.29141808953290 -0.735617070931871120  0.613770161987683416  0.265829076885632121  12.79512681392871
717  459953970210872256 2228.6471986776028  16.25681561611625  6.29141411529801 -0.735617740783829577  0.613769491256080935  0.265828788659748794  12.79492938604792
717  459953970210872257 2228.6472549353666  16.25681538744978  6.29142023289547 -0.735618410780838006  0.613768820377917024  0.265828500370883403  12.79473215323141
717  459953970210872258 2228.6473111911710  16.25681324055174  6.29141896047511 -0.735619080753786458  0.613768149522524120  0.265828212091801186  12.79453475404047
717  459953970210872259 2228.6473674125059  16.25681279075507  6.29142539228465 -0.735619750315513188  0.613767479077575007  0.265827923989092219  12.79433760335727
717  466827965514508331 2241.0781880831501  16.71158889986684  6.47895102850079 -0.865056271217318429  0.452076037615207371  0.196283646927575633 322.50348327821797
717  466827965514508332 2241.0782442870432  16.71159978565752  6.47896279030143 -0.865056767737999444  0.452075251623682228  0.196283308547020613 322.50328196561208
717  466827965514508333 2241.0783005392468  16.71161203319182  6.47897291648203 -0.865057264684632399  0.452074464956102096  0.196282969875411023 322.50308063878225
717  466827965514508334 2241.0783567859776  16.71158632196471  6.47895144445102 -0.865057761582073037  0.452073678364619258  0.196282631236559035 322.50287504858136
717  466827965514508335 2241.0784130350889  16.71159865026891  6.47896129166515 -0.865058258499706412  0.452072891739396687  0.196282292583178364 322.50267373890193
717  466827965514508336 2241.0784692820066  16.71161011531083  6.47897212367803 -0.865058755397114632  0.452072105144416314  0.196281953942814003 322.50247233198911
717  466827965514508338 2241.0785817828287  16.71159649848102  6.47896021198746 -0.865059749251132937  0.452070531855415125  0.196281276619437117 322.50206540861865
717  466827965514508339 2241.0786379951960  16.71161083025241  6.47896706409718 -0.865060245840791331  0.452069745742287643  0.196280938186507381 322.50186453699234
717  466868888213059781 2241.1521947000056  16.71459098506076  6.48020027827974 -0.865709337980762661  0.451040699245558507  0.195837916130982143 322.22953397903774
717  466868888213059782 2241.1522509057818  16.71456202010359  6.48018023222379 -0.865709833411183349  0.451039912647155150  0.195837577484791026 322.22931800178588
717  466868888213059783 2241.1523071555630  16.71457744686167  6.48018363427308 -0.865710329228644437  0.451039125432467602  0.195837238573274036 322.22910689129424
717  466868888213059784 2241.1523634089813  16.71458712572328  6.48019451584321 -0.865710825077325441  0.451038338166433128  0.195836899639647843 322.22889508860624
717  466868888213059785 2241.1524196604814  16.71456057975142  6.48017180682895 -0.865711320908253423  0.451037550926806696  0.195836560717387587 322.22867919963090
717  466868888213059786 2241.1524759099989  16.71457190720819  6.48018085371187 -0.865711816720863614  0.451036763714485367  0.195836221806879346 322.22846756827016
717  466868888213059787 2241.1525321621739  16.71458541778770  6.48018725710583 -0.865712312556059516  0.451035976464526089  0.195835882880163875 322.22825615950313
717  466868888213059788 2241.1525884186467  16.71455698525419  6.48016742431602 -0.865712808428292901  0.451035189153982163  0.195835543927362216 322.22803996436875
717  466868888213059789 2241.1526446353460  16.71456904815952  6.48017584084046 -0.865713303949102841  0.451034402399626944  0.195835205214007491 322.22782847088342
717  545509487946113151 2383.3697164668811  22.85189524456830  8.88653386418618  0.340838258503123936 -0.887217357853268274 -0.385961668143139092 203.21565003783306
717  545509487946113152 2383.3697726630498  22.85188205580597  8.88654671307672  0.340839162148192987 -0.887217066977104896 -0.385961540762922384 203.21562812243508
717  545509487946113153 2383.3698289128824  22.85186602587238  8.88655258018223  0.340840066655883289 -0.887216775822385895 -0.385961413260720809 203.21560573807216
717  545509487946113154 2383.3698851632921  22.85189503839712  8.88653761640745  0.340840971172569118 -0.887216484663886584 -0.385961285756863393 203.21559029468835
717  545509487946113156 2383.3699976579637  22.85186368100121  8.88655072255646  0.340842780106190069 -0.887215902376342291 -0.385961030762046686 203.21554550681540
717  545509487946113157 2383.3700539032347  22.85189613006534  8.88654318919637  0.340843684539351932 -0.887215611242074376 -0.385960903268800115 203.21553047489115
717  545509487946113158 2383.3701101533920  22.85188244671997  8.88655356142557  0.340844589050798175 -0.887215320081721881 -0.385960775764130348 203.21550824014844
717  545509487946113159 2383.3701663680431  22.85191190429029  8.88653866249287  0.340845492990994481 -0.887215029104369557 -0.385960648339599643 203.21549259321969
717  565859487440332041 2420.1716547075162  22.85448541826694  8.85442648171296  0.834166064730942791 -0.543815170142170956 -0.235708312466214542 123.90835233553052
717  565859487440332042 2420.1717109136566  22.85449509156986  8.85444267097838  0.834166618185310682 -0.543814443896784572 -0.235707995187270231 123.90853253577426
717  565859487440332043 2420.1717671616211  22.85450483646236  8.85445864752938  0.834167172050761518 -0.543813717110492423 -0.235707677672019861 123.90871294156774
717  565859487440332044 2420.1718234139239  22.85451705713299  8.85447283368085  0.834167725958180784 -0.543812990267648066 -0.235707360132065752 123.90889379254212
717  565859487440332045 2420.1718796649416  22.85449837841480  8.85444815816799  0.834168279852204764 -0.543812263440900057 -0.235707042599146210 123.90906996572701
717  565859487440332046 2420.1719359151557  22.85450866677383  8.85446321418284  0.834168833737565119 -0.543811536624038916 -0.235706725070548656 123.90925064878742
717  565859487440332047 2420.1719921694416  22.85452096998852  8.85447673847567  0.834169387662269668 -0.543810809754068258 -0.235706407518751326 123.90943170140562
717  565859487440332048 2420.1720484156808  22.85449890586356  8.85445377842672  0.834169941506991530 -0.543810082987571164 -0.235706090012161668 123.90960752772193
717  565859487440332049 2420.1721046345201  22.85451001487737  8.85446791674077  0.834170495081167807 -0.543809356574610048 -0.235705772660025764 123.90978839093980
717  623086756293763621 2523.6642575437231  19.56897780984750  7.53041374063765  0.398034294872855687  0.843750854627979496  0.364721108031466568 326.79743069144365
717  623086756293763622 2523.6643137440224  19.56897426367428  7.53041335415548  0.398033385466609602  0.843751206313689051  0.364721258713247898 326.79765595030665
717  623086756293763623 2523.6643699964097  19.56893232049478  7.53038182715680  0.398032475217122983  0.843751558324532525  0.364721409534333629 326.79787642860128
717  623086756293763624 2523.6644262423201  19.56897060019433  7.53040822265333  0.398031565072067051  0.843751910294026519  0.364721560337701700 326.79810750922707
717  623086756293763625 2523.6644825024364  19.56896643844048  7.53040929270407  0.398030654696756137  0.843752262351599502  0.364721711178806585 326.79833321657679
717  623086756293763626 2523.6645387476678  19.56892228580590  7.53038113728462  0.398029744561917420  0.843752614315213534  0.364721861979653061 326.79855376223497
717  623086756293763627 2523.6645949977269  19.56895986293793  7.53040838410112  0.398028834348584104  0.843752966308218277  0.364722012793091022 326.79878521984199
717  623086756293763628 2523.6646512408506  19.56891790107675  7.53037661551632  0.398027924247095322  0.843753318257006724  0.364722163587583137 326.79900636932007
717  623086756293763629 2523.6647074570310  19.56882931704658  7.53032565092827  0.398027014581208982  0.843753670036378356  0.364722314309486373 326.79922150097860
717  623127679740731921 2523.7382655099996  19.56720951653995  7.52973432963166  0.396836404624103800  0.844213268804068884  0.364919231066931860 327.08824426533027
717  623127679740731922 2523.7383217093075  19.56720503607608  7.52972916771082  0.396835494734272931  0.844213619409032501  0.364919381284143474 327.08846013825854
717  623127679740731923 2523.7383779650154  19.56715914925768  7.52969731422513  0.396834583930919527  0.844213970365037092  0.364919531651758000 327.08867072665208
717  623127679740731924 2523.7384342147207  19.56719338431480  7.52972357336113  0.396833673224363748  0.844214321282779179  0.364919682002977808 327.08889172721689
717  623127679740731925 2523.7384904757059  19.56718762519191  7.52972085286624  0.396832762334811406  0.844214672270070188  0.364919832383994669 327.08910744836936
717  623127679740731926 2523.7385467237882  19.56714003379047  7.52969189806855  0.396831851653780043  0.844215023176049129  0.364919982730172177 327.08931756535742
717  623127679740731927 2523.7386029749887  19.56717598151530  7.52971583834426  0.396830940921879594  0.844215374100665050  0.364920133084333631 327.08953857219581
717  623127679740731928 2523.7386592225507  19.56712949994357  7.52968533146455  0.396830030248513710  0.844215725001762562  0.364920283428417425 327.08974870721033
717  623127679740731929 2523.7387154340786  19.56704320613131  7.52962535207568  0.396829120158177284  0.844216075677243993  0.364920433675834432 327.08995343678379
717  623266010780564031 2523.9884301505076  19.56118536057345  7.52738728262319  0.392782396739931317  0.845765855902240293  0.365584427920933763 328.07066964036704
717  623266010780564032 2523.9884863592874  19.56121643584412  7.52741002260533  0.392781485018651733  0.845766202928935007  0.365584576599933708 328.07089178639399
717  623266010780564033 2523.9885426076876  19.56120743858774  7.52740403034498  0.392780572654341298  0.845766550199423595  0.365584725383382658 328.07110886080676
717  623266010780564034 2523.9885988583519  19.56119816810763  7.52739869993530  0.392779660252936036  0.845766897483069213  0.365584874172467433 328.07132590752678
717  623266010780564035 2523.9886551094887  19.56123185811989  7.52741801500044  0.392778747843491982  0.845767244768812154  0.365585022962449768 328.07154859100660
717  623266010780564036 2523.9887113600903  19.56118023122841  7.52738741006483  0.392777835442346179  0.845767592050434502  0.365585171750665350 328.07176008156733
717  623266010780564037 2523.9887676116527  19.56121357033784  7.52740731126275  0.392776923025244362  0.845767939337167651  0.365585320541069625 328.07198270646381
717  623266010780564038 2523.9888238619092  19.56120369559848  7.52740299430586  0.392776010628950734  0.845768286615018683  0.365585469327667056 328.07219964459784
717  623266010780564039 2523.9888800800018  19.56119395420141  7.52739818155809  0.392775098753986529  0.845768633693478655  0.365585618028837211 328.07241646368533
717  628798300437105181 2533.9932943987201  19.35843225793511  7.44998590430186  0.225387757550581963  0.894278786535264603  0.386354268060825012   9.47094840391459
717  628798300437105182 2533.9933506009720  19.35840768742869  7.44998806274649  0.225386793229215204  0.894278983111928660  0.386354352131187684   9.47115097692838
717  628798300437105183 2533.9934068573034  19.35838344403303  7.44999345994861  0.225385827979745712  0.894279179876873331  0.386354436282071501   9.47135380733324
717  628798300437105184 2533.9934631058427  19.35840750978798  7.44998793871908  0.225384862863752922  0.894279376613695609  0.386354520420926884   9.47156288854187
717  628798300437105185 2533.9935193552633  19.35838312042107  7.44999318682785  0.225383897732424787  0.894279573352731005  0.386354604560727621   9.47176569713870
717  628798300437105186 2533.9935756053296  19.35835795304032  7.44999400889470  0.225382932589800383  0.894279770093155846  0.386354688701121274   9.47196840261826
717  628798300437105187 2533.9936318600439  19.35838268547801  7.44999309973929  0.225381967367201841  0.894279966848970043  0.386354772848095274   9.47217758908475
717  628798300437105188 2533.9936881108601  19.35835839165381  7.44999906937808  0.225381002211279047  0.894280163590279398  0.386354856988864737   9.47238038265619
717  628798300437105189 2533.9937443185127  19.35838152684864  7.44998770871856  0.225380037795749388  0.894280360179751987  0.386354941064696533   9.47258913729071
717  726533962174465391 2710.7432638658352  25.25072521848542  9.77646639479136 -0.295016788328902713 -0.895139198693565730 -0.389209971788317566 169.06900632409520
717  726533962174465392 2710.7433200641890  25.25072208598236  9.77646922672518 -0.295015873671384710 -0.895139460641464990 -0.389210086780884479 169.06880617397232
717  726533962174465393 2710.7433763169802  25.25072081621306  9.77646329255123 -0.295014958127593541 -0.895139722842305585 -0.389210201884491402 169.06860628787004
717  726533962174465394 2710.7434325618578  25.25071735386793  9.77646865280166 -0.295014042712345659 -0.895139985005455219 -0.389210316971553727 169.06840613320927
717  726533962174465395 2710.7434888096109  25.25071502334345  9.77646835948097 -0.295013127250036922 -0.895140247181204662 -0.389210432064148459 169.06820622809161
717  726533962174465396 2710.7435450556081  25.25071266343410  9.77646821149163 -0.295012211816027103 -0.895140509347971847 -0.389210547152801511 169.06800634215261
717  726533962174465397 2710.7436013094348  25.25071081940975  9.77646542795104 -0.295011296254328426 -0.895140771550429371 -0.389210662257123530 169.06780649966134
717  726533962174465398 2710.7436575590978  25.25070927081832  9.77646094028997 -0.295010380760132807 -0.895141033732677283 -0.389210777352574921 169.06760666482663
717  829811169098559921 2897.5148356600630  22.94412954014725  8.85576263380279  0.254198576194267889  0.889667909038087013  0.384550118656170781 314.02668917255954
717  829811169098559922 2897.5148918613827  22.94412982994752  8.85575823548302  0.254197618915987356  0.889668132294800018  0.384550214117608868 314.02688563045660
717  829811169098559923 2897.5149481096269  22.94412493433021  8.85575895431709  0.254196660838202915  0.889668355737055050  0.384550309658380107 314.02708119598617
717  829811169098559924 2897.5150043566277  22.94412378439641  8.85575606016548  0.254195702781336741  0.889668579173512386  0.384550405196670775 314.02727713238625
717  829811169098559925 2897.5150606081074  22.94411974438924  8.85575587335735  0.254194744647939952  0.889668802626899069  0.384550500742198209 314.02747244669536
717  829811169098559926 2897.5151168545203  22.94411861196632  8.85575278460398  0.254193786600605875  0.889669026059295431  0.384550596278748880 314.02766805279413
717  829811169098559927 2897.5151731062442  22.94411413359609  8.85575276561070  0.254192828462562526  0.889669249511927496  0.384550691823950130 314.02786303393640
717  829811169098559928 2897.5152293529218  22.94411192262407  8.85575037994901  0.254191870410219289  0.889669472943654061  0.384550787360210700 314.02805827205282
717  829811169098559929 2897.5152855675224  22.94410971966085  8.85574765773134  0.254190912904002753  0.889669696247097574  0.384550882841617536 314.02825334739128
717  829852091802302051 2897.5888423018696  22.94245266013723  8.85510011345138  0.252937806696982181  0.889961151183362276  0.384675503342652381 314.27973922979442
717  829852091802302052 2897.5888985042316  22.94248598442994  8.85513276653614  0.252936849077781190  0.889961373311366821  0.384675598319129952 314.27993257064929
717  829852091802302053 2897.5889547584779  22.94248341073909  8.85513146171050  0.252935890574280620  0.889961595643574022  0.384675693382917683 314.28012058845837
717  829852091802302054 2897.5890110085847  22.94248210186001  8.85512887259084  0.252934932141073043  0.889961817958557111  0.384675788439339195 314.28030879775548
717  829852091802302055 2897.5890672649507  22.94247700258536  8.85513000037290  0.252933973600973083  0.889962040297415879  0.384675883505967375 314.28049637516187
717  829852091802302056 2897.5891235127424  22.94251153224882  8.85516163871570  0.252933015206724066  0.889962262601524667  0.384675978557735665 314.28068998739030
717  829852091802302057 2897.5891797647378  22.94247232790801  8.85512738528130  0.252932056740606259  0.889962484921385077  0.384676073616237180 314.28087211609937
717  829852091802302058 2897.5892360130570  22.94250717521677  8.85515926213804  0.252931098336870663  0.889962707225856797  0.384676168668157070 314.28106551936332
717  829852091802302059 2897.5892922301427  22.94250439878499  8.85515898588767  0.252930140465074560  0.889962929406025727  0.384676263666926255 314.28125287605064
717  838936987709076001 2914.0184141179002  22.69516832142816  8.77339444505785 -0.033584000212607226  0.917408689942111888  0.396346198952668205  18.44011888170131
717  838936987709076002 2914.0184703141385  22.69517015012633  8.77338631000591 -0.033584989307612598  0.917408654034626903  0.396346183185653067  18.44027576792994
717  838936987709076003 2914.0185265641071  22.69517354611578  8.77338390046833 -0.033585979348273433  0.917408618091916872  0.396346167403179572  18.44043290897265
717  838936987709076004 2914.0185828120293  22.69513036890879  8.77339907683831 -0.033586969352882370  0.917408582149620511  0.396346151620896980  18.44058279838280
717  838936987709076005 2914.0186390604181  22.69513398715754  8.77339802870943 -0.033587959365678328  0.917408546206131770  0.396346135838100022  18.44073967944726
717  838936987709076006 2914.0186953023372  22.69513620905379  8.77339299194110 -0.033588949264571136  0.917408510265883659  0.396346120056735030  18.44089617411828
717  838936987709076007 2914.0187515571747  22.69514191087857  8.77339853816613 -0.033589939390804929  0.917408474316486089  0.396346104271361854  18.44105306968021
717  838936987709076008 2914.0188078068982  22.69514467882559  8.77339540044616 -0.033590929426998817  0.917408438369462398  0.396346088487040116  18.44120934498869
717  838936987709076009 2914.0188640157480  22.69514591550373  8.77338730747968 -0.033591918743756013  0.917408402447666527  0.396346072713805175  18.44136512408439
717  933503201888264501 3085.0365989517677  29.07643575520699 11.31926277218869 -0.147788909762646720 -0.924972424454141517 -0.402150520012277690 183.48602611926648
717  933503201888264502 3085.0366551599686  29.07647992174650 11.31925472822244 -0.147787962787282678 -0.924972555702463173 -0.402150577924970554 183.48586261031207
717  933503201888264503 3085.0367114041846  29.07647462490231 11.31925761646719 -0.147787015205012834 -0.924972687034054664 -0.402150635874409079 183.48568940378513
717  933503201888264504 3085.0367676513983  29.07646921490339 11.31925998594625 -0.147786067572099833 -0.924972818371819772 -0.402150693826574479 183.48551624348082
717  933503201888264505 3085.0368239000513  29.07646365946951 11.31926180660338 -0.147785119914800783 -0.924972949712118964 -0.402150751779861149 183.48534310789609
717  933503201888264506 3085.0368801458917  29.07645809257463 11.31926507511887 -0.147784172304762595 -0.924973081045022294 -0.402150809729887593 183.48517003687479
717  933503201888264507 3085.0369363972386  29.07645218053624 11.31926347012500 -0.147783224601815977 -0.924973212389956112 -0.402150867685225621 183.48499692628150
717  933503201888264508 3085.0369926437706  29.07644641515427 11.31926473280290 -0.147782276979848803 -0.924973343722821140 -0.402150925635241296 183.48482392335723
717  933503201888264509 3085.0370488563317  29.07649077560679 11.31926620987494 -0.147781329930084859 -0.924973474975538390 -0.402150983549895202 183.48466092754671
717  943085205928559851 3102.3651655360190  29.68262575005333 11.54901626775823  0.146448498899217988 -0.925926088205029418 -0.402706852140894134 119.96315802426471
717  943085205928559852 3102.3652217428717  29.68261787650324 11.54899388234329  0.146449447402034638 -0.925925963122982143 -0.402706797797974358 119.96300706317582
717  943085205928559853 3102.3652779990484  29.68263164858087 11.54901579890856  0.146450396737078575 -0.925925837930342555 -0.402706743407003853 119.96286029555972
717  943085205928559854 3102.3653342500729  29.68262144138893 11.54899457705745  0.146451345985054965 -0.925925712748340901 -0.402706689020651931 119.96270872814414
717  943085205928559856 3102.3654467497936  29.68262111811575 11.54899729853365  0.146453244441340641 -0.925925462387036768 -0.402706580249111434 119.96240955213096
717  943085205928559857 3102.3655030033524  29.68263514988987 11.54901879965743  0.146454193731706261 -0.925925337196912612 -0.402706525859221454 119.96226274890364
717  943085205928559858 3102.3655592559239  29.68265160316142 11.54903876425315  0.146455143005296273 -0.925925212008157139 -0.402706471469922778 119.96211639230637
717  943085205928559859 3102.3656154699484  29.68264046457220 11.54901754449051  0.146456091628264173 -0.925925086904361150 -0.402706417117532467 119.96196456117067
717 1153192195475499561 3482.3329613986020  34.14125110747408 13.19360736108541  0.385156915235770669 -0.864547717045432984 -0.375854369134344057 117.45044434400096
717 1153192195475499562 3482.3330176036948  34.14127404950337 13.19364141579386  0.385157803815214861 -0.864547380947790378 -0.375854222568829055 117.45036712572185
717 1153192195475499563 3482.3330738554600  34.14126999718925 13.19363360101810  0.385158693132191421 -0.864547044570274870 -0.375854075881265293 117.45028375779815
717 1153192195475499564 3482.3331301025105  34.14126499908748 13.19362628412288  0.385159582374299314 -0.864546708220170657 -0.375853929205653026 117.45020023708405
717 1153192195475499565 3482.3331863516460  34.14126129544794 13.19361828750339  0.385160471649020952 -0.864546371856822482 -0.375853782524263713 117.45011704018816
717 1153192195475499566 3482.3332425982339  34.14125826322417 13.19360992858881  0.385161360883142123 -0.864546035507923638 -0.375853635849173529 117.45003400713391
717 1153192195475499567 3482.3332988509896  34.14128006497008 13.19364428128235  0.385162250214410584 -0.864545699121371802 -0.375853489157661702 117.44995661630514
717 1153192195475499568 3482.3333551029368  34.14127625842735 13.19363617585793  0.385163139532574472 -0.864545362738868950 -0.375853342467913798 117.44987334273530
717 1153192195475499569 3482.3334113162787  34.14127032589135 13.19362922738032  0.385164028240051359 -0.864545026586450049 -0.375853195878499080 117.44978960549298
