 16 2003 07 26.56862 22 16 57.16  -11  24  47.3
 16 2003 07 26.62576 22 16 56.74  -11  24  49.9
 18 2003 07 26.56862 22 17 22.36  -11  36  57.6
 18 2003 07 26.62576 22 17 21.90  -11  37  00.0
 19 2003 07 26.56862 22 16 21.74  -11  25  54.4
 19 2003 07 26.62576 22 16 21.32  -11  25  56.6
 16 2003 08 29.33970 22 12 06.35  -11  52  52.8
 17 2003 08 29.33970 22 12 41.48  -12  02  16.7
 18 2003 08 29.33970 22 12 25.46  -12  04  27.4
 19 2003 08 29.33970 22 11 34.76  -11  52  18.7
 20 2003 08 29.33970 22 11 34.60  -12  07  54.7
 21 2003 08 29.33970 22 11 12.46  -12  05  57.8
 21 2003 08 29.37285 22 11 12.14  -12  05  59.4
