    2001 08 13.09585 21 41 36.84  -14  40  32.8  25.4   R     807
    2001 08 13.15567 21 41 36.26  -14  40  35.5  25.5   R     807
    2001 08 13.22537 21 41 35.65  -14  40  38.7  25.5   R     807
    2001 08 13.29446 21 41 34.96  -14  40  42.3  25.3   R     807
    2001 08 13.35711 21 41 34.36  -14  40  45.2  25.2   R     807
    2001 08 25.32061 21 39 40.47  -14  50  14.4  25.3   R     568
    2001 08 25.35899 21 39 40.12  -14  50  16.3  99.9   X     568
    2001 08 25.40381 21 39 39.70  -14  50  18.2  99.9   X     568
    2001 08 25.41067 21 39 39.63  -14  50  18.9  99.9   X     568
    2001 08 25.46677 21 39 39.15  -14  50  21.3  99.9   X     568
    2001 09 21.17887 21 35 53.96  -15  08  25.0  99.9   X     675
    2001 09 21.22091 21 35 53.65  -15  08  26.4  99.9   X     675
    2001 11 15.03893 21 33 44.28  -15  16  37.0  99.9   X     309
    2001 11 15.10968 21 33 44.48  -15  16  35.8  99.9   X     309
    2002 08 13.34400 21 58 16.61  -13  10  38.5  99.9   X     807
    2002 08 13.36481 21 58 16.43  -13  10  39.6  99.9   X     807
    2002 09 03.22766 21 55 11.09  -13  26  55.1  25.1   R     309
    2002 09 05.18925 21 54 54.30  -13  28  22.1  99.9   X     309
    2002 09 05.19399 21 54 54.24  -13  28  22.2  99.9   X     309
    2002 09 05.19873 21 54 54.22  -13  28  22.6  99.9   X     309
    2002 09 05.20347 21 54 54.16  -13  28  22.8  25.4   R     309
    2002 09 05.20821 21 54 54.13  -13  28  22.8  25.2   R     309
    2002 09 05.21295 21 54 54.08  -13  28  23.2  25.2   R     309
    2002 09 05.21769 21 54 54.05  -13  28  23.4  99.9   X     309