 17  2008 09 02.35961 23 28 48.609 -04 10 06.45 675  20.9  R     64749
 17  2008 09 02.40271 23 28 48.280 -04 10 08.43 675  20.9  R     64749
 17  2008 09 03.34910 23 28 40.308 -04 11 01.17 675  20.7  R     64749
 17  2008 09 03.35243 23 28 40.246 -04 11 01.04 675  20.5  R     64749
 17  2008 09 03.39106 23 28 39.930 -04 11 03.40 675  20.7  R     64749
 17  2008 09 03.39438 23 28 39.882 -04 11 03.57 675  20.6  R     64749
 17  2008 09 05.23895 23 28 24.24  -04 12 46.4  675              64749
 17  2008 09 05.29637 23 28 23.76  -04 12 49.8  675              64749
 17  2008 09 23.17230 23 25 49.97  -04 29 27.4  675              64749
 17  2008 09 24.16948 23 25 41.51  -04 30 21.6  675              64749
 17  2008 09 24.22315 23 25 41.05  -04 30 24.4  675              64749
 17  2008 09 24.27785 23 25 40.59  -04 30 27.5  675              64749
 17  2008 10 06.03465 23 24 04.89  -04 40 39.8  807              64749
 17  2008 10 06.11778 23 24 04.22  -04 40 43.8  807              64749
 17  2008 11 16.02769 23 20 29.31  -05 02 59.3  807              64749
 17  2008 11 16.11181 23 20 29.14  -05 03 00.3  807              64749
