1991 08 04 04 48 19.4531  -3769.0 -4848.8 3299.5  405.225 159.749  401.757 167.012  -73.262   0.818   177.262
1991 08 04 04 54 19.4531  -1436.2 -6168.0 2916.9  403.443 160.403  399.908 167.775  -73.263   0.831   177.356
1991 08 04 14 28 19.4533  -3785.1 -4847.2 3284.2  348.627 198.557  345.714 203.882  -73.264   0.617   180.417
1991 08 04 14 34 19.4533  -1473.1 -6188.4 2855.2  347.096 199.361  344.126 204.596  -73.267   0.612   181.301
1991 08 05 21 06 19.4541  -3387.2 -5237.8 3115.1  216.170 410.540  217.045 405.968  -73.206   0.473   342.628
1991 08 05 21 12 19.4541  -1058.3 -6444.3 2445.0  215.030 411.192  215.868 406.632  -73.196   0.471   342.217
1991 08 06 08 22 19.4544  -3651.7 -5057.7 3113.8  152.422 556.904  154.774 549.775  -73.341   0.763   349.918
1991 08 06 08 28 19.4544  -1388.3 -6382.2 2442.5  150.418 557.284  152.737 550.058  -73.354   0.771   349.439
1991 08 06 16 26 19.4546  -3447.1 -5255.5 3018.8  153.165 643.802  156.174 635.654  -73.420   0.882   351.849
1991 08 06 16 32 19.4546  -1159.8 -6492.2 2266.4  151.501 644.006  154.425 635.857  -73.428   0.880   351.311
1991 08 07 00 15 19.4548  -6309.9   334.7 2952.2  199.176 610.907  202.522 602.730  -73.484   0.898   353.770
1991 08 07 00 21 19.4548  -5700.4 -2278.5 3306.3  198.180 611.685  201.602 603.447  -73.487   0.906   354.071
1991 08 07 10 10 19.4550  -3281.9 -5455.7 2842.8  123.908 697.508  127.208 690.339  -73.617   0.802   356.100
1991 08 07 10 16 19.4550   -993.6 -6613.7 1976.4  122.982 698.489  126.466 691.345  -73.614   0.808   357.384
1993 08 04 15 32 18.465   -5058.9 -3508.5 3250.2  707.301 457.346  711.651 451.159  -80.083   0.768     0.028
1993 08 04 15 38 18.465   -3277.1 -5487.8 2757.2  705.587 457.442  709.873 451.283  -80.083   0.762   359.751
1993 08 04 23 34 18.465   -5044.2 -3555.7 3221.3  677.547 236.951  680.627 232.459  -73.568   0.553     5.869
1993 08 04 23 40 18.465   -3270.3 -5529.7 2680.5  675.786 237.346  678.913 232.784  -73.573   0.562     5.855
1993 08 06 01 20 18.466   -4039.2 -4968.3 2732.4  580.895 526.348  580.933 530.327  -73.844   0.404   150.609
1993 08 06 01 26 18.466   -1955.4 -6432.0 1809.3  579.320 526.600  579.322 530.606  -73.853   0.407   151.118
1993 08 06 14 08 18.467   -4912.3 -3937.1 2973.7  532.185 606.854  530.451 613.946  -73.967   0.742   164.772
1993 08 06 14 14 18.467   -3130.8 -5820.3 2189.7  530.765 607.089  528.849 614.357  -73.954   0.764   165.814
1993 08 07 06 12 18.467   -4914.8 -4028.2 2845.3  472.385 714.147  468.781 722.578  -74.133   0.932   174.012
1993 08 07 06 18 18.467   -3145.2 -5887.3 1981.0  470.887 714.495  467.270 722.859  -74.134   0.926   174.252
1993 08 07 12 37 18.467   -5056.9 -3840.0 2857.0  259.598 739.614  255.915 747.499  -74.189   0.884   175.848
1993 08 07 12 43 18.467   -3355.2 -5764.1 1999.2  258.139 739.915  254.397 747.792  -74.189   0.886   176.221
1993 08 07 17 26 18.468   -5104.7 -3791.2 2837.4  518.981 733.614  518.033 741.651  -53.245   0.822   178.482
1993 08 07 17 32 18.468   -3427.7 -5732.1 1968.8  517.756 734.478  516.792 742.507  -53.246   0.822   178.600
                                                                                                             