2448763.5719036   0.015663    0.00240    0.71692   0.00240
2448763.5760703   0.016162    0.00240    0.71238   0.00240
2448763.8399592   0.060466    0.00240    0.53351   0.00240
2448763.8441259   0.062235    0.00240    0.53408   0.00240
2448771.9462093   0.168413    0.00240   -0.82388   0.00240
2448771.9503759   0.168407    0.00240   -0.82979   0.00240
2448771.9554106   0.169391    0.00240   -0.82203   0.00240
2448771.9616606   0.167726    0.00240   -0.82266   0.00240
2448772.2151329   0.141109    0.00240   -0.90804   0.00240
2448772.2213829   0.144135    0.00240   -0.91069   0.00240
2448772.2267648   0.137811    0.00240   -0.91094   0.00240
2448772.2309315   0.138479    0.00240   -0.91103   0.00240
2448776.4524593   0.029792    0.00240    0.65128   0.00240
2448776.4566260   0.028761    0.00240    0.64851   0.00240
2448776.7031537   0.077741    0.00240    0.46517   0.00240
2448776.7073204   0.076370    0.00240    0.46205   0.00240
2448856.4219084  -0.043060    0.00240   -0.53717   0.00240
2448856.4260751  -0.042611    0.00240   -0.53503   0.00240
2448856.6899640  -0.081860    0.00240   -0.33407   0.00240
2448856.6941306  -0.083552    0.00240   -0.33153   0.00240
2448884.0205198  -0.131342    0.00240    0.87195   0.00240
2448884.0246864  -0.130026    0.00240    0.87248   0.00240
2448884.3503809  -0.090116    0.00240    0.87734   0.00240
2448884.3545475  -0.090498    0.00240    0.87652   0.00240
2448999.6837153  -0.001890    0.00240    0.77835   0.00240
2448999.6878819   0.000411    0.00240    0.77704   0.00240
2449000.0857986   0.082749    0.00240    0.54616   0.00240
2449000.0899653   0.085238    0.00240    0.54524   0.00240
2449011.8219098  -0.133613    0.00240    0.88629   0.00240
2449011.8260765  -0.130803    0.00240    0.88643   0.00240
2449012.4739932   0.002793    0.00240    0.77091   0.00240
2449012.4781598   0.006163    0.00240    0.77127   0.00240
2449138.9469111  -0.211251    0.00240    0.69165   0.00240
2449138.9510777  -0.209160    0.00240    0.69263   0.00240
2449138.9561124  -0.213491    0.00240    0.69776   0.00240
2449138.9623625  -0.212208    0.00240    0.70426   0.00240
2449139.2151402  -0.185869    0.00240    0.83171   0.00240
2449139.2213902  -0.184947    0.00240    0.83661   0.00240
2449139.2267722  -0.185341    0.00240    0.83486   0.00240
2449139.2309388  -0.185279    0.00240    0.83810   0.00240
2449155.0809390   0.197474    0.00240   -0.78161   0.00240
2449155.0851057   0.197130    0.00240   -0.78364   0.00240
2449155.3489946   0.165477    0.00240   -0.88653   0.00240
2449155.3531612   0.167606    0.00240   -0.88418   0.00240
2449174.3045306   0.184122    0.00240   -0.80212   0.00240
2449174.3086972   0.187436    0.00240   -0.80555   0.00240
2449174.6941139   0.136680    0.00240   -0.90898   0.00240
2449174.6982806   0.134477    0.00240   -0.91284   0.00240
2449212.1864754   0.197197    0.00240   -0.52709   0.00240
2449212.1927254   0.198203    0.00240   -0.53226   0.00240
2449213.6531420   0.016109    0.00240   -0.79630   0.00240
2449213.6593921   0.016227    0.00240   -0.79550   0.00240
2449214.8573087  -0.174406    0.00600    0.10766   0.00600
2449214.8642532  -0.176076    0.00600    0.10028   0.00600
2449215.3211976  -0.201471    0.00240    0.48580   0.00240
2449215.3878643  -0.200764    0.00240    0.53326   0.00240
2449217.7330032   0.136586    0.00600    0.17829   0.00600
2449217.7392532   0.132031    0.00600    0.16977   0.00600
2449218.0677254   0.176886    0.00600   -0.10874   0.00600
2449218.0739754   0.176161    0.00600   -0.11448   0.00600
2452436.8217600   0.438552    0.00200    0.14273   0.00200
2452436.8229400   0.438802    0.00200    0.13786   0.00200
2452436.8241200   0.441342    0.00200    0.13984   0.00200
2452436.8253000   0.441822    0.00200    0.13622   0.00200
2452436.8265000   0.441372    0.00200    0.13798   0.00200
2452436.8276900   0.440622    0.00200    0.13139   0.00200
2452436.8288700   0.443342    0.00200    0.13440   0.00200
2452436.8300500   0.441262    0.00200    0.13443   0.00200
2452436.8312500   0.442682    0.00200    0.13194   0.00200
2452436.8324300   0.441212    0.00200    0.13143   0.00200
2452436.8336100   0.443472    0.00200    0.13100   0.00200
2452436.8347900   0.444392    0.00200    0.12890   0.00200
2452436.8359800   0.443352    0.00200    0.12906   0.00200
2452436.8371600   0.444042    0.00200    0.12748   0.00200
2452436.8383400   0.444222    0.00200    0.12643   0.00200
2452436.8395300   0.443552    0.00200    0.12508   0.00200
2452436.8413100   0.441222    0.00200    0.12678   0.00200
2452436.8424200   0.442822    0.00200    0.12560   0.00200
2452436.8435300   0.442682    0.00200    0.12480   0.00200
2452436.8446400   0.442462    0.00200    0.12538   0.00200
2452436.8457800   0.442342    0.00200    0.12265   0.00200
2452436.8468900   0.442492    0.00200    0.12465   0.00200
2452436.8480000   0.444372    0.00200    0.11980   0.00200
2452436.8491100   0.443282    0.00200    0.11925   0.00200
2452436.8502400   0.444012    0.00200    0.12029   0.00200
2452436.8513500   0.445432    0.00200    0.11750   0.00200
2452436.8872500   0.452492    0.00200    0.08688   0.00200
2452436.8883600   0.451942    0.00200    0.08695   0.00200
2452436.8894800   0.452802    0.00200    0.08603   0.00200
2452436.8905900   0.455452    0.00200    0.08172   0.00200
2452436.8917000   0.453262    0.00200    0.08449   0.00200
2452436.8928100   0.454342    0.00200    0.08285   0.00200
2452440.0270500  -0.440218    0.00200   -0.13083   0.00200
2452440.0282300  -0.441108    0.00200   -0.13305   0.00200
2452440.0294100  -0.443028    0.00200   -0.12994   0.00200
2452440.0305900  -0.440438    0.00200   -0.12628   0.00200
2452440.0317900  -0.441548    0.00200   -0.12585   0.00200
2452440.0329700  -0.443218    0.00200   -0.12524   0.00200
2452440.0341600  -0.443638    0.00200   -0.12444   0.00200
2452440.0353400  -0.441768    0.00200   -0.12151   0.00200
2452440.0365400  -0.441248    0.00200   -0.12301   0.00200
2452440.0377200  -0.444578    0.00200   -0.12091   0.00200
2452440.0389000  -0.444038    0.00200   -0.12271   0.00200
2452440.0400800  -0.445358    0.00200   -0.11858   0.00200
2452440.0412700  -0.442188    0.00200   -0.11872   0.00200
2452440.0424500  -0.444328    0.00200   -0.11530   0.00200
2452440.0436300  -0.444498    0.00200   -0.11738   0.00200
2452440.0448100  -0.446918    0.00200   -0.11400   0.00200
2452440.0466000  -0.444528    0.00200   -0.11269   0.00200
2452440.0477100  -0.445768    0.00200   -0.11393   0.00200
2452440.0488200  -0.446038    0.00200   -0.11273   0.00200
2452440.0499300  -0.445658    0.00200   -0.11064   0.00200
2452440.0510600  -0.446878    0.00200   -0.11017   0.00200
2452440.0521800  -0.446828    0.00200   -0.10926   0.00200
2452440.0532900  -0.446708    0.00200   -0.10775   0.00200
2452440.0544000  -0.446618    0.00200   -0.10700   0.00200
2452440.0555300  -0.447238    0.00200   -0.10594   0.00200
2452440.0566400  -0.448338    0.00200   -0.10594   0.00200
2452440.0925500  -0.455648    0.00200   -0.07302   0.00200
2452440.0936600  -0.455258    0.00200   -0.07422   0.00200
2452440.0947800  -0.456388    0.00200   -0.07052   0.00200
2452440.0958900  -0.455818    0.00200   -0.07197   0.00200
2452440.0970000  -0.456508    0.00200   -0.06877   0.00200
2452440.0981100  -0.455338    0.00200   -0.06907   0.00200
2452444.2360900   0.439792    0.00200   -0.67178   0.00200
2452444.2372700   0.436212    0.00200   -0.67139   0.00200
2452444.2384500   0.440922    0.00200   -0.67260   0.00200
2452444.2396300   0.437832    0.00200   -0.67180   0.00200
2452444.2408300   0.439142    0.00200   -0.67498   0.00200
2452444.2420100   0.438332    0.00200   -0.67201   0.00200
2452444.2431900   0.437012    0.00200   -0.67288   0.00200
2452444.2443800   0.436952    0.00200   -0.67685   0.00200
2452444.2455800   0.436712    0.00200   -0.67486   0.00200
2452444.2467600   0.436742    0.00200   -0.67430   0.00200
2452444.2479400   0.439092    0.00200   -0.67842   0.00200
2452444.2491200   0.435382    0.00200   -0.67676   0.00200
2452444.2503100   0.434652    0.00200   -0.67709   0.00200
2452444.2514900   0.434812    0.00200   -0.67706   0.00200
2452444.2526700   0.434912    0.00200   -0.67965   0.00200
2452444.2538500   0.433832    0.00200   -0.67965   0.00200
2452444.2556400   0.433792    0.00200   -0.68119   0.00200
2452444.2567500   0.433262    0.00200   -0.68181   0.00200
2452444.2578600   0.434232    0.00200   -0.68335   0.00200
2452444.2589700   0.434452    0.00200   -0.68205   0.00200
2452444.2601000   0.433152    0.00200   -0.68428   0.00200
2452444.2612200   0.432322    0.00200   -0.68314   0.00200
2452444.2623300   0.432922    0.00200   -0.68653   0.00200
2452444.2634400   0.433302    0.00200   -0.68405   0.00200
2452444.2645700   0.432642    0.00200   -0.68516   0.00200
2452444.2656800   0.431652    0.00200   -0.68711   0.00200
2452444.3030200   0.421182    0.00200   -0.70722   0.00200
2452444.3041300   0.421172    0.00200   -0.70815   0.00200
2452444.3052500   0.421932    0.00200   -0.70739   0.00200
2452444.3063700   0.419812    0.00200   -0.70679   0.00200
2452444.3074800   0.420842    0.00200   -0.70955   0.00200
2452444.3085900   0.419562    0.00200   -0.70916   0.00200
2452458.0610600   0.019582    0.00200   -0.84471   0.00200
2452458.0622500   0.017372    0.00200   -0.84381   0.00200
2452458.0634300   0.018582    0.00200   -0.84500   0.00200
2452458.0646100   0.015232    0.00200   -0.84305   0.00200
2452458.0658100   0.018282    0.00200   -0.84410   0.00200
2452458.0669900   0.014732    0.00200   -0.84232   0.00200
2452458.0681700   0.017272    0.00200   -0.84338   0.00200
2452458.0693500   0.014862    0.00200   -0.84258   0.00200
2452458.0705600   0.012752    0.00200   -0.83847   0.00200
2452458.0717400   0.013342    0.00200   -0.84495   0.00200
2452458.0729200   0.012472    0.00200   -0.84068   0.00200
2452458.0741000   0.013172    0.00200   -0.84182   0.00200
2452458.0752900   0.010532    0.00200   -0.83632   0.00200
2452458.0764700   0.011842    0.00200   -0.83968   0.00200
2452458.0776500   0.009692    0.00200   -0.83838   0.00200
2452458.0788300   0.009612    0.00200   -0.83876   0.00200
2452458.0806100   0.008862    0.00200   -0.83929   0.00200
2452458.0817200   0.010692    0.00200   -0.83835   0.00200
2452458.0828400   0.008242    0.00200   -0.83844   0.00200
2452458.0839500   0.008662    0.00200   -0.83621   0.00200
2452458.0850800   0.008512    0.00200   -0.83828   0.00200
2452458.0861900   0.007292    0.00200   -0.83720   0.00200
2452458.0873000   0.006542    0.00200   -0.83831   0.00200
2452458.0884100   0.006972    0.00200   -0.83610   0.00200
2452458.0895500   0.005932    0.00200   -0.83650   0.00200
2452458.0906600   0.005182    0.00200   -0.83596   0.00200
2452458.0917700   0.004612    0.00200   -0.83592   0.00200
2452458.0928800   0.004132    0.00200   -0.83359   0.00200
2452458.1265500  -0.013528    0.00200   -0.82448   0.00200
2452458.1276600  -0.013448    0.00200   -0.82480   0.00200
2452458.1287700  -0.012278    0.00200   -0.82388   0.00200
2452458.1298800  -0.013878    0.00200   -0.82397   0.00200
2452472.9539800  -0.433428    0.00200    0.65246   0.00200
2452472.9551600  -0.433668    0.00200    0.65374   0.00200
2452472.9563400  -0.434938    0.00200    0.65362   0.00200
2452472.9575200  -0.433788    0.00200    0.65524   0.00200
2452472.9587300  -0.433388    0.00200    0.65601   0.00200
2452472.9599100  -0.434238    0.00200    0.65738   0.00200
2452472.9610900  -0.434048    0.00200    0.65595   0.00200
2452472.9622700  -0.432918    0.00200    0.65899   0.00200
2452472.9634700  -0.432278    0.00200    0.65928   0.00200
2452472.9646500  -0.431838    0.00200    0.65957   0.00200
2452472.9658300  -0.433858    0.00200    0.66027   0.00200
2452472.9670100  -0.433118    0.00200    0.65883   0.00200
2452472.9682100  -0.430428    0.00200    0.66257   0.00200
2452472.9693900  -0.431898    0.00200    0.66288   0.00200
2452472.9705700  -0.431418    0.00200    0.66207   0.00200
2452472.9717500  -0.432048    0.00200    0.66242   0.00200
2452472.9735300  -0.428968    0.00200    0.66572   0.00200
2452472.9746400  -0.430388    0.00200    0.66602   0.00200
2452472.9757500  -0.429818    0.00200    0.66561   0.00200
2452472.9768600  -0.429438    0.00200    0.66581   0.00200
2452472.9780000  -0.429958    0.00200    0.66901   0.00200
2452472.9791100  -0.428118    0.00200    0.66865   0.00200
2452472.9802200  -0.427558    0.00200    0.66748   0.00200
2452472.9813300  -0.428468    0.00200    0.66811   0.00200
2452472.9824700  -0.427878    0.00200    0.66878   0.00200
2452473.0164700  -0.419538    0.00200    0.68893   0.00200
2452473.0175800  -0.418728    0.00200    0.68917   0.00200
2452473.0186900  -0.418758    0.00200    0.68787   0.00200
2452473.0198100  -0.419218    0.00200    0.69114   0.00200
2452473.0209300  -0.417568    0.00200    0.69168   0.00200
2452473.0220400  -0.416618    0.00200    0.69093   0.00200
2452473.0231500  -0.417548    0.00200    0.69175   0.00200
2452550.6662700  -0.030278    0.00200    0.81001   0.00200
2452550.6674700  -0.032278    0.00200    0.81033   0.00200
2452550.6686300  -0.030148    0.00200    0.80904   0.00200
2452550.6698300  -0.030108    0.00200    0.80959   0.00200
2452550.6710300  -0.029848    0.00200    0.80900   0.00200
2452550.6722000  -0.028898    0.00200    0.80892   0.00200
2452550.6733900  -0.029068    0.00200    0.81043   0.00200
2452550.6745600  -0.028148    0.00200    0.80973   0.00200
2452550.6757600  -0.027778    0.00200    0.80664   0.00200
2452550.6769600  -0.026998    0.00200    0.80906   0.00200
2452550.6781300  -0.027178    0.00200    0.80793   0.00200
2452550.6793200  -0.025268    0.00200    0.80819   0.00200
2452550.6805000  -0.025558    0.00200    0.80598   0.00200
2452550.6816900  -0.023508    0.00200    0.80787   0.00200
2452550.6828600  -0.024378    0.00200    0.80684   0.00200
2452550.6840500  -0.023908    0.00200    0.80738   0.00200
2452550.6858200  -0.022488    0.00200    0.80352   0.00200
2452550.6869300  -0.019918    0.00200    0.80276   0.00200
2452550.6880400  -0.021188    0.00200    0.80383   0.00200
2452550.6891600  -0.018368    0.00200    0.80086   0.00200
2452550.6903000  -0.018958    0.00200    0.80217   0.00200
2452550.6914100  -0.018718    0.00200    0.80133   0.00200
2452550.6925200  -0.018748    0.00200    0.80017   0.00200
2452550.6936300  -0.017178    0.00200    0.79954   0.00200
2452550.6947600  -0.017748    0.00200    0.80126   0.00200
2452550.6958700  -0.017558    0.00200    0.80113   0.00200
2452550.6969800  -0.015778    0.00200    0.80021   0.00200
2452550.6980900  -0.016958    0.00200    0.79938   0.00200
2452550.7315500  -0.000458    0.00200    0.79091   0.00200
2452550.7326600   0.000442    0.00200    0.78939   0.00200
2452550.7337700   0.000982    0.00200    0.78924   0.00200
2452550.7348800   0.001042    0.00200    0.78884   0.00200
2452688.5338700  -0.246438    0.00200   -0.56868   0.00200
2452688.5348300  -0.247268    0.00200   -0.56616   0.00200
2452688.5357800  -0.248138    0.00200   -0.56505   0.00200
2452688.5367200  -0.246668    0.00200   -0.56429   0.00200
2452688.5377000  -0.247418    0.00200   -0.56326   0.00200
2452688.5386500  -0.249748    0.00200   -0.56327   0.00200
2452688.5395900  -0.248638    0.00200   -0.56160   0.00200
2452688.5405400  -0.250088    0.00200   -0.56190   0.00200
2452688.5415200  -0.250208    0.00200   -0.56266   0.00200
2452688.5424700  -0.248388    0.00200   -0.55971   0.00200
2452688.5434100  -0.251548    0.00200   -0.55889   0.00200
2452688.5443600  -0.249928    0.00200   -0.55881   0.00200
2452688.5453200  -0.252638    0.00200   -0.55914   0.00200
2452688.5462700  -0.249988    0.00200   -0.55894   0.00200
2452688.5472200  -0.253628    0.00200   -0.55741   0.00200
2452688.5481700  -0.253978    0.00200   -0.55604   0.00200
2452688.5497200  -0.254018    0.00200   -0.55530   0.00200
2452688.5506000  -0.252908    0.00200   -0.55502   0.00200
2452688.5514800  -0.254608    0.00200   -0.55417   0.00200
2452688.5523600  -0.255788    0.00200   -0.55483   0.00200
2452688.5532600  -0.256278    0.00200   -0.55311   0.00200
2452688.5541400  -0.255718    0.00200   -0.55341   0.00200
2452688.5550200  -0.259018    0.00200   -0.55129   0.00200
2452688.5559000  -0.254558    0.00200   -0.55239   0.00200
2452688.5568100  -0.257578    0.00200   -0.55024   0.00200
2452688.5576900  -0.259108    0.00200   -0.54864   0.00200
2452688.5585600  -0.257368    0.00200   -0.55090   0.00200
2452688.5594400  -0.259428    0.00200   -0.55006   0.00200
2452688.5603400  -0.258778    0.00200   -0.54808   0.00200
2452688.5612200  -0.260518    0.00200   -0.54774   0.00200
2452688.5620900  -0.258638    0.00200   -0.54808   0.00200
2452688.5629700  -0.260358    0.00200   -0.54699   0.00200
2452750.2403400   0.538502    0.00200   -0.24174   0.00200
2452750.2412800   0.540972    0.00200   -0.24202   0.00200
2452750.2422300   0.538362    0.00200   -0.24307   0.00200
2452750.2431800   0.542232    0.00200   -0.24276   0.00200
2452750.2441600   0.541672    0.00200   -0.24412   0.00200
2452750.2451000   0.541542    0.00200   -0.24588   0.00200
2452750.2460500   0.539472    0.00200   -0.24621   0.00200
2452750.2470000   0.542392    0.00200   -0.24672   0.00200
2452750.2479700   0.540652    0.00200   -0.24852   0.00200
2452750.2489200   0.539532    0.00200   -0.24947   0.00200
2452750.2498700   0.542492    0.00200   -0.25074   0.00200
2452750.2508200   0.539152    0.00200   -0.24974   0.00200
2452750.2517800   0.540722    0.00200   -0.25002   0.00200
2452750.2527300   0.538902    0.00200   -0.25331   0.00200
2452750.2536800   0.542042    0.00200   -0.25364   0.00200
2452750.2546300   0.539452    0.00200   -0.25409   0.00200
2452750.2561800   0.541832    0.00200   -0.25437   0.00200
2452750.2570600   0.540652    0.00200   -0.25524   0.00200
2452750.2579400   0.541982    0.00200   -0.25501   0.00200
2452750.2588200   0.539222    0.00200   -0.25573   0.00200
2452750.2597200   0.541612    0.00200   -0.25776   0.00200
2452750.2606000   0.539592    0.00200   -0.25715   0.00200
2452750.2614800   0.541502    0.00200   -0.25862   0.00200
2452750.2623600   0.539432    0.00200   -0.25688   0.00200
2452750.2632600   0.539552    0.00200   -0.26108   0.00200
2452750.2641400   0.542132    0.00200   -0.26048   0.00200
2452750.2650200   0.540012    0.00200   -0.26324   0.00200
2452750.2659000   0.543212    0.00200   -0.26081   0.00200
2452750.2667900   0.540782    0.00200   -0.26038   0.00200
2452750.2676700   0.540732    0.00200   -0.26511   0.00200
2452750.2685500   0.541862    0.00200   -0.26552   0.00200
2452750.3028700   0.539052    0.00200   -0.29178   0.00200
2452772.5909400  -0.538558    0.00200    0.23803   0.00200
2452772.5918900  -0.536338    0.00200    0.23644   0.00200
2452772.5928400  -0.538488    0.00200    0.23894   0.00200
2452772.5937800  -0.535588    0.00200    0.24088   0.00200
2452772.5947600  -0.539478    0.00200    0.24013   0.00200
2452772.5957100  -0.538568    0.00200    0.24148   0.00200
2452772.5966600  -0.539208    0.00200    0.24174   0.00200
2452772.5976000  -0.537998    0.00200    0.24414   0.00200
2452772.5985800  -0.537398    0.00200    0.24211   0.00200
2452772.5995300  -0.539078    0.00200    0.24315   0.00200
2452772.6004700  -0.537748    0.00200    0.24578   0.00200
2452772.6014200  -0.539238    0.00200    0.24671   0.00200
2452772.6023800  -0.536448    0.00200    0.24613   0.00200
2452772.6033300  -0.538408    0.00200    0.24892   0.00200
2452772.6042800  -0.536148    0.00200    0.25013   0.00200
2452772.6052300  -0.538478    0.00200    0.25062   0.00200
2452772.6067800  -0.538818    0.00200    0.25272   0.00200
2452772.6076600  -0.538408    0.00200    0.25400   0.00200
2452772.6085400  -0.539938    0.00200    0.25581   0.00200
2452772.6094200  -0.538728    0.00200    0.25421   0.00200
2452772.6103200  -0.539368    0.00200    0.25627   0.00200
2452772.6112000  -0.539068    0.00200    0.25758   0.00200
2452772.6450800  -0.540338    0.00200    0.28576   0.00200
2452772.6459600  -0.538938    0.00200    0.28381   0.00200
2452772.6468600  -0.539778    0.00200    0.28603   0.00200
2452772.6477400  -0.540058    0.00200    0.28608   0.00200
2452772.6486200  -0.539168    0.00200    0.28833   0.00200
2452772.6495000  -0.538418    0.00200    0.28812   0.00200
2452772.6503900  -0.540228    0.00200    0.28795   0.00200
2452772.6512700  -0.539538    0.00200    0.28967   0.00200
2452772.6521500  -0.539178    0.00200    0.29160   0.00200
2452772.6530300  -0.538648    0.00200    0.29057   0.00200
2452787.5913400   0.279432    0.00200    0.54889   0.00200
2452787.5922900   0.283832    0.00200    0.54889   0.00200
2452787.5932400   0.281362    0.00200    0.54853   0.00200
2452787.5941900   0.283102    0.00200    0.54885   0.00200
2452787.5951600   0.284742    0.00200    0.54813   0.00200
2452787.5961100   0.282212    0.00200    0.54617   0.00200
2452787.5970600   0.285312    0.00200    0.54677   0.00200
2452787.5980100   0.282152    0.00200    0.54709   0.00200
2452787.5989800   0.285302    0.00200    0.54408   0.00200
2452787.5999300   0.286382    0.00200    0.54308   0.00200
2452787.6008800   0.286402    0.00200    0.54330   0.00200
2452787.6018300   0.283512    0.00200    0.54438   0.00200
2452787.6027900   0.286872    0.00200    0.54116   0.00200
2452787.6037400   0.286152    0.00200    0.53883   0.00200
2452787.6046900   0.289332    0.00200    0.54068   0.00200
2452787.6056400   0.287992    0.00200    0.53782   0.00200
2452787.6071900   0.289702    0.00200    0.53849   0.00200
2452787.6080700   0.287902    0.00200    0.53682   0.00200
2452787.6089500   0.290372    0.00200    0.53862   0.00200
2452787.6098300   0.288512    0.00200    0.53821   0.00200
2452787.6107300   0.290082    0.00200    0.53500   0.00200
2452787.6116100   0.288122    0.00200    0.53720   0.00200
2452787.6124900   0.290912    0.00200    0.53632   0.00200
2452787.6133700   0.290522    0.00200    0.53470   0.00200
2452787.6142700   0.291542    0.00200    0.53341   0.00200
2452787.6151500   0.291742    0.00200    0.53330   0.00200
2452787.6160300   0.290772    0.00200    0.53336   0.00200
2452787.6169100   0.293172    0.00200    0.53313   0.00200
2452787.6178000   0.292582    0.00200    0.53045   0.00200
2452787.6186800   0.294902    0.00200    0.52986   0.00200
2452787.6195600   0.293522    0.00200    0.53096   0.00200
2452787.6204400   0.292972    0.00200    0.52987   0.00200
2452789.6166300   0.301822    0.00200   -0.85620   0.00200
2452789.6175800   0.302832    0.00200   -0.85461   0.00200
2452789.6185300   0.299782    0.00200   -0.85459   0.00200
2452789.6194800   0.302262    0.00200   -0.85558   0.00200
2452789.6204500   0.301842    0.00200   -0.85499   0.00200
2452789.6214000   0.299912    0.00200   -0.85610   0.00200
2452789.6223500   0.297112    0.00200   -0.85608   0.00200
2452789.6579200   0.283712    0.00200   -0.86471   0.00200
2452789.6588900   0.283522    0.00200   -0.86347   0.00200
2452789.6598400   0.281932    0.00200   -0.86457   0.00200
2452789.6607900   0.280402    0.00200   -0.86277   0.00200
2452789.6617400   0.280942    0.00200   -0.86488   0.00200
2452789.6627000   0.281612    0.00200   -0.86453   0.00200
2452789.6636500   0.279962    0.00200   -0.86534   0.00200
2452789.6645900   0.281822    0.00200   -0.86298   0.00200
2452789.6655400   0.279002    0.00200   -0.86512   0.00200
2452789.6670900   0.281452    0.00200   -0.86380   0.00200
2452789.6679700   0.279422    0.00200   -0.86600   0.00200
2452789.6688500   0.281642    0.00200   -0.86419   0.00200
2452789.6697300   0.278852    0.00200   -0.86516   0.00200
2452789.6706400   0.278812    0.00200   -0.86688   0.00200
2452789.6715200   0.280732    0.00200   -0.86484   0.00200
2452789.6724000   0.277172    0.00200   -0.86578   0.00200
2452789.6732800   0.279082    0.00200   -0.86470   0.00200
2452789.6741800   0.278822    0.00200   -0.86422   0.00200
2452789.6750600   0.276092    0.00200   -0.86526   0.00200
2452789.6835500   0.273282    0.00200   -0.86596   0.00200
2452789.6844300   0.273042    0.00200   -0.86747   0.00200
2452789.6853200   0.272222    0.00200   -0.86678   0.00200
2452789.6862000   0.272242    0.00200   -0.86652   0.00200
2452789.6870800   0.272082    0.00200   -0.86879   0.00200
2452789.6879600   0.272032    0.00200   -0.86707   0.00200
2452799.2176900  -0.289978    0.00200    0.86127   0.00200
2452799.2186300  -0.289998    0.00200    0.86019   0.00200
2452799.2195800  -0.291348    0.00200    0.86139   0.00200
2452799.2205300  -0.290758    0.00200    0.86276   0.00200
2452799.2215000  -0.289458    0.00200    0.86245   0.00200
2452799.2224500  -0.290338    0.00200    0.86208   0.00200
2452799.2234000  -0.289608    0.00200    0.86280   0.00200
2452799.2243500  -0.289358    0.00200    0.86305   0.00200
2452799.2253200  -0.287268    0.00200    0.86071   0.00200
2452799.2610300  -0.272988    0.00200    0.86921   0.00200
2452799.2619800  -0.273038    0.00200    0.86884   0.00200
2452799.2629300  -0.270878    0.00200    0.86613   0.00200
2452799.2638900  -0.271358    0.00200    0.86910   0.00200
2452799.2648400  -0.270028    0.00200    0.86649   0.00200
2452799.2657900  -0.271498    0.00200    0.87106   0.00200
2452799.2667400  -0.271658    0.00200    0.86853   0.00200
2452799.2682900  -0.267788    0.00200    0.86996   0.00200
2452799.2691700  -0.269298    0.00200    0.86742   0.00200
2452799.2700500  -0.268518    0.00200    0.87003   0.00200
2452799.2709300  -0.266208    0.00200    0.86887   0.00200
2452799.2718300  -0.267388    0.00200    0.87099   0.00200
2452799.2727100  -0.267058    0.00200    0.86783   0.00200
2452799.2735900  -0.264188    0.00200    0.87013   0.00200
2452799.2744700  -0.263418    0.00200    0.86897   0.00200
2452799.2753700  -0.264498    0.00200    0.86871   0.00200
2452799.2762500  -0.266408    0.00200    0.87058   0.00200
2452799.2771300  -0.266248    0.00200    0.86816   0.00200
2452799.2780100  -0.262248    0.00200    0.87119   0.00200
2452799.2789000  -0.262798    0.00200    0.86986   0.00200
2452799.2797800  -0.261528    0.00200    0.87052   0.00200
2452799.2806600  -0.262868    0.00200    0.86993   0.00200
2452799.2815400  -0.263128    0.00200    0.87057   0.00200
2454183.5195139  -0.490092    0.00090   -0.28505   0.00090
2454183.5215972  -0.491794    0.00090   -0.28356   0.00090
2454183.5231829  -0.490597    0.00160   -0.28147   0.00160
2454183.5245718  -0.490998    0.00160   -0.27978   0.00160
2454183.5285417  -0.493903    0.00090   -0.27831   0.00090
2454183.5306250  -0.495206    0.00090   -0.27693   0.00090
2454183.5327083  -0.497108    0.00090   -0.27514   0.00090
2454183.5347917  -0.498011    0.00160   -0.27376   0.00160
2454183.5368750  -0.498614    0.00160   -0.27247   0.00160
2454183.5405440  -0.497919    0.00160   -0.26880   0.00160
2454183.5419329  -0.497821    0.00160   -0.26621   0.00160
2454183.5438194  -0.502224    0.00160   -0.26752   0.00160
2454183.5459028  -0.502427    0.00160   -0.26653   0.00160
2454190.5917361  -0.627055    0.00220    0.25834   0.00220
2454190.5938194  -0.628071    0.00400    0.25974   0.00400
2454190.5954051  -0.626884    0.00400    0.26694   0.00400
2454190.5967940  -0.627994    0.00400    0.26694   0.00400
2454190.6007639  -0.628125    0.00220    0.26504   0.00220
2454190.6028472  -0.629441    0.00220    0.26674   0.00220
2454190.6049306  -0.630057    0.00220    0.26754   0.00220
2454190.6070139  -0.629673    0.00220    0.26864   0.00220
2454190.6090972  -0.630789    0.00220    0.27004   0.00220
2454190.6613773  -0.625101    0.00400    0.31755   0.00400
2454190.6627662  -0.625212    0.00400    0.31895   0.00400
2454190.6646528  -0.627328    0.00220    0.31785   0.00220
2454190.6667361  -0.628744    0.00220    0.32036   0.00220
2454197.3729861  -0.581598    0.00480    0.53910   0.00480
2454197.3750694  -0.582813    0.00260    0.54282   0.00260
2454197.3766551  -0.578324    0.00480    0.54322   0.00480
2454197.3780440  -0.577134    0.00260    0.54413   0.00260
2454197.3820139  -0.578362    0.00260    0.54175   0.00260
2454197.3840972  -0.578277    0.00260    0.54337   0.00260
2454197.3861806  -0.577491    0.00260    0.54458   0.00260
2454197.3882639  -0.578506    0.00260    0.54529   0.00260
2454197.3903472  -0.578821    0.00260    0.54680   0.00260
2454197.3940162  -0.575246    0.00260    0.55452   0.00260
2454197.3954051  -0.575256    0.00260    0.55613   0.00260
2454197.3972917  -0.579869    0.00260    0.55334   0.00260
2454197.3993750  -0.583184    0.00260    0.55575   0.00260
2454204.3000694  -0.378979    0.00230    0.78783   0.00230
2454204.3021528  -0.378779    0.00230    0.78814   0.00230
2454204.3037384  -0.376479    0.00230    0.79205   0.00230
2454204.3051273  -0.375779    0.00230    0.79336   0.00230
2454204.3090972  -0.375878    0.00130    0.78908   0.00130
2454204.3111806  -0.375178    0.00130    0.78949   0.00130
2454204.3132639  -0.373478    0.00130    0.79001   0.00130
2454204.3153472  -0.372577    0.00130    0.79072   0.00130
2454204.3174306  -0.372876    0.00130    0.79093   0.00130
2454204.3210995  -0.368575    0.00230    0.79485   0.00230
2454204.3224884  -0.367575    0.00230    0.79496   0.00230
2454204.3243750  -0.369474    0.00230    0.79317   0.00230
2454204.3264583  -0.368373    0.00230    0.79388   0.00230
2454211.1584028  -0.112675    0.00190    0.82604   0.00190
2454211.1604861  -0.111868    0.00190    0.82584   0.00190
2454211.1620718  -0.107862    0.00190    0.83005   0.00190
2454211.1634606  -0.106657    0.00190    0.83025   0.00190
2454211.1674306  -0.108743    0.00190    0.82915   0.00190
2454211.1695139  -0.107135    0.00190    0.82885   0.00190
2454211.1715972  -0.106228    0.00190    0.82876   0.00190
2454211.1736806  -0.105020    0.00190    0.82786   0.00190
2454211.1757639  -0.104112    0.00190    0.82736   0.00190
2454211.1801273  -0.095997    0.00350    0.82796   0.00350
2454211.1815162  -0.095391    0.00350    0.82686   0.00350
2454211.1834028  -0.098885    0.00190    0.82467   0.00190
2454211.1854861  -0.098977    0.00190    0.82497   0.00190
2454218.2215972   0.294764    0.00180    0.58266   0.00180
2454218.2236806   0.295571    0.00180    0.58146   0.00180
2454218.2252662   0.299876    0.00330    0.58585   0.00330
2454218.2266551   0.300180    0.00330    0.58575   0.00330
2454218.2306250   0.300194    0.00180    0.57954   0.00180
2454218.2327083   0.301600    0.00180    0.57714   0.00180
2454218.2347917   0.302507    0.00180    0.57553   0.00180
2454218.2368750   0.304014    0.00180    0.57463   0.00180
2454218.2389583   0.306521    0.00330    0.57342   0.00330
2454218.2426273   0.308333    0.00330    0.57222   0.00330
2454218.2440162   0.308837    0.00180    0.57181   0.00180
2454218.2459028   0.304243    0.00330    0.57051   0.00330
2454218.2479861   0.304950    0.00330    0.56880   0.00330
2454225.4167361   0.608338    0.00320   -0.02146   0.00320
2454225.4188194   0.607739    0.00320   -0.02236   0.00320
2454225.4204051   0.608139    0.00320   -0.02026   0.00320
2454225.4217940   0.608540    0.00320   -0.02316   0.00320
2454225.4257639   0.606441    0.00180   -0.02577   0.00180
2454225.4278472   0.605942    0.00180   -0.02847   0.00180
2454225.4299306   0.606743    0.00180   -0.02987   0.00180
2454225.4320139   0.606744    0.00180   -0.03147   0.00180
2454225.4340972   0.606744    0.00180   -0.03327   0.00180
2454225.4377662   0.610945    0.00320   -0.03227   0.00320
2454225.4391551   0.611246    0.00320   -0.03377   0.00320
2454225.4410417   0.609146    0.00320   -0.03827   0.00320
2454225.4431250   0.610747    0.00180   -0.04147   0.00180
2454225.4836343   0.610457    0.00320   -0.07559   0.00320
2454225.4864120   0.611158    0.00320   -0.07769   0.00320
2454225.4891898   0.611758    0.00390   -0.07999   0.00390
2454225.4919676   0.612359    0.00390   -0.08219   0.00390
2454225.4940394   0.618259    0.00390   -0.08219   0.00390
2454225.4954282   0.619060    0.00390   -0.08349   0.00390
2454225.4989005   0.619960    0.00390   -0.08559   0.00390
2454225.5002894   0.619460    0.00390   -0.08669   0.00390
2454225.5023843   0.611261    0.00210   -0.09159   0.00210
2454225.5051620   0.612461    0.00390   -0.09469   0.00390
2454225.5079398   0.612862    0.00390   -0.09729   0.00390
2454225.5107176   0.611662    0.00210   -0.09909   0.00210
2454232.2097917   0.628954    0.00180   -0.34724   0.00180
2454232.2118750   0.628553    0.00180   -0.34954   0.00180
2454232.2134606   0.630453    0.00180   -0.34963   0.00180
2454232.2148495   0.630652    0.00180   -0.35013   0.00180
2454232.2188194   0.629951    0.00100   -0.35392   0.00100
2454232.2209028   0.630851    0.00100   -0.35482   0.00100
2454232.2229861   0.629150    0.00100   -0.35572   0.00100
2454232.2250694   0.630349    0.00100   -0.35741   0.00100
2454232.2271528   0.629048    0.00100   -0.35811   0.00100
2454232.2308218   0.630247    0.00180   -0.35900   0.00180
2454232.2322106   0.628447    0.00180   -0.36100   0.00180
2454232.2340972   0.627446    0.00100   -0.36290   0.00100
2454232.2361806   0.627445    0.00180   -0.36479   0.00180
2454232.2761690   0.624131    0.00180   -0.39662   0.00180
2454232.2782523   0.623330    0.00180   -0.39931   0.00180
2454232.2803356   0.623230    0.00220   -0.40061   0.00220
2454232.2824190   0.623129    0.00120   -0.40220   0.00120
2454232.2845023   0.622828    0.00120   -0.40410   0.00120
2454232.2863368   0.621928    0.00220   -0.40470   0.00220
2454232.2877257   0.621827    0.00220   -0.40529   0.00220
2454232.2912384   0.625926    0.00220   -0.40439   0.00220
2454232.2926273   0.625025    0.00220   -0.40508   0.00220
2454232.2949190   0.621724    0.00120   -0.40988   0.00120
2454232.2970023   0.621923    0.00120   -0.41107   0.00120
2454232.2990856   0.621223    0.00120   -0.41227   0.00120
2454232.3011690   0.620822    0.00220   -0.41336   0.00220
2454232.3032523   0.620921    0.00220   -0.41576   0.00220
2454239.2688194   0.456099    0.00310   -0.74708   0.00310
2454239.2709028   0.454701    0.00310   -0.74777   0.00310
2454239.2724884   0.455002    0.00310   -0.74477   0.00310
2454239.2738773   0.454204    0.00310   -0.74616   0.00310
2454239.2778472   0.451407    0.00170   -0.75175   0.00170
2454239.2799306   0.450809    0.00170   -0.75194   0.00170
2454239.2820139   0.449611    0.00170   -0.75223   0.00170
2454239.2840972   0.448813    0.00170   -0.75293   0.00170
2454239.2861806   0.448315    0.00170   -0.75412   0.00170
2454239.2898495   0.451419    0.00170   -0.75211   0.00170
2454239.2912384   0.449520    0.00170   -0.75210   0.00170
2454239.2931250   0.445622    0.00170   -0.75520   0.00170
2454239.2952083   0.444224    0.00170   -0.75639   0.00170
2454239.3397106   0.428372    0.00310   -0.77014   0.00310
2454239.3452662   0.424979    0.00310   -0.76943   0.00310
2454239.3508218   0.422085    0.00430   -0.76961   0.00430
2454239.3563773   0.419392    0.00240   -0.77139   0.00240
2454239.3619329   0.416999    0.00240   -0.77337   0.00240
2454239.3656944   0.412903    0.00430   -0.77346   0.00430
2454239.4018056   0.391251    0.00430   -0.79055   0.00430
2454246.3306250   0.088324    0.00260   -0.83389   0.00260
2454246.3327083   0.086130    0.00260   -0.83429   0.00260
2454246.3342940   0.087434    0.00260   -0.83269   0.00260
2454246.3356829   0.087138    0.00260   -0.83319   0.00260
2454246.3396528   0.083448    0.00150   -0.83419   0.00150
2454246.3417361   0.082854    0.00150   -0.83429   0.00150
2454246.3438194   0.081060    0.00150   -0.83349   0.00150
2454246.3459028   0.079965    0.00150   -0.83359   0.00150
2454246.3479861   0.078871    0.00150   -0.83289   0.00150
2454246.3516551   0.079581    0.00150   -0.82699   0.00150
2454246.3530440   0.078484    0.00260   -0.82699   0.00260
2454246.3549306   0.075089    0.00150   -0.83049   0.00150
2454246.3570139   0.073495    0.00150   -0.83039   0.00150
2454247.1278472  -0.381654    0.00430   -0.48234   0.00430
2454247.1299306  -0.383151    0.00430   -0.48076   0.00430
2454247.1315162  -0.379850    0.00430   -0.47857   0.00430
2454247.1329051  -0.380448    0.00430   -0.47778   0.00430
2454247.1368750  -0.385444    0.00230   -0.48270   0.00230
2454247.1389583  -0.386342    0.00230   -0.48152   0.00230
2454247.1410417  -0.387439    0.00230   -0.47993   0.00230
2454247.1431250  -0.387837    0.00230   -0.47845   0.00230
2454247.1452083  -0.388335    0.00230   -0.47746   0.00230
2454247.1495718  -0.387731    0.00430   -0.46809   0.00430
2454247.1509606  -0.388629    0.00430   -0.46550   0.00430
2454247.1528472  -0.392227    0.00230   -0.46741   0.00230
2454247.1549306  -0.393225    0.00230   -0.46583   0.00230
2454247.9271528  -0.625672    0.00170    0.15020   0.00170
2454247.9292361  -0.626687    0.00170    0.15099   0.00170
2454247.9308218  -0.627397    0.00300    0.15469   0.00300
2454247.9322106  -0.627307    0.00300    0.15629   0.00300
2454247.9361806  -0.629734    0.00170    0.15568   0.00170
2454247.9382639  -0.629949    0.00170    0.15787   0.00170
2454247.9403472  -0.630863    0.00170    0.15897   0.00170
2454247.9424306  -0.630478    0.00170    0.16016   0.00170
2454247.9445139  -0.630692    0.00170    0.16195   0.00170
2454247.9481829  -0.627318    0.00170    0.16845   0.00170
2454247.9495718  -0.627227    0.00170    0.16924   0.00170
2454247.9514583  -0.629741    0.00170    0.16664   0.00170
2454247.9535417  -0.630555    0.00170    0.16843   0.00170
2454249.9917361   0.198435    0.00240    0.67744   0.00240
2454249.9938194   0.199342    0.00130    0.67664   0.00130
2454249.9954051   0.204148    0.00130    0.67994   0.00130
2454249.9967940   0.203853    0.00130    0.68033   0.00130
2454250.0007639   0.205467    0.00130    0.67603   0.00130
2454250.0028472   0.207075    0.00130    0.67482   0.00130
2454250.0049306   0.207982    0.00130    0.67392   0.00130
2454250.0070139   0.209490    0.00130    0.67302   0.00130
2454250.0090972   0.210997    0.00130    0.67191   0.00130
2454250.0127662   0.214911    0.00240    0.66961   0.00240
2454250.0141551   0.215615    0.00240    0.66860   0.00240
2454250.0160417   0.214822    0.00130    0.66720   0.00130
2454250.0181250   0.216029    0.00130    0.66570   0.00130
2454252.9889583  -0.077377    0.00280   -0.76865   0.00280
2454252.9910417  -0.079371    0.00280   -0.76725   0.00280
2454252.9926273  -0.079166    0.00280   -0.76336   0.00280
2454252.9940162  -0.080762    0.00280   -0.76266   0.00280
2454252.9979861  -0.082551    0.00150   -0.76657   0.00150
2454253.0000694  -0.084744    0.00150   -0.76517   0.00150
2454253.0021528  -0.087538    0.00150   -0.76248   0.00150
2454253.0042361  -0.088832    0.00150   -0.76198   0.00150
2454253.0063194  -0.088526    0.00150   -0.76179   0.00150
2454253.0099884  -0.091015    0.00280   -0.75470   0.00280
2454253.0113773  -0.091611    0.00280   -0.75480   0.00280
2454253.0132639  -0.094406    0.00150   -0.75820   0.00150
2454253.0153472  -0.096100    0.00150   -0.75791   0.00150
2455310.8113704   0.522551    0.00265    0.32387   0.00265
2455310.8124097   0.525353    0.00265    0.32297   0.00265
2455310.8135694   0.525854    0.00133    0.32087   0.00133
2455310.8148403   0.524857    0.00133    0.32097   0.00133
2455310.8171204   0.516560    0.00265    0.32107   0.00265
2455310.8204097   0.521264    0.00265    0.31826   0.00265
2455310.8229306   0.527868    0.00530    0.31486   0.00530
2455310.8240694   0.532070    0.00530    0.31466   0.00530
2455310.8252199   0.529671    0.00530    0.31315   0.00530
2455310.8263704   0.533673    0.00530    0.31245   0.00530
2455310.8277396   0.531075    0.00265    0.31195   0.00265
2455310.8288194   0.532476    0.00265    0.31055   0.00265
2455310.8299005   0.534278    0.00265    0.31005   0.00265
2455310.8309699   0.532679    0.00265    0.31084   0.00265
2455310.8323796   0.534382    0.00133    0.30774   0.00133
2455310.8336505   0.534383    0.00133    0.30424   0.00133
2455310.8359306   0.536386    0.00530    0.31084   0.00530
2455310.8392199   0.531090    0.00265    0.30513   0.00265
2455310.8413796   0.535693    0.00265    0.30183   0.00265
2455310.8424201   0.538695    0.00265    0.30053   0.00265
2455338.1764201   0.322144    0.00265   -0.80108   0.00265
2455338.1774595   0.319447    0.00265   -0.79928   0.00265
2455338.1786204   0.323249    0.00133   -0.80217   0.00133
2455338.1798900   0.319452    0.00133   -0.80107   0.00133
2455338.1821701   0.315356    0.00265   -0.80107   0.00265
2455338.1854595   0.310163    0.00265   -0.80256   0.00265
2455338.1879699   0.315268    0.00530   -0.80266   0.00530
2455338.1891204   0.314671    0.00265   -0.80305   0.00265
2455338.1902697   0.313973    0.00530   -0.80275   0.00530
2455338.1914097   0.312976    0.00530   -0.80335   0.00530
2455338.1927905   0.313079    0.00265   -0.80255   0.00265
2455338.1938704   0.310980    0.00265   -0.80325   0.00265
2455338.1949398   0.311983    0.00265   -0.80334   0.00265
2455338.1960197   0.310085    0.00265   -0.80364   0.00265
2455338.1974201   0.310088    0.00133   -0.80144   0.00133
2455338.1987002   0.308391    0.00133   -0.80344   0.00133
2455338.2009803   0.306596    0.00133   -0.79843   0.00133
2455338.2042697   0.307603    0.00265   -0.80133   0.00265
2455338.2064306   0.302407    0.00265   -0.80432   0.00265
2455338.2074699   0.301810    0.00265   -0.80622   0.00265
2455341.4382199  -0.281098    0.00265    0.81113   0.00265
2455341.4392697  -0.279695    0.00265    0.81183   0.00265
2455341.4404201  -0.278092    0.00133    0.81113   0.00133
2455341.4417002  -0.277288    0.00133    0.80944   0.00133
2455341.4439803  -0.277082    0.00265    0.81444   0.00265
2455341.4472604  -0.280973    0.00265    0.81075   0.00265
2455341.4497801  -0.269266    0.00530    0.81156   0.00530
2455341.4509306  -0.272463    0.00530    0.81336   0.00530
2455341.4520694  -0.268760    0.00530    0.81276   0.00530
2455341.4532199  -0.268957    0.00530    0.81296   0.00530
2455341.4545903  -0.268053    0.00265    0.81337   0.00265
2455341.4556701  -0.267450    0.00265    0.81227   0.00265
2455341.4567500  -0.267548    0.00265    0.81337   0.00265
2455341.4578194  -0.265745    0.00265    0.81348   0.00265
2455341.4592303  -0.266740    0.00265    0.81308   0.00265
2455341.4605000  -0.268437    0.00133    0.81238   0.00133
2455341.4627801  -0.264231    0.00530    0.81799   0.00530
2455341.4660694  -0.265922    0.00265    0.81559   0.00265
2455341.4682303  -0.263615    0.00265    0.81340   0.00265
2455341.4692801  -0.261512    0.00265    0.81550   0.00265
2455349.4388600   0.632944    0.00265    0.08733   0.00265
2455349.4399005   0.634244    0.00265    0.08613   0.00265
2455349.4410602   0.637545    0.00133    0.08643   0.00133
2455349.4423299   0.635845    0.00265    0.08473   0.00265
2455349.4446100   0.632546    0.00133    0.08633   0.00133
2455349.4479005   0.634846    0.00265    0.08402   0.00265
2455349.4504201   0.638547    0.00530    0.08092   0.00530
2455349.4515602   0.638747    0.00530    0.07602   0.00530
2455349.4527095   0.638448    0.00530    0.07582   0.00530
2455349.4538495   0.639448    0.00530    0.07562   0.00530
2455349.4552303   0.639048    0.00265    0.07472   0.00265
2455349.4563102   0.639048    0.00265    0.07472   0.00265
2455349.4573796   0.639849    0.00265    0.07252   0.00265
2455349.4584595   0.641349    0.00265    0.07272   0.00265
2455349.5075995   0.650555    0.00133    0.03230   0.00133
2455349.5088704   0.652855    0.00265    0.03009   0.00265
2455349.5111505   0.648155    0.00265    0.02899   0.00265
2455349.5144398   0.653155    0.00265    0.02719   0.00265
2455349.5165995   0.651755    0.00265    0.02479   0.00265
2455349.5176400   0.653856    0.00265    0.02479   0.00265
2455358.8123796  -0.565865    0.00265   -0.25237   0.00265
2455358.8134201  -0.566167    0.00265   -0.25097   0.00265
2455358.8145799  -0.567370    0.00265   -0.25138   0.00265
2455358.8158495  -0.568073    0.00265   -0.24979   0.00265
2455358.8180498  -0.576179    0.00265   -0.24840   0.00265
2455358.8211701  -0.569386    0.00265   -0.24402   0.00265
2455358.8236100  -0.570393    0.00530   -0.24194   0.00530
2455358.8247604  -0.569295    0.00133   -0.24154   0.00133
2455358.8259005  -0.570498    0.00530   -0.23995   0.00530
2455358.8270498  -0.569401    0.00530   -0.23966   0.00530
2455358.8284306  -0.570305    0.00265   -0.23727   0.00265
2455358.8295000  -0.571108    0.00265   -0.23777   0.00265
2455358.8305799  -0.571510    0.00265   -0.23668   0.00265
2455358.8316597  -0.573413    0.00265   -0.23579   0.00265
2455358.8330602  -0.571817    0.00133   -0.23640   0.00133
2455358.8343299  -0.575420    0.00133   -0.23390   0.00133
2455358.8365301  -0.579926    0.00265   -0.22612   0.00265
2455358.8396597  -0.577034    0.00265   -0.22824   0.00265
2455358.8417396  -0.576540    0.00265   -0.22865   0.00265
2455358.8427801  -0.577943    0.00265   -0.22676   0.00265
2455372.7937303  -0.573412    0.00265    0.63176   0.00265
2455372.7947697  -0.574815    0.00265    0.63156   0.00265
2455372.7959306  -0.573119    0.00133    0.63387   0.00133
2455372.7972002  -0.573125    0.00265    0.63288   0.00265
2455372.7993900  -0.575133    0.00265    0.63329   0.00265
2455372.8024803  -0.570844    0.00265    0.63331   0.00265
2455372.8049005  -0.569253    0.00530    0.63793   0.00530
2455372.8060405  -0.568157    0.01087    0.64013   0.01087
2455372.8071898  -0.567361    0.00530    0.63854   0.00530
2455372.8083299  -0.568565    0.00133    0.64105   0.00133
2455372.8097095  -0.566370    0.00265    0.64105   0.00265
2455372.8107905  -0.567474    0.00265    0.64166   0.00265
2455372.8118600  -0.566978    0.00265    0.64087   0.00265
2455372.8129398  -0.565781    0.00265    0.64297   0.00265
2455372.8143495  -0.568586    0.00265    0.64088   0.00265
2455372.8156204  -0.566091    0.00080    0.64269   0.00080
2455372.8177998  -0.570599    0.00265    0.64580   0.00265
2455372.8208900  -0.571009    0.00265    0.64332   0.00265
2455372.8229595  -0.563917    0.00265    0.64493   0.00265
2455372.8240000  -0.563120    0.00265    0.64714   0.00265
2455380.3191296   0.087658    0.00265    0.74465   0.00265
2455380.3201701   0.087862    0.00265    0.74544   0.00265
2455380.3213299   0.090566    0.00265    0.74834   0.00265
2455380.3225995   0.089771    0.00265    0.74764   0.00265
2455380.3248194   0.094279    0.00133    0.74014   0.00133
2455380.3279896   0.092790    0.00265    0.74414   0.00265
2455380.3304502   0.094299    0.00265    0.74194   0.00265
2455380.3315995   0.096403    0.00530    0.74423   0.00530
2455380.3327396   0.098108    0.00530    0.74183   0.00530
2455380.3338900   0.097012    0.00530    0.74343   0.00530
2455380.3352697   0.097117    0.00265    0.74143   0.00265
2455380.3363403   0.098421    0.00265    0.74043   0.00265
2455380.3374201   0.099825    0.00265    0.74193   0.00265
2455380.3385000   0.100429    0.00265    0.73903   0.00265
2455380.3399005   0.100634    0.00133    0.74063   0.00133
2455380.3411701   0.102239    0.00265    0.73903   0.00265
2455380.3434005   0.099647    0.00265    0.73212   0.00265
2455380.3465694   0.094058    0.00265    0.74002   0.00265
2455380.3486701   0.107666    0.00265    0.73562   0.00265
2455380.3497199   0.107170    0.00265    0.73522   0.00265
2455383.5813299  -0.129936    0.00265   -0.72296   0.00265
2455383.5823704  -0.133033    0.00265   -0.72017   0.00265
2455383.5835197  -0.132730    0.00265   -0.71907   0.00265
2455383.5847998  -0.135626    0.00265   -0.71967   0.00265
2455383.5870405  -0.129319    0.00265   -0.72348   0.00265
2455383.5902396  -0.136410    0.00265   -0.72129   0.00265
2455383.5927199  -0.140903    0.00265   -0.71760   0.00265
2455383.5938704  -0.141199    0.00530   -0.71760   0.00530
2455383.5950104  -0.140796    0.00265   -0.71641   0.00265
2455383.5961597  -0.141792    0.00530   -0.71501   0.00530
2455383.5975301  -0.141788    0.00265   -0.71581   0.00265
2455383.5986100  -0.143485    0.00265   -0.71442   0.00265
2455383.5996898  -0.144082    0.00265   -0.71472   0.00265
2455383.6007604  -0.143679    0.00265   -0.71372   0.00265
2455383.6021701  -0.146074    0.00265   -0.71143   0.00265
2455383.6034398  -0.147471    0.00265   -0.71223   0.00265
2455383.6056806  -0.146164    0.00133   -0.71244   0.00133
2455383.6088900  -0.150655    0.00265   -0.71405   0.00265
2455383.6110104  -0.151349    0.00265   -0.71056   0.00265
2455383.6120498  -0.151345    0.00265   -0.71076   0.00265
2455392.3309699  -0.395932    0.00265    0.77828   0.00265
2455392.3320104  -0.395931    0.00265    0.77859   0.00265
2455392.3331701  -0.395029    0.00133    0.77879   0.00133
2455392.3660602  -0.380789    0.00265    0.79333   0.00265
2455392.3683403  -0.380586    0.00133    0.78844   0.00133
2455392.3716296  -0.379481    0.00133    0.78715   0.00133
2455392.3741400  -0.371877    0.00530    0.78836   0.00530
2455392.3752905  -0.370476    0.00530    0.78907   0.00530
2455392.3764398  -0.371774    0.00530    0.78977   0.00530
2455392.3775799  -0.368272    0.00265    0.79097   0.00265
2455392.3789595  -0.369970    0.00530    0.78988   0.00530
2455392.3800301  -0.369269    0.00265    0.78988   0.00265
2455392.3811100  -0.369467    0.00265    0.79099   0.00265
2455392.3821898  -0.367065    0.00265    0.79179   0.00265
2455392.3835903  -0.367463    0.00133    0.79350   0.00133
2455392.3848704  -0.368361    0.00133    0.79110   0.00133
2455392.3871505  -0.364457    0.00265    0.77821   0.00265
2455392.3904306  -0.374252    0.00265    0.78842   0.00265
2455392.3925995  -0.363549    0.00265    0.79283   0.00265
2455392.3936400  -0.361547    0.00265    0.79394   0.00265
2455402.2193495   0.214962    0.00265   -0.81861   0.00265
2455402.2203900   0.213465    0.00265   -0.81711   0.00265
2455402.2215498   0.212367    0.00133   -0.81441   0.00133
2455402.2228194   0.208771    0.00133   -0.81511   0.00133
2455402.2250995   0.217076    0.00265   -0.82150   0.00265
2455402.2283900   0.213984    0.00265   -0.82230   0.00265
2455402.2309005   0.204991    0.00530   -0.81640   0.00530
2455402.2320498   0.205693    0.00265   -0.81960   0.00265
2455402.2331898   0.205096    0.00530   -0.81880   0.00530
2455402.2343403   0.204899    0.00530   -0.81890   0.00530
2455402.2357199   0.204503    0.00265   -0.81829   0.00265
2455402.2367905   0.203005    0.00265   -0.81659   0.00265
2455402.2378704   0.203508    0.00265   -0.81809   0.00265
2455402.2389502   0.203011    0.00265   -0.81709   0.00265
2455402.2403495   0.200214    0.00265   -0.81629   0.00265
2455402.2416296   0.199518    0.00133   -0.81729   0.00133
2455402.2439097   0.199223    0.00133   -0.81979   0.00133
2455402.2471898   0.200132    0.00265   -0.82079   0.00265
2455402.2493600   0.195037    0.00265   -0.81798   0.00265
2455402.2504005   0.196640    0.00265   -0.81858   0.00265
2455422.9204803  -0.616363    0.00265   -0.06009   0.00265
2455422.9215197  -0.617868    0.00265   -0.05670   0.00265
2455422.9226806  -0.615574    0.00133   -0.05530   0.00133
2455422.9239502  -0.618380    0.00265   -0.05461   0.00265
2455422.9262303  -0.613292    0.00265   -0.05572   0.00265
2455422.9295197  -0.616408    0.00265   -0.05603   0.00265
2455422.9320405  -0.620221    0.00265   -0.04754   0.00265
2455422.9331806  -0.620926    0.00265   -0.04775   0.00265
2455422.9343299  -0.621432    0.00530   -0.04695   0.00530
2455422.9354699  -0.621137    0.00530   -0.04426   0.00530
2455422.9368495  -0.619944    0.00265   -0.04547   0.00265
2455422.9379306  -0.622350    0.00265   -0.04357   0.00265
2455422.9390000  -0.621455    0.00265   -0.04318   0.00265
2455422.9400799  -0.622261    0.00265   -0.04158   0.00265
2455422.9414896  -0.620168    0.00133   -0.04049   0.00133
2455422.9427604  -0.625774    0.00133   -0.03999   0.00133
2455422.9450405  -0.616886    0.00133   -0.04140   0.00133
2455422.9483299  -0.624203    0.00265   -0.03652   0.00265
2455422.9504896  -0.624114    0.00265   -0.03483   0.00265
2455422.9515301  -0.624920    0.00530   -0.03423   0.00530
2455446.0906100   0.599585    0.00265   -0.53402   0.00265
2455446.0916505   0.600885    0.00265   -0.53622   0.00265
2455446.0928102   0.600584    0.00133   -0.53392   0.00133
2455446.0940799   0.599784    0.00265   -0.53531   0.00265
2455446.0963600   0.607183    0.00265   -0.54580   0.00265
2455446.0996505   0.601282    0.00265   -0.54389   0.00265
2455446.1021597   0.597882    0.00265   -0.54249   0.00265
2455446.1033102   0.597981    0.00530   -0.54248   0.00530
2455446.1044595   0.597781    0.00530   -0.54378   0.00530
2455446.1055995   0.595281    0.00133   -0.54447   0.00133
2455446.1069803   0.596980    0.00265   -0.54657   0.00265
2455446.1080602   0.596580    0.00265   -0.54517   0.00265
2455446.1091296   0.594080    0.00265   -0.54476   0.00265
2455446.1102095   0.595079    0.00265   -0.54696   0.00265
2455446.1116100   0.592879    0.00133   -0.54606   0.00133
2455446.1128900   0.594679    0.00133   -0.54815   0.00133
2455446.1151701   0.598978    0.00265   -0.55574   0.00265
2455446.1184502   0.594577    0.00265   -0.55093   0.00265
2455446.1206204   0.591677    0.00265   -0.55213   0.00265
2455446.1216597   0.592577    0.00265   -0.55412   0.00265
