1965 04 28.17   0.8    170   1
1965 04 29.15   0.7    140   1
1965 04 29.30   0.6    140   1
1965 04 30.18   0.4     85   1
1965 05  1.15   0.8      0   1
1965 05  2.15   0.5    350   1
1970 06 13.17 -99.99   160   1
1970 06 15.17 -99.99    30   1
1970 06 16.17 -99.99   350   1
1970 06 17.16 -99.99   320   1
1970 06 19.16 -99.99   170   1
1977 05 22.23 -99.99   180   2
1978 04 13.31   0.7    170   1
1978 04 20.29   0.7    160   1
1978 05 12.22   0.7    345   1
1978 07  1.20 -99.99    10   1
1978 07  2.17   0.8    350   1
1978 07  5.15 -99.99   175   1
1978 07  6.00 -99.99   166   3
1978 07  8.17   0.84   999   1
1979 03  8.41   0.6    345   1
1979 04  6.34   0.7    160   1
1979 04 22.18   0.87   349   4
1979 04 28.30   0.5    355   1
