2452436.846680    1     0.4410   0.1192  -1.5552   0.3647  -0.9313   1.8835
2452440.051972    7    -0.4501  -0.1106  -1.6298   1.7786  -0.1570   2.1420
2452444.261280    3     0.4292  -0.6855  -0.7003   2.8137   1.0598   0.4708
2452458.083533    5     0.0046  -0.8393   1.6193  -1.4142  -1.1989   0.1416
2452472.979577    9    -0.4322   0.6662  -1.3802  -0.5628   1.0678  -1.3731
2452550.688720   11    -0.0244   0.8020  -1.4565   0.0808   0.4552  -2.0719
2452688.548688    6    -0.2570  -0.5580   1.6226  -1.7965  -0.1714   1.9567
2452750.256191    2     0.5371  -0.2559  -0.8133   2.8203   0.3261  -2.1782
2452772.616060    8    -0.5422   0.2580  -0.0662  -2.6896   0.9587  -1.9108
2452787.606155   12     0.2843   0.5381  -1.0365   2.8517  -0.2195   2.2236
2452789.659917    4     0.2797  -0.8646  -0.5195   2.8330   0.4735   1.6385
2452799.257479   10    -0.2771   0.8657   1.6553  -0.0007   0.5006  -2.1083
