2451830.4622639  20 24 13.132 -19 07 09.98
2451830.4773738  20 24 13.115 -19 07 09.71
2451830.4953241  20 24 13.134 -19 07 09.65
2451830.5039873  20 24 13.130 -19 07 09.44
2452147.6038079  20 36 04.416 -18 28 30.91
2452147.6066273  20 36 04.355 -18 28 31.23
2452147.6081435  20 36 04.342 -18 28 31.23
2452147.6100000  20 36 04.319 -18 28 31.41
2452147.6185810  20 36 04.282 -18 28 31.84
2452147.6215382  20 36 04.264 -18 28 31.94
2452147.6250579  20 36 04.247 -18 28 31.94
2452147.6292512  20 36 04.206 -18 28 32.20
2452147.6332292  20 36 04.187 -18 28 32.28
2452147.6370185  20 36 04.172 -18 28 32.52
2452147.6432222  20 36 04.128 -18 28 32.77
2452147.6480336  20 36 04.107 -18 28 32.74
2452147.6646562  20 36 04.030 -18 28 33.43
2452147.6675938  20 36 04.005 -18 28 33.42
2452147.6768692  20 36 03.958 -18 28 33.79
2452495.4940787  20 47 05.561 -17 50 41.70
2452495.4978310  20 47 05.547 -17 50 41.80
2452495.4988368  20 47 05.535 -17 50 41.80
2452495.5009352  20 47 05.502 -17 50 42.00
2452495.5023079  20 47 05.506 -17 50 41.98
2452495.5034271  20 47 05.498 -17 50 42.00
2452495.5043507  20 47 05.459 -17 50 42.00
2452495.5052581  20 47 05.481 -17 50 42.11
2452495.5063843  20 47 05.475 -17 50 42.34
2452495.5075995  20 47 05.466 -17 50 42.22
2452495.5088576  20 47 05.455 -17 50 42.28
2452495.5099444  20 47 05.471 -17 50 42.51
2452495.5112581  20 47 05.443 -17 50 42.41
2452495.5140451  20 47 05.419 -17 50 42.89
2452495.5154167  20 47 05.419 -17 50 42.50
2452495.5168553  20 47 05.389 -17 50 42.41
2452495.5181875  20 47 05.398 -17 50 42.67
2452495.5194294  20 47 05.391 -17 50 42.83
2452495.5206111  20 47 05.389 -17 50 42.76
2452495.5218484  20 47 05.380 -17 50 42.72
2452495.5230995  20 47 05.366 -17 50 42.76
2452495.5241458  20 47 05.369 -17 50 42.82
2452495.5267593  20 47 05.380 -17 50 42.94
2452496.5434352  20 46 58.674 -17 51 08.47
2452496.5899282  20 46 58.345 -17 51 10.14
2452496.6579387  20 46 57.908 -17 51 12.93
2452496.6591690  20 46 57.923 -17 51 12.99
2452496.6606435  20 46 57.910 -17 51 13.10
2452496.6617801  20 46 57.891 -17 51 13.16
2452496.6628414  20 46 57.899 -17 51 13.13
2452496.6637338  20 46 57.874 -17 51 13.22
2452496.6647002  20 46 57.875 -17 51 13.55
2452496.6658171  20 46 57.869 -17 51 13.13
2452496.6680324  20 46 57.872 -17 51 13.52
2452496.6691701  20 46 57.856 -17 51 13.29
2452496.6702060  20 46 57.855 -17 51 13.43
2452496.6712338  20 46 57.846 -17 51 13.39
2452496.6722199  20 46 57.833 -17 51 13.47
2452496.6734502  20 46 57.848 -17 51 13.81
2452496.6744873  20 46 57.819 -17 51 13.74
2452496.6782905  20 46 57.853 -17 51 12.06
2452496.6806030  20 46 57.782 -17 51 13.71
2452496.6815498  20 46 57.790 -17 51 13.84
2452496.6862986  20 46 57.751 -17 51 14.14
2452496.6900127  20 46 57.721 -17 51 14.17
2452496.6922778  20 46 57.706 -17 51 14.34
2452496.6933935  20 46 57.711 -17 51 14.42
