1899 09 28 12 40 00   53.09   14.37
1899 10 10 12 03 00   42.67   12.81
1899 10 12 12 11 00  261.23   16.74
1899 10 16 11 40 00   32.27   12.90
1900 01 17 10 02 00   80.52  -99.99
1900 01 18 08 58 00   42.34   14.45
1900 01 24 10 45 00   28.55   12.35
1902 01 06 11 14 00  305.45   12.95 
1902 01 06 12 15 00  304.97   12.76
1902 01 14 11 37 00  196.04   11.10
1902 01 14 12 05 00  194.79   11.34
1902 01 24 09 07 00  288.68   14.22
1902 01 24 09 37 00  288.54   14.69
1902 01 28 12 07 00   59.11   15.31
1902 01 28 12 36 00   57.33   14.59
1902 01 29 10 37 00  351.95   10.59
1902 01 29 11 15 00  348.32   10.76
1902 01 30 09 17 00  282.47   15.24
1902 01 31 08 09 00  244.46   16.11
1902 02 10 08 55 00  336.31   10.97
1902 02 10 09 21 00  333.62   10.95
1902 02 11 07 09 00  276.54   15.87
1902 02 11 07 37 00  274.28   15.82
1902 02 11 08 11 00  274.10   15.98
1902 02 11 08 39 00  273.77   16.03
1902 02 12 07 51 00  232.95   14.76
1902 02 13 08 13 00  152.02   10.66
1902 02 15 08 03 00   49.03   13.98
1902 02 15 09 04 00   47.37   13.74
1902 02 16 07 06 00  329.90   10.84
1902 02 16 08 20 00  326.31   11.11
1902 02 28 07 59 00  309.12   12.27
1902 02 28 08 49 00  307.92   12.04
1902 02 28 09 26 00  305.35   12.46
1902 03 01 08 27 00  257.77   16.40
1902 03 03 07 20 00  126.21   12.59
1902 03 03 08 05 00  124.49   12.62
1902 03 03 08 29 00  122.94   12.60
1902 03 03 09 06 00  121.35   12.62
1902 03 03 09 35 00  120.97   13.03
1902 03 17 09 50 00  356.31   10.71
1902 03 19 07 59 00  245.26   15.51
1902 03 19 08 25 00  244.30   15.27
1902 03 19 08 52 00  243.15   15.35
1902 03 21 08 06 00  103.04   14.89
1902 03 21 08 35 00  103.08   14.68
1902 03 21 09 16 00  100.42   14.64
1902 03 22 09 25 00   59.54   14.87
1902 03 25 06 58 00  239.55   15.08
1902 03 25 08 33 00  238.57   14.82
1902 03 25 09 04 00  237.66   14.98
1902 03 27 07 58 00   99.52   14.97
1902 03 27 08 20 00   95.90   15.60
1902 03 27 08 47 00   96.41   15.61
1902 03 27 09 13 00   95.62   15.48
1902 04 06 08 02 00  227.24   13.33
1902 04 10 08 12 00  319.17   11.03
1902 04 10 08 38 00  316.67   11.17
1907 02 21 10 35 14  116.28   14.52
1907 02 28 07 48 08   73.52   15.80
