1898  9 9  22 44 15 127.40  -99.99
1898  9 9  22 52 52   999      11.86
1898  9 9  23 1 30  125.08  -99.99
1898  9 12 22 31 30 302.67  -99.99
1898  9 12 22 40 52   999      12.53
1898  9 12 22 55 12  299.48  -99.99
1898  9 14 22 9 30   204.47   -99.99
1898  9 14 22 21 45   999      12.29
1898  9 14 22 32 45  203.20   -99.99
1898  9 18 22 9 30   293.55  -99.99
1898  9 18 22 23 45   999      13.37
1898  9 18 22 37 30  292.47  -99.99
1898  9 19 22 23 0   249.27   -99.99
1898  9 19 22 34 45   999      16.42
1898  9 19 22 49 45  248.15   -99.99
1898  9 22 21 50 45  66.98  -99.99
1898  9 22 21 58 45   999      16.34
1898  9 22 22 8 30   66.90  -99.99
1898  9 27 22 18 45  102.55  -99.99
1898  9 27 22 31 30   999      14.51
1898  9 27 22 42 45  101.18  -99.99
1898  9 29 21 58 15   356.40  -99.99
1898  9 29 22 11 38   999      10.37
1898  9 29 22 22 30  355.95  -99.99
1898 10 17 21 57 15  322.43  -99.99
1898 10 17 22 8 15    999      11.32
1898 10 17 22 18 0   322.07  -99.99
1898 10 21 21 53 30   82.70  -99.99
1898 10 21 22 6 30    999      16.57
1898 10 21 22 15 45   81.47  -99.99
1898 11 9  22 53 30   9.52  -99.99
1898 11 9  23 5 7     999      10.54
1898 11 9  23 13 45   6.43  -99.99
1898 12 7  20 9 45    84.10  -99.99
1898 12 7  20 24 6    999      16.84
1898 12 7  20 37 30   83.07  -99.99
