1912 12 9  13  6 21    311.740   -99.99
1912 12 9  13  8 27    999       16.01
1912 12 9  13 57 32    310.845   -99.99
1912 12 9  13 56 21    999       16.09
1912 12 13 12 44 12    89.326    -99.99
1912 12 13 12 42 11    999       15.24
1912 12 13 13 23 23    87.929    -99.99
1912 12 13 13 28 1     999       15.14
1912 12 19 13 1  21    83.534    -99.99
1912 12 19 12 55 38    999       14.72
1912 12 19 13 47 11    82.045    -99.99
1912 12 19 13 48 55    9999      14.37
1912 12 28 11 45 0     253.933   -99.99
1912 12 28 11 45 54    999       13.90
1912 12 28 12 24 33    255.217   -99.99
1912 12 28 12 27 1     999       13.80
1912 12 28 14 18 1     246.588   -99.99
1912 12 28 14 20 34    999       12.88
1912 12 28 15 5 41     245.144   -99.99
1912 12 28 15 3 57     999       13.27
1912 12 30 12 15 43    118.216   -99.99
1912 12 30 12 17 27    999       16.72
1912 12 30 12 55 7     114.187   -99.99
1912 12 30 12 56 16    999       16.72
1913 1  1  10 33 44    349.479   -99.99
1913 1  1  10 28 58    999       12.15
1913 1  1  11 32 40    347.940   -99.99
1913 1  1  11 28 21    999       12.16
1913 1  8  11 49 14    287.646   -99.99
1913 1  8  11 50 22    999       17.26
1913 1  8  13 13 12    286.270   -99.99
1913 1  8  13 13 12    999       17.03
1913 1  9  13 46 48    229.721   -99.99
1913 1  9  13 52 56    999       11.51
1913 1  14 13 42 43    280.546   -99.99
1913 1  14 13 50 0     999       16.84
1913 1  14 14 20 56    277.980   -99.99
1913 1  14 14 21 2     999       16.65
1913 1  14 14 54 35    276.232   -99.99
1913 1  14 14 58 1     999       16.56
1913 1  14 15 26 6     276.474   -99.99
1913 1  14 15 25 13    999       16.41
1913 2  4  11 25 50    86.757    -99.99
1913 2  4  11 26 32    999       15.16
1913 2  4  11 47 42    85.362    -99.99
1913 2  4  12 5 30     999       14.90
1913 2  6  11 10 15    304.288   -99.99
1913 2  6  11 10 9     999       16.43
1913 2  6  11 43 12    303.276   -99.99
1913 2  6  11 43 12    999       16.54
1913 2  7  9  49 9     264.941   -99.99
1913 2  7  9  51 25    999       15.71
1913 2  7  10 26 55    264.269   -99.99
1913 2  7  10 28 55    999       15.30
1913 2  12 11 9  58    300.644   -99.99
1913 2  12 11 12 34    999       16.75
1913 2  12 11 44 43    297.223   -99.99
1913 2  12 11 44 9     999       16.61
1913 2  13 8  26 53    262.009   -99.99
1913 2  13 8  26 40    999       14.99
1913 2  13 9  12 36    261.187   -99.99
1913 2  13 9  12 54    999       14.80
1913 2  15 10 42 59    118.263   -99.99
1913 2  15 10 25 24    999       16.22
1913 2  15 11 39 10    115.934   -99.99
1913 2  15 11 39 4     999       16.50
1913 2  18 10 16 39    296.063   -99.99
1913 2  18 10 16 35    999       17.12
1913 2  18 10 56 25    294.426   -99.99
1913 2  18 10 58 36    999       17.15
1913 2  25 9  59 36    243.687   -99.99
1913 2  25 9  59 51    999       13.37
1913 2  25 10 42 11    240.907   -99.99
1913 2  25 10 43 36    999       13.09
1913 2  28 7  57 41    66.499    -99.99
1913 2  28 7  59 7     999       13.66
1913 2  28 8  23 17    65.263    -99.99
1913 2  28 8  23 58    999       12.69
1913 2  28 9  59 48    61.339    -99.99
1913 2  28 10 2  9     999       13.06
1913 2  28 10 22 49    59.655    -99.99
1913 2  28 10 22 47    999       11.81
1913 3  5  10 59 40    101.958   -99.99
1913 3  5  11  1 10    999       16.37
1913 3  5  11 19 57    102.204   -99.99
1913 3  5  11 22 30    999       16.23
1913 3  6  10 3  18    51.113    -99.99
1913 3  6  10 4  8     999       11.52
1913 3  6  10 27 33    50.220    -99.99
1913 3  6  10 29 4     999       12.18
1913 3  7  8  4  20    333.588   -99.99
1913 3  7  8  5  49    999       13.55
1913 3  7  8  34 13    331.611   -99.99
1913 3  7  8  36 39    999       12.79
1913 3  7  10 10 3     327.247   -99.99
1913 3  7  10 18 30    999       14.31
1913 3  8  7  48 13    285.387   -99.99
1913 3  8  7  48 47    999       16.69
1913 3  8  8  4  12    285.566   -99.99
1913 3  8  8  4  27    999       16.78
1913 3  18 10 14 28    29.531    -99.99
1913 3  18 10 14 29    999       10.83
1913 3  18 10 34 4     27.725    -99.99
1913 3  18 10 33 56    999       11.04
1913 3  20 7  59 55    275.701   -99.99
1913 3  20 8  0  30    999       16.33
1913 3  20 8  18 40    274.719   -99.99
1913 3  20 8  20 42    999       16.03
1913 3  20 9  12 30    272.832   -99.99
1913 3  20 9  14 8     999       16.00
1913 3  20 9  29 16    272.366   -99.99
1913 3  20 9  29 38    999       15.99
1913 3  22 9  47 37    132.153   -99.99
1913 3  22 9  47 39    999       14.93
1913 3  22 10 6  43    131.423   -99.99
1913 3  22 10 6  57    999       15.31
1913 3  24 9  23 20    23.164    -99.99
1913 3  24 9  27 0     999       10.92
1913 3  24 9  54 4     21.411    -99.99
1913 3  24 9  53 50    999       10.69
1913 3  28 7  53 19    129.725   -99.99
1913 3  28 7  54 27    999       15.20
1913 3  28 8  13 21    129.202   -99.99
1913 3  28 8  13 2     999       15.49
1913 3  28 10 12 56    125.031   -99.99
1913 3  28 10 13 12    999       15.610
1913 3  28 10 32 22    124.187   -99.99
1913 3  28 10 33 28    999       15.94
1913 3  29 8  6  16    86.215    -99.99
1913 3  29 8  7  24    999       15.04
1913 3  29 8  25 13    85.949    -99.99
1913 3  29 8  26 59    999       15.21
1913 3  29 9  3  46    84.096    -99.99
1913 3  29 9  4  8     999       14.93
1913 3  29 9  24 6     83.580    -99.99
1913 3  28 9  25 51    999       14.38
1913 3  31 8  11 18    306.748   -99.99
1913 3  31 8  12 43    999       15.65
1913 3  31 8  32 31    305.604   -99.99
1913 3  31 8  32 56    999       15.52
1913 3  31 9  16 58    304.325   -99.99
1913 3  31 9  17 5     999       16.07
1913 3  31 9  39 33    303.695   -99.99
1913 3  31 9  39 54    999       16.17
1913 4  1  8  38 9     262.994   -99.99
1913 4  1  8  37 2     999       15.10
1913 4  1  8  57 56    261.667   -99.99
1913 4  1  8  57 46    999       14.81
1913 4  1  9  42 53    259.273   -99.99
1913 4  1  9  44 29    999       14.30
1913 4  1  10 2  11    259.086   -99.99
1913 4  1  10 3  2     999       14.49
1913 4  5  7  54 54    5.541     -99.99
1913 4  5  7  55 7     999       11.00
1913 4  5  8  19 46    3.576     -99.99
1913 4  5  8  20 38    999       11.25
1913 4  7  7  49 36    257.899   -99.99
1913 4  7  7  50 0     999       14.45
1913 4  7  8  12 9     256.908   -99.99
1913 4  7  8  14 31    999       14.14
1913 4  17 9  34 51    338.835   -99.99
1913 4  17 9  34 3     999       12.32
1913 4  17 10 0  42    337.187   -99.99
1913 4  17 10 0  43    999       12.49
1913 4  19 8  36 12    241.220   -99.99
1913 4  19 8  35 52    999       13.04
1913 4  19 8  59 40    240.577   -99.99
1913 4  19 8  59 45    999       12.36
1913 4  21 8  30 32    107.420   -99.99
1913 4  21 8  30 55    999       16.19
1913 4  21 8  49 19    106.772   -99.99
1913 4  21 8  49 58    999       16.05
1913 4  22 8  20 34    57.966    -99.99
1913 4  22 8  20 9     999       12.04
1913 4  22 8  39 20    57.155    -99.99
1913 4  22 8  39 20    999       12.15
1913 4  24 7  58 15    285.542   -99.99
1913 4  24 7  58 56    999       16.52
1913 4  24 8  19 0     285.905   -99.99
1913 4  24 8  20 15    999       16.52
1913 5  1  8  19 43    223.487   -99.99
1913 5  1  8  20 46    999       11.25
1913 5  1  8  47 15    221.857   -99.99
1913 5  1  8  48 42    999       10.74
1913 5  3  8  9  44    98.382    -99.99
1913 5  3  8  10 22    999       15.48
1913 5  3  8  31 44    97.645    -99.99
1913 5  3  8  32 50    999       15.89
1913 5  8  8  20 54    135.286   -99.99
1913 5  8  8  21 20    999       13.69
1913 5  8  8  49 20    134.880   -99.99
1913 5  8  8  47 37    999       14.52
1918 12 17 12 42 36    269.966   -99.99
1918 12 17 12 45 55    999       13.32
1918 12 17 13 28 59    266.174   -99.99
1918 12 17 13 32 48    999       13.35
1918 12 18 13 14 55    181.461   -99.99
1918 12 18 13 12 2     999       11.07
1918 12 18 14 35 31    177.181   -99.99
1918 12 18 14 34 31    999       12.38
1918 12 19 12 40 17    131.620   -99.99
1918 12 19 12 40 26    999       16.75
1918 12 19 13 18 6     130.090   -99.99
1918 12 19 13 19 9     999       16.97
1918 12 28 13 47 50    301.102   -99.99
1918 12 28 13 50 23    999       17.16
1918 12 28 15 26 18    298.338   -99.99
1918 12 28 15 29 7     999       16.57
1918 12 29 12 7  26    257.973   -99.99
1918 12 29 12 11 43    999       12.94
1918 12 29 13 57 36    249.311   -99.99
1918 12 29 13 58 17    999       11.90
1919 1  6  12 39 59    117.418   -99.99
1919 1  6  12 47 50    999       16.46
1919 1  6  13 33 31    115.893   -99.99
1919 1  6  13 31 24    999       16.28
1919 1  20 11 6  19    325.550   -99.99
1919 1  20 11 7  20    999       15.16
1919 1  20 11 52 47    323.659   -99.99
1919 1  20 11 56 36    999       15.32
1919 1  21 10 28 18    286.903   -99.99
1919 1  21 10 28 45    999       15.93
1919 1  24 10 42 24    105.885   -99.99
1919 1  24 10 54 33    999       15.52
1919 1  24 12 2  16    104.339   -99.99
1919 1  24 12 8  21    999       14.95
1919 1  26 11 41 41    319.819   -99.99
1919 1  26 11 41 53    999       15.49
1919 1  26 13 22 43    316.776   -99.99
1919 1  26 13 21 56    999       16.57
1919 1  27 10 31 42    282.735   -99.99
1919 1  27 10 32 56    999       15.61
1919 1  27 11 11 56    281.489   -99.99
1919 1  27 11 12 51    999       14.97
1919 1  29 13 31 21    136.135   -99.99
1919 1  29 13 30 51    999       16.54
1919 1  29 14 19 52    134.824   -99.99
1919 1  29 14 19 39    999       16.45
1919 1  30 10 45 32    100.479   -99.99
1919 1  30 10 49 7     999       14.71
1919 1  31 13 25 36    9.602     -99.99
1919 1  31 13 28 21    999       11.86
1919 1  31 14 20 10    7.360     -99.99
1919 1  31 14 27 33    999       11.64
1919 2  1  11 35 14    314.763   -99.99
1919 2  1  11 35 12    999       16.59
1919 2  1  13 17 44    311.427   -99.99
1919 2  1  13 17 9     999       16.62
1919 2  5  12 58 51    90.811    -99.99
1919 2  5  13 4  13    999       13.37
1919 2  5  14 8  27    84.589    -99.99
1919 2  5  14 6  55    999       12.85
1919 2  6  10 57 16    8.785     -99.99
1919 2  6  11 6  56    999       11.18
1919 2  6  12 43 25    3.484     -99.99
1919 2  6  12 46 24    999       11.96
1919 2  10 10 15 16    130.185   -99.99
1919 2  10 10 16 15    999       17.01
1919 2  10 11 8  30    128.365   -99.99
1919 2  10 11 10 1     999       17.02
1919 2  19 9  39 43    303.941   -99.99
1919 2  19 9  41 43    999       16.74
1919 2  19 10 26 30    302.807   -99.99
1919 2  19 10 27 3     999       16.86
1919 2  24 9  42 41    345.145   -99.99
1919 2  24 9  44 17    999       12.63
1919 2  24 10 25 6     344.269   -99.99
1919 2  24 10 26 14    999       12.64
1919 3  3  9  49 17    293.112   -99.99
1919 3  3  9  45 15    999       17.16
1919 3  24 9  1  34    98.390    -99.99
1919 3  24 9  0  32    999       14.53
1919 3  24 9  37 48    96.817    -99.99
1919 3  24 9  37 37    999       13.84
1919 3  25 9  3  8     19.181    -99.99
1919 3  25 9  5  34    999       9.96
1919 3  25 9  43 49    15.204    -99.99
1919 3  25 9  42 55    999       10.37
1919 4  2  8  29 16    267.779   -99.99
1919 4  2  8  28 19    999       13.34
1919 4  2  9  23 8     263.517   -99.99
1919 4  2  9  26 36    999       13.46
