1896 10 16 20.1542  99.7   -99.99
1896 10 16 20.6278  999     13.75
1896 10 19 20.0333  280.0  -99.99
1896 10 19 20.2056  999     14.17
1896 10 29 20.2917  52.0   -99.99
1896 10 29 20.1056  999     15.18
1896 10 30 19.7750  338.4  -99.99
1896 10 39 20.0656  999     10.25
1896 11 4  20.2750  44.1   -99.99
1896 11 4  20.6694  999     14.22
1896 11 6  19.8333  263.0  -99.99
1896 11 6  20.3067  999     15.71
1896 11 7  19.8833  222.4  -99.99
1896 11 7  20.3542  999     14.21
1897  1 6  15.6963  132.3  -99.99
1897  1 7  15.8338  77.7   -99.99
1897  1 8  15.4504  38.4   -99.99
1897  1 9  19.1629  999     11.39
1897  1 11 17.8796  209.7  -99.99
1897  1 11 18.1824  999     11.69
1897  1 14 17.9996  20.2   -99.99
1897  1 14 18.6479  999     11.73
1897  1 18 18.1796  108.5  -99.99
1897  1 18 18.7088  999     12.45
1897  1 28 18.4713  234.7  -99.99
1897  1 28 19.1863  999     16.04
1897  1 30 18.1796  94.9   -99.99
1897  1 30 18.5796  999     14.85
1897  2 1  18.9629  346.3  -99.99
1897  2 6  16.6324  53.5   -99.99
1897  2 6  16.9713  999     15.73
1897  2 8  17.9985  264.5  -99.99
1897  2 8  18.5129  999     15.16
1897  2 13 17.7379  326.2  -99.99
1897  2 13 18.4246  999     10.25
1897  2 18 17.2852  40.7   -99.99
1897  2 18 17.6713  999     14.32
1897  2 19 17.2462  316.6  -99.99
1897  2 19 17.8962  999     9.91
1897  2 20 17.4029  256.9  -99.99
1897  2 20 17.7529  999     15.54
1897  2 21 16.4713  216.3  -99.99
1897  2 21 16.9588  999     13.52
1897  2 22 16.8963  133.5  -99.99
1897  2 22 17.4179  999     10.87
1897  2 23 16.2296  75.7   -99.99
1897  2 23 16.8296  999     16.34
1897  2 24 16.1352  34.8   -99.99
1897  2 24 16.6213  999     13.32
1897  2 25 15.0018  312.1  -99.99
1897  2 25 15.4629  999     10.27
1897  2 27 16.7407  210.4  -99.99
1897  2 27 17.0213  999     12.87
1897  2 28 15.5296  128.1  -99.99
1897  2 28 15.8963  999     10.84
1897  3 1  15.4796  73.7   -99.99
1897  3 1  16.0046  999     16.70
1897  3 2  15.5153  29.2   -99.99
1897  3 2  15.9088  999     13.05
1897  3 3  14.2768  302.0  -99.99
1897  3 3  14.7081  999     11.47
1897  3 4  14.1740  253.2  -99.99
1897  3 4  14.5088  999     15.97
1897  3 6  14.1254  122.7  -99.99
1897  3 6  14.5865  999     11.27
1897  3 7  14.2713  73.0   -99.99
1897  3 7  14.7032  999     15.90
1897  3 8  14.1629  24.5   -99.99
1897  3 8  14.5914  999     12.44
1897  3 9  14.2921  299.1  -99.99
1897  3 9  14.7226  999     11.31
1897  3 10 13.9536  250.5  -99.99
1897  3 10 14.4129  999     16.32
1897  3 11 14.0296  202.9  -99.99
1897  3 11 14.3685  999     11.84
1897  3 12 14.1046  113.7  -99.99
1897  3 12 14.4768  999     12.51
1897  3 19 13.6213  65.4   -99.99
1897  3 19 13.9296  999     16.67
1897  3 25 13.8213  60.1   -99.99
1897  3 25 13.9963  999     16.72
1897  3 26 14.0344  354.9  -99.99
1897  3 26 14.2963  999     10.00
1897  3 27 14.5879  275.5  -99.99
1897  3 27 14.9865  999     13.42
