2451830.4622639  20 24 12.974 -19 07 21.70
2451830.4773738  20 24 12.972 -19 07 21.76
2451830.4953241  20 24 12.926 -19 07 21.92
2451830.5039873  20 24 12.910 -19 07 21.92
2452147.6038079  20 36 05.240 -18 28 41.21
2452147.6066273  20 36 05.189 -18 28 41.54
2452147.6081435  20 36 05.169 -18 28 41.59
2452147.6100000  20 36 05.153 -18 28 41.79
2452147.6185810  20 36 05.099 -18 28 42.10
2452147.6215382  20 36 05.079 -18 28 42.11
2452147.6250579  20 36 05.054 -18 28 42.24
2452147.6292512  20 36 05.010 -18 28 42.45
2452147.6332292  20 36 04.985 -18 28 42.54
2452147.6370185  20 36 04.961 -18 28 42.65
2452147.6432222  20 36 04.910 -18 28 42.94
2452147.6480336  20 36 04.876 -18 28 42.91
2452147.6646562  20 36 04.758 -18 28 43.42
2452147.6675938  20 36 04.734 -18 28 43.43
2452147.6768692  20 36 04.668 -18 28 43.79
2452495.4940787  20 47 05.072 -17 50 51.14
2452495.4978310  20 47 05.045 -17 50 51.21
2452495.4988368  20 47 05.037 -17 50 51.21
2452495.5009352  20 47 05.022 -17 50 51.25
2452495.5023079  20 47 05.012 -17 50 51.29
2452495.5034271  20 47 05.005 -17 50 51.31
2452495.5043507  20 47 04.995 -17 50 51.33
2452495.5052581  20 47 04.991 -17 50 51.31
2452495.5063843  20 47 04.984 -17 50 51.42
2452495.5075995  20 47 04.972 -17 50 51.35
2452495.5088576  20 47 04.960 -17 50 51.39
2452495.5099444  20 47 04.957 -17 50 51.42
2452495.5112581  20 47 04.946 -17 50 51.44
2452495.5140451  20 47 04.926 -17 50 51.48
2452495.5154167  20 47 04.914 -17 50 51.47
2452495.5168553  20 47 04.904 -17 50 51.53
2452495.5181875  20 47 04.892 -17 50 51.49
2452495.5194294  20 47 04.886 -17 50 51.61
2452495.5206111  20 47 04.876 -17 50 51.60
2452495.5218484  20 47 04.868 -17 50 51.65
2452495.5230995  20 47 04.857 -17 50 51.65
2452495.5241458  20 47 04.850 -17 50 51.67
2452495.5267593  20 47 04.832 -17 50 51.71
2452496.5434352  20 46 58.013 -17 51 05.30
2452496.5899282  20 46 57.737 -17 51 05.99
2452496.6579387  20 46 57.318 -17 51 06.82
2452496.6591690  20 46 57.314 -17 51 06.82
2452496.6606435  20 46 57.307 -17 51 06.87
2452496.6617801  20 46 57.297 -17 51 06.89
2452496.6628414  20 46 57.291 -17 51 06.88
2452496.6637338  20 46 57.284 -17 51 06.86
2452496.6647002  20 46 57.265 -17 51 07.27
2452496.6658171  20 46 57.278 -17 51 06.95
2452496.6680324  20 46 57.260 -17 51 06.97
2452496.6691701  20 46 57.254 -17 51 06.93
2452496.6702060  20 46 57.252 -17 51 06.96
2452496.6712338  20 46 57.243 -17 51 06.92
2452496.6722199  20 46 57.236 -17 51 06.94
2452496.6734502  20 46 57.232 -17 51 07.03
2452496.6744873  20 46 57.220 -17 51 07.05
2452496.6782905  20 46 57.252 -17 51 05.30
2452496.6806030  20 46 57.189 -17 51 07.12
2452496.6815498  20 46 57.180 -17 51 07.15
2452496.6862986  20 46 57.152 -17 51 07.16
2452496.6900127  20 46 57.125 -17 51 07.21
2452496.6922778  20 46 57.106 -17 51 07.24
2452496.6933935  20 46 57.106 -17 51 07.25
