1873 11 20 8  40     999     11.57
1873 11 20 9  0      22.1    -99.99
1873 11 22 9  40     214.5   16.17
1873 11 28 11 5      999     16.05
1873 11 28 11 20     212.8   -99.99
1873 11 28 11 42     999     15.83
1873 12 9  9  24     999     11.97
1873 12 9  9  45     226.5   -99.99
1873 12 9  10 8      999     12.36
1873 12 10 7  22     999     16.42
1873 12 10 7  38     211.4   -99.99
1873 12 10 7  54     999     16.17
1873 12 13 9  0      999     15.78
1873 12 13 9  8      30.7    -99.99
1873 12 13 9  30     999     15.55
1873 12 13 9  35     31.7    -99.99
1873 12 16 7  51     999     15.78
1873 12 16 8  2      209.8   -99.99
1873 12 16 8  18     999     15.35
1873 12 18 7  17     999     12.72
1873 12 18 7  32     47.1    -99.99
1873 12 18 8  18     999     13.10
1873 12 19 7  28     999     15.26
1873 12 19 7  36     30.6    -99.99
1873 12 19 7  43     999     15.09
1873 12 24 7  14     999     13.70
1873 12 24 7  30     44.1    -99.99
1873 12 24 7  50     999     14.03
1873 12 30 7  35     999     14.64
1873 12 30 7  52     42.2    -99.99
1873 12 30 8  6      999     14.98
1873 12 31 8  20     999     13.18
1874 1  2  7  4      999     15.23
1874 1  2  7  24     220.8   -99.99
1874 1  2  7  48     999     15.32
1874 1  3  6  50     999     12.97
1874 1  8  7  55     999     15.89
1874 1  8  8  12     217.8   -99.99
1874 1  8  8  28     999     16.24
1874 1  9  7  4      999     11.77
1874 1  12 7  30     999     11.09
1874 1  14 7  0      999     16.32
1874 1  14 7  12     216.5   -99.99
1874 1  14 7  26     999     16.25
1874 1  15 6  45     999     10.38
1874 1  15 7  0      197.3   -99.99
1874 1  15 7  17     999     10.35
1874 1  15 7  27     197.9   -99.99
1874 1  17 7  14     999     15.97
1874 1  17 7  29     36.6    -99.99
1874 1  17 7  50     999     15.95
1874 1  29 7  5      999     16.38
1874 1  29 7  20     34.1    -99.99
1874 1  29 7  39     999     16.24
1874 1  31 7  23     999     11.70
1874 2  4  7  11     999     15.25
1874 2  4  7  24     31.9    -99.99
1874 2  4  8  12     999     15.11
1874 2  10 7  8      999     14.59
1874 2  10 7  26     31.3    -99.99
1874 2  10 7  42     999     14.55
