1894 12 5  10 44 12     75.41     -99.99
1894 12 5  10 45 0      999       16.18
1894 12 6  9  52 12     38.38     -99.99
1894 12 6  9  52 30     999       14.38
1894 12 14 9  48 12     249.22    -99.99
1894 12 14 9  49 0      999       17.24
1894 12 17 9  28 0      68.22     -99.99
1894 12 17 9  28 12     999       16.60
1894 12 22 9  51 24     109.62    -99.99
1894 12 22 9  56 0      999       11.96
1895 1  1  8  12 0      239.40    -99.99
1895 1  1  8  11 30     999       16.96
1895 1  11 7  48 12     351.73    -99.99
1895 1  11 7  49 0      999       10.11
1895 1  22 8  28 0      41.73     -99.99
1895 1  22 8  28 30     999       14.77
1895 1  23 8  16 12     324.13    -99.99
1895 1  23 8  16 0      999       9.94
1895 1  24 8  4  30     257.51    -99.99
1895 1  24 8  5  0      999       16.04
1895 3  6  7  39 12     263.22    -99.99
1895 3  6  7  41 0      999       14.31
1895 3  9  7  17 0      82.89     -99.99
1895 3  9  7  18 0      999       15.02
1895 3  21 7  39 24     71.51     -99.99
1895 3  21 7  39 0      999       16.19
1896 12 11 10 0  30     282.51    -99.99
1896 12 11 10 13 0      999       13.72
1897 10 13 14 56 30     256.95    -99.99
1897 10 13 14 58 0      999       16.82
1897 10 17 14 17 0      30.90     -99.99
1897 10 17 14 19 30     999       12.90
1897 10 18 14 11 36     302.07    -99.99
1897 10 18 14 14 0      999       12.04
1897 10 29 13 19 30     15.36     -99.99
1897 10 29 13 38 30     999       11.72
1897 10 30 13 19 30     288.60    -99.99
1897 10 30 13 20 0      999       13.41
1897 11 3  13 26 0      62.73     -99.99
1897 11 3  13 27 0      999       15.94
1897 11 4  13 0  30     5.24      -99.99
1897 11 4  13 1  0      999       10.68
1897 11 6  12 32 0      241.71    -99.99
1897 11 6  12 32 30     999       16.76
1897 11 13 12 4  30     171.96    -99.99
1897 11 13 12 5  30     999       10.47
1897 11 17 12 2  48     272.71    -99.99
1897 11 17 12 3  0      999       15.70
1897 11 20 12 6  48     90.10     -99.99
1897 11 20 12 8  30     999       15.64
1897 11 23 11 45 48     268.06    -99.99
1897 11 23 11 47 30     999       16.27
1897 11 24 11 23 0      228.46    -99.99
1897 11 24 11 24 0      999       15.34
1897 11 27 11 10 48     44.21     -99.99
1897 11 27 11 11 0      999       14.57
1897 11 29 11 4  12     264.66    -99.99
1897 11 29 11 4  30     999       16.71
1897 12 7  11 9  54     128.80    -99.99
1897 12 7  11 11 0      999       11.29
1897 12 11 9  23 36     257.23    -99.99
1897 12 11 9  32 30     999       16.98
1897 12 12 9  15 0      214.14    -99.99
1897 12 12 9  15 0      999       13.28
1897 12 15 9  38 30     24.51     -99.99
1897 12 15 9  37 0      999       12.71
1897 12 16 9  31 0      300.28    -99.99
1897 12 16 9  51 0      999       12.38
1897 12 23 9  11 48     248.06    -99.99
1897 12 23 9  12 0      999       17.14
1897 12 26 9  36 30     65.62     -99.99
1897 12 26 9  37 12     999       16.43
1897 12 30 9  41 12     183.68    -99.99
1897 12 30 9  46 30     999       11.03
1898 1  1  8  53 48     60.69     -99.99
1898 1  1  8  53 30     999       16.14
1898 1  4  7  57 12     240.60    -99.99
1898 1  4  7  56 30     999       16.71
1898 1  5  8  58 0      175.45    -99.99
1898 1  5  8  59 30     999       10.64
1898 1  8  8  32 30     351.85    -99.99
1898 1  8  8  31 30     999       10.50
1898 1  13 8  3  12     52.14     -99.99
1898 1  13 8  8  30     999       15.10
1898 1  17 9  34 30     148.42    -99.99
1898 1  17 9  51 30     999       10.28
1898 1  18 7  34 0      87.96     -99.99
1898 1  18 7  33 30     999       15.40
1898 1  21 7  46 48     264.82    -99.99
1898 1  21 7  50 48     999       16.34
1898 1  24 7  30 30     82.16     -99.99
1898 1  24 7  30 0      999       15.90
1898 1  28 7  26 18     218.66    -99.99
1898 1  28 7  26 30     999       14.05
1898 2  7  7  9  30     299.56    -99.99
1898 2  7  7  9  0      999       11.78
1898 2  9  7  35 30     204.01    -99.99
1898 2  9  7  36 0      999       12.06
1898 2  10 7  1  30     117.32    -99.99
1898 2  10 7  2  0      999       11.84
1898 2  12 7  32 30     17.82     -99.99
1898 2  12 7  32 0      999       11.60
1898 2  13 6  37 48     292.15    -99.99
1898 2  13 6  38 30     999       12.68
1898 2  26 7  32 0      236.77    -99.99
1898 2  26 7  32 0      999       15.65
1898 3  5  7  55 30     156.30    -99.99
1898 3  5  7  54 30     999       10.06
1899 10 6  13 34 54     254.21    -99.99
1899 10 6  13 35 12     999       17.09
1899 10 9  13 43 0      72.16     -99.99
1899 10 9  13 43 30     999       16.81
1899 10 10 13 56 0      20.90     -99.99
1899 10 10 13 57 0      999       11.49
1899 10 18 14 9  36     245.15    -99.99
1899 10 18 14 10 30     999       15.90
1899 10 20 12 35 48     106.94    -99.99
1899 10 20 12 35 48     999       14.80
1899 10 21 12 45 24     61.84     -99.99
1899 10 21 12 46 30     999       16.80
1899 10 24 13 52 30     239.09    -99.99
1899 10 24 13 53 12     999       15.76
1899 10 25 12 51 24     173.82    -99.99
1899 10 25 12 51 24     999       10.61
1899 10 26 12 47 48     104.10    -99.99
1899 10 26 12 47 12     999       15.19
1899 11 1  12 10 30     96.23     -99.99
1899 11 1  12 10 30     999       15.95
1899 11 4  12 22 48     273.77    -99.99
1899 11 4  12 22 30     999       16.30
1899 11 5  12 26 0      231.14    -99.99
1899 11 5  12 26 12     999       14.86
1899 11 6  12 0  0      153.78    -99.99
1899 11 6  11 59 48     999       11.03
1899 11 8  12 22 30     46.81     -99.99
1899 11 8  12 22 30     999       14.47
1899 11 9  11 40 54     329.15    -99.99
1899 11 9  11 40 48     999       11.12
1899 11 10 11 54 36     268.52    -99.99
1899 11 10 11 54 30     999       17.01
1899 11 12 11 25 48     145.82    -99.99
1899 11 12 11 27 12     999       11.15
1899 11 13 11 8  54     86.63     -99.99
1899 11 13 11 9  12     999       16.59
1899 11 20 10 48 30     35.75     -99.99
1899 11 20 10 48 30     999       13.26
1899 11 21 10 19 30     311.56    -99.99
1899 11 21 10 24 30     999       11.79
1899 11 24 10 32 30     126.14    -99.99
1899 11 24 10 32 30     999       12.26
1899 11 26 9  58 0      31.39     -99.99
1899 11 26 9  58 0      999       12.58
1899 11 27 10 35 0      304.45    -99.99
1899 11 27 10 34 12     999       12.57
1899 11 28 10 44 12     255.41    -99.99
1899 11 28 10 44 0      999       17.11
1899 12 2  9  56 36     20.40     -99.99
1899 12 2  9  57 12     999       11.21
1899 12 3  10 50 12     294.39    -99.99
1899 12 3  10 50 0      999       12.87
1899 12 4  9  54 54     252.71    -99.99
1899 12 4  9  55 0      999       17.73
1899 12 6  9  49 12     113.28    -99.99
1899 12 6  9  48 48     999       13.84
1899 12 8  10 3  0      12.34     -99.99
1899 12 8  10 4  0      999       11.63
1899 12 12 8  59 24     104.28    -99.99
1899 12 12 8  59 30     999       14.30
1899 12 15 11 14 12     279.64    -99.99
1899 12 15 11 14 30     999       15.66
1899 12 17 9  33 36     178.64    -99.99
1899 12 17 9  34 12     999       11.79
1899 12 20 9  50 24     350.65    -99.99
1899 12 20 9  51 12     999       10.69
1899 12 21 9  34 54     278.40    -99.99
1899 12 21 9  35 0      999       16.05
1899 12 22 9  10 48     237.95    -99.99
1899 12 22 9  10 48     999       15.99
1899 12 24 9  39 0      94.23     -99.99
1899 12 24 9  39 12     999       16.00
1899 12 26 9  20 36     340.18    -99.99
1899 12 26 9  19 30     999       10.96
1900 1  2  7  22 6      272.05    -99.99
1900 1  2  7  22 30     999       16.25
1900 1  3  8  7  30     227.90    -99.99
1900 1  3  8  7  30     999       15.10
1900 1  4  8  9  36     150.75    -99.99
1900 1  4  8  10 0      999       10.93
1900 1  6  8  4  6      44.30     -99.99
1900 1  6  8  4  12     999       14.29
1900 1  8  7  6  48     266.15    -99.99
1900 1  8  7  6  48     999       16.93
1900 1  8  11 1  24     260.35    -99.99
1900 1  8  11 1  48     999       17.07
1900 1  9  6  35 54     224.60    -99.99
1900 1  9  6  34 48     999       14.96
1900 1  9  10 35 36     215.23    -99.99
1900 1  9  10 35 12     999       13.49
1900 1  14 8  26 12     256.60    -99.99
1900 1  14 8  25 48     999       17.42
1900 1  15 8  58 30     212.35    -99.99
1900 1  15 8  58 42     999       13.16
1900 1  15 12 20 36     202.40    -99.99
1900 1  15 12 20 30     999       12.13
1900 1  21 7  7  0      209.38    -99.99
1900 1  21 7  6  48     999       12.71
1900 1  21 11 27 54     195.60    -99.99
1900 1  21 11 28 0      999       11.21
1900 1  22 6  31 48     122.17    -99.99
1900 1  22 6  32 48     999       12.83
1900 1  23 6  56 24     75.15     -99.99
1900 1  23 6  56 48     999       16.79
1900 1  23 11 25 48     67.29     -99.99
1900 1  23 11 26 0      999       16.55
1900 1  26 7  37 6      250.15    -99.99
1900 1  26 7  36 30     999       17.55
1900 1  27 7  29 12     200.40    -99.99
1900 1  27 7  28 48     999       11.84
1900 1  29 7  3  24     68.13     -99.99
1900 1  29 7  3  30     999       16.75
1900 1  29 11 25 36     63.27     -99.99
1900 1  29 11 25 48     999       15.85
1900 2  1  7  15 6      248.56    -99.99
1900 2  1  7  14 48     999       16.87
1900 2  2  7  46 48     181.74    -99.99
1900 2  2  7  46 30     999       11.15
1900 2  9  8  57 30     96.20     -99.99
1900 2  9  8  57 12     999       15.38
1900 2  13 7  25 24     238.23    -99.99
1900 2  13 7  25 30     999       15.66
1900 2  14 7  33 54     167.05    -99.99
1900 2  14 7  33 30     999       10.24
1900 2  27 7  29 30     83.50     -99.99
1900 2  27 7  29 30     999       16.56
1902 10 24 16 28 45     101.99    -99.99
1902 10 24 16 28 45     999       16.28
1902 10 28 16 14 45     235.03    -99.99
1902 10 28 16 14 15     999       14.39
1902 10 29 16 41 15     154.10    -99.99
1902 10 29 16 41 0      999       11.39
1902 10 30 16 14 30     96.33     -99.99
1902 10 30 16 15 15     999       16.05
1902 10 31 16 44 0      50.96     -99.99
1902 10 31 16 43 45     999       13.68
1902 11 1  16 3  0      327.27    -99.99
1902 11 1  16 2  45     999       11.88
1902 11 2  16 4  30     272.43    -99.99
1902 11 2  16 4  15     999       16.51
1902 11 21 14 43 0      205.87    -99.99
1902 11 21 14 44 45     999       11.74
1902 12 1  14 6  30     291.17    -99.99
1902 12 1  14 7  45     999       15.34
1902 12 5  14 14 30     69.18     -99.99
1902 12 5  14 16 0      999       15.93
1902 12 7  13 33 15     286.28    -99.99
1902 12 7  13 34 45     999       15.63
1903 1  6  11 8  30     263.97    -99.99
1903 1  6  11 8  45     999       16.48
1903 1  22 10 5  30     19.61     -99.99
1903 1  22 10 6  30     999       10.86
1903 2  20 8  2  36     52.00     -99.99
1903 2  20 8  3  0      999       13.57
1903 2  22 8  30 0      269.53    -99.99
1903 2  22 8  29 40     999       16.55
1903 2  25 8  37 30     88.07     -99.99
1903 2  25 8  38 0      999       16.88
1903 2  26 8  5  15     43.24     -99.99
1903 2  26 8  6  30     999       13.18
1903 3  3  7  34 45     84.92     -99.99
1903 3  3  7  33 15     999       16.77
1903 3  12 7  27 58     257.50    -99.99
1903 3  12 7  28 17     999       15.97
1903 3  17 7  32 58     295.24    -99.99
1903 3  17 7  32 43     999       13.46
1903 3  18 7  51 35     251.43    -99.99
1903 3  18 7  51 17     999       16.40
1903 3  26 7  41 28     108.42    -99.99
1903 3  26 7  42 7      999       14.79
1903 9  12 15 24 35     112.07    -99.99
1903 9  12 15 25 19     999       14.68
1903 9  18 15 47 14     106.85    -99.99
1903 9  18 15 49 31     999       15.24
1903 9  22 14 41 46     241.54    -99.99
1903 9  22 14 42 26     999       14.63
1903 9  25 15 15 3      58.49     -99.99
1903 9  25 15 15 42     999       14.16
1903 9  25 15 36 26     57.00     -99.99
1903 9  25 15 36 0      999       14.14
1903 9  27 14 49 54     280.12    -99.99
1903 9  27 14 51 9      999       15.17
1903 9  29 15 8  39     154.39    -99.99
1903 9  29 15 9  19     999       10.95
1903 12 18 12 23 3      295.27    -99.99
1903 12 18 12 24 0      999       14.53
1904 11 21 15 37 15     65.05     -99.99
1904 11 21 15 37 56     999       14.86
1904 11 30 14 35 45     235.91    -99.99
1904 11 30 14 36 32     999       14.40
1904 12 14 11 16 1      93.70     -99.99
1904 12 14 11 15 43     999       16.16
1904 12 16 10 47 25     325.04    -99.99
1904 12 16 10 47 33     999       12.53
1904 12 18 11 21 16     221.68    -99.99
1904 12 18 11 21 16     999       13.03
1904 12 19 10 30 30     141.52    -99.99
1904 12 19 10 31 25     999       12.79
1904 12 29 9  42 52     264.50    -99.99
1904 12 29 9  43 25     999       17.33
1905 1  1  9  22 9      81.53     -99.99
1905 1  1  9  22 52     999       16.69
1905 1  16 9  31 46     247.77    -99.99
1905 1  16 9  33 38     999       16.01
1905 1  27 9  25 39     280.36    -99.99
1905 1  27 9  24 29     999       16.90
1905 2  7  8  31 54     324.89    -99.99
1905 2  7  8  29 23     999       12.28
1905 2  10 8  20 32     139.54    -99.99
1905 2  10 8  20 49     999       12.67
1905 2  24 8  21 45     21.76     -99.99
1905 2  24 8  22 22     999       11.36
1905 3  10 9  2  48     242.92    -99.99
1905 3  10 9  2  59     999       15.21
1905 3  13 7  43 17     63.57     -99.99
1905 3  13 7  44 26     999       14.84
1905 3  25 8  20 51     50.26     -99.99
1905 3  25 8  20 45     999       13.36
1905 3  31 8  51 30     41.26     -99.99
1905 3  31 8  51 53     999       11.96
1905 10 29 13 34 5      343.64    -99.99
1905 10 29 13 34 31     999       11.36
1905 10 30 13 23 44     283.48    -99.99
1905 10 30 13 23 15     999       16.52
1905 11 1  12 40 35     162.36    -99.99
1905 11 1  12 41 38     999       11.46
1906 1  5  11 49 31     136.46    -99.99
1906 1  5  11 49 18     999       12.77
1906 1  6  10 15 7      91.10     -99.99
1906 1  6  10 15 33     999       16.68
1906 1  16 9  30 54     208.03    -99.99
1906 1  16 9  31 50     999       11.57
1906 1  18 11 35 46     78.17     -99.99
1906 1  18 11 36 12     999       16.01
1906 1  24 8  39 47     78.17     -99.99
1906 1  24 8  31 53     999       16.13
1906 1  24 10 40 3      74.06     -99.99
1906 1  24 10 40 20     999       15.85
1906 1  28 10 41 8      184.01    -99.99
1906 1  28 10 42 0      999       10.93
1906 1  29 8  22 25     115.24    -99.99
1906 1  29 8  22 55     999       15.16
1906 1  29 11 30 46     109.93    -99.99
1906 1  29 11 30 45     999       15.64
1906 1  31 8  30 13     5.73      -99.99
1906 1  31 8  30 59     999       11.43
1906 1  31 10 46 38     355.88    -99.99
1906 1  31 10 44 38     999       11.34
1906 2  11 7  10 7      63.51     -99.99
1906 2  11 7  11 27     999       14.73
1906 2  13 7  10 53     284.31    -99.99
1906 2  13 7  10 48     999       16.43
1906 2  13 10 21 10     278.23    -99.99
1906 2  13 10 27 4      999       16.56
1906 2  16 7  38 40     100.01    -99.99
1906 2  16 7  39 56     999       16.00
1906 2  16 9  28 18     96.87     -99.99
1906 2  16 9  28 43     999       16.61
1906 2  17 7  34 31     56.02     -99.99
1906 2  17 7  34 20     999       13.96
1906 2  19 7  39 2      277.30    -99.99
1906 2  19 7  39 44     999       16.49
1906 2  23 7  23 58     48.45     -99.99
1906 2  23 7  24 49     999       13.36
1906 2  23 9  53 54     42.83     -99.99
1906 2  23 9  54 10     999       12.92
1906 2  24 9  49 46     318.51    -99.99
1906 2  24 9  49 34     999       12.46
1906 2  25 7  9  39     273.28    -99.99
1906 2  25 7  20 13     999       16.88
1906 2  25 9  34 32     269.68    -99.99
1906 2  25 9  33 3      999       16.21
1906 3  6  8  10 52     84.43     -99.99
1906 3  6  8  11 59     999       16.47
1906 3  10 8  13 52     205.20    -99.99
1906 3  10 8  14 10     999       11.41
1906 3  20 8  0  55     294.46    -99.99
1906 3  20 8  1  38     999       15.02
1906 3  23 8  25 48     111.08    -99.99
1906 3  23 8  25 58     999       14.86
