1849 9  8  12 15.0     39  30    -99.99
1849 9  8  12 35.0     999 99    18.28
1849 9  17 8  25.0     216 11    -99.99
1849 9  17 8  45.0     999 99    14.93
1849 11 15 6  56.6     999 99    17.45
1849 11 15 7  35.0     219 57    -99.99
1849 12 6  6  35.5     45  2     -99.99
1850 8  15 11 46.0     40  41    -99.99
1850 8  15 12 24.0     999 99    14.65
1850 8  20 12  5.0     23  35    -99.99
1850 9  8  10 54.0     47  55    -99.99
1850 9  10 10 15.0     212 33    -99.99
1850 9  11 9  44.0     222 3     -99.99
1850 9  11 9  44.0     999 99    14.80
1850 9  13 11 9        35  34    -99.99
1850 9  17 11 20       230 0     -99.99
1850 9  28 10 40       216 29    -99.99
1850 9  28 11 3        999 99    13.93
1850 10 1  9  36       40  3     -99.99
1850 10 1  9  12       999 99    14.92
1850 10 5  9  34       230 39    -99.99
1850 11 2  9  2        214 52    -99.99
1850 11 2  8  43       999 99    13.41
1850 11 8  8  35       215 10    -99.99
1850 11 8  8  10       999 99    14.61
1852 10 28 7  54       37  6     -99.99
1852 10 28 8  8        999 99    16.62
1852 10 29 6  43       48  36    -99.99
1852 10 29 6  56       999 99    13.19
1852 10 31 6  55       215 57    -99.99
1852 10 31 7  9        999 99    16.23
1852 11 1  6  20       223 32    -99.99
1852 11 1  6  39       999 99    12.77
1852 11 2  7  7        9   13    -99.99
1852 11 2  7  23       999 99    4.45
1852 11 3  6  8        37  15    -99.99
1852 11 3  6  29       999 99    15.78
1852 11 4  6  21       49  29    -99.99
1852 11 4  6  34       999 99    11.40
1852 11 5  7  0        177 0     -99.99
1852 11 5  7  0        999 99    4
1852 11 6  6  16       215 42    -99.99
1852 11 6  6  32       999 99    16.57
1852 11 9  6  26       38  34    -99.99
1852 11 9  6  40       999 99    17.20
1852 11 10 6  41       53  52    -99.99
1852 11 10 6  51       999 99    9.60
1852 11 11 6  15       197 53    -99.99
1852 11 11 6  41       999 99    5.26
1852 11 12 6  2        216 36    -99.99
1852 11 12 6  12       999 99    16.81
1852 11 15 6  4        40  57    -99.99
1852 11 15 6  21       999 99    17.42
1852 11 16 5  58       57  17    -99.99
1852 11 16 6  15       999 99    7.08
1852 11 17 6  13       205 12    -99.99
1852 11 17 6  25       999 99    7.64
1852 11 18 6  2        217 59    -99.99
1852 11 18 6  16       999 99    16.99
1852 11 19 6  4        232 51    -99.99
1852 11 19 6  15       999 99    6.69
1852 11 20 5  47       26  28    -99.99
1852 11 20 6  2        999 99    10.93
1852 11 26 5  37       31  46    -99.99
1852 11 26 5  50       999 99    11.34
1852 11 29 6  6        207 18    -99.99
1852 11 29 6  16       999 99    11.36
1852 12 8  5  23       33  57    -99.99
1852 12 8  5  38       999 99    13.09
1852 12 9  5  43       45  52    -99.99
1852 12 9  5  52       999 99    13.72
1852 12 27 5  0        51  34    -99.99
1852 12 27 5  7        999 99    10.82
1851 8  29 12 0        218 35    -99.99
1851 8  29 12 0        999 99    15.14
1851 9 15  11 30       210 9     -99.99
1851 10 16 10 15       232 26    -99.99
1851 10 16 10 15       999 99    11.25
1851 10 24 8  22       41  13    -99.99
1851 10 24 8  2        999 99    15.60
1851 11 17 7  30       44  52    -99.99
1851 11 17 7  30       999 99    13.58
1851 11 22 6  21       34  26    -99.99
1851 11 22 6  38       999 99    13.27
1856 9  4  12 19.5     210 46    -99.99
1856 9  4  12 50.2     999 99    15.30
1856 9  5  12 29.0     215 24    -99.99
1856 10 13 11 15.3     37  57    -99.99
1856 10 13 11 2.3      999 99    17.93
1856 10 19 10 39.5     40  28    -99.99
1856 10 19 10 29.0     999 99    16.24
1856 10 27 9  14.0     208 5     -99.99
