  2451353.596576 20 24 12.1947 -19  1 33.589   13.652
  2451413.428373 20 17 52.3391 -19 23 28.131   13.720
  2451467.278996 20 15  5.4641 -19 33 19.995   13.845
  2452832.571783 20 59 15.7828 -17  5  7.932   13.359
  2452833.568997 20 59 10.8923 -17  5 37.542   13.620
  2452838.554987 20 58 39.7823 -17  7 42.991   13.451
  2452839.552196 20 58 34.5275 -17  8 15.281   13.449
  2452840.549392 20 58 28.1539 -17  8 55.615   13.365
  2452842.543764 20 58 13.6271 -17  9 50.352   13.580
  2452843.540963 20 58  7.4981 -17 10  3.600   13.377
  2452845.535378 20 57 56.6923 -17 10 58.709   13.630
  2452848.526939 20 57 35.1558 -17 12 32.932   13.470
  2452849.524137 20 57 29.0057 -17 12 47.211   13.420
  2452852.515738 20 57 10.9429 -17 14 26.972   13.354
  2452853.512919 20 57  3.2625 -17 14 59.317   13.422
  2452854.510105 20 56 56.0079 -17 15 18.089   13.246
  2452860.493270 20 56 16.7460 -17 18  3.068   13.522
  2452862.487679 20 56  5.4465 -17 18 42.916   13.425
  2452863.484880 20 55 59.5148 -17 19 20.740   13.383
  2452870.465242 20 55 13.9767 -17 22 43.564   13.855
  2452873.456826 20 54 54.5217 -17 23 39.056   13.660
  2452874.454037 20 54 49.4706 -17 24  5.523   13.697
  2452876.448430 20 54 36.7543 -17 25 20.402   13.680
  2452877.445617 20 54 29.6117 -17 25 43.929   13.403
  2452886.420468 20 53 39.7803 -17 29  1.093   13.655
  2452895.395341 20 52 51.9627 -17 32 29.517   13.726
  2452896.392559 20 52 47.4485 -17 32 35.868   13.675
  2452897.389788 20 52 43.9368 -17 32 48.021   13.596
  2452898.387015 20 52 40.3371 -17 33 13.314   13.647
  2452899.384232 20 52 35.7313 -17 33 44.955   13.550
  2452902.375876 20 52 21.4835 -17 34 24.091   13.600
  2452903.373112 20 52 18.5853 -17 34 35.161   13.512
  2452906.364782 20 52  6.5579 -17 35 49.211   13.899
  2452907.362001 20 52  2.2409 -17 35 55.739   13.723
  2452908.359235 20 51 59.1817 -17 35 57.137   13.586
  2452911.350947 20 51 50.8505 -17 36 56.019   13.624
  2452912.348169 20 51 46.7104 -17 37 12.429   13.548
  2452916.337140 20 51 37.4733 -17 37 43.722   13.793
  2452918.331605 20 51 31.0827 -17 38 18.395   13.879
  2452923.317854 20 51 22.5669 -17 38 58.773   13.988
  2452924.315092 20 51 19.9009 -17 39  6.423   13.996
  2452927.306873 20 51 17.5327 -17 39  0.887   14.210
  2452929.301386 20 51 15.2469 -17 39 32.351   14.092
  2452931.295892 20 51 12.4665 -17 39 26.393   13.844
  2452937.279499 20 51 11.6735 -17 39 32.246   13.917
  2452938.276783 20 51 12.9291 -17 39 23.050   13.582
  2452940.271347 20 51 15.1097 -17 39 34.594   13.802
  2452948.249593 20 51 22.9427 -17 39  4.676   13.835
  2452950.244188 20 51 27.8759 -17 38 31.126   13.605
  2452951.241493 20 51 30.8893 -17 38 28.655   13.937
  2452953.236071 20 51 34.3059 -17 38 30.798   13.861
  2453245.444275 21  3 22.0957 -16 52 56.223   13.840
  2453248.435855 21  3  2.2727 -16 54 17.427   13.807
  2453249.433066 21  2 57.2368 -16 54 30.292   13.702
  2453252.424690 21  2 41.2280 -16 56  5.691   13.935
  2453255.416302 21  2 24.2478 -16 56 53.891   14.346
  2453256.413524 21  2 20.0665 -16 57 17.037   14.262
  2453257.410737 21  2 15.1951 -16 57 51.532   13.969
  2453259.405137 21  2  3.1584 -16 58 46.650   13.854
  2453265.388425 21  1 34.6614 -17  0 49.950   13.765
  2453266.385642 21  1 30.1097 -17  0 56.102   13.828
  2453270.374540 21  1 14.4857 -17  2 24.995   13.984
  2453282.341310 21  0 34.4006 -17  5 20.070   14.139
  2453283.338540 21  0 30.9752 -17  5 24.909   14.014
  2453301.289102 21  0  6.0776 -17  7 14.872   13.789
  2453305.278201 21  0  7.9026 -17  7 23.324   13.784
  2453308.270018 21  0  8.7355 -17  6 57.925   13.781
  2453309.267309 21  0 10.6021 -17  6 53.835   14.024
  2453323.229369 21  0 35.5791 -17  5 37.250   14.072
  2453553.610858 21 18 10.6777 -15 50 59.804   13.442
  2453562.585775 21 17 26.2903 -15 54 27.370   13.798
  2453563.582976 21 17 20.3500 -15 55  6.942   13.689
  2453564.580169 21 17 13.6786 -15 55 39.125   13.944
  2453571.560580 21 16 32.2723 -15 58 39.981   13.730
  2453572.557787 21 16 26.8517 -15 58 55.638   13.614
  2453574.552205 21 16 16.3010 -15 59 59.495   13.798
  2453577.543775 21 15 55.5324 -16  1 30.051   13.951
  2453586.518567 21 15  0.4912 -16  5 54.501   13.389
  2453591.504540 21 14 27.9551 -16  8 12.733   13.895
  2453594.496104 21 14  6.7749 -16 10  3.469   13.740
  2453606.462459 21 12 50.3869 -16 15 51.137   13.787
  2453612.445656 21 12 13.9288 -16 18 36.144   13.820
  2453617.431677 21 11 45.5999 -16 20 55.417   14.290
  2453628.400984 21 10 48.6157 -16 25 15.118   13.770
  2453629.398185 21 10 42.6947 -16 25 39.252   13.769
  2453632.389847 21 10 30.0421 -16 26 16.725   13.947
  2453633.387071 21 10 26.0800 -16 26 48.269   13.766
  2453635.381490 21 10 15.7111 -16 27 40.607   13.697
  2453639.370403 21 10  1.4561 -16 28 40.931   13.642
  2453651.337200 21  9 23.6845 -16 31 35.336   13.499
  2453652.334432 21  9 20.4339 -16 31 56.181   14.056
  2453660.312409 21  9  4.9445 -16 32 45.452   13.681
  2453667.293238 21  8 59.9933 -16 33  6.397   13.696
  2453669.287777 21  8 59.9865 -16 33 29.463   13.746
  2453683.249658 21  9  9.5158 -16 32 40.548   13.767
