1877  1 26  6 17  0  1    35.3
1877  1 26  6 27  0  1           16.36
1877  1 28  6 13  0  1   235.7
1877  1 28  6 24  0  1           11.38
1877  1 29  6 14  0  1   213.5
1877  1 29  6 28  0  1           15.55
1877  2  1  6 16  0  1    32.6
1877  2  1  6 30  0  1           15.91
1877  2  3  6 50  0  1   229.0
1877  2  3  7  1  0  1           12.83
1877  2  6  6 23  0  1    50.2
1877  2  6  6 32  0  1           13.75
1877 10  6 11 41  0  1    19.3
1877 10  6 11 53  0  1           11.90
1877 10 18 10 18  0  1    12.9
1877 10 18 10 31  0  1           10.53
1877 10 31  9 22  0  1   240.8
1877 10 31  9 34  0  1           12.33
1877 11  4 10 50  0  1    32.9
1877 11  4 11  4  0  1           16.50
1877 11  6 10 37  0  1   234.4
1877 11  6 10 52  0  1           14.22
1877 11  7 10 28  0  1   213.8
1877 11  7 10 36  0  1           15.84
1877 11  7 10 48  0  1           15.97
1877 11 12 10 25  0  1   231.1
1877 11 12 10 44  0  1           15.25
1877 11 13 10  7  0  1   208.9
1877 11 13 10 25  0  1           15.10
