801 201407107821903711 1761.078076880484  336.80838828545973 -10.49069710156183   0.829639842430346053  0.519589746100248884  0.225438295185297816
801 201407107821903712 1761.078133081634  336.80841062348708 -10.49066300691383   0.829639273583875236  0.519590484994665647  0.225438613069603638
801 201407107821903713 1761.078189330596  336.80840432922167 -10.49067219784171   0.829638704252681602  0.519591224517177985  0.225438931224123285
801 201407107821903714 1761.078245579866  336.80839858925754 -10.49068049782788   0.829638134917573211  0.519591964043247367  0.225439249380170209
801 201407107821903715 1761.078301828605  336.80839171671840 -10.49069061399596   0.829637565587058035  0.519592703561822300  0.225439567532989910
801 201407107821903716 1761.078358074904  336.80838585669488 -10.49069922165040   0.829636996280450179  0.519593443047815629  0.225439885671789325
801 201407107821903717 1761.078414327757  336.80838006081439 -10.49070766109162   0.829636426906717461  0.519594182619470990  0.225440203847438903
801 201407107821903718 1761.078470575676  336.80839989115566 -10.49067741699672   0.829635857582126990  0.519594922125765857  0.225440521994966309
801 201448030803529311 1761.152084009392  336.80787121270555 -10.49107775371736   0.828890088079739629  0.520562306396518015  0.225856703696009575
801 201448030803529312 1761.152140213898  336.80789162616293 -10.49104647521258   0.828889518161875172  0.520563044673633457  0.225857021310749279
801 201448030803529314 1761.152252718616  336.80787838252212 -10.49106612017533   0.828888377353321437  0.520564522483495273  0.225857657080405699
801 201448030803529315 1761.152308971583  336.80789895796920 -10.49103462445755   0.828887806941688621  0.520565261395666279  0.225857974968344200
801 201448030803529316 1761.152365219735  336.80789154013183 -10.49104577917226   0.828887236578104369  0.520566000244070071  0.225858292828846202
801 201448030803529318 1761.152477728936  336.80787971451122 -10.49106286823595   0.828886095717766169  0.520567478108808990  0.225858928622087063
801 201448030803529319 1761.152533945484  336.80787307206629 -10.49107261551371   0.828885525672281132  0.520568216540573947  0.225859246303337563
801 214026434254453951 1783.899486414880  336.70916441400607 -10.52039679458396   0.540414707164122654  0.770745637656307436  0.333327535683227705
801 214026434254453952 1783.899542618590  336.70917392734702 -10.52040040078776   0.540413869986072548  0.770746118956124326  0.333327742149678252
801 214026434254453955 1783.899711373549  336.70919706704990 -10.52040892455767   0.540411356306400914  0.770747564082763681  0.333328362075459683
801 214026434254453956 1783.899767622805  336.70915988315795 -10.52039308542676   0.540410518447862143  0.770748045769607204  0.333328568707931649
801 214026434254453957 1783.899823879829  336.70916872639447 -10.52039605377882   0.540409680473094678  0.770748527522222338  0.333328775368617269
801 214026434254453958 1783.899880130922  336.70917418667858 -10.52039816669816   0.540408842586144633  0.770749009223303361  0.333328982007194852
801 303854637508372521 1946.349219775997  341.02416476173465  -8.84185245929523  -0.769437112881500074 -0.607100858539449506 -0.263229426619785933
801 303854637508372522 1946.349275976768  341.02420538966481  -8.84186140235132  -0.769436493631857066 -0.607101542917407699 -0.263229725802640979
801 303854637508372523 1946.349332225150  341.02419995184363  -8.84185932867176  -0.769435873856909702 -0.607102227874578793 -0.263230025238707255
801 303854637508372524 1946.349388473932  341.02419323856918  -8.84185686006789  -0.769435254076854647 -0.607102912836055109 -0.263230324676658189
801 303854637508372525 1946.349444722123  341.02418844440240  -8.84185481005759  -0.769434634302600839 -0.607103597789780070 -0.263230624111222944
801 303854637508372526 1946.349500967537  341.02422988329630  -8.84186396282157  -0.769434014558250334 -0.607104282709117204 -0.263230923530757110
801 303854637508372527 1946.349557219595  341.02422280221680  -8.84186138104119  -0.769433394739977072 -0.607104967708811505 -0.263231222985422841
801 303854637508372528 1946.349613466745  341.02421880362857  -8.84185959649864  -0.769432774975077116 -0.607105652648179506 -0.263231522413718777
801 317303165264121911 1970.670197671426  341.38956774042748  -8.70527274095670  -0.444553265453756952 -0.843728211995790955 -0.366813179411198564
801 317303165264121913 1970.670310128075  341.38956718665628  -8.70527566612775  -0.444551544442956470 -0.843729002281418672 -0.366813525813756813
801 317303165264121914 1970.670366375980  341.38955777577814  -8.70529883827930  -0.444550683637318533 -0.843729397560688876 -0.366813699074849620
801 317303165264121915 1970.670422636647  341.38956684478666  -8.70527860039835  -0.444549822635963876 -0.843729792928889832 -0.366813872374923688
801 317303165264121916 1970.670478885153  341.38957410736737  -8.70526317334163  -0.444548961820324051 -0.843730188210869092 -0.366814045637205488
801 317303165264121917 1970.670535132530  341.38956709001690  -8.70528005761202  -0.444548101021553010 -0.843730583484160857 -0.366814218895680000
801 317303165264121918 1970.670591381821  341.38957493186950  -8.70526253341989  -0.444547240193104376 -0.843730978770138584 -0.366814392159715896
801 408931160346093981 2136.374762878109  338.84894913686583  -9.75832526710076   0.717069573410933914  0.645123646283698893  0.279412913619776382
801 408931160346093982 2136.374819080625  338.84893408623111  -9.75835367726506   0.717068873666022344  0.645124283737662285  0.279413187444723099
801 408931160346093983 2136.374875332220  338.84894172284532  -9.75833877681251   0.717068173309358792  0.645124921747676217  0.279413461508524974
801 408931160346093984 2136.374931581406  338.84892666009813  -9.75836706512690   0.717067472982014564  0.645125559729736620  0.279413735560317011
801 408931160346093985 2136.374987830274  338.84893442079812  -9.75835230408706   0.717066772657950713  0.645126197707564519  0.279414009610288727
801 408931160346093986 2136.375044078377  338.84894073057990  -9.75834001904979   0.717066072342735117  0.645126835676088195  0.279414283656261531
801 408931160346093987 2136.375100328592  338.84892636754103  -9.75836691627445   0.717065372000544321  0.645127473667941320  0.279414557712253708
801 408931160346093988 2136.375156576773  338.84893417739914  -9.75835217045677   0.717064671682983157  0.645128111636113277  0.279414831758071192
801 408931160346093989 2136.375212789440  338.84891801029841  -9.75838281302095   0.717063971806915612  0.645128749200854723  0.279415105630588800
801 408972083564966481 2136.448770429752  338.84877642491301  -9.75833943256287   0.716147559254585286  0.645962507164863142  0.279773253138240974
801 408972083564966482 2136.448826631710  338.84875697888714  -9.75837572782049   0.716146858621428239  0.645963143792460004  0.279773526605397282
801 408972083564966486 2136.449051642675  338.84873386288797  -9.75841847471770   0.716144053549695236  0.645965692597571528  0.279774621459713158
801 408972083564966488 2136.449164142845  338.84874142137130  -9.75840383738849   0.716142651075966974  0.645966966936210030  0.279775168859402179
801 408972083564966489 2136.449220358303  338.84868813228024  -9.75850360672150   0.716141950269758909  0.645967603712357064  0.279775442390354012
801 423717671908284811 2163.115416393126  338.87702125212388  -9.74428516078564   0.320197074593134789  0.868098359569347777  0.375060906653195414
801 423717671908284812 2163.115472593548  338.87702496209732  -9.74428660812471   0.320196136023871536  0.868098641739986299  0.375061027502284761
801 423717671908284813 2163.115528842779  338.87702912012958  -9.74428804078834   0.320195196639167512  0.868098924154841356  0.375061148455967497
801 423717671908284814 2163.115585091261  338.87703200374312  -9.74428908937021   0.320194257266675553  0.868099206565088322  0.375061269407675757
801 423717671908284815 2163.115641341123  338.87703550053521  -9.74429046620482   0.320193317870823391  0.868099488981421197  0.375061390361989877
801 423717671908284816 2163.115697586099  338.87703802013141  -9.74429099904883   0.320192378556250157  0.868099771372381590  0.375061511305436579
801 423717671908284817 2163.115753835912  338.87704402556460  -9.74429329107672   0.320191439160619651  0.868100053786773795  0.375061632258918087
801 423717671908284818 2163.115810089041  338.87704730430050  -9.74429477256943   0.320190499709297360  0.868100336216971691  0.375061753219168181
801 423717671908284819 2163.115866302657  338.87700492507969  -9.74427666169423   0.320189560917545191  0.868100618447944727  0.375061874094092862
801 423758594938598271 2163.189423615349  338.87734160164086  -9.74409273755098   0.318960861410581331  0.868469203203159679  0.375219732318472887
801 423758594938598272 2163.189479817845  338.87734720232470  -9.74409473958662   0.318959922406694241  0.868469484272639702  0.375219852695006573
801 423758594938598274 2163.189592321909  338.87735749931619  -9.74409874444327   0.318958042742796821  0.868470046904513460  0.375220093659176857
801 423758594938598275 2163.189648572799  338.87731701649096  -9.74408116096340   0.318957102929463721  0.868470328213473253  0.375220214138272723
801 423758594938598276 2163.189704822313  338.87731893657372  -9.74408175158507   0.318956163138821136  0.868470609514704228  0.375220334614057904
801 423758594938598277 2163.189761073936  338.87732694168506  -9.74408474283833   0.318955223312640812  0.868470890825636110  0.375220455093996985
801 423758594938598278 2163.189817324534  338.87733254166926  -9.74408696388148   0.318954283503272207  0.868471172130598990  0.375220575571379000
801 423758594938598279 2163.189873539010  338.87733632033496  -9.74408825255630   0.318953344297113861  0.868471453254072379  0.375220695971031915
801 436709862186812021 2186.611131216262  339.21593919720135  -9.60315460288043  -0.087536027122076365  0.909895949174831187  0.392927888433662220
801 436709862186812022 2186.611187417309  339.21594022581780  -9.60315390225279  -0.087537011685625471  0.909895863795581072  0.392927851746526724
801 436709862186812024 2186.611299915591  339.21591639694901  -9.60319385834489  -0.087538982497545687  0.909895692888282537  0.392927778308321152
801 436709862186812025 2186.611356164381  339.21591771811609  -9.60319293627840  -0.087539967897209831  0.909895607433831688  0.392927741588875723
801 436709862186812026 2186.611412409056  339.21591833706168  -9.60319305529471  -0.087540953224713919  0.909895521984740552  0.392927704871734396
801 436709862186812027 2186.611468658807  339.21592112624086  -9.60318974686661  -0.087541938641042844  0.909895436527048074  0.392927668150898302
801 436709862186812028 2186.611524910669  339.21592264552311  -9.60318889580268  -0.087542924094283617  0.909895351065255875  0.392927631428301838
801 436709862186812029 2186.611581124270  339.21592381182916  -9.60318804962875  -0.087543908877129359  0.909895265660705332  0.392927594730302920
801 436750784986250471 2186.685138020476  339.21709924498128  -9.60269688857566  -0.088832445859024292  0.909782749575327787  0.392879247996423597
801 436750784986250472 2186.685194228145  339.21712658001667  -9.60265351508716  -0.088833430421687676  0.909782663015105353  0.392879210803341705
801 436750784986250473 2186.685250477601  339.21712627003404  -9.60265516869060  -0.088834415716219889  0.909782576389640663  0.392879173582227847
801 436750784986250474 2186.685306728724  339.21710169146229  -9.60269586593308  -0.088835401039880468  0.909782489760716517  0.392879136359628622
801 436750784986250477 2186.685475485554  339.21710205643689  -9.60269806716786  -0.088838357070916196  0.909782229863273284  0.392879024687252665
801 436750784986250478 2186.685531735706  339.21710228924314  -9.60269834506559  -0.088839342377188643  0.909782143232283791  0.392878987463770590
801 436750784986250479 2186.685587953756  339.21710371406448  -9.60269775152421  -0.088840327121067153  0.909782056649844129  0.392878950261150439
801 511655343143091591 2322.146218788956  343.27208842676117  -8.00227311031083  -0.641429681260955120 -0.722903926628987503 -0.313856191517349059
801 511655343143091592 2322.146274992951  343.27205439543371  -8.00226153250207  -0.641428942600241192 -0.722904495607276099 -0.313856440561782912
801 511655343143091593 2322.146331238603  343.27207081011699  -8.00226607064971  -0.641428203391480656 -0.722905065006609227 -0.313856689790511678
801 511655343143091594 2322.146387486370  343.27208433337768  -8.00226980958489  -0.641427464154343929 -0.722905634426693089 -0.313856939028324788
801 511655343143091596 2322.146499983696  343.27206681064138  -8.00226296180422  -0.641425985654771491 -0.722906773283026105 -0.313857437511032122
801 511655343143091597 2322.146556233424  343.27208266948116  -8.00226735618137  -0.641425246390121551 -0.722907342720981005 -0.313857686756672805
801 511655343143091598 2322.146612480442  343.27209708191197  -8.00227166846372  -0.641424507160487267 -0.722907912130856922 -0.313857935990024928
801 511655343143091599 2322.146668695234  343.27206319776263  -8.00225991289351  -0.641423768353835078 -0.722908481213814236 -0.313858185080285013
801 511696265727768621 2322.220225203801  343.27300936972313  -8.00173078325524  -0.640456550428582072 -0.723652555834897737 -0.314183871502570100
801 511696265727768622 2322.220281405428  343.27302507178331  -8.00173522445753  -0.640455811036285128 -0.723653123921212171 -0.314184120158879809
801 511696265727768623 2322.220337662214  343.27303665055308  -8.00173825232145  -0.640455070917732350 -0.723653692564414142 -0.314184369058945701
801 511696265727768626 2322.220506413128  343.27307099111528  -8.00174767644026  -0.640452850814431263 -0.723655398293494345 -0.314185115671381909
801 511696265727768628 2322.220618912511  343.27305396676275  -8.00174077332439  -0.640451370758780225 -0.723656535430529657 -0.314185613406149478
801 511696265727768629 2322.220675127278  343.27318475598355  -8.00178234636245  -0.640450631189567687 -0.723657103645034216 -0.314185862118581238
801 527409438130422271 2350.636697686343  343.55889611656460  -7.90259090903120  -0.208567430180356339 -0.918090620362403298 -0.399407717716552146
801 527409438130422272 2350.636753883577  343.55888694292634  -7.90261244883039  -0.208566494361940497 -0.918090808049392360 -0.399407800155103632
801 527409438130422273 2350.636810137455  343.55889518516364  -7.90259289278006  -0.208565557600079110 -0.918090995924742082 -0.399407882676390602
801 527409438130422274 2350.636866383442  343.55888538727618  -7.90261600791116  -0.208564620969436371 -0.918091183772918318 -0.399407965185742897
801 527409438130422275 2350.636922641084  343.55889431653264  -7.90259553234170  -0.208563684144510125 -0.918091371659203181 -0.399408047711834635
801 527409438130422276 2350.636978887961  343.55890091576703  -7.90257962483081  -0.208562747498690054 -0.918091559508710686 -0.399408130221773516
801 527409438130422277 2350.637035129968  343.55889423522393  -7.90259568390799  -0.208561810933737074 -0.918091747341143516 -0.399408212724213507
801 527409438130422278 2350.637091377153  343.55890202862508  -7.90257746406659  -0.208560874282410796 -0.918091935190042729 -0.399408295233887101
801 527409438130422279 2350.637147586689  343.55894020102971  -7.90248764686025  -0.208559938257816657 -0.918092122912392838 -0.399408377687976934
801 527450361098950061 2350.710704792849  343.55882248608282  -7.90282695885521  -0.207334872702043121 -0.918337080431445241 -0.399515972212392156
801 527450361098950062 2350.710760996490  343.55883238762124  -7.90280417511373  -0.207333936530831625 -0.918337267063362606 -0.399516054188728431
801 527450361098950063 2350.710817250752  343.55884189619536  -7.90278111221734  -0.207332999516240790 -0.918337453862557496 -0.399516136238540709
801 527450361098950064 2350.710873500385  343.55883274833053  -7.90280278421588  -0.207332062578566789 -0.918337640645562336 -0.399516218281242563
801 527450361098950065 2350.710929749338  343.55884282286013  -7.90277959480099  -0.207331125652052944 -0.918337827425486197 -0.399516300322592055
801 527450361098950066 2350.710986002425  343.55883461058045  -7.90279865550829  -0.207330188656463021 -0.918338014218324616 -0.399516382369615008
801 527450361098950067 2350.711042255218  343.55884489452882  -7.90277489247737  -0.207329251665603204 -0.918338201009363475 -0.399516464415848649
801 527450361098950068 2350.711098504958  343.55885526842326  -7.90275108670349  -0.207328314725406165 -0.918338387789446764 -0.399516546457270805
801 527450361098950069 2350.711154717540  343.55884643985615  -7.90277125440591  -0.207327378403949714 -0.918338574445327849 -0.399516628444139432
801 540955729571514651 2375.134476237234  343.47248600767972  -7.95404467607665   0.205669887922639738 -0.921264146833493891 -0.400868082730413022
801 540955729571514652 2375.134532438617  343.47247063280849  -7.95404135261016   0.205670826209438939 -0.921263973724047003 -0.400868006975785174
801 540955729571514653 2375.134588688153  343.47245770399803  -7.95403860853520   0.205671765299967418 -0.921263800465465299 -0.400867931155893642
801 540955729571514654 2375.134644937831  343.47249178412869  -7.95404717157457   0.205672704392696970 -0.921263627205626379 -0.400867855335451218
801 540955729571514655 2375.134701186451  343.47247975319004  -7.95404444933000   0.205673643467590261 -0.921263453948227173 -0.400867779516075717
801 540955729571514656 2375.134757433335  343.47246574285060  -7.95404144019584   0.205674582513328208 -0.921263280695356568 -0.400867703698681188
801 540955729571514657 2375.134813686129  343.47249984691928  -7.95405004994161   0.205675521657541438 -0.921263107423466288 -0.400867627872962706
801 540955729571514658 2375.134869933494  343.47248904194936  -7.95404778971313   0.205676460710961351 -0.921262934167476177 -0.400867552054201715
801 616732074509693451 2512.172138985116  340.91477496314729  -9.00056107534333   0.574852412766850507  0.755345494213913837  0.326813085602978337
801 616732074509693452 2512.172195189161  340.91478884063565  -9.00053112136100   0.574851598418190335  0.755346004204971000  0.326813304437474250
801 616732074509693453 2512.172251435236  340.91478046507103  -9.00054866459246   0.574850783459993520  0.755346514576683226  0.326813523435305564
801 616732074509693454 2512.172307683457  340.91479430364217  -9.00051901290430   0.574849968470171668  0.755347024967129466  0.326813742441174004
801 616732074509693456 2512.172420181402  340.91477916218992  -9.00055157622816   0.574848338467086162  0.755348045759487441  0.326814180457825898
801 616732074509693457 2512.172476431619  340.91479172170773  -9.00052478212124   0.574847523446692765  0.755348556165864382  0.326814399470525263
801 616732074509693459 2512.172588894437  340.91479732300650  -9.00051291725202   0.574845893949281317  0.755349576635116593  0.326814837348524512
801 633449899378825661 2542.405474328256  341.11263515759981  -8.90847952629793   0.079160044324265696  0.913884678847474707  0.394726505479209455
801 633449899378825662 2542.405530529197  341.11261858746229  -8.90847266724006   0.079159058253614425  0.913884743707716329  0.394726533058194939
801 633449899378825663 2542.405586781399  341.11260149583364  -8.90846544008428   0.079158071283472770  0.913884808626228007  0.394726560661954162
801 633449899378825664 2542.405643028251  341.11258490664886  -8.90845875883325   0.079157084407144127  0.913884873537673781  0.394726588262705735
801 633449899378825665 2542.405699273576  341.11261405476444  -8.90846904657380   0.079156097557509852  0.913884938446468342  0.394726615862326824
801 633449899378825666 2542.405755523209  341.11259437888174  -8.90846100805445   0.079155110632232656  0.913885003359342862  0.394726643463679749
801 633449899378825667 2542.405811773346  341.11257685430775  -8.90845376935981   0.079154123698023021  0.913885068271909629  0.394726671064898393
801 633449899378825668 2542.405868020222  341.11260650219259  -8.90846398637750   0.079153136820957246  0.913885133179822229  0.394726698664135178
801 633449899378825669 2542.405924230332  341.11258882070575  -8.90845664577987   0.079152150588896505  0.913885198044417812  0.394726726244950199
801 643956909948537041 2561.406868127605  341.47716284770274  -8.76066952174026  -0.252365013603791544  0.884984593152034482  0.382265859295224220
801 643956909948537042 2561.406924327677  341.47714464988877  -8.76069292805607  -0.252365970512657911  0.884984358699982043  0.382265758596350647
801 643956909948537043 2561.406980581503  341.47712945430385  -8.76071290881018  -0.252366928336560159  0.884984124022810237  0.382265657800787584
801 643956909948537044 2561.407036823030  341.47714380323384  -8.76069662744955  -0.252367885950781801  0.884983889396086076  0.382265557026892744
801 643956909948537045 2561.407093078419  341.47712800467133  -8.76071726868952  -0.252368843800790166  0.884983654710664536  0.382265456227787903
801 643956909948537046 2561.407149318418  341.47711550429540  -8.76073393690517  -0.252369801388515391  0.884983420088579331  0.382265355455887079
801 643956909948537047 2561.407205571961  341.47712507964644  -8.76072349341708  -0.252370759206588524  0.884983185409129014  0.382265254659348352
801 643956909948537049 2561.407318025781  341.47707817756657  -8.76078335635903  -0.252372673935073510  0.884982716269840375  0.382265053160598167
801 643997832287904801 2561.480874092532  341.47880365919627  -8.76027856978537  -0.253624886683807338  0.884675110476453197  0.382132934876471764
801 643997832287904802 2561.480930295547  341.47878519980560  -8.76030248640509  -0.253625843317783317  0.884674874873563888  0.382132833684303452
801 643997832287904804 2561.481042797530  341.47877940496198  -8.76031250044171  -0.253627758218193777  0.884674403262957876  0.382132631126094302
801 643997832287904805 2561.481099045907  341.47876104350001  -8.76033604706391  -0.253628715623529788  0.884674167467314976  0.382132529851139879
801 643997832287904806 2561.481155298756  341.47877217480152  -8.76032381528820  -0.253629673104719400  0.884673931652063428  0.382132428567764248
801 643997832287904808 2561.481267798713  341.47876725169317  -8.76033229915981  -0.253631587968676242  0.884673460043019166  0.382132226010232001
801 643997832287904809 2561.481324010178  341.47874881174175  -8.76035621149129  -0.253632544744732902  0.884673224398653812  0.382132124800254824
