1963 03 05.079012  14 56 40.647 -14 55 53.196   0.94 -0.00  300 2 14.1  0.22  0.035  0.037  104 1 GUA040A000363B
1987 10 19.608688  18 24 36.065 -22 20 00.450   0.73  1.08 1080 1  9.9  0.37  0.115  0.105   28 2  MAJ060_000223
1987 10 22.615209  18 24 50.207 -22 19 36.045   1.39  0.75  240 1  9.6  0.27  0.186  0.142   23 2  MAJ060_000232
1990 07 20.746761  18 55 43.586 -21 57 02.578  -0.23 -0.28  390 3  8.8  0.57  0.057  0.034   11 2  MAJ060_000518
1990 07 20.772599  18 55 43.407 -21 57 02.380   0.19  0.06  396 3 13.9  0.43  0.076  0.062   16 2  MAJ060_000519
1990 07 20.789082  18 55 43.280 -21 57 01.670   0.26  0.85  366 3 14.6  0.44  0.088  0.066   16 2  MAJ060_000519
1990 07 24.714826  18 55 18.772 -21 57 28.580  -0.29 -0.11  720 1 12.8  0.59  0.071  0.074   15 2  MAJ060_000549
1990 07 24.758554  18 55 18.509 -21 57 29.498  -0.13 -0.02  720 1 11.5  0.57  0.156  0.103   12 2  MAJ060_000551
1990 07 25.758306  18 55 11.775 -21 57 50.233   0.70  0.42  600 1 11.1  0.39  0.046  0.063   14 2  MAJ060_000560
1990 07 25.802968  18 55 11.386 -21 57 51.377  -0.13  0.02  600 1 11.6  0.74  0.091  0.065   11 2  MAJ060_000562
