1901 08 27 15 57 16   92.11   -99.99
1901 08 27 16  3  7  999.99    16.06
1901 08 27 16  9  0  999.99    15.81
1901 09  3 15 41 45   42.05   -99.99
1901 09  3 15 47 59  999.99    12.81
1901 09  3 15 53  0  999.99    13.00
1901 09 16 15 21 57  302.75   -99.99
1901 09 16 15 30 23  999.99    12.89
1901 09 16 15 36 16  999.99    12.85
1901 09 22 15 35 12  295.16   -99.99
1901 09 22 15 40  7  999.99    13.60
1901 09 22 15 43 34  999.99    13.51
1901 09 23 15 36  3  251.58   -99.99
1901 09 23 15 41 24  999.99    15.72
1901 09 23 15 45 19  999.99    15.67
1901 09 24 15  6 31  190.32   -99.99
1901 09 24 15 13 30  999.99    10.61
1901 09 24 15 17 28  999.99    10.51
1901 10  1 15 14 35  104.70   -99.99
1901 10  1 15 20 54  999.99    15.47
1901 10  1 15 25 44  999.99    15.50
1901 10 20 16 35 43   42.11   -99.99
1901 10 20 16 41  9  999.99    13.50
1901 10 20 16 45  7  999.99    13.09
1901 10 21 13 37 48  325.18   -99.99
1901 10 21 13 43 42  999.99    11.52
1901 10 21 13 47 33  999.99    11.32
1901 10 29 13 14 22  218.76   -99.99
1901 10 29 13 22 28  999.99    12.46
1901 10 29 13 28  2  999.99    12.59
1901 11 12 16 19 58   68.03   -99.99
1901 11 12 16 24 19  999.99    16.36
1901 11 12 16 27 36  999.99    16.32
1901 11 18 14 44 37   65.43   -99.99
1901 11 18 14 49  5  999.99    15.67
1901 11 18 14 52  9  999.99    15.69
1901 11 19 10 57  0   11.77   -99.99
1901 11 19 11  2 29  999.99    11.20
1901 11 19 11  6  8  999.99    10.91
1901 11 26 15 21 28  275.95   -99.99
1901 11 26 15 26 43  999.99    16.31
1901 11 26 15 30 25  999.99    16.30
1901 12 10 11 27 30  148.65   -99.99
1901 12 10 11 33  8  999.99    10.90
1901 12 10 11 36 35  999.99    11.31
1901 12 10 11 41 24  148.17   -99.99
1901 12 15  9 42  0  229.16   -99.99
1901 12 15  9 49  6  999.99    13.94
1901 12 15  9 54  1  999.99    14.03
1901 12 16 11 26  4  138.90   -99.99
1901 12 16 11 31 18  999.99    12.38
1901 12 16 11 35 36  999.99    12.08
1901 12 17 10  9  2   88.45   -99.99
1901 12 17 10 14 51  999.99    16.90
1901 12 17 10 19  1  999.99    17.15
1901 12 22  8 11 13  138.63   -99.99
1901 12 22  8 19 19  999.99    12.48
1901 12 22  8 24 24  999.99    10.86
1901 12 23  8 40  1   85.59   -99.99
1901 12 23  9 33  4   84.65   -99.99
1901 12 23  9 39 48  999.99    16.86
1901 12 23  9 42 42  999.99    16.96
1901 12 23  9 47 41   84.26   -99.99
1901 12 29  9 54 12   78.59   -99.99
1901 12 29  9 59 37  999.99    17.19
1901 12 29 10  4 49  999.99    17.10
1901 12 30  8 17 29   31.13   -99.99
1901 12 30  8 25 57  999.99    12.63
1901 12 30  8 29 25  999.99    12.92
1902  1  2  8 10 43  206.83   -99.99
1902  1  2  8 17 39  999.99    11.78
1902  1  2  8 21 21  999.99    12.08
1902  1  5  9 42 50   19.16   -99.99
1902  1  5  9 47 41  999.99    11.34
1902  1  5  9 51 11  999.99    11.64
1902  1 10  9 32 44   69.51   -99.99
1902  1 10  9 38 11  999.99    16.45
1902  1 10  9 42 15  999.99    16.69
1902  1 12  8 24  5  291.85   -99.99
1902  1 12  8 26 54  999.99    14.01
1902  1 12  8 32 12  999.99    14.03
1902  1 13  8  2 32  249.83   -99.99
1902  1 13  8  7 21  999.99    16.44
1902  1 13  8 10 49  999.99    16.41
1902  1 18  7 52  7  286.27   -99.99
1902  1 18  7 55 57  999.99    14.85
1902  1 18  7 58 50  999.99    14.80
1902  1 24 11 41 50  273.06   -99.99
1902  1 24 11 46 53  999.99    16.41
1902  1 24 11 50 44  999.99    16.33
1902  1 27  7 44 48   97.15   -99.99
1902  1 27  7 50 46  999.99    16.04
1902  1 27  7 54 12  999.99    16.56
1902  1 31  7 32  2  233.19   -99.99
1902  1 31  7 36 42  999.99    14.44
1902  1 31  7 40 30  999.99    14.59
1902  2  2  7 25 23   93.12   -99.99
1902  2  2  7 32 39  999.99    16.34
1902  2  2  7 39  7  999.99    16.65
1902  2  7  7 13 16  145.63   -99.99
1902  2  7  7 19 27  999.99    11.53
1902  2  7  7 23 39  999.99    11.13
1902  2  8  6 49 19   88.66   -99.99
1902  2  8  6 54 55  999.99    16.83
1902  2  8  6 58 32  999.99    16.68
1902  2 15  7  0  6   37.53   -99.99
1902  2 15  7  5 10  999.99    13.28
1902  2 15  7  8 11  999.99    12.96
1902  2 17  6 42  2  261.50   -99.99
1902  2 17  6 49  1  999.99    16.59
1902  2 17  6 53 41  999.99    16.59
1902  2 24  6 48 50  204.25   -99.99
1902  2 24  6 53 57  999.99    11.70
1902  2 24  6 57 25  999.99    11.72
1902  2 25  6 44 52  120.49   -99.99
1902  2 25  6 49  9  999.99    12.98
1902  2 25  6 51 56  999.99    13.23
1902  3 17  8 32 45  341.65   -99.99
1902  3 17  8 39 34  999.99    10.14
1902  3 17  8 42 54  999.99    10.31
1902  3 18  8 19 35  274.38   -99.99
1902  3 18  8 24 35  999.99    15.59
1902  3 18  8 28 24  999.99    15.74
1902  3 24  7 42 45  270.59   -99.99
1902  3 24  7 48 59  999.99    15.81
1902  3 24  7 53 4   999.99    16.17
1902  3 25  7 54 43  227.00   -99.99
1902  3 25  8  2 40  999.99    14.28
1902  3 25  8  7 19  999.99    13.69
1902  4  6  7 42  4  213.17   -99.99
1902  4  6  7 49  1  999.99    12.53
1902  4  8  7 54 55   78.46   -99.99
1902  4  8  8  0  1  999.99    16.26
1902  4  8  8  3 24  999.99    16.21
1902  4 13  7 51 17  119.12   -99.99
1902  4 13  7 56 28  999.99    13.50
1902  4 13  8  0  6  999.99    13.27
1902  4 14  7 36 33   73.84   -99.99
1902  4 14  7 41 45  999.99    16.24
1902  4 14  7 45 32  999.99    16.06
1902  4 15  7 45 35   19.58   -99.99
1902  4 15  7 49 56  999.99    11.07
1902  4 15  7 53  6  999.99    10.78
1902  8 25 16  7 47  183.65   -99.99
1902  8 25 16 12 55  999.99    10.21
1902  8 25 16 17 18  999.99    10.25
1902  9  1 15 22 18  104.17   -99.99
1902  9  1 15 27 38  999.99    15.56
1902  9  1 15 31 26  999.99    15.32
1902  9  8 16 21 51   54.54   -99.99
1902  9  8 16 29 56  999.99    14.05
1902  9  8 16 34  2  999.99    14.20
1902  9  9 15 21 34  338.97   -99.99
1902  9  9 15 28 39  999.99    10.75
1902  9  9 15 32 47  999.99    10.77
1902  9 15 15 19 56  329.09   -99.99
1902  9 15 15 27 44  999.99    11.18
1902  9 15 15 33 52  999.99    11.95
1902  9 16 15 12  6  273.21   -99.99
1902  9 16 15 17 43  999.99    16.09
1902  9 16 15 22  3  999.99    15.79
1902  9 18 15 38 54  141.42   -99.99
1902  9 18 15 47 17  999.99    11.46
1902  9 18 15 51 52  999.99    11.97
1902  9 29 14 46 57  999.99    13.45
1902  9 29 15 51  0  999.99    12.96
1902 10  6 15 38  5  116.72   -99.99
1902 10  6 15 43  4  999.99    14.20
1902 10  6 15 46 57  999.99    14.51
1902 10  7 13 15 17   77.34   -99.99
1902 10  7 13 23 12  999.99    16.39
1902 10  7 13 30 16  999.99    16.43
1902 10 13 15  1 27   69.44   -99.99
1902 10 13 15  8 50  999.99    16.25
1902 10 13 15 12 28  999.99    15.94
1902 10 14 14 46 51    5.37   -99.99
1902 10 14 14 54  7  999.99    11.38
1902 10 14 14 59  2  999.99    11.06
1902 10 27 17  5 13  273.98   -99.99
1902 10 27 17 12 16  999.99    16.93
1902 10 27 17 16 20  999.99    16.65
1902 11 24 11  2 50   30.54   -99.99
1902 11 24 11  8 12  999.99    12.27
1902 11 24 11 11 34  999.99    12.03
1902 12  1 14 52  9  289.37   -99.99
1902 12  1 14 57 15  999.99    14.99
1902 12  1 15  1 11  999.99    15.02
1902 12 30  9 19 38  332.34   -99.99
1902 12 30  9 27 33  999.99    11.98
1902 12 30  9 34 32  999.99    11.73
1903  1 12  9 52 57  261.86   -99.99
1903  1 12  9 59 28  999.99    16.68
1903  1 12 10  4 45  999.99    16.80
1903  1 19  9 28 24  202.34   -99.99
1903  1 19  9 34  3  999.99    11.77
1903  1 19  9 38 28  999.99    11.41
1903  1 20  7 49 38  123.08   -99.99
1903  1 20  7 55 16  999.99    13.22
1903  1 20  7 58 58  999.99    13.16
1903  2  9  9 24 58  344.22   -99.99
1903  2  9  9 32 44  999.99    10.76
1903  2  9  9 37 37  999.99    10.78
1903  2 16  8 45 43  272.99   -99.99
1903  2 16  8 54 16  999.99    16.13
1903  2 16  8 57 56  999.99    15.79
1903  2 17  8 35 29  231.00   -99.99
1903  2 17  8 39 29  999.99    14.09
1903  2 17  8 42 47  999.99    13.70
1903  2 23  8 42 21  223.58   -99.99
1903  2 23  8 48 11  999.99    13.31
1903  2 23  8 52 33  999.99    13.19
1903  2 24  9 39 17  136.30   -99.99
1903  2 24  9 45 33  999.99    12.00
1903  2 24  9 49  8  999.99    12.00
1903  3  2  8 16 14  132.06   -99.99
1903  3  2  8 22 36  999.99    12.57
1903  3  2  8 26 13  999.99    12.49
1903  3 25  8 19 27  175.82   -99.99
1903  3 25  8 26 34  999.99    10.63
1903  3 25  8 31  1  999.99    10.58
1903  3 30 10  2  0  235.44   -99.99
1903  3 30 10  6  5  999.99    14.57
1903  3 30 10  9 25  999.99    14.15
