1889 10 28 14 15  134.3 -99.99	
1889 10 28 15  9  129.5 -99.99									
1889 11 24 13 16  266.9 -99.99
1889 11 24 13 34  999    13.24
1889 12 12  8 50  264.1 -99.99
1889 12 12 15  9  999    13.65
1889 12 13  8 59  222.9 -99.99
1889 12 13  9 29  999    15.79
1889 12 19  9 41  218.0 -99.99	
1889 12 21  9 27  71.3  -99.99
1889 12 21  9 49  999    15.42 	
1889 12 23  9 51  320.3 -99.99
1889 12 23  9 53  999     8.66
1891 10 2  15 54  221.9 -99.99
1891 11 6  16 27  232.1 -99.99	
1891 11 30 11 44  219.9 -99.99
1891 11	30 12 13  999    14.46
1891 12 5  10 17  255.6 -99.99					