1892 11 13 10 47 20     61.2     -99.99
1892 11 13 10 49 37     61.6     -99.99
1892 11 13 10 52 17     61.8     -99.99
1892 11 13 10 55 5      999      16.97
1892 11 13 10 56 50     999      17.52
1892 11 13 10 58 5      999      17.20
1892 11 13 11 3  50     999      16.84
1892 11 18 14 13 23     91.9     -99.99
1892 11 18 14 15 13     91.7     -99.99
1892 11 18 14 16 38     92.0     -99.99
1892 11 18 14 19 8      999      13.95
1892 11 18 14 20 38     999      13.71
1892 11 18 14 22 28     999      13.90
1892 11 18 14 23 33     999      13.89
1892 11 18 14 26 3      999      13.46
1892 11 18 14 28 3      999      13.38
1892 11 20 13 19 50     358.0    -99.99
1892 11 20 13 22 35     358.0    -99.99
1892 11 20 13 24 0      357.5    -99.99
1892 11 20 13 25 40     356.5    -99.99
1892 11 20 13 28 32     999      9.71
1892 11 20 13 30 1      999      9.98
1892 11 20 13 31 7      999      9.90
1892 11 20 13 32 15     999      9.61
1892 11 20 13 33 25     999      9.86
1892 11 20 13 34 28     999      10.01
1892 12 9  10 26 35     259.4    -99.99
1892 12 9  10 29 25     258.9    -99.99
1892 12 9  10 30 25     258.4    -99.99
1892 12 9  10 32 15     258.4    -99.99
1892 12 9  10 35 37     999      15.56
1892 12 9  10 36 55     999      15.70
1892 12 9  10 38 30     999      15.52
1892 12 9  10 40 15     999      15.27
1892 12 9  10 41 15     999      15.43
1892 12 9  10 42 50     999      15.50
1892 12 16 8  3  24     220.4    -99.99
1892 12 16 8  5  29     220.7    -99.99
1892 12 16 8  5  49     220.5    -99.99
1892 12 16 8  7  54     220.6    -99.99
1892 12 16 8  10 34     999      14.94
1892 12 16 8  12 24     999      15.15
1892 12 16 8  13 29     999      14.39
1892 12 16 8  14 49     999      15.30
1892 12 16 8  16 20     999      14.93
1892 12 16 8  17 39     999      16.11
1893 1  8  10 54 34     234.2    -99.99
1893 1  8  10 55 44     233.9    -99.99
1893 1  8  10 56 14     233.5    -99.99
1893 1  8  10 57 19     234.7    -99.99
1893 1  8  10 58 46     999      16.54
1893 1  8  10 59 24     999      17.19
1893 1  8  11 1  4      999      17.20
1893 1  8  11 0  39     999      17.38
1893 1  8  11 1  29     999      17.04
1893 1  8  11 2  9      999      16.53
1893 1  13 11 1  14     268.1    -99.99
1893 1  13 11 3  54     268.1    -99.99
1893 1  13 11 5  44     269.0    -99.99
1893 1  13 11 6  37     268.6    -99.99
1893 1  13 11 9  29     999      13.41
1893 1  13 11 10 59     999      13.70
1893 1  13 11 12 44     999      13.60
1893 1  13 11 14 20     999      13.60
1893 1  13 11 15 35     999      13.58
1893 1  13 11 16 26     999      13.63
1893 1  20 8  6  18     230.6    -99.99
1893 1  20 8  6  20     230.1    -99.99
1893 1  20 8  9  28     231.0    -99.99
1893 1  20 8  10 33     229.5    -99.99
1893 1  20 8  13 50     999      16.96
1893 1  20 8  15 28     999      16.80
1893 1  20 8  16 43     999      16.37
1893 1  20 8  18 23     999      15.90
1893 1  20 8  19 11     999      16.29
1893 1  20 8  20 16     999      16.34
1893 11 12 14 13 28     70.2     -99.99
1893 11 12 14 14 50     70.5     -99.99
1893 11 12 14 16 21     70.7     -99.99
1893 11 12 14 17 58     70.7     -99.99
1893 11 12 14 20 55     999      16.90
1893 11 12 14 22 20     999      16.63
1893 11 12 14 23 48     999      16.62
1893 11 12 14 24 49     999      16.84
1893 11 12 14 25 53     999      16.96
1893 11 12 14 26 50     999      16.66
1893 11 13 14 11 35     30.9     -99.99
1893 11 13 14 14 50     30.9     -99.99
1893 11 13 14 16 14     29.3     -99.99
1893 11 13 14 17 25     30.0     -99.99
1893 11 13 14 20 15     999      12.38
1893 11 13 14 21 27     999      13.03
1893 11 13 14 22 35     999      12.96
1893 11 13 14 23 50     999      12.68
1893 11 13 14 25 23     999      13.09
1893 11 13 14 26 15     999      12.99
1893 11 13 14 26 59     999      12.87
1893 11 13 14 28 23     999      12.85
1893 12 3  9  48 35     239.8    -99.99
1893 12 3  9  50 40     240.0    -99.99
1893 12 3  9  51 50     239.6    -99.99
1893 12 3  9  53 30     240.3    -99.99
1893 12 3  9  55 55     999      16.53
1893 12 3  9  56 55     999      16.64
1893 12 3  9  58 10     999      16.48
1893 12 3  9  59 42     999      16.60
1893 12 3  10 0  52     999      16.60
1893 12 3  10 2  15     999      16.95
1893 12 10 10 26 0      181.0    -99.99
1893 12 10 10 27 20     179.3    -99.99
1893 12 10 10 29 0      181.8    -99.99
1893 12 10 10 30 20     180.3    -99.99
1893 12 10 10 35 25     999      10.86
1893 12 10 10 36 17     999      10.63
1893 12 10 10 37 5      999      10.76
1893 12 10 10 37 50     999      11.07
1893 12 10 10 38 40     999      10.55
1893 12 10 10 39 20     999      10.24
1894 1  7  10 29 5      250.0    -99.99
1894 1  7  10 31 5      249.6    -99.99
1894 1  7  10 32 30     249.2    -99.99
1894 1  7  10 33 35     249.2    -99.99
1894 1  7  10 38 30     999      17.32
1894 1  7  10 39 40     999      16.84
1894 1  7  10 40 55     999      17.30
1894 1  7  10 42 4      999      16.65
1894 1  7  10 43 10     999      17.33
1894 1  7  10 44 25     999      15.92
1894 1  10 8  54 24     70.1     -99.99
1894 1  10 8  55 47     69.3     -99.99
1894 1  10 8  57 2      70.1     -99.99
1894 1  10 8  57 47     70.9     -99.99
1894 1  10 8  59 57     999      16.48
1894 1  10 9  1  2      999      16.56
1894 1  10 9  1  57     999      16.80
1894 1  10 9  2  57     999      16.14
1894 1  10 9  4  6      999      16.60
1894 1  10 9  5  17     999      16.65
1894 1  21 10 17 56     102.0    -99.99
1894 1  21 10 20 41     102.0    -99.99
1894 1  21 10 21 41     101.4    -99.99
1894 1  21 10 22 36     101.3    -99.99
1894 1  21 10 24 36     999      12.28
1894 1  21 10 26 11     999      12.53
1894 1  21 10 26 56     999      12.22
1894 1  21 10 27 46     999      12.52
1894 1  21 10 28 51     999      13.13
1894 1  21 10 29 41     999      11.75
1894 1  22 8  26 10     61.2     -99.99
1894 1  22 8  27 40     61.2     -99.99
1894 1  22 8  30 25     61.3     -99.99
1894 1  22 8  31 35     60.9     -99.99
1894 1  22 8  33 15     999      16.61
1894 1  22 8  34 35     999      16.75
1894 1  22 8  35 30     999      17.11
1894 1  22 8  36 25     999      16.74
1894 1  22 8  37 25     999      16.36
1894 1  22 8  36 35     999      17.54
1894 1  28 7  15 30     59.1     -99.99
1894 1  28 7  17 20     58.4     -99.99
1894 1  28 7  18 58     59.2     -99.99
1894 1  28 7  20 15     58.5     -99.99
1894 1  28 7  23 26     999      16.32
1894 1  28 7  24 23     999      16.90
1894 1  28 7  26 0      999      16.43
1894 1  28 7  27 15     999      16.37
1894 1  28 7  28 25     999      16.65
1894 1  28 7  29 33     999      16.67
1894 2  26 7  42 40     71.1     -99.99
1894 2  26 7  43 50     71.5     -99.99
1894 2  26 7  44 25     71.6     -99.99
1894 2  26 7  45 40     71.4     -99.99
1894 2  26 7  47 25     999      15.84
1894 2  26 7  49 5      999      15.89
1894 2  26 7  49 50     999      16.04
1894 2  26 7  51 0      999      15.91
1894 2  26 7  51 45     999      15.82
1894 2  26 8  0  50     999      16.00
1894 11 18 15 12 44     40.9     -99.99
1894 11 18 15 14 58     40.1     -99.99
1894 11 18 15 16 8      39.5     -99.99
1894 11 18 15 17 23     39.7     -99.99
1894 11 18 15 19 42     999      14.36
1894 11 18 15 20 50     999      14.35
1894 11 18 15 22 8      999      14.33
1894 11 18 15 23 34     999      14.01
1894 11 18 15 24 35     999      14.10
1894 11 18 15 25 58     999      14.14
1894 11 19 14 33 48     319.2    -99.99
1894 11 19 14 35 43     319.0    -99.99
1894 11 19 14 36 56     319.1    -99.99
1894 11 19 14 38 16     318.8    -99.99
1894 11 19 14 40 13     999      10.31
1894 11 19 14 41 31     999      10.10
1894 11 19 14 42 26     999      10.09
1894 11 19 14 43 33     999      10.15
1894 11 19 14 46 53     999      10.00
1894 11 19 14 48 21     999      10.29
1894 12 23 9  20 43     60.0     -99.99
1894 12 23 9  23 58     59.9     -99.99
1894 12 23 9  26 3      60.6     -99.99
1894 12 23 9  27 18     59.9     -99.99
1894 12 23 9  32 15     999      16.05
1894 12 23 9  33 39     999      16.31
1894 12 23 9  35 3      999      17.88
1894 12 23 9  37 3      999      17.11
1894 12 23 9  38 18     999      16.16
1894 12 23 9  39 38     999      17.50
1894 12 31 10 42 19     268.8    -99.99
1894 12 31 10 43 34     270.3    -99.99
1894 12 31 10 44 41     269.2    -99.99
1894 12 31 10 45 46     269.7    -99.99
1894 12 31 10 48 8      999      14.45
1894 12 31 10 49 24     999      14.29
1894 12 31 10 50 6      999      14.27
1894 12 31 10 53 0      999      14.96
1894 12 31 10 54 14     999      14.38
1894 12 31 10 55 44     999      14.92
1895 1  6  8  57 29     266.5    -99.99
1895 1  6  8  59 7      267.5    -99.99
1895 1  6  8  59 59     267.7    -99.99
1895 1  6  9  1  14     266.5    -99.99
1895 1  6  9  3  9      999      14.96
1895 1  6  9  4  4      999      15.49
1895 1  6  9  4  52     999      15.12
1895 1  6  9  6  12     999      14.56
1895 1  6  9  7  17     999      14.51
1895 1  6  9  8  15     999      14.61
1895 1  28 9  16 58     27.1     -99.99
1895 1  28 9  18 39     27.2     -99.99
1895 1  28 9  19 33     28.2     -99.99
1895 1  28 9  20 28     28.6     -99.99
1895 1  28 9  22 48     999      12.77
1895 1  28 9  23 53     999      12.65
1895 1  28 9  25 3      999      12.40
1895 1  28 9  26 0      999      12.49
1895 1  28 9  26 52     999      12.31
1895 1  28 9  27 38     999      12.62
1895 2  4  6  50 22     297.3    -99.99
1895 2  4  6  52 17     296.7    -99.99
1895 2  4  6  53 35     297.1    -99.99
1895 2  4  6  56 55     297.5    -99.99
1895 2  4  7  2  2      999      10.82
1895 2  4  7  3  44     999      11.16
1895 2  4  7  4  42     999      11.13
1895 2  4  7  5  54     999      11.33
1895 2  4  7  7  14     999      10.80
1895 2  4  7  8  16     999      11.19
1895 2  5  7  15 24     245.0    -99.99
1895 2  5  7  17 4      244.9    -99.99
1895 2  5  7  18 7      244.9    -99.99
1895 2  5  7  18 54     244.5    -99.99
1895 2  5  7  22 2      999      16.44
1895 2  5  7  23 32     999      16.54
1895 2  5  7  24 51     999      16.55
1895 2  5  7  26 37     999      16.54
1895 2  5  7  28 14     999      16.76
1895 2  5  7  29 40     999      16.53
1895 2  17 8  28 47     234.3    -99.99
1895 2  17 8  30 39     233.2    -99.99
1895 2  17 8  31 14     234.0    -99.99
1895 2  17 8  32 57     235.7    -99.99
1895 2  17 8  36 7      999      16.39
1895 2  17 8  37 34     999      15.80
1895 2  17 8  39 32     999      15.86
1895 2  17 8  40 42     999      16.84
1895 2  17 8  41 57     999      15.90
1895 2  17 8  44 22     999      16.74
1895 2  18 8  28 1      178.1    -99.99
1895 2  18 8  31 41     179.3    -99.99
1895 2  18 8  32 46     179.5    -99.99
1895 2  18 8  33 21     177.8    -99.99
1895 2  18 9  23 26     174.3    -99.99
1895 2  18 9  26 55     999      9.56
1895 2  18 9  28 7      999      9.82
1895 2  18 9  29 5      999      9.89
1895 2  18 9  30 0      999      9.93
1895 2  18 9  30 50     999      10.20
1895 2  18 9  31 50     999      10.23
1895 2  24 7  42 27     170.9    -99.99
1895 2  24 7  43 49     171.1    -99.99
1895 2  24 7  45 43     169.5    -99.99
1895 2  24 7  48 42     170.3    -99.99
1895 2  24 7  52 32     168.9    -99.99
1895 2  24 7  58 2      999      9.85
1895 2  24 7  58 28     999      10.43
1895 2  24 8  0  43     999      9.79
1895 2  24 8  1  40     999      9.57
1895 2  24 8  2  41     999      9.24
1895 2  24 8  3  12     999      9.86
1895 2  25 7  3  44     88.7     -99.99
1895 2  25 7  7  54     86.8     -99.99
1895 2  25 7  9  14     87.3     -99.99
1895 2  25 7  10 37     88.5     -99.99
1895 2  25 7  13 34     999      14.98
1895 2  25 7  14 39     999      14.34
1895 2  25 7  15 44     999      14.44
1895 2  25 7  16 59     999      13.86
1895 2  25 7  18 49     999      13.96
1895 2  25 7  20 1      999      13.57
1895 3  3  7  22 4      83.6     -99.99
1895 3  3  7  24 56     82.5     -99.99
1895 3  3  7  27 34     83.2     -99.99
1895 3  3  7  35 29     82.0     -99.99
1895 3  3  7  39 20     999      15.69
1895 3  3  7  41 9      999      14.40
1895 3  3  7  42 40     999      14.87
1895 3  3  7  44 36     999      15.61
1895 3  3  7  46 29     999      15.67
1895 3  3  7  48 4      999      15.35
1895 3  4  7  30 33     45.4     -99.99
1895 3  4  7  32 18     44.4     -99.99
1895 3  4  7  33 16     44.7     -99.99
1895 3  4  7  34 31     45.1     -99.99
1895 3  4  7  36 31     999      14.94
1895 3  4  7  37 46     999      14.94
1895 3  4  7  38 51     999      15.13
1895 3  4  7  39 59     999      15.26
1895 3  4  7  41 33     999      14.64
1895 3  4  7  42 23     999      15.17
