1911 1 28 11 27 19     286 20.2   -99.99
1911 1 28 11 50 2      999 99     16.78
1911 2 2  13 8  51     322 55.8   -99.99
1911 2 2  13 15 59     999 99     13.51
1911 2 21 13 19 15     261 4.0    -99.99
1911 2 21 13 34 43     999 99     15.11
1911 2 23 9  7  51     128 58.8   -99.99
1911 2 23 12 34 7      122 33.2   -99.99
1911 2 23 12 51 4      999 99     16.08
1911 2 24 11 20 25     82  55.0   -99.99
1911 2 24 11 38 46     999 99     15.66
1911 3 1  10 54 19     120 30.0   -99.99
1911 3 1  11 11 34     999 99     16.19
1911 3 3  11 10 6      359 36.1   -99.99
1911 3 3  11 26 0      999 99     11.22
1911 3 4  12 24 10     295 6.1    -99.99
1911 3 4  12 38 54     999 99     16.35
1911 3 8  11 9 30      69  20.3   -99.99
1911 3 10 10 30 4      291 50.9   -99.99
1911 3 10 10 49 7      999 99     16.36
1911 3 16 9  58 26     288 25.0   -99.99
1911 3 16 10 18 34     999 99     16.48
1911 3 21 9  44 27     333 33.9   -99.99
1911 3 21 10 2  41     999 99     12.47
1911 3 24 10 19 42     150 46.2   -99.99
1911 3 24 10 42 18     999 99     13.35
1911 3 25 11 22 11     99  37.0   -99.99
1911 3 25 11 42 45     999 99     16.69
1911 3 28 9  23 13     279 50.3   -99.99
1911 3 28 9  41 32     999 99     16.45
1911 3 30 11 13 32     139 6.2    -99.99
1911 3 31 9  22 45     96  10.2   -99.99
1911 3 31 9  45 7      999 99     16.46
1911 1 30 12 0  50     147 45.4   -99.99
1911 2 2  14 59 35     318 52.6   -99.99
1911 2 2  15 4  5      999 99     14.03
1911 2 21 11 35 39     264 35.9   -99.99
1911 2 21 12 26 18     999 99     15.47
1911 2 23 11 43 43     125 22.4   -99.99
1911 2 23 12 13 36     999 99     16.05
1911 2 24 12 50 59     79  39.2   -99.99
1911 2 24 13 18 9      999 99     14.81
1911 2 27 11 10 59     259 8.0    -99.99
1911 2 27 11 47 11     999 99     15.10
1911 3 1  12 9  54     117 48.1   -99.99
1911 3 1  12 32 41     999 99     16.24
1911 3 2  10 27 51     77  45.4   -99.99
1911 3 2  10 56 55     999 99     14.87
1911 3 4  11 2  54     295 50.8   -99.99
1911 3 4  11 25 53     999 99     16.12
1911 3 8  11 55 15     69  48.7   -99.99
1911 3 8  12 21 55     999 99     13.20
1911 3 10 11 58 48     289 59.8   -99.99
1911 3 10 12 20 50     999 99     16.52
1911 3 11 10 15 2      247 56.4   -99.99
1911 3 11 10 33 56     999 99     13.93
1911 3 16 11 33 41     285 27.5   -99.99
1911 3 16 11 57 18     999 99     16.75
1911 3 20 10 43 1      56  18.6   -99.99
1911 3 20 11 22 3      999 99     12.01
1911 3 21 11 8  17     329 9.5    -99.99
1911 3 21 11 28 20     999 99     12.68
1911 3 23 9  53 30     234 10.7   -99.99
1911 3 23 10 17 47     999 99     12.70
1911 3 24 11 54 49     146 18.1   -99.99
1911 3 24 12 13 42     999 99     13.34
1911 3 25 9  44 0      102 35.5   -99.99
1911 3 25 10 7  30     999 99     16.59
1911 3 28 11 8  45     275 25.3   -99.99
1911 3 28 11 32 24     999 99     16.44
1911 3 30 10 6  1      142 14.5   -99.99
1911 3 30 10 26 46     999 99     13.61
