 1 2005 06 12  11 23  7.9  21 19 29.2237  -15 44 47.128  0.231
 1 2005 06 13  11 19  9.1  21 19 25.2659  -15 45  9.805  0.231
 1 2005 06 14  11 14 50.2  21 19 21.3533  -15 45 18.967  0.232
 1 2005 06 15  11 11  1.2  21 19 18.3870  -15 45 20.699  0.232
 1 2005 06 16  11  7 12.0  21 19 16.1771  -15 45 29.156  0.232
 1 2005 06 17  11  3 12.8  21 19 13.6525  -15 45 51.787  0.232
 1 2005 06 18  10 59 13.4  21 19  9.9089  -15 46 22.616  0.232
 1 2005 06 27  10 23 45.0  21 18 32.6874  -15 48 59.848  0.233
 1 2005 06 28  10 20  4.6  21 18 29.3543  -15 49 16.534  0.233
 1 2005 06 29  10 16  4.2  21 18 25.4592  -15 49 47.385  0.233
 1 2005 06 30  10 10 23.6  21 18 20.3420  -15 50 22.902  0.233
 1 2005 07  1  10  6 33.0  21 18 14.5218  -15 50 49.545  0.234
 1 2005 07  2  10  3 15.4  21 18  9.1351  -15 51  2.831  0.234
 1 2005 07  3   9 58 41.6  21 18  4.7811  -15 51 12.448  0.234
 1 2005 07  4   9 54 40.8  21 18  0.9333  -15 51 33.000  0.234
 1 2005 07  5   9 51  9.9  21 17 56.4181  -15 52  7.074  0.234
 1 2005 07  6   9 46 48.9  21 17 50.7038  -15 52 44.645  0.234
 1 2005 07  7   9 43 27.9  21 17 44.3866  -15 53 11.748  0.234
 1 2005 07  8   9 39  6.7  21 17 38.6473  -15 53 25.949  0.234
 1 2005 07  9   9 34 15.4  21 17 33.9533  -15 53 38.303  0.234
 1 2005 07 10   9 30 14.1  21 17 29.6530  -15 54  2.129  0.234
 1 2005 07 11   9 27  2.9  21 17 24.5973  -15 54 39.309  0.234
 1 2005 07 13   9 19 20.0  21 17 11.6376  -15 55 45.649  0.235
 1 2005 07 16   9  7 35.3  21 16 55.9302  -15 56 42.314  0.235
 1 2005 07 17   9  3 33.6  21 16 50.4167  -15 57 21.821  0.235
 1 2005 07 18   8 59 41.8  21 16 43.7195  -15 58  1.163  0.235
 1 2005 07 19   8 54 49.9  21 16 36.7037  -15 58 28.525  0.235
 1 2005 08 16   7  2  7.9  21 13 40.7008  -16 12  8.079  0.236
 1 2005 08 17   6 57  5.4  21 13 33.2098  -16 12 43.318  0.236
 1 2005 08 21   6 42 26.8  21 13  9.2916  -16 14 20.988  0.236
 1 2005 08 22   6 37 34.5  21 13  2.5862  -16 15  3.218  0.236
 1 2005 08 25   6 24 48.0  21 12 42.7260  -16 16 10.275  0.236
 1 2005 08 26   6 21 26.2  21 12 37.7489  -16 16 34.403  0.236
 1 2005 08 27   6 17 24.2  21 12 32.2453  -16 17 12.066  0.236
 1 2005 08 28   6 12 52.2  21 12 25.6476  -16 17 52.680  0.236
 1 2005 08 29   6  8 43.0  21 12 18.5387  -16 18 23.271  0.236
 1 2005 08 30   6  4 28.4  21 12 12.0468  -16 18 39.941  0.236
 1 2005 08 31   6  1 16.8  21 12  6.7622  -16 18 54.090  0.236
 1 2005 09  1   5 57 15.1  21 12  2.0494  -16 19 18.376  0.236
 1 2005 09  3   5 48 21.6  21 11 50.3607  -16 20 34.390  0.236
 1 2005 09  4   5 45 20.2  21 11 43.5685  -16 21  1.489  0.236
 1 2005 09  5   5 41 12.3  21 11 37.5524  -16 21 15.831  0.236
 1 2005 09  6   5 36 17.0  21 11 32.7221  -16 21 28.491  0.236
 1 2005 09 17   4 52  6.2  21 10 36.1041  -16 25 51.826  0.235
 1 2005 09 18   4 49  5.9  21 10 32.3961  -16 26  1.919  0.235
 1 2005 09 19   4 45  5.5  21 10 28.9301  -16 26 25.016  0.235
 1 2005 09 20   4 41 15.3  21 10 24.6408  -16 26 58.005  0.235
 1 2005 09 23   4 28  4.5  21 10  9.9973  -16 27 48.861  0.235
 1 2005 09 24   4 24 54.9  21 10  6.9314  -16 27 57.720  0.235
 1 2005 09 25   4 20 14.8  21 10  3.9929  -16 28 19.325  0.235
 1 2005 09 26   4 16 55.3  21 10  0.1568  -16 28 50.120  0.235
 1 2005 09 29   4  5  3.3  21  9 47.4913  -16 29 30.013  0.234
 1 2005 09 30   4  0  7.2  21  9 45.0991  -16 29 36.708  0.234
 1 2005 10  1   3 56 58.3  21  9 42.7400  -16 29 57.400  0.234
 1 2005 10  2   3 53 19.3  21  9 39.4274  -16 30 25.431  0.234
 1 2005 10  3   3 49  0.2  21  9 35.3381  -16 30 47.015  0.234
 1 2005 10  4   3 45  1.4  21  9 31.5236  -16 30 54.046  0.234
 1 2005 10  5   3 40 12.4  21  9 28.9189  -16 30 53.685  0.234
 1 2005 10  6   3 36 13.7  21  9 27.2617  -16 30 58.841  0.234
 1 2005 10  7   3 33  8.7  21  9 25.5214  -16 31 17.324  0.233
 1 2005 10  8   3 28 16.9  21  9 22.7761  -16 31 42.195  0.233
 1 2005 10 10   3 21 20.8  21  9 16.3596  -16 32  1.976  0.233
 1 2005 10 11   3 16 34.7  21  9 14.5919  -16 31 58.190  0.233
 1 2005 10 14   3  5 29.5  21  9 10.4960  -16 32 39.547  0.233
 1 2005 10 15   3  0 31.7  21  9  7.7904  -16 32 51.850  0.233
 1 2005 10 16   2 57 14.5  21  9  5.6298  -16 32 49.945  0.232
 1 2005 10 23   2 28 56.2  21  8 59.5240  -16 33  7.693  0.232
 1 2005 10 24   2 25 19.9  21  9  0.2247  -16 33  6.817  0.231
 1 2005 10 30   2  1 44.6  21  9  0.5613  -16 33  9.142  0.231
 1 2005 10 31   1 58 19.4  21  9  1.4718  -16 33 18.467  0.231
 1 2005 11  3   1 46 33.9  21  9  1.6978  -16 33  9.743  0.230
 1 2005 11  4   1 42  8.9  21  9  3.5031  -16 32 54.109  0.230
 1 2005 11  5   1 37 54.1  21  9  5.7606  -16 32 49.493  0.230
 1 2005 11  6   1 34 49.8  21  9  7.3844  -16 32 55.907  0.230
 1 2005 11  7   1 30 25.1  21  9  8.0635  -16 33  1.170  0.230
 1 2005 11 13   1  6 51.1  21  9 19.5602  -16 32 12.277  0.229
 1 2005 11 14   1  3 37.8  21  9 20.9318  -16 31 59.945  0.229
 1 2005 11 15   0 59 44.4  21  9 23.3817  -16 31 35.716  0.228
 1 2006 06 14  11 24 22.7  21 28 14.5951  -15  7 45.087  0.229
 1 2006 06 17  11 13 26.1  21 28  7.7311  -15  8 33.284  0.230
 1 2006 06 18  11  8 37.1  21 28  3.6800  -15  9  0.524  0.230
 1 2006 06 19  11  5 57.8  21 27 59.3956  -15  9 15.014  0.230
 1 2006 06 20  11  0 38.7  21 27 55.9207  -15  9 19.159  0.230
 1 2006 06 21  10 56 49.3  21 27 53.3356  -15  9 26.436  0.230
 1 2006 06 22  10 53  9.8  21 27 50.7069  -15  9 47.698  0.230
 1 2006 06 24  10 44 20.6  21 27 42.2961  -15 10 48.815  0.230
 1 2006 06 25  10 41 10.8  21 27 37.4416  -15 11  4.568  0.231
 1 2006 06 26  10 37 10.9  21 27 33.4850  -15 11 11.317  0.231
 1 2006 06 29  10 25 10.7  21 27 22.6971  -15 12 23.253  0.231
 1 2006 07  4  10  5 38.6  21 27  0.0397  -15 14  3.955  0.232
 1 2006 07 11   9 37 32.2  21 26 24.4896  -15 17 13.835  0.232
 1 2006 07 15   9 20 57.0  21 26  2.4507  -15 18 39.219  0.233
 1 2006 07 16   9 16 55.6  21 25 57.4762  -15 19 15.550  0.233
 1 2006 07 24   8 44 21.9  21 25  9.0775  -15 23 21.646  0.233
 1 2006 08  2   8  7 33.1  21 24 14.5505  -15 27 26.692  0.234
 1 2006 08  3   8  3 40.9  21 24  8.5251  -15 28  9.459  0.234
 1 2006 08  5   7 55 36.4  21 23 53.9473  -15 29 22.821  0.234
 1 2006 08  6   7 51 54.1  21 23 47.2830  -15 29 41.360  0.234
 1 2006 08 17   7  7 18.8  21 22 36.7754  -15 35 30.329  0.234
 1 2006 08 18   7  4 16.6  21 22 30.3641  -15 35 47.288  0.234
 1 2006 08 19   6 59 24.3  21 22 24.9757  -15 36  7.747  0.234
 1 2006 08 20   6 56 25.3  21 22 19.5700  -15 36 42.075  0.234
 1 2006 08 24   6 38 53.3  21 21 52.5528  -15 38 46.037  0.234
 1 2006 08 27   6 26 47.1  21 21 35.7307  -15 40 25.005  0.234
 1 2006 08 28   6 23 25.1  21 21 28.5684  -15 41  2.298  0.234
 1 2006 08 29   6 19 33.2  21 21 21.6498  -15 41 24.511  0.234
 1 2006 08 30   6 15  1.2  21 21 15.8600  -15 41 39.292  0.234
 1 2006 08 31   6 11 32.0  21 21 10.9383  -15 42  0.555  0.234
 1 2006 09  2   6  3 45.8  21 20 59.6289  -15 43 17.238  0.234
 1 2006 09  4   5 55 22.4  21 20 46.2057  -15 44 10.994  0.234
 1 2006 09 11   5 26 42.4  21 20  7.9457  -15 46 58.101  0.234
 1 2006 09 12   5 23 51.3  21 20  3.7969  -15 47 18.464  0.234
 1 2006 09 14   5 14  9.1  21 19 53.5741  -15 48 30.224  0.234
 1 2006 09 16   5  6 19.1  21 19 41.9318  -15 49 10.612  0.234
 1 2006 09 17   5  2 56.6  21 19 37.6155  -15 49 20.210  0.233
 1 2006 09 18   4 58 32.5  21 19 33.9394  -15 49 39.977  0.233
 1 2006 09 19   4 55 25.4  21 19 29.7242  -15 50 12.850  0.233
 1 2006 09 20   4 50 54.8  21 19 24.4882  -15 50 47.152  0.233
 1 2006 09 23   4 38 53.8  21 19 10.3153  -15 51 27.984  0.233
 1 2006 09 24   4 34  3.5  21 19  7.1731  -15 51 46.763  0.233
 1 2006 09 25   4 30  8.8  21 19  3.4105  -15 52 17.589  0.233
 1 2006 09 27   4 22 13.7  21 18 53.5914  -15 53  7.805  0.233
 1 2006 09 28   4 18 13.9  21 18 49.4191  -15 53 14.246  0.233
 1 2006 09 29   4 14 14.3  21 18 46.4492  -15 53 19.490  0.233
 1 2006 09 30   4 11 14.9  21 18 43.8866  -15 53 36.958  0.233
 1 2006 10 16   3  7 17.4  21 17 59.3914  -15 57  5.281  0.231
 1 2006 10 17   3  3 29.9  21 17 58.7177  -15 57  4.487  0.231
 1 2006 10 19   2 55 31.1  21 17 56.6073  -15 57 36.795  0.231
 1 2006 10 20   2 51  7.8  21 17 54.3251  -15 57 50.776  0.230
 1 2006 10 21   2 47 30.8  21 17 52.3045  -15 57 50.593  0.230
 1 2006 10 23   2 40 24.7  21 17 51.6296  -15 57 38.603  0.230
 1 2006 10 28   2 19 55.1  21 17 48.2468  -15 57 57.117  0.229
 1 2006 10 29   2 16  9.0  21 17 49.2420  -15 57 51.585  0.229
 1 2006 11  3   1 56 31.8  21 17 49.8875  -15 57 50.730  0.229
 1 2006 11  5   1 48 54.8  21 17 53.1416  -15 57 47.639  0.228
 1 2006 11  7   1 41 39.1  21 17 53.7208  -15 57 56.036  0.228
 1 2006 11  9   1 33 10.5  21 17 56.2724  -15 57 21.367  0.228
 1 2006 11 10   1 29  7.4  21 17 58.8888  -15 57 11.597  0.228
 1 2006 11 11   1 24 53.1  21 18  1.0542  -15 57 14.338  0.228
 1 2006 11 13   1 17 15.0  21 18  3.1308  -15 57 13.226  0.227
 1 2006 11 14   1 12 41.0  21 18  4.7107  -15 56 53.683  0.227
 1 2006 11 15   1  9 10.3  21 18  7.5190  -15 56 31.202  0.227
 1 2006 11 16   1  6  8.3  21 18 10.9261  -15 56 19.095  0.227
 1 2006 11 17   1  1 46.9  21 18 13.8202  -15 56 18.676  0.227
