1897  9  14 14 45 53   242.48  -99.99
1897  9  14 14 56 42   999     16.27
1897  9  14 15  2 6    999     15.78
1897  9  20 15 43 6    235.00  -99.99
1897  9  20 15 48 6    999     15.53
1897  9  20 15 52 24   999     15.12
1897  9  22 15 15 24   93.19   -99.99
1897  9  22 15 21 4    999     14.81
1897  9  22 15 24 24   999     14.85
1897  9  24 16 33 10   335.10  -99.99
1897  9  24 16 37 37   999     9.93
1897  9  24 16 39 49   999     9.86
1897  9  26 15  0 8    230.44  -99.99
1897  9  26 15  4 2    999     15.10
1897  9  26 15  7 14   999     14.58
1897 10  3  14 40 20   144.70  -99.99
1897 10  3  14 47 24   999     10.79
1897 10  3  14 52 14   999     10.57
1897 10  6  15 52 22   315.59  -99.99
1897 10  6  15 58 11   999     10.99
1897 10  6  16  2 26   999     10.63
1897 10  8  14  3 50   219.83  -99.99
1897 10  8  14  9 27   999     13.55
1897 10  8  14 12 50   999     14.38
1897 10 12  13 34 13   311.47  -99.99
1897 10 12  13 40 29   999     10.92
1897 10 12  13 45 0    999     11.18
1897 10 14  13 34 12   213.58  -99.99
1897 10 14  13 39 56   999     12.54
1897 10 14  13 42 51   999     12.47
1897 10 25  13  9 11   248.85  -99.99
1897 10 25  13 14 13   999     16.60
1897 10 25  13 17 33   999     17.11
1897 10 26  12  3 28   201.90  -99.99
1897 10 26  12  7 47   999     11.70
1897 10 26  12 10 23   999     11.72
1897 11  2  13 43 23   101.75  -99.99
1897 11  2  13 49 11   999     13.99
1897 11  2  13 53 3    999     14.38
1897 11  9  15 38 43   53.16   -99.99
1897 11  9  15 45 7    999     15.12
1897 11  9  15 49 13   999     15.38
1897 11 22  11  8 6    335.18  -99.99
1897 11 22  11 15 3    999     10.09
1897 11 22  11 19 1    999     9.76
1897 11 23  11 26 38   268.56  -99.99
1897 11 23  11 34 12   999     15.86
1897 11 23  11 38 17   999     15.49
1897 12  6  15  9 30   202.00  -99.99
1897 12  6  15 16 47   999     12.33
1897 12  6  15 22 6    999     12.45
1897 12  7  14 27 19   118.53  -99.99
1897 12  7  14 34 53   999     12.54
1897 12  7  14 40 43   999     12.43
1897 12 20  14 44 32   60.54   -99.99
1897 12 20  14 55 3    999     16.33
1897 12 20  14 58 3    999     15.92
1897 12 21  10 58 36   15.15   -99.99
1897 12 21  12 26 47   8.40    -99.99
1897 12 21  12 35 5    999     10.77
1897 12 21  12 39 59   999     10.63
1897 12 25  10  3 38   105.31  -99.99
1897 12 25  10 12 48   999     13.86
1897 12 25  10 16 58   999     13.83
1897 12 26   9  8  3   64.00   -99.99
1897 12 26   9 14 15   999     16.84
1897 12 26   9 17 15   999     16.63
1897 12 27   9 26 42   7.02    -99.99
1897 12 27   9 32  4   999     10.83
1897 12 27   9 35  0   999     11.04
1897 12 29   9  2 19   242.75  -99.99
1897 12 29   9  7 22   999     16.23
1897 12 29   9 13 16   999     16.39
1898  1  1   7 53  0   61.18   -99.99
1898  1  1   7 58 36   999     16.82
1898  1  1   8  1 20   999     16.14
1898  1  2  10 13 53   354.05  -99.99
1898  1  2  10 17 49   999     10.24
1898  1  2  10 20 17   999     10.11
1898  1  3  13  2 37   267.25  -99.99
1898  1  3  13  9 35   999     15.87
1898  1  3  13 14 29   999     15.50
1898  1 16  10 58 33   222.52  -99.99
1898  1 16  11  8  3   999     14.55
1898  1 16  11 11 21   999     14.27
1898  1 17   9 45  3   143.20  -99.99
1898  1 17   9 52 17   999     10.81
1898  1 17   9 56 41   999     10.66
1898  1 18   7 41 13   85.87   -99.99
1898  1 18   7 52 18   84.77   -99.99
1898  1 18   8  4 47   999     15.43
1898  1 18   8  7 59   999     16.23
1898  1 23   7 50 36   138.14  -99.99
1898  1 23   7 57 30   999     10.64
1898  1 23   8  2  0   999     10.76
1898  1 27  11  4 36   252.26  -99.99
1898  1 27  11 10 24   999     16.61
1898  1 27  11 13 12   999     16.57
1898  2 23   8 31 52   56.59   -99.99
1898  2 23   8 36 22   999     15.69
1898  2 23   8 39 17   999     15.84
1898  2 26   7 59 51   233.37  -99.99
1898  2 26   8  6  6   999     15.79
1898  2 26   8 10 45   999     15.27
1898  3  2   8 16 16   339.39  -99.99
1898  3  2   8 21 37   999     9.79
1898  3  2   8 24  3   999     10.00
1898  3  5   6 58  0   158.64  -99.99
1898  3  5   7  2 45   999     9.97
1898  3  5   7  7 24   999     9.99
1898  3  6   6 52 54   87.68   -99.99
1898  3  6   6 56 59   999     15.12
1898  3  6   6 59 17   999     15.36
1898  3  7   6 46 27   48.73   -99.99
1898  3  7   6 50 56   999     14.60
1898  3  7   6 53 40   999     14.54
1898  3 13   6 49 29   42.30   -99.99
1898  3 13   6 58 12   999     13.93
1898  3 13   7 12 45   999     13.81
1898  3 13   7 33 45   41.96   -99.99
1898  3 13   7 36 57   999     14.08
1898  3 13   7 38 57   999     13.80
1898  3 14   7  7 50   320.95  -99.99
1898  3 14   7 20 27   999     9.97
1898  3 14   7 25 41   999     10.32
1898  3 15   7  4 26   261.07  -99.99
1898  3 15   7  9 45   999     15.78
1898  3 15   7 12 59   999     15.56
1898  3 19   7  5 42   37.06   -99.99
1898  3 19   7 12 25   999     12.94
1898  3 19   7 15 22   999     12.95
1898  3 23   7 16 21   123.06  -99.99
1898  3 23   7 24 51   999     11.45
1898  3 23   7 28 27   999     11.47
1898  3 23   7 45 3    120.53  -99.99
1898  3 23   7 51 25   999     11.67
1898  3 23   7 53 37   999     11.73
1898  3 29   7 31 3    113.67  -99.99
1898  3 29   7 35 41   999     12.25
1898  3 29   7 38 23   999     12.11
1898  4  1   8  0 7    287.34  -99.99
1898  4  1   8  6 45   999     12.44
1898  4  1   8 10 15   999     12.29
1898  4  2   7 49 57   243.87  -99.99
1898  4  2   7 56 48   999     16.48
1898  4  2   8  0 6    999     16.52
1898  4  3   7 39 23   190.50  -99.99
1898  4  3   7 44 15   999     11.09
1898  4  3   7 48 55   999     11.21
1898  4  5   7 45 39   63.34   -99.99
1898  4  5   7 49 51   999     15.96
1898  4  5   7 48 55   999     16.10
1898  4 11   7 55 1    57.25   -99.99
1898  4 11   7 58 54   999     14.94
1898  4 11   8  1 30   999     15.38
1898  4 20   8 11 25   228.35  -99.99
1898  4 20   8 16 1    999     14.57
1898  4 20   8 18 31   999     14.43
1898  4 23   7 45 6    47.99   -99.99
1898  4 23   7 50 6    999     14.09
1898  4 23   7 53 30   999     13.75
1898  8 29  15 25 12   87.12   -99.99
1898  8 29  15 31 8    999     16.10
1898  8 29  15 35 59   999     15.76
1898  8 30  15  7 3    46.14   -99.99
1898  8 30  15 13 44   999     14.02
1898  8 30  15 17 45   999     13.91
1898  8 31  15  7 32   325.67  -99.99
1898  8 31  15 13 12   999     10.54
1898  8 31  15 18 28   999     10.53
1898  9  1  14 30 2    267.20  -99.99
1898  9  1  14 35 56   999     15.13
1898  9  1  14 39 26   999     15.47
1898  9  2  14 12 55   226.72  -99.99
1898  9  2  14 19 30   999     13.60
1898  9  2  14 23  9   999     13.58
1898  9  2  14 42 36   224.62  -99.99
1898  9  2  14 47 43   999     13.72
1898  9  2  14 50 18   999     13.44
1898  9  3  14 47 38   139.77  -99.99
1898  9  3  14 54 52   999     10.67
1898  9  3  14 59 44   999     11.11
1898  9 14  13 51 7    211.04  -99.99
1898  9 14  13 56 33   999     11.86
1898  9 14  14  0 45   999     12.36
1898  9 20  14 19 28   201.64  -99.99
1898  9 20  14 29 28   999     11.52
1898  9 20  14 34 24   999     11.17
1898  9 22  17  2  0   66.72   -99.99
1898  9 22  17  7 14   999     16.09
1898  9 22  17 12  0   66.25   -99.99
1898  9 26  14 10 19   191.48  -99.99
1898  9 26  14 16 51   999     10.86
1898  9 26  14 21  3   999     10.90
1898  9 27  14  9  5   107.02  -99.99
1898  9 27  14 16 54   999     13.84
1898  9 27  14 22 9    999     13.74
1898 10 10  13  5 51   56.91   -99.99
1898 10 10  13 10 24   999     15.41
1898 10 10  13 14 26   999     15.57
1898 10 11  14 15 22   342.96  -99.99
1898 10 11  14 27 12   999     10.82
1898 10 11   15 8 3    338.45  -99.99
1898 10 11  15 14 10   999     10.62
1898 10 11  15 17 37   999     10.32
1898 11  7  12 11 4    121.46  -99.99
1898 11  7  12 16 51   999     12.61
1898 11  7  12 20 46   999     13.00
1898 11 14  18  5 13   60.68   -99.99
1898 11 14  18  9 49   999     15.68
1898 11 15  10 33 24   19.99   -99.99
1898 11 15  10 39 50   999     11.71
1898 11 15  10 43 51   999     11.82
1898 11 22  15 37 8    276.90  -99.99
1898 11 22  15 41 23   999     15.24
1898 11 22  15 44 12   999     15.21
1898 11 24   9 29 13   187.93  -99.99
1898 11 24   9 34 11   999     10.91
1898 11 24   9 37 11   999     11.05
1898 11 26   9 39 10   62.72   -99.99
1898 11 26   9 45 30   999     16.23
1898 11 26   9 50 11   999     16.59
1898 11 29  12 30 26   236.69  -99.99
1898 11 29  12 35 40   999     15.34
1898 11 29  12 39 14   999     15.45
1898 12  3  10 3 20    349.51  -99.99
1898 12  3  10 9 18    999     10.85
1898 12  3  10 12 47   999     10.03
1898 12  6  13 45 17   999     10.72
1898 12  6  13 49 22   999     10.87
1898 12 10   9 29 29   271.66  -99.99
1898 12 10   9 33 44   999     15.66
1898 12 10   9 37 26   999     15.34
1898 12 11   8 51 8    231.06  -99.99
1898 12 11   9 0 42    999     15.14
1898 12 11   9 3 30    999     15.10
1898 12 12   9 20 22   152.20  -99.99
1898 12 12   9 24 55   999     10.69
1898 12 12   9 27 20   999     10.66
1898 12 13   9 0 50    89.02   -99.99
1898 12 13   9 6 29    999     16.77
1898 12 13   9 10 50   999     16.62
1899  1 18   8 17 3    61.00   -99.99
1899  1 18   8 23 14   999     16.17
1899  1 18   8 26 26   999     16.30
1899  1 24   7 55 32   56.57   -99.99
1899  1 24   8 1 52    999     15.95
1899  1 24   8 4 38    999     15.76
1899  1 30   9 58 10   47.83   -99.99
1899  1 30  10 6 16    999     13.95
1899  1 30  10 10 3    999     14.43
1899  1 31  10 34 51   325.30  -99.99
1899  1 31  10 39 6    999     10.66
1899  1 31  10 41 30   999     10.76
1899  2  6   7 22 42   328.08  -99.99
1899  2  6   7 26 54   999     10.12
1899  2  6   7 30 8    999     10.32
1899  2  7   8 40 27   262.36  -99.99
1899  2  7   8 46 45   999     16.36
1899  2  7   8 49 57   999     16.56
1899  2  9   9 48 39   132.07  -99.99
1899  2  9   9 54 28   999     11.16
1899  2  9   9 57 17   999     10.87
1899  2 10   7 15 4    81.79   -99.99
1899  2 10   7 20 29   999     16.16
1899  2 10   7 23 10   999     16.52
1899  2 11   8 33 34   37.45   -99.99
1899  2 11   8 39 47   999     13.16
1899  2 11   8 45 7    999     12.89
1899  2 12   8 29 14   312.16  -99.99
1899  2 12   8 33 33   999     11.02
1899  2 12   8 36 56   999     11.11
1899  2 13   6 56 12   260.85  -99.99
1899  2 13   7 0 24    999     16.11
1899  2 13   7 4 0     999     16.33
1899  2 20   9 9 25    203.94  -99.99
1899  2 20   9 15 58   999     11.88
1899  2 20   9 19 29   999     11.61
1899  2 20   9 27 23   201.15  -99.99
1899  2 28   7 47 7    66.98   -99.99
1899  2 28   7 52 44   999     16.65
1899  2 28   7 56 59   999     16.46
1899  3 13   8 57 5    347.09  -99.99
1899  3 13   9 6 20    999     10.27
1899  3 13   9 13 4    999     10.39
1899  3 18   7 25 58   53.16   -99.99
1899  3 18   7 32 16   999     14.98
1899  3 18   7 36 10   999     14.59
1899  3 19   7 44 15   339.33  -99.99
1899  3 19   7 51 5    999     9.94
1899  3 19   7 55 6    999     10.04
1899  3 19   8 4 26    337.91  -99.99
1899  3 28   7 58 32   139.82  -99.99
1899  3 28   8 13 11   999     10.55
1899  3 28   8 17 32   999     10.70
1899  3 29   7 33 19   82.65   -99.99
1899  3 29   7 38 59   999     15.74
1899  3 29   7 42 30   999     15.68
1899  3 29   7 52 31   81.83   -99.99
1899  3 30   8 15 6    39.02   -99.99
1899  3 30   8 20 5    999     12.75
1899  3 30   8 23 6    999     12.74
1899  4  3   8 13 50   127.71  -99.99
1899  4  3   8 20 35   999     11.25
1899  4  3   8 24 13   999     11.62
1899  4  3   8 27 8    999     11.33
1899  4  3   8 29 49   127.63  -99.99
1899  4  4   7 27 45   78.20   -99.99
1899  4  4   7 33 59   999     15.98
1899  4  4   7 37 38   999     15.83
1899  4  4   7 55 48   77.01   -99,99
1899  4  4   7 59 47   999     16.08
1899  4  4   8  1 47   999     15.97
1899  4  7   7 41 8    254.65  -99.99
1899  4  7   8 17 34   999     16.32
1899  4  7   8 21 31   999     16.06
1899  4  7   8 30  7   253.09  -99.99
1899  4 17   7 38 0    15.79   -99.99
1899  4 17   7 46 6    999     10.89
1899  4 17   7 50 43   999     10.82
1899  4 18   7 37 59   288.21  -99.99
1899  4 18   7 45 55   999     13.00
1899  4 18   7 50 37   999     12.99
1899  4 19   7 38 18   245.79  -99.99
1899  4 19   7 44 29   999     16.08
1899  4 19   7 47 40   999     15.82
