1886 11 22    10 15 39   241.19  -99.99
1886 11 25    09 56 02    59.15  -99.99
1886 11 25    10 10 45   999.99   15.97
1886 11 26    09 30 56    27.40  -99.99
1886 11 26    09 47 23   999.99   13.74
1886 12 04    13 40 18   229.24  -99.99
1886 12 04    13 53 15   999.99   17.04
1886 12 14    07 36 26    13.25  -99.99
1886 12 14    07 50 19   999.99   11.38
1886 12 22    09 07 11   224.58  -99.99
1886 12 22    09 22 13   999.99   16.47
1886 12 24    09 29 14    74.26  -99.99
1886 12 24    09 37 40   999.99   13.24
1886 12 28    10 18 54   220.11  -99.99 
1886 12 28    10 31 05   999.99   15.29 
1887 01 13    07 17 12   999.99   08.51
1887 01 15    07 56 51   208.59  -99.99
1887 01 15    08 11 05   999.99   13.75
1887 01 17    08 42 31     58.6  -99.99
1887 01 17    08 56 53   999.99   16.41
1887 01 20    08 03 10   237.29  -99.99
1887 01 20    08 20 59   999.99   16.00
1887 01 21    07 49 42   204.70  -99.99
1887 01 22    07 25 47   108.49  -99.99
1887 01 22    07 39 02   999.99   08.71
1887 01 23    08 19 37    55.70  -99.99
1887 01 23    08 33 04   999.99   16.87
