1899 10 6  13 34.8    254.17  -99.99
1899 10 9  13 43.0    72.16   -99.99
1899 10 10 13 56.0    20.90   -99.99
1899 10 18 14 9.0     245.15  -99.99
1899 10 20 12 35.8    106.57  -99.99
1899 10 21 12 45.3    61.84   -99.99
1899 10 24 13 52.5    239.09  -99.99
1899 10 25 12 51.4    173.82  -99.99
1899 10 26 12 47.8    104.10  -99.99
1899 11 1  12 10.5    96.24   -99.99
1899 11 4  12 22.8    273.77  -99.99
1899 11 5  12 26.0    231.14  -99.99
1899 11 6  12 0.0     153.73  -99.99
1899 11 8  12 22.5    46.81   -99.99
1899 11 9  11 40.9    329.15  -99.99
1899 11 10 11 54.6    268.52  -99.99
1899 11 12 11 25.8    145.82  -99.99
1899 10 6  13 35.2    999     17.08
1899 10 9  13 45.5    999     16.81
1899 10 10 13 57.0    999     11.47
1899 10 18 14 10.5    999     15.90
1899 10 20 12 35.8    999     14.79
1899 10 21 12 46.5    999     16.80
1899 10 24 13 53.2    999     15.76
1899 10 25 12 51.4    999     10.62
1899 10 26 12 47.2    999     15.18
1899 11 1  12 10.5    999     15.97
1899 11 4  12 22.5    999     16.31
1899 11 5  12 26.2    999     14.87
1899 11 6  11 59.7    999     11.03
1899 11 8  12 22.5    999     14.47
1899 11 9  11 40.8    999     11.12
1899 11 10 11 54.5    999     17.00
1899 11 12 11 27.2    999     11.15
1899 11 13 11 8.9     86.63   -99.99
1899 11 20 10 48.5    35.75   -99.99
1899 11 21 10 19.5    311.56  -99.99
1899 11 24 10 32.4    126.14  -99.99
1899 11 26 9  57.5    31.39   -99.99
1899 11 27 10 35.0    304.45  -99.99
1899 11 28 10 44.7    255.41  -99.99
1899 12 2  9  56.6    20.40   -99.99
1899 12 3  10 50.1    294.39  -99.99
1899 12 4  9  54.9    252.71  -99.99
1899 12 6  9  49.2    113.28  -99.99
1899 12 8  10 3.0     12.34   -99.99
1899 12 12 8  59.4    104.28  -99.99
1899 12 15 11 14.2    279.64  -99.99
1899 12 17 9  33.6    178.64  -99.99
1899 12 20 9  50.4    351.08  -99.99
1899 12 21 9  34.8    278.65  -99.99
1899 12 22 9  10.8    238.05  -99.99
1899 12 24 9  39.0    94.23   -99.99
1899 12 26 9  20.6    340.82  -99.99
1899 12 28 8  46.7    236.60  -99.99
1900 1  2  7  22.1    272.25  -99.99
1900 1  3  8  7.5     227.90  -99.99
1900 1  4  8  9.6     150.75  -99.99
1900 1  6  8  4.1     44.30   -99.99
1900 1  8  8  6.8     266.15  -99.99
1900 1  8  11 1.4     260.35  -99.99
1900 1  9  6  34.9    224.60  -99.99
1900 1  9  10 35.6    215.22  -99.99
1900 1  14 8  26.2    256.60  -99.99
1900 1  15 8  58.5    212.35  -99.99
1900 1  15 12 20.5    202.40  -99.99
1900 1  21 7  7.0     209.38  -99.99
1900 1  21 11 27.8    195.60  -99.99
1900 1  22 6  31.8    122.17  -99.99
1900 1  23 6  56.3    75.15   -99.99
1900 1  23 11 25.8    67.19   -99.99
1900 1  26 7  37.1    250.13  -99.99
1900 1  27 7  29.2    200.20  -99.99
1900 1  27 12 14.6    182.00  -99.99
1900 1  29 7  3.4     68.13   -99.99
1900 1  29 11 25.6    63.27   -99.99
1900 2  1  7  15.1    248.56  -99.99
1900 2  2  7  46.8    184.80  -99.99
1900 2  9  8  57.5    96.20   -99.99
1900 2  13 7  25.4    238.18  -99.99
1900 2  14 7  33.9    166.55  -99.99
1900 2  27 7  29.5    83.50   -99.99
1899 11 13 11 9.2     999     16.58
1899 11 20 10 48.5    999     13.26
1899 11 21 10 24.5    999     11.80
1899 11 24 10 32.0    999     12.26
1899 11 26 9  58.0    999     12.59
1899 11 27 10 34.2    999     12.57
1899 11 28 10 44.0    999     17.10
1899 12 2  9  57.2    999     11.21
1899 12 3  10 50.0    999     12.86
1899 12 4  9  55.0    999     17.72
1899 12 6  9  48.8    999     13.84
1899 12 8  10 4.0     999     11.63
1899 12 12 8  59.5    999     14.28
1899 12 15 11 14.5    999     15.76
1899 12 17 9  34.2    999     11.79
1899 12 20 9  51.2    999     10.72
1899 12 21 9  35.0    999     16.04
1899 12 22 9  10.8    999     15.99
1899 12 24 9  38.3    999     16.01
1899 12 26 9  19.5    999     10.96
1899 12 28 8  56.0    999     15.34
1900 1  2  7  22.5    999     16.24
1900 1  3  8  7.5     999     15.10
1900 1  4  8  10.0    999     10.94
1900 1  6  8  4.2     999     14.29
1900 1  8  7  6.8     999     16.92
1900 1  8  11 1.8     999     17.06
1900 1  9  6  34.8    999     14.96
1900 1  9  10 35.2    999     13.49
1900 1  14 8  25.8    999     17.42
1900 1  15 8  58.5    999     13.11
1900 1  21 7  6.8     999     12.71
1900 1  21 11 28.0    999     11.20
1900 1  22 6  32.8    999     12.80
1900 1  23 6  56.8    999     16.78
1900 1  23 11 26.0    999     16.54
1900 1  26 7  36.5    999     17.53
1900 1  27 7  28.8    999     11.84
1900 1  27 12 14.5    999     10.83
1900 1  29 7  3.5     999     16.76
1900 1  29 11 25.8    999     15.85
1900 2  1  7  14.8    999     16.87
1900 2  2  7  46.5    999     11.15
1900 2  9  8  57.2    999     15.38
1900 2  13 7  25.5    999     15.66
1900 2  14 7  33.5    999     10.34
1900 2  27 7  29.5    999     16.56
