1896 11 18  12 38  9    999 99  15.94
1896 11 18  12 33 12    264 99  -99.99
1896 11 30  11 38 32    999 99  17.35
1896 11 30  11 38  8    251 53  -99.99
1896 12 7   11  7 56    999 99  13.17
1896 12 7   11  9 17    204  2  -99.99
1896 12 31   9 29 42    999 99  11.06
1896 12 31   9 18 56    167 30  -99.99
1897 11 29   9 42 52    999 99  14.94
1897 11 29   9 38 48    275  8  -99.99
1897 12 3   10 57  1    999 99  16.09
1897 12 3   10 50 49     58 55  -99.99
1897 12 17  10  5 20    999 99  16.74
1897 12 17   9 56 27    258 18  -99.99
1897 12 20  10 53 36    999 99  17.92
1897 12 20  10 50 57     77 26  -99.99
1897 12 22   9 24 30    999 99  11.82
1897 12 22   9 24 15    309 10  -99.99
1897 12 22  10 21 20    999 99  11.55
1897 12 22  10 21 22    303  4  -99.99
1897 12 23   9 56  5    999 99  17.28
1897 12 23   9 55 43    249 59  -99.99
1897 12 24  10 11 17    999 99  13.29
1897 12 24  10  6 34    207 21  -99.99
1897 12 28   9 46 15    999 99  13.66
1897 12 28   9 47  3    292 57  -99.99
1898 1  10   9 38 22    999 99  16.17
1898 1  10   9 30 12    240 16  -99.99
