1898 10 14 15 30 52    144.3   -99.99
1898 10 14 15 31 27    999     11.02
1898 10 16 14 16 30    44.8    -99.99
1898 10 16 14 17  2    999     13.89
1898 10 23 13 24 43    999     10.97
1898 10 23 13 25 17    316.2   -99.99
1898 11 5  13 33 57    249.5   -99.99
1898 11 5  13 34 2     999     16.83
1898 11 11 10 40 28    999     16.97
1898 11 11 10 41 10    249.5   -99.99
1898 11 12 13 13 14    999     11.55
1898 11 12 13 13 30    189.8   -99.99
1898 11 15 13 29 28    999     10.66
1898 11 15 13 30 20    2.9     -99.99
1898 11 20 11 16 10    62.2    -99.99
1898 11 20 11 16 40    999     15.85
1898 12 2  10 36 11    52.9    -99.99
1898 12 2  10 36 12    999     15.10
1898 12 3  11 8  51    999     10.17
1898 12 3  11 10 0     337.3   -99.99
1898 12 9  10 46 54    326.7   -99.99
1898 12 9  10 47 17    999     10.64
1898 12 11 10 12 16    999     14.60
1898 12 11 10 12 27    223.4   -99.99
1899  2 11 12 19 34    999     11.55
1899  2 11 12 19 58    21.2    -99.99
1901  9 6  16 3  32    209.80  -99.99
1901  9 6  16 3  50    999     12.00
1901  9 8  15 45 36    79.95   -99.99
1901  9 8  15 45 17    999     16.46
1901  9 14 15 24 29    75.85   -99.99
1901  9 14 15 24 50    999     16.16
1901  9 28 15 14 0     284.85  -99.99
1901  9 28 15 14 11    999     14.85
1901 10 5  14 3  27    237.65  -99.99
1901 10 5  14 3  33    999     14.72
1901 10 8  13 46 53    56.85   -99.99
1901 10 8  13 46 59    999     14.40
1901 10 12 14 14 6     152.55  -99.99
1901 10 12 14 14 16    999     11.30
1901 10 19 13 18 52    89.7    -99.99
1901 10 19 13 19 16    999     16.60
1901 11 12 11 32 10    72.40   -99.99
1901 11 12 11 32 19    999     16.17
1901 11 16 11 57 22    182.65  -99.99
1901 11 16 11 57 13    999     11.01
1901 12 20 14 6  14    256.15  -99.99
1901 12 20 14 6  11    999     17.02
1901 12 21 10 7  2     211.95  -99.99
1901 12 21 10 7  3     999     12.48
1902  1 11  8 47 9     4.35    -99.99
1902  1 11  8 47 31    999     10.73
