1863 9 10  12 0.9      215.69   -99.99
1863 9 10  12 39.3     999      14.15
1863 9 10  13 6.4      213.96   -99.99
1863 9 11  11 48.0     212.15   -99.99
1863 9 11  12 35.4     999      15.95
1863 9 14  12 42.0     30.34    -99.99
1863 9 17  11 34.5     210.55   -99.99
1863 9 19  11 37.1     33.50    -99.99
1863 9 19  12 35.6     999      15.52
1863 9 23  12 27.0     211.69   -99.99
1863 9 28  11 18.2     215.12   -99.99
1863 10 5  10 6.8      212.68   -99.99
1863 10 5  10 8.9      211.73   -99.99
1863 10 6  11 1.0      39.3     -99.99
1863 10 10 10 1.0      213.80   -99.99
1863 10 31 8 30.0      34.11    -99.99
1863 10 31 9 14.6      999      16.25
1863 11 14 8 11.6      216.51   -99.99
1863 12 11 6 41.9      35.14    -99.99
1863 12 11 7 23.9      999      16.92
