1875   9   6  12  19.0  201.0  -99.99
1875   9   6  12  30.0  999.9   11.90
1875   9   8  11  50.0   41.6  -99.99
1875   9   8  11  59.0  999.9   16.78
1875   9   9  12  10.0   20.6  -99.99
1875   9   9  12  20.0  999.9   11.62
1875   9  20  11  44.0   37.2  -99.99
1875   9  20  11  53.0  999.9   17.23
1875   9  26  11  20.0   32.3  -99.99
1875   9  26  11  50.0  999.9   16.46
1875   9  29  11  40.0  215.1  -99.99
1875   9  29  12   0.0  999.9   16.32
1875  10   2  10  53.0   33.8  -99.99
1875  10   2  11   6.0  999.9   16.84
1875  10   2  11  43.0  999.9   17.03
1875  10   5  10  26.0  212.5  -99.99
1875  10   5  10  46.0  999.9   16.83
1875  10   5  11   5.0  999.9   16.75
1875  10   7  10  35.0   46.6  -99.99
1875  10  13   9  27.0   48.7  -99.99
1875  10  13   9  48.0  999.9   14.33
1875  10  13   9  58.0   48.9  -99.99
1875  10  16  10  45.0  227.4  -99.99
1875  10  16  11   4.0  999.9   15.73
1875  10  17  11  54.0  205.1  -99.99
1875  10  17  12  22.0  999.9   13.92
1875  10  19   9  30.0   46.2  -99.99
1875  10  19   9  52.0  999.9   15.32
1875  10  20  10  50.0   24.5  -99.99
1875  10  20  11  11.0  999.9   13.91
1875  10  22  10  31.0  223.4  -99.99
1875  10  22  10  47.0  999.9   16.85
1875  10  25   9  45.0   41.0  -99.99
1875  10  25   9  27.0  999.9   16.84
1875  10  29   9   9.0  201.1  -99.99
1875  10  29   9  36.0  999.9   12.71
1875  10  31   9  53.0   40.2  -99.99
1875  10  31  10  17.0  999.9   17.11
1875  11   5   8  53.0   71.9  -99.99
1875  11   5   9  34.0  999.9    7.74
1875  11   6   8  23.0   40.1  -99.99
1875  11   6   8  37.0  999.9   17.09
1875  11   6   8  53.0  999.9   16.92
1875  11   8   9  12.0  244.4  -99.99
1875  11  12  10  36.0   34.7  -99.99
1875  11  12  10  52.0  999.9   17.53
1875  11  15   8  43.0  216.2  -99.99
1875  11  15   9   6.0  999.9   17.64
1875  11  15   9  29.0  214.2  -99.99
1875  11  17   9   0.0   58.0  -99.99
1875  11  17   9  30.0  999.9   11.08
1875  11  24   8   2.0   32.7  -99.99
1875  11  24   8  24.0  999.9   16.70
1875  11  27   7  30.0  214.7  -99.99
1875  11  27   7  42.0  999.9   16.17
1875  11  29   7  55.0   53.8  -99.99
1875  11  29   8  10.0  999.9   13.10
1875  11  29   8  29.0   50.5  -99.99
1875  11  30   7  57.0   32.2  -99.99
1875  11  30   8  12.0  999.9   16.29
1875  12   2   8  21.0  230.3  -99.99
1875  12   2   8  35.0  999.9   14.16
1875  12  15   6  40.0  207.2  -99.99
1875  12  15   6  56.0  999.9   13.96
1875  12  17   9   0.0   41.3  -99.99
1875  12  20   6   2.0  223.1  -99.99
1875  12  20   6  17.0  999.9   16.12
1876   1   3   7  42.0   64.1  -99.99
1876   1   3   7  54.0  999.9    9.72
1876   1   4   7  11.0   36.8  -99.99
1876   1   4   7  42.0  999.9   16.70
1876   1  10   6  38.0   33.8  -99.99
1876   1  10   6  52.0  999.9   17.01
1876   1  13   6  42.0  214.3  -99.99
1876   1  13   7  12.0  999.9   16.35
1876   1  24   7  10.0  223.7  -99.99
1876   1  24   7  24.0  999.9   14.28
1876   1  25   6  52.0  207.4  -99.99
1876   1  25   7   4.0  999.9   14.80
1876   1  28   6  28.0   28.6  -99.99
1876   1  28   6  43.0  999.9   14.67
1876   1  31   6  41.0  205.0  -99.99
1876   1  31   6  50.0  999.9   13.73
1876   9  28  11  37.0  193.7  -99.99
1876   9  28  11  59.0  999.9   11.03
1876   9  28  12  18.0  192.6  -99.99
1876  10   3  10   5.0  219.4  -99.99
1876  10   7  11   9.0    4.7  -99.99
1876  10  11  10  29.0   61.0  -99.99
1876  10  11  11   8.0  999.9   11.96
1876  10  12  10  45.0   36.0  -99.99
1876  10  12  11  14.0  999.9   17.15
1876  10  13  10  23.0  356.0  -99.99
1876  10  13  10  48.0  999.9    7.82
1876  10  18   9  56.0   33.6  -99.99
1876  10  18  10  18.0  999.9   16.72
1876  10  27   9  31.0  210.8  -99.99
1876  10  27   9  56.0  999.9   15.72
1876  10  31   9  44.0  311.2  -99.99
1876  11   1   9  42.0  227.6  -99.99
1876  11   1   9  54.0  999.9   16.10
1876  11   7  11  50.0  222.6  -99.99
1876  11   7  12  10.0  999.9   16.60
1876  11  22   9  23.0   38.2  -99.99
1876  12  13   9  31.0  211.1  -99.99
1876  12  13   9  44.0  999.9   15.61
1877   1   9   6  51.0   18.0  -99.99
1877   1   9   7   4.0  999.9   11.51
1877   1  25   6  11.0   59.2  -99.99
1877   1  25   6  24.0  999.9   11.30
1877   1  26   6  17.0   35.3  -99.99
1877   1  26   6  27.0  999.9   16.36
1877   1  28   6  13.0  235.7  -99.99
1877   1  28   6  24.0  999.9   11.38
1877   1  29   6  14.0  213.5  -99.99
1877   1  29   6  28.0  999.9   15.55
1877   2   1   6  16.0   32.6  -99.99
1877   2   1   6  30.0  999.9   15.91
1877   2   3   6  50.0  229.0  -99.99
1877   2   3   7   1.0  999.9   12.83
1877   2   6   6  23.0   50.2  -99.99
1877   2   6   6  32.0  999.9   13.75