1899  11  25  13  21.3   85.95  16.66
1899  11  30  12  47.7  133.26  11.15
1900   2  24   8  19.3  278.95  14.89
1900   3  11   8   5.3   85.44  15.77
1900   3  20   8   1.5  258.77  16.33
1900   3  24   8  15.5   25.93  11.66
1900   3  25   8   3.3  301.05  12.25
1901   1  24  11   0.3  335.88  10.33
1901   1  29  10   5.4   48.88  13.99
1901   2   8  10  16.8  134.54  11.16
1901   2  14   7  50.8  131.60  10.82
1901   2  22   8   8.6   21.76  11.60
1899   2   4  11  24.7   93.06  15.31
1899   2   9  10  26.1  157.7   10.00
1899   3   6  10  39.6   70.02  16.43
1899   3   7   8  40.2   26.35  11.49
1899   3   8   8  45.5  297.90  11.68
1899   3  10   8  43.1  201.60  11.41
1899   3  15   9   7.8  246.47  15.99
1899   3  16   9   3.0  190.32  10.85
1899   3  25   8  33.3  353.40  10.00