1883  10  10	14 59.2	  196 33  -99.99
1883  10  10    15 8.7	  999 99   11.63	
1883  10  16	14 56.6	  188 12  -99.99
1883  10  16    15 9.6	  999 99    8.62	
1883  10  24	14 10.9	   41 22  -99.99	
1883  10  24    14 26.2   999 99   17.24	
1883  11  17	13 57.7	   28 28  -99.99	
1883  11  17    14 10.5	  999 99   14.49	
1883  11  19	14 57.1	  233 21  -99.99	
1883  11  19	15 12.6   999 99   15.99	
1883  11  19	15 14.0	  234 31  -99.99
1883  11  19	15 26.2   999 99   16.56
1884  11  22	14 8.5	  326 10  -99.99
1884  11  22	14 25.9	  999 99    6.50	
1884  11  29	13 19.6	  239 34  -99.99
1884  11  29    13 31.5	  999 99   14.84	
1884  12   2	12 43.6	   59 10  -99.99
1884  12   2	13 4.8	  999 99   15.97
1884  12   3	13 7.3	   28 41  -99.99	
1884  12   3	13 9.6	   25 10  -99.99	
1884  12   4	15 17.1	  289 4   -99.99
1884  12   4	15 25.0	  999 99    8.57
1884  12   4	15 42.2	  285 33  -99.99
1884  12   4	15 33.7	  999 99    8.46
1884  12   5	13 26.6	  235 10  -99.99	
1884  12   5	13 47.5	  999 99   16.79	
1884  12   5	14 20.5	  999 99   16.04
1884  12  16	14 8.3	  274 12  -99.99
1885   1   2	13 15.7	  349 2	  -99.99
1885   1  10	14 9.9	  213 17  -99.99	
1885   1  10    14 21.4	  999 99   15.18
1885   1  13	14 42.3	   32 55  -99.99
1885   1  13	14 49.2	  999 99   14.81
1885  11  14    14 24.6	   51 40  -99.99
1885  11  14    14 48.2	  999 99   16.94	
1886  11  26	13 24.4	   23 13  -99.99
1886  11  26	13 25.6	  999 99   12.32
1886  11  27	14 18.2	  278 15  -99.99
1886  11  29	13 6.0	  198 22  -99.99		
1886  12   8	14 9.8	    1 36  -99.99
1886  12   9	15 27.3	  258 48  -99.99
1886  12  10	13 9.2	  225 37  -99.99
1886  12  14 	13 15.0	  352 20  -99.99
1886  12  14	13 19.5	  999 99    7.67
1886  12  16	13 14.6	  223 56  -99.99
1886  12  16	13 31.2	  999 99   16.19
1886  12  16	13 46.7	  224 39  -99.99
1886  12  21	13 46.3	  251 11  -99.99
1886  12  21	13 55.7	  999 99   14.46
1886  12  27	13 8.8	  248 29  -99.99
1886  12  27 	13 19.8   999 99   15.30
1887   1  21	14 9.8    186 0	  -99.99
1887   1  25	14 2.0 	  258 32  -99.99				
1887  10  15	15 25.0	   25 48  -99.99
1887  10  15	15 31.7   999 99   13.44	
1887  11   3	15 40.2	  259 35  -99.99
1887  11  22	14 18.9	  218 33  -99.99
1887  11  22  	14 31.5	  999 99   15.79
1887  12   6	14 21.1	   59 2   -99.99
1887  12   6	14 29.2	  999 99   16.23
1887  12   6	15 22.5	   58 22  -99.99
1887  12   6	15 28.4   999 99   17.00	
1887  12  13	15 18.3	   10 58  -99.99
1887  12  13	15 32.3	   15 17  -99.99
1888   1   2	13 10.2	  224 27  -99.99
1888   1   2	13 22.2	  999 99   16.21
1888   1   5	13 17.7	   38 0	  -99.99
1888   1   5	13 31.8	  999 99   15.82