 1975  6 26.2566     0.95   10.45
 1975  6 26.2625     1.11   10.29
 1975  6 26.2799     1.22   10.10
 1975  6 26.2858     1.29   10.17
 1975  6 27.2740    11.57   -2.85
 1975  6 27.2799    11.42   -2.97
 1975  6 28.2493    10.16  -13.14
 1975  6 28.2552    10.09  -13.18
 1975  6 28.2493    10.15  -13.14
 1975  6 28.2552    10.10  -13.17
 1975  6 28.2671     9.96  -13.31
 1975  6 28.2729     9.97  -13.25
 1975  7  1.2442    -9.66   13.23
 1975  7  1.2500    -9.63   13.29
 1975  7  2.2045     1.91    9.60
 1975  7  2.2104     1.87    9.44
 1975  7  2.2260     2.18    9.41
 1975  7  2.2319     2.21    9.44
 1977  5 29.3427   -11.11   -0.14
 1977  5 29.3601   -11.27   -0.10
 1977  5 29.3640   -11.27    0.11
 1977  5 30.3312   -11.94   11.54
 1977  5 30.3349   -11.95   11.63
 1977  5 30.3456   -11.73   11.76
 1977  5 30.3494   -11.73   11.78
 1977  8 29.1190    12.71   -8.79
 1977  9  4.1210    12.33   -9.93
 1977  9  4.1236    12.29   -9.97
