 1 1989  9 19.03498  -13.81  -3.04 
 1 1989  9 19.04038  -13.83  -2.96
 1 1989  9 19.04186  -13.86  -2.94
 1 1989  9 19.04292  -13.90  -2.92
 1 1989  9 19.04556  -13.89  -2.88
 1 1989  9 19.97183  -13.73   8.36
 1 1989  9 19.97388  -13.60   8.44
 1 1989  9 19.97431  -13.64   8.39
 1 1989  9 19.97593  -13.65   8.41
 1 1989  9 19.97668  -13.63   8.36
 1 1989  9 19.97743  -13.60   8.40
 1 1989  9 19.97977  -13.62   8.44
 1 1989  9 19.98387  -13.53   8.48
 1 1989  9 20.97136    0.39  11.97
 1 1989  9 20.97334    0.37  11.71
 1 1989  9 20.97399    0.40  11.81
 1 1989  9 20.97512    0.32  11.76
 1 1989  9 20.97564    0.38  11.75
 1 1989  9 20.97612    0.50  11.71
 1 1989  9 21.92377   13.58   3.65
 1 1989  9 21.94669   13.80   3.32
 1 1989  9 21.95130   13.81   3.29
 1 1989  9 21.95515   13.81   3.21
 1 1989  9 21.95883   13.83   3.17
 1 1989  9 21.95970   13.85   3.11
 1 1989  9 21.96028   13.83   3.05
 1 1989  9 21.96812   14.00   3.08
 1 1989  9 21.96848   13.98   3.02
 1 1991  5 30.19352  -12.18   9.59
 1 1991  5 30.21687  -11.91   9.75
 1 1991  5 30.22209  -11.79   9.89
 1 1991  5 30.22360  -11.82   9.90
 1 1991  5 30.22547  -11.79   9.86
 1 1991  5 30.22576  -11.78   9.81
 1 1991  5 30.22608  -11.79   9.82
 1 1991  5 30.22655  -11.76   9.86
 1 1991  5 30.22685  -11.77   9.92
 1 1991  5 30.22715  -11.81   9.90
 1 1991  5 30.22743  -11.76   9.90
 1 1991  5 30.22771  -11.79   9.91
 1 1991  5 30.22799  -11.75   9.93
 1 1991  5 30.22828  -11.76   9.97
 1 1991  5 30.22862  -11.83   9.82
 1 1991  5 30.25867  -11.47  10.08
 1 1991  5 30.26105  -11.42  10.08
 1 1991  5 30.26138  -11.60  10.34
 1 1991  5 30.26168  -11.42  10.04
 1 1991  5 30.26226  -11.37  10.15
 1 1991  5 30.26256  -11.44  10.18
 1 1991  5 30.29250  -11.32  10.39
 1 1991  5 30.29294  -11.01  10.37
 1 1991  5 30.29348  -10.93  10.43
 1 1991  5 30.29413  -10.97  10.35
 1 1991  5 30.29506  -10.97  10.35
 1 1991  5 30.29543  -10.95  10.41
 1 1991  5 30.29582  -10.98  10.41
 1 1991  5 30.29613  -10.96  10.32
 1 1991  5 30.29667  -10.95  10.56
 1 1991  5 30.33645  -10.36  10.66
 1 1991  5 30.33718  -10.35  10.67
 1 1991  5 30.33750  -10.41  10.66
 1 1991  5 30.33778  -10.39  10.63
 1 1991  5 30.33808  -10.36  10.65
 1 1991  5 30.33834  -10.44  10.68
 1 1991  5 30.33863  -10.38  10.66
 1 1991  5 30.33894  -10.37  10.74
 1 1991  5 30.33925  -10.36  10.69
 1 1991  5 31.25774    5.00  11.56
 1 1991  5 31.25806    4.90  11.63
 1 1991  5 31.25884    4.74  11.76
 1 1991  5 31.26048    4.86  11.24
 1 1991  5 31.26197    4.88  11.37
 1 1991  5 31.26380    5.04  11.53
 1 1991  5 31.30287    5.60  11.22
 1 1991  5 31.30574    5.71  11.39
 1 1991  6  1.15147   15.64   2.32
 1 1991  6  1.17546   15.79   2.05
 1 1991  6  1.20861   15.90   1.63
 1 1991  6  1.21080   15.92   1.61
 1 1991  6  2.14161   12.25  -9.54
 1 1991  6  2.14287   12.22  -9.57
 1 1991  6  2.14319   12.20  -9.61
 1 1991  6  2.14352   12.21  -9.57
 1 1991  6  2.14383   12.21  -9.60
 1 1991  6  2.14510   12.22  -9.59
 1 1991  6  2.14541   12.17  -9.63
 1 1991  6  2.14571   12.17  -9.64
 1 1991  6  2.22942   11.16 -10.15
 1 1991  6  2.22997   11.14 -10.20
 1 1991  6  2.23031   11.10 -10.25
 1 1991  6  2.23061   11.11 -10.24
 1 1991  6  2.33229    9.60 -10.98
 1 1991  6  2.33279    9.69 -10.96
 1 1991  6  2.33309    9.66 -10.94
 1 1991  6  2.33346    9.60 -10.96
 1 1991  6  2.33374    9.65 -10.96
 1 1991  6  2.33406    9.75 -11.12
 1 1991  6  2.33434    9.63 -11.00
 1 1991  7 26.03244   -3.95 -11.31
 1 1991  7 26.03504   -4.12 -11.30
 1 1991  7 26.03541   -3.95 -11.17
 1 1991  7 26.03617   -4.01 -11.34
 1 1991  7 26.06846   -4.53 -10.96
 1 1991  7 26.07455   -4.55 -11.20
 1 1991  7 26.07487   -4.79 -11.12
 1 1991  7 26.07554   -4.44 -11.32
 1 1991  7 27.02101  -15.80  -1.55
 1 1991  7 27.02264  -15.77  -1.58
 1 1991  7 27.02304  -15.81  -1.50
 1 1991  7 27.02365  -15.85  -1.48
 1 1991  7 27.02568  -15.85  -1.46
 1 1991  7 27.02675  -15.86  -1.46
 1 1991  7 27.02728  -15.83  -1.45
 1 1991  7 28.00482  -11.84  10.11
 1 1991  7 28.00604  -11.76   9.94
 1 1991  7 28.00636  -11.83  10.13
 1 1991  7 28.06710  -11.11  10.63
 1 1991  7 28.06782  -11.07  10.61
 1 1991  7 28.06975  -10.84  10.73
 1 1991  7 28.07068  -11.39  10.62
 1 1991  7 28.07098  -11.08  10.73
 1 1991  7 28.07291  -10.94  10.86
 1 1991  7 29.01294    4.51  11.36
 1 1991  7 29.01337    4.55  11.40
 1 1991  7 29.01385    4.55  11.37
 1 1991  7 29.01420    4.60  11.42
 1 1991  7 29.01448    4.57  11.38
 1 1991  7 29.01567    4.56  11.39
 1 1991  7 29.01607    4.61  11.43
 1 1991  7 29.01637    4.60  11.36
 1 1991  7 29.01665    4.65  11.43
 1 1991  7 29.01695    4.66  11.42
 1 1991  7 29.01764    4.57  11.41
 1 1991  7 29.01799    4.60  11.38
 1 1991  7 29.07966    5.87  11.13
 1 1991  7 29.08007    5.69  11.01
 1 1991  7 29.08039    5.65  10.99
 1 1991  7 29.08067    5.69  11.04
 1 1991  7 29.08097    5.67  10.94
 1 1991  7 29.08127    5.68  11.06
 1 1991  7 29.08194    5.71  11.21
 1 1991  7 29.08224    5.74  11.22
 1 1991  7 29.08256    5.64  10.98
 1 1991  7 29.08285    5.75  11.04
 1 1991  7 29.19097    7.64  10.36
 1 1991  7 29.19293    7.54  10.33
 1 1991  7 29.19324    7.60  10.35
 1 1991  7 29.19356    7.29  10.40
 1 1991  7 29.19416    7.64  10.33
 1 1991  7 29.19466    7.61  10.37
 1 1991  7 29.19637    7.74  10.29
 1 1991  7 29.19674    7.67  10.31
 1 1991  7 29.19704    7.64  10.30
 1 1991  7 29.19736    7.56  10.33
 1 1991  8 24.10798    1.58 -12.35
 1 1991  8 24.10877    1.66 -12.29
 1 1991  8 24.10910    1.82 -12.36
 1 1991  8 24.10957    1.70 -12.29
 1 1991  8 24.11023    1.62 -12.30
 1 1991  8 24.11052    1.67 -12.31
 1 1991  8 24.11180    1.59 -12.33
 1 1991  8 24.11219    1.58 -12.22
 1 1991  8 24.11248    1.59 -12.29
 1 1991  8 24.12871    1.21 -12.50
 1 1991  8 24.12904    1.31 -12.35
 1 1991  8 24.12955    1.03 -12.21
 1 1991  8 24.12994    1.24 -12.24
 1 1991  8 24.13039    1.21 -12.25
 1 1991  8 24.13199    1.26 -12.28
 1 1991  8 24.98078  -12.00  -6.69
 1 1991  8 24.98236  -11.99  -6.71
 1 1991  8 24.98282  -11.99  -6.67
 1 1991  8 24.98325  -12.00  -6.63
 1 1991  8 24.98431  -12.04  -6.63
 1 1991  8 24.98485  -12.03  -6.64
 1 1991  8 24.98565  -12.11  -6.56
 1 1991  8 24.98617  -12.09  -6.59
 1 1991  8 24.98675  -12.03  -6.57
 1 1991  8 24.98770  -12.10  -6.56
 1 1991  8 24.98825  -12.13  -6.59
 1 1991  8 24.98900  -12.12  -6.55
 1 1991  8 24.98941  -12.06  -6.53
 1 1991  8 25.02222  -12.46  -6.23
 1 1991  8 25.02285  -12.45  -6.21
 1 1991  8 25.02318  -12.71  -6.63
 1 1991  8 25.02355  -12.46  -6.21
 1 1991  8 25.02434  -12.44  -6.19
 1 1991  8 25.02586  -12.52  -6.16
 1 1991  8 25.02615  -12.48  -6.21
 1 1991  8 25.02762  -12.50  -6.18
 1 1991  8 25.02823  -12.55  -6.20
 1 1991  8 25.03043  -12.59  -6.11
 1 1991  8 25.03077  -12.57  -6.13
 1 1991  8 25.07760  -13.35  -5.95
 1 1991  8 25.07894  -13.08  -5.58
 1 1991  8 25.07932  -13.11  -5.60
 1 1991  8 25.07991  -13.38  -5.87
 1 1991  8 25.08039  -13.11  -5.55
 1 1991  8 25.08421  -13.13  -5.53
 1 1991  8 25.08457  -13.11  -5.53
 1 1991  8 25.08517  -13.47  -5.82
 1 1991  8 25.08571  -13.18  -5.50
 1 1991  8 25.08628  -13.19  -5.47
 1 1991  8 25.08876  -13.13  -5.45
 1 1991  8 25.94849  -15.58   5.52
 1 1991  8 25.94997  -15.58   5.58
 1 1991  8 25.95047  -15.53   5.57
 1 1991  8 25.95162  -15.59   5.59
 1 1991  8 25.95221  -15.63   5.66
 1 1991  8 25.95269  -15.56   5.61
 1 1991  8 25.95342  -15.58   5.60
 1 1991  8 25.95463  -15.56   5.61
 1 1991  8 25.95593  -15.55   5.70
 1 1991  8 25.95673  -15.56   5.62
 1 1991  8 25.95970  -15.50   5.67
 1 1991  8 25.95999  -15.55   5.65
 1 1991  8 25.96217  -15.53   5.70
 1 1991  8 26.02134  -15.17   6.36
 1 1991  8 26.02230  -15.14   6.30
 1 1991  8 26.02345  -15.14   6.35
 1 1991  8 26.02436  -15.13   6.43
 1 1991  8 26.03505  -15.09   6.53
 1 1991  8 26.03579  -15.09   6.52
 1 1991  8 26.03617  -15.08   6.61
 1 1991  8 26.03672  -15.11   6.52
 1 1991  8 26.03738  -15.06   6.57
 1 1991  8 26.97907   -2.91  12.38
 1 1991  8 26.97955   -2.89  12.39
 1 1991  8 26.98280   -2.79  12.38
 1 1991  8 26.98694   -2.71  12.37
 1 1991  8 26.98894   -2.74  12.40
 1 1991  8 26.99056   -2.66  12.40
 1 1991  8 26.99177   -2.68  12.39
 1 1991  8 26.99263   -2.63  12.39
 1 1991  8 26.99358   -2.63  12.39
 1 1991  8 26.99549   -2.60  12.40
 1 1991  8 26.99703   -2.57  12.41
 1 1991  8 26.99787   -2.54  12.39
 1 1991  8 26.99876   -2.51  12.39
 1 1991  9 13.95406    3.04  11.48
 1 1991  9 13.95484    2.97  11.48
 1 1991  9 13.95522    2.97  11.50
 1 1991  9 13.95555    2.99  11.53
 1 1991  9 13.95589    2.95  11.48
 1 1991  9 13.95618    3.00  11.50
 1 1991  9 13.95643    3.00  11.49
 1 1991  9 13.95670    3.04  11.48
 1 1991  9 13.95703    2.96  11.51
 1 1991  9 13.95732    2.89  11.58
 1 1991  9 14.01869    4.08  11.20
 1 1991  9 14.01930    4.05  11.20
 1 1991  9 14.02034    4.08  11.16
 1 1991  9 14.02063    4.07  11.10
 1 1991  9 14.02092    4.10  11.18
 1 1991  9 14.02119    4.13  11.16
 1 1991  9 14.02149    4.11  11.14
 1 1991  9 14.03507    4.40  11.06
 1 1991  9 14.03611    4.33  11.09
 1 1991  9 14.03642    4.33  11.06
 1 1991  9 14.03667    4.36  11.09
 1 1991  9 14.03699    4.36  11.07
 1 1991  9 14.03730    4.36  11.04
 1 1991  9 14.03764    4.44  11.07
 1 1991  9 14.03801    4.39  10.99
 1 1991  9 14.92199   15.16   2.15
 1 1991  9 14.92260   15.19   2.16
 1 1991  9 14.92319   15.22   2.21
 1 1991  9 14.92362   15.20   2.14
 1 1991  9 14.92443   15.18   2.13
 1 1991  9 14.92487   15.19   2.09
 1 1991  9 14.92532   15.17   2.13
 1 1991  9 14.92575   15.22   2.14
 1 1991  9 14.92653   15.12   2.22
 1 1991  9 14.97073   15.43   1.56
 1 1991  9 14.97129   15.44   1.54
 1 1991  9 14.97338   15.41   1.51
 1 1991  9 14.97441   15.47   1.48
 1 1991  9 14.97525   15.43   1.46
 1 1991  9 14.97590   15.42   1.46
 1 1991  9 14.97661   15.51   1.54
 1 1991  9 14.97718   15.38   1.48
 1 1991  9 14.97786   15.41   1.46
 1 1991  9 14.97838   15.43   1.47
 1 1991  9 14.97897   15.38   1.46
 1 1991  9 14.98177   15.47   1.40
 1 1991  9 15.00583   15.56   1.06
 1 1991  9 15.00638   15.58   1.10
 1 1991  9 15.00730   15.60   1.06
 1 1991  9 15.00805   15.58   1.02
 1 1991  9 15.00846   15.59   1.02
 1 1991  9 15.00901   15.59   1.04
 1 1991  9 15.00941   15.61   1.03
 1 1991  9 15.00973   15.58   1.02
 1 1991  9 15.01015   15.62   1.05
 1 1991  9 15.92667   12.06  -9.54
 1 1991  9 15.92724   12.04  -9.57
 1 1991  9 15.92886   12.05  -9.18
 1 1991  9 15.92918   11.96  -9.51
 1 1991  9 15.93050   12.06  -9.51
 1 1991  9 15.93107   12.10  -9.49
 1 1991  9 15.93149   12.02  -9.57
 1 1991  9 15.93192   12.01  -9.50
 1 1991  9 15.93236   12.00  -9.58
 1 1991  9 15.94896   11.77  -9.72
 1 1991  9 15.94961   11.72  -9.65
 1 1991  9 15.95017   12.01  -9.32
 1 1991  9 15.95126   11.77  -9.75
 1 1991  9 15.95175   11.71  -9.71
 1 1991  9 16.00478   11.10 -10.10
 1 1991  9 16.00544   10.99  -9.98
 1 1991  9 16.00626   11.07 -10.19
 1 1991  9 16.00685   11.15 -10.15
 1 1991  9 16.00768   11.09 -10.05
 1 1991  9 16.00901   11.11 -10.14
 1 1991  9 16.01048   11.09 -10.15
 1 1991  9 16.01160   10.98 -10.11
 1 1991  9 16.01288   10.98 -10.20
 1 1991  9 16.01378   11.05 -10.12
 1 1991  9 16.03616   10.82 -10.20
 1 1991  9 16.03848   10.68 -10.35
 1 1991  9 19.02546  -10.04  10.79
 1 1991  9 19.02866   -9.98  10.77
 1 1991  9 19.03092   -9.97  10.80
 1 1992  6  9.28169  -12.57   9.01
 1 1992  6  9.28811  -12.47   9.12
 1 1992  6  9.29391  -12.46   9.26
 1 1992  6  9.32517  -12.04   9.36
 1 1992  6  9.32601  -12.05   9.38
 1 1992  6  9.32661  -12.04   9.41
 1 1992  6  9.32720  -12.07   9.39
 1 1992  6  9.34218  -11.91   9.61
 1 1992  6  9.34355  -11.85   9.59
 1 1992  6  9.34419  -11.86   9.66
 1 1992  6  9.34483  -11.83   9.67
 1 1992  6  9.34548  -11.85   9.70
 1 1992  6  9.34630  -11.76   9.73
 1 1992  6  9.34710  -11.83   9.73
 1 1992  6 10.25666    2.69  11.86
 1 1992  6 10.25818    2.98  11.98
 1 1992  6 10.25879    2.99  12.17
 1 1992  6 10.26356    2.73  12.24
 1 1992  6 10.26500    3.02  11.86
 1 1992  6 10.26600    3.17  12.13
 1 1992  6 10.26682    3.16  11.93
 1 1992  6 10.26756    3.36  11.85
 1 1992  6 10.26881    3.27  11.58
 1 1992  6 11.27866   15.48   2.35
 1 1992  6 11.27994   15.70   2.40
 1 1992  6 11.28054   15.81   2.29
 1 1992  6 11.28213   15.77   2.29
 1 1992  6 11.28270   15.96   2.26
 1 1992  6 11.28350   15.74   2.30
 1 1993  6 24.13910   -0.61 -12.70
 1 1993  6 24.20003   -1.18 -12.39
 1 1993  6 24.20292   -1.23 -12.38
 1 1993  6 24.20327   -1.20 -12.37
 1 1993  6 24.20387   -1.24 -12.36
 1 1993  6 24.20423   -1.25 -12.36
 1 1993  6 25.13981  -14.65  -5.21
 1 1993  6 25.14103  -14.66  -5.18
 1 1993  6 25.14172  -14.68  -5.14
 1 1993  6 25.14232  -14.68  -5.17
 1 1993  6 25.14276  -14.69  -5.15
 1 1994  8  3.06096    9.67 -10.99
 1 1994  8  3.06363    9.63 -11.08
 1 1994  8  3.06430    9.67 -11.15
 1 1994  8  3.06502    9.62 -11.15
 1 1994  8  3.06562    9.59 -11.13
 1 1994  8  3.06627    9.60 -11.15
 1 1994  8  3.06686    9.60 -11.15
 1 1994  8  3.06743    9.59 -11.13
 1 1994  8  3.06804    9.58 -11.20
 1 1994  8  3.06864    9.57 -11.14
 1 1994  8  3.16459    8.03 -11.81
 1 1994  8  3.16580    7.97 -11.79
 1 1994  8  3.16641    8.01 -11.70
 1 1994  8  3.16840    7.97 -11.81
 1 1994  8  3.16906    7.92 -11.79
 1 1994  8  3.16965    7.98 -11.81
 1 1994  8  3.17023    7.92 -11.83
 1 1994  8  3.17082    7.92 -11.83
 1 1994  8  3.17140    7.93 -11.83
 1 1994  8  3.17197    7.85 -11.81
 1 1994  8  5.17240  -14.30   2.19
 1 1994  8  5.17318  -13.60   3.21
 1 1994  8  5.17378  -13.13   2.37
 1 1994  8  5.17444  -13.87   1.88
 1 1994  8  5.17504  -13.74   2.36
 1 1994  8  5.17564  -14.07   2.45
 1 1994  8  5.17622  -13.99   2.25
 1 1994  8  5.17682  -14.00   2.36
 1 1994  8  5.17794  -13.74   3.50
 1 1994  8  5.17919  -12.57   0.80
 1 1994  9 22.00615   -9.44  10.50
 1 1994  9 22.02903   -9.15  10.58
 1 1994  9 22.03049   -9.10  10.59
 1 1994  9 22.03118   -9.10  10.58
 1 1994  9 22.03183   -9.11  10.58
 1 1994  9 22.03241   -9.08  10.58
 1 1994  9 22.03297   -9.05  10.59
 1 1994  9 22.03353   -9.07  10.61
 1 1994  9 22.03413   -9.09  10.65
 1 1994  9 22.03477   -9.05  10.62
 1 1994  9 22.93378    6.03  10.90
 1 1994  9 22.93668    6.06  10.94
 1 1994  9 22.93730    6.04  10.95
 1 1994  9 22.93787    6.04  10.92
 1 1994  9 22.93847    6.07  10.91
 1 1994  9 22.93907    6.11  10.85
 1 1994  9 22.93970    6.06  10.90
 1 1994  9 22.94117    6.11  10.86
 1 1994  9 22.94181    6.14  10.89
 1 1994  9 22.94251    6.15  10.85
 1 1994  9 23.95921   16.27   0.19
 1 1994  9 23.96108   16.24   0.19
 1 1994  9 23.96173   16.26   0.13
 1 1994  9 23.96234   16.25   0.12
 1 1994  9 23.96304   16.26   0.14
 1 1994  9 23.96387   16.28   0.14
 1 1994  9 23.96451   16.28   0.12
 1 1994  9 23.96533   16.27   0.09
 1 1994  9 23.96608   16.30   0.09
 1 1994  9 23.96680   16.31   0.09
 1 1994  9 24.93244    9.59 -10.42
 1 1994  9 24.93408    9.59 -10.41
 1 1994  9 24.93531    9.57 -10.41
 1 1994  9 24.93606    9.56 -10.43
 1 1994  9 24.93665    9.55 -10.45
 1 1994  9 24.93729    9.56 -10.45
 1 1994  9 24.93787    9.54 -10.46
 1 1994  9 24.93856    9.52 -10.48
 1 1994  9 24.93931    9.55 -10.44
 1 1994  9 24.93991    9.48 -10.50