1905 12 9  16 44 35      341.68    -99.99
1905 12 9  16 50 3       999       11.65
1905 12 9  16 53 57      999       11.57
1905 12 16 14 53 42      277.84    -99.99
1905 12 19 11 9  28      102.60    -99.99
1905 12 19 11 18 11      999       16.90
1905 12 19 11 27 2       999       17.24
1905 12 23 15 21 15      223.97    -99.99
1905 12 23 15 26 42      999       13.44
1905 12 23 15 30 24      999       13.26
1905 12 26 11 1  18      52.45     -99.99
1905 12 26 11 7  4       999       14.06
1905 12 26 11 10 36      999       13.92
1905 12 26 11 18 33      53.12     -99.99
1905 12 30 13 46 21      137.18    -99.99
1905 12 30 13 51 24      999       12.97
1905 12 30 13 54 37      999       13.09
1906 1  23 11 26 28      115.45    -99.99
1906 1  23 11 32 19      999       15.90
1906 1  23 11 36 55      999       16.09
1906 2  6  12 10 15      337.87    -99.99
1906 2  6  12 14 5       999       11.18
1906 2  6  12 16 37      999       11.67
1906 2  27 9  49 21      132.00    -99.99
1906 2  27 9  54 50      999       13.30
1906 2  27 9  57 46      999       13.50
1906 3  20 9  12 8       290.16    -99.99
1906 3  20 9  17 20      999       15.19
1906 3  20 9  20 45      999       14.91
1906 4  17 7  27 40      41.19     -99.99
1906 4  17 7  31 38      999       12.01
1906 4  17 7  34 20      999       12.04
