1902 10 24 16 28 45    101.99  -99.99
1902 10 24 16 28 45    999     16.28
1902 10 28 16 14 45    235.03  -99.99
1902 10 28 16 14 15    999     14.39
1902 10 29 16 41 15    154.10  -99.99
1902 10 29 16 41 0     999     11.39
1902 10 30 16 14 30    96.33   -99.99
1902 10 30 16 15 15    999     16.05
1902 10 31 16 44 0     50.96   -99.99
1902 10 31 16 43 45    999     13.68
1902 11 1  16 3  0     327.27  -99.99
1902 11 1  16 2  45    999     11.88
1902 11 2  16 4  30    272.43  -99.99
1902 11 2  16 4  15    999     16.51
1902 11 21 14 43 0     205.87  -99.99
1902 11 21 14 44 45    999     11.74
1902 12 1  14 6  30    291.17  -99.99
1902 11 5  14 16 0     999     15.93
1903 1  6  11 8  30    263.97  -99.99
1903 1  6  11 8  45    999     16.48
1903 1  22 10 5  30    19.61   -99.99
1903 1  22 10 6  30    999     10.86
1903 2  20 8  2  36    52.00   -99.99
1903 2  20 8  3  0     999     13.57
1903 2  22 8  30 0     269.53  -99.99
1903 2  22 8  29 40    999     16.55
1903 2  25 8  37 30    88.07   -99.99
1903 2  25 8  38 0     999     16.88
1903 2  26 8  5  15    43.24   -99.99
1903 2  26 8  6  30    999     13.17
1903 3  3  7  34 45    84.92   -99.99
1903 3  3  7  35 15    999     16.77
1903 3  12 7  27 58    257.50  -99.99
1903 3  12 7  28 17    999     15.97
1903 3  17 7  32 58    295.24  -99.99
1903 3  17 7  32 43    999     13.46
1903 3  18 7  51 35    251.43  -99.99
1903 3  18 7  51 17    999     16.45
1903 3  26 7  41 28    108.42  -99.99
1903 3  26 7  42 7     999     14.79
