 1 1998 06  1 11  3 49.1 20 16 37.2355 -19 22 32.982  0.000  0.243  1
 1 1998 06  3 10 56  8.6 20 16 27.9429 -19 22 53.715  0.000  0.243  1
 1 1998 06  4 10 52  0.8 20 16 24.4098 -19 22 53.281  0.000  0.243  1
 1 1998 06  7 10 40 31.1 20 16 13.9534 -19 23 49.837  0.000  0.243  1
 1 1998 06  8 10 36 31.0 20 16  8.5579 -19 24  7.400  0.000  0.244  1
 1 1998 06 15 10  8 47.6 20 15 35.4672 -19 25 41.882  0.000  0.244  1
 1 1998 06 16 10  4 46.7 20 15 31.0395 -19 25 46.195  0.000  0.244  1
 1 1998 06 18  9 56 14.8 20 15 22.6280 -19 26 28.914  0.000  0.245  1
 1 1998 06 19  9 52 23.4 20 15 16.7946 -19 26 57.921  0.000  0.245  1
 1 1998 06 20  9 49  3.2 20 15 10.2871 -19 27 15.846  0.000  0.245  1
 1 1998 06 21  9 43 29.8 20 15  4.3283 -19 27 22.334  0.000  0.245  1
 1 1998 06 22  9 39 28.5 20 14 59.5138 -19 27 28.652  0.000  0.245  1
 1 1998 06 23  9 36 59.1 20 14 55.1696 -19 27 46.905  0.000  0.245  1
 1 1998 06 26  9 23 42.9 20 14 36.6779 -19 29  4.021  0.000  0.245  1
 1 1998 06 27  9 19 51.4 20 14 30.4333 -19 29 11.286  0.000  0.245  1
 1 1998 06 29  9 12  8.3 20 14 20.5349 -19 29 40.684  0.000  0.245  1
 1 1998 06 30  9  7 25.5 20 14 14.8929 -19 30 12.323  0.000  0.246  1
 1 1998 07  1  9  4  4.5 20 14  7.9962 -19 30 42.415  0.000  0.246  1
 1 1998 07  2  8 59 11.3 20 14  0.7379 -19 31  0.069  0.000  0.246  1
 1 1998 07  3  8 55 19.5 20 13 54.2665 -19 31  7.341  0.000  0.246  1
 1 1998 07  4  8 52  8.6 20 13 48.9097 -19 31 18.057  0.000  0.246  1
 1 1998 07  5  8 47 25.5 20 13 43.7818 -19 31 41.422  0.000  0.246  1
 1 1998 07  8  8 35 49.5 20 13 22.9112 -19 33  1.495  0.000  0.246  1
 1 1998 07 14  8 11 24.9 20 12 43.7441 -19 35  7.031  0.000  0.246  1
 1 1998 07 15  8  7 32.7 20 12 37.0879 -19 35 15.323  0.000  0.246  1
 1 1998 07 16  8  3 30.1 20 12 31.5035 -19 35 29.323  0.000  0.246  1
 1 1998 07 17  7 59 27.6 20 12 25.8684 -19 35 56.789  0.000  0.246  1
 1 1998 07 28  7 14  7.8 20 11 11.2884 -19 39 49.606  0.000  0.247  1
 1 1998 08  1  6 58 48.8 20 10 43.1676 -19 41 32.080  0.000  0.247  1
 1 1998 08  2  6 54 46.3 20 10 36.9074 -19 41 40.903  0.000  0.247  1
 1 1998 08 14  6  7 10.0 20  9 20.2121 -19 45 47.159  0.000  0.246  1
 1 1998 08 15  6  2 16.7 20  9 15.2844 -19 46  6.667  0.000  0.246  1
 1 1998 08 17  5 54 12.9 20  9  3.0652 -19 47  8.111  0.000  0.246  1
 1 1998 08 18  5 49 19.7 20  8 55.9259 -19 47 26.873  0.000  0.246  1
 1 1998 08 19  5 46  9.2 20  8 49.5457 -19 47 34.559  0.000  0.246  1
 1 1998 08 20  5 41 57.2 20  8 44.4326 -19 47 42.443  0.000  0.246  1
 1 1998 08 26  5 17  7.3 20  8 11.0591 -19 49 30.467  0.000  0.246  1
 1 1998 08 27  5 14 28.1 20  8  6.8938 -19 49 50.505  0.000  0.246  1
 1 1998 08 30  5  1 23.4 20  7 49.7309 -19 50 59.223  0.000  0.246  1
 1 1998 09  7  4 29  8.7 20  7 13.3643 -19 52 39.686  0.000  0.245  1
 1 1998 09  8  4 25  8.6 20  7 10.2333 -19 52 59.070  0.000  0.245  1
 1 1998 09 11  4 13 49.9 20  6 56.1902 -19 53 52.774  0.000  0.245  1
 1 1998 09 14  4  1 51.2 20  6 47.2516 -19 54 17.103  0.000  0.244  1
 1 1998 09 15  3 57 55.2 20  6 43.6977 -19 54 41.727  0.000  0.244  1
 1 1998 09 16  3 53 52.6 20  6 39.2691 -19 54 58.542  0.000  0.244  1
 1 1998 09 17  3 49 53.4 20  6 35.1249 -19 55  2.331  0.000  0.244  1
 1 1998 09 18  3 45 54.4 20  6 32.1890 -19 55  0.234  0.000  0.244  1
 1 1998 09 19  3 41 55.5 20  6 30.3239 -19 55  5.164  0.000  0.244  1
 1 1998 09 20  3 37 56.7 20  6 28.3585 -19 55 22.909  0.000  0.244  1
 1 1998 09 24  3 22 13.1 20  6 16.2176 -19 55 54.989  0.000  0.243  1
 1 1998 09 25  3 18 14.9 20  6 15.1541 -19 55 59.177  0.000  0.243  1
 1 1998 09 26  3 14 16.9 20  6 13.8519 -19 56 15.875  0.000  0.243  1
 1 1998 09 27  3 10 19.0 20  6 11.4958 -19 56 35.442  0.000  0.243  1
 1 1998 09 28  3  6 11.0 20  6  8.4951 -19 56 45.056  0.000  0.243  1
 1 1998 09 29  3  1 52.8 20  6  6.0044 -19 56 42.286  0.000  0.243  1
 1 1998 10  5  2 38 30.3 20  5 58.4498 -19 57 11.339  0.000  0.242  1
 1 1998 10  6  2 33 42.2 20  5 58.2044 -19 57  3.405  0.000  0.242  1
 1 1998 10 10  2 19 18.8 20  5 56.4145 -19 57 35.413  0.000  0.241  1
 1 1998 10 11  2 15 12.5 20  5 55.7892 -19 57 26.103  0.000  0.241  1
 1 1998 10 13  2  7 20.9 20  5 57.8116 -19 57 17.718  0.000  0.241  1
 1 1998 10 14  2  3 25.3 20  5 58.5941 -19 57 29.833  0.000  0.241  1
 1 1998 10 17  1 51 18.7 20  5 58.0747 -19 57 25.605  0.000  0.240  1
 1 1998 10 19  1 43 28.7 20  6  1.8540 -19 57 15.041  0.000  0.240  1
 1 1999 05 31 11 18 41.6 20 25 55.2394 -18 55 32.042  0.000  0.241  1
 1 1999 06  1 11 14 42.6 20 25 51.1388 -18 55 51.948  0.000  0.241  1
 1 1999 06  7 10 51  6.3 20 25 29.6069 -18 57  7.600  0.000  0.242  1
 1 1999 06  8 10 46 25.7 20 25 24.6203 -18 57 16.651  0.000  0.242  1
 1 1999 06  9 10 42 25.8 20 25 20.5735 -18 57 17.824  0.000  0.242  1
 1 1999 06 10 10 38 46.2 20 25 17.4464 -18 57 24.660  0.000  0.242  1
 1 1999 06 11 10 34 46.0 20 25 14.1951 -18 57 44.989  0.000  0.242  1
 1 1999 06 12 10 31 26.6 20 25  9.7714 -18 58 13.554  0.000  0.242  1
 1 1999 06 13 10 26 45.5 20 25  4.2531 -18 58 36.198  0.000  0.243  1
 1 1999 06 17 10 10  2.5 20 24 46.6984 -18 59 22.944  0.000  0.243  1
 1 1999 06 18 10  7  2.9 20 24 41.5654 -18 59 53.187  0.000  0.243  1
 1 1999 06 19 10  2 11.0 20 24 35.4646 -19  0 16.084  0.000  0.243  1
 1 1999 06 20  9 58 40.7 20 24 29.5116 -19  0 26.236  0.000  0.243  1
 1 1999 06 21  9 54 40.2 20 24 24.5991 -19  0 31.194  0.000  0.243  1
 1 1999 06 22  9 50 18.1 20 24 20.5010 -19  0 44.547  0.000  0.243  1
 1 1999 06 23  9 46 27.1 20 24 16.0070 -19  1 11.484  0.000  0.244  1
 1 1999 06 26  9 34 33.3 20 23 57.3076 -19  2 16.769  0.000  0.244  1
 1 1999 06 27  9 29 40.8 20 23 52.0734 -19  2 23.448  0.000  0.244  1
 1 1999 06 28  9 25 49.4 20 23 47.5827 -19  2 39.765  0.000  0.244  1
 1 1999 06 29  9 22 49.0 20 23 42.5629 -19  3  9.376  0.000  0.244  1
 1 1999 07  5  8 58 17.6 20 23  6.7909 -19  5 14.964  0.000  0.245  1
 1 1999 07  7  8 50 23.7 20 22 52.6398 -19  6 11.240  0.000  0.245  1
 1 1999 07 20  7 58 34.0 20 21 27.9335 -19 10 48.488  0.000  0.245  1
 1 1999 07 21  7 53 20.0 20 21 22.1149 -19 11  1.173  0.000  0.245  1
 1 1999 07 23  7 46  5.9 20 21 10.2044 -19 12  2.050  0.000  0.245  1
 1 1999 08  1  7  9 12.3 20 20  7.9454 -19 15 21.064  0.000  0.246  1
 1 1999 08  3  7  0 57.0 20 19 56.7722 -19 16  3.861  0.000  0.246  1
 1 1999 08  7  6 44 57.4 20 19 28.4773 -19 17 35.399  0.000  0.246  1
 1 1999 08  8  6 41 35.9 20 19 23.0608 -19 17 51.069  0.000  0.245  1
 1 1999 08 11  6 29 29.0 20 19  3.4829 -19 19 23.030  0.000  0.245  1
 1 1999 08 13  6 21 34.7 20 18 50.0583 -19 19 46.137  0.000  0.245  1
 1 1999 08 14  6 15 50.3 20 18 44.9293 -19 20  2.567  0.000  0.245  1
 1 1999 08 16  6  8 37.2 20 18 33.1192 -19 21  5.828  0.000  0.245  1
 1 1999 08 18  6  0 33.2 20 18 18.9340 -19 21 43.902  0.000  0.245  1
 1 1999 08 21  5 47 46.8 20 18  3.3757 -19 22 37.597  0.000  0.245  1
 1 1999 08 27  5 24 18.3 20 17 29.4146 -19 24 35.826  0.000  0.245  1
 1 1999 09  2  4 59 20.5 20 16 58.1670 -19 26 25.036  0.000  0.244  1
 1 1999 09  4  4 51 29.2 20 16 46.6038 -19 27 10.757  0.000  0.244  1
 1 1999 09  5  4 47 28.6 20 16 41.3491 -19 27 15.687  0.000  0.244  1
 1 1999 09  6  4 43 28.0 20 16 37.3892 -19 27 20.869  0.000  0.244  1
 1 1999 09  7  4 39 48.1 20 16 34.0298 -19 27 36.889  0.000  0.244  1
 1 1999 09  8  4 36 49.1 20 16 30.0449 -19 28  4.127  0.000  0.244  1
 1 1999 09 13  4 16  7.9 20 16  8.9831 -19 29  5.903  0.000  0.243  1
 1 1999 09 16  4  4  9.0 20 15 56.1942 -19 30  4.598  0.000  0.243  1
 1 1999 09 18  3 56 10.3 20 15 49.9600 -19 30  6.968  0.000  0.243  1
 1 1999 09 25  3 28 18.6 20 15 30.8524 -19 31 25.183  0.000  0.242  1
 1 1999 09 26  3 24 40.8 20 15 28.4942 -19 31 46.978  0.000  0.242  1
 1 1999 09 28  3 16 54.7 20 15 21.9974 -19 32  5.701  0.000  0.242  1
 1 1999 10  1  3  4 10.0 20 15 18.3067 -19 32 14.051  0.000  0.242  1
 1 1999 10  2  2 59 41.8 20 15 16.5857 -19 32 33.487  0.000  0.241  1
 1 1999 10  4  2 53 19.1 20 15 11.6452 -19 32 44.708  0.000  0.241  1
 1 1999 10  5  2 47 49.8 20 15 10.5187 -19 32 36.947  0.000  0.241  1
 1 1999 10  6  2 43 52.8 20 15 10.4957 -19 32 35.873  0.000  0.241  1
 1 1999 10 11  2 25 51.9 20 15  5.9172 -19 32 58.308  0.000  0.240  1
 1 1999 10 12  2 20 13.3 20 15  6.7225 -19 32 56.142  0.000  0.240  1
 1 1999 10 13  2 17 59.6 20 15  7.3688 -19 33  6.417  0.000  0.240  1
 1 1999 10 16  2  6 12.1 20 15  5.4355 -19 33 16.035  0.000  0.240  1
 1 1999 10 22  1 41 29.3 20 15  9.7971 -19 33  7.917  0.000  0.239  1
 1 1999 10 23  1 37 34.5 20 15 11.5385 -19 32 53.502  0.000  0.239  1
 1 1999 10 24  1 33 39.9 20 15 14.0830 -19 32 48.849  0.000  0.239  1
 1 1999 10 25  1 30 26.5 20 15 16.1683 -19 32 55.600  0.000  0.238  1
