1940 4   8  20 49.1 150.12  16.18
1940 4  10  20 32.9 350.40  12.28
1940 4  11  20 23.8 328.95  16.00
1940 4  13  20 21.9 168.82  12.98
1940 4  16  20 06.1 347.45  13.45
1940 4  20  19 49.2 146.04  15.09
1940 4  23  20 02.6 324.71  14.50
1940 4  25  19 36.6 163.28  14.75
1940 4  26  19 17.6 143.12  14.26
1940 5   1  18 59.2 161.66  15.46
1940 5   2  18 55.5 141.09  13.27 
1940 5   4  19 02.5 340.01  15.50
1940 5   7  18 44.0 159.06  16.00
1940 5  13  18 17.6 156.91  16.27
1940 5  25  17 31.6 153.28  16.32
1940 5  28  17 18.4 332.03  16.24
1940 5  31  16 59.5 151.34  16.13
1940 6   3  16 55.6 330.10  15.86
1940 6   6  16 44.1 148.96  15.66
1940 6   8  16 36.5 349.26  12.67
1940 6  12  16 33.9 145.61  14.62
1942 4   1  21 21.3 148.19  14.90
1942 4  10  20 53.4 323.84  13.53
1942 4  15  20 28.1 339.86  15.77
1942 4  21  20 04.6 337.99  16.22
1942 4  22  20 05.0 319.16  11.22
1942 4  24  19 58.0 157.25  16.62
1942 4  30  19 31.3 155.70  16.54
1942 5   3  19 16.4 335.22  16.51
1942 5   6  19 03.2 154.26  16.55
1942 5  15  18 21.5 331.53  15.97
1942 5  18  18 12.7 150.57  15.80
1942 5  20  18 08.1 347.62  12.92
1942 5  21  18 08.1 329.85  15.43
1942 5  23  17 57.8 166.40  13.50
1942 6   4  17 20.4 162.11  15.15
1942 6   5  17 04.0 144.30  13.19
1942 6   7  17 04.2 340.74  15.40
1942 6   8  16 43.8 322.94  12.51
1942 6  10  16 34.1 160.60  15.58
1942 6  13  16 34.9 339.04  15.83
1942 6  16  16 26.0 158.21  15.91
1942 6  19  16 23.4 337.53  15.91
