2445941.6334       9.33  -12.11
2445941.6351       9.33  -12.11
2445941.6452       9.18  -12.14
2445941.6460       9.18  -12.13
2446224.8549      -8.43   -7.86
2446224.8570      -8.43   -7.84
2446224.8667      -8.58   -7.82
2446224.8686      -8.59   -7.77
2446225.8517     -15.63    4.81
2446225.8535     -15.60    4.82
2446225.8618     -15.58    4.96
2446225.8640     -15.58    4.98
2446244.7941      -1.66   12.29
2446244.7963      -1.61   12.25
2446244.8081      -1.42   12.25
2446244.8102      -1.38   12.24
2446286.6901       9.80    6.21
2446286.6919       9.80    6.20
2446286.7042       9.96    6.03
2446286.7060      10.00    6.02
2446287.6794      15.07   -6.50
2446287.6813      15.08   -6.54
2446287.6905      15.03   -6.65
2446287.6928      15.05   -6.69
2446288.6931       4.67  -12.62
2446288.6953       4.62  -12.64
2446289.6736     -10.29   -5.78
2446289.6755     -10.32   -5.76
2446290.6671     -14.87    6.91
2446290.6692     -14.85    6.94
2446290.6770     -14.84    7.03
2446290.6792     -14.81    7.06
2446600.8165      -6.39   -9.56
2446600.8188      -6.43   -9.50
2446600.8286      -6.57   -9.45
2446600.8308      -6.61   -9.44
2446601.8195     -15.76    2.72
2446601.8217     -15.76    2.74
2446601.8314     -15.77    2.87
2446601.8347     -15.77    2.89
2446629.7643       0.89  -12.28
2446629.7656       0.84  -12.30
2446643.6921     -11.96   10.63
2446643.6942     -11.96   10.67
2446643.7028     -11.86   10.70
2446643.7058     -11.83   10.72
2446657.6698      15.48   -3.25
2446657.6718      15.49   -3.28
2446657.6839      15.48   -3.41
2446657.6861      15.47   -3.44
2446657.6957      15.49   -3.55
2446657.6978      15.51   -3.60
2446658.6646       8.48  -12.14
2446658.6666       8.46  -12.15
2446658.6750       8.36  -12.20
2446658.6769       8.28  -12.22
