1939 3 17.9313    150.97  16.66
1939 3 23.9136    149.01  16.27
1939 3 25.9090    349.76  12.80
1939 3 26.9067    328.10  16.09
1939 4 7.8669     323.74  14.54
1939 4 9.8524     163.30  15.00
1939 4 10.8594    141.45  14.27
1939 4 13.8588    320.40  13.64
1939 4 15.8465    160.53  15.80
1939 4 18.8287    339.68  15.88
1939 4 19.8247    317.22  12.69
1939 4 21.8200    158.34  15.98
1939 4 27.8026    156.62  16.46
1939 4 30.7869    335.59  16.39
1939 5 3.7809     154.26  16.56
1939 5 6.7787     333.10  16.47
1939 5 15.7573    149.82  16.13
1939 5 17.7498    352.59  11.81
1939 5 18.7448    328.97  15.89
1939 5 23.7312    349.16  12.87
1939 5 26.7224    166.59  13.33
1939 5 27.7215    145.41  15.04
1939 5 30.7117    323.71  14.74
1939 6 1.7041     164.70  14.30
1939 6 2.7098     142.80  14.19
1939 6 4.6964     342.54  14.74
1939 6 5.6948     321.55  14.00
1939 6 7.6866     161.30  14.95
1939 6 8.6878     139.42  13.37
1939 6 16.6786    338.77  15.85
