2456947.013258  22 27 53.1995  -10 25 47.058
2456947.016635  22 27 53.1882  -10 25 47.142
2456947.024836  22 27 53.1623  -10 25 47.373
2456947.027825  22 27 53.1532  -10 25 47.459
2456947.029975  22 27 53.1469  -10 25 47.532
2456947.032582  22 27 53.1398  -10 25 47.598
2456947.034677  22 27 53.1323  -10 25 47.659
2456947.036640  22 27 53.1258  -10 25 47.701
2456947.038741  22 27 53.1207  -10 25 47.773
2456947.040741  22 27 53.1141  -10 25 47.826
2456947.042694  22 27 53.1093  -10 25 47.880
2456947.045313  22 27 53.1002  -10 25 47.971
2456947.047917  22 27 53.0913  -10 25 48.029
2456947.050061  22 27 53.0853  -10 25 48.077
2456947.055556  22 27 53.0674  -10 25 48.235
2456947.057263  22 27 53.0637  -10 25 48.275
2456947.059047  22 27 53.0572  -10 25 48.332
2456947.061142  22 27 53.0520  -10 25 48.418
2456947.063508  22 27 53.0437  -10 25 48.483
2456947.067910  22 27 53.0302  -10 25 48.589
2456947.020899  22 27 53.1752  -10 25 47.257
2456947.021942  22 27 53.1715  -10 25 47.302
2456947.070063  22 27 53.0223  -10 25 48.639
2456947.072190  22 27 53.0167  -10 25 48.727
2456947.073800  22 27 53.0115  -10 25 48.762
2456947.075340  22 27 53.0055  -10 25 48.827
2456947.077627  22 27 52.9992  -10 25 48.866
2456947.079029  22 27 52.9947  -10 25 48.924
2456947.983685  22 27 49.9018  -10 26 18.931
2456947.985556  22 27 49.8937  -10 26 19.017
2456947.986899  22 27 49.8899  -10 26 19.038
2456947.987774  22 27 49.8867  -10 26 19.084
2456947.989249  22 27 49.8786  -10 26 19.124
2456947.998722  22 27 49.8423  -10 26 19.471
2456948.000604  22 27 49.8347  -10 26 19.553
2456948.002145  22 27 49.8282  -10 26 19.579
2456948.003830  22 27 49.8221  -10 26 19.671
2456948.004860  22 27 49.8172  -10 26 19.677
2456948.005765  22 27 49.8149  -10 26 19.736
2456948.008039  22 27 49.8055  -10 26 19.810
2456948.009212  22 27 49.8001  -10 26 19.854
2456948.010054  22 27 49.7964  -10 26 19.878
2456948.010902  22 27 49.7932  -10 26 19.922
2456948.011766  22 27 49.7897  -10 26 19.927
2456948.012608  22 27 49.7880  -10 26 19.977
2456948.014358  22 27 49.7801  -10 26 20.035
2456948.015713  22 27 49.7748  -10 26 20.082
2456948.017024  22 27 49.7694  -10 26 20.140
2456948.018155  22 27 49.7651  -10 26 20.179
2456948.019796  22 27 49.7582  -10 26 20.210
2456948.020781  22 27 49.7548  -10 26 20.260
2456948.021769  22 27 49.7497  -10 26 20.305
2456948.022756  22 27 49.7459  -10 26 20.324
2456948.023742  22 27 49.7425  -10 26 20.374
2456948.025235  22 27 49.7361  -10 26 20.395
2456948.026221  22 27 49.7331  -10 26 20.469
2456948.027208  22 27 49.7292  -10 26 20.495
2456948.028194  22 27 49.7244  -10 26 20.511
2456948.029182  22 27 49.7214  -10 26 20.582
2456948.030111  22 27 49.7168  -10 26 20.580
2456948.031041  22 27 49.7130  -10 26 20.624
2456948.031970  22 27 49.7101  -10 26 20.672
2456948.032899  22 27 49.7056  -10 26 20.691
2456948.033830  22 27 49.7016  -10 26 20.713
2456948.034696  22 27 49.6993  -10 26 20.763
2456948.035624  22 27 49.6953  -10 26 20.797
2456948.036553  22 27 49.6924  -10 26 20.838
2456948.037483  22 27 49.6877  -10 26 20.853
2456948.038413  22 27 49.6840  -10 26 20.895
2456948.982490  22 27 45.6807  -10 26 51.814
2456948.983897  22 27 45.6750  -10 26 51.845
2456948.985236  22 27 45.6683  -10 26 51.918
2456948.986442  22 27 45.6637  -10 26 51.907
2456948.988963  22 27 45.6496  -10 26 51.967
2456948.994640  22 27 45.6255  -10 26 52.176
2456948.995745  22 27 45.6200  -10 26 52.211
2456948.996977  22 27 45.6148  -10 26 52.221
2456948.999182  22 27 45.6036  -10 26 52.269
2456949.000597  22 27 45.5976  -10 26 52.305
2456949.001699  22 27 45.5929  -10 26 52.354
2456949.002802  22 27 45.5883  -10 26 52.387
2456949.004440  22 27 45.5792  -10 26 52.412
2456949.005542  22 27 45.5767  -10 26 52.462
2456949.006642  22 27 45.5706  -10 26 52.463
2456949.007861  22 27 45.5644  -10 26 52.538
2456949.008963  22 27 45.5604  -10 26 52.563
2456949.010066  22 27 45.5534  -10 26 52.568
2456949.012272  22 27 45.5453  -10 26 52.654
2456949.013374  22 27 45.5393  -10 26 52.695
2456949.014475  22 27 45.5353  -10 26 52.730
2456949.015578  22 27 45.5289  -10 26 52.710
2456949.016678  22 27 45.5251  -10 26 52.790
2456949.018890  22 27 45.5141  -10 26 52.792
2456949.019992  22 27 45.5089  -10 26 52.846
2456949.021095  22 27 45.5039  -10 26 52.891
2456949.022198  22 27 45.5006  -10 26 52.896
2456949.023299  22 27 45.4942  -10 26 52.945
2456949.024770  22 27 45.4866  -10 26 52.972
2456949.025870  22 27 45.4815  -10 26 53.018
2456949.026971  22 27 45.4774  -10 26 53.038
2456949.028072  22 27 45.4741  -10 26 53.093
2456949.029174  22 27 45.4672  -10 26 53.093
2456949.030398  22 27 45.4639  -10 26 53.135
2456949.031500  22 27 45.4586  -10 26 53.166
2456949.097156  22 27 45.1569  -10 26 54.871
2456949.098258  22 27 45.1521  -10 26 54.932
2457329.980818  22 35 35.7617   -9 44 41.560
2457329.981243  22 35 35.7602   -9 44 41.609
2457329.982020  22 35 35.7584   -9 44 41.607
2457329.982789  22 35 35.7560   -9 44 41.626
2457329.984669  22 35 35.7526   -9 44 41.675
2457329.985428  22 35 35.7507   -9 44 41.718
2457329.990690  22 35 35.7390   -9 44 41.840
2457329.991454  22 35 35.7362   -9 44 41.903
2457329.992209  22 35 35.7340   -9 44 41.898
2457329.992966  22 35 35.7333   -9 44 41.906
2457329.993904  22 35 35.7309   -9 44 41.956
2457329.994662  22 35 35.7291   -9 44 41.968
2457329.995421  22 35 35.7263   -9 44 41.975
2457329.996182  22 35 35.7270   -9 44 41.992
2457329.998691  22 35 35.7192   -9 44 42.080
2457329.999454  22 35 35.7192   -9 44 42.053
2457330.000448  22 35 35.7166   -9 44 42.104
2457330.001567  22 35 35.7140   -9 44 42.143
2457330.002672  22 35 35.7109   -9 44 42.156
2457330.004887  22 35 35.7057   -9 44 42.205
2457330.005993  22 35 35.7029   -9 44 42.250
2457331.011522  22 35 33.0931   -9 45 05.307
2457331.012280  22 35 33.0902   -9 45 05.342
2457331.014855  22 35 33.0825   -9 45 05.382
2457331.015613  22 35 33.0805   -9 45 05.387
2457331.016372  22 35 33.0785   -9 45 05.409
2457331.017130  22 35 33.0760   -9 45 05.420
2457331.017888  22 35 33.0745   -9 45 05.443
2457331.018646  22 35 33.0728   -9 45 05.451
2457331.019404  22 35 33.0686   -9 45 05.468
2457331.020163  22 35 33.0680   -9 45 05.475
2457331.020922  22 35 33.0650   -9 45 05.495
2457331.021679  22 35 33.0626   -9 45 05.497
2457331.022436  22 35 33.0614   -9 45 05.522
2457331.023196  22 35 33.0594   -9 45 05.524
2457331.023955  22 35 33.0566   -9 45 05.512
2457331.024712  22 35 33.0533   -9 45 05.524
2457331.025472  22 35 33.0525   -9 45 05.578
2457331.026230  22 35 33.0488   -9 45 05.584
2457331.026988  22 35 33.0474   -9 45 05.588
2457331.027747  22 35 33.0449   -9 45 05.634
2457657.136331  22 46 38.9463   -8 42 45.264
2457657.141632  22 46 38.9200   -8 42 45.394
2457657.142350  22 46 38.9167   -8 42 45.424
2457657.143264  22 46 38.9121   -8 42 45.443
2457657.144074  22 46 38.9086   -8 42 45.472
2457657.144884  22 46 38.9051   -8 42 45.489
2457657.145579  22 46 38.9009   -8 42 45.519
2457657.146273  22 46 38.8996   -8 42 45.530
2457657.146968  22 46 38.8958   -8 42 45.541
2457657.147662  22 46 38.8907   -8 42 45.530
2457657.150451  22 46 38.8801   -8 42 45.620
2457657.151146  22 46 38.8752   -8 42 45.610
2457657.151840  22 46 38.8735   -8 42 45.651
2457657.152535  22 46 38.8686   -8 42 45.659
2457657.153229  22 46 38.8671   -8 42 45.684
2457657.153924  22 46 38.8623   -8 42 45.693
2457657.154618  22 46 38.8577   -8 42 45.711
2457657.155313  22 46 38.8552   -8 42 45.724
2457657.156019  22 46 38.8537   -8 42 45.763
2457657.156713  22 46 38.8495   -8 42 45.777
2457657.159942  22 46 38.8330   -8 42 45.851
2457657.160637  22 46 38.8328   -8 42 45.883
2457657.161887  22 46 38.8264   -8 42 45.911
2457657.162581  22 46 38.8222   -8 42 45.927
2457657.163275  22 46 38.8183   -8 42 45.938
2457657.163970  22 46 38.8144   -8 42 45.951
2457657.164664  22 46 38.8118   -8 42 45.971
2457657.165370  22 46 38.8092   -8 42 45.983
2457657.166065  22 46 38.8051   -8 42 46.002
2457657.166759  22 46 38.8010   -8 42 46.021
2457657.167454  22 46 38.7973   -8 42 46.032
2457657.168148  22 46 38.7947   -8 42 46.056
2457657.169062  22 46 38.7914   -8 42 46.099
2457657.169757  22 46 38.7894   -8 42 46.137
2457657.170451  22 46 38.7840   -8 42 46.123
2457657.171944  22 46 38.7763   -8 42 46.152
2457657.184028  22 46 38.7183   -8 42 46.486
2457657.184722  22 46 38.7165   -8 42 46.492
2457657.185417  22 46 38.7132   -8 42 46.507
2457657.186111  22 46 38.7111   -8 42 46.526
2457657.186806  22 46 38.7068   -8 42 46.516
2457657.187500  22 46 38.7038   -8 42 46.580
2457658.156447  22 46 34.1634   -8 43 19.210
2457658.161065  22 46 34.1403   -8 43 19.384
2457658.161759  22 46 34.1367   -8 43 19.446
2457658.162847  22 46 34.1316   -8 43 19.477
2457658.163762  22 46 34.1274   -8 43 19.501
2457658.164722  22 46 34.1227   -8 43 19.576
2457658.165417  22 46 34.1182   -8 43 19.595
2457658.166111  22 46 34.1160   -8 43 19.605
2457658.166806  22 46 34.1112   -8 43 19.631
2457658.167500  22 46 34.1072   -8 43 19.671
2457658.168889  22 46 34.1012   -8 43 19.723
2457658.170289  22 46 34.0948   -8 43 19.774
2457658.170984  22 46 34.0921   -8 43 19.829
2457658.172072  22 46 34.0848   -8 43 19.857
2457658.172766  22 46 34.0814   -8 43 19.888
2457658.173461  22 46 34.0760   -8 43 19.922
2457658.174155  22 46 34.0730   -8 43 19.965
2457658.176863  22 46 34.0592   -8 43 20.053
2457658.177558  22 46 34.0556   -8 43 20.095
2457658.178252  22 46 34.0551   -8 43 20.104
2457658.178947  22 46 34.0509   -8 43 20.142
2457658.179641  22 46 34.0468   -8 43 20.161
2457658.180336  22 46 34.0428   -8 43 20.193
2457658.181030  22 46 34.0402   -8 43 20.217
2457658.185093  22 46 34.0197   -8 43 20.405
2457658.185799  22 46 34.0158   -8 43 20.425
2457658.186493  22 46 34.0137   -8 43 20.456
2457658.187187  22 46 34.0101   -8 43 20.463
2457658.187882  22 46 34.0053   -8 43 20.507
2457658.188576  22 46 34.0028   -8 43 20.548
2457658.189271  22 46 33.9981   -8 43 20.583
2457658.189977  22 46 33.9948   -8 43 20.603
2457658.190671  22 46 33.9919   -8 43 20.621
2457658.191366  22 46 33.9873   -8 43 20.665
2457658.195035  22 46 33.9680   -8 43 20.818
2457658.195729  22 46 33.9664   -8 43 20.829
2457658.196424  22 46 33.9631   -8 43 20.887
2457658.197118  22 46 33.9588   -8 43 20.897
2457658.197812  22 46 33.9546   -8 43 20.917
2457658.198507  22 46 33.9500   -8 43 20.966
2457658.199201  22 46 33.9470   -8 43 20.992
2457658.199896  22 46 33.9434   -8 43 21.030
2457659.173229  22 46 28.6740   -8 44 06.463
2457659.173924  22 46 28.6703   -8 44 06.468
2457659.175313  22 46 28.6607   -8 44 06.530
2457659.176007  22 46 28.6547   -8 44 06.600
2457659.188843  22 46 28.5810   -8 44 07.210
2457684.051655  22 44 34.6955   -8 55 26.658
2457684.053021  22 44 34.6889   -8 55 26.713
2457684.054132  22 44 34.6848   -8 55 26.725
2457684.055301  22 44 34.6794   -8 55 26.755
2457684.056250  22 44 34.6755   -8 55 26.766
2457684.058843  22 44 34.6637   -8 55 26.818
2457684.060012  22 44 34.6573   -8 55 26.832
2457684.060822  22 44 34.6540   -8 55 26.855
2457684.061632  22 44 34.6508   -8 55 26.880
2457684.062442  22 44 34.6471   -8 55 26.906
2457684.063252  22 44 34.6433   -8 55 26.914
2457684.064062  22 44 34.6399   -8 55 26.919
2457684.067859  22 44 34.6225   -8 55 27.009
2457684.068669  22 44 34.6195   -8 55 27.014
2457684.069479  22 44 34.6149   -8 55 27.047
2457684.070289  22 44 34.6120   -8 55 27.057
2457684.071100  22 44 34.6077   -8 55 27.066
2457684.071910  22 44 34.6049   -8 55 27.087
2457684.072720  22 44 34.6005   -8 55 27.106
2457684.073530  22 44 34.5987   -8 55 27.119
2457684.074340  22 44 34.5939   -8 55 27.141
2457684.075150  22 44 34.5906   -8 55 27.156
2457684.076030  22 44 34.5872   -8 55 27.167
2457684.076840  22 44 34.5831   -8 55 27.175
2457684.077650  22 44 34.5806   -8 55 27.209
2457684.078461  22 44 34.5766   -8 55 27.224
2457684.079410  22 44 34.5710   -8 55 27.245
2457684.080220  22 44 34.5675   -8 55 27.245
2457684.081030  22 44 34.5630   -8 55 27.277
2457684.081840  22 44 34.5603   -8 55 27.297
2457684.082650  22 44 34.5568   -8 55 27.315
2457684.083461  22 44 34.5544   -8 55 27.324
2457684.084271  22 44 34.5504   -8 55 27.351
2457684.085081  22 44 34.5473   -8 55 27.349
2457684.085891  22 44 34.5450   -8 55 27.358
2457684.086701  22 44 34.5396   -8 55 27.392
2457684.087708  22 44 34.5336   -8 55 27.408
2457684.088519  22 44 34.5316   -8 55 27.414
2457684.089329  22 44 34.5267   -8 55 27.441
2457684.090139  22 44 34.5234   -8 55 27.450
2457684.107523  22 44 34.4483   -8 55 27.792
2457684.108333  22 44 34.4439   -8 55 27.799
2457684.109144  22 44 34.4401   -8 55 27.853
2457684.109954  22 44 34.4355   -8 55 27.855
2457684.110764  22 44 34.4332   -8 55 27.862
2457684.111574  22 44 34.4288   -8 55 27.859
2457684.112384  22 44 34.4248   -8 55 27.893
2457684.113194  22 44 34.4209   -8 55 27.926
2457684.114005  22 44 34.4168   -8 55 27.911
2457684.115394  22 44 34.4110   -8 55 27.966
2457684.121817  22 44 34.3837   -8 55 28.071
2457684.122627  22 44 34.3804   -8 55 28.099
2457684.123438  22 44 34.3766   -8 55 28.106
2457684.124248  22 44 34.3727   -8 55 28.118
2457684.125058  22 44 34.3699   -8 55 28.131
2457684.125868  22 44 34.3662   -8 55 28.161
2457684.126678  22 44 34.3624   -8 55 28.170
2457684.127488  22 44 34.3588   -8 55 28.202
2457684.128299  22 44 34.3552   -8 55 28.187
2457683.987338  22 44 34.9814   -8 55 25.293
2457683.988137  22 44 34.9787   -8 55 25.327
2457683.990336  22 44 34.9697   -8 55 25.381
2457683.991447  22 44 34.9642   -8 55 25.403
2457683.992257  22 44 34.9599   -8 55 25.442
2457683.993067  22 44 34.9567   -8 55 25.436
2457683.993877  22 44 34.9537   -8 55 25.466
2457684.168912  22 44 34.1759   -8 55 28.946
2457684.169722  22 44 34.1728   -8 55 28.959
2457684.170532  22 44 34.1693   -8 55 28.993
2457684.171343  22 44 34.1663   -8 55 29.012
2457684.172153  22 44 34.1626   -8 55 29.016
2457685.045301  22 44 30.7458   -8 55 38.993
2457685.046111  22 44 30.7426   -8 55 38.996
2457685.046921  22 44 30.7402   -8 55 39.004
2457685.047731  22 44 30.7375   -8 55 39.006
2457685.048727  22 44 30.7332   -8 55 39.015
2457685.049537  22 44 30.7305   -8 55 39.030
2457685.052280  22 44 30.7205   -8 55 39.032
2457685.053090  22 44 30.7167   -8 55 39.035
2457685.053900  22 44 30.7149   -8 55 39.045
2457685.054711  22 44 30.7126   -8 55 39.042
2457685.055521  22 44 30.7085   -8 55 39.057
2457685.056331  22 44 30.7058   -8 55 39.058
2457685.057141  22 44 30.7029   -8 55 39.054
2457685.057951  22 44 30.7003   -8 55 39.059
2457685.058762  22 44 30.6968   -8 55 39.073
2457685.083657  22 44 30.6075   -8 55 39.205
2457685.084468  22 44 30.6056   -8 55 39.219
2457685.085278  22 44 30.6031   -8 55 39.223
2457685.087118  22 44 30.5951   -8 55 39.242
2457685.087928  22 44 30.5923   -8 55 39.223
2457685.088738  22 44 30.5895   -8 55 39.246
2457685.089549  22 44 30.5873   -8 55 39.247
2457685.090359  22 44 30.5838   -8 55 39.256
2457685.091539  22 44 30.5807   -8 55 39.236
2457685.092350  22 44 30.5767   -8 55 39.240
2457685.093160  22 44 30.5748   -8 55 39.268
2457685.093970  22 44 30.5725   -8 55 39.261
2457685.094780  22 44 30.5680   -8 55 39.258
2457685.095590  22 44 30.5661   -8 55 39.272
2457685.096400  22 44 30.5644   -8 55 39.266
2457685.097211  22 44 30.5607   -8 55 39.297
2457685.098021  22 44 30.5574   -8 55 39.299
2457685.098843  22 44 30.5534   -8 55 39.280
2457685.100162  22 44 30.5490   -8 55 39.292
2457685.100972  22 44 30.5453   -8 55 39.284
2457685.101782  22 44 30.5436   -8 55 39.309
2457685.103600  22 44 30.5373   -8 55 39.289
2457685.104410  22 44 30.5358   -8 55 39.311
2457685.105509  22 44 30.5312   -8 55 39.312
2457685.106319  22 44 30.5285   -8 55 39.317
2457685.107130  22 44 30.5247   -8 55 39.315
2457685.107940  22 44 30.5217   -8 55 39.320
2457685.108750  22 44 30.5197   -8 55 39.338
2457685.109560  22 44 30.5167   -8 55 39.349
2457685.110370  22 44 30.5129   -8 55 39.358
2457685.111181  22 44 30.5108   -8 55 39.347
2457685.111991  22 44 30.5088   -8 55 39.350
2457685.112801  22 44 30.5064   -8 55 39.361
2457685.114201  22 44 30.5006   -8 55 39.360
2457685.115440  22 44 30.4960   -8 55 39.365
2457685.116400  22 44 30.4924   -8 55 39.381
2457685.117697  22 44 30.4872   -8 55 39.355
2457685.118507  22 44 30.4853   -8 55 39.374
2457685.119711  22 44 30.4803   -8 55 39.398
2457685.120521  22 44 30.4776   -8 55 39.404
2457685.121331  22 44 30.4757   -8 55 39.398
2457685.122141  22 44 30.4722   -8 55 39.391
2457685.122951  22 44 30.4693   -8 55 39.409
2457685.123762  22 44 30.4652   -8 55 39.404
2457685.124572  22 44 30.4635   -8 55 39.413
2457684.981528  22 44 30.9779   -8 55 38.618
2457684.983553  22 44 30.9708   -8 55 38.620
2457684.984919  22 44 30.9656   -8 55 38.640
2457684.985729  22 44 30.9625   -8 55 38.640
2457684.986539  22 44 30.9604   -8 55 38.656
2457685.168461  22 44 30.3112   -8 55 39.620
2457685.169271  22 44 30.3082   -8 55 39.623
2457685.170220  22 44 30.3075   -8 55 39.664
2457685.171030  22 44 30.3026   -8 55 39.632
2457685.171840  22 44 30.2992   -8 55 39.631
2457686.069711  22 44 27.7392   -8 55 42.751
2457686.071238  22 44 27.7347   -8 55 42.753
2457686.072049  22 44 27.7334   -8 55 42.780
2457686.072859  22 44 27.7304   -8 55 42.765
2457686.073669  22 44 27.7288   -8 55 42.781
2457686.074479  22 44 27.7261   -8 55 42.789
2457686.075289  22 44 27.7257   -8 55 42.782
2457686.076100  22 44 27.7226   -8 55 42.789
2457686.076910  22 44 27.7202   -8 55 42.791
2457686.077720  22 44 27.7184   -8 55 42.798
2457686.078530  22 44 27.7165   -8 55 42.797
2457686.082500  22 44 27.7056   -8 55 42.821
2457686.084271  22 44 27.7018   -8 55 42.823
2457686.085081  22 44 27.6996   -8 55 42.845
2457686.085891  22 44 27.6968   -8 55 42.833
2457686.086701  22 44 27.6963   -8 55 42.834
2457686.087512  22 44 27.6933   -8 55 42.870
2457686.088322  22 44 27.6910   -8 55 42.853
2457686.089132  22 44 27.6897   -8 55 42.842
2457686.089942  22 44 27.6863   -8 55 42.861
2457686.090752  22 44 27.6842   -8 55 42.866
2457686.092512  22 44 27.6830   -8 55 42.885
2457686.094248  22 44 27.6763   -8 55 42.875
2457686.096262  22 44 27.6715   -8 55 42.885
2457686.097072  22 44 27.6690   -8 55 42.890
2457686.097882  22 44 27.6681   -8 55 42.889
2457686.098692  22 44 27.6651   -8 55 42.909
2457686.099502  22 44 27.6632   -8 55 42.899
2457686.100312  22 44 27.6605   -8 55 42.907
2457686.101123  22 44 27.6577   -8 55 42.940
2457686.102870  22 44 27.6548   -8 55 42.929
2457686.103866  22 44 27.6516   -8 55 42.923
2457686.104676  22 44 27.6500   -8 55 42.949
2457686.105486  22 44 27.6476   -8 55 42.925
2457686.106296  22 44 27.6459   -8 55 42.935
2457686.107315  22 44 27.6429   -8 55 42.939
2457686.108600  22 44 27.6400   -8 55 42.960
2457686.109410  22 44 27.6374   -8 55 42.958
2457686.110220  22 44 27.6367   -8 55 42.942
2457686.111030  22 44 27.6337   -8 55 42.960
2457686.111840  22 44 27.6324   -8 55 42.976
2457686.112650  22 44 27.6302   -8 55 42.952
2457686.113461  22 44 27.6282   -8 55 42.969
2457686.114271  22 44 27.6264   -8 55 42.994
2457686.115081  22 44 27.6235   -8 55 42.980
2457686.115891  22 44 27.6224   -8 55 42.996
2457686.117060  22 44 27.6184   -8 55 42.991
2457686.117870  22 44 27.6167   -8 55 43.011
2457686.119491  22 44 27.6129   -8 55 43.012
2457686.120301  22 44 27.6111   -8 55 43.005
2457686.121111  22 44 27.6083   -8 55 43.012
2457686.121921  22 44 27.6045   -8 55 43.038
2457686.122731  22 44 27.6044   -8 55 43.033
2457686.123542  22 44 27.6021   -8 55 43.022
2457686.124352  22 44 27.6008   -8 55 43.034
2457686.125521  22 44 27.5982   -8 55 43.023
2457686.126331  22 44 27.5965   -8 55 43.045
2457686.127141  22 44 27.5935   -8 55 43.043
2457686.127951  22 44 27.5908   -8 55 43.053
2457686.006574  22 44 27.9011   -8 55 42.461
2457686.007581  22 44 27.8989   -8 55 42.460
2457686.008391  22 44 27.8968   -8 55 42.468
2457686.009201  22 44 27.8941   -8 55 42.453
2457686.010012  22 44 27.8929   -8 55 42.470
2457686.173009  22 44 27.4788   -8 55 43.291
2457686.173819  22 44 27.4777   -8 55 43.300
2457686.174630  22 44 27.4755   -8 55 43.301
2457686.175440  22 44 27.4752   -8 55 43.305
2457686.177141  22 44 27.4689   -8 55 43.326
2457712.968681  22 43 44.1414   -8 59 58.194
2457712.969491  22 43 44.1406   -8 59 58.171
2457712.970301  22 43 44.1389   -8 59 58.190
2457712.971111  22 43 44.1382   -8 59 58.176
2457713.003704  22 43 44.1035   -8 59 58.406
2457713.004514  22 43 44.1029   -8 59 58.412
2457713.005324  22 43 44.1022   -8 59 58.408
2457713.006134  22 43 44.1026   -8 59 58.415
2457713.006944  22 43 44.1017   -8 59 58.402
2457713.007755  22 43 44.1015   -8 59 58.414
2457713.008565  22 43 44.0992   -8 59 58.438
2457713.009572  22 43 44.0982   -8 59 58.450
2457713.010382  22 43 44.0971   -8 59 58.434
2457713.011192  22 43 44.0965   -8 59 58.459
2457713.012303  22 43 44.0950   -8 59 58.458
2457713.013113  22 43 44.0943   -8 59 58.483
2457713.013935  22 43 44.0929   -8 59 58.466
2457713.014745  22 43 44.0930   -8 59 58.481
2457713.015556  22 43 44.0921   -8 59 58.480
2457713.016366  22 43 44.0899   -8 59 58.475
2457713.017176  22 43 44.0881   -8 59 58.474
2457713.017986  22 43 44.0891   -8 59 58.465
2457713.018796  22 43 44.0891   -8 59 58.482
2457713.019965  22 43 44.0879   -8 59 58.492
2457713.020775  22 43 44.0867   -8 59 58.517
2457713.022616  22 43 44.0854   -8 59 58.520
2457713.023426  22 43 44.0847   -8 59 58.516
2457713.024236  22 43 44.0837   -8 59 58.517
2457713.025046  22 43 44.0827   -8 59 58.532
2457713.025856  22 43 44.0817   -8 59 58.550
2457713.026667  22 43 44.0793   -8 59 58.527
2457713.027477  22 43 44.0789   -8 59 58.557
2457713.028287  22 43 44.0790   -8 59 58.535
2457713.029352  22 43 44.0780   -8 59 58.569
2457713.030162  22 43 44.0773   -8 59 58.562
2457713.030972  22 43 44.0763   -8 59 58.573
2457713.031782  22 43 44.0754   -8 59 58.579
2457713.032593  22 43 44.0739   -8 59 58.585
2457713.033403  22 43 44.0742   -8 59 58.606
2457713.034213  22 43 44.0727   -8 59 58.583
2457713.035035  22 43 44.0720   -8 59 58.577
2457713.035833  22 43 44.0712   -8 59 58.581
2457713.036979  22 43 44.0699   -8 59 58.601
2457713.037789  22 43 44.0693   -8 59 58.594
2457713.038600  22 43 44.0685   -8 59 58.611
2457713.039410  22 43 44.0672   -8 59 58.609
2457713.040220  22 43 44.0671   -8 59 58.641
2457713.041030  22 43 44.0661   -8 59 58.611
2457713.041840  22 43 44.0656   -8 59 58.628
2457713.042650  22 43 44.0636   -8 59 58.632
2457713.043461  22 43 44.0634   -8 59 58.638
2457713.044271  22 43 44.0625   -8 59 58.645
2457713.045660  22 43 44.0615   -8 59 58.648
2457713.046470  22 43 44.0591   -8 59 58.634
2457713.047280  22 43 44.0601   -8 59 58.646
2457713.048090  22 43 44.0580   -8 59 58.658
2457713.048900  22 43 44.0572   -8 59 58.679
2457713.049711  22 43 44.0573   -8 59 58.665
2457713.050521  22 43 44.0558   -8 59 58.667
2457713.051331  22 43 44.0554   -8 59 58.658
2457713.052141  22 43 44.0541   -8 59 58.692
2457713.052951  22 43 44.0526   -8 59 58.675
2457713.054167  22 43 44.0525   -8 59 58.700
2457713.056065  22 43 44.0502   -8 59 58.676
2457713.056875  22 43 44.0486   -8 59 58.702
2457713.057685  22 43 44.0482   -8 59 58.732
2457713.058495  22 43 44.0474   -8 59 58.718
2457713.059306  22 43 44.0475   -8 59 58.712
2457713.964606  22 43 43.3703   -8 59 56.683
2457713.965417  22 43 43.3706   -8 59 56.704
2457713.966366  22 43 43.3691   -8 59 56.674
2457713.967361  22 43 43.3697   -8 59 56.653
2457713.968171  22 43 43.3685   -8 59 56.658
2457713.968981  22 43 43.3683   -8 59 56.649
2457713.969792  22 43 43.3676   -8 59 56.649
2457713.970602  22 43 43.3663   -8 59 56.615
2457713.971412  22 43 43.3678   -8 59 56.614
2457713.972222  22 43 43.3660   -8 59 56.627
2457713.973032  22 43 43.3667   -8 59 56.605
2457713.973843  22 43 43.3657   -8 59 56.584
2457713.974653  22 43 43.3648   -8 59 56.597
2457713.975810  22 43 43.3639   -8 59 56.582
2457713.976620  22 43 43.3633   -8 59 56.589
2457713.992199  22 43 43.3556   -8 59 56.387
2457713.993009  22 43 43.3549   -8 59 56.405
2457713.993819  22 43 43.3546   -8 59 56.396
2457713.994630  22 43 43.3540   -8 59 56.377
2457713.995440  22 43 43.3533   -8 59 56.393
2457713.996250  22 43 43.3528   -8 59 56.371
2457713.997060  22 43 43.3511   -8 59 56.351
2457713.997870  22 43 43.3522   -8 59 56.361
2457713.998681  22 43 43.3514   -8 59 56.348
2457713.999491  22 43 43.3515   -8 59 56.353
2457714.000347  22 43 43.3511   -8 59 56.334
2457714.001377  22 43 43.3502   -8 59 56.318
2457714.003414  22 43 43.3491   -8 59 56.293
2457714.004236  22 43 43.3490   -8 59 56.284
2457714.005046  22 43 43.3479   -8 59 56.273
2457714.005856  22 43 43.3477   -8 59 56.270
2457714.006829  22 43 43.3481   -8 59 56.254
2457714.007789  22 43 43.3471   -8 59 56.262
2457714.008600  22 43 43.3465   -8 59 56.250
2457714.009410  22 43 43.3460   -8 59 56.239
2457714.010220  22 43 43.3460   -8 59 56.217
2457714.011030  22 43 43.3458   -8 59 56.232
2457714.011840  22 43 43.3453   -8 59 56.207
2457714.012650  22 43 43.3444   -8 59 56.193
2457714.013461  22 43 43.3441   -8 59 56.190
2457714.014583  22 43 43.3428   -8 59 56.202
2457714.015394  22 43 43.3415   -8 59 56.165
2457714.016204  22 43 43.3442   -8 59 56.180
2457714.017025  22 43 43.3409   -8 59 56.155
2457714.017824  22 43 43.3417   -8 59 56.132
2457714.018646  22 43 43.3409   -8 59 56.144
2457714.019456  22 43 43.3401   -8 59 56.135
2457714.020266  22 43 43.3406   -8 59 56.101
2457714.021076  22 43 43.3395   -8 59 56.122
2457714.021887  22 43 43.3396   -8 59 56.094
2457714.023796  22 43 43.3390   -8 59 56.061
2457714.024606  22 43 43.3381   -8 59 56.084
2457714.025417  22 43 43.3364   -8 59 56.062
2457714.026227  22 43 43.3369   -8 59 56.042
2457714.027037  22 43 43.3367   -8 59 56.042
2457714.027847  22 43 43.3347   -8 59 56.056
2457714.028657  22 43 43.3363   -8 59 56.037
2457714.029468  22 43 43.3360   -8 59 55.999
2457714.030278  22 43 43.3371   -8 59 56.021
2457714.031088  22 43 43.3354   -8 59 56.012
2457714.032211  22 43 43.3345   -8 59 55.997
2457714.033021  22 43 43.3332   -8 59 55.971
2457714.033831  22 43 43.3323   -8 59 55.965
2457714.034641  22 43 43.3324   -8 59 55.973
2457714.035451  22 43 43.3324   -8 59 55.948
2457714.036262  22 43 43.3308   -8 59 55.966
2457714.037072  22 43 43.3325   -8 59 55.937
2457714.037894  22 43 43.3319   -8 59 55.938
2457714.038970  22 43 43.3319   -8 59 55.935
2457714.039780  22 43 43.3306   -8 59 55.906
2457714.040590  22 43 43.3306   -8 59 55.911
2457714.041400  22 43 43.3304   -8 59 55.882
2457714.042211  22 43 43.3299   -8 59 55.860
2457714.043021  22 43 43.3301   -8 59 55.872
2457714.044977  22 43 43.3288   -8 59 55.859
2457714.045787  22 43 43.3271   -8 59 55.842
2457714.046597  22 43 43.3279   -8 59 55.836
2457714.047407  22 43 43.3272   -8 59 55.846
2457714.048218  22 43 43.3262   -8 59 55.834
2457714.049028  22 43 43.3264   -8 59 55.799
2457714.959340  22 43 43.4496   -8 59 41.372
2457714.960150  22 43 43.4483   -8 59 41.344
2457714.960961  22 43 43.4481   -8 59 41.312
2457714.963021  22 43 43.4509   -8 59 41.280
2457714.963831  22 43 43.4511   -8 59 41.260
2457714.964861  22 43 43.4530   -8 59 41.250
2457714.965671  22 43 43.4531   -8 59 41.223
2457714.966481  22 43 43.4527   -8 59 41.204
2457714.967292  22 43 43.4535   -8 59 41.188
2457714.968113  22 43 43.4539   -8 59 41.178
2457714.968924  22 43 43.4547   -8 59 41.167
2457714.969734  22 43 43.4544   -8 59 41.153
2457714.970544  22 43 43.4531   -8 59 41.144
2457714.971354  22 43 43.4550   -8 59 41.137
2457714.972164  22 43 43.4560   -8 59 41.113
2457714.973252  22 43 43.4565   -8 59 41.076
2457714.988125  22 43 43.4650   -8 59 40.794
2457714.988935  22 43 43.4658   -8 59 40.797
2457714.989745  22 43 43.4664   -8 59 40.784
2457714.990556  22 43 43.4667   -8 59 40.769
2457714.991366  22 43 43.4669   -8 59 40.762
2457714.992176  22 43 43.4682   -8 59 40.724
2457714.992986  22 43 43.4664   -8 59 40.704
2457714.993796  22 43 43.4670   -8 59 40.710
2457714.994606  22 43 43.4682   -8 59 40.703
2457714.995417  22 43 43.4687   -8 59 40.676
2457714.996238  22 43 43.4691   -8 59 40.681
2457714.997049  22 43 43.4695   -8 59 40.653
2457714.997859  22 43 43.4698   -8 59 40.631
2457714.998669  22 43 43.4721   -8 59 40.624
2457714.999479  22 43 43.4704   -8 59 40.609
2457715.000289  22 43 43.4712   -8 59 40.588
2457715.001100  22 43 43.4724   -8 59 40.569
2457715.001910  22 43 43.4716   -8 59 40.554
2457715.002720  22 43 43.4727   -8 59 40.543
2457715.004502  22 43 43.4739   -8 59 40.493
2457715.005787  22 43 43.4745   -8 59 40.509
2457715.006597  22 43 43.4749   -8 59 40.476
2457715.007407  22 43 43.4755   -8 59 40.455
2457715.008218  22 43 43.4760   -8 59 40.444
2457715.009028  22 43 43.4765   -8 59 40.416
2457715.009838  22 43 43.4772   -8 59 40.405
2457715.010648  22 43 43.4768   -8 59 40.379
2457715.011458  22 43 43.4777   -8 59 40.389
2457715.013079  22 43 43.4788   -8 59 40.352
2457715.016481  22 43 43.4821   -8 59 40.261
2457715.017292  22 43 43.4809   -8 59 40.258
2457715.018102  22 43 43.4814   -8 59 40.262
2457715.018912  22 43 43.4823   -8 59 40.235
2457715.026748  22 43 43.4864   -8 59 40.093
2457715.027558  22 43 43.4883   -8 59 40.092
2457715.028368  22 43 43.4871   -8 59 40.069
2457715.029988  22 43 43.4890   -8 59 40.030
2457715.031169  22 43 43.4902   -8 59 40.013
2457715.031979  22 43 43.4905   -8 59 40.010
2457715.032940  22 43 43.4900   -8 59 39.983
2457715.033750  22 43 43.4905   -8 59 39.957
2457715.034560  22 43 43.4920   -8 59 39.950
2457715.035370  22 43 43.4934   -8 59 39.938
2457715.036181  22 43 43.4932   -8 59 39.929
2457715.037801  22 43 43.4937   -8 59 39.893
2457715.038738  22 43 43.4942   -8 59 39.874
2457715.039549  22 43 43.4947   -8 59 39.838
2457715.040359  22 43 43.4951   -8 59 39.842
2457715.041169  22 43 43.4955   -8 59 39.838
2457715.041979  22 43 43.4953   -8 59 39.787
2457715.042789  22 43 43.4967   -8 59 39.784
2457715.043600  22 43 43.4975   -8 59 39.773
2457715.044410  22 43 43.4987   -8 59 39.769
2457715.045220  22 43 43.4978   -8 59 39.748
2457715.046030  22 43 43.4988   -8 59 39.736
2457715.046840  22 43 43.4996   -8 59 39.728
2457715.047650  22 43 43.4999   -8 59 39.710
2457715.048461  22 43 43.5008   -8 59 39.682
2457715.049271  22 43 43.4996   -8 59 39.688
2457715.050081  22 43 43.4996   -8 59 39.666
2457715.051111  22 43 43.5035   -8 59 39.628
2457715.053148  22 43 43.5045   -8 59 39.607
2457715.053958  22 43 43.5043   -8 59 39.581
2457715.054769  22 43 43.5040   -8 59 39.591
2457715.055579  22 43 43.5044   -8 59 39.564
2457715.056389  22 43 43.5048   -8 59 39.545
2457715.057199  22 43 43.5059   -8 59 39.531
2457715.058009  22 43 43.5067   -8 59 39.518
2457715.058819  22 43 43.5071   -8 59 39.493
2457715.059630  22 43 43.5065   -8 59 39.490
2457715.959421  22 43 44.5179   -8 59 25.242
2457715.963507  22 43 44.5206   -8 59 25.207
2457715.964317  22 43 44.5233   -8 59 25.203
2457715.965116  22 43 44.5237   -8 59 25.189
2457715.966042  22 43 44.5243   -8 59 25.161
2457715.966863  22 43 44.5256   -8 59 25.168
2457715.967674  22 43 44.5268   -8 59 25.152
2457715.968484  22 43 44.5278   -8 59 25.154
2457715.969294  22 43 44.5292   -8 59 25.146
2457715.970104  22 43 44.5303   -8 59 25.117
2457715.970914  22 43 44.5314   -8 59 25.116
2457715.988762  22 43 44.5534   -8 59 24.918
2457715.989757  22 43 44.5543   -8 59 24.918
2457715.990741  22 43 44.5559   -8 59 24.920
2457715.993218  22 43 44.5590   -8 59 24.867
2457715.994213  22 43 44.5599   -8 59 24.868
2457715.995370  22 43 44.5610   -8 59 24.841
2457715.996389  22 43 44.5630   -8 59 24.844
2457715.997199  22 43 44.5638   -8 59 24.835
2457715.998009  22 43 44.5651   -8 59 24.838
2457715.998819  22 43 44.5648   -8 59 24.821
2457715.999769  22 43 44.5669   -8 59 24.815
2457716.003819  22 43 44.5721   -8 59 24.792
2457716.004630  22 43 44.5741   -8 59 24.771
2457716.005451  22 43 44.5748   -8 59 24.759
2457716.006262  22 43 44.5759   -8 59 24.768
2457716.007072  22 43 44.5761   -8 59 24.734
2457716.008183  22 43 44.5786   -8 59 24.718
2457716.010868  22 43 44.5813   -8 59 24.672
2457716.012211  22 43 44.5826   -8 59 24.674
2457716.013021  22 43 44.5846   -8 59 24.665
2457716.013831  22 43 44.5849   -8 59 24.673
2457716.014641  22 43 44.5854   -8 59 24.658
2457716.015451  22 43 44.5871   -8 59 24.659
2457716.016262  22 43 44.5878   -8 59 24.652
2457716.017072  22 43 44.5886   -8 59 24.633
2457716.017882  22 43 44.5893   -8 59 24.629
2457716.018692  22 43 44.5917   -8 59 24.582
2457716.020694  22 43 44.5935   -8 59 24.579
2457716.021505  22 43 44.5953   -8 59 24.575
2457716.022315  22 43 44.5949   -8 59 24.572
2457716.023125  22 43 44.5958   -8 59 24.556
2457716.023935  22 43 44.5976   -8 59 24.557
2457716.024745  22 43 44.5980   -8 59 24.561
2457716.025556  22 43 44.5987   -8 59 24.547
2457716.026366  22 43 44.5996   -8 59 24.539
2457716.027176  22 43 44.6020   -8 59 24.530
2457716.028785  22 43 44.6040   -8 59 24.525
2457716.029595  22 43 44.6048   -8 59 24.506
2457716.030405  22 43 44.6061   -8 59 24.491
2457716.031215  22 43 44.6077   -8 59 24.494
2457716.032338  22 43 44.6096   -8 59 24.480
2457716.033148  22 43 44.6095   -8 59 24.449
2457716.033958  22 43 44.6123   -8 59 24.452
2457716.034826  22 43 44.6105   -8 59 24.460
2457716.035637  22 43 44.6116   -8 59 24.452
2457716.036447  22 43 44.6131   -8 59 24.455
2457716.037257  22 43 44.6140   -8 59 24.427
2457716.038067  22 43 44.6159   -8 59 24.416
2457716.038877  22 43 44.6155   -8 59 24.409
2457716.039687  22 43 44.6161   -8 59 24.390
2457716.042616  22 43 44.6209   -8 59 24.362
2457716.043426  22 43 44.6225   -8 59 24.366
2457716.044502  22 43 44.6226   -8 59 24.348
2457716.045301  22 43 44.6240   -8 59 24.336
2457716.046123  22 43 44.6244   -8 59 24.343
2457716.046933  22 43 44.6269   -8 59 24.331
2457716.047940  22 43 44.6288   -8 59 24.323
2457716.048750  22 43 44.6292   -8 59 24.316
2457716.049560  22 43 44.6308   -8 59 24.286
2457716.050370  22 43 44.6319   -8 59 24.279
2457716.051181  22 43 44.6328   -8 59 24.263
2457716.052002  22 43 44.6339   -8 59 24.261
2457716.052812  22 43 44.6352   -8 59 24.261
2457716.053623  22 43 44.6361   -8 59 24.232
