1996 08 09.632685 19 50 52.572 -20 30 15.95  
1996 08 09.633796 19 50 52.563 -20 30 15.97  
1996 08 09.635440 19 50 52.562 -20 30 15.87  
1996 08 09.636979 19 50 52.547 -20 30 15.96  
1996 08 09.641516 19 50 52.519 -20 30 15.94  
1996 08 09.643519 19 50 52.512 -20 30 16.02  
1996 08 10.559063 19 50 47.987 -20 30 31.43  
1996 08 10.563194 19 50 47.957 -20 30 31.56  
1996 08 10.566007 19 50 47.948 -20 30 31.53  
1996 08 10.570139 19 50 47.925 -20 30 31.67  
1996 08 10.572975 19 50 47.910 -20 30 31.78  
1996 08 10.577431 19 50 47.889 -20 30 31.84  
1996 08 11.727199 19 50 41.490 -20 31 04.49  
1996 08 11.728009 19 50 41.485 -20 31 04.73  
1996 08 11.729745 19 50 41.470 -20 31 04.62  
1996 08 11.731539 19 50 41.464 -20 31 04.66  
2003 08 24.643137 20 54 38.941 -17 25 09.76  
2003 08 24.647824 20 54 38.898 -17 25 10.06  
2003 08 24.651991 20 54 38.870 -17 25 10.13  
2003 08 24.654074 20 54 38.851 -17 25 10.09  
2003 08 24.657546 20 54 38.829 -17 25 10.29  
2003 08 24.686782 20 54 38.621 -17 25 11.30                                               
2005 09 05.626632 21 11 35.541 -16 21 20.08  
2005 09 05.627940 21 11 35.535 -16 21 20.14  
2005 09 05.634896 21 11 35.499 -16 21 20.26  
2005 09 05.636273 21 11 35.485 -16 21 20.17  
2005 09 05.663252 21 11 35.354 -16 21 20.60  
2005 09 05.666725 21 11 35.335 -16 21 20.80                                               
2005 09 05.668229 21 11 35.332 -16 21 20.69                                               
2005 09 05.670880 21 11 35.314 -16 21 20.71  
2005 09 05.671586 21 11 35.311 -16 21 20.71  
2005 09 05.673669 21 11 35.301 -16 21 20.73  
2005 09 05.674352 21 11 35.300 -16 21 20.73  
2005 09 05.676435 21 11 35.288 -16 21 20.79  
2005 09 05.677824 21 11 35.284 -16 21 20.81  
2005 09 05.678530 21 11 35.278 -16 21 20.77  
2005 09 05.679213 21 11 35.276 -16 21 20.97  
2005 09 05.679907 21 11 35.270 -16 21 20.81  
2005 09 05.680613 21 11 35.280 -16 21 20.76  
2005 09 05.681296 21 11 35.262 -16 21 20.84  
2005 09 05.682002 21 11 35.258 -16 21 20.92  
2005 09 05.682801 21 11 35.254 -16 21 20.77  
2005 09 05.684201 21 11 35.259 -16 21 20.67  
2005 09 05.685590 21 11 35.239 -16 21 20.86  
2005 09 05.686968 21 11 35.239 -16 21 20.90  
2005 09 05.688356 21 11 35.226 -16 21 20.92  
2005 09 05.689757 21 11 35.209 -16 21 20.86  
2005 09 05.691146 21 11 35.221 -16 21 20.88  
2005 09 05.692523 21 11 35.196 -16 21 20.80                                               
2005 09 05.697975 21 11 35.188 -16 21 21.00  
2005 09 05.698669 21 11 35.174 -16 21 20.98  
2005 09 05.699352 21 11 35.176 -16 21 20.99  
2005 09 05.700058 21 11 35.166 -16 21 21.08  
2005 09 05.700856 21 11 35.167 -16 21 21.06  
2005 09 05.702245 21 11 35.158 -16 21 21.05  
2005 09 05.706296 21 11 35.141 -16 21 21.01  
2006 08 18.572998 21 22 28.799 -15 35 52.15  
2006 08 18.576759 21 22 28.773 -15 35 52.17  
2006 08 18.579514 21 22 28.758 -15 35 52.22  
2006 08 18.591331 21 22 28.696 -15 35 52.50  
2006 08 18.595093 21 22 28.675 -15 35 52.55  
2006 08 18.600532 21 22 28.643 -15 35 52.66  
2006 08 18.605799 21 22 28.616 -15 35 52.78  
2006 08 18.609954 21 22 28.592 -15 35 52.84  
2006 08 18.612731 21 22 28.577 -15 35 52.87  
2006 08 18.615521 21 22 28.559 -15 35 52.91  
2006 08 18.618287 21 22 28.544 -15 35 52.99  
2006 08 18.621655 21 22 28.524 -15 35 53.01  
2006 08 18.625116 21 22 28.502 -15 35 53.07  
2006 08 18.627905 21 22 28.487 -15 35 53.19  
2006 08 18.635532 21 22 28.449 -15 35 53.33  
2006 08 18.637743 21 22 28.437 -15 35 53.36  
2006 08 18.640509 21 22 28.415 -15 35 53.36  
2006 08 18.643981 21 22 28.401 -15 35 53.44  
2006 08 18.648148 21 22 28.378 -15 35 53.55  
2006 08 18.663438 21 22 28.288 -15 35 53.77  
2006 08 18.666204 21 22 28.274 -15 35 53.88  
2006 08 18.668981 21 22 28.261 -15 35 53.97  
2006 08 18.672454 21 22 28.241 -15 35 54.01  
2006 08 18.673854 21 22 28.231 -15 35 53.99  
2006 08 18.677315 21 22 28.215 -15 35 54.09  
2006 08 18.680787 21 22 28.196 -15 35 54.13  
2006 08 18.683576 21 22 28.177 -15 35 54.21  
2006 08 18.686470 21 22 28.163 -15 35 54.27  
2006 08 18.689248 21 22 28.146 -15 35 54.34  
2006 08 18.694676 21 22 28.114 -15 35 54.41  
2006 08 18.698148 21 22 28.095 -15 35 54.49  
2006 08 18.701632 21 22 28.075 -15 35 54.55  
2006 08 18.705093 21 22 28.055 -15 35 54.63  
2006 08 18.708565 21 22 28.038 -15 35 54.71  
2006 08 18.712060 21 22 28.015 -15 35 54.73  
2006 08 18.715509 21 22 27.997 -15 35 54.85  
2006 08 18.717593 21 22 27.991 -15 35 54.81  
2006 08 18.718981 21 22 27.982 -15 35 54.92  
2006 08 18.722465 21 22 27.962 -15 35 54.94  
2006 08 19.552396 21 22 23.612 -15 36 15.54 
2006 08 19.555150 21 22 23.595 -15 36 15.66 
2006 08 19.559387 21 22 23.577 -15 36 15.81 
2006 08 19.561458 21 22 23.564 -15 36 15.87 
2006 08 19.564236 21 22 23.549 -15 36 15.96 
2006 08 19.571887 21 22 23.509 -15 36 16.14 
2006 08 19.577431 21 22 23.481 -15 36 16.34 
2006 08 19.580220 21 22 23.465 -15 36 16.45 
2006 08 19.583692 21 22 23.449 -15 36 16.59 
2006 08 19.587164 21 22 23.430 -15 36 16.64 
2006 08 19.590637 21 22 23.411 -15 36 16.80 
2006 08 19.592014 21 22 23.404 -15 36 16.85 
2006 08 19.594109 21 22 23.390 -15 36 16.86 
2006 08 19.597569 21 22 23.371 -15 36 17.01 
2006 08 19.601053 21 22 23.355 -15 36 17.07 
2006 08 19.604525 21 22 23.334 -15 36 17.24 
2006 08 19.607986 21 22 23.317 -15 36 17.33 
2006 08 19.611539 21 22 23.298 -15 36 17.45 
2006 08 19.614931 21 22 23.280 -15 36 17.54 
2006 08 19.618414 21 22 23.260 -15 36 17.66 
2006 08 19.622569 21 22 23.241 -15 36 17.79 
2006 08 19.625359 21 22 23.225 -15 36 17.89 
2006 08 19.628819 21 22 23.205 -15 36 17.99 
2006 08 19.632292 21 22 23.185 -15 36 18.07 
2006 08 19.635764 21 22 23.168 -15 36 18.22 
2006 08 19.639248 21 22 23.150 -15 36 18.33 
2006 08 19.656609 21 22 23.057 -15 36 18.88 
2006 08 19.660764 21 22 23.034 -15 36 19.07 
2006 08 19.663553 21 22 23.019 -15 36 19.15 
2006 08 19.666319 21 22 23.003 -15 36 19.23 
2006 08 19.670498 21 22 22.982 -15 36 19.33 
2006 08 19.673958 21 22 22.964 -15 36 19.48 
2006 08 19.677431 21 22 22.945 -15 36 19.58 
2006 08 19.680903 21 22 22.923 -15 36 19.68 
2006 08 19.684375 21 22 22.903 -15 36 19.79 
2006 08 19.687859 21 22 22.881 -15 36 19.95 
2006 08 19.691331 21 22 22.868 -15 36 20.06 
2006 08 19.694803 21 22 22.848 -15 36 20.15 
2006 08 19.698275 21 22 22.832 -15 36 20.26 
2006 08 19.701748 21 22 22.814 -15 36 20.39 
2006 08 19.705220 21 22 22.793 -15 36 20.50 
2006 08 19.708692 21 22 22.772 -15 36 20.62 
2006 08 19.712164 21 22 22.755 -15 36 20.72 
2006 08 19.719109 21 22 22.715 -15 36 20.92 
2006 08 19.726053 21 22 22.681 -15 36 21.18 
2006 08 19.732998 21 22 22.646 -15 36 21.42 
2006 08 19.739942 21 22 22.603 -15 36 21.65 
2006 08 19.746887 21 22 22.563 -15 36 21.91 
2006 08 19.753831 21 22 22.531 -15 36 22.13 
2006 08 19.760764 21 22 22.490 -15 36 22.36 
2006 08 19.767720 21 22 22.453 -15 36 22.54 
2006 08 20.701505 21 22 17.068 -15 37 0.14  
2006 08 20.703125 21 22 17.057 -15 37 0.14  
2006 08 20.705208 21 22 17.047 -15 37 0.29  
2006 08 20.708692 21 22 17.021 -15 37 0.44  
2006 08 20.712153 21 22 17.003 -15 37 0.61  
2006 08 20.715613 21 22 16.979 -15 37 0.72  
2006 08 20.719109 21 22 16.958 -15 37 0.92  
2006 08 20.722569 21 22 16.937 -15 37 1.07  
2006 08 20.726042 21 22 16.911 -15 37 1.22  
2006 08 20.729525 21 22 16.890 -15 37 1.35  
2006 08 20.733692 21 22 16.864 -15 37 1.59  
2006 08 20.736458 21 22 16.849 -15 37 1.66  
2006 08 20.739942 21 22 16.822 -15 37 1.83  
2006 08 20.743403 21 22 16.801 -15 37 1.99  
2006 08 20.746875 21 22 16.779 -15 37 2.14  
2006 08 20.750012 21 22 16.762 -15 37 2.28  
2006 08 20.753472 21 22 16.737 -15 37 2.41  
2006 08 20.756944 21 22 16.714 -15 37 2.59  
2006 08 20.760417 21 22 16.694 -15 37 2.71  
2006 08 20.762500 21 22 16.680 -15 37 2.86  
2006 08 21.662500 21 22 10.504 -15 37 42.46 
2006 08 21.664595 21 22 10.491 -15 37 42.50 
2006 08 21.665972 21 22 10.476 -15 37 42.57 
2006 08 21.668056 21 22 10.461 -15 37 42.65 
2006 08 21.670833 21 22 10.438 -15 37 42.88  
2006 08 21.672917 21 22 10.421 -15 37 42.85  
2006 08 21.675694 21 22 10.410 -15 37 43.01 
2006 08 21.681944 21 22 10.362 -15 37 43.30  
2006 08 21.686111 21 22 10.319 -15 37 43.47  
2006 08 21.688194 21 22 10.309 -15 37 43.49 
2006 08 21.691678 21 22 10.284 -15 37 43.65 
2006 08 21.695150 21 22 10.266 -15 37 43.77 
2006 08 21.698623 21 22 10.233 -15 37 43.95 
2006 08 21.702095 21 22 10.211 -15 37 44.06 
2006 08 21.705567 21 22 10.186 -15 37 44.28  
2006 08 21.709028 21 22 10.155 -15 37 44.38 
2006 08 21.712500 21 22 10.129 -15 37 44.50 
2006 08 21.719456 21 22 10.077 -15 37 44.78 
2006 08 21.722917 21 22 10.050 -15 37 44.86 
2006 08 21.726389 21 22 10.032 -15 37 45.00 
2006 08 21.729861 21 22 10.00  -15 37 45.18  
2006 08 21.734028 21 22 9.975  -15 37 45.33 
2006 08 21.736806 21 22 9.951  -15 37 45.49 
2006 08 21.740278 21 22 9.925  -15 37 45.63 
2006 08 21.743750 21 22 9.903  -15 37 45.73 
2006 08 21.747199 21 22 9.880  -15 37 45.91 
2006 08 21.750694 21 22 9.854  -15 37 46.02 
2006 08 22.553472 21 22 3.893  -15 38 13.84 
2006 08 22.556262 21 22 3.861  -15 38 13.82 
2006 08 22.559722 21 22 3.844  -15 38 13.95 
2006 08 22.561806 21 22 3.823  -15 38 14.02 
2006 08 22.564595 21 22 3.804  -15 38 14.09 
2006 08 22.570845 21 22 3.755  -15 38 14.29 
2006 08 22.575243 21 22 3.719  -15 38 14.32 
2006 08 22.581956 21 22 3.664  -15 38 14.67  
2006 08 22.586817 21 22 3.639  -15 38 14.75 
2006 08 22.590972 21 22 3.601  -15 38 14.79 
2006 08 22.593056 21 22 3.590  -15 38 14.89 
2006 08 22.595845 21 22 3.571  -15 38 15.02 
2006 08 22.600000 21 22 3.538  -15 38 15.12 
2006 08 22.602778 21 22 3.516  -15 38 15.16 
2006 08 22.605556 21 22 3.497  -15 38 15.22 
2006 08 22.608333 21 22 3.477  -15 38 15.29 
2006 08 22.611111 21 22 3.455  -15 38 15.40 
2006 08 22.613194 21 22 3.440  -15 38 15.46 
2006 08 22.615984 21 22 3.418  -15 38 15.54 
2006 08 22.618750 21 22 3.397  -15 38 15.58 
2006 08 22.622234 21 22 3.373  -15 38 15.72 
2006 08 22.624317 21 22 3.356  -15 38 15.77 
2006 08 22.629861 21 22 3.315  -15 38 15.90 
2006 08 22.632650 21 22 3.294  -15 38 15.99 
2006 08 22.636111 21 22 3.268  -15 38 16.06 
2006 08 22.639618 21 22 3.241  -15 38 16.16 
2006 08 22.643056 21 22 3.217  -15 38 16.22 
2006 08 22.646528 21 22 3.185  -15 38 16.39 
2006 08 22.650012 21 22 3.159  -15 38 16.49 
2006 08 22.653472 21 22 3.141  -15 38 16.51 
2006 08 22.656944 21 22 3.106  -15 38 16.70  
2006 08 22.659722 21 22 3.092  -15 38 16.72 
2006 08 22.663889 21 22 3.060  -15 38 16.84 
2006 08 22.671528 21 22 3.004  -15 38 17.02 
2006 08 22.674306 21 22 2.986  -15 38 17.09 
2006 08 22.677778 21 22 2.960  -15 38 17.19 
2006 08 22.681250 21 22 2.933  -15 38 17.29 
2006 08 22.684722 21 22 2.908  -15 38 17.33 
2006 08 22.688900 21 22 2.875  -15 38 17.46 
2006 08 22.693808 21 22 2.837  -15 38 17.59 
2006 08 22.695833 21 22 2.823  -15 38 17.69 
2006 08 22.698611 21 22 2.802  -15 38 17.71 
2006 08 22.702083 21 22 2.777  -15 38 17.82 
2006 08 22.705556 21 22 2.748  -15 38 17.94 
2006 08 22.710417 21 22 2.708  -15 38 18.05 
2006 08 22.715972 21 22 2.672  -15 38 18.16 
2006 08 22.719444 21 22 2.649  -15 38 18.26 
2006 08 22.722917 21 22 2.622  -15 38 18.39 
2006 08 22.729167 21 22 2.578  -15 38 18.50 
2006 08 22.732639 21 22 2.550  -15 38 18.60 
2006 08 22.736817 21 22 2.522  -15 38 18.64 
2006 08 22.743762 21 22 2.467  -15 38 18.88 
2006 08 22.747222 21 22 2.441  -15 38 18.98 
2006 08 22.750000 21 22 2.417  -15 38 19.08 
2006 08 23.586829 21 21 56.671 -15 38 35.75 
2006 08 23.591678 21 21 56.641 -15 38 35.83 
2006 08 23.593762 21 21 56.627 -15 38 35.87 
2006 08 23.595150 21 21 56.616 -15 38 35.90 
2006 08 23.596539 21 21 56.608 -15 38 35.94 
2006 08 23.597928 21 21 56.600 -15 38 35.94 
2006 08 23.600706 21 21 56.580 -15 38 35.96 
2006 08 23.602106 21 21 56.569 -15 38 35.99 
2006 08 23.604155 21 21 56.557 -15 38 36.03 
2006 08 23.605567 21 21 56.548 -15 38 36.03 
2006 08 23.606956 21 21 56.539 -15 38 36.07 
2006 08 23.608333 21 21 56.529 -15 38 36.09 
2006 08 23.609722 21 21 56.522 -15 38 36.11 
2006 08 23.611111 21 21 56.512 -15 38 36.15 
2006 08 23.612512 21 21 56.505 -15 38 36.20 
2006 08 23.613900 21 21 56.495 -15 38 36.20 
2006 08 23.615278 21 21 56.487 -15 38 36.22 
2006 08 23.616667 21 21 56.475 -15 38 36.25 
2006 08 23.618056 21 21 56.465 -15 38 36.24 
2006 08 23.619444 21 21 56.460 -15 38 36.29 
2006 08 23.620845 21 21 56.450 -15 38 36.35 
2006 08 23.622222 21 21 56.441 -15 38 36.30 
2006 08 23.623600 21 21 56.431 -15 38 36.37 
2006 08 23.625000 21 21 56.422 -15 38 36.34 
2006 08 23.626389 21 21 56.414 -15 38 36.38 
2006 08 23.627778 21 21 56.403 -15 38 36.44 
2006 08 23.629167 21 21 56.398 -15 38 36.43 
2006 08 23.630544 21 21 56.387 -15 38 36.46 
2006 08 23.631944 21 21 56.378 -15 38 36.47 
2006 08 23.633333 21 21 56.370 -15 38 36.50 
2006 08 23.634722 21 21 56.361 -15 38 36.52 
2006 08 23.637500 21 21 56.342 -15 38 36.53 
2006 08 23.638877 21 21 56.330 -15 38 36.57 
2006 08 23.640266 21 21 56.324 -15 38 36.63 
2006 08 23.641678 21 21 56.316 -15 38 36.66 
2006 08 23.643056 21 21 56.305 -15 38 36.67 
2006 08 23.645139 21 21 56.292 -15 38 36.68 
2006 08 23.646528 21 21 56.284 -15 38 36.66 
2006 08 23.647917 21 21 56.272 -15 38 36.75 
2006 08 23.651389 21 21 56.251 -15 38 36.79 
2006 08 23.652778 21 21 56.245 -15 38 36.83 
2006 08 23.654155 21 21 56.232 -15 38 36.83 
2006 08 23.655556 21 21 56.227 -15 38 36.83 
2006 08 23.656944 21 21 56.215 -15 38 36.84 
2006 08 23.658333 21 21 56.207 -15 38 36.89 
2006 08 23.659722 21 21 56.200 -15 38 36.89 
2006 08 23.661100 21 21 56.191 -15 38 36.95 
2006 08 23.662500 21 21 56.184 -15 38 36.93 
2006 08 23.663773 21 21 56.176 -15 38 36.96 
2006 08 23.665278 21 21 56.163 -15 38 37.04 
2006 08 23.666667 21 21 56.154 -15 38 36.99 
2006 08 23.668044 21 21 56.145 -15 38 37.08 
2006 08 23.669444 21 21 56.137 -15 38 37.06 
2006 08 23.670833 21 21 56.128 -15 38 37.07 
2006 08 23.674306 21 21 56.107 -15 38 37.17 
2006 08 23.677778 21 21 56.085 -15 38 37.21 
2006 08 23.681250 21 21 56.064 -15 38 37.26 
2006 08 23.684028 21 21 56.045 -15 38 37.29 
2006 08 23.686806 21 21 56.028 -15 38 37.31 
2006 08 23.689595 21 21 56.009 -15 38 37.39 
2006 08 23.692373 21 21 55.992 -15 38 37.44 
2006 08 23.695139 21 21 55.974 -15 38 37.45 
2006 08 23.697917 21 21 55.957 -15 38 37.52 
2006 08 23.700694 21 21 55.939 -15 38 37.53 
2006 08 23.704167 21 21 55.919 -15 38 37.59 
2006 08 23.706944 21 21 55.899 -15 38 37.66 
2006 08 23.711111 21 21 55.876 -15 38 37.70 
2006 08 23.713889 21 21 55.859 -15 38 37.79 
2006 08 23.716667 21 21 55.841 -15 38 37.81 
2006 08 23.719444 21 21 55.826 -15 38 37.84 
2006 08 23.722222 21 21 55.808 -15 38 37.86 
2006 08 23.725000 21 21 55.789 -15 38 37.99 
2006 08 23.727789 21 21 55.771 -15 38 38.06 
2006 08 23.730556 21 21 55.756 -15 38 38.03 
2006 08 23.733484 21 21 55.741 -15 38 38.14 
2006 08 23.741667 21 21 55.682 -15 38 38.18 
2006 08 23.744907 21 21 55.662 -15 38 38.24 
2006 08 23.747917 21 21 55.645 -15 38 38.30 
2006 08 24.582650 21 21 50.898 -15 38 51.59 
2006 08 24.585417 21 21 50.880 -15 38 51.64 
2006 08 24.588889 21 21 50.861 -15 38 51.69 
2006 08 24.590984 21 21 50.854 -15 38 51.77 
2006 08 24.593056 21 21 50.843 -15 38 51.79 
2006 08 24.595139 21 21 50.831 -15 38 51.82 
2006 08 24.596528 21 21 50.824 -15 38 51.84 
2006 08 24.598611 21 21 50.811 -15 38 51.87 
2006 08 24.600694 21 21 50.801 -15 38 51.93 
2006 08 24.606944 21 21 50.766 -15 38 52.02 
2006 08 24.609028 21 21 50.754 -15 38 52.07 
2006 08 24.612500 21 21 50.739 -15 38 52.18 
2006 08 24.615278 21 21 50.725 -15 38 52.22 
2006 08 24.616667 21 21 50.715 -15 38 52.29 
2006 08 24.618750 21 21 50.703 -15 38 52.29 
2006 08 24.621539 21 21 50.688 -15 38 52.32 
2006 08 24.623611 21 21 50.677 -15 38 52.39 
2006 08 24.625000 21 21 50.671 -15 38 52.43 
2006 08 24.627083 21 21 50.660 -15 38 52.46 
2006 08 24.628484 21 21 50.652 -15 38 52.49 
2006 08 24.630556 21 21 50.645 -15 38 52.55 
2006 08 24.634722 21 21 50.619 -15 38 52.59 
2006 08 24.636817 21 21 50.614 -15 38 52.65 
2006 08 24.638194 21 21 50.595 -15 38 52.68 
2006 08 24.639572 21 21 50.591 -15 38 52.69 
2006 08 24.640972 21 21 50.583 -15 38 52.72 
2006 08 24.643044 21 21 50.574 -15 38 52.76 
2006 08 24.644444 21 21 50.566 -15 38 52.77 
2006 08 24.645833 21 21 50.556 -15 38 52.81 
2006 08 24.647222 21 21 50.550 -15 38 52.84 
2006 08 24.648611 21 21 50.541 -15 38 52.87 
2006 08 24.649988 21 21 50.537 -15 38 52.90 
2006 08 24.651389 21 21 50.529 -15 38 52.94 
2006 08 24.652778 21 21 50.522 -15 38 52.95 
2006 08 24.654167 21 21 50.515 -15 38 52.99 
2006 08 24.655567 21 21 50.507 -15 38 52.99 
2006 08 24.656944 21 21 50.499 -15 38 53.02 
2006 08 24.658368 21 21 50.494 -15 38 53.04 
2006 08 24.661111 21 21 50.479 -15 38 53.13 
2006 08 24.662500 21 21 50.473 -15 38 53.14 
2006 08 24.664583 21 21 50.460 -15 38 53.18 
2006 08 24.665972 21 21 50.453 -15 38 53.20 
2006 08 24.667361 21 21 50.445 -15 38 53.23 
2006 08 24.669444 21 21 50.426 -15 38 53.28 
2006 08 24.670833 21 21 50.426 -15 38 53.33 
2006 08 24.672222 21 21 50.417 -15 38 53.33 
2006 08 24.673611 21 21 50.410 -15 38 53.37 
2006 08 24.675000 21 21 50.403 -15 38 53.39 
2006 08 24.677083 21 21 50.394 -15 38 53.45 
2006 08 24.679178 21 21 50.380 -15 38 53.46 
2006 08 24.681250 21 21 50.369 -15 38 53.49 
2006 08 24.682639 21 21 50.364 -15 38 53.53 
2006 08 24.684722 21 21 50.350 -15 38 53.58 
2006 08 24.686806 21 21 50.341 -15 38 53.60 
2006 08 24.688194 21 21 50.336 -15 38 53.62 
2006 08 24.689583 21 21 50.326 -15 38 53.65 
2006 08 24.690984 21 21 50.318 -15 38 53.67 
2006 08 24.693056 21 21 50.308 -15 38 53.68 
2006 08 24.694444 21 21 50.301 -15 38 53.77 
2006 08 24.696528 21 21 50.290 -15 38 53.80 
2006 08 24.697917 21 21 50.281 -15 38 53.81 
2006 08 24.699306 21 21 50.275 -15 38 53.83 
2006 08 24.701389 21 21 50.262 -15 38 53.90 
2006 08 24.702766 21 21 50.256 -15 38 53.95 
2006 08 24.704167 21 21 50.249 -15 38 53.94 
2006 08 24.705556 21 21 50.241 -15 38 53.97 
2006 08 24.707755 21 21 50.231 -15 38 54.03 
2006 08 24.709144 21 21 50.224 -15 38 54.05 
2006 08 24.710532 21 21 50.215 -15 38 54.08 
2006 08 24.711921 21 21 50.209 -15 38 54.07 
2006 08 24.713299 21 21 50.200 -15 38 54.15 
2006 08 24.714572 21 21 50.190 -15 38 54.16 
2006 08 24.715972 21 21 50.185 -15 38 54.16 
2006 08 24.717361 21 21 50.180 -15 38 54.22 
2006 08 24.719444 21 21 50.163 -15 38 54.27 
2006 08 24.720833 21 21 50.159 -15 38 54.25 
2006 08 24.722222 21 21 50.153 -15 38 54.29 
2006 08 24.724306 21 21 50.143 -15 38 54.39 
2006 08 24.725694 21 21 50.135 -15 38 54.36 
2006 08 24.727083 21 21 50.126 -15 38 54.43 
2006 08 24.728461 21 21 50.120 -15 38 54.44 
2006 08 24.729850 21 21 50.112 -15 38 54.44 
2006 08 24.731238 21 21 50.105 -15 38 54.51 
2006 08 24.732639 21 21 50.096 -15 38 54.48 
2006 08 24.734028 21 21 50.078 -15 38 54.47 
2006 08 24.735417 21 21 50.072 -15 38 54.50 
2006 08 24.736794 21 21 50.069 -15 38 54.50 
2006 08 24.749306 21 21 50.006 -15 38 54.80 
2006 08 25.611806 21 21 45.641 -15 39 17.60 
2006 08 25.613900 21 21 45.622 -15 39 17.73 
2006 08 25.615972 21 21 45.614 -15 39 17.81 
2006 08 25.618750 21 21 45.608 -15 39 18.05 
2006 08 25.620833 21 21 45.590 -15 39 17.95 
2006 08 25.623600 21 21 45.563 -15 39 18.24  
2006 08 25.634028 21 21 45.516 -15 39 18.39 
2006 08 25.642350 21 21 45.470 -15 39 18.62 
2006 08 25.645139 21 21 45.457 -15 39 18.76 
2006 08 25.650694 21 21 45.426 -15 39 19.04 
2006 08 25.659028 21 21 45.384 -15 39 19.14 
2006 08 25.663183 21 21 45.368 -15 39 19.41 
2006 08 25.665972 21 21 45.346 -15 39 19.47 
2006 08 25.669444 21 21 45.325 -15 39 19.52 
2006 08 25.672234 21 21 45.310 -15 39 19.67 
2006 08 25.675012 21 21 45.294 -15 39 19.79 
2006 08 25.677778 21 21 45.282 -15 39 19.89 
2006 08 25.680544 21 21 45.268 -15 39 19.95 
2006 08 25.683333 21 21 45.252 -15 39 20.05 
2006 08 25.686111 21 21 45.234 -15 39 20.16 
2006 08 25.688889 21 21 45.221 -15 39 20.25 
2006 08 25.691667 21 21 45.209 -15 39 20.32 
2006 08 25.694444 21 21 45.191 -15 39 20.41 
2006 08 25.697222 21 21 45.189 -15 39 20.51 
2006 08 25.700012 21 21 45.162 -15 39 20.59 
2006 08 25.702778 21 21 45.145 -15 39 20.72 
2006 08 25.705556 21 21 45.126 -15 39 20.81 
2006 08 25.709028 21 21 45.115 -15 39 20.94 
2006 08 25.711817 21 21 45.098 -15 39 21.02 
2006 08 25.714583 21 21 45.089 -15 39 21.12 
2006 08 25.717361 21 21 45.072 -15 39 21.20 
2006 08 25.720833 21 21 45.055 -15 39 21.36 
2006 08 25.723623 21 21 45.036 -15 39 21.42 
2006 08 25.726389 21 21 45.019 -15 39 21.53 
2006 08 25.729167 21 21 45.009 -15 39 21.61 
2006 08 25.731609 21 21 44.995 -15 39 21.71 
2006 08 25.733345 21 21 44.988 -15 39 21.77 
2006 08 25.735417 21 21 44.978 -15 39 21.80 
2006 08 25.737488 21 21 44.965 -15 39 21.92 
2006 08 25.739595 21 21 44.953 -15 39 21.99 
2006 08 25.741667 21 21 44.944 -15 39 22.06 
2006 08 25.743750 21 21 44.930 -15 39 22.12 
2006 08 25.745833 21 21 44.921 -15 39 22.21 
2006 09 18.472234 21 19 32.925 -15 49 47.85 
2006 09 18.477778 21 19 32.899 -15 49 47.98 
2006 09 18.481944 21 19 32.883 -15 49 48.15 
2006 09 18.485081 21 19 32.874 -15 49 48.33 
2006 09 18.491667 21 19 32.848 -15 49 48.54 
2006 09 18.495139 21 19 32.835 -15 49 48.64 
2006 09 18.497222 21 19 32.822 -15 49 48.68 
2006 09 18.499317 21 19 32.819 -15 49 48.76 
2006 09 18.503472 21 19 32.799 -15 49 48.91 
2006 09 18.506250 21 19 32.789 -15 49 48.98 
2006 09 18.508333 21 19 32.779 -15 49 49.06 
2006 09 18.512500 21 19 32.761 -15 49 49.19 
2006 09 18.514606 21 19 32.754 -15 49 49.26 
2006 09 18.516678 21 19 32.741 -15 49 49.29 
2006 09 18.518750 21 19 32.735 -15 49 49.36 
2006 09 18.521528 21 19 32.725 -15 49 49.45 
2006 09 18.523611 21 19 32.714 -15 49 49.54 
2006 09 18.526389 21 19 32.703 -15 49 49.65 
2006 09 18.545139 21 19 32.627 -15 49 50.20 
2006 09 18.548611 21 19 32.615 -15 49 50.31 
2006 09 18.551389 21 19 32.609 -15 49 50.32 
2006 09 18.554873 21 19 32.585 -15 49 50.52 
2006 09 18.556944 21 19 32.579 -15 49 50.57 
2006 09 18.559734 21 19 32.569 -15 49 50.66 
2006 09 18.563206 21 19 32.554 -15 49 50.76 
2006 09 18.564595 21 19 32.548 -15 49 50.81 
2006 09 18.568067 21 19 32.530 -15 49 50.93 
2006 09 18.570833 21 19 32.519 -15 49 51.03 
2006 09 18.573611 21 19 32.507 -15 49 51.13 
2006 09 18.576389 21 19 32.497 -15 49 51.19 
2006 09 18.579167 21 19 32.487 -15 49 51.28 
2006 09 18.581250 21 19 32.477 -15 49 51.35 
2006 09 18.583333 21 19 32.469 -15 49 51.40 
2006 09 18.585417 21 19 32.464 -15 49 51.49 
2006 09 18.587500 21 19 32.453 -15 49 51.56 
2006 09 18.589583 21 19 32.444 -15 49 51.61 
2006 09 18.591667 21 19 32.430 -15 49 51.69 
2006 09 18.593067 21 19 32.426 -15 49 51.73 
2006 09 18.597222 21 19 32.411 -15 49 51.87 
2006 09 18.599306 21 19 32.401 -15 49 51.93 
2006 09 18.601400 21 19 32.395 -15 49 52.00 
2006 09 18.603472 21 19 32.385 -15 49 52.06 
2006 09 18.605556 21 19 32.378 -15 49 52.12 
2006 09 18.607650 21 19 32.364 -15 49 52.18 
2006 09 18.609722 21 19 32.359 -15 49 52.28 
2006 09 18.611806 21 19 32.351 -15 49 52.35 
2006 09 18.613900 21 19 32.341 -15 49 52.40 
2006 09 18.615313 21 19 32.336 -15 49 52.44 
2006 09 18.618750 21 19 32.322 -15 49 52.56 
2006 09 18.621539 21 19 32.310 -15 49 52.64 
2006 09 18.622940 21 19 32.304 -15 49 52.71 
2006 09 18.625000 21 19 32.295 -15 49 52.78 
2006 09 18.627083 21 19 32.287 -15 49 52.83 
2006 09 18.629167 21 19 32.280 -15 49 52.90 
2006 09 18.631956 21 19 32.265 -15 49 52.99 
2006 09 18.633333 21 19 32.258 -15 49 53.03 
2006 09 18.634734 21 19 32.252 -15 49 53.07 
2006 09 18.637512 21 19 32.243 -15 49 53.15 
2006 09 19.511806 21 19 28.225 -15 50 24.06 
2006 09 19.515972 21 19 28.207 -15 50 24.31 
2006 09 19.519444 21 19 28.186 -15 50 24.35 
2006 09 19.522222 21 19 28.173 -15 50 24.48 
2006 09 19.524306 21 19 28.165 -15 50 24.55 
2006 09 19.525694 21 19 28.152 -15 50 24.60 
2006 09 19.527778 21 19 28.147 -15 50 24.69 
2006 09 19.529167 21 19 28.139 -15 50 24.75 
2006 09 19.531250 21 19 28.126 -15 50 24.80 
2006 09 19.532650 21 19 28.122 -15 50 24.86 
2006 09 19.534039 21 19 28.113 -15 50 24.92 
2006 09 19.536111 21 19 28.103 -15 50 25.01 
2006 09 19.537500 21 19 28.093 -15 50 25.03 
2006 09 19.538900 21 19 28.090 -15 50 25.15 
2006 09 19.540289 21 19 28.082 -15 50 25.12 
2006 09 19.541667 21 19 28.074 -15 50 25.18 
2006 09 19.543056 21 19 28.065 -15 50 25.24 
2006 09 19.544456 21 19 28.059 -15 50 25.28 
2006 09 19.545833 21 19 28.052 -15 50 25.33 
2006 09 19.547222 21 19 28.044 -15 50 25.41 
2006 09 19.549317 21 19 28.031 -15 50 25.45 
2006 09 19.550706 21 19 28.020 -15 50 25.51 
2006 09 19.552095 21 19 28.016 -15 50 25.58 
2006 09 19.553472 21 19 28.009 -15 50 25.63 
2006 09 19.554861 21 19 28.002 -15 50 25.67 
2006 09 19.556250 21 19 27.995 -15 50 25.70 
2006 09 19.558333 21 19 27.986 -15 50 25.79 
2006 09 19.561123 21 19 27.970 -15 50 25.95 
2006 09 19.563194 21 19 27.961 -15 50 26.04 
2006 09 19.566678 21 19 27.941 -15 50 26.15 
2006 09 19.568056 21 19 27.935 -15 50 26.18 
2006 09 19.569456 21 19 27.928 -15 50 26.23 
2006 09 19.570845 21 19 27.920 -15 50 26.29 
2006 09 19.572234 21 19 27.907 -15 50 26.38 
2006 09 19.573611 21 19 27.906 -15 50 26.40 
2006 09 19.575000 21 19 27.898 -15 50 26.41 
2006 09 19.576389 21 19 27.889 -15 50 26.48 
2006 09 19.577789 21 19 27.882 -15 50 26.54 
2006 09 19.579178 21 19 27.878 -15 50 26.56 
2006 09 19.580556 21 19 27.869 -15 50 26.63 
2006 09 19.582650 21 19 27.856 -15 50 26.73 
2006 09 19.584028 21 19 27.851 -15 50 26.76 
2006 09 19.585417 21 19 27.844 -15 50 26.79 
2006 09 19.586806 21 19 27.835 -15 50 26.85 
2006 09 19.589595 21 19 27.820 -15 50 26.85 
2006 09 19.590972 21 19 27.814 -15 50 27.00 
2006 09 19.594456 21 19 27.797 -15 50 27.13 
2006 09 19.596528 21 19 27.783 -15 50 27.20 
2006 09 19.597928 21 19 27.778 -15 50 27.27 
2006 09 19.599306 21 19 27.770 -15 50 27.29 
2006 09 19.600694 21 19 27.764 -15 50 27.35 
2006 09 19.602095 21 19 27.751 -15 50 27.42 
2006 09 19.603484 21 19 27.743 -15 50 27.45 
2006 09 19.605556 21 19 27.736 -15 50 27.53 
2006 09 19.607639 21 19 27.729 -15 50 27.61 
2006 09 19.610417 21 19 27.711 -15 50 27.69 
2006 09 19.614583 21 19 27.688 -15 50 27.85 
2006 09 19.616667 21 19 27.680 -15 50 27.93 
2006 09 19.618750 21 19 27.669 -15 50 28.02 
2006 09 19.622222 21 19 27.654 -15 50 28.13 
2006 09 19.624306 21 19 27.635 -15 50 28.21 
2006 09 19.626389 21 19 27.627 -15 50 28.29 
2006 09 19.629861 21 19 27.610 -15 50 28.41 
2006 09 19.631944 21 19 27.604 -15 50 28.47 
2006 09 19.637500 21 19 27.572 -15 50 28.56 
2006 09 19.640289 21 19 27.551 -15 50 28.77 
2006 09 19.643125 21 19 27.540 -15 50 28.85 
2006 09 19.645150 21 19 27.527 -15 50 28.94 
2006 09 19.647222 21 19 27.518 -15 50 29.02 
2006 09 19.650000 21 19 27.498 -15 50 29.11 
2006 09 19.652083 21 19 27.491 -15 50 29.19 
2006 09 19.656944 21 19 27.465 -15 50 29.35 
2006 09 20.513194 21 19 22.726 -15 50 56.42 
2006 09 20.517373 21 19 22.696 -15 50 56.60 
2006 09 20.520845 21 19 22.678 -15 50 56.69 
2006 09 20.522928 21 19 22.665 -15 50 56.78 
2006 09 20.525000 21 19 22.657 -15 50 56.84 
2006 09 20.527778 21 19 22.638 -15 50 56.91 
2006 09 20.529861 21 19 22.625 -15 50 56.96 
2006 09 20.531944 21 19 22.611 -15 50 57.00 
2006 09 20.534016 21 19 22.600 -15 50 57.01 
2006 09 20.536123 21 19 22.592 -15 50 57.09 
2006 09 20.538206 21 19 22.577 -15 50 57.16 
2006 09 20.540278 21 19 22.564 -15 50 57.19 
2006 09 20.542361 21 19 22.552 -15 50 57.25 
2006 09 20.544444 21 19 22.534 -15 50 57.30 
2006 09 20.546539 21 19 22.525 -15 50 57.36 
2006 09 20.548623 21 19 22.516 -15 50 57.44 
2006 09 20.558345 21 19 22.459 -15 50 57.67 
2006 09 20.561806 21 19 22.439 -15 50 57.78 
2006 09 20.563889 21 19 22.422 -15 50 57.84 
2006 09 20.565972 21 19 22.411 -15 50 57.88 
2006 09 20.571539 21 19 22.380 -15 50 58.01 
2006 09 20.573623 21 19 22.369 -15 50 58.07 
2006 09 20.575706 21 19 22.357 -15 50 58.12 
2006 09 20.579861 21 19 22.333 -15 50 58.23 
2006 09 20.581944 21 19 22.322 -15 50 58.29 
2006 09 20.584028 21 19 22.310 -15 50 58.33 
2006 09 20.586111 21 19 22.296 -15 50 58.38 
2006 09 20.588194 21 19 22.284 -15 50 58.41 
2006 09 20.590289 21 19 22.272 -15 50 58.48 
2006 09 20.592373 21 19 22.258 -15 50 58.54 
2006 09 20.594444 21 19 22.248 -15 50 58.58 
2006 09 20.597234 21 19 22.231 -15 50 58.66 
2006 09 20.600000 21 19 22.216 -15 50 58.71 
2006 09 20.602789 21 19 22.199 -15 50 58.78 
2006 09 20.604873 21 19 22.189 -15 50 58.86 
2006 09 20.606944 21 19 22.172 -15 50 58.92 
2006 09 20.609028 21 19 22.162 -15 50 58.94 
2006 09 20.611123 21 19 22.152 -15 50 59.01 
2006 09 20.614595 21 19 22.130 -15 50 59.05 
2006 09 20.616678 21 19 22.116 -15 50 59.14 
2006 09 20.618762 21 19 22.107 -15 50 59.17 
2006 09 20.620833 21 19 22.095 -15 50 59.25 
2006 09 20.622917 21 19 22.080 -15 50 59.30 
2006 09 20.625012 21 19 22.071 -15 50 59.35 
2006 09 20.627083 21 19 22.059 -15 50 59.42 
2006 09 20.629167 21 19 22.045 -15 50 59.42 
2006 09 20.631250 21 19 22.033 -15 50 59.50 
2006 09 20.633345 21 19 22.022 -15 50 59.54 
2006 09 20.636111 21 19 22.005 -15 50 59.63 
2006 09 20.638194 21 19 21.994 -15 50 59.67 
2006 09 20.640278 21 19 21.975 -15 50 59.74 
2006 09 20.643056 21 19 21.963 -15 50 59.77 
2006 09 20.645833 21 19 21.949 -15 50 59.83 
2006 09 20.648623 21 19 21.930 -15 50 59.90 
2006 09 20.651389 21 19 21.914 -15 50 59.99 
2006 09 20.654167 21 19 21.903 -15 51 0.06  
2006 09 20.656944 21 19 21.885 -15 51 0.17  
2006 09 20.659722 21 19 21.868 -15 51 0.20  
2006 09 21.527789 21 19 17.118 -15 51 15.12 
2006 09 21.530567 21 19 17.103 -15 51 15.17 
2006 09 21.533333 21 19 17.087 -15 51 15.20 
2006 09 21.536111 21 19 17.076 -15 51 15.28 
2006 09 21.538900 21 19 17.063 -15 51 15.31 
2006 09 21.540984 21 19 17.053 -15 51 15.33 
2006 09 21.543056 21 19 17.036 -15 51 15.34 
2006 09 21.545139 21 19 17.028 -15 51 15.37 
2006 09 21.547234 21 19 17.019 -15 51 15.39 
2006 09 21.549317 21 19 17.008 -15 51 15.42 
2006 09 21.551389 21 19 16.994 -15 51 15.45 
2006 09 21.553472 21 19 16.984 -15 51 15.46 
2006 09 21.555556 21 19 16.977 -15 51 15.48 
2006 09 21.557639 21 19 16.962 -15 51 15.51 
2006 09 21.559734 21 19 16.953 -15 51 15.53 
2006 09 21.561806 21 19 16.943 -15 51 15.58 
2006 09 21.564583 21 19 16.928 -15 51 15.59 
2006 09 21.566667 21 19 16.918 -15 51 15.61 
2006 09 21.568750 21 19 16.905 -15 51 15.63 
2006 09 21.570833 21 19 16.896 -15 51 15.68 
2006 09 21.573623 21 19 16.880 -15 51 15.69 
2006 09 21.575694 21 19 16.872 -15 51 15.71 
2006 09 21.577778 21 19 16.864 -15 51 15.71 
2006 09 21.579861 21 19 16.852 -15 51 15.72 
2006 09 21.581944 21 19 16.839 -15 51 15.77 
2006 09 21.584086 21 19 16.827 -15 51 15.79 
2006 09 21.586111 21 19 16.822 -15 51 15.82 
2006 09 21.588889 21 19 16.803 -15 51 15.84 
2006 09 21.590972 21 19 16.794 -15 51 15.84 
2006 09 21.593056 21 19 16.779 -15 51 15.89 
2006 09 21.595150 21 19 16.771 -15 51 15.92 
2006 09 21.598623 21 19 16.753 -15 51 15.93 
2006 09 21.602083 21 19 16.740 -15 51 15.98 
2006 09 21.604167 21 19 16.721 -15 51 16.00 
2006 09 21.606250 21 19 16.712 -15 51 16.00 
2006 09 21.608345 21 19 16.705 -15 51 16.03 
2006 09 21.610417 21 19 16.689 -15 51 16.05 
2006 09 21.612512 21 19 16.680 -15 51 16.08 
2006 09 21.614583 21 19 16.671 -15 51 16.09 
2006 09 21.617361 21 19 16.656 -15 51 16.14 
2006 09 21.619444 21 19 16.648 -15 51 16.17 
2006 09 21.621528 21 19 16.634 -15 51 16.17 
2006 09 21.623600 21 19 16.622 -15 51 16.19 
2006 09 21.626389 21 19 16.607 -15 51 16.24 
2006 09 21.628472 21 19 16.600 -15 51 16.24 
2006 09 21.630556 21 19 16.589 -15 51 16.26 
2006 09 21.632639 21 19 16.572 -15 51 16.30 
2006 09 21.634722 21 19 16.565 -15 51 16.29 
2006 09 21.637512 21 19 16.554 -15 51 16.32 
2006 09 21.639560 21 19 16.544 -15 51 16.32 
2006 09 21.641667 21 19 16.534 -15 51 16.37 
2006 09 21.643727 21 19 16.523 -15 51 16.40 
2006 09 21.645833 21 19 16.511 -15 51 16.40 
2006 09 21.647928 21 19 16.500 -15 51 16.45 
2006 09 21.650000 21 19 16.495 -15 51 16.38 
2006 09 21.652083 21 19 16.479 -15 51 16.46 
2006 09 22.509734 21 19 12.712 -15 51 22.47 
2006 09 22.513206 21 19 12.699 -15 51 22.50 
2006 09 22.514595 21 19 12.696 -15 51 22.53 
2006 09 22.515984 21 19 12.686 -15 51 22.52 
2006 09 22.517350 21 19 12.684 -15 51 22.48 
2006 09 22.518750 21 19 12.679 -15 51 22.56 
2006 09 22.520139 21 19 12.672 -15 51 22.55 
2006 09 22.521539 21 19 12.666 -15 51 22.52 
2006 09 22.522928 21 19 12.665 -15 51 22.53 
2006 09 22.524306 21 19 12.660 -15 51 22.57 
2006 09 22.525694 21 19 12.650 -15 51 22.59 
2006 09 22.527095 21 19 12.646 -15 51 22.61 
2006 09 22.528472 21 19 12.639 -15 51 22.59 
2006 09 22.530556 21 19 12.632 -15 51 22.59 
2006 09 22.531956 21 19 12.627 -15 51 22.60 
2006 09 22.533333 21 19 12.623 -15 51 22.59 
2006 09 22.534734 21 19 12.615 -15 51 22.66 
2006 09 22.536123 21 19 12.610 -15 51 22.65 
2006 09 22.537500 21 19 12.606 -15 51 22.67 
2006 09 22.538889 21 19 12.597 -15 51 22.64 
2006 09 22.540278 21 19 12.590 -15 51 22.75 
2006 09 22.541678 21 19 12.586 -15 51 22.68 
2006 09 22.543056 21 19 12.584 -15 51 22.68 
2006 09 22.544444 21 19 12.578 -15 51 22.66 
2006 09 22.545833 21 19 12.573 -15 51 22.73 
2006 09 22.547234 21 19 12.566 -15 51 22.68 
2006 09 22.548623 21 19 12.559 -15 51 22.69 
2006 09 22.550000 21 19 12.556 -15 51 22.73 
2006 09 22.551389 21 19 12.550 -15 51 22.71 
2006 09 22.552778 21 19 12.547 -15 51 22.74 
2006 09 22.554178 21 19 12.539 -15 51 22.72 
2006 09 22.555567 21 19 12.535 -15 51 22.75 
2006 09 22.557639 21 19 12.525 -15 51 22.76 
2006 09 22.560428 21 19 12.514 -15 51 22.80 
2006 09 22.563194 21 19 12.504 -15 51 22.80 
2006 09 22.565984 21 19 12.495 -15 51 22.85 
2006 09 22.569444 21 19 12.480 -15 51 22.85 
2006 09 22.571528 21 19 12.472 -15 51 22.85 
2006 09 22.573611 21 19 12.465 -15 51 22.86 
2006 09 22.575694 21 19 12.457 -15 51 22.85 
2006 09 22.578472 21 19 12.445 -15 51 22.89 
2006 09 22.581956 21 19 12.432 -15 51 22.92 
2006 09 22.584722 21 19 12.422 -15 51 22.96 
2006 09 22.587500 21 19 12.407 -15 51 22.94 
2006 09 22.589583 21 19 12.404 -15 51 22.94 
2006 09 22.591667 21 19 12.393 -15 51 22.99 
2006 09 22.593750 21 19 12.384 -15 51 22.99 
2006 09 22.595833 21 19 12.379 -15 51 23.05 
2006 09 22.597917 21 19 12.372 -15 51 23.05 
2006 09 22.600000 21 19 12.363 -15 51 23.04 
2006 09 22.602095 21 19 12.353 -15 51 23.08 
2006 09 22.604861 21 19 12.341 -15 51 23.08 
2006 09 22.607650 21 19 12.330 -15 51 23.12 
2006 09 22.610428 21 19 12.323 -15 51 23.11 
2006 09 22.613194 21 19 12.310 -15 51 23.15 
2006 09 22.615972 21 19 12.299 -15 51 23.17 
2006 09 22.620139 21 19 12.283 -15 51 23.22 
2006 09 22.623611 21 19 12.271 -15 51 23.22 
2006 09 22.626389 21 19 12.260 -15 51 23.26 
2006 09 22.628472 21 19 12.249 -15 51 23.27 
2006 09 22.630556 21 19 12.243 -15 51 23.30 
2006 09 22.634722 21 19 12.229 -15 51 23.32 
2006 09 22.636806 21 19 12.221 -15 51 23.27 
2006 09 22.640278 21 19 12.210 -15 51 23.33 
2006 09 22.643067 21 19 12.196 -15 51 23.32 
2006 09 22.645833 21 19 12.192 -15 51 23.37 
2006 09 23.469456 21 19 9.453  -15 51 32.00 
2006 09 23.472222 21 19 9.446  -15 51 32.11  
2006 09 23.474317 21 19 9.438  -15 51 32.10 
2006 09 23.475694 21 19 9.435  -15 51 32.09 
2006 09 23.477083 21 19 9.428  -15 51 32.11 
2006 09 23.478472 21 19 9.425  -15 51 32.14 
2006 09 23.479873 21 19 9.420  -15 51 32.18 
2006 09 23.481262 21 19 9.416  -15 51 32.20 
2006 09 23.483345 21 19 9.408  -15 51 32.22 
2006 09 23.484734 21 19 9.403  -15 51 32.21 
2006 09 23.486806 21 19 9.397  -15 51 32.26 
2006 09 23.488194 21 19 9.393  -15 51 32.32 
2006 09 23.489583 21 19 9.389  -15 51 32.29 
2006 09 23.490972 21 19 9.385  -15 51 32.34 
2006 09 23.493067 21 19 9.379  -15 51 32.39 
2006 09 23.494444 21 19 9.373  -15 51 32.39 
2006 09 23.495833 21 19 9.370  -15 51 32.39 
2006 09 23.497222 21 19 9.363  -15 51 32.44 
2006 09 23.498611 21 19 9.361  -15 51 32.46 
2006 09 23.500012 21 19 9.356  -15 51 32.49 
2006 09 23.501389 21 19 9.352  -15 51 32.53 
2006 09 23.502778 21 19 9.347  -15 51 32.52 
2006 09 23.504167 21 19 9.343  -15 51 32.53 
2006 09 23.505567 21 19 9.339  -15 51 32.54 
2006 09 23.506956 21 19 9.334  -15 51 32.56 
2006 09 23.508333 21 19 9.329  -15 51 32.62 
2006 09 23.509722 21 19 9.326  -15 51 32.62 
2006 09 23.511111 21 19 9.320  -15 51 32.63 
2006 09 23.512500 21 19 9.314  -15 51 32.66 
2006 09 23.513889 21 19 9.306  -15 51 32.68 
2006 09 23.515278 21 19 9.307  -15 51 32.72 
2006 09 23.516667 21 19 9.303  -15 51 32.74 
2006 09 23.518056 21 19 9.298  -15 51 32.74 
2006 09 23.519444 21 19 9.293  -15 51 32.78 
2006 09 23.520833 21 19 9.289  -15 51 32.79 
2006 09 23.522986 21 19 9.283  -15 51 32.85 
2006 09 23.524317 21 19 9.278  -15 51 32.86 
2006 09 23.525683 21 19 9.274  -15 51 32.88 
2006 09 23.527083 21 19 9.269  -15 51 32.91 
2006 09 23.528472 21 19 9.264  -15 51 32.94 
2006 09 23.529861 21 19 9.258  -15 51 32.98 
2006 09 23.531250 21 19 9.255  -15 51 32.98 
2006 09 23.533333 21 19 9.250  -15 51 32.99 
2006 09 23.535417 21 19 9.239  -15 51 33.03 
2006 09 23.537500 21 19 9.238  -15 51 33.06 
2006 09 23.539595 21 19 9.227  -15 51 33.12 
2006 09 23.542361 21 19 9.218  -15 51 33.13 
2006 09 23.544444 21 19 9.213  -15 51 33.17 
2006 09 23.546539 21 19 9.207  -15 51 33.23 
2006 09 23.548611 21 19 9.201  -15 51 33.26 
2006 09 23.550694 21 19 9.194  -15 51 33.31 
2006 09 23.552778 21 19 9.188  -15 51 33.32 
2006 09 23.554861 21 19 9.180  -15 51 33.34 
2006 09 23.556944 21 19 9.176  -15 51 33.39 
2006 09 23.559039 21 19 9.166  -15 51 33.44 
2006 09 23.561111 21 19 9.159  -15 51 33.47 
2006 09 23.563194 21 19 9.154  -15 51 33.51 
2006 09 23.565984 21 19 9.145  -15 51 33.57 
2006 09 23.568750 21 19 9.132  -15 51 33.57 
2006 09 23.570833 21 19 9.129  -15 51 33.64 
2006 09 23.572917 21 19 9.120  -15 51 33.65 
2006 09 23.575000 21 19 9.115  -15 51 33.71 
2006 09 23.577083 21 19 9.111  -15 51 33.73 
2006 09 23.579861 21 19 9.099  -15 51 33.77 
2006 09 23.581944 21 19 9.094  -15 51 33.83 
2006 09 23.586123 21 19 9.079  -15 51 33.89 
2006 09 23.588206 21 19 9.074  -15 51 33.94 
2006 09 23.590278 21 19 9.067  -15 51 33.98 
2006 09 23.592361 21 19 9.060  -15 51 34.01 
2006 09 23.594456 21 19 9.054  -15 51 34.03 
2006 09 23.596539 21 19 9.048  -15 51 34.06 
2006 09 23.598611 21 19 9.039  -15 51 34.10 
2006 09 23.600694 21 19 9.033  -15 51 34.11 
2006 09 23.602789 21 19 9.030  -15 51 34.20 
2006 09 23.604873 21 19 9.021  -15 51 34.22 
2006 09 23.606944 21 19 9.013  -15 51 34.26 
2006 09 23.609028 21 19 9.008  -15 51 34.28 
2006 09 23.611111 21 19 9.000  -15 51 34.34 
2006 09 23.613206 21 19 8.992  -15 51 34.35 
2006 09 23.615972 21 19 8.984  -15 51 34.41 
2006 09 23.618750 21 19 8.976  -15 51 34.45 
2006 09 23.621539 21 19 8.967  -15 51 34.51 
2006 09 23.623623 21 19 8.963  -15 51 34.54 
2006 09 23.625694 21 19 8.951  -15 51 34.61 
2006 09 23.629167 21 19 8.943  -15 51 34.64 
2006 09 23.631250 21 19 8.935  -15 51 34.70 
2006 09 23.634028 21 19 8.926  -15 51 34.71 
2006 09 23.636806 21 19 8.916  -15 51 34.82 
2006 09 23.639583 21 19 8.911  -15 51 34.82 
2006 09 23.642361 21 19 8.902  -15 51 34.90 
2006 09 25.477083 21 19 2.119  -15 52 27.73 
2006 09 25.480556 21 19 2.099  -15 52 27.83 
2006 09 25.482639 21 19 2.095  -15 52 27.91 
2006 09 25.484734 21 19 2.082  -15 52 27.94 
2006 09 25.486817 21 19 2.073  -15 52 28.03 
2006 09 25.488889 21 19 2.063  -15 52 28.12 
2006 09 25.490972 21 19 2.054  -15 52 28.17 
2006 09 25.493750 21 19 2.039  -15 52 28.26 
2006 09 25.495833 21 19 2.030  -15 52 28.32 
2006 09 25.497928 21 19 2.020  -15 52 28.39 
2006 09 25.500000 21 19 2.010  -15 52 28.48 
2006 09 25.502778 21 19 1.995  -15 52 28.56 
2006 09 25.505556 21 19 1.984  -15 52 28.63 
2006 09 25.508345 21 19 1.971  -15 52 28.73 
2006 09 25.511111 21 19 1.957  -15 52 28.83 
2006 09 25.513194 21 19 1.949  -15 52 28.90 
2006 09 25.515289 21 19 1.937  -15 52 28.97 
2006 09 25.517361 21 19 1.926  -15 52 29.05 
2006 09 25.519444 21 19 1.916  -15 52 29.10 
2006 09 25.521528 21 19 1.911  -15 52 29.18  
2006 09 25.523611 21 19 1.897  -15 52 29.28  
2006 09 25.525706 21 19 1.893  -15 52 29.28  
2006 09 25.540278 21 19 1.806  -15 52 29.82  
2006 09 25.543056 21 19 1.805  -15 52 29.88 
2006 09 25.545822 21 19 1.789  -15 52 29.97 
2006 09 25.547928 21 19 1.782  -15 52 30.04 
2006 09 25.550012 21 19 1.772  -15 52 30.10 
2006 09 25.552789 21 19 1.758  -15 52 30.21 
2006 09 25.554873 21 19 1.748  -15 52 30.27 
2006 09 25.556944 21 19 1.738  -15 52 30.32 
2006 09 25.559028 21 19 1.726  -15 52 30.40 
2006 09 25.561111 21 19 1.717  -15 52 30.50 
2006 09 25.563206 21 19 1.710  -15 52 30.54 
2006 09 25.565289 21 19 1.700  -15 52 30.62 
2006 09 25.567361 21 19 1.692  -15 52 30.72 
2006 09 25.569444 21 19 1.684  -15 52 30.76 
2006 09 25.572222 21 19 1.666  -15 52 30.85 
2006 09 25.575694 21 19 1.650  -15 52 30.97 
2006 09 25.577789 21 19 1.637  -15 52 31.02 
2006 09 25.579861 21 19 1.629  -15 52 31.10 
2006 09 25.581956 21 19 1.619  -15 52 31.14 
2006 09 25.584028 21 19 1.603  -15 52 31.22 
2006 09 25.593738 21 19 1.558  -15 52 31.52 
2006 09 25.595833 21 19 1.552  -15 52 31.61 
2006 09 25.597917 21 19 1.540  -15 52 31.69 
2006 09 25.600000 21 19 1.530  -15 52 31.74 
2006 09 25.602083 21 19 1.519  -15 52 31.80 
2006 09 25.605556 21 19 1.502  -15 52 31.94 
2006 09 25.607639 21 19 1.495  -15 52 31.99 
2006 09 25.609722 21 19 1.482  -15 52 32.07 
2006 09 25.611806 21 19 1.470  -15 52 32.17 
2006 09 25.613889 21 19 1.461  -15 52 32.21 
2006 09 25.615984 21 19 1.457  -15 52 32.24 
2006 09 25.618056 21 19 1.442  -15 52 32.32 
2006 09 26.527778 21 18 56.867 -15 52 57.54 
2006 09 26.529861 21 18 56.854 -15 52 57.55 
2006 09 26.531956 21 18 56.843 -15 52 57.64 
2006 09 26.534051 21 18 56.839 -15 52 57.66 
2006 09 26.538889 21 18 56.800 -15 52 57.71 
2006 09 26.556944 21 18 56.717 -15 52 58.16 
2006 09 26.559028 21 18 56.705 -15 52 58.18 
2006 09 26.561123 21 18 56.695 -15 52 58.31 
2006 09 26.565278 21 18 56.676 -15 52 58.43 
2006 09 26.569444 21 18 56.651 -15 52 58.41 
2006 09 26.572917 21 18 56.634 -15 52 58.50 
2006 09 26.575000 21 18 56.620 -15 52 58.52 
2006 09 26.577083 21 18 56.611 -15 52 58.59 
2006 09 26.579167 21 18 56.600 -15 52 58.62 
2006 09 26.581250 21 18 56.590 -15 52 58.65 
2006 09 26.583356 21 18 56.578 -15 52 58.70 
2006 09 26.585417 21 18 56.567 -15 52 58.74 
2006 09 26.587500 21 18 56.555 -15 52 58.76 
2006 09 26.589583 21 18 56.546 -15 52 58.88 
2006 09 26.591678 21 18 56.533 -15 52 58.88 
2006 09 26.593750 21 18 56.530 -15 52 58.93 
2006 09 26.595833 21 18 56.515 -15 52 58.96 
2006 09 26.597917 21 18 56.503 -15 52 59.02 
2006 09 26.600000 21 18 56.494 -15 52 59.04 
2006 09 26.602083 21 18 56.479 -15 52 59.07 
2006 09 26.604167 21 18 56.470 -15 52 59.13 
2006 09 26.606250 21 18 56.458 -15 52 59.18 
2006 09 26.608333 21 18 56.447 -15 52 59.22 
2006 09 26.610405 21 18 56.439 -15 52 59.26 
2006 09 26.612500 21 18 56.424 -15 52 59.28 
2006 09 26.614583 21 18 56.412 -15 52 59.33 
2006 09 26.616667 21 18 56.406 -15 52 59.38 
2006 09 26.618750 21 18 56.395 -15 52 59.42 
2006 09 26.620845 21 18 56.386 -15 52 59.46 
2006 09 26.623611 21 18 56.370 -15 52 59.53 
2006 09 26.625694 21 18 56.360 -15 52 59.54 
2006 09 26.627789 21 18 56.346 -15 52 59.61 
2006 09 27.456944 21 18 52.331 -15 53 10.77 
2006 09 27.459722 21 18 52.319 -15 53 10.81 
2006 09 27.461806 21 18 52.307 -15 53 10.82 
2006 09 27.463889 21 18 52.298 -15 53 10.81 
2006 09 27.465972 21 18 52.289 -15 53 10.85 
2006 09 27.468056 21 18 52.279 -15 53 10.86 
2006 09 27.470139 21 18 52.268 -15 53 10.87 
2006 09 27.472222 21 18 52.260 -15 53 10.87 
2006 09 27.474306 21 18 52.253 -15 53 10.94 
2006 09 27.476389 21 18 52.237 -15 53 10.94 
2006 09 27.478472 21 18 52.231 -15 53 10.96 
2006 09 27.480556 21 18 52.223 -15 53 10.98 
2006 09 27.482639 21 18 52.213 -15 53 10.98 
2006 09 27.484722 21 18 52.203 -15 53 11.01 
2006 09 27.486806 21 18 52.193 -15 53 11.01 
2006 09 27.488889 21 18 52.183 -15 53 10.99 
2006 09 27.490972 21 18 52.176 -15 53 11.10 
2006 09 27.493056 21 18 52.167 -15 53 11.04 
2006 09 27.495139 21 18 52.159 -15 53 11.09 
2006 09 27.497222 21 18 52.145 -15 53 11.09 
2006 09 27.499306 21 18 52.136 -15 53 11.09 
2006 09 27.501389 21 18 52.128 -15 53 11.12 
2006 09 27.503472 21 18 52.118 -15 53 11.13 
2006 09 27.505556 21 18 52.109 -15 53 11.12 
2006 09 27.508333 21 18 52.095 -15 53 11.17 
2006 09 27.510417 21 18 52.086 -15 53 11.19 
2006 09 27.512500 21 18 52.081 -15 53 11.18 
2006 09 27.514583 21 18 52.069 -15 53 11.21 
2006 09 27.517361 21 18 52.056 -15 53 11.24 
2006 09 27.521516 21 18 52.036 -15 53 11.25 
2006 09 27.523611 21 18 52.028 -15 53 11.27 
2006 09 27.525694 21 18 52.015 -15 53 11.29 
2006 09 27.527778 21 18 52.010 -15 53 11.31 
2006 09 27.529861 21 18 51.999 -15 53 11.34 
2006 09 27.531944 21 18 51.989 -15 53 11.35 
2006 09 27.534028 21 18 51.980 -15 53 11.33 
2006 09 27.536111 21 18 51.970 -15 53 11.37 
2006 09 27.538194 21 18 51.964 -15 53 11.38 
2006 09 27.540278 21 18 51.953 -15 53 11.40 
2006 09 27.542350 21 18 51.945 -15 53 11.39 
2006 09 27.544444 21 18 51.935 -15 53 11.39 
2006 09 27.547222 21 18 51.922 -15 53 11.43 
2006 09 27.549317 21 18 51.913 -15 53 11.48 
2006 09 27.551389 21 18 51.901 -15 53 11.46 
2006 09 27.553472 21 18 51.894 -15 53 11.47 
2006 09 27.555556 21 18 51.885 -15 53 11.52 
2006 09 27.557639 21 18 51.870 -15 53 11.50 
2006 09 27.560417 21 18 51.863 -15 53 11.55 
2006 09 27.562500 21 18 51.852 -15 53 11.53 
2006 09 27.565278 21 18 51.842 -15 53 11.57 
2006 09 27.567361 21 18 51.831 -15 53 11.58 
2006 09 27.569444 21 18 51.822 -15 53 11.57 
2006 09 27.573611 21 18 51.801 -15 53 11.62 
2006 09 27.575694 21 18 51.791 -15 53 11.60 
2006 09 27.577778 21 18 51.785 -15 53 11.63 
2006 09 27.579861 21 18 51.771 -15 53 11.64 
2006 09 27.581944 21 18 51.766 -15 53 11.69 
2006 09 27.584028 21 18 51.761 -15 53 11.67 
2006 09 27.586111 21 18 51.753 -15 53 11.66 