1884  02  07   07 34 23   999.99   17.14
1884  02  07   07 46 10    43.20  -99.99
1884  02  11   07 26 34   999.99   09.48
1884  02  11   07 44 23   182.00  -99.99
1884  02  12   07 09 45   999.99   11.06
1884  02  12   07 23 12    71.70  -99.99
1884  02  13   07 45 34   999.99   16.69
1884  02  13   07 56 54    41.10  -99.99
1884  02  15   07 18 34   999.99   11.74
1884  02  15   07 29 56    248.3  -99.99
1884  02  20   08 06 38   999.99   08.85
1884  02  20   08 22 13    341.9  -99.99
1884  02  25   09 50 33   999.99   14.08
1884  02  25   09 47 30    32.70  -99.99
1884  02  27   08 30 06   999.99   14.39
1884  02  27   07 41 28    237.2  -99.99
1884  02  29   07 38 37   999.99    8.91
1884  03  14   07 30 02   999.99   11.74
1884  03  14   07 39 28     20.8  -99.99
1884  03  17   07 39 25   999.99   11.23
1884  03  18   07 48 06   999.99   10.22
