1908 12 2  14 28 23    257.059   15.97
1908 12 7  14 17 18    295.279   16.00
1908 12 13 12 51 45    292.274   16.55
1908 12 26 13 0  55    234.203   13.44
1908 12 31 14 49 13    272.425   17.00
1909 1  1  14 41 48    218.276   11.95
1909 1  17 11 50 54    307.028   15.98
1909 1  18 9  53 50    267.769   17.02
1909 1  20 15 13 10    116.337   16.30
1909 2  10 10 26 19    285.994   -99.99
1909 2  11 12 30 18    234.580   12.99
1909 2  13 14 43 9     96.165    17.41
1909 2  17 11 38 38    229.225   12.89
1909 2  17 14 9  4     222.808   11.98
1909 2  20 12 33 9     44.735    12.77
1909 2  25 12 10 42    90.824    17.42
1909 2  26 12 11 48    35.398    12.12
1909 3  5  11 38 47    307.013   -99.99
1909 3  11 10 59 28    301.975   14.67
1909 3  15 9  24 58    79.756    15.39
1909 3  17 9  9  58    299.582   15.56
1909 3  20 9  0   8    117.551   15.17
1909 3  21 11 9  36    70.356    14.89
1909 3  21 12 30 21    67.475    15.09
1909 3  22 9  18 7     1.977     11.66
1909 3  23 10 51 0     291.214   16.21
1909 3  26 8  45 7     113.649   15.52
1909 12 9  13 49 40    130.774   14.57
1909 12 10 12 21 22    92.422    -99.99
1909 12 16 13 2  27    87.772    15.47
1909 12 17 13 43 12    12.589    11.51
1910 1  7  14 1  30    156.388   -99.99
1910 1  8  10 40 15    111.944   16.39
1910 1  8  12 23 39    107.706   16.25
1910 1  10 11 35 9     336.625   12.17
1910 1  10 14 21 58    328.067   13.28
1910 1  19 13 50 26    139.257   13.65
1910 1  29 9  46 37    272.481   16.91
1910 1  29 10 49 6     271.324   16.98
1910 1  29 12 42 25    266.578   16.70
1910 2  1  13 11 56    83.307    15.84
1910 2  1  14 57 51    79.810    16.16
1910 2  7  10 32 48    84.139    15.65
1910 2  7  12 48 30    79.130    16.08
1910 2  10 13 3  34    254.995   14.96
1910 2  13 11 23 4     77.049    15.36
1910 2  18 12 4  16    112.909   16.15
1910 2  22 12 41 2     243.090   13.64
1910 2  25 10 27 14    65.024    13.99
1910 2  25 13 19 47    57.273    13.47
1910 3  3  11 33 19    52.158    -99.99
1910 3  4  11 7  34    331.444   12.53
1910 3  8  10 19 57    100.569   16.47
1910 3  8  11 4  40    99.417    -99.99
1910 3  14 9  56 47    98.163    16.41
1910 3  15 10 14 16    39.773    11.96
1910 3  17 11 18 43    271.867   -99.99
1910 3  26 9  28 33    85.688    16.07
1910 4  2  10 10 55    7.083     11.04
1910 4  8  9  31 46    356.946   11.14
1910 4  9  9  19 48    295.248   15.72
1910 4  9  10 1  7     999       15.86
1910 4 13  9  37 47    67.141    13.87
1910 4 14  9  45 32    343.801   11.40
