1911 12 18 13 34 18     245 47.7    13.23
1911 12 18 14 7  35     243 58.8    13.16
1911 12 19 14 12 8      160 23.7    12.41
1911 12 19 14 37 30     157 24.1    12.66
1912 1  10 12 42 47     273 4.0     16.42
1912 1  10 13 12 13     271 9.4     16.11
1912 1  10 14 19 5      269 25.4    16.03
1912 1  10 14 43 10     268 24.1    15.93
1912 1  13 11 21 6      93  35.4    15.93
1912 1  13 11 47 58     91  43.0    16.81
1912 1  19 11 23 2      88  35.5    15.97
1912 1  19 11 50 25     88  12.4    15.81
1912 1  19 12 39 24     86  23.8    15.63
1912 1  19 13 31 26     84  10.0    15.42
1912 1  20 12 5  22     15  24.1    11.06
1912 1  20 12 43 35     13  8.0     11.09
1912 1  20 14 1  45     7   34.4    11.04
1912 1  20 14 31 28     5   17.6    11.28
1912 1  21 11 54 33     306 2.9     15.97
1912 1  21 12 23 9      305 39.1    15.94
1912 1  22 11 9  2      266 1.8     15.60
1912 1  22 11 37 19     264 45.5    15.19
1912 1  22 12 19 5      262 9.7     15.20
1912 1  22 12 44 31     260 39.1    15.05
1912 1  24 11 39 6      123 41.8    15.87
1912 1  24 12 3  35     122 51.9    16.09
1912 1  24 13 13 17     121 1.4     16.73
1912 1  24 13 43 47     120 48.8    16.37
1912 1  27 13 28 33     297 2.7     16.79
1912 1  27 14 7  37     297 7.2     16.75
1912 2  2  12 36 52     293 41.4    16.59
1912 2  2  13 14 50     292 51.8    16.90
1912 2  5  12 32 26     112 0.1     16.83
1912 2  6  10 53 18     69  46.6    13.88
1912 2  6  11 20 6      69  5.9     13.78
1912 2  6  12 59 49     64  38.5    13.41
1912 2  6  13 38 56     63  7.8     12.96
1912 2  8  12 11 50     289 30.7    16.77
1912 2  8  12 47 6      288 35.1    17.02
1912 2  9  12 31 49     239 59.3    13.43
1912 2  9  13 21 36     237 41.3    12.93
1912 2  13 11 53 7      333 54.2    12.70
1912 2  13 12 26 8      332 59.2    12.67
1912 2  13 13 34 33     329 22.1    13.06
1912 2  14 10 29 18     287 19.0    16.80
1912 2  14 10 57 20     287 6.8     16.82
1912 2  14 12 4  24     284 52.1    16.73
1912 2  14 12 34 40     283 57.1    16.38
1912 2  17 10 14 30     105 59.0    17.01
1912 2  17 10 39 38     105 5.2     16.90
1912 2  17 11 32 35     103 26.5    16.98
1912 2  17 11 58 16     103 49.1    16.89
1912 2  23 9  3  35     102 46.8    17.07
1912 2  23 9  34 34     101 48.4    16.80
1912 2  23 11 54 32     97  55.4    16.63
1912 2  23 12 25 16     97  17.9    16.69
1912 2  27 12 7  19     214 29.3    11.18
1912 2  27 12 41 16     211 55.4    11.21
1912 2  28 11 58 3      135 25.6    14.50
1912 3  2  11 11 19     313 44.4    14.63
1912 3  2  11 46 39     312 17.0    14.86
1912 3  7  11 12 1      21  1.6     10.76
1912 3  7  11 48 40     18  46.7    10.78
1912 3  10 11 24 40     193 25.8    11.31
1912 3  10 12 2  19     191 30.8    11.14
1912 3  13 10 42 8      11  50.8    10.86
1912 3  13 11 15 8      9   18.3    10.93
1912 3  16 11 14 16     182 20.2    11.08
1912 3  16 11 48 56     180 52.3    11.22
1912 3  17 11 8  51     119 38.8    16.09
1912 3  17 11 39 9      118 40.7    16.22
1912 3  18 10 58 28     77  7.5     14.61
1912 3  18 11 27 35     76  20.8    14.36
1912 3  29 10 21 50     110 48.8    16.52
1912 3  29 10 53 34     110 13.9    16.52
1912 3  31 9  13 55     345 9.4     11.86
1912 3  31 9  51 12     342 32.5    11.90
1912 4  6  9  43 22     334 3.5     12.44
1912 4  6  10 15 33     332 58.9    12.35
1912 4  9  8  57 53     151 28.4    13.34
1912 4  9  9  43 45     148 50.2    13.11
1912 4  10 9  59 23     102 13.3    16.49
1912 4  10 10 32 53     101 7.4     16.46
1912 4  11 9  30 58     50  44.8    12.35
1912 4  11 10 6  36     48  19.5    12.05
