1899 2  4   11 24.7     93.06     15.31
1899 3  6   10 39.6     70.02     16.43
1899 3  7   8  40.2     26.35     11.49
1899 3  8   8  45.5     297.90    11.68
1899 3  10  8  43.1     201.60    11.41
1899 3  15  9  7.8      246.47    15.99
1899 3  16  9  3.0      190.32    10.85
1899 11 25  13 21.3     85.95     16.66
1899 11 30  12 47.7     133.26    11.15
1900 2  24  8  19.3     278.95    14.89
1900 3  11  8  5.3      85.44     15.77
1900 3  20  8  1.5      258.77    16.33
1900 3  24  8  15.5     25.93     11.66
1900 3  25  8  3.3      301.05    12.25
1901 1  24  11 0.3      335.88    10.33
1901 1  29  10 5.4      48.88     13.99
1901 2  8   10 16.8     134.54    11.16
1901 2  14  7  50.8     131.60    10.82
1901 2  22  8  8.6      21.76     11.60
1902 1  9   10 59.8     128.85    12.13
1902 2  3   9  59.0     61.31     14.89
1902 2  19  9  34.0     146.12    10.18
1902 2  26  9  22.6     82.30     16.08
1902 2  26  10 4.5      81.92     16.26
1902 2  27  8  11.8     36.45     12.07
1902 3  4   9  21.9     77.74     16.34
1902 3  5   9  1.9      27.77     11.60
1902 3  13  8  57.3     251.94    16.16
1902 3  13  9  34.4     251.99    15.72
1902 12 9   12 23.6     206.64    11.25
1902 12 19  12 52.0     290.84    14.18
1903 1  23  10 26.7     315.14    11.97
1903 1  23  11 8.6      311.88    12.30
1903 2  13  10 21.5     107.35    13.93
1903 2  15  9  20.7     2.86      10.82
1903 2  18  10 5.6      175.00    9.84
1903 2  22  7  56.2     284.23    15.25
1903 2  22  8  39.1     283.34    15.06
1903 2  26  9  54.1     55.48     14.19
1903 3  2   7  35.7     160.98    10.24
1903 3  2   8  17.6     158.08    10.28
1903 3  3   7  46.6     96.78     15.60
1903 3  3   8  28.5     95.09     15.58
1903 3  13  8  5.1      226.07    12.64
1903 3  13  8  42.0     223.22    12.86
1904 12 19  12 19.3     161.48    11.29
1906 1  20  10 49.1     319.00    12.78
1906 1  21  10 44.1     269.50    16.91
1906 1  30  10 15.3     82.97     16.42
1906 2  8   10 54.3     252.08    16.04
1906 2  24  11 0.4      340.23    10.93
1906 3  11  8  18.9     140.33    11.98
1911 1  27  11 30.5     354.60    11.26
1911 2  6   9  16.6     112.07    16.37
1911 2  20  10 18.4     322.97    13.37
1911 2  21  9  53.6     278.67    16.69
1911 3  20  10 14.3     71.52     14.07
1911 3  24  8  56.9     172.25    10.94
1911 3  25  8  42.0     113.10    16.09
1911 3  28  9  45.1     291.30    16.25
1912 2  12  10 43.6     76.05     14.33
1912 2  19  9  46.2     350.87    11.96
1912 2  24  10 29.8     60.97     13.17
1913 2  13  10 48.6     272.93    15.65
1913 2  24  10 0.3      304.28    16.26
1913 3  2   9  46.8     297.75    16.04
1914 1  30  10 58.8     351.33    11.66
1914 2  12  11 7.7      287.64    17.08
1914 2  23  9  52.6     324.70    14.15
1914 2  24  10 18.6     278.93    16.28
1914 2  25  10 21.7     216.09    10.77
1914 3  23  8  48.9     72.05     13.16
1915 2  6   10 38.1     264.74    16.37
1915 2  9   10 28.1     82.88     14.43
1915 2  10  10 55.1     1.60      11.15
1915 2  11  11 23.0     303.18    16.66
1915 2  17  10 39.5     299.15    16.73
1915 3  6   10 46.4     328.43    13.74
1915 3  7   10 39.0     283.69    16.86
1915 3  9   11 36.8     146.15    14.96
1915 3  28  10 7.9      83.10     14.14
1916 2  28  11 27.7     303.58    16.79
1917 2  1   12 13.0     64.73     12.66
1917 2  11  11 53.3     153.63    13.36
1917 3  20  9  6.1      78.17     13.25
1917 3  21  10 20.0     349.52    12.21
1918 2  25  10 20.4     340.48    13.90
1918 3  3   9  34.7     332.32    14.15
1918 3  4   9  14.3     292.10    16.90
1918 3  13  8  47.2     102.95    15.15
1918 3  30  9  39.3     127.66    16.28
1919 2  23  10 32.1     87.83     13.62
1919 2  25  9  27.9     310.90    16.73
1919 2  27  10 32.9     180.31    11.24
1919 3  9   10 4.4      300.12    17.35
1919 3  27  9  39.0     286.74    15.94
1920 3  13  9  12.3     312.50    16.43
1920 3  16  9  19.2     130.42    16.40
1920 3  20  9  9.3      260.15    12.76
1920 3  22  9  8.5      124.36    16.41
1920 3  26  8  40.1     253.16    12.24
