  2012 09 12.615972 22 13 42.3159 -11 37 52.747    327
  2012 09 13.595835 22 13 36.5931 -11 38 25.051    327 
  2012 09 13.605556 22 13 36.5366 -11 38 25.293    327 
  2012 09 13.614583 22 13 36.4735 -11 38 25.547    327 
  2012 09 13.623611 22 13 36.4291 -11 38 25.921    327 
  2012 09 13.669443 22 13 36.1554 -11 38 27.425    327 
  2012 09 14.599308 22 13 30.7703 -11 38 57.748    327 
  2012 09 14.622220 22 13 30.6332 -11 38 58.378    327 
  2012 09 15.623611 22 13 24.8711 -11 39 31.029    327 
  2012 09 15.640279 22 13 24.7799 -11 39 31.546    327 
  2012 09 16.595830 22 13 19.3394 -11 40  1.973    327 
  2012 09 16.604165 22 13 19.2863 -11 40  2.304    327 
  2012 09 16.611803 22 13 19.2451 -11 40  2.463    327 
  2012 09 16.619444 22 13 19.2039 -11 40  2.792    327 
  2012 09 16.634720 22 13 19.1127 -11 40  3.436    327 
  2012 09 16.643055 22 13 19.0659 -11 40  3.619    327 
  2012 09 16.658330 22 13 18.9688 -11 40  3.914    327 
  2012 09 16.665975 22 13 18.9291 -11 40  4.380    327 
  2012 09 17.599299 22 13 13.6702 -11 40 33.923    327 
  2012 09 17.615969 22 13 13.5778 -11 40 34.591    327 
  2012 09 17.624301 22 13 13.5309 -11 40 34.838    327 
  2012 09 17.640278 22 13 13.4405 -11 40 35.263    327 
  2012 09 17.647914 22 13 13.3906 -11 40 35.457    327 
  2012 09 17.655554 22 13 13.3588 -11 40 35.720    327 
  2013 10 13.487442 22 19 51.9990 -11 07 20.327    O44
  2013 10 13.493993 22 19 51.9686 -11 07 20.423    O44
  2013 10 13.495405 22 19 51.9598 -11 07 20.388    O44
  2013 10 13.496817 22 19 51.9527 -11 07 20.491    O44
  2013 10 13.498241 22 19 51.9516 -11 07 20.486    O44
  2013 10 13.499653 22 19 51.9447 -11 07 20.529    O44
  2013 10 13.501065 22 19 51.9414 -11 07 20.530    O44
  2013 10 13.502488 22 19 51.9341 -11 07 20.570    O44
  2013 10 13.503900 22 19 51.9316 -11 07 20.576    O44
  2013 10 13.505313 22 19 51.9212 -11 07 20.625    O44
  2013 10 13.506736 22 19 51.9210 -11 07 20.706    O44
  2013 10 13.508148 22 19 51.9137 -11 07 20.758    O44
  2013 10 13.509560 22 19 51.9063 -11 07 20.721    O44
  2013 10 13.510984 22 19 51.9032 -11 07 20.810    O44
  2013 10 13.512396 22 19 51.8941 -11 07 20.787    O44
  2013 10 13.513808 22 19 51.8884 -11 07 20.842    O44
  2013 10 13.515231 22 19 51.8835 -11 07 20.907    O44
  2013 10 13.519479 22 19 51.8694 -11 07 21.015    O44
  2013 10 13.520891 22 19 51.8653 -11 07 21.023    O44
  2013 10 13.526030 22 19 51.8428 -11 07 21.052    O44
  2013 10 13.527442 22 19 51.8374 -11 07 21.192    O44
  2013 10 13.528866 22 19 51.8301 -11 07 21.240    O44
  2013 10 13.530278 22 19 51.8322 -11 07 21.275    O44
  2013 10 13.637894 22 19 51.4144 -11 07 23.467    O44
  2013 10 13.640694 22 19 51.4048 -11 07 23.430    O44
  2013 10 13.643495 22 19 51.3902 -11 07 23.536    O44
  2013 10 13.646296 22 19 51.3817 -11 07 23.582    O44
  2013 10 13.649097 22 19 51.3689 -11 07 23.718    O44
  2013 10 13.651898 22 19 51.3573 -11 07 23.665    O44
  2015 10 19.596738 22 36 41.1052 -09 37 52.787    O44
  2015 10 19.599396 22 36 41.1007 -09 37 52.857    O44
  2015 10 19.604409 22 36 41.0764 -09 37 52.979    O44
  2015 10 19.606658 22 36 41.0695 -09 37 52.958    O44
  2015 10 19.608906 22 36 41.0620 -09 37 53.062    O44
  2015 10 19.611155 22 36 41.0486 -09 37 53.100    O44
  2015 10 19.613403 22 36 41.0451 -09 37 53.202    O44
  2015 10 19.615652 22 36 41.0444 -09 37 53.232    O44
  2015 10 19.617901 22 36 41.0273 -09 37 53.277    O44
  2015 10 19.620149 22 36 41.0237 -09 37 53.340    O44
  2015 10 19.624647 22 36 41.0033 -09 37 53.368    O44
  2015 10 19.626896 22 36 40.9949 -09 37 53.399    O44
  2015 10 19.629144 22 36 40.9853 -09 37 53.453    O44
  2015 10 19.631393 22 36 40.9765 -09 37 53.567    O44
  2015 10 19.633642 22 36 40.9721 -09 37 53.575    O44
  2015 10 19.635890 22 36 40.9599 -09 37 53.551    O44
  2015 10 19.638138 22 36 40.9555 -09 37 53.652    O44
  2015 10 19.640387 22 36 40.9436 -09 37 53.713    O44
  2015 10 20.598446 22 36 37.4731 -09 38 13.734    O44
  2015 10 20.600291 22 36 37.4675 -09 38 13.760    O44
  2015 10 20.601150 22 36 37.4649 -09 38 13.766    O44
  2015 10 20.602010 22 36 37.4561 -09 38 13.712    O44
  2015 10 20.602870 22 36 37.4573 -09 38 13.824    O44
  2015 10 20.603730 22 36 37.4539 -09 38 13.873    O44
  2015 10 20.604589 22 36 37.4476 -09 38 13.837    O44
  2015 10 20.605448 22 36 37.4463 -09 38 13.875    O44
  2015 10 20.606308 22 36 37.4478 -09 38 13.842    O44
  2015 10 20.607167 22 36 37.4443 -09 38 13.829    O44
  2015 10 20.608027 22 36 37.4386 -09 38 13.862    O44
  2015 10 20.608886 22 36 37.4363 -09 38 14.029    O44
  2015 10 20.609746 22 36 37.4371 -09 38 13.977    O44
  2015 10 20.610606 22 36 37.4299 -09 38 13.927    O44
  2015 10 20.611466 22 36 37.4212 -09 38 13.990    O44
  2015 10 20.612325 22 36 37.4228 -09 38 14.046    O44
  2015 10 20.613185 22 36 37.4141 -09 38 13.987    O44
  2015 10 20.614044 22 36 37.4183 -09 38 14.072    O44
  2015 10 20.614908 22 36 37.4148 -09 38 14.123    O44
  2015 10 20.615772 22 36 37.4109 -09 38 14.096    O44
  2015 10 20.616635 22 36 37.4104 -09 38 14.055    O44
  2015 10 20.617498 22 36 37.4065 -09 38 14.178    O44
  2015 10 20.618361 22 36 37.4066 -09 38 14.087    O44
  2015 10 20.619225 22 36 37.3986 -09 38 14.033    O44
  2015 10 20.620088 22 36 37.3955 -09 38 14.123    O44
  2015 10 20.620950 22 36 37.3882 -09 38 14.043    O44
  2015 10 20.621814 22 36 37.3867 -09 38 14.140    O44
  2015 10 20.622677 22 36 37.3853 -09 38 14.265    O44
  2015 10 20.623540 22 36 37.3831 -09 38 14.261    O44
  2015 10 20.624403 22 36 37.3768 -09 38 14.346    O44
  2015 10 20.625266 22 36 37.3718 -09 38 14.322    O44
  2015 10 20.626129 22 36 37.3698 -09 38 14.240    O44
  2015 10 20.626992 22 36 37.3749 -09 38 14.206    O44
  2015 10 20.627855 22 36 37.3647 -09 38 14.206    O44
  2015 10 20.628719 22 36 37.3613 -09 38 14.334    O44
  2015 10 20.629582 22 36 37.3587 -09 38 14.444    O44
  2015 10 20.630445 22 36 37.3507 -09 38 14.320    O44
  2015 10 20.631308 22 36 37.3525 -09 38 14.332    O44
  2015 10 20.632171 22 36 37.3491 -09 38 14.469    O44
  2015 10 20.633034 22 36 37.3450 -09 38 14.388    O44
  2015 10 20.633897 22 36 37.3426 -09 38 14.484    O44
  2015 10 20.634760 22 36 37.3389 -09 38 14.508    O44
  2015 10 20.635623 22 36 37.3358 -09 38 14.404    O44
  2015 10 20.636487 22 36 37.3327 -09 38 14.486    O44
  2015 10 20.638213 22 36 37.3281 -09 38 14.562    O44
  2015 10 20.639076 22 36 37.3206 -09 38 14.587    O44
  2015 10 20.639939 22 36 37.3169 -09 38 14.500    O44
  2015 10 20.640802 22 36 37.3165 -09 38 14.525    O44
  2015 10 20.641665 22 36 37.3168 -09 38 14.533    O44
  2015 10 20.642528 22 36 37.3064 -09 38 14.546    O44
  2015 10 20.643392 22 36 37.3093 -09 38 14.571    O44
  2015 10 20.644255 22 36 37.3018 -09 38 14.673    O44
  2015 10 20.645117 22 36 37.3021 -09 38 14.631    O44
  2015 10 20.645985 22 36 37.2980 -09 38 14.671    O44
  2017 09 22.572880 22 55 59.2611 -07 49 25.770    O44  
  2017 09 22.578227 22 55 59.2327 -07 49 26.055    O44
  2017 09 22.582088 22 55 59.2071 -07 49 26.127    O44
  2017 09 22.585821 22 55 59.1858 -07 49 26.228    O44
  2017 09 22.589698 22 55 59.1641 -07 49 26.432    O44
  2017 09 22.593339 22 55 59.1445 -07 49 26.536    O44
  2017 09 22.596980 22 55 59.1224 -07 49 26.754    O44
  2017 09 22.600620 22 55 59.1004 -07 49 26.871    O44
  2017 09 22.604261 22 55 59.0831 -07 49 26.955    O44
  2017 09 22.607987 22 55 59.0556 -07 49 27.083    O44
  2017 09 22.611628 22 55 59.0346 -07 49 27.222    O44
  2017 09 23.586260 22 55 53.3324 -07 50  2.402    O44
  2017 09 23.590492 22 55 53.3064 -07 50  2.564    O44
  2017 09 23.594130 22 55 53.2861 -07 50  2.636    O44
  2017 09 23.597767 22 55 53.2638 -07 50  2.804    O44
  2017 09 23.601404 22 55 53.2451 -07 50  2.955    O44
  2017 09 23.605042 22 55 53.2217 -07 50  3.060    O44
  2017 09 23.608776 22 55 53.2013 -07 50  3.177    O44
  2017 09 23.612414 22 55 53.1800 -07 50  3.314    O44
  2017 09 23.616051 22 55 53.1587 -07 50  3.447    O44
  2017 09 23.619689 22 55 53.1346 -07 50  3.575    O44
  2017 09 23.623326 22 55 53.1131 -07 50  3.708    O44
  2017 09 23.626998 22 55 53.1064 -07 50  3.954    O44
  2017 09 23.630635 22 55 53.0761 -07 50  4.148    O44
  2017 09 23.645830 22 55 52.9801 -07 50  4.507    O44
