 2000 08 25.92617  20 27 12.868  -18 55 25.01  
 2000 08 25.93787  20 27 12.794  -18 55 25.26  
 2001 08 22.92764  20 36 47.312  -18 25 16.09  
 2001 08 22.93065  20 36 47.281  -18 25 16.35  
 2001 08 22.93366  20 36 47.264  -18 25 16.39  
 2001 08 22.93656  20 36 47.252  -18 25 16.30  
 2001 08 22.94100  20 36 47.221  -18 25 16.42  
 2001 08 22.94587  20 36 47.186  -18 25 16.41  
 2001 08 22.94902  20 36 47.167  -18 25 16.60  
 2001 08 22.95252  20 36 47.149  -18 25 16.65  
 2001 08 22.95529  20 36 47.135  -18 25 16.73  
 2001 08 22.95823  20 36 47.135  -18 25 16.76  
 2001 08 22.96142  20 36 47.091  -18 25 16.84  
 2001 08 22.96453  20 36 47.091  -18 25 16.86  
 2001 08 22.96792  20 36 47.060  -18 25 17.00  
 2002 08 07.94795  20 47 36.010  -17 48 08.77  
 2002 08 07.95587  20 47 35.958  -17 48 09.16  
 2002 08 07.96377  20 47 35.900  -17 48 09.21  
 2002 08 07.97313  20 47 35.849  -17 48 09.57  
 2002 08 07.98103  20 47 35.786  -17 48 09.76  
 2002 08 07.98897  20 47 35.757  -17 48 09.92  
 2002 08 07.99689  20 47 35.698  -17 48 10.10  
 2002 08 08.00480  20 47 35.645  -17 48 10.28  
 2003 08 23.91008  20 55 07.692  -17 22 23.12  
 2003 08 23.91453  20 55 07.656  -17 22 23.18  
 2003 08 23.91897  20 55 07.638  -17 22 23.40  
 2003 08 23.92341  20 55 07.593  -17 22 23.36  
 2003 08 23.92786  20 55 07.569  -17 22 23.54  
 2006 07 04.05417  21 27 21.606  -15 11 53.92  
 2006 07 04.05896  21 27 21.585  -15 11 53.68  
 2006 07 04.06375  21 27 21.547  -15 11 53.80  
 2006 07 05.08065  21 27 16.851  -15 12 17.08  
 2006 07 05.08509  21 27 16.814  -15 12 17.15  
 2006 07 05.08955  21 27 16.820  -15 12 17.17  
 2006 07 05.09399  21 27 16.778  -15 12 17.18  
 2006 07 05.09844  21 27 16.769  -15 12 17.41  
 2006 07 05.10288  21 27 16.736  -15 12 17.54  
 2007 08 08.98398  21 32 58.385  -14 49 36.97  
 2007 08 08.98843  21 32 58.370  -14 49 37.62  
 2007 08 08.99288  21 32 58.339  -14 49 37.63  
 2007 08 08.99733  21 32 58.310  -14 49 37.76  
 2007 08 09.00177  21 32 58.303  -14 49 37.90  
 2007 08 09.00623  21 32 58.258  -14 49 37.98  
 2007 08 09.01067  21 32 58.233  -14 49 38.10  
 2007 08 09.01512  21 32 58.199  -14 49 38.26  
 2007 08 09.01957  21 32 58.172  -14 49 38.54  
 2007 08 09.02401  21 32 58.142  -14 49 38.51  
 2007 08 09.02948  21 32 58.106  -14 49 38.78  
 2007 08 09.03392  21 32 58.101  -14 49 39.11  
 2007 08 09.03838  21 32 58.064  -14 49 39.14  
 2007 08 09.04283  21 32 58.007  -14 49 39.04  
 2007 08 09.04726  21 32 57.997  -14 49 39.54  
 2007 08 10.95190  21 32 45.926  -14 50 39.23  
 2007 08 10.95669  21 32 45.905  -14 50 39.39  
 2007 08 10.96193  21 32 45.873  -14 50 39.57  
 2007 08 10.96673  21 32 45.846  -14 50 39.76  
 2007 08 10.97151  21 32 45.814  -14 50 39.96  
 2007 08 10.97630  21 32 45.776  -14 50 40.13  
 2007 08 10.98109  21 32 45.754  -14 50 40.14  
 2007 08 10.98587  21 32 45.721  -14 50 40.45  
 2007 08 10.99066  21 32 45.684  -14 50 40.54  
 2007 08 10.99545  21 32 45.659  -14 50 40.75  
 2007 08 11.00024  21 32 45.633  -14 50 40.91  
 2007 08 11.00531  21 32 45.600  -14 50 41.09  
 2007 08 11.01011  21 32 45.564  -14 50 41.18  
 2007 08 11.01489  21 32 45.533  -14 50 41.41  
 2007 08 11.01968  21 32 45.504  -14 50 41.40  
 2007 08 11.02447  21 32 45.471  -14 50 41.65  
 2007 08 11.02925  21 32 45.442  -14 50 41.81  
 2007 08 11.03404  21 32 45.415  -14 50 41.99  
 2009 07 20.02097  21 52 43.796  -13 18 02.39  
 2009 07 20.02542  21 52 43.778  -13 18 02.47  
 2009 07 20.02986  21 52 43.742  -13 18 02.57  
 2009 07 20.03432  21 52 43.723  -13 18 02.64  
 2009 07 20.03876  21 52 43.701  -13 18 02.90  
 2009 07 20.04321  21 52 43.669  -13 18 02.92  
 2009 07 20.04765  21 52 43.650  -13 18 03.20  
 2009 07 20.05210  21 52 43.623  -13 18 03.22  
 2009 07 20.05655  21 52 43.596  -13 18 03.28  
 2009 07 20.06100  21 52 43.574  -13 18 03.54  
 2009 07 20.06549  21 52 43.551  -13 18 03.60  
 2009 07 21.97537  21 52 33.391  -13 18 58.41  
 2009 07 21.98332  21 52 33.361  -13 18 59.24  
 2010 07 13.07484  22 02 07.9280 -12 32 07.705 
 2010 07 13.07969  22 02 07.9050 -12 32 07.620 
 2010 07 13.08455  22 02 07.8990 -12 32 07.665 
 2010 07 13.08940  22 02 07.8640 -12 32 07.940 
 2010 07 13.09425  22 02 07.8380 -12 32 07.970 
 2010 07 13.10396  22 02 07.7910 -12 32 08.420 
 2010 07 13.10881  22 02 07.7670 -12 32 08.360 
 2010 07 13.11367  22 02 07.7470 -12 32 08.610 
 2010 07 14.00891  22 02 03.6875 -12 32 31.715 
 2010 07 14.01533  22 02 03.6605 -12 32 31.910 
 2010 07 14.02019  22 02 03.6360 -12 32 32.070 
 2010 07 14.02504  22 02 03.6160 -12 32 32.210 
 2010 07 14.02989  22 02 03.6010 -12 32 32.275 
 2010 07 14.03475  22 02 03.5730 -12 32 32.430 
 2010 07 14.03960  22 02 03.5485 -12 32 32.550 
 2010 07 14.04445  22 02 03.5235 -12 32 32.705 
 2010 07 14.04930  22 02 03.5010 -12 32 32.695 
 2010 07 14.05414  22 02 03.4770 -12 32 32.925 
 2010 07 14.05901  22 02 03.4550 -12 32 33.015 
 2010 07 14.06386  22 02 03.4340 -12 32 33.150 
 2010 07 14.06870  22 02 03.4225 -12 32 33.210 
 2010 07 14.07357  22 02 03.3850 -12 32 33.385 
 2010 07 14.07842  22 02 03.3615 -12 32 33.500 
 2010 07 14.08326  22 02 03.3445 -12 32 33.675 
 2010 07 14.08813  22 02 03.3240 -12 32 33.825 
 2010 07 14.09386  22 02 03.2845 -12 32 33.965 
 2010 07 14.09870  22 02 03.2670 -12 32 34.060 
 2010 07 14.10355  22 02 03.2475 -12 32 34.200 
 2010 07 14.10840  22 02 03.2215 -12 32 34.350 
 2010 07 14.11325  22 02 03.2060 -12 32 34.375 
 2010 07 14.96114  22 01 59.2920 -12 32 56.540 
 2010 07 14.97085  22 01 59.2445 -12 32 56.765 
 2010 07 14.97570  22 01 59.2245 -12 32 56.935 
 2010 07 14.98541  22 01 59.1690 -12 32 57.195 
 2010 07 14.99027  22 01 59.1490 -12 32 57.150 
 2010 07 14.99512  22 01 59.1230 -12 32 57.460 
 2010 07 14.99995  22 01 59.1070 -12 32 57.465 
 2010 07 15.00482  22 01 59.0830 -12 32 57.590 
 2010 07 15.01158  22 01 59.0530 -12 32 57.780 
 2010 07 15.01642  22 01 59.0290 -12 32 58.070 
 2010 07 15.02127  22 01 59.0030 -12 32 58.230 
 2010 07 15.02612  22 01 58.9865 -12 32 58.270 
 2010 07 15.03098  22 01 58.9580 -12 32 58.410 
 2010 07 15.04070  22 01 58.9120 -12 32 58.680 
 2010 07 15.04554  22 01 58.8975 -12 32 58.790 
 2010 07 15.05039  22 01 58.8590 -12 32 58.980 
 2010 07 15.05526  22 01 58.8415 -12 32 59.110 
 2010 07 15.06681  22 01 58.7860 -12 32 59.310 
 2010 07 15.07167  22 01 58.7670 -12 32 59.500 
 2010 07 15.07652  22 01 58.7380 -12 32 59.620 
 2010 07 15.08138  22 01 58.7130 -12 32 59.790 
 2010 07 15.08623  22 01 58.6950 -12 32 59.930 
 2010 07 15.09108  22 01 58.6710 -12 33 00.015 
 2010 07 15.09593  22 01 58.6520 -12 33 00.115 
 2010 07 15.10078  22 01 58.6290 -12 33 00.300 
 2010 07 15.10563  22 01 58.6000 -12 33 00.320 
 2010 07 15.11048  22 01 58.5855 -12 33 00.545
