02  2006 07 04.68253  21 27 18.70  -15 12 07.6   415  57110     19.5 V
02  2006 07 04.68954  21 27 18.66  -15 12 07.8   415  57110     19.6 V
02  2006 07 06.68310  21 27 09.27  -15 12 53.8   415  57110     19.1 V
02  2006 07 06.69012  21 27 09.23  -15 12 53.8   415  57110     19.2 V
02  2006 07 08.71360  21 26 59.35  -15 13 42.1   415  57110     19.6 V
02  2006 07 08.72063  21 26 59.31  -15 13 42.5   415  57110     19.3 V
02  2006 07 19.66070  21 26 00.82  -15 18 28.2   415  57416     18.8 V
02  2006 07 19.67123  21 26 00.76  -15 18 29.0   415  57416     19.0 V
02  2006 07 21.00306  21 25 53.10  -15 19 06.0   213  57416     18.5 R
02  2006 07 21.05249  21 25 52.80  -15 19 07.3   213  57416     18.4 R
02  2006 07 21.09094  21 25 52.59  -15 19 08.0   213  57416     18.5 R
02  2006 07 21.67748  21 25 49.15  -15 19 24.7   415  57417     19.4 V
02  2006 07 21.68628  21 25 49.11  -15 19 25.0   415  57417     19.0 V
02  2006 07 22.56966  21 25 43.98  -15 19 50.5   415  57417     18.3 V
02  2006 07 22.58019  21 25 43.90  -15 19 50.5   415  57417     19.8 V
02  2006 07 26.67133  21 25 19.56  -15 21 48.5   415  57417     19.1 V
02  2006 07 26.68187  21 25 19.48  -15 21 48.9   415  57417     19.6 V
02  2006 07 27.56941  21 25 14.11  -15 22 15.0   415  57417     19.0 V
02  2006 07 27.57992  21 25 14.04  -15 22 15.3   415  57417     19.4 V
02  2006 07 28.54679  21 25 08.14  -15 22 43.7   415  57417     18.7 V
02  2006 07 28.55382  21 25 08.09  -15 22 43.7   415  57417     19.0 V
