2011 11 27.45420  22 02 02.54  -12 37 32.3    E07  79140    19.5 V
2011 11 27.46964  22 02 02.57  -12 37 32.2    E07  79140    19.4 V
2012 06 07.64936  22 20 51.62  -10 55 30.9    E07  79746    19.3 V
2012 06 07.65818  22 20 51.60  -10 55 31.0    E07  79746    19.4 V
2012 06 08.65018  22 20 51.40  -10 55 34.1    E07  79746    19.5 V
2012 06 08.65679  22 20 51.42  -10 55 34.0    E07  79746    19.3 V
2012 07 19.56407  22 19 03.85  -11 06 52.0    E07  79971    19.4 V
2012 07 19.57291  22 19 03.81  -11 06 52.3    E07  79971    19.4 V
2012 07 27.390190 22 18 24.942 -11 10 42.74   673  80114     *   *
2012 08 19.61737  22 16 09.71  -11 23 51.3    E07  80114    19.7 V
2012 08 19.63148  22 16 09.64  -11 23 51.7    E07  80114    18.8 V
