02 2448782.79875000 19 19 20.8072 -21 25 43.899   31   42 19.1 -  PE 874
02 2448782.79875000 19 19 20.8072 -21 25 43.899   31   42 19.1 -  PE 874
02 2448782.82091435 19 19 20.6706 -21 25 44.218   31   42 19.5 -  PE 874
02 2448782.82091435 19 19 20.6706 -21 25 44.218   31   42 19.5 -  PE 874
02 2449905.66420139 19 45 19.2848 -20 40 10.838   12   20 18.9 C  PE 874
02 2449905.66857639 19 45 19.2585 -20 40 10.934   12   20 18.9 C  PE 874
02 2449905.67321759 19 45 19.2298 -20 40 10.969   12   20 19.0 C  PE 874
02 2449905.67787037 19 45 19.2000 -20 40 11.069   12   20 18.9 C  PE 874
02 2449905.68253472 19 45 19.1697 -20 40 11.152   12   20 18.9 C  PE 874
02 2449905.68795139 19 45 19.1359 -20 40 11.227   12   20 18.7 C  PE 874
02 2449905.69365741 19 45 19.0998 -20 40 11.332   12   20 18.8 C  PE 874
02 2449905.70503472 19 45 19.0282 -20 40 11.522   12   20 18.6 C  PE 874
02 2449905.71055556 19 45 18.9914 -20 40 11.582   12   20 18.5 C  PE 874
02 2449905.71657407 19 45 18.9529 -20 40 11.660   12   20 18.8 C  PE 874
02 2449909.65546296 19 44 54.1642 -20 41 13.219   20   32 18.6 C  PE 874
02 2449909.65997685 19 44 54.1346 -20 41 13.325   20   32 18.5 C  PE 874
02 2449909.67093750 19 44 54.0654 -20 41 13.457   20   32 18.5 C  PE 874
02 2449909.67567130 19 44 54.0339 -20 41 13.519   20   32 18.4 C  PE 874
02 2449909.68041667 19 44 54.0046 -20 41 13.625   20   32 18.5 C  PE 874
02 2449909.68512731 19 44 53.9734 -20 41 13.641   20   32 18.8 C  PE 874
02 2449909.68983796 19 44 53.9429 -20 41 13.711   20   32 18.5 C  PE 874
02 2449909.69462963 19 44 53.9080 -20 41 13.782   20   32 18.8 C  PE 874
02 2450002.45730324 19 38 38.2623 -20 58 00.874   29    9 19.5 C  PE 874
02 2450002.46769676 19 38 38.2759 -20 58 00.870   29    9 19.5 C  PE 874
02 2450002.47333333 19 38 38.2764 -20 58 00.886   29    9 19.4 C  PE 874
02 2450002.47765046 19 38 38.2793 -20 58 00.864   29    9 19.5 C  PE 874
02 2450002.48273148 19 38 38.2867 -20 58 00.866   29    9 19.4 C  PE 874
02 2450002.48613426 19 38 38.2905 -20 58 00.861   29    9 19.4 C  PE 874
02 2450003.44665509 19 38 39.2963 -20 58 00.078   53   52 19.4 C  PE 874
02 2450003.45458333 19 38 39.3107 -20 58 00.066   53   52 19.4 C  PE 874
02 2450003.45872685 19 38 39.3178 -20 58 00.183   53   52 19.4 C  PE 874
02 2450003.46300926 19 38 39.3180 -20 58 00.060   53   52 19.4 C  PE 874
02 2450003.46716435 19 38 39.3259 -20 58 00.067   53   52 19.5 C  PE 874
02 2452147.60774664 20 36 28.7987 -18 26 26.489   72   27 18.9 B  BC 874
02 2452147.61508843 20 36 28.7585 -18 26 26.575   72   27 18.9 B  BC 874
02 2452147.62294549 20 36 28.7082 -18 26 26.814   72   27 18.9 B  BC 874
02 2452147.62686875 20 36 28.6966 -18 26 26.900   72   27 18.8 B  BC 874
02 2452147.63079178 20 36 28.6579 -18 26 26.967   72   27 18.8 B  BC 874
02 2452147.63471528 20 36 28.6353 -18 26 27.056   72   27 18.8 B  BC 874
02 2452147.64256331 20 36 28.5933 -18 26 27.180   72   27 18.8 B  BC 874
02 2452147.64648715 20 36 28.5777 -18 26 27.288   72   27 18.7 B  BC 874
02 2452147.65041123 20 36 28.5487 -18 26 27.402   72   27 18.9 B  BC 874
02 2452207.43516458 20 33 42.4038 -18 37 27.359   75   70 18.2 C  PE 874
02 2452207.43516458 20 33 42.4038 -18 37 27.359   75   70 18.2 C  PE 874
02 2452207.43516458 20 33 42.4038 -18 37 27.359   75   70 18.2 C  PE 874
02 2452207.43516458 20 33 42.4038 -18 37 27.359   75   70 18.2 C  PE 874
02 2452207.44241273 20 33 42.4100 -18 37 27.235   75   70 18.7 C  PE 874
02 2452207.44241273 20 33 42.4100 -18 37 27.235   75   70 18.7 C  PE 874
02 2452207.44241273 20 33 42.4100 -18 37 27.235   75   70 18.7 C  PE 874
02 2452207.44241273 20 33 42.4100 -18 37 27.235   75   70 18.7 C  PE 874
02 2452207.44644861 20 33 42.4024 -18 37 27.386   75   70 19.0 C  PE 874
02 2452207.44644861 20 33 42.4024 -18 37 27.386   75   70 19.0 C  PE 874
02 2452207.44644861 20 33 42.4024 -18 37 27.386   75   70 19.0 C  PE 874
02 2452207.44644861 20 33 42.4024 -18 37 27.386   75   70 19.0 C  PE 874
02 2452208.49891574 20 33 43.4454 -18 37 24.512   59   57 20.1 C  PE 874
02 2452208.50332014 20 33 43.4401 -18 37 24.464   59   57 19.4 C  PE 874
02 2452208.50750417 20 33 43.4481 -18 37 24.437   59   57 19.4 C  PE 874
02 2452208.51161111 20 33 43.4540 -18 37 24.486   59   57 18.7 C  PE 874
02 2452208.51643171 20 33 43.4517 -18 37 24.495   59   57 19.4 C  PE 874
02 2452208.52046921 20 33 43.4579 -18 37 24.379   59   57 19.4 C  PE 874
02 2452208.52450637 20 33 43.4643 -18 37 24.363   59   57 19.5 C  PE 874
02 2452208.53318194 20 33 43.4691 -18 37 24.466   59   57 19.4 C  PE 874
02 2452208.54330961 20 33 43.4794 -18 37 24.404   59   57 19.7 C  PE 874
02 2452208.54732558 20 33 43.4900 -18 37 24.450   59   57 19.6 C  PE 874
02 2452208.55134317 20 33 43.4897 -18 37 24.416   59   57 19.1 C  PE 874
02 2452208.57745937 20 33 43.5090 -18 37 24.305   59   57 18.1 C  PE 874
02 2452209.43526956 20 33 44.5070 -18 37 21.836   50   34 19.5 C  PE 874
02 2452209.43930660 20 33 44.5110 -18 37 21.789   50   34 19.5 C  PE 874
02 2452209.44334479 20 33 44.5156 -18 37 21.769   50   34 18.7 C  PE 874
02 2452209.44739282 20 33 44.5226 -18 37 21.746   50   34 19.1 C  PE 874
02 2452209.45143067 20 33 44.5324 -18 37 21.819   50   34 19.6 C  PE 874
02 2452209.49183229 20 33 44.5674 -18 37 21.634   50   34 19.4 C  PE 874
02 2452210.45359294 20 33 45.8045 -18 37 18.107   23   22 19.5 C  PE 874
02 2452210.45762269 20 33 45.8084 -18 37 18.060   23   22 19.4 C  PE 874
02 2452210.46166343 20 33 45.8125 -18 37 18.034   23   22 19.6 C  PE 874
02 2452210.46569201 20 33 45.8154 -18 37 18.038   23   22 19.5 C  PE 874
02 2452210.46971979 20 33 45.8197 -18 37 17.985   23   22 19.4 C  PE 874
02 2452210.47374664 20 33 45.8254 -18 37 17.994   23   22 19.5 C  PE 874
02 2452210.47777558 20 33 45.8320 -18 37 17.993   23   22 19.5 C  PE 874
02 2452210.48583241 20 33 45.8427 -18 37 17.985   23   22 19.5 C  PE 874
02 2452471.65959745 20 50 01.2714 -17 38 22.787   56   61 18.4 C  BC 874
02 2452471.67542708 20 50 01.1779 -17 38 23.180   56   61 18.5 C  BC 874
02 2452471.68730394 20 50 01.1074 -17 38 23.479   56   61 18.9 C  BC 874
02 2452471.69522303 20 50 01.0585 -17 38 23.627   56   61 18.8 C  BC 874
02 2452471.70050012 20 50 01.0222 -17 38 23.802   56   61 18.5 C  BC 874
02 2452471.70445891 20 50 00.9979 -17 38 23.856   56   61 18.8 C  BC 874
02 2452471.71237731 20 50 00.9520 -17 38 24.057   56   61 18.7 C  BC 874
02 2452471.71632627 20 50 00.9161 -17 38 24.139   56   61 18.7 C  BC 874
02 2452471.72028588 20 50 00.8937 -17 38 24.243   56   61 18.8 C  BC 874
02 2452471.73215579 20 50 00.8260 -17 38 24.416   56   61 18.9 C  BC 874
02 2452471.74929028 20 50 00.7170 -17 38 24.978   56   61 18.9 C  BC 874
02 2452471.75325116 20 50 00.6895 -17 38 24.929   56   61 18.8 C  BC 874
02 2452471.75720058 20 50 00.6649 -17 38 25.093   56   61 18.8 C  BC 874
02 2452471.79677014 20 50 00.4253 -17 38 25.972   56   61 18.8 C  BC 874
02 2452471.80071875 20 50 00.3987 -17 38 26.131   56   61 18.9 C  BC 874
02 2452471.80466887 20 50 00.3809 -17 38 26.235   56   61 17.6 C  BC 874
02 2452472.68608866 20 49 55.0236 -17 38 47.977   52   31 19.0 C  BC 874
02 2452472.69002674 20 49 54.9980 -17 38 48.129   52   31 18.9 C  BC 874
02 2452472.70183356 20 49 54.9207 -17 38 48.394   52   31 19.1 C  BC 874
02 2452472.70970185 20 49 54.8671 -17 38 48.602   52   31 19.2 C  BC 874
02 2452472.73671262 20 49 54.7026 -17 38 49.233   52   31 19.0 C  BC 874
02 2452472.74065069 20 49 54.6726 -17 38 49.359   52   31 19.1 C  BC 874
02 2452472.74457998 20 49 54.6508 -17 38 49.396   52   31 19.1 C  BC 874
02 2452472.75244699 20 49 54.6028 -17 38 49.570   52   31 19.3 C  BC 874
02 2452472.76424294 20 49 54.5283 -17 38 49.912   52   31 19.1 C  BC 874
02 2452496.47628993 20 47 22.9404 -17 49 01.489   73   69 18.6 C  PE 874
02 2452496.48347315 20 47 22.8831 -17 49 01.560   73   69 18.6 C  PE 874
02 2452496.49318600 20 47 22.8281 -17 49 01.946   73   69 19.1 C  PE 874
02 2452496.49800185 20 47 22.7904 -17 49 01.951   73   69 18.8 C  PE 874
02 2452496.50274514 20 47 22.7667 -17 49 02.193   73   69 19.1 C  PE 874
02 2452496.50748981 20 47 22.7332 -17 49 02.325   73   69 19.2 C  PE 874
02 2452496.51224329 20 47 22.6926 -17 49 02.349   73   69 19.1 C  PE 874
02 2452496.51699745 20 47 22.6696 -17 49 02.638   73   69 18.8 C  PE 874
02 2452496.52174572 20 47 22.6303 -17 49 02.606   73   69 19.1 C  PE 874
02 2452498.47030556 20 47 10.1126 -17 49 52.990   20   36 18.5 -  PE 874
02 2452498.61007350 20 47 09.2066 -17 49 56.571   20   36 18.3 -  PE 874
02 2452498.61759583 20 47 09.1577 -17 49 56.752   20   36 18.3 -  PE 874
02 2452498.62511782 20 47 09.1061 -17 49 56.981   20   36 18.3 -  PE 874
02 2452498.63264039 20 47 09.0576 -17 49 57.123   20   36 18.4 -  PE 874
02 2452498.64017222 20 47 09.0079 -17 49 57.395   20   36 18.4 -  PE 874
02 2452498.64825914 20 47 08.9566 -17 49 57.623   20   36 18.5 -  PE 874
02 2452844.61461019 20 58 23.5197 -17 08 36.404   62   77 19.1 C  BC 874
02 2452844.61701875 20 58 23.4980 -17 08 36.286   62   77 18.9 C  BC 874
02 2452844.62018009 20 58 23.4900 -17 08 36.435   62   77 19.1 C  BC 874
02 2452844.62389850 20 58 23.4611 -17 08 36.464   62   77 19.1 C  BC 874
02 2452844.62510810 20 58 23.4528 -17 08 36.591   62   77 19.2 C  BC 874
02 2452845.54903137 20 58 17.6573 -17 09 01.176   68   49 18.9 C  BC 874
02 2452845.55962697 20 58 17.5923 -17 09 01.482   68   49 19.1 C  BC 874
02 2452845.56418750 20 58 17.5619 -17 09 01.644   68   49 19.0 C  BC 874
02 2452845.56677546 20 58 17.5473 -17 09 01.669   68   49 19.1 C  BC 874
02 2452845.80240243 20 58 16.0442 -17 09 07.924   68   49 18.9 C  BC 874
02 2452845.80501030 20 58 16.0210 -17 09 08.041   68   49 19.1 C  BC 874
02 2452845.81027847 20 58 15.9972 -17 09 08.115   68   49 18.6 C  BC 874
02 2452845.81289815 20 58 15.9742 -17 09 08.242   68   49 18.9 C  BC 874
02 2452845.81633461 20 58 15.9567 -17 09 08.386   68   49 18.9 C  BC 874
02 2452845.82221528 20 58 15.9075 -17 09 08.392   68   49 19.1 C  BC 874
02 2452845.82515046 20 58 15.8895 -17 09 08.639   68   49 19.1 C  BC 874
02 2452846.57793032 20 58 11.1720 -17 09 28.842   75   45 19.2 C  BC 874
02 2452846.84136470 20 58 09.4903 -17 09 35.872   75   45 18.8 C  BC 874
02 2452846.84392373 20 58 09.4677 -17 09 35.925   75   45 18.8 C  BC 874
02 2452846.84653576 20 58 09.4556 -17 09 35.915   75   45 18.2 C  BC 874
02 2452871.56766979 20 55 31.3022 -17 20 43.664   45   31 19.2 C  BC 874
02 2452871.57047002 20 55 31.2850 -17 20 43.740   45   31 19.3 C  BC 874
02 2452871.64481898 20 55 30.8157 -17 20 45.625   45   31 19.2 C  BC 874
02 2452871.64617731 20 55 30.8010 -17 20 45.670   45   31 19.1 C  BC 874
02 2452871.64773299 20 55 30.7903 -17 20 45.691   45   31 19.3 C  BC 874
02 2452871.72370891 20 55 30.3166 -17 20 47.669   45   31 19.0 C  BC 874
02 2452871.72579965 20 55 30.3078 -17 20 47.702   45   31 19.2 C  BC 874
02 2452871.72712778 20 55 30.2956 -17 20 47.718   45   31 17.6 C  BC 874
02 2452871.72853495 20 55 30.2845 -17 20 47.750   45   31 19.1 C  BC 874
02 2452875.55050532 20 55 06.7888 -17 22 26.058   16    9 19.0 C  PE 874
02 2452875.55454201 20 55 06.7622 -17 22 26.167   16    9 18.9 C  PE 874
02 2452875.55857361 20 55 06.7391 -17 22 26.260   16    9 18.9 C  PE 874
02 2452875.56261053 20 55 06.7121 -17 22 26.357   16    9 18.9 C  PE 874
02 2452875.56664826 20 55 06.6875 -17 22 26.485   16    9 18.8 C  PE 874
02 2452875.57068495 20 55 06.6610 -17 22 26.577   16    9 18.9 C  PE 874
02 2452875.57472188 20 55 06.6381 -17 22 26.690   16    9 19.0 C  PE 874
02 2452875.57875926 20 55 06.6115 -17 22 26.791   16    9 19.0 C  PE 874
02 2453237.60050532 21 04 34.2417 -16 47 02.442   40   22 19.0 -  BC 874
02 2453237.60304074 21 04 34.2283 -16 47 02.522   40   22 18.9 -  BC 874
02 2453237.60806806 21 04 34.1926 -16 47 02.653   40   22 19.0 -  BC 874
02 2453237.61233611 21 04 34.1727 -16 47 02.775   40   22 19.2 -  BC 874
02 2453237.61398646 21 04 34.1591 -16 47 02.848   40   22 19.1 -  BC 874
02 2453237.61564815 21 04 34.1471 -16 47 02.854   40   22 18.8 -  BC 874
02 2453237.61729942 21 04 34.1346 -16 47 02.875   40   22 19.0 -  BC 874
02 2453237.61895289 21 04 34.1262 -16 47 02.927   40   22 19.2 -  BC 874
02 2453237.62060313 21 04 34.1200 -16 47 02.984   40   22 18.9 -  BC 874
02 2453237.62225463 21 04 34.1027 -16 47 03.016   40   22 19.0 -  BC 874
02 2453237.62556331 21 04 34.0818 -16 47 03.117   40   22 18.9 -  BC 874
02 2453237.62721597 21 04 34.0723 -16 47 03.215   40   22 19.0 -  BC 874
02 2453237.62887951 21 04 34.0626 -16 47 03.205   40   22 19.0 -  BC 874
02 2453237.63053032 21 04 34.0553 -16 47 03.298   40   22 19.0 -  BC 874
02 2453237.63383507 21 04 34.0332 -16 47 03.371   40   22 19.0 -  BC 874
02 2453237.63549734 21 04 34.0255 -16 47 03.427   40   22 18.9 -  BC 874
02 2453237.73831157 21 04 33.3646 -16 47 06.197   40   22 19.1 -  BC 874
02 2453237.74456748 21 04 33.3320 -16 47 06.363   40   22 19.0 -  BC 874
02 2453237.74618993 21 04 33.3162 -16 47 06.418   40   22 19.2 -  BC 874
02 2453237.74781343 21 04 33.3141 -16 47 06.430   40   22 19.0 -  BC 874
02 2453237.75106840 21 04 33.2911 -16 47 06.579   40   22 19.2 -  BC 874
02 2453237.75432859 21 04 33.2710 -16 47 06.633   40   22 19.2 -  BC 874
02 2453237.76383148 21 04 33.2086 -16 47 06.852   40   22 19.2 -  BC 874
02 2453237.76546435 21 04 33.1967 -16 47 06.898   40   22 19.3 -  BC 874
02 2453237.76709931 21 04 33.1899 -16 47 06.964   40   22 19.1 -  BC 874
02 2453237.76872975 21 04 33.1738 -16 47 06.982   40   22 19.0 -  BC 874
02 2453238.57871308 21 04 28.1551 -16 47 29.235   58   77 19.5 -  BC 874
02 2453238.58350058 21 04 28.1274 -16 47 29.184   58   77 19.3 -  BC 874
02 2453238.58510764 21 04 28.1223 -16 47 29.203   58   77 19.6 -  BC 874
02 2453238.59788438 21 04 28.0419 -16 47 29.645   58   77 19.5 -  BC 874
02 2453238.59947963 21 04 28.0285 -16 47 29.773   58   77 17.8 -  BC 874
02 2453238.60107500 21 04 28.0215 -16 47 29.795   58   77 19.6 -  BC 874
02 2453238.66320648 21 04 27.6264 -16 47 31.488   58   77 19.5 -  BC 874
02 2453238.66480104 21 04 27.6140 -16 47 31.402   58   77 19.4 -  BC 874
02 2453238.66639641 21 04 27.6067 -16 47 31.432   58   77 19.5 -  BC 874
02 2453238.66960903 21 04 27.5831 -16 47 31.531   58   77 19.9 -  BC 874
02 2453238.67120532 21 04 27.5792 -16 47 31.626   58   77 18.3 -  BC 874
02 2453238.67280359 21 04 27.5624 -16 47 31.797   58   77 18.8 -  BC 874
02 2453238.67599352 21 04 27.5473 -16 47 31.736   58   77 19.4 -  BC 874
02 2453238.67758993 21 04 27.5275 -16 47 31.881   58   77 18.3 -  BC 874
02 2453238.67966204 21 04 27.5156 -16 47 31.945   58   77 18.5 -  BC 874
02 2453238.68125637 21 04 27.5051 -16 47 32.046   58   77 17.8 -  BC 874
02 2453238.68606806 21 04 27.4858 -16 47 31.968   58   77 19.6 -  BC 874
02 2453238.69084757 21 04 27.4431 -16 47 32.168   58   77 19.0 -  BC 874
02 2453238.69406609 21 04 27.4318 -16 47 32.188   58   77 19.0 -  BC 874
02 2453239.51779028 21 04 22.3463 -16 47 54.781   50   23 19.2 -  BC 874
02 2453239.51938565 21 04 22.3380 -16 47 54.790   50   23 19.1 -  BC 874
02 2453239.52257905 21 04 22.3221 -16 47 54.904   50   23 19.3 -  BC 874
02 2453239.52434340 21 04 22.3020 -16 47 54.934   50   23 19.2 -  BC 874
02 2453239.52594062 21 04 22.2952 -16 47 54.987   50   23 18.5 -  BC 874
02 2453239.52753750 21 04 22.2878 -16 47 55.044   50   23 19.0 -  BC 874
02 2453239.53073056 21 04 22.2643 -16 47 55.143   50   23 19.5 -  BC 874
02 2453239.53232639 21 04 22.2495 -16 47 55.123   50   23 19.1 -  BC 874
02 2453239.53392130 21 04 22.2400 -16 47 55.178   50   23 18.2 -  BC 874
02 2453239.53747963 21 04 22.2290 -16 47 55.279   50   23 19.1 -  BC 874
02 2453239.53907697 21 04 22.2111 -16 47 55.333   50   23 19.3 -  BC 874
02 2453239.54067326 21 04 22.2020 -16 47 55.426   50   23 19.3 -  BC 874
02 2453239.54387836 21 04 22.1813 -16 47 55.437   50   23 19.1 -  BC 874
02 2453239.61276065 21 04 21.7471 -16 47 57.317   50   23 18.9 -  BC 874
02 2453239.61756123 21 04 21.7129 -16 47 57.498   50   23 19.3 -  BC 874
02 2453239.62766516 21 04 21.6515 -16 47 57.722   50   23 19.1 -  BC 874
02 2453239.63116377 21 04 21.6358 -16 47 57.854   50   23 19.3 -  BC 874
02 2453239.63942292 21 04 21.5825 -16 47 58.055   50   23 19.2 -  BC 874
02 2453240.56646134 21 04 15.8811 -16 48 23.083   67   44 19.2 -  BC 874
02 2453240.57601528 21 04 15.8285 -16 48 23.345   67   44 19.4 -  BC 874
02 2453240.57761169 21 04 15.8185 -16 48 23.332   67   44 19.1 -  BC 874
02 2453240.57920914 21 04 15.8052 -16 48 23.439   67   44 18.9 -  BC 874
02 2453240.58258854 21 04 15.7844 -16 48 23.550   67   44 19.3 -  BC 874
02 2453240.58418449 21 04 15.7779 -16 48 23.640   67   44 19.3 -  BC 874
02 2453240.58900370 21 04 15.7467 -16 48 23.660   67   44 19.1 -  BC 874
02 2453240.59219722 21 04 15.7223 -16 48 23.741   67   44 19.0 -  BC 874
02 2453240.59699398 21 04 15.7025 -16 48 23.851   67   44 19.1 -  BC 874
02 2453240.71447257 21 04 14.9555 -16 48 27.025   67   44 19.0 -  BC 874
02 2453240.71767465 21 04 14.9393 -16 48 27.084   67   44 19.4 -  BC 874
02 2453240.72565706 21 04 14.9012 -16 48 27.366   67   44 19.4 -  BC 874
02 2453240.72725532 21 04 14.8879 -16 48 27.421   67   44 19.4 -  BC 874
02 2453240.72898843 21 04 14.8746 -16 48 27.353   67   44 19.1 -  BC 874
02 2453240.73058438 21 04 14.8602 -16 48 27.534   67   44 19.4 -  BC 874
02 2453240.73219086 21 04 14.8615 -16 48 27.550   67   44 19.5 -  BC 874
02 2453240.73379630 21 04 14.8368 -16 48 27.583   67   44 19.3 -  BC 874
02 2453240.73858669 21 04 14.8147 -16 48 27.621   67   44 19.2 -  BC 874
02 2453240.74018183 21 04 14.7981 -16 48 27.694   67   44 18.1 -  BC 874
02 2453240.74337477 21 04 14.7811 -16 48 27.825   67   44 18.1 -  BC 874
02 2453241.56734329 21 04 09.7662 -16 48 49.948   37   42 18.9 -  BC 874
02 2453241.57476424 21 04 09.7205 -16 48 50.069   37   42 19.0 -  BC 874
02 2453241.58548113 21 04 09.6533 -16 48 50.333   37   42 19.3 -  BC 874
02 2453241.59060359 21 04 09.6216 -16 48 50.525   37   42 19.3 -  BC 874
02 2453241.59227731 21 04 09.6143 -16 48 50.632   37   42 19.3 -  BC 874
02 2453241.59397477 21 04 09.5982 -16 48 50.597   37   42 19.0 -  BC 874
02 2453241.59563843 21 04 09.5899 -16 48 50.696   37   42 19.2 -  BC 874
02 2453241.67211412 21 04 09.1168 -16 48 52.660   37   42 19.2 -  BC 874
02 2453241.67398634 21 04 09.1000 -16 48 52.791   37   42 19.2 -  BC 874
02 2453241.67568021 21 04 09.0905 -16 48 52.740   37   42 19.5 -  BC 874
02 2453241.68083067 21 04 09.0591 -16 48 52.918   37   42 19.4 -  BC 874
02 2453241.68416771 21 04 09.0347 -16 48 53.068   37   42 19.3 -  BC 874
02 2453241.68588333 21 04 09.0321 -16 48 53.125   37   42 19.7 -  BC 874
02 2453241.68760683 21 04 09.0140 -16 48 53.112   37   42 19.2 -  BC 874
02 2453241.68929329 21 04 09.0056 -16 48 53.190   37   42 19.2 -  BC 874
02 2453241.69611134 21 04 08.9648 -16 48 53.329   37   42 19.4 -  BC 874
02 2453241.69778553 21 04 08.9581 -16 48 53.448   37   42 17.9 -  BC 874
02 2453241.70278090 21 04 08.9225 -16 48 53.537   37   42 19.2 -  BC 874
02 2453271.58928576 21 01 35.3718 -17 00 05.544   57   24 19.2 R  BC 874
02 2453271.59202350 21 01 35.3554 -17 00 05.644   57   24 19.3 R  BC 874
02 2453271.60387396 21 01 35.3178 -17 00 05.804   57   24 19.1 R  BC 874
02 2453271.60662141 21 01 35.3005 -17 00 05.872   57   24 19.5 R  BC 874
02 2453287.47149340 21 00 47.8443 -17 03 35.889   50   47 19.4 V  BC 874
02 2453287.47395000 21 00 47.8387 -17 03 35.875   50   47 19.2 V  BC 874
02 2453287.48579838 21 00 47.8146 -17 03 36.055   50   47 19.6 V  BC 874
02 2453287.59186470 21 00 47.5789 -17 03 37.033   50   47 19.4 V  BC 874
02 2453287.60259363 21 00 47.5590 -17 03 37.003   50   47 19.6 V  BC 874
02 2453287.60485266 21 00 47.5615 -17 03 37.058   50   47 19.2 V  BC 874
02 2453894.84054016 21 28 45.7215 -15 04 52.620   79   67 19.2 C  BC 874
02 2453894.84201157 21 28 45.7159 -15 04 52.615   79   67 20.0 C  BC 874
02 2453894.84579259 21 28 45.7192 -15 04 52.728   79   67 19.2 C  BC 874
02 2453894.84681377 21 28 45.7226 -15 04 52.596   79   67 19.6 C  BC 874
02 2453894.84783507 21 28 45.7044 -15 04 52.632   79   67 19.3 C  BC 874
02 2453894.84885602 21 28 45.7090 -15 04 52.693   79   67 19.3 C  BC 874
02 2453894.84986701 21 28 45.7079 -15 04 52.641   79   67 19.7 C  BC 874
02 2453894.85088785 21 28 45.7081 -15 04 52.756   79   67 18.4 C  BC 874
02 2453894.85394063 21 28 45.6936 -15 04 52.785   79   67 20.5 C  BC 874
02 2453894.85497211 21 28 45.6931 -15 04 52.856   79   67 19.9 C  BC 874
02 2453894.85599282 21 28 45.6924 -15 04 52.752   79   67 19.4 C  BC 874
02 2453894.85701400 21 28 45.6928 -15 04 52.684   79   67 19.6 C  BC 874
02 2453894.86007072 21 28 45.6854 -15 04 52.822   79   67 19.6 C  BC 874
02 2453894.86108206 21 28 45.6738 -15 04 52.939   79   67 19.2 C  BC 874
02 2453894.86210544 21 28 45.6893 -15 04 52.905   79   67 19.0 C  BC 874
02 2453978.61794884 21 21 37.7802 -15 39 30.138   71   68 19.4 C  BC 874
02 2453978.62080208 21 21 37.7505 -15 39 30.261   71   68 19.4 C  BC 874
02 2453978.62365532 21 21 37.7424 -15 39 30.227   71   68 18.3 C  BC 874
02 2453978.62508692 21 21 37.7352 -15 39 30.258   71   68 19.5 C  BC 874
02 2453978.62651852 21 21 37.7166 -15 39 30.377   71   68 19.4 C  BC 874
02 2453978.62795012 21 21 37.7075 -15 39 30.297   71   68 17.7 C  BC 874
02 2453978.62937234 21 21 37.7037 -15 39 30.304   71   68 18.2 C  BC 874
02 2453978.63223565 21 21 37.6947 -15 39 30.409   71   68 19.0 C  BC 874
02 2453978.63365729 21 21 37.6757 -15 39 30.464   71   68 17.9 C  BC 874
02 2453978.63507905 21 21 37.6648 -15 39 30.610   71   68 19.2 C  BC 874
02 2453978.63650069 21 21 37.6662 -15 39 30.481   71   68 18.2 C  BC 874
02 2453978.63793229 21 21 37.6496 -15 39 30.633   71   68 19.7 C  BC 874
02 2453978.63936377 21 21 37.6365 -15 39 30.682   71   68 19.4 C  BC 874
02 2453978.64078542 21 21 37.6333 -15 39 30.814   71   68 19.9 C  BC 874
02 2453978.64220706 21 21 37.6265 -15 39 30.758   71   68 18.0 C  BC 874
02 2453979.62695579 21 21 31.7901 -15 39 58.431   59   30 17.9 C  BC 874
02 2453979.62837743 21 21 31.7854 -15 39 58.539   59   30 19.5 C  BC 874
02 2453979.63122072 21 21 31.7619 -15 39 58.576   59   30 19.4 C  BC 874
02 2453979.63265220 21 21 31.7527 -15 39 58.634   59   30 19.0 C  BC 874
02 2453979.63407384 21 21 31.7440 -15 39 58.693   59   30 19.2 C  BC 874
02 2453979.63977164 21 21 31.7055 -15 39 58.804   59   30 19.3 C  BC 874
02 2453979.64120313 21 21 31.6957 -15 39 58.897   59   30 19.4 C  BC 874
02 2453979.64404641 21 21 31.6819 -15 39 58.900   59   30 19.3 C  BC 874
02 2453979.64547789 21 21 31.6804 -15 39 59.003   59   30 17.8 C  BC 874
02 2453998.64679884 21 19 50.5588 -15 47 56.242   49   53 19.6 C  BC 874
02 2453998.64811215 21 19 50.5476 -15 47 56.181   49   53 19.1 C  BC 874
02 2453998.65073738 21 19 50.5364 -15 47 56.328   49   53 19.1 C  BC 874
02 2453998.65205023 21 19 50.5286 -15 47 56.254   49   53 19.7 C  BC 874
02 2453998.65336319 21 19 50.5308 -15 47 56.318   49   53 19.7 C  BC 874
02 2453998.65466678 21 19 50.5192 -15 47 56.265   49   53 19.2 C  BC 874
02 2453998.65597951 21 19 50.5154 -15 47 56.335   49   53 19.2 C  BC 874
02 2453998.65728322 21 19 50.5082 -15 47 56.449   49   53 19.5 C  BC 874
02 2453998.65858981 21 19 50.4953 -15 47 56.500   49   53 19.4 C  BC 874
02 2453998.65990035 21 19 50.4931 -15 47 56.503   49   53 19.6 C  BC 874
02 2453998.66252095 21 19 50.4872 -15 47 56.501   49   53 18.1 C  BC 874
02 2453998.66383125 21 19 50.4746 -15 47 56.666   49   53 19.7 C  BC 874
02 2453998.66514167 21 19 50.4737 -15 47 56.608   49   53 19.6 C  BC 874
02 2453998.66645486 21 19 50.4679 -15 47 56.595   49   53 19.4 C  BC 874
02 2453998.66906736 21 19 50.4574 -15 47 56.717   49   53 19.5 C  BC 874
02 2453998.67169201 21 19 50.4377 -15 47 56.756   49   53 18.9 C  BC 874
02 2454000.61878611 21 19 41.6528 -15 48 38.317   33   64 18.8 C  BC 874
02 2454000.62009653 21 19 41.6465 -15 48 38.275   33   64 19.5 C  BC 874
02 2454000.62139676 21 19 41.6398 -15 48 38.263   33   64 19.5 C  BC 874
02 2454000.62270729 21 19 41.6339 -15 48 38.215   33   64 19.3 C  BC 874
02 2454000.62401782 21 19 41.6256 -15 48 38.253   33   64 20.0 C  BC 874
02 2454000.62532801 21 19 41.6184 -15 48 38.304   33   64 19.9 C  BC 874
02 2454000.62662847 21 19 41.6137 -15 48 38.380   33   64 19.6 C  BC 874
02 2454000.62793877 21 19 41.6068 -15 48 38.447   33   64 19.8 C  BC 874
02 2454000.62924919 21 19 41.6047 -15 48 38.390   33   64 18.5 C  BC 874
02 2454000.63317072 21 19 41.5879 -15 48 38.465   33   64 19.1 C  BC 874
02 2454000.63448102 21 19 41.5830 -15 48 38.586   33   64 19.2 C  BC 874
02 2454000.63579144 21 19 41.5712 -15 48 38.477   33   64 18.4 C  BC 874
02 2454000.63841609 21 19 41.5580 -15 48 38.490   33   64 19.6 C  BC 874
02 2454000.63972639 21 19 41.5576 -15 48 38.543   33   64 19.4 C  BC 874
02 2454000.64102685 21 19 41.5491 -15 48 38.674   33   64 19.6 C  BC 874
02 2454004.54640174 21 19 24.9851 -15 49 56.667   59   32 19.5 C  BC 874
02 2454004.54910729 21 19 24.9769 -15 49 56.680   59   32 19.5 C  BC 874
02 2454004.55161458 21 19 24.9699 -15 49 56.733   59   32 18.5 C  BC 874
02 2454004.55483345 21 19 24.9590 -15 49 56.841   59   32 19.3 C  BC 874
02 2454004.56012697 21 19 24.9290 -15 49 56.925   59   32 18.1 C  BC 874
02 2454004.56302697 21 19 24.9264 -15 49 56.945   59   32 20.3 C  BC 874
02 2454004.56399005 21 19 24.9198 -15 49 57.003   59   32 19.4 C  BC 874
02 2454004.56495324 21 19 24.9053 -15 49 57.018   59   32 18.2 C  BC 874
02 2454004.56591782 21 19 24.9112 -15 49 56.976   59   32 19.3 C  BC 874
02 2454004.56688414 21 19 24.9047 -15 49 57.002   59   32 17.8 C  BC 874
02 2454004.56784745 21 19 24.9032 -15 49 57.024   59   32 19.4 C  BC 874
02 2454004.56881065 21 19 24.9028 -15 49 57.134   59   32 17.7 C  BC 874
02 2454004.57360845 21 19 24.8805 -15 49 57.170   59   32 19.3 C  BC 874
02 2454004.57457187 21 19 24.8689 -15 49 57.179   59   32 19.8 C  BC 874
02 2454004.57553692 21 19 24.8725 -15 49 57.214   59   32 18.7 C  BC 874
02 2454004.57649039 21 19 24.8696 -15 49 57.254   59   32 19.8 C  BC 874
02 2454004.57745370 21 19 24.8625 -15 49 57.236   59   32 19.8 C  BC 874
02 2454004.57841701 21 19 24.8546 -15 49 57.315   59   32 19.4 C  BC 874
02 2454004.57937060 21 19 24.8497 -15 49 57.281   59   32 17.9 C  BC 874
02 2454004.58129699 21 19 24.8486 -15 49 57.257   59   32 19.4 C  BC 874
02 2454004.58417986 21 19 24.8257 -15 49 57.398   59   32 18.4 C  BC 874
02 2454004.58513461 21 19 24.8271 -15 49 57.426   59   32 17.7 C  BC 874
02 2454034.44003090 21 18 14.2440 -15 55 32.583   34   34 19.3 C  BC 874
02 2454034.44189769 21 18 14.2404 -15 55 32.675   34   34 19.3 C  BC 874
02 2454034.44322118 21 18 14.2447 -15 55 32.669   34   34 19.3 C  BC 874
02 2454034.44588900 21 18 14.2435 -15 55 32.591   34   34 19.3 C  BC 874
02 2454034.44722211 21 18 14.2360 -15 55 32.690   34   34 19.4 C  BC 874
02 2454034.44854502 21 18 14.2380 -15 55 32.659   34   34 19.3 C  BC 874
02 2454034.44987847 21 18 14.2356 -15 55 32.683   34   34 19.4 C  BC 874
02 2454034.45121169 21 18 14.2370 -15 55 32.650   34   34 19.2 C  BC 874
02 2454034.45254456 21 18 14.2315 -15 55 32.641   34   34 19.4 C  BC 874
02 2454034.47433171 21 18 14.2196 -15 55 32.774   34   34 19.5 C  BC 874
02 2454034.47869352 21 18 14.2204 -15 55 32.712   34   34 19.4 C  BC 874
02 2454034.48071076 21 18 14.2162 -15 55 32.720   34   34 19.4 C  BC 874
02 2454034.48273819 21 18 14.2179 -15 55 32.742   34   34 19.4 C  BC 874
02 2454326.75362894 21 32 24.9484 -14 52 23.248   40   16 19.1 C  PE 874
02 2454326.75904444 21 32 24.9182 -14 52 23.418   40   16 19.1 C  PE 874
02 2454326.76736574 21 32 24.8664 -14 52 23.707   40   16 19.0 C  PE 874
02 2454326.77392361 21 32 24.8239 -14 52 23.867   40   16 18.6 C  PE 874
02 2454326.78129711 21 32 24.7710 -14 52 24.102   40   16 19.0 C  PE 874
02 2454326.78457153 21 32 24.7528 -14 52 24.220   40   16 19.1 C  PE 874
02 2454333.76159653 21 31 40.5044 -14 56 03.484   69   34 18.9 C  PE 874
02 2454333.76224676 21 31 40.5016 -14 56 03.514   69   34 19.0 C  PE 874
02 2454333.76257188 21 31 40.4932 -14 56 03.474   69   34 18.9 C  PE 874
02 2454333.76320266 21 31 40.4830 -14 56 03.500   69   34 18.7 C  PE 874
02 2454333.76416817 21 31 40.4830 -14 56 03.476   69   34 18.9 C  PE 874
02 2454333.76448380 21 31 40.4854 -14 56 03.524   69   34 18.7 C  PE 874
02 2454333.76479896 21 31 40.4828 -14 56 03.533   69   34 18.3 C  PE 874
02 2454333.76575741 21 31 40.4747 -14 56 03.600   69   34 18.9 C  PE 874
02 2454333.76638773 21 31 40.4617 -14 56 03.648   69   34 19.0 C  PE 874
02 2454334.72622627 21 31 34.4196 -14 56 33.482   58   23 19.1 C  BC 874
02 2454334.72835961 21 31 34.3935 -14 56 33.519   58   23 18.9 C  BC 874
02 2454334.73260046 21 31 34.3715 -14 56 33.633   58   23 19.1 C  BC 874
02 2454334.74321782 21 31 34.3009 -14 56 33.977   58   23 19.1 C  BC 874
02 2454334.74957986 21 31 34.2612 -14 56 34.135   58   23 19.2 C  BC 874
02 2454334.75804757 21 31 34.2090 -14 56 34.425   58   23 19.2 C  BC 874
02 2454334.76440856 21 31 34.1704 -14 56 34.652   58   23 19.2 C  BC 874
02 2454335.69323449 21 31 28.3378 -14 57 03.495   56   24 19.2 C  BC 874
02 2454335.69535799 21 31 28.3205 -14 57 03.524   56   24 19.6 C  BC 874
02 2454335.69960451 21 31 28.2947 -14 57 03.688   56   24 19.2 C  BC 874
02 2454335.70172824 21 31 28.2818 -14 57 03.772   56   24 19.2 C  BC 874
02 2454335.70385567 21 31 28.2696 -14 57 03.850   56   24 19.1 C  BC 874
02 2454335.71021875 21 31 28.2241 -14 57 03.985   56   24 18.7 C  BC 874
02 2454335.71234190 21 31 28.2219 -14 57 04.053   56   24 19.1 C  BC 874
02 2454335.71656910 21 31 28.1958 -14 57 04.207   56   24 19.1 C  BC 874
02 2454335.71869213 21 31 28.1774 -14 57 04.258   56   24 19.2 C  BC 874
02 2454335.72080521 21 31 28.1631 -14 57 04.340   56   24 19.2 C  BC 874
02 2454335.72292824 21 31 28.1420 -14 57 04.453   56   24 19.2 C  BC 874
02 2454335.72505220 21 31 28.1354 -14 57 04.489   56   24 19.2 C  BC 874
02 2454335.72928970 21 31 28.1072 -14 57 04.593   56   24 19.2 C  BC 874
02 2454336.68370903 21 31 22.1277 -14 57 34.091   68   52 18.2 C  BC 874
02 2454336.70707025 21 31 21.9746 -14 57 34.882   68   52 19.0 C  BC 874
02 2454336.70919178 21 31 21.9656 -14 57 34.942   68   52 19.0 C  BC 874
02 2454336.71343623 21 31 21.9306 -14 57 35.129   68   52 18.7 C  BC 874
02 2454336.72402419 21 31 21.8613 -14 57 35.336   68   52 19.0 C  BC 874
02 2454337.62640347 21 31 16.2971 -14 58 03.384   67   31 18.3 C  PE 874
02 2454337.62736817 21 31 16.2851 -14 58 03.387   67   31 18.5 C  PE 874
02 2454337.62977373 21 31 16.2813 -14 58 03.511   67   31 18.4 C  PE 874
02 2454337.63141389 21 31 16.2558 -14 58 03.563   67   31 18.8 C  PE 874
02 2454337.63252731 21 31 16.2571 -14 58 03.556   67   31 18.3 C  PE 874
02 2454337.63526134 21 31 16.2341 -14 58 03.598   67   31 18.4 C  PE 874
02 2454337.63581794 21 31 16.2382 -14 58 03.646   67   31 18.4 C  PE 874
02 2454337.63858102 21 31 16.2148 -14 58 03.706   67   31 18.3 C  PE 874
02 2454337.64024144 21 31 16.2049 -14 58 03.758   67   31 18.8 C  PE 874
02 2454337.66606528 21 31 16.0099 -14 58 04.278   40   26 17.4 C  BC 874
02 2454337.67030567 21 31 15.9804 -14 58 04.470   40   26 19.4 C  BC 874
02 2454337.68088715 21 31 15.9141 -14 58 04.737   40   26 18.8 C  BC 874
02 2454337.68300775 21 31 15.9013 -14 58 04.852   40   26 18.7 C  BC 874
02 2454337.68512812 21 31 15.8905 -14 58 04.891   40   26 19.3 C  BC 874
02 2454337.69149456 21 31 15.8420 -14 58 05.079   40   26 19.5 C  BC 874
02 2454351.65045626 21 29 52.4178 -15 04 54.760   15    5 19.3 RE E  809
02 2454351.65229224 21 29 52.4060 -15 04 54.813   15    5 19.2 RE E  809
02 2454351.65413807 21 29 52.3944 -15 04 54.871   15    5 19.2 RE E  809
02 2454352.72157310 21 29 46.3911 -15 05 24.209   61   30 20.3 RE E  809
02 2454352.72342934 21 29 46.3801 -15 05 24.318   61   30 19.4 RE E  809
02 2454352.72523730 21 29 46.3627 -15 05 24.349   61   30 19.4 RE E  809
02 2454357.59866921 21 29 19.9030 -15 07 33.889   26   30 19.4 C  BC 874
02 2454357.60206354 21 29 19.8807 -15 07 33.905   26   30 19.5 C  BC 874
02 2454357.60445278 21 29 19.8732 -15 07 34.004   26   30 19.5 C  BC 874
02 2454357.60564699 21 29 19.8645 -15 07 34.024   26   30 19.8 C  BC 874
02 2454357.60683148 21 29 19.8571 -15 07 34.090   26   30 19.5 C  BC 874
02 2454357.60802593 21 29 19.8518 -15 07 34.138   26   30 19.4 C  BC 874
02 2454357.60981690 21 29 19.8420 -15 07 34.101   26   30 19.4 C  BC 874
02 2454357.61220567 21 29 19.8310 -15 07 34.231   26   30 19.5 C  BC 874
02 2454357.61340012 21 29 19.8213 -15 07 34.229   26   30 19.5 C  BC 874
02 2454357.61459433 21 29 19.8131 -15 07 34.236   26   30 19.8 C  BC 874
02 2454357.61577882 21 29 19.8100 -15 07 34.246   26   30 19.4 C  BC 874
02 2454357.61697326 21 29 19.8008 -15 07 34.337   26   30 19.3 C  BC 874
02 2454357.61932072 21 29 19.7897 -15 07 34.403   26   30 19.6 C  BC 874
02 2454357.62170972 21 29 19.7769 -15 07 34.442   26   30 19.0 C  BC 874
02 2454357.62408912 21 29 19.7616 -15 07 34.546   26   30 19.4 C  BC 874
02 2454358.56960903 21 29 14.8195 -15 07 58.627   24    9 19.9 C  BC 874
02 2454358.57191123 21 29 14.8098 -15 07 58.708   24    9 19.2 C  BC 874
02 2454358.57447384 21 29 14.7966 -15 07 58.750   24    9 19.5 C  BC 874
02 2454358.57567141 21 29 14.7915 -15 07 58.797   24    9 19.4 C  BC 874
02 2454358.57806690 21 29 14.7804 -15 07 58.868   24    9 19.5 C  BC 874
02 2454358.57927419 21 29 14.7724 -15 07 58.888   24    9 19.4 C  BC 874
02 2454358.58165949 21 29 14.7581 -15 07 58.954   24    9 19.5 C  BC 874
02 2454358.58285718 21 29 14.7522 -15 07 58.978   24    9 19.2 C  BC 874
02 2454358.58762743 21 29 14.7292 -15 07 59.103   24    9 19.4 C  BC 874
02 2454358.58883484 21 29 14.7194 -15 07 59.135   24    9 18.4 C  BC 874
02 2454358.59003229 21 29 14.7105 -15 07 59.147   24    9 19.9 C  BC 874
02 2454358.59241771 21 29 14.7008 -15 07 59.211   24    9 19.3 C  BC 874
02 2454358.59360532 21 29 14.6936 -15 07 59.258   24    9 19.5 C  BC 874
02 2454358.59480220 21 29 14.6879 -15 07 59.279   24    9 19.6 C  BC 874
02 2454358.59599931 21 29 14.6811 -15 07 59.299   24    9 19.5 C  BC 874
02 2454358.60316597 21 29 14.6446 -15 07 59.496   24    9 19.5 C  BC 874
02 2454359.59236343 21 29 09.5423 -15 08 24.426   24   22 19.5 C  BC 874
02 2454359.59735359 21 29 09.5148 -15 08 24.521   24   22 19.4 C  BC 874
02 2454359.60271204 21 29 09.4850 -15 08 24.657   24   22 19.4 C  BC 874
02 2454359.60390984 21 29 09.4783 -15 08 24.655   24   22 19.3 C  BC 874
02 2454359.60510764 21 29 09.4730 -15 08 24.739   24   22 19.7 C  BC 874
02 2454359.60870093 21 29 09.4521 -15 08 24.804   24   22 19.5 C  BC 874
02 2454359.61109653 21 29 09.4394 -15 08 24.847   24   22 19.2 C  BC 874
02 2454359.61588692 21 29 09.4164 -15 08 24.940   24   22 19.8 C  BC 874
02 2454359.61708484 21 29 09.4118 -15 08 24.996   24   22 19.5 C  BC 874
02 2454359.61947998 21 29 09.3997 -15 08 25.074   24   22 19.2 C  BC 874
02 2454359.62066748 21 29 09.3908 -15 08 25.137   24   22 19.5 C  BC 874
02 2454359.62307222 21 29 09.3779 -15 08 25.157   24   22 19.5 C  BC 874
02 2454359.62369954 21 29 09.3785 -15 08 25.183   24   22 19.5 C  BC 874
02 2454360.58944907 21 29 04.4713 -15 08 49.112   48   30 19.3 C  BC 874
02 2454360.59203831 21 29 04.4559 -15 08 49.178   48   30 19.5 C  BC 874
02 2454360.59325359 21 29 04.4498 -15 08 49.214   48   30 19.4 C  BC 874
02 2454360.59445961 21 29 04.4433 -15 08 49.193   48   30 18.1 C  BC 874
02 2454360.59565752 21 29 04.4452 -15 08 49.321   48   30 19.3 C  BC 874
02 2454360.59805266 21 29 04.4289 -15 08 49.346   48   30 19.1 C  BC 874
02 2454360.59925035 21 29 04.4270 -15 08 49.375   48   30 19.7 C  BC 874
02 2454360.60044826 21 29 04.4153 -15 08 49.412   48   30 19.4 C  BC 874
02 2454360.60522500 21 29 04.3978 -15 08 49.452   48   30 19.5 C  BC 874
02 2454360.60642292 21 29 04.3899 -15 08 49.533   48   30 19.5 C  BC 874
02 2454360.60843079 21 29 04.3721 -15 08 49.551   48   30 19.6 C  BC 874
02 2454360.60962905 21 29 04.3740 -15 08 49.616   48   30 19.6 C  BC 874
02 2454360.61051435 21 29 04.3665 -15 08 49.598   48   30 19.7 C  BC 874
02 2454360.61171238 21 29 04.3599 -15 08 49.639   48   30 17.6 C  BC 874
02 2454360.61290984 21 29 04.3505 -15 08 49.692   48   30 19.4 C  BC 874
02 2454360.61410579 21 29 04.3462 -15 08 49.723   48   30 19.6 C  BC 874
02 2454360.61889201 21 29 04.3225 -15 08 49.886   48   30 19.5 C  BC 874
02 2454360.62128727 21 29 04.3080 -15 08 49.851   48   30 19.5 C  BC 874
02 2454360.62247500 21 29 04.2995 -15 08 49.960   48   30 19.4 C  BC 874
02 2454360.62367280 21 29 04.3006 -15 08 49.934   48   30 18.8 C  BC 874
02 2454382.64082832 21 27 35.2484 -15 16 02.993    8   15 19.4 RE E  809
02 2454382.64287607 21 27 35.2426 -15 16 03.008    8   15 19.4 RE E  809
02 2454382.64492451 21 27 35.2370 -15 16 03.031    8   15 19.4 RE E  809
02 2454382.64699234 21 27 35.2309 -15 16 03.069    8   15 19.4 RE E  809
02 2454382.65150148 21 27 35.2176 -15 16 03.148    8   15 19.4 RE E  809
02 2454382.65371549 21 27 35.2109 -15 16 03.198    8   15 19.4 RE E  809
02 2454382.65575895 21 27 35.2044 -15 16 03.198    8   15 19.5 RE E  809
02 2454382.65784977 21 27 35.1978 -15 16 03.250    8   15 19.4 RE E  809
02 2454382.65984020 21 27 35.1931 -15 16 03.269    8   15 19.4 RE E  809
02 2454383.61388021 21 27 32.4711 -15 16 16.421   18   18 19.4 RE E  809
02 2454383.61594961 21 27 32.4642 -15 16 16.435   18   18 19.3 RE E  809
02 2454383.61797883 21 27 32.4574 -15 16 16.464   18   18 19.3 RE E  809
02 2454383.62002461 21 27 32.4542 -15 16 16.499   18   18 19.2 RE E  809
02 2454383.62196329 21 27 32.4472 -15 16 16.540   18   18 19.4 RE E  809
02 2454383.62438907 21 27 32.4409 -15 16 16.601   18   18 19.4 RE E  809
02 2454383.62645222 21 27 32.4365 -15 16 16.616   18   18 19.4 RE E  809
02 2454383.63051239 21 27 32.4225 -15 16 16.667   18   18 19.6 RE E  809
02 2454383.63247735 21 27 32.4191 -15 16 16.687   18   18 19.4 RE E  809
02 2454385.63683554 21 27 27.0525 -15 16 42.706   40   35 19.4 RE E  809
02 2454385.64088171 21 27 27.0415 -15 16 42.734   40   35 19.7 RE E  809
02 2454385.64291858 21 27 27.0362 -15 16 42.779   40   35 19.1 RE E  809
02 2454385.64732912 21 27 27.0205 -15 16 42.776   40   35 19.6 RE E  809
02 2454385.64936900 21 27 27.0129 -15 16 42.887   40   35 20.0 RE E  809
02 2454385.65140772 21 27 27.0151 -15 16 42.876   40   35 19.2 RE E  809
02 2454385.65542970 21 27 26.9997 -15 16 42.862   40   35 19.7 RE E  809
02 2454386.60847266 21 27 24.5996 -15 16 54.630   28   10 19.4 RE E  809
02 2454386.61051531 21 27 24.5950 -15 16 54.644   28   10 19.4 RE E  809
02 2454386.61257151 21 27 24.5905 -15 16 54.682   28   10 19.3 RE E  809
02 2454386.61463987 21 27 24.5853 -15 16 54.696   28   10 19.4 RE E  809
02 2454386.62222832 21 27 24.5683 -15 16 54.795   28   10 19.4 RE E  809
02 2454386.62427260 21 27 24.5635 -15 16 54.835   28   10 19.4 RE E  809
02 2454386.62634952 21 27 24.5590 -15 16 54.830   28   10 19.4 RE E  809
02 2454386.62841788 21 27 24.5538 -15 16 54.872   28   10 19.4 RE E  809
02 2454386.63038597 21 27 24.5483 -15 16 54.901   28   10 19.4 RE E  809
02 2454621.91211441 21 46 24.0975 -13 45 45.870    6    6 19.4 RE E  809
02 2454621.91658250 21 46 24.0927 -13 45 45.897    6    6 19.4 RE E  809
02 2454621.92097949 21 46 24.0889 -13 45 45.932    6    6 19.4 RE E  809
02 2454621.92544955 21 46 24.0851 -13 45 45.950    6    6 19.4 RE E  809
02 2454621.92984458 21 46 24.0797 -13 45 45.973    6    6 19.4 RE E  809
02 2454623.90197560 21 46 22.1539 -13 45 57.909    6   12 19.4 RE E  809
02 2454623.90647043 21 46 22.1486 -13 45 57.917    6   12 19.4 RE E  809
02 2454623.91095356 21 46 22.1427 -13 45 57.954    6   12 19.4 RE E  809
02 2454623.91691570 21 46 22.1349 -13 45 57.981    6   12 19.4 RE E  809
02 2454656.85571910 21 44 43.6966 -13 54 55.268   72   56 18.6 I  PE 874
02 2454656.85786678 21 44 43.6893 -13 54 55.314   72   56 18.9 I  PE 874
02 2454656.86000185 21 44 43.6750 -13 54 55.334   72   56 19.2 I  PE 874
02 2454656.86213958 21 44 43.6645 -13 54 55.458   72   56 19.3 I  PE 874
02 2454656.86657187 21 44 43.6390 -13 54 55.421   72   56 18.6 I  PE 874
02 2454656.86885162 21 44 43.6311 -13 54 55.625   72   56 19.2 I  PE 874
02 2454656.87100104 21 44 43.6122 -13 54 55.592   72   56 20.1 I  PE 874
02 2454656.87316088 21 44 43.6050 -13 54 55.758   72   56 17.6 I  PE 874
02 2454677.69095162 21 42 51.5894 -14 04 43.803   26   53 19.4 I  PE 874
02 2454677.70533368 21 42 51.4981 -14 04 44.387   26   53 19.5 I  PE 874
02 2454677.71271782 21 42 51.4541 -14 04 44.539   26   53 19.8 I  PE 874
02 2454677.72006632 21 42 51.4084 -14 04 44.717   26   53 19.6 I  PE 874
02 2454677.72741597 21 42 51.3679 -14 04 44.934   26   53 19.3 I  PE 874
02 2454677.73476366 21 42 51.3228 -14 04 45.205   26   53 18.1 I  PE 874
02 2454677.74211146 21 42 51.2753 -14 04 45.441   26   53 19.7 I  PE 874
02 2454677.75681019 21 42 51.1857 -14 04 45.808   26   53 19.5 I  PE 874
02 2454690.64667454 21 41 31.6121 -14 11 37.509   44   44 19.3 I  BC 874
02 2454690.65292928 21 41 31.5750 -14 11 37.687   44   44 19.0 I  BC 874
02 2454690.65577326 21 41 31.5506 -14 11 37.907   44   44 19.0 I  BC 874
02 2454690.65863657 21 41 31.5375 -14 11 37.936   44   44 19.4 I  BC 874
02 2454690.66005833 21 41 31.5292 -14 11 37.959   44   44 19.2 I  BC 874
02 2454690.66575498 21 41 31.4972 -14 11 38.185   44   44 18.6 I  BC 874
02 2454690.66859838 21 41 31.4692 -14 11 38.230   44   44 19.0 I  BC 874
02 2454690.67109734 21 41 31.4601 -14 11 38.387   44   44 17.6 I  BC 874
02 2454690.67538252 21 41 31.4304 -14 11 38.526   44   44 19.2 I  BC 874
02 2454690.67680463 21 41 31.4178 -14 11 38.562   44   44 19.1 I  BC 874
02 2454690.68107998 21 41 31.3939 -14 11 38.635   44   44 19.2 I  BC 874
02 2454690.68534560 21 41 31.3644 -14 11 38.748   44   44 19.4 I  BC 874
02 2454729.60531516 21 37 41.6095 -14 31 06.964   76   65 19.4 I  PE 874
02 2454729.61390590 21 37 41.5646 -14 31 07.237   76   65 19.6 I  PE 874
02 2454729.64824525 21 37 41.3844 -14 31 08.042   76   65 19.8 I  PE 874
02 2454729.65222454 21 37 41.3650 -14 31 08.021   76   65 19.6 I  PE 874
02 2454732.58380336 21 37 27.3407 -14 32 18.651   32   20 19.4 I  PE 874
02 2454732.58878912 21 37 27.3190 -14 32 18.786   32   20 19.5 I  PE 874
02 2454732.59267674 21 37 27.2960 -14 32 18.873   32   20 19.4 I  PE 874
02 2454732.59660347 21 37 27.2767 -14 32 18.966   32   20 19.9 I  PE 874
02 2454732.60195243 21 37 27.2545 -14 32 19.044   32   20 19.3 I  PE 874
02 2454732.60583438 21 37 27.2312 -14 32 19.136   32   20 18.7 I  PE 874
02 2454732.61359792 21 37 27.1993 -14 32 19.328   32   20 19.6 I  PE 874
02 2454732.62135463 21 37 27.1620 -14 32 19.535   32   20 19.3 I  PE 874
02 2454733.60467234 21 37 22.6204 -14 32 42.386   60   71 19.4 I  PE 874
02 2454733.60879201 21 37 22.5996 -14 32 42.353   60   71 19.5 I  PE 874
02 2454733.61700775 21 37 22.5597 -14 32 42.624   60   71 20.1 I  PE 874
02 2454733.62111539 21 37 22.5455 -14 32 42.668   60   71 19.6 I  PE 874
02 2454733.62522396 21 37 22.5152 -14 32 42.679   60   71 18.8 I  PE 874
02 2454733.62943009 21 37 22.4980 -14 32 42.772   60   71 18.6 I  PE 874
02 2454971.91773082 21 54 59.6581 -13 04 56.763   44   41 19.5 RE E  809
02 2454971.91888314 21 54 59.6570 -13 04 56.639   44   41 19.5 RE E  809
02 2454971.92004507 21 54 59.6647 -13 04 56.739   44   41 19.4 RE E  809
02 2454971.92347137 21 54 59.6643 -13 04 56.641   44   41 19.4 RE E  809
02 2454971.92578064 21 54 59.6675 -13 04 56.642   44   41 19.5 RE E  809
02 2454971.92694095 21 54 59.6708 -13 04 56.645   44   41 19.4 RE E  809
02 2454971.92966440 21 54 59.6710 -13 04 56.662   44   41 19.4 RE E  809
02 2454971.93081788 21 54 59.6779 -13 04 56.651   44   41 19.5 RE E  809
02 2454971.93196581 21 54 59.6810 -13 04 56.679   44   41 19.5 RE E  809
02 2454971.93427231 21 54 59.6854 -13 04 56.582   44   41 19.3 RE E  809
02 2454973.76546379 21 55 02.0353 -13 04 46.248   34   11 19.5 RE E  809
02 2454973.76663197 21 55 02.0433 -13 04 46.227   34   11 19.5 RE E  809
02 2454973.76779136 21 55 02.0403 -13 04 46.209   34   11 19.6 RE E  809
02 2454973.76894426 21 55 02.0446 -13 04 46.208   34   11 19.3 RE E  809
02 2454973.77006880 21 55 02.0406 -13 04 46.218   34   11 19.5 RE E  809
02 2454973.77122946 21 55 02.0452 -13 04 46.218   34   11 19.4 RE E  809
02 2454973.77239428 21 55 02.0500 -13 04 46.218   34   11 19.3 RE E  809
02 2454973.77377140 21 55 02.0508 -13 04 46.187   34   11 19.5 RE E  809
02 2454973.77492164 21 55 02.0511 -13 04 46.210   34   11 19.6 RE E  809
02 2454973.77720811 21 55 02.0542 -13 04 46.180   34   11 19.6 RE E  809
02 2454973.77836414 21 55 02.0532 -13 04 46.161   34   11 19.5 RE E  809
02 2454973.77951368 21 55 02.0563 -13 04 46.176   34   11 19.5 RE E  809
02 2454973.78067943 21 55 02.0552 -13 04 46.161   34   11 19.5 RE E  809
02 2454974.76353377 21 55 03.1579 -13 04 41.559   20   21 19.3 RE E  809
02 2454974.76928034 21 55 03.1594 -13 04 41.554   20   21 19.5 RE E  809
02 2454974.77158510 21 55 03.1621 -13 04 41.530   20   21 19.5 RE E  809
02 2454974.77274506 21 55 03.1636 -13 04 41.513   20   21 19.2 RE E  809
02 2454974.77422115 21 55 03.1635 -13 04 41.565   20   21 19.5 RE E  809
02 2454974.77538273 21 55 03.1658 -13 04 41.553   20   21 19.3 RE E  809
02 2454974.77769641 21 55 03.1700 -13 04 41.565   20   21 19.4 RE E  809
02 2454974.77884966 21 55 03.1711 -13 04 41.539   20   21 19.4 RE E  809
02 2454974.78000997 21 55 03.1733 -13 04 41.501   20   21 19.3 RE E  809
02 2454974.78116854 21 55 03.1720 -13 04 41.519   20   21 19.4 RE E  809
02 2454974.78232723 21 55 03.1734 -13 04 41.503   20   21 19.3 RE E  809
02 2454974.78348279 21 55 03.1743 -13 04 41.504   20   21 19.4 RE E  809
02 2454974.78463778 21 55 03.1763 -13 04 41.501   20   21 19.4 RE E  809
02 2454975.76499427 21 55 04.1087 -13 04 37.653   34   24 18.0 RE E  809
02 2454975.77989715 21 55 04.1254 -13 04 37.551   34   24 18.9 RE E  809
02 2454975.78656210 21 55 04.1282 -13 04 37.535   34   24 19.5 RE E  809
02 2454975.80417822 21 55 04.1412 -13 04 37.477   34   24 19.4 RE E  809
02 2454975.80530786 21 55 04.1441 -13 04 37.471   34   24 19.4 RE E  809
02 2454975.80645544 21 55 04.1457 -13 04 37.522   34   24 19.0 RE E  809
02 2454975.80757639 21 55 04.1467 -13 04 37.497   34   24 19.3 RE E  809
02 2454975.80872188 21 55 04.1484 -13 04 37.508   34   24 17.7 RE E  809
02 2454975.80984458 21 55 04.1444 -13 04 37.511   34   24 18.9 RE E  809
02 2454975.81099228 21 55 04.1463 -13 04 37.463   34   24 19.0 RE E  809
02 2454975.81330803 21 55 04.1494 -13 04 37.485   34   24 19.3 RE E  809
02 2454975.84789451 21 55 04.1728 -13 04 37.319   34   24 19.0 RE E  809
02 2454975.85788484 21 55 04.1848 -13 04 37.293   34   24 18.0 RE E  809
02 2454975.85925360 21 55 04.1825 -13 04 37.318   34   24 19.4 RE E  809
02 2455006.77115324 21 54 31.1716 -13 08 08.655   48   71 17.8 I  PE 874
02 2455006.77390428 21 54 31.1616 -13 08 08.784   48   71 17.9 I  PE 874
02 2455006.77663935 21 54 31.1549 -13 08 08.626   48   71 19.8 I  PE 874
02 2455006.78490104 21 54 31.1318 -13 08 08.847   48   71 19.9 I  PE 874
02 2455006.78768519 21 54 31.1193 -13 08 08.923   48   71 19.6 I  PE 874
02 2455006.79049525 21 54 31.1181 -13 08 08.880   48   71 19.9 I  PE 874
02 2455006.79323866 21 54 31.1108 -13 08 09.051   48   71 19.6 I  PE 874
02 2455034.65733056 21 52 32.4285 -13 19 03.951   30   31 19.3 C  BC 874
02 2455034.66083773 21 52 32.4101 -13 19 04.047   30   31 19.3 C  BC 874
02 2455034.66334722 21 52 32.3948 -13 19 04.097   30   31 19.4 C  BC 874
02 2455034.66569780 21 52 32.3787 -13 19 04.179   30   31 19.4 C  BC 874
02 2455034.66806817 21 52 32.3635 -13 19 04.182   30   31 19.4 C  BC 874
02 2455034.67162951 21 52 32.3453 -13 19 04.344   30   31 19.2 C  BC 874
02 2455034.67517211 21 52 32.3297 -13 19 04.476   30   31 19.5 C  BC 874
02 2455034.67694850 21 52 32.3202 -13 19 04.479   30   31 19.1 C  BC 874
02 2455034.68050012 21 52 32.2995 -13 19 04.628   30   31 19.5 C  BC 874
02 2455034.68227627 21 52 32.2878 -13 19 04.683   30   31 19.4 C  BC 874
02 2455034.68582870 21 52 32.2689 -13 19 04.778   30   31 19.3 C  BC 874
02 2455034.68760475 21 52 32.2594 -13 19 04.786   30   31 19.4 C  BC 874
02 2455034.68938125 21 52 32.2532 -13 19 04.833   30   31 19.7 C  BC 874
02 2455034.69115775 21 52 32.2401 -13 19 04.856   30   31 19.7 C  BC 874
02 2455363.82175926 22 03 33.0072 -12 23 51.281   14    7 19.4 R  PE 874
02 2455363.82317130 22 03 33.0058 -12 23 51.296   14    7 19.3 R  PE 874
02 2455363.82458333 22 03 33.0015 -12 23 51.298   14    7 19.4 R  PE 874
02 2455363.82599537 22 03 33.0011 -12 23 51.323   14    7 19.3 R  PE 874
02 2455363.82740741 22 03 32.9973 -12 23 51.325   14    7 19.3 R  PE 874
02 2455363.83024306 22 03 32.9937 -12 23 51.368   14    7 19.3 R  PE 874
02 2455363.83165509 22 03 32.9893 -12 23 51.376   14    7 19.4 R  PE 874
02 2455363.83306713 22 03 32.9887 -12 23 51.387   14    7 19.3 R  PE 874
02 2455363.83447917 22 03 32.9841 -12 23 51.420   14    7 19.3 R  PE 874
02 2455363.83730324 22 03 32.9799 -12 23 51.438   14    7 19.3 R  PE 874
02 2455363.83871528 22 03 32.9753 -12 23 51.468   14    7 19.4 R  PE 874
02 2455363.84012731 22 03 32.9741 -12 23 51.468   14    7 19.3 R  PE 874
02 2455363.84153935 22 03 32.9702 -12 23 51.482   14    7 19.3 R  PE 874
02 2455363.84295139 22 03 32.9691 -12 23 51.499   14    7 19.3 R  PE 874
02 2455363.84436343 22 03 32.9672 -12 23 51.506   14    7 19.3 R  PE 874
02 2455363.84577546 22 03 32.9651 -12 23 51.533   14    7 19.3 R  PE 874
02 2455363.84718750 22 03 32.9613 -12 23 51.551   14    7 19.3 R  PE 874
02 2455363.84859954 22 03 32.9594 -12 23 51.560   14    7 19.4 R  PE 874
02 2455365.77285880 22 03 29.4498 -12 24 13.303   19    6 19.4 R  PE 874
02 2455365.77850694 22 03 29.4402 -12 24 13.377   19    6 19.5 R  PE 874
02 2455365.77991898 22 03 29.4347 -12 24 13.385   19    6 19.4 R  PE 874
02 2455365.78415509 22 03 29.4280 -12 24 13.448   19    6 19.4 R  PE 874
02 2455365.78556713 22 03 29.4236 -12 24 13.461   19    6 19.5 R  PE 874
02 2455365.78839120 22 03 29.4171 -12 24 13.478   19    6 19.5 R  PE 874
02 2455365.78980324 22 03 29.4172 -12 24 13.508   19    6 19.4 R  PE 874
02 2455365.79121528 22 03 29.4141 -12 24 13.524   19    6 19.4 R  PE 874
02 2455365.79262732 22 03 29.4112 -12 24 13.532   19    6 19.6 R  PE 874
02 2455365.79402778 22 03 29.4068 -12 24 13.555   19    6 19.4 R  PE 874
02 2455365.79543981 22 03 29.4016 -12 24 13.570   19    6 19.5 R  PE 874
02 2455365.79826389 22 03 29.3984 -12 24 13.601   19    6 19.5 R  PE 874
02 2455365.79967593 22 03 29.3961 -12 24 13.631   19    6 19.4 R  PE 874
02 2455382.79479167 22 02 40.2382 -12 29 02.838   25   28 19.3 C  BC 874
02 2455382.79549769 22 02 40.2343 -12 29 02.833   25   28 19.2 C  BC 874
02 2455382.79693287 22 02 40.2260 -12 29 02.838   25   28 19.2 C  BC 874
02 2455382.79765046 22 02 40.2235 -12 29 02.905   25   28 19.0 C  BC 874
02 2455382.79908565 22 02 40.2196 -12 29 02.892   25   28 18.9 C  BC 874
02 2455382.79980324 22 02 40.2177 -12 29 02.894   25   28 19.1 C  BC 874
02 2455382.80052083 22 02 40.2122 -12 29 02.924   25   28 19.2 C  BC 874
02 2455382.80123843 22 02 40.2128 -12 29 02.999   25   28 19.2 C  BC 874
02 2455382.80409722 22 02 40.1981 -12 29 03.062   25   28 19.3 C  BC 874
02 2455382.80481481 22 02 40.1948 -12 29 03.026   25   28 19.2 C  BC 874
02 2455382.80553241 22 02 40.1934 -12 29 03.056   25   28 19.1 C  BC 874
02 2455382.80625000 22 02 40.1906 -12 29 03.070   25   28 19.2 C  BC 874
02 2455382.80696759 22 02 40.1857 -12 29 03.053   25   28 19.1 C  BC 874
02 2455382.80912037 22 02 40.1817 -12 29 03.138   25   28 19.3 C  BC 874
02 2455382.80982639 22 02 40.1793 -12 29 03.108   25   28 19.4 C  BC 874
02 2455382.81197917 22 02 40.1659 -12 29 03.228   25   28 19.1 C  BC 874
02 2455382.81269676 22 02 40.1644 -12 29 03.166   25   28 19.3 C  BC 874
02 2455382.81341435 22 02 40.1619 -12 29 03.254   25   28 19.2 C  BC 874
02 2455383.78649306 22 02 36.4295 -12 29 24.697   34   24 18.8 C  BC 874
02 2455383.78900463 22 02 36.4221 -12 29 24.738   34   24 19.2 C  BC 874
02 2455383.79115741 22 02 36.4101 -12 29 24.778   34   24 19.2 C  BC 874
02 2455383.79187500 22 02 36.4077 -12 29 24.788   34   24 19.3 C  BC 874
02 2455383.79259259 22 02 36.4101 -12 29 24.790   34   24 19.2 C  BC 874
02 2455383.79403935 22 02 36.4026 -12 29 24.828   34   24 17.9 C  BC 874
02 2455383.79475694 22 02 36.3981 -12 29 24.806   34   24 19.2 C  BC 874
02 2455383.79547454 22 02 36.3968 -12 29 24.830   34   24 19.1 C  BC 874
02 2455383.79619213 22 02 36.3894 -12 29 24.919   34   24 19.0 C  BC 874
02 2455383.79762731 22 02 36.3897 -12 29 24.915   34   24 19.3 C  BC 874
02 2455383.79906250 22 02 36.3816 -12 29 24.919   34   24 19.2 C  BC 874
02 2455383.79978009 22 02 36.3808 -12 29 24.969   34   24 19.0 C  BC 874
02 2455383.80049769 22 02 36.3799 -12 29 25.007   34   24 19.0 C  BC 874
02 2455383.80122685 22 02 36.3728 -12 29 24.997   34   24 19.0 C  BC 874
02 2455384.78687500 22 02 32.5004 -12 29 47.257   45   36 19.2 C  BC 874
02 2455384.78886574 22 02 32.4935 -12 29 47.283   45   36 19.2 C  BC 874
02 2455384.78958333 22 02 32.4895 -12 29 47.311   45   36 19.2 C  BC 874
02 2455384.79030093 22 02 32.4881 -12 29 47.263   45   36 19.1 C  BC 874
02 2455384.79172454 22 02 32.4857 -12 29 47.408   45   36 19.1 C  BC 874
02 2455384.79459491 22 02 32.4772 -12 29 47.387   45   36 19.2 C  BC 874
02 2455384.79745370 22 02 32.4602 -12 29 47.515   45   36 19.3 C  BC 874
02 2455384.79888889 22 02 32.4508 -12 29 47.521   45   36 19.2 C  BC 874
02 2455384.80104167 22 02 32.4489 -12 29 47.599   45   36 19.3 C  BC 874
02 2455384.80175926 22 02 32.4397 -12 29 47.542   45   36 19.2 C  BC 874
02 2455792.65458333 22 07 30.4723 -12 07 43.921   61   50 18.5 I  BC 874
02 2455792.65553241 22 07 30.4612 -12 07 43.992   61   50 18.9 I  BC 874
02 2455792.65648148 22 07 30.4641 -12 07 44.012   61   50 18.4 I  BC 874
02 2455792.65741898 22 07 30.4544 -12 07 44.091   61   50 18.3 I  BC 874
02 2455792.65836806 22 07 30.4561 -12 07 44.143   61   50 18.9 I  BC 874
02 2455792.65931713 22 07 30.4453 -12 07 44.186   61   50 18.7 I  BC 874
02 2455792.66026620 22 07 30.4372 -12 07 44.195   61   50 18.7 I  BC 874
02 2455792.66121528 22 07 30.4340 -12 07 44.194   61   50 18.8 I  BC 874
02 2455792.66215278 22 07 30.4237 -12 07 44.188   61   50 18.6 I  BC 874
02 2455792.66310185 22 07 30.4151 -12 07 44.242   61   50 17.7 I  BC 874
02 2455792.66500000 22 07 30.4027 -12 07 44.373   61   50 18.7 I  BC 874
02 2455792.66688657 22 07 30.3872 -12 07 44.362   61   50 18.8 I  BC 874
02 2455792.66783565 22 07 30.3903 -12 07 44.366   61   50 18.6 I  BC 874
02 2455792.66878472 22 07 30.3825 -12 07 44.437   61   50 18.8 I  BC 874
02 2455792.66973380 22 07 30.3721 -12 07 44.511   61   50 18.6 I  BC 874
02 2455792.67068287 22 07 30.3780 -12 07 44.511   61   50 18.6 I  BC 874
02 2455792.67162037 22 07 30.3662 -12 07 44.484   61   50 18.6 I  BC 874
02 2455792.67256944 22 07 30.3514 -12 07 44.652   61   50 19.0 I  BC 874
02 2455792.67614583 22 07 30.3347 -12 07 44.701   61   50 18.7 I  BC 874
02 2455792.67708333 22 07 30.3284 -12 07 44.784   61   50 18.6 I  BC 874
02 2455792.67898148 22 07 30.3145 -12 07 44.737   61   50 18.8 I  BC 874
02 2455792.67993056 22 07 30.3120 -12 07 44.848   61   50 18.7 I  BC 874
02 2455792.68087963 22 07 30.3038 -12 07 44.977   61   50 18.7 I  BC 874
02 2455792.68276620 22 07 30.2926 -12 07 44.963   61   50 18.9 I  BC 874
02 2455792.68371528 22 07 30.2888 -12 07 45.031   61   50 18.7 I  BC 874
02 2455792.68466435 22 07 30.2769 -12 07 45.093   61   50 18.7 I  BC 874
02 2455792.68561343 22 07 30.2822 -12 07 45.014   61   50 18.8 I  BC 874
02 2455792.68655093 22 07 30.2712 -12 07 45.131   61   50 18.7 I  BC 874
02 2455792.68844907 22 07 30.2632 -12 07 45.152   61   50 19.0 I  BC 874
02 2455792.68939815 22 07 30.2567 -12 07 45.251   61   50 18.8 I  BC 874
02 2455792.69128472 22 07 30.2407 -12 07 45.173   61   50 18.8 I  BC 874
02 2455792.69223380 22 07 30.2336 -12 07 45.321   61   50 18.9 I  BC 874
02 2455792.69318287 22 07 30.2318 -12 07 45.278   61   50 18.7 I  BC 874
02 2455792.69976852 22 07 30.1868 -12 07 45.614   61   50 18.3 I  BC 874
02 2455792.70071759 22 07 30.1801 -12 07 45.547   61   50 18.7 I  BC 874
02 2455792.70166667 22 07 30.1684 -12 07 45.620   61   50 18.6 I  BC 874
02 2455792.70260417 22 07 30.1709 -12 07 45.601   61   50 18.8 I  BC 874
02 2455792.70355324 22 07 30.1668 -12 07 45.589   61   50 18.7 I  BC 874
02 2455792.70545139 22 07 30.1424 -12 07 45.819   61   50 18.6 I  BC 874
02 2455792.70733796 22 07 30.1447 -12 07 45.793   61   50 18.5 I  BC 874
02 2455792.71302083 22 07 30.1009 -12 07 45.905   61   50 18.7 I  BC 874
02 2455792.71491898 22 07 30.0961 -12 07 46.071   61   50 18.8 I  BC 874
02 2455792.71586806 22 07 30.0783 -12 07 46.043   61   50 18.8 I  BC 874
02 2455808.72568287 22 05 50.4066 -12 17 02.402   49   21 19.1 I  PE 874
02 2455808.72780093 22 05 50.3919 -12 17 02.501   49   21 19.4 I  PE 874
02 2455808.72993056 22 05 50.3786 -12 17 02.505   49   21 17.9 I  PE 874
02 2455808.73841435 22 05 50.3235 -12 17 02.822   49   21 18.8 I  PE 874
02 2455808.74053241 22 05 50.3158 -12 17 02.871   49   21 18.4 I  PE 874
02 2455808.74266204 22 05 50.2995 -12 17 02.988   49   21 19.3 I  PE 874
02 2455808.74478009 22 05 50.2944 -12 17 03.030   49   21 19.3 I  PE 874
02 2455808.75114583 22 05 50.2504 -12 17 03.262   49   21 19.2 I  PE 874
02 2455808.75539352 22 05 50.2283 -12 17 03.409   49   21 19.3 I  PE 874
02 2455808.75751157 22 05 50.2096 -12 17 03.499   49   21 17.2 I  PE 874
02 2455808.75962963 22 05 50.1990 -12 17 03.547   49   21 19.5 I  PE 874
02 2455808.76174769 22 05 50.1764 -12 17 03.615   49   21 18.2 I  PE 874
02 2455808.76387731 22 05 50.1649 -12 17 03.700   49   21 18.9 I  PE 874
02 2455808.77376157 22 05 50.1063 -12 17 04.052   49   21 18.9 I  PE 874
02 2455808.77589120 22 05 50.0979 -12 17 04.107   49   21 19.5 I  PE 874
02 2455808.77800926 22 05 50.0803 -12 17 04.144   49   21 19.3 I  PE 874
02 2455808.78012731 22 05 50.0733 -12 17 04.201   49   21 19.3 I  PE 874
02 2455808.78437500 22 05 50.0422 -12 17 04.364   49   21 19.6 I  PE 874
02 2455808.78862269 22 05 50.0185 -12 17 04.488   49   21 19.2 I  PE 874
02 2455808.79074074 22 05 50.0038 -12 17 04.582   49   21 19.3 I  PE 874
02 2455831.58862269 22 03 42.1999 -12 28 46.880   62   61 19.3 C  BC 874
02 2455831.58957176 22 03 42.1893 -12 28 46.976   62   61 18.9 C  BC 874
02 2455831.59241898 22 03 42.1786 -12 28 47.112   62   61 19.5 C  BC 874
02 2455831.59526620 22 03 42.1624 -12 28 47.219   62   61 19.2 C  BC 874
02 2455831.59716435 22 03 42.1628 -12 28 47.230   62   61 17.5 C  BC 874
02 2455831.59811343 22 03 42.1465 -12 28 47.216   62   61 17.6 C  BC 874
02 2455831.60096065 22 03 42.1393 -12 28 47.219   62   61 19.1 C  BC 874
02 2456219.54387597 22 10 54.1444 -11 53 27.871   61   70 19.5 -  BC 874
02 2456219.55402367 22 10 54.1067 -11 53 28.019   61   70 19.4 -  BC 874
02 2456219.56044556 22 10 54.0877 -11 53 28.076   61   70 19.0 -  BC 874
02 2456219.56258606 22 10 54.0760 -11 53 28.080   61   70 17.8 -  BC 874
02 2456219.56472656 22 10 54.0669 -11 53 28.281   61   70 19.5 -  BC 874
02 2456219.56922080 22 10 54.0592 -11 53 28.134   61   70 18.0 -  BC 874
02 2456219.57136076 22 10 54.0532 -11 53 28.202   61   70 19.5 -  BC 874
02 2456219.57350073 22 10 54.0424 -11 53 28.380   61   70 19.7 -  BC 874
02 2456219.58206078 22 10 54.0229 -11 53 28.456   61   70 19.1 -  BC 874
02 2456220.51459181 22 10 51.3180 -11 53 43.064   76   77 19.1 -  BC 874
02 2456220.51803856 22 10 51.3133 -11 53 43.326   76   77 19.4 -  BC 874
02 2456220.52009714 22 10 51.3019 -11 53 43.206   76   77 17.8 -  BC 874
02 2456220.52084911 22 10 51.3004 -11 53 43.192   76   77 19.5 -  BC 874
02 2456220.52160125 22 10 51.3009 -11 53 43.342   76   77 19.5 -  BC 874
02 2456220.52235465 22 10 51.3094 -11 53 43.375   76   77 19.9 -  BC 874
02 2456220.52311782 22 10 51.3043 -11 53 43.237   76   77 17.8 -  BC 874
02 2456220.52389240 22 10 51.3051 -11 53 43.324   76   77 19.8 -  BC 874
02 2456220.52614955 22 10 51.2940 -11 53 43.464   76   77 19.5 -  BC 874
02 2456220.52690079 22 10 51.2912 -11 53 43.285   76   77 19.9 -  BC 874
02 2456220.52765203 22 10 51.2892 -11 53 43.349   76   77 19.1 -  BC 874
02 2456220.52840326 22 10 51.2879 -11 53 43.388   76   77 17.6 -  BC 874
02 2456220.52915468 22 10 51.2803 -11 53 43.314   76   77 20.2 -  BC 874
02 2456452.83503830 22 29 20.8266 -10 10 40.986   32   26 19.6 R  PE 874
02 2456452.83718825 22 29 20.8318 -10 10 41.001   32   26 19.5 R  PE 874
02 2456452.83933786 22 29 20.8296 -10 10 41.057   32   26 19.5 R  PE 874
02 2456452.84148745 22 29 20.8303 -10 10 40.997   32   26 19.4 R  PE 874
02 2456452.84363706 22 29 20.8289 -10 10 41.014   32   26 19.5 R  PE 874
02 2456537.68332777 22 23 30.8906 -10 46 24.863   15   10 19.2 I  PE 874
02 2456537.68664755 22 23 30.8688 -10 46 24.997   15   10 19.1 I  PE 874
02 2456537.68878839 22 23 30.8554 -10 46 25.055   15   10 19.0 I  PE 874
02 2456537.69307008 22 23 30.8300 -10 46 25.205   15   10 19.1 I  PE 874
02 2456537.69521075 22 23 30.8143 -10 46 25.299   15   10 19.0 I  PE 874
02 2456537.69735160 22 23 30.8023 -10 46 25.379   15   10 18.9 I  PE 874
02 2456537.69949244 22 23 30.7896 -10 46 25.469   15   10 19.2 I  PE 874
02 2456537.70163329 22 23 30.7769 -10 46 25.533   15   10 19.1 I  PE 874
02 2456538.62475318 22 23 25.0759 -10 46 58.965   29   37 19.1 I  PE 874
02 2456538.62475318 22 23 25.0759 -10 46 58.965   29   37 19.1 I  PE 874
02 2456538.62772339 22 23 25.0526 -10 46 59.076   29   37 19.2 I  PE 874
02 2456538.62772339 22 23 25.0526 -10 46 59.076   29   37 19.2 I  PE 874
02 2456538.62986388 22 23 25.0428 -10 46 59.180   29   37 19.1 I  PE 874
02 2456538.62986388 22 23 25.0428 -10 46 59.180   29   37 19.1 I  PE 874
02 2456538.63200418 22 23 25.0298 -10 46 59.225   29   37 19.1 I  PE 874
02 2456538.63200418 22 23 25.0298 -10 46 59.225   29   37 19.1 I  PE 874
02 2456538.63414466 22 23 25.0128 -10 46 59.228   29   37 19.3 I  PE 874
02 2456538.63414466 22 23 25.0128 -10 46 59.228   29   37 19.3 I  PE 874
02 2456538.63628497 22 23 25.0008 -10 46 59.377   29   37 19.3 I  PE 874
02 2456538.63628497 22 23 25.0008 -10 46 59.377   29   37 19.3 I  PE 874
02 2456538.63842545 22 23 24.9851 -10 46 59.422   29   37 17.0 I  PE 874
02 2456538.63842545 22 23 24.9851 -10 46 59.422   29   37 17.0 I  PE 874
02 2456538.64056576 22 23 24.9743 -10 46 59.511   29   37 19.4 I  PE 874
02 2456538.64056576 22 23 24.9743 -10 46 59.511   29   37 19.4 I  PE 874
02 2456538.64484655 22 23 24.9446 -10 46 59.667   29   37 19.3 I  PE 874
02 2456538.64484655 22 23 24.9446 -10 46 59.667   29   37 19.3 I  PE 874
02 2456538.64912734 22 23 24.9225 -10 46 59.885   29   37 19.3 I  PE 874
02 2456538.64912734 22 23 24.9225 -10 46 59.885   29   37 19.3 I  PE 874
02 2456538.65126764 22 23 24.9032 -10 46 59.918   29   37 19.2 I  PE 874
02 2456538.65126764 22 23 24.9032 -10 46 59.918   29   37 19.2 I  PE 874
02 2456538.65340795 22 23 24.8935 -10 47 00.013   29   37 19.1 I  PE 874
02 2456538.65340795 22 23 24.8935 -10 47 00.013   29   37 19.1 I  PE 874
02 2456538.65554843 22 23 24.8792 -10 47 00.125   29   37 19.4 I  PE 874
02 2456538.65554843 22 23 24.8792 -10 47 00.125   29   37 19.4 I  PE 874
02 2456538.65768874 22 23 24.8626 -10 47 00.081   29   37 19.2 I  PE 874
02 2456538.65768874 22 23 24.8626 -10 47 00.081   29   37 19.2 I  PE 874
02 2456538.65982922 22 23 24.8532 -10 47 00.221   29   37 19.1 I  PE 874
02 2456538.65982922 22 23 24.8532 -10 47 00.221   29   37 19.1 I  PE 874
02 2456538.66196953 22 23 24.8362 -10 47 00.218   29   37 19.1 I  PE 874
02 2456538.66196953 22 23 24.8362 -10 47 00.218   29   37 19.1 I  PE 874
02 2456538.66411001 22 23 24.8251 -10 47 00.378   29   37 19.1 I  PE 874
02 2456538.66411001 22 23 24.8251 -10 47 00.378   29   37 19.1 I  PE 874
02 2456538.66625050 22 23 24.8091 -10 47 00.429   29   37 19.0 I  PE 874
02 2456538.66625050 22 23 24.8091 -10 47 00.429   29   37 19.0 I  PE 874
02 2456841.81383981 22 37 18.0411 -09 28 42.274   24   19 19.3 I  PE 874
02 2456841.81494206 22 37 18.0378 -09 28 42.293   24   19 19.3 I  PE 874
02 2456841.81714634 22 37 18.0334 -09 28 42.330   24   19 19.4 I  PE 874
02 2456841.81824844 22 37 18.0289 -09 28 42.343   24   19 18.8 I  PE 874
02 2456841.81935060 22 37 18.0257 -09 28 42.389   24   19 19.2 I  PE 874
02 2456841.82045301 22 37 18.0226 -09 28 42.408   24   19 19.4 I  PE 874
02 2456841.82155516 22 37 18.0234 -09 28 42.450   24   19 18.8 I  PE 874
02 2456841.82486183 22 37 18.0136 -09 28 42.482   24   19 19.4 I  PE 874
02 2456841.82816837 22 37 18.0033 -09 28 42.548   24   19 19.3 I  PE 874
02 2456841.82927050 22 37 17.9973 -09 28 42.558   24   19 19.4 I  PE 874
02 2456841.83037277 22 37 17.9950 -09 28 42.554   24   19 19.2 I  PE 874
02 2456841.83147490 22 37 17.9967 -09 28 42.609   24   19 18.9 I  PE 874
02 2456841.83257727 22 37 17.9888 -09 28 42.598   24   19 19.2 I  PE 874
02 2456841.83367941 22 37 17.9879 -09 28 42.590   24   19 19.4 I  PE 874
02 2456841.83478166 22 37 17.9833 -09 28 42.619   24   19 19.5 I  PE 874
02 2456843.69122869 22 37 12.9646 -09 29 16.061   26   29 18.8 I  PE 874
02 2456843.69233135 22 37 12.9631 -09 29 16.092   26   29 19.1 I  PE 874
02 2456843.69563914 22 37 12.9550 -09 29 16.069   26   29 19.2 I  PE 874
02 2456843.69674167 22 37 12.9514 -09 29 16.142   26   29 19.1 I  PE 874
02 2456843.69894681 22 37 12.9410 -09 29 16.189   26   29 19.0 I  PE 874
02 2456843.70115198 22 37 12.9372 -09 29 16.262   26   29 19.4 I  PE 874
02 2456843.70225412 22 37 12.9348 -09 29 16.259   26   29 19.1 I  PE 874
02 2456843.70445941 22 37 12.9290 -09 29 16.280   26   29 18.9 I  PE 874
02 2456843.70556194 22 37 12.9246 -09 29 16.331   26   29 19.0 I  PE 874
02 2456843.70666446 22 37 12.9177 -09 29 16.359   26   29 19.1 I  PE 874
02 2456843.70776704 22 37 12.9151 -09 29 16.305   26   29 19.3 I  PE 874
02 2456843.70886963 22 37 12.9122 -09 29 16.398   26   29 19.0 I  PE 874
02 2456843.70997209 22 37 12.9093 -09 29 16.358   26   29 19.1 I  PE 874
02 2456843.71107455 22 37 12.9083 -09 29 16.393   26   29 19.0 I  PE 874
