02  2007 04 08.80104  21 35 14.16  -14 36 58.3   415  59581     19.0 V
02  2007 04 09.77620  21 35 19.38  -14 36 33.3   415  59581     18.5 V
02  2007 05 05.75193  21 37 12.09  -14 27 33.8   415  59860     19.7 V
02  2007 05 11.71265  21 37 27.28  -14 26 22.1   415  59860     19.5 V
02  2007 05 11.72668  21 37 27.31  -14 26 22.4   415  59860     19.3 V
02  2007 05 24.68071  21 37 43.50  -14 25 10.2   415  59860     18.4 V
02  2007 05 24.69825  21 37 43.51  -14 25 10.6   415  59860     18.7 V
02  2007 05 25.73930  21 37 43.82  -14 25 09.9   415  59860     19.5 V
02  2007 05 25.75689  21 37 43.81  -14 25 09.9   415  59860     19.1 V
02  2007 05 26.69263  21 37 43.98  -14 25 10.0   415  59860     19.3 V
02  2007 05 26.71129  21 37 43.93  -14 25 10.6   415  59860     19.4 V
