 2  1977 05 22.306      -97.95     50.47  711   1   1   1
 2  1978 07  3.275     -150.20     41.52  711   1   2   1
 2  1981 04  6.333       12.19     41.62  809   2   3   1
 2  1981 04  6.361       11.96     41.56  809   2   3   1
 2  1981 04 11.361        3.26     41.42  809   2   3   1
 2  1981 04 12.354        1.28     41.20  809   2   3   1
 2  1982 03 20.61181     47.85     41.22  568   3   4   2
 2  1982 03 20.63333     48.00     41.34  568   3   4   2
 2  1982 03 21.61806     46.13     41.28  568   3   4   2
 2  1982 05 04.28264    -32.24     36.90  809   2   4   2
 2  1982 05 04.34757    -32.04     37.22  809   4   4   2
 2  1982 05 04.35417    -32.63     37.10  809   2   4   2
 2  1982 05 05.35069    -33.92     36.84  809   2   4   2
 2  1982 05 05.41042    -34.19     37.08  809   2   4   2
 2  1984 04 12.38125     19.84     37.62  809   2   4   2
 2  1984 04 13.37986     17.99     36.95  809   2   4   2
 2  1984 04 14.38889     16.32     36.92  809   2   4   2
