2011 07 22.71687  22 10 08.96  -11 52 41.6    E07  75593    19.2 V
2011 07 22.72609  22 10 08.89  -11 52 42.0    E07  75593    19.8 V
2011 07 23.52121  22 10 04.87  -11 53 05.4    E07  75593    19.4 V
2011 07 23.53105  22 10 04.82  -11 53 05.8    E07  75593    19.3 V
2011 07 26.59047  22 09 48.93  -11 54 37.4    E07  75593    19.2 V
2011 07 26.60794  22 09 48.77  -11 54 38.2    E07  75593    19.2 V
2011 07 27.380378 22 09 44.683 -11 55 02.13   673  75593     *   *
2011 07 27.386744 22 09 44.623 -11 55 02.46   673  75593     *   *
2011 07 27.62338  22 09 43.36  -11 55 09.3    E07  75593    19.4 V
2011 07 27.63435  22 09 43.31  -11 55 09.6    E07  75593    19.4 V
2011 07 28.362842 22 09 39.401 -11 55 32.71   673  75593     *   *
2011 07 28.67424  22 09 37.67  -11 55 42.0    E07  75593    19.5 V
2011 07 28.68333  22 09 37.62  -11 55 42.3    E07  75593    19.3 V
2011 08 03.51324  22 09 04.93  -11 58 49.4    E07  75593    19.2 V
2011 08 03.52197  22 09 04.89  -11 58 49.8    E07  75593    19.4 V
2011 08 04.52308  22 08 59.11  -11 59 22.8    E07  75593    19.1 V
2011 08 04.53278  22 08 59.04  -11 59 23.2    E07  75593    19.1 V
2011 08 21.55329  22 07 15.50  -12 09 08.0    E07  75849    19.4 V
2011 08 21.55976  22 07 15.46  -12 09 08.2    E07  75849    19.2 V
2011 08 23.53731  22 07 03.08  -12 10 17.5    E07  75849    19.2 V
2011 08 23.54709  22 07 03.02  -12 10 17.8    E07  75849    19.2 V
2011 08 24.54444  22 06 56.78  -12 10 52.9    E07  75849    19.2 V
2011 08 24.55196  22 06 56.73  -12 10 53.0    E07  75849    19.3 V
2011 08 26.58198  22 06 44.02  -12 12 04.2    E07  75849    19.2 V
2011 08 26.58957  22 06 43.97  -12 12 04.4    E07  75849    19.1 V
2011 08 28.60267  22 06 31.39  -12 13 14.6    E07  75849    19.1 V
2011 08 28.60985  22 06 31.34  -12 13 14.9    E07  75849    19.3 V
2011 08 30.54079  22 06 19.33  -12 14 21.8    E07  75849    19.2 V
2011 08 30.55214  22 06 19.25  -12 14 21.8    E07  75849    19.2 V
2011 09 02.55464  22 06 00.67  -12 16 05.5    E07  75849    19.1 V
2011 09 02.56214  22 06 00.63  -12 16 05.7    E07  75849    19.2 V
2011 09 16.50191  22 04 38.10  -12 23 41.4    E07  76329    19.1 V
2011 09 16.51053  22 04 38.06  -12 23 41.5    E07  76329    20.3 V
2011 09 21.48856  22 04 10.86  -12 26 10.3    E07  76329    19.3 V
2011 09 21.49531  22 04 10.82  -12 26 10.8    E07  76329    19.5 V
2011 09 30.52623  22 03 25.79  -12 30 16.1    E07  76329    19.5 V
2011 09 30.53379  22 03 25.75  -12 30 16.3    E07  76329    19.5 V
2011 10 12.51544  22 02 36.82  -12 34 40.8    E07  76732    19.4 V
2011 10 12.52408  22 02 36.79  -12 34 41.0    E07  76732    19.5 V
2011 10 16.40189  22 02 24.05  -12 35 49.1    E07  76732    19.5 V
2011 10 16.41053  22 02 24.03  -12 35 49.5    E07  76732    19.7 V
2011 10 17.45370  22 02 20.86  -12 36 06.1    E07  76732    19.4 V
2011 10 17.46236  22 02 20.83  -12 36 06.2    E07  76732    19.6 V
2011 10 18.41249  22 02 18.07  -12 36 21.1    E07  76732    19.6 V
2011 10 18.42113  22 02 18.05  -12 36 21.2    E07  76732    19.5 V
2011 10 19.42287  22 02 15.24  -12 36 36.2    E07  76732    19.7 V
2011 10 19.42936  22 02 15.20  -12 36 36.3    E07  76732    19.4 V
2011 10 21.41974  22 02 10.00  -12 37 04.5    E07  76732    20.0 V
2011 10 21.42634  22 02 09.97  -12 37 04.3    E07  76732    19.8 V
2011 10 23.43297  22 02 05.14  -12 37 30.1    E07  76732    19.6 V
2011 10 23.44154  22 02 05.12  -12 37 30.0    E07  76732    19.6 V
2011 10 29.46538  22 01 53.55  -12 38 30.7    E07  76732    19.7 V
2011 10 29.47197  22 01 53.55  -12 38 30.7    E07  76732    19.6 V
2011 11 10.41804  22 01 44.23  -12 39 17.8    E07  77162    18.4 V
2011 11 10.42464  22 01 44.23  -12 39 17.8    E07  77162    18.4 V
