2006 08 29.548773 21 21 47.163 -15 38 45.89  
2006 08 29.572395 21 21 47.024 -15 38 46.19  
2006 08 29.580023 21 21 47.018 -15 38 46.64  
2006 08 30.596006 21 21 40.909 -15 39 15.60  
2006 08 30.603645 21 21 40.849 -15 39 15.62  
2006 08 30.613379 21 21 40.767 -15 39 15.88  
2006 08 30.629340 21 21 40.698 -15 39 16.60  
2006 08 30.636990 21 21 40.647 -15 39 16.31  
2006 08 30.645324 21 21 40.575 -15 39 17.39  
2006 08 30.663368 21 21 40.476 -15 39 17.79  
2006 08 30.672407 21 21 40.419 -15 39 17.96  
2006 08 30.682118 21 21 40.370 -15 39 18.08  
2006 08 31.525856 21 21 35.355 -15 39 41.98  
2006 08 31.727256 21 21 34.137 -15 39 47.78  
2006 08 31.736284 21 21 34.111 -15 39 48.00  
2007 08  9.601201 21 32 54.490 -14 49 56.62  
2007 08  9.622743 21 32 54.351 -14 49 57.23  
2007 08  9.636629 21 32 54.256 -14 49 57.70  
2007 08 10.647928 21 32 47.853 -14 50 29.88  
2007 08 10.653480 21 32 47.806 -14 50 29.99  
2007 08 10.659033 21 32 47.785 -14 50 30.20  
2007 08 10.672922 21 32 47.694 -14 50 30.66  
2007 08 10.686833 21 32 47.612 -14 50 31.06  
2007 08 10.700725 21 32 47.543 -14 50 31.19  
2007 08 10.721556 21 32 47.385 -14 50 31.97  
2007 08 10.728500 21 32 47.337 -14 50 32.18  
2007 08 10.735441 21 32 47.311 -14 50 32.42  
2007 08 11.663903 21 32 41.417 -14 51  1.63  
2007 08 11.675022 21 32 41.373 -14 51  2.22  
2007 08 12.600025 21 32 35.456 -14 51 31.11  
2007 08 12.610435 21 32 35.409 -14 51 31.38  
2007 08 12.631969 21 32 35.263 -14 51 31.88  
2007 08 12.640306 21 32 35.205 -14 51 32.71  
2007 08 12.657656 21 32 35.108 -14 51 32.72  
2007 08 12.674327 21 32 34.994 -14 51 33.37  
2007 08 12.682671 21 32 34.938 -14 51 33.68  
2007 08 12.690999 21 32 34.908 -14 51 34.24  
2007 08 12.720163 21 32 34.700 -14 51 34.89  
2007 08 12.728493 21 32 34.639 -14 51 35.17  
2007 08 12.737521 21 32 34.579 -14 51 35.35  
2007 08 12.745853 21 32 34.532 -14 51 35.66  
2007 08 12.754193 21 32 34.489 -14 51 36.06  
2007 08 12.762519 21 32 34.441 -14 51 36.00  
2007 08 13.633370 21 32 28.925 -14 52  3.74  
2007 08 13.645874 21 32 28.850 -14 52  4.23  
2007 08 13.670154 21 32 28.651 -14 52  5.20  
2007 08 13.681280 21 32 28.574 -14 52  5.53  
2007 08 13.692387 21 32 28.504 -14 52  5.96  
2007 08 13.707659 21 32 28.407 -14 52  6.49  
2007 08 08.692362 21 33 00.238 -14 49 27.99  
2007 08 08.702084 21 33 00.184 -14 49 28.59  
2007 08 08.711807 21 33 00.121 -14 49 28.79  
2007 08 09.564583 21 32 54.742 -14 49 55.50  
2007 08 09.569444 21 32 54.691 -14 49 55.37  
2007 08 09.574306 21 32 54.670 -14 49 55.73  
2007 08 09.579167 21 32 54.644 -14 49 55.84  
2007 08 09.584028 21 32 54.590 -14 49 56.21  
2007 08 09.588889 21 32 54.561 -14 49 56.05  
2007 08 09.593751 21 32 54.538 -14 49 56.35  
2007 08 09.598612 21 32 54.512 -14 49 56.48  
2007 08 09.603473 21 32 54.477 -14 49 56.63  
2007 08 09.608334 21 32 54.471 -14 49 56.88  
2007 08 09.618058 21 32 54.385 -14 49 57.07  
2007 08 09.622919 21 32 54.362 -14 49 57.26  
2007 08 09.627780 21 32 54.343 -14 49 57.35  
2007 08 09.632641 21 32 54.302 -14 49 57.73  
2007 09 07.526383 21 29 55.996 -15 04 37.89  
2007 09 07.531939 21 29 55.945 -15 04 37.82  
2007 09 07.544439 21 29 55.862 -15 04 38.57  
2007 09 07.551380 21 29 55.803 -15 04 38.36  
2007 09 07.557631 21 29 55.778 -15 04 38.33  
2007 09 07.575889 21 29 55.705 -15 04 39.03  
2007 09 07.638188 21 29 55.295 -15 04 40.55  
2007 09 07.645141 21 29 55.299 -15 04 40.98  
2007 09 07.660416 21 29 55.205 -15 04 41.93  
2007 09 08.526384 21 29 50.327 -15 05 05.70  
2007 09 08.532634 21 29 50.277 -15 05 06.09  
2007 09 08.538395 21 29 50.260 -15 05 05.77  
2007 09 08.544644 21 29 50.213 -15 05 06.19  
2007 09 08.550894 21 29 50.180 -15 05 06.25  
2007 09 08.557145 21 29 50.137 -15 05 06.44  
2007 09 08.563395 21 29 50.095 -15 05 06.60  
2007 09 08.569645 21 29 50.066 -15 05 06.68  
2007 09 08.575896 21 29 50.027 -15 05 07.03  
2007 09 08.617359 21 29 49.784 -15 05 07.94  
2007 09 08.622221 21 29 49.763 -15 05 08.24  
2007 09 08.627078 21 29 49.743 -15 05 08.59  
2007 09 08.631939 21 29 49.709 -15 05 08.47  
2007 09 08.636801 21 29 49.669 -15 05 08.62  
2007 09 08.650692 21 29 49.606 -15 05 08.95  
2007 09 08.655549 21 29 49.565 -15 05 09.08  
2007 09 08.682638 21 29 49.422 -15 05 09.77  
2007 09 08.687500 21 29 49.398 -15 05 10.06  
2007 09 08.695824 21 29 49.356 -15 05 10.29  
2007 09 08.700183 21 29 49.326 -15 05 10.46  
2007 09 08.705044 21 29 49.298 -15 05 10.61  
2007 09 09.520824 21 29 44.714 -15 05 32.82  
2007 09 09.527074 21 29 44.708 -15 05 32.65  
2007 09 09.533325 21 29 44.664 -15 05 32.92  
2007 09 09.552772 21 29 44.555 -15 05 33.36  
2007 09 09.559022 21 29 44.538 -15 05 33.91  
2007 09 09.595124 21 29 44.323 -15 05 34.72  
2007 09 09.601374 21 29 44.283 -15 05 34.86  
2007 09 09.613874 21 29 44.212 -15 05 35.65  
2007 09 09.696520 21 29 43.715 -15 05 38.03  
2007 09 10.575000 21 29 38.892 -15 06 01.51  
2007 09 10.582639 21 29 38.819 -15 06 01.47  
2007 09 10.590278 21 29 38.822 -15 06 01.88  
2007 09 11.594454 21 29 33.340 -15 06 28.71  
2007 09 11.600705 21 29 33.270 -15 06 28.81  
2007 09 11.606955 21 29 33.249 -15 06 29.16  
2007 09 11.613206 21 29 33.208 -15 06 29.06
