2009 11 08.45516  21 44 28.49  -14 01 24.0    415  67668    19.6 V
2009 11 08.46918  21 44 28.46  -14 01 23.7    415  67668    19.4 V
2010 05 09.73091  22 03 08.21  -12 25 16.5    415  70193    19.3 V
2010 05 12.75994  22 03 17.04  -12 24 32.2    415  70193    19.2 V
2010 05 12.77745  22 03 17.07  -12 24 32.2    415  70193    19.5 V
2010 08 03.434376 22 00 15.367 -12 42 38.19   673  71528
2010 08 03.437935 22 00 15.324 -12 42 38.03   673  71528
2010 10 31.51454  21 53 11.19  -13 20 37.6    415  72437    19.1 V
2010 10 31.52504  21 53 11.20  -13 20 37.6    415  72437    18.6 V


