02  2013 08 09.44179  22 25 56.026 -10 32 08.87  19.2  w  F51 100688
02  2013 08 09.45604  22 25 55.940 -10 32 09.38  19.2  w  F51 100688
02  2013 08 09.47027  22 25 55.857 -10 32 09.86  19.1  w  F51 100688
02  2013 08 09.48452  22 25 55.774 -10 32 10.37  19.2  w  F51 100688
02  2013 08 26.46659  22 24 12.675 -10 42 20.71  18.9  r  F51 100688
02  2013 08 26.47767  22 24 12.605 -10 42 21.11  18.9  r  F51 100688
02  2013 08 26.49232  22 24 12.510 -10 42 21.66  18.8  i  F51 100688
02  2013 08 26.50472  22 24 12.430 -10 42 22.13  18.8  i  F51 100688
02  2013 08 31.40849  22 23 41.929 -10 45 20.72  19.0  w  F51 100688
02  2013 08 31.42300  22 23 41.837 -10 45 21.23  19.0  w  F51 100688
02  2013 08 31.43746  22 23 41.746 -10 45 21.75  19.0  w  F51 100688
02  2013 08 31.45193  22 23 41.656 -10 45 22.30  19.0  w  F51 100688
02  2014 08 03.48040  22 35 10.226 -09 42 11.76  19.2  w  F51 100688
02  2014 08 03.49385  22 35 10.155 -09 42 12.16  19.2  w  F51 100688
02  2014 08 03.50728  22 35 10.080 -09 42 12.62  19.3  w  F51 100688
02  2014 08 03.52070  22 35 10.008 -09 42 13.06  19.3  w  F51 100688
02  2014 08 04.47265  22 35 04.894 -09 42 44.63  19.3  w  F51 100688
02  2014 08 04.48604  22 35 04.821 -09 42 45.08  19.4  w  F51 100688
02  2014 08 04.49939  22 35 04.746 -09 42 45.51  19.3  w  F51 100688
02  2014 08 04.51278  22 35 04.674 -09 42 45.93  19.3  w  F51 100688
02  2014 08 05.47416  22 34 59.450 -09 43 18.13  19.3  w  F51 100688
02  2014 08 05.48770  22 34 59.374 -09 43 18.55  19.3  w  F51 100688
02  2014 08 05.50121  22 34 59.299 -09 43 19.02  19.3  w  F51 100688
02  2014 08 05.51470  22 34 59.224 -09 43 19.47  19.2  w  F51 100688
02  2014 08 20.42566  22 33 32.548 -09 52 07.54  19.1  w  F51 100688
02  2014 08 20.43850  22 33 32.469 -09 52 08.01  19.1  w  F51 100688
02  2014 08 20.45134  22 33 32.390 -09 52 08.47  19.1  w  F51 100688
02  2014 08 20.46423  22 33 32.310 -09 52 08.98  19.1  w  F51 100688
02  2014 09 12.38054  22 31 11.226 -10 06 11.77  19.0  i  F51 100688
02  2014 09 12.39345  22 31 11.152 -10 06 12.21  19.0  i  F51 100688
02  2014 09 12.40632  22 31 11.063 -10 06 12.62  19.0  i  F51 100688
02  2014 09 12.41922  22 31 10.987 -10 06 13.18  19.0  i  F51 100688
02  2014 09 18.29273  22 30 36.234 -10 09 37.95  19.2  w  F51 100688
02  2014 09 18.30434  22 30 36.165 -10 09 38.35  19.2  w  F51 100688
02  2014 09 18.36258  22 30 35.825 -10 09 40.36  19.2  w  F51 100688
02  2014 09 18.37430  22 30 35.756 -10 09 40.74  19.2  w  F51 100688
02  2014 11 17.24979  22 27 15.722 -10 28 40.95  19.5  w  F51 100688
02  2014 11 17.26251  22 27 15.718 -10 28 40.99  19.5  w  F51 100688
02  2014 11 17.27484  22 27 15.722 -10 28 40.91  19.5  w  F51 100689
02  2014 11 17.28720  22 27 15.720 -10 28 40.96  19.4  w  F51 100689
02  2015 05 27.361839 22 45 52.59  -08 40 01.1   19.6  r  W84  99414
02  2015 05 27.383308 22 45 52.62  -08 40 00.8   19.6  r  W84  99414
02  2015 05 27.404799 22 45 52.67  -08 40 00.5   19.6  r  W84  99414
02  2015 05 27.426352 22 45 52.71  -08 40 00.3   19.6  r  W84  99414
02  2015 05 28.361081 22 45 54.69  -08 39 50.4   19.7  r  W84  99414
02  2015 06 25.55665  22 46 02.951 -08 40 02.02  19.4  w  F51 100689
02  2015 06 25.56776  22 46 02.932 -08 40 02.14  19.4  w  F51 100689
02  2015 06 25.57896  22 46 02.916 -08 40 02.27  19.4  w  F51 100689
02  2015 06 25.59011  22 46 02.898 -08 40 02.38  19.4  w  F51 100689
02  2015 08 14.57937  22 42 46.94  -09 01 11.6   19.6  V  E07  94830
02  2015 08 14.59097  22 42 46.90  -09 01 11.9   19.3  V  E07  94830
02  2015 08 14.63144  22 42 46.69  -09 01 13.4   20.0  V  E07  94830
02  2015 08 15.63648  22 42 40.80  -09 01 49.5   19.4  V  E07  94830
02  2015 08 15.64806  22 42 40.73  -09 01 49.9   19.3  V  E07  94830
02  2015 08 16.59882  22 42 35.14  -09 02 24.1   19.2  V  E07  94830
02  2015 08 16.61088  22 42 35.11  -09 02 24.8   19.3  V  E07  94830
02  2015 09 09.09563  22 40 11.61  -09 17 03.9   19.3  V  G40  97001
02  2015 09 09.46175  22 40 09.36  -09 17 16.9   19.2  V  E07  95374
02  2015 09 09.53130  22 40 08.95  -09 17 19.8   19.4  V  E07  95374
02  2015 09 09.98480  22 40 06.15  -09 17 36.5   19.2  V  G40  97001
02  2015 09 10.10768  22 40 05.39  -09 17 41.2   19.2  V  G40  97001
02  2015 09 10.13065  22 40 05.24  -09 17 42.2   19.2  V  G40  97001
02  2015 09 13.48461  22 39 44.85  -09 19 45.1   19.4  V  E07  95374
02  2015 09 13.49330  22 39 44.78  -09 19 45.5   19.4  V  E07  95374
02  2015 10 06.42340  22 37 37.66  -09 32 22.4   20.2  V  E07  97001
02  2015 10 06.46673  22 37 37.43  -09 32 24.0   19.4  V  E07  97001
02  2015 10 14.43257  22 37 01.41  -09 35 54.9   19.4  V  E07  97001
02  2015 10 14.44415  22 37 01.36  -09 35 55.1   19.6  V  E07  97001
02  2016 08 24.96579  22 50 17.07  -08 20 05.0   19.4  V  G40 101342
02  2016 08 24.98136  22 50 16.96  -08 20 05.2   19.2  V  G40 101342
02  2016 08 24.99524  22 50 16.87  -08 20 06.1   19.3  V  G40 101342
