 2 1993  6 24.14175     19 27 24.195  -21  13  39.90    
 2 1993  6 24.15818     19 27 24.087  -21  13  40.08
 2 1993  6 24.20653     19 27 23.826  -21  13  40.68
 2 1993  6 24.22888     19 27 23.684  -21  13  40.97
 2 1993  6 24.23372     19 27 23.653  -21  13  41.02
 2 1994  9 22.07242     19 29 23.217  -21  14  25.00
 2 1994  9 22.95804     19 29 22.028  -21  14  29.07
 2 1994  9 22.98846     19 29 21.982  -21  14  29.18
 2 1994  9 22.99834     19 29 21.971  -21  14  29.23
 2 1994  9 23.99028     19 29 20.754  -21  14  33.40
 2 1994  9 23.99865     19 29 20.744  -21  14  33.46
 2 1994  9 24.96666     19 29 19.691  -21  14  37.33
 2 1994  9 24.97837     19 29 19.682  -21  14  37.31
 2 1994  9 24.98781     19 29 19.671  -21  14  37.39
 2 1995  6 27.24824     19 46 18.218  -20  37  46.71
 2 1995  6 27.25646     19 46 18.174  -20  37  46.83
 2 1995  6 27.26568     19 46 18.118  -20  37  46.96
 2 1995  6 27.27383     19 46 18.074  -20  37  47.05
 2 1995  7  7.16420     19 45 19.297  -20  40  10.77
 2 1995  7  7.17322     19 45 19.238  -20  40  10.97
 2 1995  7  7.18253     19 45 19.181  -20  40  11.13
 2 1995  7  7.19366     19 45 19.105  -20  40  11.39
 2 1995  7  7.20503     19 45 19.036  -20  40  11.48
 2 1995  7  7.21657     19 45 18.960  -20  40  11.67
 2 1995  7  8.17090     19 45 13.005  -20  40  26.37
 2 1995  7  8.18187     19 45 12.941  -20  40  26.59
 2 1995  7  8.19222     19 45 12.869  -20  40  26.69
 2 1995  7  8.20112     19 45 12.813  -20  40  26.87
 2 1995  7  8.20920     19 45 12.762  -20  40  26.97
 2 1995  7  8.21753     19 45 12.712  -20  40  27.11
 2 1995  7 11.15998     19 44 54.134  -20  41  13.28
 2 1995  7 11.17094     19 44 54.061  -20  41  13.43
 2 1995  7 11.18042     19 44 53.999  -20  41  13.59
 2 1995  7 11.18984     19 44 53.939  -20  41  13.66
 2 1995  7 11.19947     19 44 53.876  -20  41  13.85
 2 1996  6 22.20388     19 56 13.220  -20  15  29.23
 2 1996  6 22.20904     19 56 13.195  -20  15  29.32
 2 1996  6 22.21420     19 56 13.167  -20  15  29.38
 2 1996  6 22.21936     19 56 13.141  -20  15  29.43
 2 1996  6 22.22453     19 56 13.112  -20  15  29.52
 2 1996  6 22.26792     19 56 12.876  -20  15  30.11
 2 1996  6 22.27552     19 56 12.836  -20  15  30.23
 2 1996  6 22.28207     19 56 12.800  -20  15  30.31
 2 1996  6 24.30199     19 56  2.048  -20  15  58.90
 2 1996  6 24.30854     19 56  2.010  -20  15  59.00
 2 1996  6 24.31509     19 56  1.976  -20  15  59.06
 2 1996  6 26.31656     19 55 50.978  -20  16  28.40
 2 1996  6 26.32309     19 55 50.944  -20  16  28.49
 2 1996  6 26.32962     19 55 50.905  -20  16  28.59
 2 1996  7 25.16358     19 52 50.488  -20  24  39.08
 2 1996  7 25.18637     19 52 50.327  -20  24  39.53
 2 1996  7 26.20914     19 52 43.661  -20  24  57.38
 2 1996  7 26.21819     19 52 43.596  -20  24  57.54
 2 1996  8 22.13389     19 50  1.336  -20  32  27.51
 2 1996  8 22.13767     19 50  1.313  -20  32  27.61
 2 1996  8 22.14068     19 50  1.303  -20  32  27.61
 2 1996  8 23.14995     19 49 56.048  -20  32  42.37
 2 1996  8 23.15350     19 49 56.033  -20  32  42.47
 2 1996  8 23.15652     19 49 56.016  -20  32  42.52
 2 1996  8 23.16037     19 49 55.995  -20  32  42.61
 2 1996  8 23.16409     19 49 55.976  -20  32  42.66
 2 1996  8 24.99505     19 49 46.685  -20  33   8.90
 2 1996  8 25.00087     19 49 46.657  -20  33   8.95
 2 1996  8 25.00593     19 49 46.628  -20  33   9.01
 2 1996  8 25.01101     19 49 46.603  -20  33   9.15
 2 1996  8 25.01606     19 49 46.577  -20  33   9.23
 2 1996  8 25.02113     19 49 46.558  -20  33   9.22
 2 1996  8 25.07111     19 49 46.298  -20  33  10.04
 2 1996  8 25.07477     19 49 46.263  -20  33  10.25
 2 1996  8 25.07843     19 49 46.263  -20  33   9.99
 2 1996  8 25.08208     19 49 46.234  -20  33  10.16
 2 1996  8 25.08574     19 49 46.225  -20  33  10.10
 2 1997  6  1.20644     20  7 13.416  -19  47  46.24
 2 1997  6  1.21321     20  7 13.385  -19  47  46.32
 2 1997  6  1.21696     20  7 13.371  -19  47  46.33
 2 1997  6  1.22071     20  7 13.358  -19  47  46.39
 2 1997  6  1.22446     20  7 13.338  -19  47  46.43
 2 1997  6  2.18095     20  7  9.750  -19  47  57.62
 2 1997  6  2.18652     20  7  9.732  -19  47  57.73
 2 1997  6  2.25716     20  7  9.443  -19  47  58.42
 2 1997  6  2.26822     20  7  9.425  -19  47  58.95
 2 1997  6  2.27334     20  7  9.393  -19  47  58.58
 2 1997  6  2.27846     20  7  9.372  -19  47  58.65
 2 1997  6  2.28358     20  7  9.354  -19  47  58.68
 2 1997  6  2.32176     20  7  9.330  -19  47  58.79
 2 1997  6  2.33038     20  7  9.180  -19  47  59.17
 2 1997  6  2.33805     20  7  9.148  -19  47  59.30
 2 1997  6  2.34573     20  7  9.105  -19  47  59.45
 2 1997  6  2.35085     20  7  9.088  -19  47  59.49
 2 1997  6  2.36242     20  7  9.040  -19  47  59.65
 2 1997  8 13.14184     20  0 21.316  -20   8   1.35
 2 1997  8 13.14839     20  0 21.278  -20   8   1.55
 2 1997  8 14.04118     20  0 15.957  -20   8  17.54
 2 1997  8 14.05402     20  0 15.879  -20   8  17.82
 2 1997  8 14.06325     20  0 15.823  -20   8  17.95
 2 1997  8 14.16510     20  0 15.203  -20   8  19.73
 2 1998  5  2.22116     20 17 26.092  -19  19  38.66
 2 1998  5  2.22981     20 17 26.091  -19  19  38.64
 2 1998  6  5.21506     20 16 19.500  -19  23  25.40
 2 1998  6  5.22640     20 16 19.462  -19  23  25.49
 2 1998  6  5.23632     20 16 19.426  -19  23  25.61
 2 1998  6  5.24343     20 16 19.403  -19  23  25.70
 2 1998  6  5.25125     20 16 19.373  -19  23  25.77
 2 1998  6  5.27935     20 16 19.276  -19  23  26.04
 2 1998  6  5.28595     20 16 19.252  -19  23  26.11
 2 1998  6  6.17328     20 16 16.260  -19  23  35.56
 2 1998  6  6.18409     20 16 16.222  -19  23  35.69
 2 1998  6  6.19067     20 16 16.197  -19  23  35.70
 2 1998  6  6.21628     20 16 16.104  -19  23  36.03
 2 1998  6  6.22288     20 16 16.086  -19  23  36.06
 2 1998  6  6.23523     20 16 16.042  -19  23  36.18
 2 1998  6  6.24184     20 16 16.018  -19  23  36.25
 2 1998  6  6.24844     20 16 15.991  -19  23  36.40
 2 1998  6  6.27684     20 16 15.894  -19  23  36.66
 2 1998  6  6.28340     20 16 15.871  -19  23  36.77
 2 1993  6 24.14972     19 27 24.135  -21  13  39.61
 2 1993  6 24.16060     19 27 24.099  -21  13  40.07
 2 1993  6 24.22597     19 27 23.706  -21  13  40.93
 2 1993  6 24.23127     19 27 23.666  -21  13  40.98
 2 1994  9 22.04238     19 29 23.258  -21  14  24.86
 2 1994  9 22.08676     19 29 23.186  -21  14  25.04
 2 1994  9 22.98510     19 29 21.990  -21  14  29.12
 2 1994  9 22.99163     19 29 21.980  -21  14  29.17
 2 1994  9 23.98057     19 29 20.768  -21  14  33.33
 2 1994  9 23.99435     19 29 20.748  -21  14  33.13
 2 1994  9 24.00281     19 29 20.736  -21  14  33.47
 2 1994  9 24.97265     19 29 19.687  -21  14  37.29
 2 1994  9 24.98309     19 29 19.681  -21  14  37.33
 2 1995  6 27.24354     19 46 18.246  -20  37  46.66
 2 1995  6 27.25240     19 46 18.195  -20  37  46.78
 2 1995  6 27.26078     19 46 18.148  -20  37  46.87
 2 1995  6 27.26976     19 46 18.095  -20  37  47.01
 2 1995  7  7.15940     19 45 19.326  -20  40  10.70
 2 1995  7  7.16858     19 45 19.266  -20  40  10.94
 2 1995  7  7.17787     19 45 19.214  -20  40  11.05
 2 1995  7  7.18795     19 45 19.148  -20  40  11.18
 2 1995  7  7.19935     19 45 19.072  -20  40  11.40
 2 1995  7  7.21056     19 45 18.999  -20  40  11.56
 2 1995  7  7.22266     19 45 18.928  -20  40  11.69
 2 1995  7  8.17729     19 45 12.965  -20  40  26.48
 2 1995  7  8.18819     19 45 12.897  -20  40  26.65
 2 1995  7  8.19694     19 45 12.841  -20  40  26.80
 2 1995  7  8.20516     19 45 12.788  -20  40  26.91
 2 1995  7  8.21337     19 45 12.739  -20  40  27.05
 2 1995  7 11.15546     19 44 54.160  -20  41  13.17
 2 1995  7 11.16604     19 44 54.093  -20  41  13.37
 2 1995  7 11.17567     19 44 54.029  -20  41  13.46
 2 1995  7 11.18513     19 44 53.968  -20  41  13.61
 2 1995  7 11.19463     19 44 53.910  -20  41  13.77
 2 1996  6 22.20028     19 56 13.237  -20  15  29.27
 2 1996  6 22.20646     19 56 13.208  -20  15  29.28
 2 1996  6 22.21162     19 56 13.182  -20  15  29.35
 2 1996  6 22.21678     19 56 13.154  -20  15  29.41
 2 1996  6 22.22194     19 56 13.126  -20  15  29.48
 2 1996  6 22.22711     19 56 13.096  -20  15  29.54
 2 1996  6 22.27225     19 56 12.851  -20  15  30.17
 2 1996  6 22.27880     19 56 12.817  -20  15  30.28
 2 1996  6 24.29564     19 56  2.083  -20  15  58.79
 2 1996  6 24.30527     19 56  2.031  -20  15  58.93
 2 1996  6 24.31182     19 56  1.992  -20  15  59.03
 2 1996  6 26.30904     19 55 51.024  -20  16  28.26
 2 1996  6 26.31983     19 55 50.962  -20  16  28.43
 2 1996  6 26.32635     19 55 50.925  -20  16  28.54
 2 1996  7 25.15722     19 52 50.521  -20  24  38.96
 2 1996  7 25.18238     19 52 50.356  -20  24  39.37
 2 1996  7 26.20329     19 52 43.694  -20  24  57.30
 2 1996  7 26.21416     19 52 43.623  -20  24  57.44
 2 1996  7 26.22221     19 52 43.569  -20  24  57.63
 2 1996  8 22.13616     19 50  1.328  -20  32  27.53
 2 1996  8 22.13918     19 50  1.309  -20  32  27.61
 2 1996  8 22.14219     19 50  1.295  -20  32  27.59
 2 1996  8 23.15199     19 49 56.041  -20  32  42.42
 2 1996  8 23.15501     19 49 56.024  -20  32  42.46
 2 1996  8 23.15853     19 49 56.005  -20  32  42.54
 2 1996  8 23.16223     19 49 55.985  -20  32  42.56
 2 1996  8 23.16594     19 49 55.968  -20  32  42.67
 2 1996  8 24.99833     19 49 46.669  -20  33   9.01
 2 1996  8 25.00339     19 49 46.641  -20  33   9.01
 2 1996  8 25.00846     19 49 46.616  -20  33   9.13
 2 1996  8 25.01101     19 49 46.589  -20  33   9.22
 2 1996  8 25.01861     19 49 46.565  -20  33   9.19
 2 1996  8 25.06891     19 49 46.316  -20  33   9.97
 2 1996  8 25.07294     19 49 46.285  -20  33   9.92
 2 1996  8 25.07660     19 49 46.276  -20  33  10.05
 2 1996  8 25.08025     19 49 46.253  -20  33  10.14
 2 1996  8 25.08391     19 49 46.225  -20  33  10.14
 2 1997  6  1.19863     20  7 13.443  -19  47  46.12
 2 1997  6  1.20995     20  7 13.397  -19  47  46.29
 2 1997  6  1.21508     20  7 13.381  -19  47  46.32
 2 1997  6  1.21883     20  7 13.366  -19  47  46.38
 2 1997  6  1.22258     20  7 13.346  -19  47  46.44
 2 1997  6  2.16729     20  7  9.804  -19  47  57.39
 2 1997  6  2.18374     20  7  9.736  -19  47  57.62
 2 1997  6  2.18932     20  7  9.716  -19  47  57.63
 2 1997  6  2.26319     20  7  9.443  -19  47  58.42
 2 1997  6  2.27078     20  7  9.401  -19  47  58.56
 2 1997  6  2.27590     20  7  9.381  -19  47  58.63
 2 1997  6  2.28102     20  7  9.362  -19  47  58.69
 2 1997  6  2.28613     20  7  9.344  -19  47  58.75
 2 1997  6  2.32432     20  7  9.194  -19  47  59.11
 2 1997  6  2.33294     20  7  9.157  -19  47  59.30
 2 1997  6  2.34061     20  7  9.123  -19  47  59.37
 2 1997  6  2.34829     20  7  9.090  -19  47  59.45
 2 1997  6  2.35978     20  7  9.075  -19  47  59.52
 2 1997  8 13.13785     20  0 21.340  -20   8   1.35
 2 1997  8 13.14512     20  0 21.299  -20   8   1.46
 2 1997  8 13.15166     20  0 21.257  -20   8   1.57
 2 1997  8 14.04751     20  0 15.918  -20   8  17.69
 2 1997  8 14.05863     20  0 15.851  -20   8  17.90
 2 1997  8 14.15919     20  0 15.245  -20   8  19.66
 2 1997  8 14.17008     20  0 15.171  -20   8  19.84
 2 1998  5  2.22557     20 17 26.092  -19  19  38.66
 2 1998  6  5.21103     20 16 19.514  -19  23  25.35
 2 1998  6  5.22045     20 16 19.480  -19  23  25.47
 2 1998  6  5.23039     20 16 19.445  -19  23  25.60
 2 1998  6  5.24001     20 16 19.412  -19  23  25.66
 2 1998  6  5.24730     20 16 19.385  -19  23  25.72
 2 1998  6  5.27497     20 16 19.291  -19  23  26.05
 2 1998  6  5.28265     20 16 19.263  -19  23  26.18
 2 1998  6  5.28925     20 16 19.242  -19  23  26.20
 2 1998  6  6.17897     20 16 16.240  -19  23  35.59
 2 1998  6  6.18737     20 16 16.209  -19  23  35.69
 2 1998  6  6.21155     20 16 16.126  -19  23  35.95
 2 1998  6  6.21958     20 16 16.099  -19  23  36.02
 2 1998  6  6.22619     20 16 16.071  -19  23  36.08
 2 1998  6  6.23854     20 16 16.030  -19  23  36.20
 2 1998  6  6.24513     20 16 16.010  -19  23  36.32
 2 1998  6  6.27275     20 16 15.908  -19  23  36.62
 2 1998  6  6.28012     20 16 15.885  -19  23  36.72
 2 1998  6  6.28670     20 16 15.856  -19  23  36.74