02  2012 09 04.45354  22 14 31.36  -11 33 14.6   E07  19.2 V  80452
02  2012 09 04.46514  22 14 31.29  -11 33 14.9   E07  19.3 V  80452
02  2012 09 04.49610  22 14 31.11  -11 33 15.9   E07  19.2 V  80452
02  2012 09 04.50480  22 14 31.04  -11 33 16.2   E07  19.5 V  80452
02  2012 09 06.64623  22 14 17.97  -11 34 30.4   E07  19.3 V  80452
02  2012 09 06.65784  22 14 17.91  -11 34 30.8   E07  19.3 V  80452
02  2012 09 10.49334  22 13 54.86  -11 36 41.6   E07  19.3 V  80452
02  2012 09 10.50544  22 13 54.78  -11 36 41.9   E07  19.4 V  80452
02  2012 09 15.60390  22 13 24.98  -11 39 30.0   E07  19.7 V  80452
02  2012 09 15.61404  22 13 24.93  -11 39 30.4   E07  19.6 V  80452
02  2012 10 02.44204  22 11 57.37  -11 47 39.9   E07  19.7 V  80452
02  2012 10 02.45364  22 11 57.32  -11 47 40.2   E07  19.7 V  80452
02  2012 10 03.52899  22 11 52.42  -11 48 07.1   E07  19.6 V  80452
02  2012 10 03.54349  22 11 52.35  -11 48 07.7   E07  19.6 V  80452
02  2012 10 04.50433  22 11 48.09  -11 48 31.4   E07  19.6 V  80452
02  2012 10 04.52169  22 11 48.03  -11 48 31.9   E07  19.8 V  80452
02  2013 06 19.65045  22 29 13.65  -10 11 42.0   E07  19.9 V  83713
02  2013 06 19.66353  22 29 13.62  -10 11 42.3   E07  19.5 V  83713
02  2013 07 03.64600  22 28 43.77  -10 15 01.4   E07  19.3 V  84214
02  2013 07 03.66050  22 28 43.72  -10 15 01.7   E07  19.6 V  84214
02  2013 07 07.61615  22 28 31.35  -10 16 20.6   E07  19.6 V  84214
02  2013 07 07.63065  22 28 31.29  -10 16 20.9   E07  19.4 V  84214
02  2013 07 29.330058 22 26 57.393 -10 26 00.25  673   -   -  84512
02  2013 08 01.54231  22 26 40.40  -10 27 43.1   E07  19.4 V  84512
02  2013 08 01.58843  22 26 40.14  -10 27 44.7   E07  19.6 V  84512
02  2013 08 04.08796  22 26 26.45  -10 29 06.8   C95  18.5 V  84512
02  2013 08 04.09779  22 26 26.42  -10 29 06.7   C95  18.6 V  84512
02  2013 08 04.11181  22 26 26.31  -10 29 07.6   C95  19.3 V  84512
02  2013 08 04.12443  22 26 26.23  -10 29 08.1   C95  18.6 V  84512
02  2013 08 08.53771  22 26 01.27  -10 31 37.6   E07  19.3 V  84512
02  2013 08 08.55219  22 26 01.18  -10 31 37.9   E07  19.2 V  84512
02  2013 08 10.61215  22 25 49.19  -10 32 49.2   E07  19.3 V  84512
02  2013 08 10.62665  22 25 49.11  -10 32 49.8   E07  19.3 V  84512
02  2013 08 11.62078  22 25 43.26  -10 33 24.8   E07  19.2 V  84512
02  2013 08 11.63238  22 25 43.21  -10 33 25.3   E07  19.4 V  84512
02  2013 08 25.56153  22 24 18.32  -10 41 47.6   E07  19.2 V  84739
02  2013 08 25.57603  22 24 18.23  -10 41 48.0   E07  19.2 V  84739
02  2013 08 30.56701  22 23 47.16  -10 44 50.0   E07  19.2 V  84739
02  2013 08 30.58846  22 23 47.03  -10 44 50.8   E07  19.2 V  84739
02  2013 09 02.60933  22 23 28.27  -10 46 40.2   E07  19.3 V  84739
02  2013 09 02.62510  22 23 28.17  -10 46 40.9   E07  19.9 V  84739
02  2013 09 03.59036  22 23 22.20  -10 47 15.7   E07  19.3 V  84739
02  2013 09 03.59906  22 23 22.15  -10 47 16.0   E07  19.3 V  84739
02  2013 09 08.55294  22 22 51.77  -10 50 12.6   E07  19.1 V  84739
02  2013 09 08.56742  22 22 51.68  -10 50 13.1   E07  19.6 V  84739
02  2013 09 24.47453  22 21 20.02  -10 59 00.5   E07  19.7 V  85079
02  2013 09 24.48658  22 21 19.99  -10 59 01.1   E07  19.0 V  85079
02  2013 09 25.43504  22 21 14.96  -10 59 30.1   E07  19.5 V  85079
02  2013 09 25.44956  22 21 14.89  -10 59 30.6   E07  19.3 V  85079
02  2013 10 01.44149  22 20 44.42  -11 02 24.0   E07  19.5 V  85079
02  2013 10 01.45356  22 20 44.35  -11 02 24.4   E07  19.5 V  85079
02  2013 10 03.59096  22 20 34.12  -11 03 22.4   E07  19.5 V  85079
02  2013 10 03.60256  22 20 34.07  -11 03 22.7   E07  19.5 V  85079
02  2013 10 04.48017  22 20 29.99  -11 03 45.9   E07  19.5 V  85079
02  2013 10 04.49176  22 20 29.93  -11 03 46.2   E07  19.5 V  85079
02  2013 10 05.40589  22 20 25.72  -11 04 09.9   E07  19.3 V  85079
02  2013 10 05.40879  22 20 25.76  -11 04 09.7   E07  20.0 V  85079
02  2013 10 20.56159  22 19 27.65  -11 09 36.0   E07  18.8 V  85502
02  2013 10 20.56819  22 19 27.70  -11 09 36.1   E07  19.5 V  85502
02  2013 10 25.42403  22 19 14.13  -11 10 50.3   E07  19.5 V  85502
02  2013 10 25.43562  22 19 14.10  -11 10 50.6   E07  19.5 V  85502
02  2013 10 30.41672  22 19 03.00  -11 11 51.1   E07  19.6 V  85502
02  2013 10 30.42923  22 19 02.98  -11 11 51.2   E07  19.6 V  85502
02  2013 11 02.45207  22 18 57.70  -11 12 19.4   E07  19.5 V  85502
02  2013 11 02.46458  22 18 57.67  -11 12 19.5   E07  19.5 V  85502
02  2013 11 04.46854  22 18 54.81  -11 12 34.5   E07  19.6 V  85502
02  2013 11 04.48012  22 18 54.74  -11 12 34.7   E07  19.8 V  85502
02  2014 08 02.60586  22 35 14.90  -09 41 42.7   E07  19.5 V  89137
02  2014 08 02.61165  22 35 14.87  -09 41 42.8   E07  19.6 V  89137
02  2014 08 20.59876  22 33 31.50  -09 52 13.9   E07  19.1 V  89456
02  2014 08 20.61036  22 33 31.43  -09 52 14.2   E07  19.1 V  89456
02  2014 08 29.57179  22 32 36.17  -09 57 46.4   E07  19.1 V  89456
02  2014 08 29.58339  22 32 36.10  -09 57 46.8   E07  19.2 V  89456
02  2014 09 18.66057  22 30 34.08  -10 09 50.6   E07  19.3 V  90446
02  2014 09 18.67217  22 30 34.01  -10 09 51.0   E07  19.5 V  90446
02  2014 09 19.54117  22 30 29.00  -10 10 20.4   E07  19.4 V  90446
02  2014 09 19.55277  22 30 28.94  -10 10 20.8   E07  19.4 V  90446
02  2014 09 20.62180  22 30 22.80  -10 10 56.9   E07  19.3 V  90446
02  2014 09 20.62760  22 30 22.77  -10 10 56.9   E07  19.2 V  90446
02  2014 10 03.49386  22 29 14.31  -10 17 36.0   E07  19.3 V  90446
02  2014 10 03.50256  22 29 14.24  -10 17 36.2   E07  19.7 V  90446
02  2014 10 17.49455  22 28 14.20  -10 23 21.1   E07  19.8 V  90446
02  2014 10 17.50614  22 28 14.14  -10 23 21.3   E07  19.2 V  90446
02  2014 10 21.56905  22 28 00.20  -10 24 40.2   E07  19.3 V  90446
02  2014 10 21.57630  22 28 00.24  -10 24 40.9   E07  19.3 V  90446
02  2014 10 22.12169  22 27 58.45  -10 24 50.4   G37  18.9 R  90446
02  2014 10 22.22849  22 27 58.10  -10 24 52.3   G37   -   -  90446
02  2014 10 22.48419  22 27 57.30  -10 24 56.7   E07  19.6 V  90446
02  2014 10 22.49577  22 27 57.26  -10 24 56.9   E07  19.5 V  90446
02  2014 11 05.45788  22 27 24.77  -10 27 56.8   E07  19.6 V  90966
02  2014 11 05.47095  22 27 24.75  -10 27 57.0   E07  19.6 V  90966
