 2  1949  5  1.276   1.106     -164.1    110.2    1
 2  1949  5 29.192  29.020     -236.2    144.8    1
 2  1949  6 18.188  17.015     -274.7    164.6    1
 2  1950  3 23.237  23.168      -45.7     47.2    2
 2  1950  4 15.228  15.059     -122.3     89.7    2
 2  1950  4 17.296  17.127     -128.9     91.2    2
 2  1950  4 18.280  18.111     -132.1     94.8    2
 2  1950  4 20.283  20.114     -139.0     97.1    2
 2  1950  5 14.225  14.054     -204.0    130.4    2
 2  1950  5 15.220  15.049     -205.8    130.4    2
 2  1950  7 18.141  17.965     -309.8    175.6    2
 2  1951  1  5.481   5.305     -154.3     65.3    2
 2  1951  1  8.496   8.321     -138.0     56.0    2
 2  1951  1 11.498  11.323     -122.0     48.3    2
 2  1951  2  4.460   4.288       55.0    -27.9    2
 2  1951  2  7.456   7.284       65.8    -29.4    2
 2  1951  2 10.366  10.194       67.9    -28.0    2
 2  1951  2 11.453  11.281       67.3    -26.6    2
 2  1951  3  7.417   7.247        2.3     21.7    2
 2  1952  2  5.598   5.425       69.7    -27.8    2
 2  1952  4 23.397  23.227     -155.1    106.9    2
 2  1952  4 24.418  24.248     -158.8    108.1    2
 2  1953  1 14.689  14.514      -30.2      4.5    2
 2  1953  7  2.343   2.169     -291.1    166.1    2
 2  1953  7  3.296   3.122     -291.3    167.2    2
 2  1953  7  4.457   4.283     -292.3    167.2    2
 2  1953  7  5.341   5.167     -294.3    167.9    2
 2  1953  7 15.342  15.167     -303.2    170.8    2
 2  1954  2  3.636   3.463       66.2    -15.2    2
 2  1954  2  5.589   5.416       62.5    -13.4    2
 2  1954  2  6.582   6.409       60.3    -10.7    2
 2  1954  3  1.599   1.428       -4.6     31.2    2
 2  1955  4 21.459  21.290     -155.6    108.0    2
 2  1955  4 24.438  24.269     -163.0    111.2    2
 2  1955  4 25.490  25.321     -165.5    110.8    2
 2  1967  4  6.389   0.0        -84.0     71.9    2
 2  1967  4 10.415   0.0        -92.0     73.5    2
 2  1967  5  2.335   0.0       -135.1     85.8    2
 2  1967  5 12.297   0.0       -153.2     90.8    2
 2  1967  5 14.354   0.0       -155.6     91.9    2
 2  1968  3 31.425   0.0        -70.0     66.8    2
 2  1969  4 22.427   0.0       -106.2     73.7    2
 2  1969  5 20.289   0.0       -152.9     84.7    2
 2  1969  6 18.294   0.0       -195.4     93.4    2
