 01  2001 08 10.02379  20 38 00.22  -18  13  24.5  807  3   3
 01  2001 08 10.11901  20 37 59.62  -18  13  27.1  807  3   3
 01  2001 08 10.21688  20 37 58.99  -18  13  29.6  807  3   3
 01  2002 08 14.00655  20 47 08.20  -18  00  12.0  807  3   3
 01  2002 08 14.13779  20 47 07.31  -18  00  15.6  807  3   3
 01  2002 08 14.19312  20 47 06.96  -18  00  17.2  807  3   3
 01  2002 08 16.03731  20 46 54.98  -18  01  09.8  807  3   3
 01  2002 08 16.12087  20 46 54.42  -18  01  12.2  807  3   3
 01  2002 08 16.18696  20 46 54.00  -18  01  13.9  807  3   3
 01  2002 09 03.05508  20 45 06.19  -18  08  58.1  309  1   1
 01  2002 09 03.06052  20 45 06.16  -18  08  58.2  309  1   1
 01  2002 09 03.06594  20 45 06.12  -18  08  58.4  309  1   1
 01  2002 09 03.15553  20 45 05.62  -18  09  00.4  309  1   1
 01  2002 09 03.16097  20 45 05.59  -18  09  00.6  309  1   1
 01  2002 09 03.16641  20 45 05.56  -18  09  00.7  309  1   1
 01  2002 09 04.01802  20 45 00.94  -18  09  20.7  309  1   1
 01  2002 09 04.03667  20 45 00.84  -18  09  21.0  309  1   1
 02  2001 07 23.39411  20 38 28.68  -18  14  52.9  568  2   2
 02  2001 07 23.46403  20 38 28.20  -18  14  54.9  568  2   2
 02  2001 07 23.55187  20 38 27.64  -18  14  56.9  568  2   2
 02  2002 08 14.01345  20 45 43.12  -18  02  55.9  807  3   3
 02  2002 08 14.10409  20 45 42.55  -18  02  58.2  807  3   3
 02  2002 08 14.17147  20 45 42.14  -18  03  00.3  807  3   3
 02  2002 08 15.99705  20 45 30.72  -18  03  49.0  807  3   3
 02  2002 08 16.08557  20 45 30.19  -18  03  51.3  807  3   3
 02  2002 08 16.16647  20 45 29.69  -18  03  53.5  807  3   3
 02  2002 09 03.03204  20 43 46.07  -18  11  13.3  309  1   1
 02  2002 09 03.03748  20 43 46.04  -18  11  13.4  309  1   1
 02  2002 09 03.04835  20 43 45.97  -18  11  13.5  309  1   1
 02  2002 09 03.13244  20 43 45.53  -18  11  15.2  309  1   1
 02  2002 09 03.13788  20 43 45.49  -18  11  15.7  309  1   1
 02  2002 09 03.14331  20 43 45.47  -18  11  15.6  309  1   1
 02  2002 09 03.14873  20 43 45.44  -18  11  15.8  309  1   1
 02  2002 09 05.07780  20 43 35.49  -18  11  58.2  309  1   1
 02  2002 09 05.08392  20 43 35.45  -18  11  58.7  309  1   1
 02  2002 09 05.09005  20 43 35.42  -18  11  58.8  309  1   1
 02  2002 09 05.09616  20 43 35.40  -18  11  59.0  309  1   1
 02  2002 09 05.10230  20 43 35.37  -18  11  58.9  309  1   1
 02  2002 09 05.11457  20 43 35.30  -18  11  58.9  309  1   1
 02  2002 09 05.12069  20 43 35.30  -18  11  58.9  309  1   1
 03  2001 08 11.05005  20 39 20.34  -18  23  04.1  807  3   3
 03  2001 08 11.08372  20 39 20.13  -18  23  04.9  807  3   3
 03  2001 08 11.17850  20 39 19.51  -18  23  07.2  807  3   3
 03  2002 08 13.01769  20 48 05.02  -17  47  11.2  807  3   3
 03  2002 08 13.07746  20 48 04.64  -17  47  12.8  807  3   3
 03  2002 08 13.09404  20 48 04.53  -17  47  13.2  807  3   3
 03  2002 08 15.04597  20 47 51.80  -17  48  01.8  807  3   3
 03  2002 08 15.12053  20 47 51.31  -17  48  03.8  807  3   3
 03  2002 08 15.21912  20 47 50.67  -17  48  06.3  807  3   3
 03  2002 09 03.07293  20 45 56.53  -17  55  27.7  309  1   1
 03  2002 09 03.07836  20 45 56.51  -17  55  27.7  309  1   1
 03  2002 09 03.08380  20 45 56.47  -17  55  27.8  309  1   1
 03  2002 09 03.17319  20 45 55.97  -17  55  29.5  309  1   1
 03  2002 09 03.17862  20 45 55.94  -17  55  29.8  309  1   1
 03  2002 09 03.18406  20 45 55.91  -17  55  30.0  309  1   1
 03  2002 09 04.99983  20 45 46.11  -17  56  07.8  309  1   1
 03  2002 09 05.06871  20 45 45.75  -17  56  09.2  309  1   1
