201  2004 08 11.31131 21 04 06.39 -16 53 44.3  568     *   *  54697
201  2004 08 11.43355 21 04 05.58 -16 53 47.9  568     *   *  54697
202  2004 07 21.44856 21 07 57.26 -16 48 50.4  568     *   *  54697
202  2004 07 21.57065 21 07 56.50 -16 48 54.0  568     *   *  54697
202  2004 07 23.41371 21 07 45.21 -16 49 42.8  568     *   *  54697
202  2004 07 23.51510 21 07 44.58 -16 49 46.8  568     *   *  54697
202  2004 10 12.05315 21 01 03.63 -17 18 31.1  309   25.5  R  54697
202  2004 10 13.07609 21 01 02.11 -17 18 37.2  309   25.9  R  54697
203  2004 08 11.31131 21 04 39.09 -16 39 55.7  568     *   *  54697
203  2004 08 11.43355 21 04 38.29 -16 39 59.3  568     *   *  54697
204  2004 08 11.31131 21 06 56.86 -17 07 45.0  568     *   *  54697
204  2004 08 11.43355 21 06 56.07 -17 07 48.6  568     *   *  54697
