9   2009 06 22.57094 21 53 28.295 -13 21 30.27  * 
9   2009 06 22.58758 21 53 28.241 -13 21 30.32  * 
9   2009 06 22.60438 21 53 28.187 -13 21 30.69  * 
9   2009 10 14.20981 21 43 38.251 -14 10 05.99 24.7 
9   2009 10 14.23858 21 43 38.165 -14 10 06.39  * 
9   2009 10 14.25350 21 43 38.125 -14 10 06.56  * 
9   2009 10 15.25694 21 43 35.440 -14 10 17.97  * 
9   2009 10 15.27153 21 43 35.400 -14 10 18.32  * 
10  2009 06 22.57094 21 52 36.926 -12 55 13.24  * 
10  2009 06 22.58758 21 52 36.898 -12 55 13.45  * 
10  2009 06 22.60438 21 52 36.829 -12 55 13.68  * 
10  2009 10 14.20981 21 42 55.760 -13 45 21.23 25.6 
10  2009 10 14.23858 21 42 55.688 -13 45 21.63  * 
10  2009 10 14.25350 21 42 55.638 -13 45 21.84  * 
10  2009 10 15.25694 21 42 53.035 -13 45 35.32  * 
10  2009 10 15.27153 21 42 53.006 -13 45 35.71  * 
11  2009 10 14.20981 21 43 22.894 -14 06 02.33 25.8 
11  2009 10 14.23858 21 43 22.807 -14 06 02.74  * 
11  2009 10 14.25350 21 43 22.775 -14 06 03.11  * 
11  2009 10 15.25694 21 43 20.208 -14 06 17.98  * 
11  2009 10 15.27153 21 43 20.165 -14 06 18.17  * 
12  2009 10 14.21725 21 46 02.914 -14 03 30.39 25.3 
12  2009 10 14.24606 21 46 02.820 -14 03 30.82  * 
12  2009 10 14.26093 21 46 02.777 -14 03 31.00  * 
12  2009 10 15.26389 21 46 00.113 -14 03 43.29  * 
12  2009 10 15.27917 21 46 00.102 -14 03 43.73  * 
13  2009 10 14.21725 21 45 32.911 -13 52 45.68 25.2 
13  2009 10 14.24606 21 45 32.814 -13 52 46.03  * 
13  2009 10 14.26093 21 45 32.771 -13 52 46.35  * 
13  2009 10 15.26389 21 45 29.930 -13 52 59.16  * 
13  2009 10 15.27917 21 45 29.887 -13 52 59.49  * 






201  2004 08 11.31131 21 04 06.39 -16 53 44.3  568     *   *  54697
201  2004 08 11.43355 21 04 05.58 -16 53 47.9  568     *   *  54697
202  2004 07 21.44856 21 07 57.26 -16 48 50.4  568     *   *  54697
202  2004 07 21.57065 21 07 56.50 -16 48 54.0  568     *   *  54697
202  2004 07 23.41371 21 07 45.21 -16 49 42.8  568     *   *  54697
202  2004 07 23.51510 21 07 44.58 -16 49 46.8  568     *   *  54697
202  2004 10 12.05315 21 01 03.63 -17 18 31.1  309   25.5  R  54697
202  2004 10 13.07609 21 01 02.11 -17 18 37.2  309   25.9  R  54697
203  2004 08 11.31131 21 04 39.09 -16 39 55.7  568     *   *  54697
203  2004 08 11.43355 21 04 38.29 -16 39 59.3  568     *   *  54697
204  2004 08 11.31131 21 06 56.86 -17 07 45.0  568     *   *  54697
204  2004 08 11.43355 21 06 56.07 -17 07 48.6  568     *   *  54697
