1980  2    2.36138    +42.71
1980  2    2.36801    +42.95
1980  2    2.41838    +48.36
1980  2    2.42543    +48.85
1980  2    2.46552    +50.37
1980  2    2.47222    +52.24
1980  2    2.51994    +53.89
1980  2    4.41802    -40.92
1980  2    4.42592    -39.93
1980  2    4.42790    -39.75
1980  2    4.43059    -39.64
1980  2    4.43443    -39.28
1980  2    5.38035    +58.47
1980  2    5.38368    +60.09
1980  2    5.42033    +60.95
1980  3    1.032      +62.4
1980  3    1.049      +62.2
1980  3    1.099      +61.4
1980  3    1.131      +59.9
1980  3    1.2903     +51.8
1980  3    1.4193     +41.09
1980  3    1.4218     +40.77
1980  3    1.4285     +40.71
1980  3    1.4357     +39.30
1980  3    1.4508     +38.33
1980  3    1.4617     +36.65
1980  3    1.4680     +35.57
1980  3    9.39498    +57.9
1980  3    9.40216    +57.6
1980  3    9.42662    +56.9
1980  3   10.3414     -47.0
1980  3   10.31968    -47.5
1980  3   10.32358    -47.7
1980  3   10.34718    -49.8
1980  3   13.22912    -57.81
1980  3   13.24192    -59.16
1980  3   13.18171    -56.6
1980  3   13.18788    -56.9
1980  3   13.26449    -60.0
1980  3   14.3988     +46.45
1980  3   14.4352     +48.58
1980  3   15.9528     -57.24
1980  3   15.9851     -58.93
1980  3   16.0236     -60.40
1980  3   16.0892     -61.45
1980  3   16.126      -61.65
1980  3   28.2125     +56.53
1980  3   28.2451     +57.87
1980  3   28.2692     +58.99
1980  3   28.2927     +60.15
1980  3   28.3153     +60.59
1980  4    8.1544     +56.1
1980  4    8.1899     +57.4
1980  4    8.2053     +58.0
1980  4    8.2673     +60.4
1980  4    8.3176     +60.6
1980  4    8.3521     +60.3
1980  5    8.1771     +58.69
1980  5    8.2015     +50.22
1980  5    8.2172     +51.38
1980  5    8.2330     +52.66
1980  5    8.2502     +53.49
1980  5    8.2661     +54.39
1980  5   19.22639    +52.45
1980  5   19.25000    +55.05
1980  5   19.26736    +55.71
1980  6   22.20399    -30.31
1980  6   28.16883    -52.48
1980  6   28.17697    -52.16
1980  6   28.18554    -51.73
1980  6   28.19494    -51.22
1980  6   28.20477    -51.47
1980  7   18.16058    +23.42
1980  7   18.17002    +26.38
1980  7   18.17224    +27.62
1980  7   21.16653    +46.61
1980  7   21.16930    +45.95
1980  7   21.17356    +46.49
1980  7   21.17543    +46.32
1980  7   21.18398    +47.09
