12 2444704.54653  42.40   7.03  1    0.183     0.435 809
12 2444704.58333  45.65   6.90  1   -0.096     0.413 809
12 2444704.60139  47.21   6.89  1   -0.151     0.473 809
12 2444704.61111  48.50   6.81  1    0.304     0.435 809
12 2444704.63542  50.21   6.23  1    0.029    -0.026 809
12 2444704.64653  51.06   6.17  1    0.023    -0.025 809
12 2444704.65972  51.88   6.67  1   -0.130     0.552 809
12 2444704.67361  52.66   6.22  1   -0.324     0.190 809
12 2444704.70139  54.12   6.25  1   -0.651     0.413 809
12 2444706.53889 -48.58   0.15  1    0.162     0.155 809
12 2444706.56181 -46.38   0.69  1    0.429     0.345 809
12 2444706.57222 -45.60   0.53  1    0.288     0.027 809
12 2444706.58264 -44.77   0.68  1    0.168     0.018 809
12 2444706.59722 -43.15   0.86  1    0.415    -0.023 809
12 2444706.60694 -42.47   0.97  1    0.152    -0.060 809
12 2444706.62083 -40.96   1.13  1    0.277    -0.109 809
12 2444706.63542 -39.51   1.45  1    0.226    -0.007 809
12 2444706.64861 -38.42   1.76  1   -0.080     0.108 809
12 2444706.65556 -37.44   1.86  1    0.150     0.105 809
12 2444707.55139  59.33   4.67  1   -0.322    -0.133 809
12 2444708.62778 -38.44  -6.83  1   -0.029    -0.291 809
12 2444708.64167 -39.92  -6.63  1   -0.054    -0.108 809
12 2444708.65278 -41.12  -6.76  1   -0.119    -0.258 809
12 2444708.66597 -42.46  -6.48  1   -0.146    -0.006 809
12 2444708.67639 -43.32  -6.42  1    0.003     0.028 809
12 2444708.70347 -45.94  -6.44  1   -0.112    -0.079 809
12 2444708.71458 -46.97  -6.46  1   -0.165    -0.141 809
12 2444708.72222 -47.47  -6.33  1   -0.012    -0.043 809
12 2445049.96076  44.86  -6.12  1   -0.208     0.116 568
12 2445049.96319  44.36  -6.08  1   -0.489     0.214 568
12 2445049.96528  44.32  -6.23  1   -0.339     0.114 568
12 2445049.96875  45.47  -6.08  1    1.127     0.346 568
12 2445049.97083  45.58  -6.21  1    1.429     0.265 568
12 2445049.97569  43.84  -6.47  1    0.139     0.119 568
12 2445049.97778  43.92  -6.48  1    0.415     0.158 568
12 2445049.97986  44.40  -6.59  1    1.090     0.097 568
12 2445049.98333  43.38  -6.67  1    0.398     0.097 568
12 2445049.98542  43.21  -6.96  1    0.427    -0.144 568
12 2445049.98681  43.32  -7.04  1    0.670    -0.192 568
12 2445049.98958  42.40  -6.92  1    0.016    -0.009 568
12 2445049.99167  42.72  -6.92  1    0.538     0.039 568
12 2445049.99306  42.74  -6.98  1    0.693     0.011 568
12 2445049.99653  42.17  -7.06  1    0.461     0.010 568
12 2445049.99792  42.17  -6.99  1    0.597     0.111 568
12 2445050.00000  41.84  -7.35  1    0.472    -0.202 568
12 2445093.52361  57.04  -0.32  1   -0.387     0.048 809
12 2445802.66806  53.00  -8.66  1   -0.193     0.105 809
12 2445803.61458 -49.28 -10.26  1    0.282     0.285 809
12 2445803.63264 -50.62  -9.36  1    0.173     0.459 809
12 2445803.64444 -51.65  -8.97  1   -0.100     0.365 809
12 2445803.65417 -52.26  -8.74  1   -0.113     0.191 809
12 2445803.66458 -52.50  -7.99  1    0.257     0.504 809
12 2445803.67292 -53.13  -7.90  1    0.093     0.241 809
12 2445803.68194 -53.66  -7.45  1    0.046     0.305 809
12 2445803.69028 -54.11  -7.03  1    0.023     0.365 809
12 2445803.70069 -54.63  -6.45  1    0.007     0.493 809
12 2445803.70833 -54.91  -6.36  1    0.077     0.248 809
12 2445803.71736 -55.31  -5.93  1    0.070     0.280 809
12 2445803.74167 -56.28  -4.83  1    0.037     0.295 809
12 2445803.76389 -56.83  -3.77  1    0.192     0.350 809
12 2445803.78333 -57.35  -2.81  1    0.167     0.421 809
12 2445803.80556 -57.97  -1.82  1   -0.028     0.387 809
12 2445803.82569 -58.19  -0.84  1    0.007     0.435 809
12 2445803.90972 -57.88   3.14  1    0.034     0.519 809
12 2445804.72986  25.35  17.86  1    0.100    -0.078 809
12 2445804.74514  27.57  17.75  1    0.474     0.142 809
12 2445804.75972  29.31  17.11  1    0.485    -0.163 809
12 2445804.77361  30.76  17.02  1    0.318     0.084 809
12 2445804.78889  33.01  16.45  1    0.826    -0.094 809
12 2445804.80903  34.78  15.78  1    0.362    -0.216 809
12 2445804.83056  36.80  15.10  1    0.077    -0.272 809
12 2445804.84931  38.64  14.79  1   -0.017    -0.008 809
12 2445805.64583  32.96 -17.43  1    0.422    -0.318 809
12 2445805.65764  31.67 -17.76  1    0.453    -0.358 809
12 2445805.66667  30.06 -17.89  1   -0.132    -0.275 809
12 2445808.86389 -28.84 -17.53  1   -0.056     0.051 809
12 2445093.55139  56.24  -1.05  1   -0.059     0.006 809
12 2445093.55972  55.71  -1.54  1   -0.207    -0.279 809
12 2445093.56875  55.64  -1.53  1    0.160    -0.047 809
12 2445093.57847  54.64  -1.82  1   -0.344    -0.098 809
12 2445093.59375  53.71  -2.33  1   -0.439    -0.235 809
12 2445093.60764  53.22  -2.35  1   -0.113     0.082 809
12 2445093.62153  53.64  -2.82  1    1.176    -0.054 809
12 2445093.63542  51.69  -2.78  1    0.147     0.318 809
12 2445093.68472  48.78  -3.64  1    0.914     0.607 809
12 2445093.70625  45.48  -4.26  1   -0.588     0.474 809
12 2445094.51215 -48.00  -8.15  1    0.327     0.078 809
12 2445094.51667 -48.70  -8.38  1   -0.023    -0.226 809
12 2445094.56528 -52.37  -7.40  1   -0.266    -0.100 809
12 2445094.57569 -53.05  -7.26  1   -0.295    -0.155 809
12 2445094.60069 -54.14  -6.61  1    0.052     0.011 809
12 2445094.63125 -55.29  -5.71  1    0.415     0.289 809
12 2445094.66806 -57.09  -5.46  1    0.070    -0.249 809
12 2445094.68333 -57.91  -5.13  1   -0.266    -0.257 809
12 2445094.75000 -58.97  -3.25  1   -0.062     0.082 809
12 2446256.60347  26.65  17.69  2   -0.465    -0.190 809
12 2446256.62014  28.46  17.45  2   -0.504     0.025 809
12 2446256.65139  31.45  16.44  2   -0.863    -0.064 809
12 2446256.70556  36.25  14.74  2   -1.454     0.036 809
12 2446257.49236  31.20 -18.34  2    0.781     0.195 809
12 2446258.46597 -55.82   2.02  2   -0.214    -0.416 809
12 2446258.48958 -55.01   3.49  2    0.307    -0.083 809
12 2446258.50556 -55.20   3.96  2   -0.169    -0.377 809
12 2446258.52083 -54.88   4.81  2   -0.192    -0.251 809
12 2446258.53819 -54.22   5.70  2   -0.002    -0.177 809
12 2446258.55799 -53.96   6.48  2   -0.384    -0.317 809
12 2446258.57361 -53.31   7.28  2   -0.317    -0.232 809
12 2446258.58403 -52.85   7.84  2   -0.284    -0.144 809
12 2446258.60556 -52.13   8.70  2   -0.541    -0.244 809
12 2446258.61389 -52.17   9.07  2   -0.993    -0.240 809
12 2446258.63958 -50.29  10.22  2   -0.500    -0.196 809
12 2446258.64792 -49.79  10.54  2   -0.488    -0.228 809
12 2446258.67083 -48.71  11.46  2   -0.840    -0.253 809
12 2446259.47708  40.20  14.10  2   -0.448     0.710 809
12 2446259.48333  40.74  13.16  2   -0.446     0.008 809
12 2446259.50625  42.46  12.36  2   -0.621     0.104 809
12 2446259.51181  43.04  12.17  2   -0.483     0.137 809
12 2446259.53542  44.89  11.27  2   -0.427     0.205 809
12 2446259.54167  45.54  10.91  2   -0.229     0.107 809
12 2446259.56111  46.73  10.06  2   -0.384     0.086 809
12 2446259.56875  47.27   9.79  2   -0.347     0.147 809
12 2446259.59097  48.54   8.84  2   -0.454     0.177 809
12 2446259.59722  49.15   8.76  2   -0.208     0.377 809
12 2446259.61875  50.26   7.54  2   -0.272     0.135 809
12 2446259.62569  50.79   7.25  2   -0.093     0.164 809
12 2446259.64722  51.33   6.20  2   -0.561     0.115 809
12 2446259.65417  51.90   5.87  2   -0.288     0.112 809
12 2446259.67708  52.67   5.19  2   -0.404     0.518 809
12 2446261.48681 -42.06  14.54  2   -0.271    -0.091 809
12 2446261.50972 -40.41  15.20  2   -0.598    -0.209 809
12 2446261.51667 -39.79  15.44  2   -0.600    -0.197 809
13 2444706.69792  35.62   3.68  1   -0.367    -1.332 809
13 2444706.70764  37.00   4.91  1    0.048    -0.058 809
13 2444708.62778  40.28   3.89  1    0.389    -0.869 809
13 2444708.65278  42.04   3.76  1    0.210    -0.825 809
13 2444708.66597  43.15   4.09  1    0.413    -0.390 809
13 2444708.70347  44.93   3.80  1    0.068    -0.335 809
13 2444708.71458  45.37   4.01  1    0.011    -0.011 809
13 2444708.72222  45.78   3.92  1    0.115    -0.019 809
13 2445094.66806 -34.29  -6.84  1   -0.136     0.181 809
13 2445094.70000 -37.44  -7.90  1   -0.168    -1.419 809
13 2445094.71597 -38.96  -6.33  1   -0.286    -0.146 809
13 2445094.73333 -40.92  -6.12  1   -0.847    -0.280 809
13 2445803.70069  36.33   9.66  1    0.106     0.306 809
13 2445803.70833  36.49   8.71  1   -0.428    -0.318 809
13 2445803.71736  37.91   8.41  1    0.204    -0.225 809
13 2445803.74167  39.40   7.36  1   -0.258    -0.179 809
13 2445803.76389  41.01   6.44  1   -0.204    -0.054 809
13 2445803.78333  42.04   4.56  1   -0.351    -0.990 809
13 2445803.82569  44.14   2.91  1   -0.194    -0.509 809
13 2445804.62431 -35.40 -10.17  1   -1.225     0.132 809
13 2445804.65208 -36.59  -8.85  1    0.223     0.302 809
13 2445804.66042 -37.02  -8.07  1    0.526     0.721 809
13 2445804.66944 -38.43  -8.18  1   -0.125     0.213 809
13 2445804.67778 -38.90  -7.85  1    0.077     0.169 809
13 2445804.68611 -38.84  -7.52  1    0.778     0.118 809
13 2445804.71389 -41.24  -5.91  1    0.292     0.419 809
13 2445804.72986 -42.13  -4.92  1    0.344     0.631 809
13 2445804.74514 -42.78  -4.43  1    0.482     0.362 809
13 2445804.75972 -43.38  -3.47  1    0.530     0.586 809
13 2445804.77361 -44.20  -2.80  1    0.231     0.547 809
13 2445804.78889 -44.47  -1.99  1    0.425     0.568 809
13 2445804.80903 -45.19  -0.82  1    0.139     0.688 809
13 2445804.83056 -45.46  -0.34  1    0.107     0.039 809
13 2445804.84931 -45.85   1.00  1   -0.267     0.393 809
13 2445805.62708  39.62   7.60  1    0.053    -0.027 809
13 2445805.66667  42.16   5.32  1   -0.059    -0.427 809
13 2445805.68403  42.97   5.19  1   -0.183     0.301 809
13 2445805.71667  44.10   2.95  1   -0.417    -0.284 809
13 2445808.65000 -45.34   2.87  1    0.069     0.913 809
13 2445808.65764 -45.43   2.94  1   -0.167     0.586 809
13 2445808.75000 -41.13   7.60  1    0.096     0.641 809
13 2445808.76875 -40.86   8.30  1   -0.947     0.473 809
13 2445808.80417 -37.85   9.96  1   -0.838     0.580 809
13 2445808.82569 -35.44  10.63  1   -0.446     0.369 809
13 2446260.66181  38.67   6.18  2   -0.669     0.227 809
13 2446260.67361  39.68   4.93  2   -0.323    -0.411 809
14 2444705.65278  46.97   1.25  1    0.145    -1.323 809
14 2444705.68681  45.68   1.04  1   -0.343    -1.014 809
14 2444705.71111  44.82   0.66  1   -0.272    -1.006 809
14 2444706.62083 -46.25  -1.31  1    0.216     0.882 809
14 2444706.63542 -45.76  -0.74  1    0.222     1.221 809
14 2444706.64861 -45.33  -0.53  1    0.120     1.218 809
14 2444706.65556 -45.07  -0.59  1    0.064     1.044 809
14 2444706.69792 -43.00   0.47  1   -0.312     1.395 809
14 2444706.70764 -41.89   0.95  1    0.115     1.710 809
14 2444707.56528  46.31   1.46  1    0.072    -0.749 809
14 2444707.57361  46.38   1.01  1    0.390    -1.070 809
14 2444708.54444 -44.61  -0.58  1    0.402     1.052 809
14 2444708.57361 -43.12   0.14  1    0.282     1.291 809
14 2444708.62778 -39.22   0.28  1    0.115     0.513 809
14 2445092.54861  39.24   5.92  1   -0.573    -0.042 809
14 2445092.55347  39.90   5.66  1   -0.287    -0.203 809
14 2445092.58611  42.28   4.91  1   -0.145    -0.253 809
14 2445092.59306  42.79   5.02  1   -0.047     0.014 809
14 2445093.55139 -43.38  -4.25  1    0.257     0.493 809
14 2445093.55972 -44.26  -4.70  1   -0.196    -0.155 809
14 2445093.56875 -44.40  -4.31  1    0.088     0.016 809
14 2445093.59375 -45.11  -3.79  1    0.341    -0.089 809
14 2445093.63542 -46.83  -3.24  1   -0.484    -0.638 809
14 2445094.53472  44.77   3.67  1   -0.433    -0.013 809
14 2445094.54444  44.89   3.12  1   -0.592    -0.316 809
14 2445094.57569  45.84   3.15  1   -0.220     0.529 809
14 2445094.66806  45.14   0.40  1    0.246     0.314 809
14 2445094.71597  43.02  -0.39  1    0.388     0.856 809
14 2445094.75000  40.71  -1.76  1    0.336     0.414 809
14 2445095.57431 -46.51  -2.10  1   -0.386    -0.922 809
14 2445095.64792 -44.68   0.48  1   -1.142    -0.420 809
14 2445802.64792  46.41   0.28  1    0.772    -0.032 809
14 2445802.68125  45.62   0.91  1    0.091     2.362 809
14 2445803.61458 -45.23  -0.17  1    0.210    -0.962 809
14 2445803.63264 -45.40   1.63  1   -0.130    -0.102 809
14 2445803.64444 -44.89   2.17  1    0.182    -0.173 809
14 2445803.65417 -45.10   2.62  1   -0.244    -0.224 809
14 2445803.66458 -44.46   3.21  1    0.114    -0.168 809
14 2445803.67292 -44.70   3.04  1   -0.391    -0.762 809
14 2445803.68194 -44.03   3.71  1   -0.045    -0.548 809
14 2445803.69028 -44.05   4.81  1   -0.399     0.134 809
14 2445803.70069 -43.15   5.48  1    0.036     0.287 809
14 2445803.70833 -43.29   6.00  1   -0.478     0.431 809
14 2445803.71736 -42.25   5.94  1    0.085    -0.069 809
14 2445803.74167 -41.30   7.27  1   -0.439     0.105 809
14 2445803.76389 -39.59   8.50  1   -0.310     0.318 809
14 2445803.78333 -38.14   9.58  1   -0.419     0.543 809
14 2445803.80556 -36.51  10.29  1   -0.767     0.322 809
14 2445803.82569 -34.23  11.31  1   -0.447     0.545 809
14 2445804.61458  43.87  -3.67  1   -0.619     0.193 809
14 2445804.62431  44.77  -4.94  1    0.648    -0.580 809
14 2445804.65208  43.53  -5.27  1    0.711     0.479 809
14 2445804.66042  42.67  -5.57  1    0.315     0.587 809
14 2445804.66944  42.43  -6.61  1    0.613    -0.018 809
14 2445804.71389  39.09  -8.61  1    0.469     0.032 809
14 2445804.72986  38.34  -8.79  1    1.078     0.543 809
14 2445804.74514  37.27 -10.61  1    1.407    -0.640 809
14 2446256.56806 -39.21  -6.01  2   -0.376     0.656 809
14 2446257.49236  37.78   6.24  2    0.583    -1.591 809
14 2446257.50972  39.02   5.76  2    0.582    -1.210 809
14 2446257.52569  39.45   4.19  2   -0.017    -1.967 809
14 2446257.54236  40.60   4.34  2    0.178    -0.949 809
14 2446257.55903  41.28   3.11  2    0.028    -1.294 809
14 2446257.59097  42.38   1.10  2   -0.106    -1.571 809
14 2446257.60625  43.60   0.35  2    0.693    -1.479 809
14 2446257.67014  42.94  -3.44  2   -0.507    -1.719 809
14 2446258.46597 -39.80  -4.97  2   -0.461     1.175 809
14 2446258.48958 -40.91  -3.65  2   -0.282     1.267 809
14 2446258.52083 -42.08  -2.60  2   -0.132     0.648 809
14 2446258.55799 -43.20  -0.27  2   -0.271     0.953 809
14 2446258.57361 -43.42   0.95  2   -0.272     1.315 809
14 2446258.58403 -43.27   1.26  2   -0.041     1.053 809
14 2446258.60556 -43.56   2.71  2   -0.326     1.322 809
14 2446258.61389 -44.22   3.21  2   -1.042     1.367 809
14 2446258.63958 -43.03   4.48  2   -0.234     1.244 809
14 2446258.64792 -42.16   4.95  2    0.445     1.267 809
14 2446259.48333  42.69   0.99  2    0.194    -1.440 809
14 2446259.50625  42.90  -0.25  2   -0.136    -1.417 809
14 2446259.51181  42.75  -0.60  2   -0.379    -1.459 809
14 2446259.59722  41.55  -4.94  2   -1.130    -1.090 809
14 2446259.65417  39.97  -8.26  2   -0.469    -1.416 809
14 2446259.67708  39.04  -8.64  2   -0.076    -0.655 809
14 2446260.47500 -43.50   1.96  2   -0.380     1.596 809
14 2446260.48125 -43.40   2.15  2   -0.265     1.444 809
14 2446260.51181 -43.21   3.49  2   -0.265     1.119 809
14 2446260.53403 -42.52   4.91  2    0.011     1.344 809
14 2446260.54167 -42.56   5.23  2   -0.224     1.258 809
14 2446260.56528 -41.67   6.81  2   -0.108     1.599 809
14 2446260.57222 -41.42   6.85  2   -0.134     1.280 809
14 2446260.59514 -40.09   8.17  2    0.132     1.440 809
14 2446260.60208 -39.64   8.56  2    0.214     1.485 809
14 2446261.47917  42.45  -4.75  2   -0.256    -1.245 809
14 2446261.48681  42.36  -5.47  2   -0.157    -1.552 809
