N1459746483 2004 095 04 44 37.647   36.042331   9.748796  35.992169   9.877594 179.613952  364.97  885.72
N1462424980 2004 126 04 45 48.332   37.217886   9.892745  37.299101   9.878561  89.542837  550.98  744.90
N1462769982 2004 130 04 35 48.085   35.745073   9.937060  35.683302   9.893619 179.670286  335.00  383.92
N1478342181 2004 310 10 10 54.265    5.172055   9.222478   5.079600   9.300890  86.211215  301.20  231.13
N1478972515 2004 317 17 16 24.151   29.532737   6.959659  29.457404   7.042999  88.805820  273.36  288.65
N1479058241 2004 318 17 05 09.592   21.585284   7.418626  21.507955   7.504445  87.916474  269.83  279.17
N1480151748 2004 331 08 50 09.456   45.546840   4.706801  45.484667   4.787374  90.646089  274.79  333.65
N1486338809 2005 036 23 27 10.225   57.841880  -2.200918  57.838093  -2.181195  92.002098  453.70  502.49
N1487968959 2005 055 20 16 09.611   58.941268  -6.150048  58.964902  -6.121861  92.117972  431.98  582.94
N1488230411 2005 058 20 53 39.909   64.855046  -5.828544  64.881186  -5.809674 182.739835  589.79  562.79
N1488658904 2005 063 19 55 10.237   82.371368  -4.730849  82.386629  -4.716728 184.388923  558.82  549.13
N1489312848 2005 071 09 34 10.032   33.401139  -6.486825  33.406255  -6.478357 201.642315  534.36  528.97
N1492758460 2005 111 06 40 39.962   40.474079   4.368456  40.484990   4.381873 110.485800  485.98  554.87
N1493185033 2005 116 05 10 10.228   69.699734   9.992219  69.717082  10.000205  21.496729  456.67  508.09
N1495714109 2005 145 11 41 10.020   43.536857  -1.201619  43.515030  -1.200571 201.422038  453.44  537.56
N1495897621 2005 147 14 39 40.843   39.412176   1.824485  39.403612   1.821965 110.676205  509.56  485.58
N1496868422 2005 158 20 19 35.917   88.941127  13.591111  88.931934  13.590991 185.155400  485.55  513.49
N1496868455 2005 158 20 20 08.904   88.962001  13.584836  88.951160  13.584447 185.157660  480.83  513.13
N1496868488 2005 158 20 20 41.434   88.982731  13.578635  88.970728  13.578457 185.157793  477.61  514.04
N1496868521 2005 158 20 21 14.694   89.003708  13.572264  88.991076  13.571389 185.158502  475.65  512.18
N1497971774 2005 171 14 48 40.670   58.780482  11.794724  58.788397  11.796753 182.201903  534.28  516.54
N1498057350 2005 172 14 34 56.124   64.745568   8.240193  64.738552   8.241669 182.807905  491.51  516.78
N1498795070 2005 181 03 30 11.422   42.437537  -2.170060  42.424723  -2.170630 201.130252  476.11  523.40
N1499521469 2005 189 13 16 45.792   70.083935   8.044363  70.083874   8.045916 183.353172  511.59  516.03
N1499726641 2005 191 22 16 16.484   72.172924   9.335779  72.166004   9.349528 108.897734  467.17  505.65
N1501155850 2005 208 11 16 16.292   68.131726   7.921580  68.134880   7.923107 199.329843  521.56  512.69
N1502067069 2005 219 00 23 09.457   38.468718  -0.124355  38.463931  -0.126857 110.338003  513.49  495.89
N1502086659 2005 219 05 49 39.332   43.789968   0.225737  43.787212   0.223466 110.513708  514.88  501.66
N1502276681 2005 221 10 36 40.115   41.637270   3.350307  41.631404   3.359127 109.986259  481.53  504.25
N1502581553 2005 224 23 17 50.162   64.096339   6.597752  64.093101   6.598333 109.602170  506.76  503.24
N1502795924 2005 227 10 50 39.789   67.106853   8.440478  67.102608   8.444871 198.699608  504.02  527.54
N1503502189 2005 235 15 01 40.267   35.203597  -4.032124  35.201157  -4.025232 200.161520  511.76  532.79
N1504217608 2005 243 21 45 14.685   61.969795   2.828129  61.970344   2.829713 111.081845  507.77  514.65
N1504246318 2005 244 05 43 44.501   69.950933   3.780860  69.947960   3.794408 111.801569  471.65  518.13
N1504900948 2005 251 19 34 10.309   31.575377  -6.227854  31.578973  -6.236223  89.074817  535.71  522.30
N1506908020 2005 275 01 05 09.543   58.835529  -5.779401  58.837923  -5.772055 182.104757  519.22  532.63
N1506992531 2005 276 00 33 40.003   47.076667  -6.152172  47.078432  -6.145354 180.814842  516.89  531.29
N1507099422 2005 277 06 15 10.320   67.111315  -5.504545  67.113773  -5.497901 182.966478  519.62  530.46
N1507432249 2005 281 02 42 15.194   68.040920  -5.354982  68.034995  -5.338973 115.705941  462.03  516.25
N1507970387 2005 287 08 11 09.756   24.502811  -6.022293  24.494811  -6.019045 178.298286  488.05  520.27
N1508094407 2005 288 18 38 08.963   40.951799  -5.997122  40.970003  -6.143881 180.127435  563.28   83.85
N1508094440 2005 288 18 38 42.198   40.941673  -5.997100  40.980044  -6.143741 180.127960  621.70   84.07
N1508094647 2005 288 18 42 08.962   40.879754  -5.996916  40.736582  -6.114898 180.101644   96.14  168.59
N1508317729 2005 291 08 40 09.537   55.146435  -5.818034  55.145437  -5.813245 112.364670  497.50  514.13
N1508353564 2005 291 18 37 24.308   47.486006  -5.951361  47.490771  -5.945918 201.017044  530.07  521.35
N1508353597 2005 291 18 37 57.561   47.477868  -5.951479  47.482654  -5.946049 201.015101  530.12  521.29
N1508375644 2005 292 00 45 24.167   43.039879  -6.030656  43.044458  -6.025626 200.390452  529.04  520.61
N1509610737 2005 306 07 50 09.276    6.247177  -5.456035   6.245724  -5.451897 176.444655  506.55  523.27
N1510051783 2005 311 10 20 52.458   21.915761  -6.098444  21.914085  -6.083486 108.700518  468.67  520.87
N1510120335 2005 312 05 23 24.020   32.554584  -6.383097  32.556342  -6.380797 109.093420  506.83  518.50
N1511544852 2005 328 17 05 11.919   72.977903  -5.251028  72.977481  -5.247141 116.325340  500.81  515.42
N1511544895 2005 328 17 05 55.168   72.992643  -5.250128  72.992333  -5.246441 116.329075  501.48  515.46
N1512221609 2005 336 13 04 24.319   16.957433  -5.945933  16.797556  -5.906041  87.483438  415.68   43.60
N1512300435 2005 337 10 58 10.091   31.839106  -6.348666  31.844298  -6.335359  89.104542  472.51  525.92
N1512300478 2005 337 10 58 53.340   31.840717  -6.348657  31.846019  -6.335233  89.104561  472.16  526.24
N1512921439 2005 344 15 28 10.123   35.933109  -6.320860  35.935162  -6.315817 109.030328  499.55  521.91
N1512921482 2005 344 15 28 53.373   35.938589  -6.320892  35.940582  -6.316806 109.034344  502.13  520.84
N1513056185 2005 346 04 53 55.263   48.589343  -6.183454  48.589145  -6.180634 200.490279  513.84  519.40
N1513368922 2005 349 19 46 10.265   45.311999  -6.225409  45.315465  -6.222385 199.990196  523.94  516.35
N1513368955 2005 349 19 46 43.533   45.311808  -6.225389  45.314736  -6.221861 199.990196  522.98  518.26
N1513572233 2005 352 04 14 39.966   56.253987  -5.912229  56.248802  -5.910789 201.694290  499.09  520.95
N1513572266 2005 352 04 15 13.234   56.247402  -5.912630  56.241697  -5.911191 201.694024  497.69  521.50
N1513698774 2005 353 15 23 40.088   67.373011  -5.542938  67.533467  -5.498545 204.211895  988.83  438.70
N1513698817 2005 353 15 24 23.338   67.383625  -5.542368  67.543230  -5.498064 204.213951  986.47  439.46
N1514730315 2005 365 13 55 54.473   22.240905  -6.055974  22.243808  -6.050359  88.056175  494.87  519.35
N1514730358 2005 365 13 56 37.722   22.231805  -6.055619  22.234297  -6.050295  88.052789  495.76  518.19
N1514730510 2005 365 13 59 09.472   22.199516  -6.054470  22.336071  -6.097313  88.064732  622.81  911.07
N1514904031 2006 002 14 11 08.360   37.973693  -6.373891  37.977619  -6.373063  89.791262  509.05  522.86
N1515000107 2006 003 16 52 23.744   26.372162  -6.154982  26.373389  -6.160960  88.501117  528.81  515.51
N1515000140 2006 003 16 52 57.013   26.369848  -6.154932  26.371284  -6.161174  88.500980  529.57  516.13
N1515122793 2006 005 02 57 08.958   42.356009  -6.358178  42.360556  -6.360984  90.283371  519.74  524.62
N1515122826 2006 005 02 57 42.226   42.360706  -6.358080  42.365728  -6.360728  90.283620  519.29  526.00
N1515253774 2006 006 15 20 09.118   32.757864  -6.263851  32.761086  -6.264512  89.206999  513.29  520.86
N1515253807 2006 006 15 20 42.386   32.757719  -6.263860  32.760276  -6.264581  89.206999  513.50  518.93
N1515420965 2006 008 13 46 39.045   50.369501  -6.149699  50.372728  -6.146931 200.391003  523.07  515.80
N1515420998 2006 008 13 47 12.314   50.365006  -6.149745  50.368308  -6.146858 200.388559  523.39  516.05
N1515468350 2006 009 02 56 23.741   41.592341  -6.248148  41.581104  -6.248811 199.244740  480.14  520.40
N1515468383 2006 009 02 56 57.010   41.587238  -6.248288  41.576184  -6.249046 199.244124  480.55  519.97
N1516654783 2006 022 20 30 09.258  348.244661  -4.091454 348.249388  -4.092946 174.971663  525.50  508.37
N1516760008 2006 024 01 43 53.587    7.288888  -5.538487   7.296943  -5.532294  86.541420  492.08  533.73
N1516760041 2006 024 01 44 26.855    7.293169  -5.538755   7.301316  -5.532714  86.541673  492.51  534.02
N1516829279 2006 024 20 58 24.145    5.153570  -5.364048   5.159724  -5.350312  86.342415  470.43  526.76
N1516829312 2006 024 20 58 57.413    5.147597  -5.363580   5.153852  -5.349989  86.342111  470.83  527.08
N1516888604 2006 025 13 27 08.766  358.082657  -4.858034 358.087204  -4.861901  85.724471  521.75  525.45
N1516888637 2006 025 13 27 42.035  358.082770  -4.858069 358.087131  -4.861899  85.724471  521.69  524.90
N1516990275 2006 026 17 41 39.118   11.999205  -5.768430  12.007172  -5.775458  86.997578  530.73  535.63
N1517147192 2006 028 13 16 55.117    5.554121  -5.353550   5.558545  -5.359980  86.382590  529.38  525.49
N1517147225 2006 028 13 17 28.386    5.556469  -5.353657   5.561039  -5.360207  86.382590  529.70  525.93
N1517188067 2006 029 00 38 09.856   10.575275  -5.664062  10.582604  -5.666022  86.861588  516.04  533.03
N1517188100 2006 029 00 38 43.125   10.580425  -5.664250  10.587941  -5.666202  86.858270  515.98  533.57
N1517228987 2006 029 12 00 09.595   16.782600  -5.970557  16.789118  -5.969660 108.145350  514.90  530.26
N1517461279 2006 032 04 31 40.114   20.172321  -6.087147  20.237842  -6.161981 107.973513  777.39  624.77
N1517461312 2006 032 04 32 13.382   20.176659  -6.087184  20.234298  -6.161605 107.973457  769.20  603.42
N1517574169 2006 033 11 53 09.394   17.069279  -5.909267  17.074061  -5.918108 108.139386  540.29  516.65
N1517574202 2006 033 11 53 42.662   17.065170  -5.909148  17.069953  -5.918195 108.139238  540.86  516.47
N1517892915 2006 037 04 25 33.595   21.731701  -6.102005  21.605782  -6.061026 107.959405  285.46  201.35
N1517892999 2006 037 04 26 57.595   21.741913  -6.102554  21.596692  -6.061114 107.960644  266.92  148.59
N1517893041 2006 037 04 27 39.594   21.747125  -6.102746  21.592736  -6.061016 107.960642  257.92  123.59
N1517893083 2006 037 04 28 21.594   21.752332  -6.102857  21.588480  -6.060655 107.960545  248.16   97.94
N1517893209 2006 037 04 30 27.593   21.767674  -6.103421  21.575607  -6.060508 107.961782  220.95   20.85
N1518004882 2006 038 11 31 39.647   30.866382  -6.302524  30.873629  -6.306521 108.080768  529.08  527.83
N1518129176 2006 039 22 03 13.123   25.320438  -6.195988  25.329621  -6.204071 107.917438  542.08  529.56
N1518176906 2006 040 11 18 42.818   31.953245  -6.341897  32.094513  -6.321175 108.121135  581.28  919.02
N1518214404 2006 040 21 43 40.310   35.541752  -6.363320  35.549239  -6.367685 108.325749  530.38  528.08
N1518214437 2006 040 21 44 13.579   35.543087  -6.363282  35.550894  -6.367762 108.325749  530.99  528.85
N1518263304 2006 041 11 18 39.998   33.124534  -6.301194  33.130429  -6.307762 108.173991  535.00  521.75
N1518263347 2006 041 11 19 23.248   33.118964  -6.301132  33.124669  -6.307762 108.160627  535.00  521.18
N1518375220 2006 042 18 23 55.285   30.292123  -6.296106  30.300294  -6.299676 108.019773  528.71  530.78
N1518375253 2006 042 18 24 28.553   30.296574  -6.296168  30.304714  -6.299579 108.019830  528.24  530.84
N1518435340 2006 043 11 05 54.901   38.812498  -6.372065  38.817470  -6.365246 108.562725  497.25  531.47
N1518435373 2006 043 11 06 28.170   38.815966  -6.372077  38.821149  -6.364855 108.562496  496.34  532.42
N1518564746 2006 044 23 02 40.076   30.971790  -6.258406  30.979606  -6.265542 108.036906  538.27  526.58
N1518693102 2006 046 10 41 55.257   45.966871  -6.296730  45.970590  -6.288560 109.288384  492.59  529.53
N1518866248 2006 048 10 47 40.153   42.479841  -6.340175  42.488747  -6.344799 108.899709  532.59  531.53
N1518866281 2006 048 10 48 13.422   42.486136  -6.340226  42.495361  -6.344696 108.956328  532.49  532.53
N1518953068 2006 049 10 54 39.599   54.382686  -6.069226  54.387131  -6.064122 110.454176  502.07  528.76
N1518953101 2006 049 10 55 12.868   54.382183  -6.069247  54.386919  -6.064071 110.454176  502.17  529.62
N1519043804 2006 050 12 06 55.020   42.360083  -6.264443  42.366665  -6.264699 198.500743  529.34  504.74
N1519043837 2006 050 12 07 28.289   42.359210  -6.264468  42.365194  -6.264971 198.500743  527.47  504.61
N1519253370 2006 052 22 19 39.684   58.240590  -5.822598  58.249704  -5.825639 182.065320  537.57  501.69
N1519253700 2006 052 22 25 09.682   58.151950  -5.826111  57.984217  -5.920416 182.013719   16.10  254.10
N1519318429 2006 053 16 23 52.621   56.034403  -6.018127  56.186388  -5.912431  91.818775  217.70  961.37
N1519318474 2006 053 16 24 37.620   56.044382  -6.017781  56.181958  -5.912427  91.818398  217.37  919.61
N1519318638 2006 053 16 27 27.402   56.082551  -6.016725  56.160982  -5.912023  91.817448  213.86  748.28
N1519400401 2006 054 15 10 09.746   88.370699  -4.074866  88.382261  -4.076061 180.812496  545.04  507.54
N1519990805 2006 061 11 10 09.980  344.598637  -3.791986 344.603733  -3.799695  84.732348  532.51  528.26
N1520044685 2006 062 02 08 09.637  357.415682  -4.892675 357.423525  -4.887910  85.667731  495.94  533.09
N1520044718 2006 062 02 08 42.906  357.423290  -4.893110 357.431129  -4.888470  85.668082  496.31  533.11
N1520112461 2006 062 20 57 45.419    4.218622  -5.354864   4.223233  -5.357701  86.257403  518.87  525.38
N1520112494 2006 062 20 58 18.427    4.215822  -5.354642   4.220352  -5.356949  86.257271  517.35  525.05
N1520112527 2006 062 20 58 51.426    4.212960  -5.354401   4.217871  -5.355967  86.257170  515.12  526.01
N1520112560 2006 062 20 59 24.426    4.210226  -5.354165   4.214778  -5.354980  86.256929  513.01  524.83
N1520112593 2006 062 20 59 57.426    4.207307  -5.353904   4.211938  -5.354042  86.256929  511.03  524.93
N1520112626 2006 062 21 00 30.426    4.204430  -5.353806   4.209208  -5.353463  86.256695  509.60  525.27
N1520112659 2006 062 21 01 03.425    4.201555  -5.353575   4.206369  -5.352902  86.256695  508.63  525.30
N1520112692 2006 062 21 01 36.425    4.198678  -5.353420   4.203718  -5.351886  86.256454  506.09  525.79
N1520112725 2006 062 21 02 09.425    4.195790  -5.353158   4.200638  -5.351097  86.256437  504.59  525.14
N1520112758 2006 062 21 02 42.425    4.192904  -5.352980   4.197906  -5.350416  86.256221  503.10  525.49
N1520112857 2006 062 21 04 21.424    4.184211  -5.352316   4.189257  -5.349354  86.255747  501.94  525.54
N1520112890 2006 062 21 04 54.424    4.181273  -5.352099   4.186299  -5.348898  86.253965  501.24  525.44
N1520112923 2006 062 21 05 27.424    4.178322  -5.351895   4.183100  -5.348911  86.252940  501.92  524.76
N1520112956 2006 062 21 06 00.424    4.175398  -5.351667   4.179619  -5.348862  86.252901  502.55  523.18
N1520112989 2006 062 21 06 33.423    4.172543  -5.351451   4.177450  -5.349019  86.252700  503.50  525.24
N1520113022 2006 062 21 07 06.423    4.169523  -5.351205   4.174335  -5.349172  86.252527  504.68  525.04
N1520113055 2006 062 21 07 39.423    4.166558  -5.351012   4.171592  -5.348598  86.252427  503.53  525.61
N1520113088 2006 062 21 08 12.423    4.163642  -5.350706   4.168410  -5.348168  86.252226  503.22  524.82
N1520253025 2006 064 12 00 28.542  358.425218  -4.923263 358.538746  -4.928787  85.760153  503.17  841.23
N1520253058 2006 064 12 01 01.550  358.431831  -4.923749 358.532101  -4.928065  85.759806  502.51  802.60
N1520253091 2006 064 12 01 34.550  358.438481  -4.924213 358.525458  -4.927625  85.759526  502.74  763.93
N1520253124 2006 064 12 02 07.550  358.445139  -4.924742 358.518597  -4.926535  85.759312  500.94  724.45
N1520253157 2006 064 12 02 40.549  358.451825  -4.925309 358.511937  -4.926196  85.758902  501.17  685.62
N1520253190 2006 064 12 03 13.549  358.458478  -4.925839 358.505503  -4.925441  85.758687  500.25  647.47
N1520253223 2006 064 12 03 46.549  358.465063  -4.926240 358.498964  -4.924946  85.758471  500.47  609.29
N1520253256 2006 064 12 04 19.549  358.471681  -4.926691 358.492327  -4.924731  85.758060  501.38  570.78
N1520253322 2006 064 12 05 25.548  358.485044  -4.927757 358.479375  -4.924047  85.755188  501.94  494.23
N1520253355 2006 064 12 05 58.548  358.491700  -4.928287 358.472826  -4.923204  85.754791  500.79  455.72
N1520253388 2006 064 12 06 31.548  358.498364  -4.928808 358.466184  -4.922982  85.754563  501.49  417.04
N1520253421 2006 064 12 07 04.548  358.505043  -4.929277 358.459888  -4.922291  85.754348  500.91  379.24
N1520253454 2006 064 12 07 37.547  358.511700  -4.929810 358.453352  -4.921789  85.753999  500.73  340.83
N1520253487 2006 064 12 08 10.547  358.518377  -4.930275 358.446857  -4.921130  85.753724  500.29  302.46
N1520253520 2006 064 12 08 43.547  358.525035  -4.930787 358.440198  -4.920281  85.753508  499.20  263.63
N1520253553 2006 064 12 09 16.547  358.531698  -4.931292 358.434220  -4.919919  85.753208  499.40  226.85
N1520253586 2006 064 12 09 49.547  358.538370  -4.931840 358.427678  -4.919206  85.752884  498.57  188.33
N1520253619 2006 064 12 10 22.546  358.545033  -4.932313 358.421200  -4.918938  85.752678  499.23  150.13
N1520253652 2006 064 12 10 55.546  358.551741  -4.932846 358.414733  -4.918540  85.749978  499.37  111.80
N1520256077 2006 064 12 51 20.453  359.044794  -4.969956 359.176552  -4.976026  85.814577  501.19  894.10
N1520256143 2006 064 12 52 26.460  359.058333  -4.971050 359.162325  -4.975058  85.814023  501.10  813.29
N1520256176 2006 064 12 52 59.460  359.065136  -4.971371 359.156244  -4.974485  85.813176  501.23  775.81
N1520256209 2006 064 12 53 32.460  359.071882  -4.971944 359.149582  -4.974192  85.810929  501.55  736.82
N1520256242 2006 064 12 54 05.460  359.078589  -4.972439 359.142822  -4.973715  85.810712  501.59  697.63
N1520256275 2006 064 12 54 38.460  359.085370  -4.972833 359.136253  -4.973289  85.810287  502.04  658.82
N1520256341 2006 064 12 55 44.459  359.098947  -4.974006 359.123051  -4.972582  85.809859  502.26  580.91
N1520256374 2006 064 12 56 17.459  359.105539  -4.974413 359.116163  -4.971850  85.809501  501.81  541.65
N1520256407 2006 064 12 56 50.459  359.112291  -4.974982 359.109803  -4.971490  85.809215  501.89  503.50
N1520256440 2006 064 12 57 23.458  359.119122  -4.975447 359.103534  -4.971072  85.809005  502.10  465.39
N1520256539 2006 064 12 59 02.458  359.139342  -4.976932 359.083538  -4.969349  85.805697  501.31  348.31
N1520256605 2006 064 13 00 08.457  359.152943  -4.978025 359.071212  -4.968878  85.805061  502.27  272.93
N1520256638 2006 064 13 00 41.457  359.159621  -4.978565 359.065114  -4.968502  85.804844  502.31  235.76
N1520256671 2006 064 13 01 14.457  359.166519  -4.979057 359.058711  -4.968130  85.804627  502.62  197.07
N1520256704 2006 064 13 01 47.457  359.173250  -4.979617 359.052610  -4.967283  85.804214  501.25  159.63
N1520419268 2006 066 10 11 10.244    0.505828  -5.019806   0.511070  -5.026210 110.365537  534.28  519.27
N1520419301 2006 066 10 11 43.513    0.502162  -5.019544   0.507143  -5.025601 110.367807  533.07  518.91
N1520764810 2006 070 10 10 10.044   18.017383  -6.013741  18.023153  -6.013378 107.775176  515.60  527.74
N1520764843 2006 070 10 10 43.313   18.023861  -6.014061  18.029801  -6.013512 107.775745  515.23  528.38
N1520846395 2006 071 08 49 54.524   23.705408  -6.163615  23.709126  -6.160776  88.211196  502.90  522.00
N1520846428 2006 071 08 50 27.792   23.701000  -6.163440  23.704949  -6.159270  88.211043  499.00  522.55
N1520938391 2006 072 10 23 09.937   13.225711  -5.741021  13.229146  -5.738682  87.119820  504.19  521.10
N1520938424 2006 072 10 23 43.205   13.228516  -5.741222  13.231918  -5.738974  87.119933  504.47  521.02
N1520963156 2006 072 17 15 54.779   16.632879  -5.916692  16.638475  -5.914330  87.464969  503.91  527.40
N1520963189 2006 072 17 16 28.048   16.638882  -5.916924  16.644286  -5.914572  87.465334  503.96  526.84
N1520981051 2006 072 22 14 09.665   20.216669  -6.069134  20.339688  -6.058267  87.851310  466.47  866.43
N1520981084 2006 072 22 14 42.933   20.223872  -6.069509  20.331939  -6.057572  87.850760  464.98  823.03
N1520981996 2006 072 22 29 54.659   20.421461  -6.077112  20.427615  -6.075055  87.861464  504.85  529.09
N1520982029 2006 072 22 30 27.927   20.428707  -6.077443  20.434861  -6.074962  87.861787  503.61  529.04
N1521018596 2006 073 08 39 54.425   28.534055  -6.311851  28.538709  -6.302616  88.736964  484.31  524.38
N1521018629 2006 073 08 40 27.674   28.540980  -6.311946  28.545779  -6.302766  88.740408  484.46  524.80
N1521036357 2006 073 13 35 55.312   31.852751  -6.361633  31.859150  -6.354735  89.104497  491.12  529.71
N1521036390 2006 073 13 36 28.581   31.858186  -6.361736  31.864729  -6.355043  89.104886  491.71  530.14
N1521885767 2006 083 09 32 39.956  317.061326  -1.031537 317.071769  -1.030940 173.662207  541.48  516.58
N1521885800 2006 083 09 33 13.205  317.071532  -1.032777 317.082962  -1.032145 173.664074  544.32  517.00
N1521907742 2006 083 15 38 54.816  323.658178  -1.778718 323.668320  -1.777627 173.791113  540.45  517.85
N1522051968 2006 085 07 42 39.897  322.947563  -1.690801 322.956248  -1.690920 199.045656  535.23  502.94
N1522183069 2006 086 20 07 40.062  340.406540  -3.510031 340.422254  -3.506725 202.163310  557.39  503.21
N1522183102 2006 086 20 08 13.331  340.411213  -3.510495 340.427221  -3.507170 202.164491  558.20  502.93
N1522351700 2006 088 18 58 09.988  334.730009  -2.894499 334.743458  -2.893132 201.339768  549.34  500.99
N1523044599 2006 096 19 26 24.573  347.874954  -4.098494 347.877939  -4.097386 174.947713  519.80  515.47
N1523044632 2006 096 19 26 57.842  347.876025  -4.098609 347.879014  -4.097511 174.949376  519.81  515.44
N1523174545 2006 098 07 32 09.745    0.508463  -5.122389   0.514821  -5.114243 110.170971  495.59  537.00
N1523689619 2006 104 06 36 40.464    5.953916  -5.427457   5.802215  -5.428670 108.954935  371.90   94.28
N1523689859 2006 104 06 40 40.462    5.922804  -5.425311   5.930790  -5.425393 108.937070  519.24  533.33
N1523721359 2006 104 15 25 40.261    1.623323  -5.131482   1.633105  -5.138933 109.921278  541.58  530.79
N1523780489 2006 105 07 51 09.885    0.767957  -5.078690   0.778107  -5.083974 110.147114  536.09  533.85
N1523863308 2006 106 06 51 28.626   11.874446  -5.771945  11.882962  -5.766050 108.002626  502.79  540.28
N1525652617 2006 126 23 53 05.942  327.597797  -2.144745 327.655829  -2.159420 200.054676  655.46  413.43
N1525652677 2006 126 23 54 05.941  327.606057  -2.145605 327.648907  -2.158272 200.055037  615.96  434.08
N1525652737 2006 126 23 55 05.941  327.614427  -2.146468 327.641687  -2.157416 200.052829  575.05  454.35
N1525652977 2006 126 23 59 05.940  327.647743  -2.150074 327.609848  -2.154177 200.047450  403.73  538.11
N1525653037 2006 127 00 00 05.939  327.656188  -2.151062 327.602196  -2.153477 200.045878  361.40  558.79
N1525653097 2006 127 00 01 05.939  327.664593  -2.151914 327.594009  -2.152761 200.044408  317.59  579.63
N1529039492 2006 166 04 40 39.474  339.395673  -3.447424 339.442705  -3.453873  84.426268  516.92  649.38
N1529039548 2006 166 04 41 35.474  339.401987  -3.448087 339.440156  -3.453634  84.426349  516.81  623.48
N1529039608 2006 166 04 42 35.473  339.408777  -3.448918 339.436657  -3.453385  84.426167  516.58  593.39
N1529039668 2006 166 04 43 35.473  339.415679  -3.449564 339.433857  -3.451861  84.426063  513.03  564.70
N1529039848 2006 166 04 46 35.472  339.436046  -3.451700 339.423242  -3.452995  84.425774  518.88  474.75
N1529039968 2006 166 04 48 35.471  339.449376  -3.453003 339.416513  -3.452403  84.425501  519.05  416.16
N1529040088 2006 166 04 50 35.470  339.463031  -3.454417 339.408723  -3.453133  84.425284  523.12  353.91
N1530659499 2006 184 22 40 36.212  296.504140   1.187449 296.616786   1.188639 263.813187  550.29  185.76
N1530659799 2006 184 22 45 36.210  296.585895   1.177988 296.549477   1.193120 263.817210  543.89  621.76
N1530659859 2006 184 22 46 36.210  296.602217   1.176131 296.535990   1.193579 263.817372  541.25  708.80
N1530659919 2006 184 22 47 36.209  296.618508   1.174136 296.522513   1.194159 263.817529  539.37  795.80
N1530659979 2006 184 22 48 36.209  296.634812   1.172267 296.508725   1.195428 263.817692  539.01  883.92
N1551142733 2007 057 00 25 39.654  212.471137 -31.098143 212.484263 -31.098892 271.231465  508.62  478.86
N1551142776 2007 057 00 26 22.904  212.490044 -31.100854 212.503174 -31.101631 271.228282  508.54  478.85
N1552559507 2007 073 09 58 24.689  210.271689 -27.892237 210.281832 -27.883538 244.295337  545.64  499.01
N1552559550 2007 073 09 59 07.938  210.288163 -27.894395 210.298471 -27.885954 244.302896  545.14  498.29
N1553980571 2007 089 20 42 39.697  209.650110 -23.952586 209.652839 -23.943417 244.757643  538.73  516.37
N1555144369 2007 103 07 59 10.309  191.301855  -9.230074 191.308894  -9.218701 242.115567  550.22  509.16
N1555144412 2007 103 07 59 53.573  191.315898  -9.231431 191.322947  -9.220009 242.121345  550.36  509.19
N1555401531 2007 106 07 25 10.681  208.946290 -19.107449 208.949871 -19.097952 271.526776  538.89  500.96
N1555401574 2007 106 07 25 53.945  208.958998 -19.109371 208.962863 -19.100227 271.523098  537.84  500.21
N1556545018 2007 119 13 03 10.440  187.218014  -6.708660 187.220814  -6.687933 273.714098  571.23  499.56
N1556545051 2007 119 13 03 43.709  187.227463  -6.708463 187.230454  -6.688580 273.714626  568.74  499.17
N1556568958 2007 119 19 42 10.289  194.288390  -6.905461 194.290380  -6.894494 273.014632  543.10  504.13
N1556569001 2007 119 19 42 53.553  194.301204  -6.906415 194.303194  -6.896057 273.014516  541.33  504.22
N1556952435 2007 124 06 13 24.861  205.521503 -24.554678 205.515706 -24.523831 241.975645  583.58  567.33
N1556952478 2007 124 06 14 08.125  205.512051 -24.552394 205.506240 -24.521788 241.972891  582.94  567.03
N1557011670 2007 124 22 40 39.485  205.701675 -19.372529 205.696478 -19.350333 243.937609  563.28  552.79
N1557011713 2007 124 22 41 22.750  205.710247 -19.369517 205.704630 -19.347799 243.943123  561.53  553.21
N1557985972 2007 136 05 18 55.316  194.704147  -3.224091 194.699801  -3.208505 248.121510  548.90  540.20
N1558206218 2007 138 18 29 39.922  199.076051  -7.004223 199.066033  -6.986795 247.114033  546.98  557.98
N1558206261 2007 138 18 30 23.186  199.086182  -7.003475 199.076174  -6.986094 247.117343  546.87  557.90
N1558476190 2007 141 21 29 10.212  216.217153 -10.100006 216.201338 -10.078166 161.259148  448.06  557.16
N1558476233 2007 141 21 29 53.476  216.229382 -10.100820 216.213766 -10.079386 161.261267  448.98  556.23
N1559173272 2007 149 23 07 08.063  187.282945   2.772604 187.283143   2.781394 273.633253  537.02  509.36
N1559365635 2007 152 04 33 09.580  186.125108  -0.515279 186.121599  -0.500601 273.756138  554.83  518.96
N1559365678 2007 152 04 33 52.844  186.134069  -0.514462 186.130645  -0.498684 273.755832  558.02  518.50
N1559514541 2007 153 21 54 54.637  203.147021  -3.720618 203.134712  -3.701587 250.535791  551.83  563.77
N1559514584 2007 153 21 55 37.901  203.136510  -3.722181 203.123361  -3.703359 250.530522  550.43  565.87
N1559671097 2007 155 17 24 09.646  210.883925  -2.319415 210.876238  -2.301016 253.054949  556.23  548.58
N1559671140 2007 155 17 24 52.910  210.893635  -2.320386 210.885535  -2.302042 253.056753  555.73  549.68
N1559886529 2007 158 05 14 40.282  213.947577  -3.810938 213.921062  -3.783801 162.994962  414.63  564.54
N1559886572 2007 158 05 15 23.546  213.959702  -3.811060 213.933078  -3.783211 162.998035  413.73  566.44
N1560830694 2007 169 03 30 39.303  198.870205   5.288506 198.869887   5.286623 256.135179  505.94  511.13
N1561089206 2007 172 03 19 09.667  211.529241   5.361378 211.529008   5.353526 257.022703  489.05  507.08
N1561089249 2007 172 03 19 52.931  211.539075   5.361314 211.538918   5.352590 257.022263  486.62  506.29
N1561117466 2007 172 11 10 09.488  216.686012   5.282321 216.684388   5.272853 257.058036  483.55  509.97
N1561117509 2007 172 11 10 52.752  216.691476   5.282112 216.690230   5.272869 257.057720  484.44  509.05
N1561200147 2007 173 10 08 09.964  206.624848   4.716289 206.618938   4.701884 256.451460  466.68  518.41
N1561285347 2007 174 09 48 09.425  209.304267   5.145788 209.303250   5.133271 256.862146  475.31  506.14
N1561285390 2007 174 09 48 52.689  209.315182   5.146057 209.313975   5.132995 256.863419  473.64  506.32
N1561347628 2007 175 03 06 10.030  226.377301   5.046357 226.378582   5.047143 256.863830  514.56  508.46
N1561347671 2007 175 03 06 53.294  226.387452   5.045966 226.389198   5.046733 256.864516  514.81  507.13
N1561413973 2007 175 21 31 54.610  227.958452   4.319936 227.957157   4.317152 256.669541  502.73  513.35
N1561414016 2007 175 21 32 37.874  227.946917   4.319687 227.945589   4.316693 256.670023  502.11  513.30
N1562594240 2007 189 13 22 54.137  214.854782   6.284419 214.721446   6.315973 257.732128  519.22  908.35
N1562594283 2007 189 13 23 37.401  214.846918   6.284402 214.729278   6.316120 257.731678  529.35  864.05
N1564497843 2007 211 14 09 25.083  180.629685   4.775637 180.626556   4.778091 274.231933  519.30  520.09
N1564497886 2007 211 14 10 08.347  180.624071   4.775241 180.620569   4.776642 274.232137  516.33  521.39
N1571562903 2007 293 08 39 39.540  219.182898   1.468705 219.177225   1.470552 180.245130  494.94  516.95
N1571562946 2007 293 08 40 22.804  219.177549   1.467509 219.172058   1.468988 180.244282  495.47  515.88
N1573720533 2007 318 07 59 54.291  218.178541   0.609947 218.171882   0.615075 166.650283  489.12  521.54
N1575012958 2007 333 07 00 10.160  190.862386  -1.159712 190.854188  -1.158387 183.307952  487.83  516.73
N1575012991 2007 333 07 00 43.429  190.872250  -1.159501 190.863695  -1.158301 183.305457  486.77  516.43
N1575914134 2007 343 17 19 39.794  166.145296  -6.165733 166.141952  -6.153352 275.420146  548.32  517.79
N1575914177 2007 343 17 20 23.058  166.154821  -6.164526 166.151239  -6.151790 275.418596  549.42  518.38
N1575961519 2007 344 06 29 24.459  177.826058  -5.669573 177.823781  -5.664390 274.540776  527.08  516.94
N1575961562 2007 344 06 30 07.723  177.836521  -5.670077 177.834742  -5.664773 274.541281  527.31  515.48
N1577009531 2007 356 09 36 09.089  154.188902  -8.076009 154.184083  -8.074044 276.110002  518.68  524.77
N1577009574 2007 356 09 36 52.353  154.175571  -8.078817 154.170548  -8.076790 276.109431  518.92  525.33
N1577140962 2007 357 22 06 39.160  171.261185  -7.566842 171.258867  -7.560481 275.088171  530.55  516.58
N1578545932 2008 009 04 22 39.234  166.977806 -10.812998 166.976976 -10.816363 275.456691  501.98  514.85
N1578545975 2008 009 04 23 22.498  166.991432 -10.813739 166.990659 -10.817061 275.455088  502.08  514.68
N1579363901 2008 018 15 35 22.720  151.496218  -5.734814 151.494116  -5.745655  96.181216  542.23  501.99
N1579490849 2008 020 02 51 09.558  162.597510  -7.706721 162.598811  -7.707094 275.668572  510.06  507.93
N1580567047 2008 032 13 47 39.955  157.548622 -16.723118 157.545384 -16.726945 276.198730  501.40  521.74
N1580567090 2008 032 13 48 23.219  157.536281 -16.723866 157.533050 -16.728790 276.196878  498.22  522.07
N1580824209 2008 035 13 13 40.198  167.300371 -27.960582 167.298627 -27.967603 276.174651  491.65  518.21
N1580824329 2008 035 13 15 40.182  167.274732 -27.950899 167.273095 -27.958445 276.174206  490.10  518.10
N1580824453 2008 035 13 17 44.181  167.248373 -27.940770 167.246973 -27.949902 276.176184  485.45  517.99
N1580824577 2008 035 13 19 48.180  167.222201 -27.930581 167.220921 -27.940040 276.178370  484.47  517.79
N1580824701 2008 035 13 21 52.179  167.196221 -27.920353 167.194723 -27.929995 276.178302  484.00  518.41
N1580824825 2008 035 13 23 56.178  167.170337 -27.910087 167.169115 -27.920578 276.180914  481.46  517.97
N1580824949 2008 035 13 26 00.177  167.144663 -27.899755 167.143463 -27.910254 276.181059  481.43  517.92
N1580825073 2008 035 13 28 04.176  167.119094 -27.889377 167.117634 -27.899166 276.180113  483.56  518.36
N1580825197 2008 035 13 30 08.175  167.093784 -27.878913 167.092407 -27.888690 276.183515  483.58  518.14
N1580825321 2008 035 13 32 12.175  167.068611 -27.868389 167.067375 -27.878776 276.186046  481.77  517.98
N1580825445 2008 035 13 34 16.174  167.043636 -27.857736 167.042349 -27.867116 276.183197  484.70  517.79
N1580825569 2008 035 13 36 20.173  167.018642 -27.847246 167.017246 -27.856205 276.185925  485.95  517.94
N1580825693 2008 035 13 38 24.172  166.993973 -27.836509 166.993019 -27.846050 276.189707  484.14  516.99
N1580825817 2008 035 13 40 28.171  166.969424 -27.825858 166.968228 -27.835832 276.186954  482.96  517.75
N1580825941 2008 035 13 42 32.170  166.945128 -27.815050 166.943998 -27.824387 276.189632  484.78  517.38
N1580826065 2008 035 13 44 36.169  166.920873 -27.804289 166.919564 -27.814561 276.192930  482.12  518.13
N1580826189 2008 035 13 46 40.168  166.896847 -27.793349 166.895479 -27.804394 276.190238  479.90  518.52
N1580826313 2008 035 13 48 44.168  166.872923 -27.782468 166.871649 -27.792702 276.194195  482.22  518.03
N1580826437 2008 035 13 50 48.167  166.849197 -27.771444 166.848005 -27.782397 276.194390  480.12  518.05
N1580826561 2008 035 13 52 52.166  166.825567 -27.760496 166.824519 -27.772184 276.194792  477.95  517.91
N1580826685 2008 035 13 54 56.165  166.802342 -27.749341 166.801001 -27.759251 276.195648  483.18  518.10
N1580826809 2008 035 13 57 00.164  166.778991 -27.738267 166.777793 -27.747898 276.196072  483.95  517.65
N1580826933 2008 035 13 59 04.163  166.756038 -27.727126 166.754966 -27.738374 276.196939  479.23  517.84
N1580827057 2008 035 14 01 08.162  166.733247 -27.715884 166.731744 -27.726836 276.200377  480.21  518.85
N1580827181 2008 035 14 03 12.161  166.710403 -27.704646 166.709479 -27.715624 276.198393  479.97  517.37
N1580827305 2008 035 14 05 16.161  166.687737 -27.693275 166.687041 -27.704242 276.199568  479.94  516.78
N1580827429 2008 035 14 07 20.160  166.665360 -27.681864 166.663930 -27.691656 276.200280  483.55  518.30
N1580827553 2008 035 14 09 24.159  166.643201 -27.670486 166.641765 -27.680879 276.201235  481.81  518.50
N1580827677 2008 035 14 11 28.158  166.621304 -27.659051 166.619976 -27.668244 276.204306  485.26  517.85
N1580827801 2008 035 14 13 32.157  166.599175 -27.647540 166.597813 -27.657142 276.203347  484.08  518.07
N1580827925 2008 035 14 15 36.156  166.577676 -27.635974 166.576112 -27.646199 276.204970  482.33  518.78
N1580828049 2008 035 14 17 40.155  166.555895 -27.624401 166.554342 -27.634096 276.206064  483.86  518.59
N1580828173 2008 035 14 19 44.154  166.534717 -27.612729 166.533144 -27.623756 276.207068  480.01  519.06
N1580828297 2008 035 14 21 48.154  166.513424 -27.601065 166.511823 -27.611929 276.205599  480.49  519.08
N1580828421 2008 035 14 23 52.153  166.492158 -27.589284 166.490748 -27.599405 276.206729  482.59  518.36
N1580828545 2008 035 14 25 56.152  166.471248 -27.577595 166.470402 -27.587505 276.208373  483.05  516.84
N1580828669 2008 035 14 28 00.151  166.450538 -27.565765 166.449163 -27.575066 276.210046  484.96  518.01
N1580828793 2008 035 14 30 04.150  166.429961 -27.553870 166.428649 -27.563531 276.225042  483.90  517.97
N1580828917 2008 035 14 32 08.149  166.409863 -27.541995 166.408181 -27.551159 276.235948  485.44  518.77
N1580829041 2008 035 14 34 12.148  166.389429 -27.530041 166.388112 -27.540825 276.240980  480.65  518.35
N1580829165 2008 035 14 36 16.147  166.369505 -27.517982 166.367776 -27.527165 276.225485  485.40  518.89
N1580829289 2008 035 14 38 20.147  166.349427 -27.505993 166.347850 -27.515996 276.213891  482.98  518.76
N1580829413 2008 035 14 40 24.146  166.329715 -27.493931 166.328091 -27.503815 276.226359  483.34  518.84
N1580829537 2008 035 14 42 28.145  166.310323 -27.481823 166.308646 -27.492888 276.238589  479.94  519.36
N1580829661 2008 035 14 44 32.144  166.290880 -27.469659 166.289260 -27.479745 276.240947  482.76  518.91
N1580829785 2008 035 14 46 36.143  166.271538 -27.457484 166.270325 -27.468552 276.220538  479.79  518.16
N1580829909 2008 035 14 48 40.142  166.252698 -27.445250 166.250887 -27.455803 276.226553  481.46  519.54
N1580830033 2008 035 14 50 44.141  166.233601 -27.432968 166.231946 -27.443711 276.225548  480.86  519.20
N1580830157 2008 035 14 52 48.140  166.214932 -27.420608 166.213914 -27.431403 276.217561  480.53  517.57
N1580830281 2008 035 14 54 52.140  166.196592 -27.408296 166.195494 -27.418781 276.221311  481.45  517.68
N1580830529 2008 035 14 59 00.138  166.159948 -27.383450 166.158635 -27.391527 276.228359  488.49  517.48
N1580830653 2008 035 15 01 04.137  166.141944 -27.370992 166.140502 -27.376684 276.230125  495.43  517.06
N1580830777 2008 035 15 03 08.136  166.124059 -27.358523 166.122348 -27.363967 276.219950  496.22  517.67
N1580830901 2008 035 15 05 12.135  166.106249 -27.345923 166.104916 -27.351264 276.230886  496.41  516.67
N1580831025 2008 035 15 07 16.134  166.088668 -27.333340 166.087349 -27.339149 276.218039  495.05  516.78
N1580831273 2008 035 15 11 24.133  166.054182 -27.308091 166.052671 -27.313148 276.219878  497.29  517.04
N1580831397 2008 035 15 13 28.132  166.037093 -27.295407 166.035908 -27.300045 276.222608  498.41  516.07
N1580831521 2008 035 15 15 32.131  166.020314 -27.282671 166.018832 -27.286340 276.220948  501.30  516.52
N1580831645 2008 035 15 17 36.130  166.003617 -27.269942 166.001921 -27.273795 276.220035  500.83  517.13
N1580831769 2008 035 15 19 40.129  165.987166 -27.257113 165.985344 -27.261159 276.222947  500.30  517.52
N1580831893 2008 035 15 21 44.128  165.970608 -27.244296 165.968868 -27.249834 276.223369  495.96  517.78
N1580832017 2008 035 15 23 48.127  165.954556 -27.231435 165.953078 -27.237727 276.222856  493.70  517.34
N1580832141 2008 035 15 25 52.126  165.938472 -27.218501 165.937035 -27.224592 276.223213  494.27  517.18
N1580832389 2008 035 15 30 00.125  165.907009 -27.192643 165.905374 -27.198261 276.224500  495.70  517.54
N1580832513 2008 035 15 32 04.124  165.891513 -27.179671 165.889748 -27.185352 276.221885  495.55  517.89
N1580832637 2008 035 15 34 08.123  165.875909 -27.166618 165.874823 -27.172199 276.224394  495.65  516.11
N1580832761 2008 035 15 36 12.122  165.860915 -27.153594 165.859319 -27.159041 276.225539  496.18  517.38
N1580832885 2008 035 15 38 16.121  165.845909 -27.140438 165.844360 -27.145859 276.223355  496.24  517.25
N1580833009 2008 035 15 40 20.120  165.831101 -27.127367 165.829882 -27.132503 276.223473  496.98  516.32
N1580833133 2008 035 15 42 24.119  165.816222 -27.114178 165.814837 -27.118665 276.226906  498.90  516.54
N1580833257 2008 035 15 44 28.119  165.801910 -27.100995 165.800461 -27.105006 276.225080  500.30  516.55
N1580833381 2008 035 15 46 32.118  165.787399 -27.087742 165.785907 -27.092265 276.225818  498.83  516.83
N1580833505 2008 035 15 48 36.117  165.773386 -27.074549 165.771628 -27.078321 276.223733  501.08  517.27
N1580833629 2008 035 15 50 40.116  165.759383 -27.061237 165.757759 -27.065625 276.224478  499.26  517.13
N1580833753 2008 035 15 52 44.115  165.745522 -27.047990 165.743913 -27.053101 276.226130  497.16  517.31
N1580833877 2008 035 15 54 48.114  165.731781 -27.034617 165.730583 -27.039029 276.226122  499.07  516.03
N1580834001 2008 035 15 56 52.113  165.718456 -27.021211 165.716743 -27.026153 276.224741  497.68  517.53
N1580834125 2008 035 15 58 56.112  165.704909 -27.007873 165.703662 -27.012767 276.226131  497.69  516.31
N1580834249 2008 035 16 01 00.112  165.691806 -26.994480 165.690856 -26.998851 276.224849  499.11  515.38
N1580834373 2008 035 16 03 04.111  165.678763 -26.981017 165.677396 -26.984722 276.227448  501.16  516.25
N1580834497 2008 035 16 05 08.110  165.666144 -26.967532 165.664429 -26.971212 276.225837  501.33  517.14
N1580834621 2008 035 16 07 12.109  165.653525 -26.954006 165.652037 -26.958619 276.227765  498.57  516.85
N1580834745 2008 035 16 09 16.108  165.641036 -26.940503 165.639625 -26.944513 276.226205  500.29  516.46
N1580834869 2008 035 16 11 20.107  165.628726 -26.926898 165.626974 -26.930241 276.227103  502.32  517.13
N1580834993 2008 035 16 13 24.106  165.616504 -26.913383 165.614608 -26.916452 276.226302  503.15  517.42
N1580835117 2008 035 16 15 28.105  165.604299 -26.899782 165.602904 -26.903233 276.224753  501.91  516.25
N1580835241 2008 035 16 17 32.105  165.592642 -26.886156 165.590945 -26.890007 276.225739  500.83  517.15
N1580835489 2008 035 16 21 40.103  165.569459 -26.858825 165.567981 -26.862283 276.223734  501.91  516.46
N1580835613 2008 035 16 23 44.102  165.558274 -26.845092 165.556505 -26.850067 276.225440  497.60  517.69
N1580835737 2008 035 16 25 48.101  165.547116 -26.831356 165.545675 -26.835554 276.224010  499.76  516.60
N1580835861 2008 035 16 27 52.100  165.536089 -26.817569 165.535101 -26.821741 276.225743  499.70  515.42
N1580835985 2008 035 16 29 56.099  165.525191 -26.803802 165.523801 -26.808229 276.225265  499.08  516.54
N1580836109 2008 035 16 32 00.098  165.514608 -26.790031 165.513007 -26.794606 276.226468  498.71  517.14
N1580836233 2008 035 16 34 04.098  165.504117 -26.776190 165.502810 -26.780205 276.222998  500.25  516.20
N1580836357 2008 035 16 36 08.097  165.493803 -26.762350 165.492100 -26.766715 276.227840  499.35  517.33
N1580836481 2008 035 16 38 12.096  165.483694 -26.748449 165.482398 -26.752749 276.223726  499.42  516.26
N1580836605 2008 035 16 40 16.095  165.473663 -26.734576 165.472038 -26.738813 276.223546  499.70  517.09
N1580836729 2008 035 16 42 20.094  165.463847 -26.720677 165.462331 -26.725720 276.222768  497.33  517.07
N1580836853 2008 035 16 44 24.093  165.454260 -26.706713 165.452401 -26.709512 276.222602  503.93  517.25
N1580836977 2008 035 16 46 28.092  165.444767 -26.692781 165.443165 -26.696038 276.224138  502.53  516.73
N1580837225 2008 035 16 50 36.091  165.426133 -26.664835 165.424757 -26.668563 276.223150  501.10  516.29
N1580837473 2008 035 16 54 44.089  165.408348 -26.636760 165.407324 -26.640085 276.222841  502.17  515.25
N1580837845 2008 035 17 00 56.086  165.383006 -26.594527 165.381547 -26.598851 276.224148  499.40  516.70
N1580837969 2008 035 17 03 00.085  165.374787 -26.580351 165.373220 -26.584956 276.220979  498.61  517.06
N1580838093 2008 035 17 05 04.084  165.366757 -26.566287 165.365507 -26.570994 276.220876  498.23  516.28
N1580838217 2008 035 17 07 08.084  165.358928 -26.552120 165.357397 -26.557066 276.220688  497.62  517.08
N1580838341 2008 035 17 09 12.083  165.351189 -26.537995 165.349678 -26.542772 276.220512  498.10  516.97
N1580838465 2008 035 17 11 16.082  165.343700 -26.523740 165.342581 -26.529419 276.220407  495.38  516.24
N1580838713 2008 035 17 15 24.080  165.329272 -26.495390 165.328295 -26.499968 276.221073  498.52  515.53
N1580838837 2008 035 17 17 28.079  165.322104 -26.481152 165.320889 -26.484628 276.218261  501.78  515.80
N1580838961 2008 035 17 19 32.078  165.315197 -26.466904 165.313764 -26.470063 276.218164  502.76  516.26
N1580839209 2008 035 17 23 40.076  165.302205 -26.438326 165.300683 -26.443282 276.219218  497.58  517.06
N1580839333 2008 035 17 25 44.076  165.295926 -26.424021 165.294394 -26.428241 276.216064  499.72  516.86
N1580839457 2008 035 17 27 48.075  165.289633 -26.409789 165.288097 -26.413749 276.216611  500.47  516.78
N1580839581 2008 035 17 29 52.074  165.283570 -26.395444 165.281907 -26.399822 276.217105  499.30  517.25
N1580839705 2008 035 17 31 56.073  165.277597 -26.381095 165.276301 -26.386547 276.216612  496.09  516.63
N1580839829 2008 035 17 34 00.072  165.272005 -26.366745 165.270558 -26.372097 276.215181  496.42  516.99
N1580839953 2008 035 17 36 04.071  165.266371 -26.352296 165.265348 -26.356811 276.215042  498.72  515.63
N1580840077 2008 035 17 38 08.070  165.261100 -26.337951 165.259632 -26.341951 276.216234  500.34  516.62
N1580840201 2008 035 17 40 12.069  165.255767 -26.323563 165.254389 -26.327337 276.213693  500.97  516.32
N1580840325 2008 035 17 42 16.069  165.250673 -26.309137 165.249727 -26.312811 276.214322  501.14  515.17
N1580840449 2008 035 17 44 20.068  165.245916 -26.294706 165.244620 -26.298445 276.215450  501.04  516.09
N1580840573 2008 035 17 46 24.067  165.241108 -26.280234 165.239729 -26.285028 276.210850  498.01  516.64
N1580840697 2008 035 17 48 28.066  165.236568 -26.265814 165.234955 -26.271005 276.211155  496.93  517.38
N1580840821 2008 035 17 50 32.065  165.232059 -26.251314 165.230858 -26.256445 276.211743  496.99  516.29
N1580840945 2008 035 17 52 36.064  165.227851 -26.236898 165.226564 -26.242325 276.209845  496.15  516.60
N1580841069 2008 035 17 54 40.063  165.223729 -26.222394 165.222417 -26.227875 276.211045  496.01  516.69
N1580841193 2008 035 17 56 44.062  165.219955 -26.207878 165.218876 -26.212475 276.209228  498.50  515.80
N1580841317 2008 035 17 58 48.062  165.216173 -26.193371 165.214901 -26.196897 276.209742  501.65  515.97
N1580841441 2008 035 18 00 52.061  165.212498 -26.178905 165.211224 -26.182738 276.208756  500.77  516.07
N1580841565 2008 035 18 02 56.060  165.209119 -26.164322 165.208225 -26.167910 276.206745  501.37  515.01
N1580841689 2008 035 18 05 00.059  165.205774 -26.149824 165.204259 -26.152942 276.207882  502.91  516.47
N1580841813 2008 035 18 07 04.058  165.202668 -26.135241 165.201227 -26.137452 276.206137  505.51  515.99
N1580841937 2008 035 18 09 08.057  165.199640 -26.120692 165.198160 -26.122896 276.207276  505.54  516.10
N1580842185 2008 035 18 13 16.055  165.194093 -26.091578 165.193140 -26.095211 276.204366  501.25  515.17
N1580842309 2008 035 18 15 20.055  165.191763 -26.076956 165.190518 -26.080759 276.203111  500.84  515.99
N1580842433 2008 035 18 17 24.054  165.189425 -26.062363 165.188353 -26.066190 276.204329  500.72  515.55
N1580842557 2008 035 18 19 28.053  165.187136 -26.047795 165.185809 -26.051087 276.200395  502.35  516.04
N1580842681 2008 035 18 21 32.052  165.185052 -26.033125 165.183951 -26.036531 276.201340  501.95  515.49
N1580842805 2008 035 18 23 36.051  165.183298 -26.018560 165.182172 -26.022337 276.200115  500.89  515.67
N1580842929 2008 035 18 25 40.050  165.181409 -26.003945 165.180432 -26.007971 276.201327  500.12  515.36
N1580843053 2008 035 18 27 44.049  165.180039 -25.989318 165.178826 -25.993683 276.197779  499.21  516.08
N1580843177 2008 035 18 29 48.048  165.178451 -25.974570 165.177841 -25.978909 276.198915  499.11  514.50
N1580843301 2008 035 18 31 52.048  165.177405 -25.959958 165.176323 -25.964754 276.197768  497.92  515.88
N1580843425 2008 035 18 33 56.047  165.176320 -25.945335 165.175459 -25.950037 276.194591  498.13  515.27
N1580843549 2008 035 18 36 00.046  165.175412 -25.930655 165.174404 -25.934920 276.196040  499.44  515.52
N1580843673 2008 035 18 38 04.045  165.174552 -25.915996 165.173489 -25.919290 276.194209  502.27  515.36
N1580843797 2008 035 18 40 08.044  165.173927 -25.901299 165.172889 -25.903794 276.194596  504.57  515.04
N1580843921 2008 035 18 42 12.043  165.173505 -25.886582 165.172379 -25.888906 276.193158  505.10  515.22
N1580844045 2008 035 18 44 16.042  165.173262 -25.871907 165.172088 -25.874423 276.191904  504.55  515.40
N1580844169 2008 035 18 46 20.041  165.173085 -25.857230 165.171997 -25.860046 276.191716  503.66  515.27
N1580844417 2008 035 18 50 28.040  165.173270 -25.827841 165.172443 -25.830402 276.189735  504.32  514.51
N1580844541 2008 035 18 52 32.039  165.173620 -25.813161 165.172231 -25.816069 276.189146  503.48  516.09
N1580844665 2008 035 18 54 36.038  165.174133 -25.798456 165.172781 -25.802119 276.187982  501.28  516.23
N1580844789 2008 035 18 56 40.037  165.174694 -25.783727 165.173544 -25.787357 276.187429  501.32  515.69
N1580844913 2008 035 18 58 44.036  165.175519 -25.768986 165.174349 -25.772624 276.187190  501.30  515.75
N1580845037 2008 035 19 00 48.035  165.176436 -25.754280 165.175453 -25.757429 276.186277  502.67  515.11
N1580845161 2008 035 19 02 52.034  165.177522 -25.739552 165.176497 -25.742067 276.183667  504.51  515.01
N1580845285 2008 035 19 04 56.034  165.178841 -25.724787 165.177669 -25.728283 276.182258  501.71  515.71
N1580845409 2008 035 19 07 00.033  165.180249 -25.710043 165.178943 -25.713561 276.184649  501.69  516.07
N1580845533 2008 035 19 09 04.032  165.181709 -25.695330 165.180719 -25.699035 276.181792  501.06  515.30
N1580845657 2008 035 19 11 08.031  165.183487 -25.680548 165.182660 -25.684368 276.180531  500.68  514.91
N1580845781 2008 035 19 13 12.030  165.185276 -25.665894 165.184376 -25.670209 276.178163  499.26  515.25
N1580847145 2008 035 19 35 56.020  165.215646 -25.503550 165.214947 -25.506500 276.168231  503.16  514.30
N1580847269 2008 035 19 38 00.020  165.219247 -25.488782 165.218931 -25.493160 276.168212  498.92  513.75
N1580847393 2008 035 19 40 04.019  165.223142 -25.474015 165.222509 -25.478594 276.165350  498.42  514.64
N1580847517 2008 035 19 42 08.018  165.227131 -25.459233 165.226355 -25.463151 276.163296  500.38  514.81
N1580847641 2008 035 19 44 12.017  165.231303 -25.444561 165.230492 -25.448865 276.163019  499.27  515.02
N1580847765 2008 035 19 46 16.016  165.235478 -25.429774 165.234868 -25.433868 276.160707  499.82  514.43
N1580847889 2008 035 19 48 20.015  165.239861 -25.415050 165.239260 -25.419242 276.160865  499.54  514.43
N1580848013 2008 035 19 50 24.014  165.244499 -25.400322 165.243639 -25.403916 276.158542  501.34  514.93
N1580848137 2008 035 19 52 28.013  165.249170 -25.385558 165.248601 -25.390239 276.158525  498.11  514.50
N1580848261 2008 035 19 54 32.013  165.254118 -25.370825 165.253261 -25.375900 276.156199  497.05  515.38
N1580848385 2008 035 19 56 36.012  165.259051 -25.356032 165.258441 -25.361900 276.156170  494.68  514.98
N1580848509 2008 035 19 58 40.011  165.264150 -25.341317 165.263725 -25.346126 276.154539  497.70  514.17
N1580848633 2008 035 20 00 44.010  165.269425 -25.326621 165.268589 -25.330949 276.154583  499.21  515.09
N1580848881 2008 035 20 04 52.008  165.280546 -25.297065 165.279900 -25.301872 276.150595  497.77  514.74
N1580849005 2008 035 20 06 56.007  165.286191 -25.282405 165.285703 -25.287000 276.150576  498.34  514.26
N1580849129 2008 035 20 09 00.006  165.292136 -25.267636 165.291229 -25.272432 276.148937  497.87  515.42
N1580849253 2008 035 20 11 04.006  165.298121 -25.252986 165.297525 -25.257254 276.148975  499.32  514.45
N1580849377 2008 035 20 13 08.005  165.304281 -25.238203 165.303600 -25.242519 276.147224  499.20  514.68
N1580849501 2008 035 20 15 12.004  165.310536 -25.223504 165.310116 -25.227960 276.142742  498.72  514.04
N1580849625 2008 035 20 17 16.003  165.317073 -25.208804 165.316635 -25.213503 276.143195  498.02  514.16
N1580849749 2008 035 20 19 20.002  165.323605 -25.194046 165.323047 -25.197134 276.140854  502.72  513.98
N1580849873 2008 035 20 21 24.001  165.330411 -25.179394 165.330000 -25.182578 276.142031  502.40  513.62
N1580849997 2008 035 20 23 28.000  165.337196 -25.164680 165.336718 -25.168415 276.139687  500.82  513.97
N1580850121 2008 035 20 25 31.999  165.344319 -25.149983 165.344386 -25.153757 276.138024  500.56  512.55
N1580850245 2008 035 20 27 35.999  165.351530 -25.135276 165.351017 -25.138715 276.139177  501.69  513.97
N1580850369 2008 035 20 29 39.998  165.358846 -25.120598 165.358442 -25.124395 276.133877  500.63  513.79
N1580850493 2008 035 20 31 43.997  165.366320 -25.105924 165.366389 -25.110351 276.135132  498.67  512.75
N1580850617 2008 035 20 33 47.996  165.373922 -25.091226 165.373603 -25.096013 276.133471  497.73  513.88
N1580850741 2008 035 20 35 51.995  165.381636 -25.076607 165.381532 -25.080759 276.131668  499.51  513.12
N1580850865 2008 035 20 37 55.994  165.389546 -25.061911 165.389086 -25.066156 276.132267  499.34  514.08
N1580850989 2008 035 20 39 59.993  165.397494 -25.047215 165.397019 -25.051638 276.128182  498.83  514.17
N1580851113 2008 035 20 42 03.992  165.405626 -25.032574 165.405275 -25.036963 276.126481  498.89  513.84
N1580851237 2008 035 20 44 07.992  165.413964 -25.017913 165.413666 -25.022221 276.127644  499.11  513.67
N1580851485 2008 035 20 48 15.990  165.431065 -24.988683 165.430544 -24.993842 276.121169  496.71  514.52
N1580851609 2008 035 20 50 19.989  165.439737 -24.974198 165.439336 -24.978803 276.122401  498.28  514.04
N1580851733 2008 035 20 52 23.988  165.448588 -24.959444 165.448998 -24.961855 276.121246  504.41  511.22
N1580851857 2008 035 20 54 27.987  165.457522 -24.944817 165.457633 -24.949865 276.117137  496.85  512.83
N1580851981 2008 035 20 56 31.986  165.466765 -24.930237 165.466735 -24.935796 276.118263  495.41  513.36
N1580852105 2008 035 20 58 35.985  165.476137 -24.915605 165.475918 -24.921073 276.117045  495.73  513.82
N1580852229 2008 035 21 00 39.985  165.485494 -24.901021 165.485418 -24.906700 276.112439  495.08  513.51
N1580852353 2008 035 21 02 43.984  165.495044 -24.886466 165.494894 -24.891783 276.111540  496.15  513.60
N1580852477 2008 035 21 04 47.983  165.504782 -24.871904 165.504665 -24.876756 276.112382  497.49  513.36
N1580852601 2008 035 21 06 51.982  165.514648 -24.857302 165.514301 -24.862426 276.108939  496.76  514.05
N1580852725 2008 035 21 08 55.981  165.524610 -24.842754 165.524575 -24.847341 276.108022  498.23  513.07
N1580852849 2008 035 21 10 59.980  165.534676 -24.828203 165.534555 -24.832285 276.108614  499.72  513.14
N1580852973 2008 035 21 13 03.979  165.544954 -24.813685 165.545028 -24.818082 276.105228  498.75  512.72
N1580853097 2008 035 21 15 07.978  165.555278 -24.799161 165.554975 -24.802333 276.104092  502.40  513.33
N1580853221 2008 035 21 17 11.978  165.565779 -24.784607 165.565591 -24.787239 276.102981  503.93  512.86
N1580853345 2008 035 21 19 15.977  165.576612 -24.770118 165.576865 -24.773542 276.101812  501.52  511.95
N1580853469 2008 035 21 21 19.976  165.587365 -24.755571 165.587258 -24.759326 276.097651  500.66  513.00
N1580853593 2008 035 21 23 23.975  165.598265 -24.741074 165.598105 -24.744832 276.098764  500.67  513.14
N1580853717 2008 035 21 25 27.974  165.609250 -24.726629 165.609263 -24.730941 276.095808  499.01  512.85
N1580853841 2008 035 21 27 31.973  165.620545 -24.712154 165.620569 -24.715802 276.094611  500.93  512.61
N1580853965 2008 035 21 29 35.972  165.631882 -24.697691 165.631790 -24.701027 276.091054  501.87  512.83
N1580854089 2008 035 21 31 39.971  165.643247 -24.683193 165.643275 -24.687814 276.092669  498.12  512.91
N1580854213 2008 035 21 33 43.970  165.654906 -24.668781 165.654809 -24.673292 276.088591  498.47  513.20
N1580854337 2008 035 21 35 47.970  165.666688 -24.654342 165.666880 -24.659697 276.088030  495.94  512.70
N1580854461 2008 035 21 37 51.969  165.678585 -24.639927 165.678444 -24.644507 276.084649  498.28  513.34
N1580854585 2008 035 21 39 55.968  165.690576 -24.625546 165.690905 -24.629869 276.086198  498.89  512.02
N1580854709 2008 035 21 41 59.967  165.702688 -24.611116 165.702610 -24.615073 276.082569  500.06  512.98
N1580854833 2008 035 21 44 03.966  165.714913 -24.596732 165.715160 -24.600376 276.081918  500.88  512.03
N1580854957 2008 035 21 46 07.965  165.727287 -24.582310 165.727554 -24.586052 276.080651  500.59  512.01
N1580855081 2008 035 21 48 11.964  165.739920 -24.567990 165.740207 -24.572842 276.077126  497.37  512.29
N1580855205 2008 035 21 50 15.963  165.752602 -24.553604 165.752657 -24.558441 276.077074  497.48  512.90
N1580855329 2008 035 21 52 19.963  165.765327 -24.539235 165.765539 -24.544391 276.073429  496.51  512.58
N1580855453 2008 035 21 54 23.962  165.778346 -24.524915 165.778383 -24.529263 276.075143  498.90  512.80
N1580855577 2008 035 21 56 27.961  165.791350 -24.510646 165.791307 -24.514937 276.072136  499.09  512.99
N1580855701 2008 035 21 58 31.960  165.804587 -24.496334 165.804480 -24.500520 276.068470  499.41  513.12
N1580855825 2008 035 22 00 35.959  165.817883 -24.482038 165.818073 -24.486087 276.068389  499.72  512.30
N1580855949 2008 035 22 02 39.958  165.831256 -24.467709 165.831542 -24.471876 276.067178  499.36  512.08
N1580856073 2008 035 22 04 43.957  165.844983 -24.453396 165.844908 -24.457755 276.064158  498.90  513.09
N1580856197 2008 035 22 06 47.956  165.858532 -24.439143 165.858984 -24.444097 276.064074  497.03  511.88
N1580856321 2008 035 22 08 51.956  165.872466 -24.424929 165.872538 -24.429401 276.060382  498.53  512.74
N1580856445 2008 035 22 10 55.955  165.886479 -24.410692 165.886774 -24.414796 276.057616  499.53  512.04
N1580856569 2008 035 22 12 59.954  165.900603 -24.396419 165.900872 -24.399783 276.059620  501.69  511.88
N1580856693 2008 035 22 15 03.953  165.914732 -24.382226 165.914847 -24.385441 276.056514  502.16  512.24
N1580856817 2008 035 22 17 07.952  165.929124 -24.368070 165.929194 -24.371389 276.053473  501.87  512.39
N1580856941 2008 035 22 19 11.951  165.943636 -24.353810 165.943724 -24.357240 276.050635  501.54  512.37
N1580857065 2008 035 22 21 15.950  165.958215 -24.339643 165.958479 -24.344085 276.052623  498.56  512.22
N1580857189 2008 035 22 23 19.949  165.973021 -24.325515 165.973279 -24.329158 276.049626  500.88  511.99
N1580857313 2008 035 22 25 23.949  165.987850 -24.311435 165.988141 -24.315311 276.046579  500.20  511.97
N1580857437 2008 035 22 27 27.948  166.002877 -24.297217 166.003465 -24.300531 276.043519  501.74  511.01
N1580857561 2008 035 22 29 31.947  166.018000 -24.283115 166.018272 -24.286470 276.045696  501.71  511.86
N1580857685 2008 035 22 31 35.946  166.033173 -24.269016 166.033601 -24.272701 276.042649  500.71  511.55
N1580857809 2008 035 22 33 39.945  166.048557 -24.254926 166.049261 -24.258844 276.039587  499.96  510.89
N1580857933 2008 035 22 35 43.944  166.064120 -24.240887 166.064427 -24.244442 276.037018  501.12  511.83
N1580858057 2008 035 22 37 47.943  166.079699 -24.226809 166.080151 -24.230192 276.034762  501.58  511.40
N1580858181 2008 035 22 39 51.942  166.095508 -24.212773 166.095812 -24.216521 276.033794  500.56  511.90
N1580858305 2008 035 22 41 55.942  166.111379 -24.198730 166.111691 -24.202169 276.034103  501.46  511.78
N1580858429 2008 035 22 43 59.941  166.127333 -24.184738 166.127714 -24.188563 276.031068  500.32  511.72
N1580858553 2008 035 22 46 03.940  166.143503 -24.170701 166.143860 -24.175088 276.027974  498.70  511.95
N1580858677 2008 035 22 48 07.939  166.159650 -24.156732 166.160230 -24.161214 276.026251  498.36  511.39
N1580858801 2008 035 22 50 11.938  166.176113 -24.142783 166.176564 -24.147335 276.025252  498.19  511.75
N1580858925 2008 035 22 52 15.937  166.192507 -24.128851 166.193155 -24.133567 276.022146  497.66  511.28
N1580859049 2008 035 22 54 19.936  166.209149 -24.114838 166.210049 -24.118883 276.020199  499.54  510.41
N1580859173 2008 035 22 56 23.935  166.225864 -24.100947 166.226356 -24.105052 276.017107  499.48  511.51
N1580859297 2008 035 22 58 27.935  166.242810 -24.087021 166.243112 -24.091019 276.016792  499.84  511.97
N1580859421 2008 035 23 00 31.934  166.259765 -24.073178 166.260131 -24.077264 276.014305  499.57  511.83
N1580859545 2008 035 23 02 35.933  166.276877 -24.059314 166.277437 -24.063543 276.011696  499.10  511.36
N1580859669 2008 035 23 04 39.932  166.294066 -24.045382 166.294450 -24.049679 276.009675  498.95  511.85
N1580859793 2008 035 23 06 43.931  166.311464 -24.031575 166.311939 -24.035909 276.006879  498.82  511.61
N1580859917 2008 035 23 08 47.930  166.328911 -24.017752 166.329684 -24.021472 276.006988  500.51  510.64
N1580860041 2008 035 23 10 51.929  166.346501 -24.003891 166.347321 -24.007461 276.006892  500.94  510.47
N1580860165 2008 035 23 12 55.928  166.364198 -23.990132 166.364690 -23.993932 276.002117  500.36  511.41
N1580860289 2008 035 23 14 59.928  166.382030 -23.976338 166.382831 -23.980837 275.999140  498.25  510.80
N1580860413 2008 035 23 17 03.927  166.399914 -23.962614 166.400552 -23.966703 275.997406  499.48  511.11
N1580860537 2008 035 23 19 07.926  166.418025 -23.948851 166.418679 -23.953264 275.996386  498.54  511.17
N1580860661 2008 035 23 21 11.925  166.436255 -23.935126 166.437309 -23.940196 275.994368  496.52  510.30
N1580860785 2008 035 23 23 15.924  166.454574 -23.921400 166.455211 -23.925707 275.992350  498.85  511.17
N1580860909 2008 035 23 25 19.923  166.473025 -23.907748 166.473429 -23.911088 275.989691  501.72  511.50
N1580861033 2008 035 23 27 23.922  166.491593 -23.894030 166.492167 -23.897336 275.987840  501.77  511.04
N1580861157 2008 035 23 29 27.921  166.510254 -23.880428 166.510824 -23.883590 275.987940  502.19  511.00
N1580861281 2008 035 23 31 31.921  166.529071 -23.866752 166.529553 -23.870194 275.985840  501.40  511.32
N1580861405 2008 035 23 33 35.920  166.547843 -23.853098 166.548491 -23.857181 275.983148  499.50  511.07
N1580861529 2008 035 23 35 39.919  166.567013 -23.839543 166.567600 -23.843608 275.981115  499.56  511.23
N1580861653 2008 035 23 37 43.918  166.586107 -23.825999 166.586697 -23.830083 275.981358  499.51  511.23
N1580861777 2008 035 23 39 47.917  166.605221 -23.812376 166.606133 -23.816096 275.976409  500.48  510.26
N1580861901 2008 035 23 41 51.916  166.624691 -23.798790 166.625595 -23.801641 275.974420  503.00  510.02
N1580862025 2008 035 23 43 55.915  166.644267 -23.785312 166.644696 -23.787892 275.972261  503.91  511.20
N1580862149 2008 035 23 45 59.914  166.663788 -23.771733 166.664545 -23.775067 275.969626  501.64  510.55
N1580862273 2008 035 23 48 03.914  166.683508 -23.758240 166.684245 -23.762330 275.969855  499.45  510.84
N1580862397 2008 035 23 50 07.913  166.703280 -23.744766 166.704152 -23.748928 275.967768  499.20  510.50
N1580862521 2008 035 23 52 11.912  166.723332 -23.731418 166.724475 -23.736878 275.962779  495.37  510.17
N1580862645 2008 035 23 54 15.911  166.743289 -23.717849 166.744376 -23.723184 275.960692  495.75  510.28
N1580862769 2008 035 23 56 19.910  166.763449 -23.704448 166.764374 -23.708540 275.959309  499.40  510.34
N1580862893 2008 035 23 58 23.909  166.783808 -23.691033 166.784845 -23.695000 275.959320  499.73  510.00
N1580863017 2008 036 00 00 27.908  166.804273 -23.677580 166.805466 -23.681593 275.957191  499.55  509.60
N1580863141 2008 036 00 02 31.907  166.824597 -23.664236 166.825785 -23.668056 275.953183  500.11  509.55
N1580863265 2008 036 00 04 35.907  166.845380 -23.650948 166.846367 -23.653777 275.951205  503.04  509.79
N1580863389 2008 036 00 06 39.906  166.866121 -23.637635 166.867163 -23.640881 275.949087  501.81  509.77
N1580863513 2008 036 00 08 43.905  166.887019 -23.624304 166.888441 -23.628739 275.946894  498.26  509.11
N1580863637 2008 036 00 10 47.904  166.907943 -23.611047 166.908941 -23.615447 275.944796  498.48  510.23
N1580863761 2008 036 00 12 51.903  166.928974 -23.597793 166.929834 -23.600680 275.942596  502.90  510.14
N1580863885 2008 036 00 14 55.902  166.950211 -23.584501 166.951059 -23.587492 275.940878  502.60  510.20
N1580864009 2008 036 00 16 59.901  166.971570 -23.571266 166.972533 -23.574645 275.936814  501.45  510.01
N1580864133 2008 036 00 19 03.900  166.992998 -23.558080 166.993824 -23.561513 275.937206  501.33  510.39
N1580864257 2008 036 00 21 07.900  167.014450 -23.544885 167.015708 -23.549027 275.935102  499.16  509.46
N1580864381 2008 036 00 23 11.899  167.036184 -23.531702 167.036990 -23.536958 275.930469  496.06  510.99
N1580864505 2008 036 00 25 15.898  167.057855 -23.518560 167.059289 -23.524383 275.929258  494.24  509.49
N1580864629 2008 036 00 27 19.897  167.079770 -23.505410 167.080921 -23.510547 275.929636  496.30  510.04
N1580864753 2008 036 00 29 23.896  167.101707 -23.492317 167.103343 -23.496422 275.925132  499.16  508.44
N1580864877 2008 036 00 31 27.895  167.123708 -23.479252 167.124998 -23.483275 275.923494  499.50  509.34
N1580865001 2008 036 00 33 31.894  167.145959 -23.466154 167.146856 -23.470309 275.918854  499.22  510.42
N1580865125 2008 036 00 35 35.893  167.168275 -23.453126 167.169413 -23.457090 275.917608  499.71  509.72
N1580865249 2008 036 00 37 39.893  167.190743 -23.440014 167.191517 -23.443957 275.917959  499.87  510.68
N1580865373 2008 036 00 39 43.892  167.213200 -23.427058 167.214479 -23.431015 275.913854  499.69  509.34
N1580865497 2008 036 00 41 47.891  167.235853 -23.414096 167.236842 -23.418832 275.911758  497.51  510.35
N1580865621 2008 036 00 43 51.890  167.258582 -23.401119 167.259954 -23.405219 275.907715  499.25  509.13
N1580865745 2008 036 00 45 55.889  167.281420 -23.388148 167.282414 -23.391834 275.908371  500.55  510.01
N1580865869 2008 036 00 47 59.888  167.304462 -23.375225 167.305743 -23.378096 275.904245  502.83  509.01
N1580865993 2008 036 00 50 03.887  167.327530 -23.362348 167.328745 -23.365201 275.902138  502.90  509.17
N1580866117 2008 036 00 52 07.886  167.350507 -23.349483 167.351659 -23.352509 275.898127  502.42  509.39
N1580866241 2008 036 00 54 11.886  167.373894 -23.336624 167.374993 -23.341245 275.896637  497.81  510.01
N1580866365 2008 036 00 56 15.885  167.397246 -23.323823 167.398985 -23.328893 275.894667  496.34  508.44
N1580866489 2008 036 00 58 19.884  167.420688 -23.310984 167.422044 -23.315998 275.893521  496.60  509.45
N1580866613 2008 036 01 00 23.883  167.444339 -23.298158 167.445521 -23.302055 275.888870  499.89  509.57
N1580866737 2008 036 01 02 27.882  167.468043 -23.285378 167.469521 -23.290069 275.887988  497.51  509.02
N1580866861 2008 036 01 04 31.881  167.491760 -23.272624 167.493179 -23.277282 275.886075  497.62  509.17
N1580866985 2008 036 01 06 35.880  167.515700 -23.259927 167.516823 -23.262927 275.884288  502.50  509.46
N1580867109 2008 036 01 08 39.879  167.539713 -23.247172 167.541112 -23.249093 275.880233  505.56  508.40
N1580867233 2008 036 01 10 43.879  167.563884 -23.234509 167.565209 -23.236632 275.879240  504.99  508.66
N1580867357 2008 036 01 12 47.878  167.588151 -23.221895 167.589668 -23.224868 275.877322  502.48  508.40
N1580867481 2008 036 01 14 51.877  167.612436 -23.209217 167.613707 -23.211645 275.873251  504.12  508.89
N1580867605 2008 036 01 16 55.876  167.636894 -23.196587 167.638585 -23.199007 275.871980  504.03  507.77
N1580867729 2008 036 01 18 59.875  167.661426 -23.184005 167.662706 -23.186408 275.867353  504.19  508.86
N1580867853 2008 036 01 21 03.874  167.686092 -23.171426 167.687570 -23.173613 275.868463  504.76  508.26
N1580867977 2008 036 01 23 07.873  167.710801 -23.158845 167.712123 -23.161314 275.864371  503.99  508.76
N1580868101 2008 036 01 25 11.872  167.735644 -23.146331 167.737204 -23.150037 275.860702  500.34  508.50
N1580868225 2008 036 01 27 15.871  167.760609 -23.133806 167.761966 -23.137691 275.859524  499.88  509.09
N1580868349 2008 036 01 29 19.871  167.785568 -23.121325 167.787197 -23.124942 275.857740  500.58  508.29
N1580868473 2008 036 01 31 23.870  167.810776 -23.108896 167.812168 -23.112258 275.853625  501.38  508.84
N1580868597 2008 036 01 33 27.869  167.836107 -23.096445 167.837512 -23.099469 275.852813  502.36  508.71
N1580868721 2008 036 01 35 31.868  167.861410 -23.084055 167.862829 -23.087266 275.848740  501.81  508.72
N1580868845 2008 036 01 37 35.867  167.886804 -23.071619 167.888419 -23.075034 275.847013  501.17  508.26
N1580868969 2008 036 01 39 39.866  167.912344 -23.059275 167.913900 -23.062534 275.845744  501.64  508.37
N1580869093 2008 036 01 41 43.865  167.938096 -23.046889 167.939880 -23.050122 275.842004  501.65  507.75
N1580869217 2008 036 01 43 47.864  167.963771 -23.034619 167.965635 -23.037944 275.838124  501.36  507.57
N1580869341 2008 036 01 45 51.864  167.989597 -23.022310 167.991317 -23.026424 275.836110  499.12  508.18
N1580869465 2008 036 01 47 55.863  168.015536 -23.010043 168.017472 -23.012736 275.835858  503.17  507.19
N1580869589 2008 036 01 49 59.862  168.041608 -22.997843 168.043068 -23.000892 275.831762  502.27  508.56
N1580869713 2008 036 01 52 03.861  168.067921 -22.985542 168.069546 -22.989022 275.830384  500.98  508.25
N1580869837 2008 036 01 54 07.860  168.094140 -22.973334 168.095760 -22.976518 275.826209  501.84  508.17
N1580869961 2008 036 01 56 11.859  168.120536 -22.961175 168.122215 -22.964496 275.825314  501.43  508.06
N1581514033 2008 043 12 50 39.264  150.987259 -11.675272 150.985989 -11.678901 165.150056  510.65  500.34
N1581601019 2008 044 13 00 24.650  159.308665  -9.984837 159.310431  -9.989087 275.900626  498.67  507.79
N1581601062 2008 044 13 01 07.914  159.321684  -9.984523 159.323524  -9.989215 275.899673  497.37  507.71
N1583400866 2008 065 08 57 38.967  145.977267 -10.251644 145.928543 -10.203787  96.453473  357.27  388.33
N1583400909 2008 065 08 58 22.231  145.962270 -10.255606 145.913121 -10.207862  96.453795  357.46  387.08
N1583628688 2008 068 00 14 39.358  168.969260 -28.799464 168.944908 -28.791537 276.103348  541.08  570.91
N1583757629 2008 069 12 03 39.447  177.316216 -22.947131 177.309209 -22.936683 275.079544  543.48  527.58
N1583757662 2008 069 12 04 12.715  177.330009 -22.948079 177.323030 -22.937709 275.079684  543.25  527.53
N1586080141 2008 096 09 11 55.038  145.110560  -8.552285 145.115311  -8.545396  96.439635  493.09  527.29
N1587747235 2008 115 16 16 37.575  148.818495  -9.141269 148.829966  -9.138864  96.339824  508.18  545.01
N1588452182 2008 123 20 05 39.338  139.246838   1.514078 139.254194   1.514208  96.472892  513.53  532.77
N1597487856 2008 228 09 59 09.565  155.732912  -2.506791 155.736500  -2.513857 147.248608  531.37  499.81
N1618012383 2009 099 23 12 10.160  123.104600  22.684554 123.115369  22.672228  77.939751  540.58  547.26
N1622593565 2009 152 23 44 39.624  270.842632 -37.551752 270.843801 -37.549388 270.692570  518.36  508.76
N1622593598 2009 152 23 45 12.892  270.858749 -37.550813 270.860157 -37.548668 270.703198  517.71  508.22
N1626407552 2009 197 03 10 39.522  280.283916 -28.234256 280.279225 -28.211960 206.976686  530.19  574.87
N1626407595 2009 197 03 11 22.786  280.296041 -28.237810 280.291398 -28.215468 206.983071  530.36  574.93
N1629730016 2009 235 14 04 39.873  313.003066  -4.764412 313.001251  -4.754336 194.696065  513.79  541.24
N1629730059 2009 235 14 05 23.141  313.015602  -4.765455 313.014596  -4.755355 194.697027  516.09  540.72
N1630721883 2009 247 01 35 39.818  273.171051  -7.184700 273.146559  -7.192016 182.959810  439.66  493.88
N1630721916 2009 247 01 36 13.087  273.166179  -7.185077 273.141678  -7.192551 182.959499  439.61  493.42
N1632483135 2009 267 10 49 39.479  247.939966  -4.069685 247.927415  -4.073451 180.496828  474.88  500.85
N1632483168 2009 267 10 50 12.748  247.948994  -4.069280 247.936201  -4.073061 180.494920  474.18  500.81
N1634624701 2009 292 05 42 10.518  267.828818   3.934525 267.826839   3.924797 266.408201  482.85  515.52
N1634624744 2009 292 05 42 53.782  267.839033   3.933664 267.837216   3.924415 266.407835  484.28  515.14
N1635282305 2009 299 20 22 10.139  290.594186   1.768979 290.714740   1.786496 265.464787  590.10  165.66
N1635282357 2009 299 20 23 02.138  290.585807   1.769950 290.705784   1.787660 265.464989  590.53  167.39
N1635282413 2009 299 20 23 58.138  290.576567   1.770909 290.695225   1.788904 265.465073  591.05  171.28
N1635282469 2009 299 20 24 54.137  290.567636   1.771905 290.684728   1.789959 265.465305  590.86  175.84
N1635282525 2009 299 20 25 50.137  290.558547   1.772894 290.674479   1.791256 265.464762  591.49  179.28
N1635282581 2009 299 20 26 46.137  290.549561   1.773901 290.664762   1.792637 265.464993  592.41  181.49
N1635282637 2009 299 20 27 42.136  290.540506   1.774918 290.654118   1.793742 265.465077  592.30  186.12
N1635282805 2009 299 20 30 30.135  290.513584   1.777836 290.623874   1.796305 265.464987  590.50  195.68
N1635282861 2009 299 20 31 26.135  290.504669   1.778836 290.613508   1.797530 265.468507  590.80  199.94
N1635282917 2009 299 20 32 22.134  290.495706   1.779834 290.603442   1.798510 265.468743  590.50  203.14
N1635282973 2009 299 20 33 18.134  290.486880   1.780797 290.593169   1.799103 265.468829  589.09  207.25
N1635283029 2009 299 20 34 14.134  290.477973   1.781790 290.583253   1.800408 265.469060  589.76  210.25
N1635283085 2009 299 20 35 10.133  290.469077   1.782716 290.573042   1.801341 265.468521  589.48  214.07
N1635283141 2009 299 20 36 06.133  290.460269   1.783711 290.563010   1.802108 265.468730  588.54  217.57
N1635283197 2009 299 20 37 02.132  290.451416   1.784709 290.552585   1.803546 265.468816  589.45  222.23
N1635283253 2009 299 20 37 58.132  290.442605   1.785697 290.542612   1.805222 265.469048  591.18  225.77
N1635283309 2009 299 20 38 54.132  290.433807   1.786685 290.532523   1.806131 265.469134  590.66  229.50
N1635283365 2009 299 20 39 50.131  290.425055   1.787623 290.522243   1.807555 265.468748  591.72  234.05
N1636035731 2009 308 13 39 10.305  251.343332   5.109930 251.347195   5.109637 176.786698  522.68  511.27
N1636292935 2009 311 13 05 52.740  271.726803   3.608199 271.881078   3.516134 265.043782  283.04   41.52
N1636293582 2009 311 13 16 39.471  271.889364   3.594149 271.890162   3.580406 265.045858  471.81  505.79
N1636293625 2009 311 13 17 22.735  271.900229   3.593221 271.900973   3.579375 265.045538  471.50  505.92
N1636340533 2009 312 02 19 10.137  283.222066   2.528113 283.219333   2.499745 264.348387  428.48  511.34
N1636340576 2009 312 02 19 53.401  283.230709   2.527246 283.228523   2.498974 264.348033  428.92  509.78
N1636680975 2009 316 00 53 09.647  286.358870   2.161387 286.368057   2.214017 264.193212  666.71  500.46
N1636681008 2009 316 00 53 42.310  286.351912   2.162133 286.368214   2.213966 264.193212  666.50  479.62
N1637941044 2009 330 14 54 09.756  270.571557   3.709040 270.573860   3.709150 176.802616  518.11  512.19
N1637941077 2009 330 14 54 43.025  270.579377   3.708312 270.581721   3.708069 176.799717  518.29  511.17
N1638828685 2009 340 21 28 04.269  304.452685   0.298590 304.372538   0.277382 176.115502  282.72  434.04
N1640908425 2009 364 23 10 09.655  276.825354  11.858047 276.819819  11.861581 284.775741  525.49  524.19
N1640908458 2009 364 23 10 42.924  276.816247  11.860071 276.810625  11.863831 284.776887  526.19  524.26
N1641080686 2010 001 23 01 09.430  288.231044  11.059402 288.230073  11.051043 282.214184  488.30  519.42
N1641080719 2010 001 23 01 42.699  288.237333  11.060111 288.236376  11.052150 282.213443  489.43  519.14
N1643741585 2010 032 18 09 09.474  282.352421   3.098413 282.351717   3.108476 264.394154  540.47  516.46
N1643795106 2010 033 09 01 10.093  270.858397   4.129863 270.856848   4.126652 265.119600  501.79  515.24
N1643795139 2010 033 09 01 43.362  270.854907   4.130143 270.853231   4.126523 265.119725  500.57  515.51
N1645691059 2010 055 07 40 09.602  285.862024   2.622298 285.859062   2.619608 264.217405  502.83  519.34
N1645691092 2010 055 07 40 42.870  285.856925   2.622825 285.854196   2.619987 264.217498  502.47  518.62
N1646683406 2010 066 19 19 09.498  265.513854   4.250435 265.509370   4.249507 265.312998  507.74  524.32
N1646683439 2010 066 19 19 42.767  265.521493   4.249841 265.516924   4.248872 265.312866  507.60  524.56
N1648397319 2010 086 15 24 10.327  284.804897   2.488031 284.781347   2.455435 264.176116  410.08  570.11
N1648397352 2010 086 15 24 43.174  284.812388   2.487319 284.781034   2.454308 264.176116  406.58  592.58
N1648397387 2010 086 15 25 17.666  284.820238   2.486496 284.780536   2.453815 264.176126  405.07  616.85
N1648397454 2010 086 15 26 25.166  284.835475   2.484948 284.780395   2.453706 264.176165  404.70  661.80
N1648397522 2010 086 15 27 33.333  284.850990   2.483398 284.779956   2.454337 264.176165  406.30  708.64
N1648397556 2010 086 15 28 07.165  284.858657   2.482621 284.779534   2.453664 264.176165  404.21  732.09
N1648397591 2010 086 15 28 41.665  284.866496   2.481822 284.778798   2.453224 264.176165  402.72  757.02
N1648397624 2010 086 15 29 15.332  284.874037   2.481021 284.778367   2.453656 264.176165  403.94  780.47
N1648397658 2010 086 15 29 49.164  284.881736   2.480311 284.777758   2.452899 264.176165  401.34  804.51
N1648397693 2010 086 15 30 23.664  284.889546   2.479514 284.776807   2.452652 264.176165  400.35  830.04
N1648397726 2010 086 15 30 57.332  284.897110   2.478719 284.776525   2.453507 264.176217  402.81  853.24
N1648397760 2010 086 15 31 31.164  284.904815   2.477940 284.776020   2.453087 264.176217  401.43  877.12
N1648397828 2010 086 15 32 39.331  284.920173   2.476369 284.774462   2.453812 264.176217  403.08  926.78
N1648397930 2010 086 15 34 21.330  284.943302   2.474052 284.771869   2.454329 264.176267  403.69 1002.09
N1648402659 2010 086 16 53 10.305  285.989251   2.367612 285.978092   2.370773 264.126145  517.33  544.81
N1648402692 2010 086 16 53 43.573  285.996390   2.366886 285.985475   2.369584 264.126054  516.06  543.96
N1649696328 2010 101 16 14 10.086  254.386676   5.041179 254.392936   5.043476 208.506145  530.60  508.74
N1649696361 2010 101 16 14 43.354  254.382173   5.041520 254.387572   5.043572 208.506513  528.07  509.30
N1650067971 2010 105 23 28 10.441  283.656007   2.671454 283.666368   2.670448 264.487896  511.47  481.27
N1650068004 2010 105 23 28 43.709  283.661644   2.670901 283.672683   2.672878 264.487794  520.31  480.14
N1656592777 2010 181 11 54 09.780  278.556404  17.095134 278.553936  17.091643 280.935899  502.83  520.23
N1656592810 2010 181 11 54 43.049  278.555093  17.093447 278.552108  17.090711 280.935899  505.26  521.23
N1659806659 2010 218 16 38 28.695  299.198125   4.366169 299.200854   4.364321 176.145408  519.71  506.66
N1659806692 2010 218 16 39 01.964  299.200164   4.366400 299.202659   4.364395 176.145290  519.06  506.16
N1675509706 2011 035 10 34 09.865  254.798108   5.075804 254.805095   5.061878 296.806771  466.18  511.75
N1675509739 2011 035 10 34 43.134  254.801640   5.075548 254.808805   5.061716 296.810048  466.19  511.17
N1682166061 2011 112 11 32 43.093  248.785839   5.417549 248.787672   5.421578 266.835798  523.51  506.90
N1682451030 2011 115 18 42 10.024  267.188039   4.146988 267.192175   4.156331 265.299688  539.60  501.81
N1684433082 2011 138 17 16 09.471  230.548635   6.129283 230.548080   6.125502 268.666199  500.45  512.91
N1684433115 2011 138 17 16 42.740  230.544574   6.129379 230.543893   6.125724 268.666447  500.81  513.28
N1685875011 2011 155 09 48 09.355  259.731282   4.649366 259.736617   4.649064 355.853666  496.05  511.26
N1685875044 2011 155 09 48 42.624  259.728594   4.649586 259.734274   4.649262 355.856230  495.04  511.25
N1686501415 2011 162 15 48 09.395  285.873663   2.367037 285.876770   2.363925 264.231665  503.38  501.65
N1686501448 2011 162 15 48 42.664  285.876443   2.366747 285.879573   2.364664 264.231619  506.37  501.88
N1688400067 2011 184 15 12 09.392  259.206916   4.777343 259.209632   4.776910 355.922654  503.61  512.20
N1688400100 2011 184 15 12 42.660  259.204845   4.777469 259.207545   4.776964 355.922536  503.63  512.42
N1688601548 2011 186 23 10 09.118  268.325443   4.075044 268.327222   4.079670 265.227106  525.36  507.53
N1689641715 2011 199 00 06 09.542  223.213901   6.254716 223.212309   6.248496 269.481787  493.34  516.00
N1689831196 2011 201 04 44 09.344  240.647592   5.847091 240.645353   5.845860 267.634551  507.65  517.89
N1689831229 2011 201 04 44 42.613  240.641524   5.847297 240.639279   5.845844 267.634850  507.00  517.88
N1694062663 2011 250 04 08 09.546  261.485176   4.609506 261.485354   4.611768 265.731992  518.11  511.53
N1694062696 2011 250 04 08 42.815  261.485498   4.609442 261.485874   4.611843 265.731842  518.55  510.99
N1694254724 2011 252 09 29 09.331  265.877429   4.265866 265.880988   4.269018 265.394987  521.48  501.99
N1694254757 2011 252 09 29 42.600  265.886234   4.265226 265.890004   4.268491 265.394582  521.86  501.40
N1694909868 2011 259 23 28 09.186  221.714643   6.301567 221.728494   6.326603 269.633813  584.68  471.92
N1694909901 2011 259 23 28 42.455  221.726424   6.301662 221.745498   6.325874 269.629602  582.38  456.78
N1694910288 2011 259 23 35 09.184  221.860474   6.301252 221.861726   6.299891 269.616397  507.56  507.90
N1694910321 2011 259 23 35 42.453  221.872005   6.301210 221.873258   6.299843 269.615790  507.54  507.90
N1695098330 2011 262 03 49 09.994  225.461257   6.213659 225.460394   6.208033 269.226420  495.08  513.83
N1695098363 2011 262 03 49 43.263  225.463261   6.213668 225.462420   6.207831 269.226371  494.47  513.76
N1696388938 2011 277 02 19 09.830  233.816552   6.142768 233.816362   6.141977 268.477409  509.18  512.05
N1696388971 2011 277 02 19 43.099  233.823179   6.142657 233.822898   6.141573 268.477021  508.32  512.29
N1696834621 2011 282 06 07 10.010  246.185026   5.621658 246.201676   5.577558 267.210869  385.54  457.09
N1696834654 2011 282 06 07 43.279  246.192891   5.621354 246.192017   5.577947 267.211255  385.09  507.94
N1696837261 2011 282 06 51 09.994  246.800727   5.592586 246.801239   5.588927 267.150956  500.93  509.55
N1696837294 2011 282 06 51 43.262  246.808483   5.592130 246.808981   5.588239 267.149884  500.25  509.55
N1696921081 2011 283 06 08 09.464  252.989238   5.238989 252.986422   5.232782 266.567162  492.96  518.63
N1698201549 2011 298 01 49 09.363  229.941394   6.155657 229.941286   6.154591 268.892001  508.39  511.81
N1698201582 2011 298 01 49 42.632  229.948036   6.155583 229.947933   6.154021 268.891593  506.94  511.77
N1701609451 2011 337 12 27 09.792  258.568540   4.918004 258.569936   4.921773 266.109278  522.73  508.26
N1701609484 2011 337 12 27 43.061  258.572195   4.917696 258.573660   4.921738 266.109113  523.53  508.12
N1701926673 2011 341 04 34 09.785  260.618502   4.710612 260.619686   4.710502 355.937981  508.11  511.58
N1701926706 2011 341 04 34 43.054  260.609571   4.710987 260.610708   4.710947 355.939445  508.26  511.39
N1703079640 2011 354 12 50 09.490  253.067990   5.973322 253.065989   5.966189 267.429985  490.48  516.42
N1703079673 2011 354 12 50 42.759  253.061915   5.973737 253.059853   5.966506 267.430298  490.19  516.58
N1703195741 2011 355 21 05 09.756  249.876850   6.045607 249.878180   6.032892 267.760913  474.64  506.26
N1703195774 2011 355 21 05 43.025  249.883158   6.045206 249.884309   6.032513 267.760562  474.68  506.78
N1703589343 2011 360 10 25 09.266  262.093723   5.571951 262.092852   5.566015 266.532528  494.09  513.03
N1703589376 2011 360 10 25 42.534  262.087589   5.572407 262.087277   5.566259 266.532883  493.57  511.38
N1710208825 2012 072 01 09 09.309  218.585407   6.204283 218.579884   6.203926 269.934837  510.44  527.55
N1710208858 2012 072 01 09 42.578  218.582251   6.204249 218.576943   6.202771 269.935013  507.18  526.93
N1710347966 2012 073 15 48 09.428  254.860108   5.106523 254.865530   5.104759 356.240518  495.52  515.60
N1710890070 2012 079 22 23 09.993  274.653675   3.390407 274.651651   3.380743 264.778765  482.93  514.86
N1710890103 2012 079 22 23 43.262  274.648482   3.390859 274.646614   3.381106 264.778874  482.71  514.38
N1711207952 2012 083 14 41 09.979  271.072500   3.645274 271.075615   3.661600 265.001421  559.66  506.68
N1711207985 2012 083 14 41 43.248  271.072848   3.645358 271.075977   3.662715 265.001421  562.65  506.90
N1711314752 2012 084 20 21 09.302  297.177985   1.172227 297.177532   1.172362 353.881341  512.91  511.26
N1711314785 2012 084 20 21 42.571  297.188052   1.171132 297.187738   1.171331 353.881193  512.53  511.02
N1712587960 2012 099 14 01 09.235  271.089065   3.650296 271.085673   3.651313 355.006353  521.64  509.41
N1712587993 2012 099 14 01 42.504  271.081454   3.650971 271.077509   3.651910 355.006615  523.22  509.78
N1712869302 2012 102 20 10 09.453  276.808701   3.122142 276.814021   3.123812 354.659354  496.60  505.22
N1714311231 2012 119 12 42 09.317  274.149769   3.457289 274.146667   3.456576 354.711492  520.35  514.40
N1714311264 2012 119 12 42 42.585  274.155792   3.456744 274.152905   3.456143 354.711369  519.76  514.02
N1717297963 2012 154 02 20 42.662  293.367229  17.581182 293.360016  17.572153 306.762047  502.45  543.33
N1718123808 2012 163 15 44 42.429  261.409794  14.089975 261.407912  14.092055 284.404665  518.71  515.20
N1718765840 2012 171 02 05 10.092  278.629574  21.533003 278.620629  21.532310   9.452775  535.79  509.50
N1736968526 2013 015 18 21 19.459  314.405511  66.794190 314.431023  66.798328 181.786945  541.12  522.63
N1736968559 2013 015 18 21 52.728  314.380356  66.796631 314.405992  66.800864 181.809743  541.27  522.89
N1737787881 2013 025 05 57 09.255  270.209932  31.692676 270.209378  31.683620 264.542279  485.11  510.41
N1737787914 2013 025 05 57 42.524  270.222479  31.695879 270.222013  31.686902 264.542816  485.36  510.21
N1738705500 2013 035 20 50 42.696  244.672160  15.582340 244.672984  15.583729 228.697313  516.03  512.48
N1741126193 2013 063 21 15 20.096  283.926166  39.751299 283.923615  39.752918 207.418321  508.56  518.34
N1741126226 2013 063 21 15 53.365  283.938409  39.759132 283.935850  39.759956 207.406330  507.48  516.29
N1743350097 2013 089 15 00 09.952  283.002598  68.820966 282.980026  68.819559 208.753762  488.68  519.34
N1745860606 2013 118 16 21 43.254  288.813013  44.244758 288.811664  44.245732 205.164865  510.12  515.28
N1748457329 2013 148 17 40 09.470  326.010486  47.210008 326.021456  47.210776 171.827794  532.63  516.79
N1748457362 2013 148 17 40 42.739  326.037581  47.213285 326.049168  47.213942 171.806505  533.88  516.66
N1750034319 2013 166 23 43 09.510  227.140498  -2.703447 227.133552  -2.714340 238.633808  473.86  512.29
N1750034352 2013 166 23 43 42.778  227.156324  -2.698449 227.148991  -2.709365 238.634052  473.22  513.22
N1757882799 2013 257 19 50 19.664  286.794843  37.094712 286.796658  37.097389 291.773836  517.20  504.73
N1757882832 2013 257 19 50 52.933  286.813359  37.099469 286.814686  37.102136 291.760342  517.59  505.80
N1759888782 2013 281 01 03 09.924  103.834751 -38.077624 103.845774 -38.084164 336.313861  480.74  518.81
N1759888815 2013 281 01 03 43.193  103.849511 -38.080853 103.860503 -38.087139 336.326732  481.11  518.17
N1760114793 2013 283 15 49 59.488  142.219198 -41.613389 142.209602 -41.618157   6.014153  533.78  523.12
N1760176944 2013 284 09 05 50.094  182.498342 -35.455562 182.497984 -35.462765  35.371296  524.38  528.09
N1760176977 2013 284 09 06 23.362  182.518793 -35.454546 182.517810 -35.461928  35.384785  525.89  527.65
N1764312590 2013 332 05 52 49.828  167.426471 -48.774293 167.434757 -48.770638 114.666881  508.45  530.37
N1766817326 2013 361 05 38 09.921  157.644111 -49.930120 157.643425 -49.937370  18.002669  519.28  531.18
N1766817359 2013 361 05 38 43.189  157.651725 -49.936364 157.651587 -49.943510  18.003366  518.21  531.21
N1769139931 2014 023 02 48 00.083  119.307831 -43.697561 119.313634 -43.705714 349.091203  495.05  532.52
N1769139964 2014 023 02 48 33.352  119.315654 -43.701503 119.321666 -43.709737 349.097838  494.57  532.67
N1769463703 2014 026 20 44 10.025  147.873499 -56.424394 147.871124 -56.431101  10.820909  518.96  529.97
N1769463736 2014 026 20 44 43.294  147.863604 -56.426997 147.861062 -56.433897  10.813402  519.33  530.47
N1769730234 2014 029 22 46 19.331  179.943401 -48.945212 179.942982 -48.951389  33.683596  522.18  526.01
N1769730267 2014 029 22 46 52.600  179.931754 -48.944499 179.931873 -48.950291  33.677453  520.70  525.65
N1771314454 2014 048 06 49 49.264   95.425983 -42.779691  95.422389 -42.785705 333.214467  510.50  530.62
N1771314487 2014 048 06 50 22.532   95.419504 -42.783364  95.416042 -42.789669 333.209242  509.87  531.25
N1771439325 2014 049 17 30 59.470   94.946462 -38.015732  94.953194 -38.005235 332.898908  511.72  477.26
N1772110299 2014 057 11 53 49.206  138.707394 -50.863503 138.702973 -50.866810  94.145879  520.52  502.66
N1772110332 2014 057 11 54 22.475  138.704131 -50.858608 138.699201 -50.862196  94.141647  521.27  501.67
N1777328343 2014 117 21 20 40.045  135.513250 -41.123194 135.517033 -41.128598  92.867386  527.63  518.96
N1784047435 2014 195 15 44 49.560  218.453121   5.845760 218.442040   5.835551 316.371342  514.26  555.22
N1784047871 2014 195 15 52 05.557  218.592141   5.893465 218.581301   5.882763 316.371934  512.77  555.78
N1784048091 2014 195 15 55 45.556  218.662609   5.917561 218.651551   5.906969 316.372205  513.44  555.98
N1784048311 2014 195 15 59 25.554  218.733136   5.941574 218.725792   5.928045 316.372666  499.75  554.75
N1784048531 2014 195 16 03 05.553  218.803968   5.965507 218.792823   5.955431 316.372967  514.66  555.07
N1784048971 2014 195 16 10 25.550  218.946423   6.013472 218.934523   6.004253 316.375886  517.97  554.77
N1784049191 2014 195 16 14 05.549  219.017981   6.037204 219.006241   6.028076 316.372788  517.81  554.25
N1784049411 2014 195 16 17 45.547  219.089671   6.061069 219.077898   6.051988 316.375330  517.98  554.22
N1795595562 2014 329 07 32 23.094  152.286269 -27.949438 152.276556 -27.950945 103.064989  510.11  486.11
N1796516375 2014 339 23 19 09.968  195.288315 -10.792316 195.271286 -10.800426  92.965487  532.57  461.56
N1797899984 2014 355 23 39 10.128   98.561119 -27.736282  98.552014 -27.744272  72.462017  540.78  496.08
N1798828869 2015 001 17 40 29.209  134.636393 -31.942589 134.610104 -31.944900   4.288278  576.85  513.34
N1798828902 2015 001 17 41 02.478  134.630351 -31.941169 134.604423 -31.943514   4.287301  575.97  513.51
N1799229902 2015 006 09 04 19.653  179.224533 -18.841353 179.218467 -18.846446  22.615541  532.69  518.74
N1800991203 2015 026 18 19 09.430  103.678470 -19.115545 103.674599 -19.112412  96.081306  501.29  501.82
N1801769328 2015 035 18 27 49.472  137.439390 -15.963320 137.420654 -15.966513   6.120265  564.72  515.15
N1801769361 2015 035 18 28 22.741  137.448001 -15.962529 137.428918 -15.965760   6.124232  565.70  515.15
N1806941141 2015 095 15 04 09.517  117.960666  -1.216587 117.963544  -1.214150  96.484250  505.39  520.57
N1806941174 2015 095 15 04 42.786  117.968371  -1.215756 117.971391  -1.213199  96.484414  505.09  521.02
N1806941501 2015 095 15 10 09.515  118.044032  -1.207396 118.091904  -1.146456  96.488094  350.88  670.04
N1806941534 2015 095 15 10 42.784  118.051742  -1.206536 118.091841  -1.146537  96.488094  351.04  647.23
N1807144242 2015 097 23 29 09.223  121.347325  -0.799586 121.347676  -0.796960  96.540072  504.01  513.33
N1807144275 2015 097 23 29 42.492  121.352320  -0.799117 121.352533  -0.796569  96.540036  504.19  512.90
N1808727288 2015 116 07 13 00.468   97.425292  -3.293815  97.264080  -3.350313  95.668113  628.92   28.62
N1809381707 2015 123 20 59 59.966  130.100642   0.235527 130.102404   0.233862  96.682335  516.91  515.98
N1809381740 2015 123 21 00 33.235  130.102511   0.235823 130.104899   0.234183  96.682257  517.05  517.80
N1809467117 2015 124 20 43 29.422  117.963633  -1.096192 117.967993  -1.096300  96.580345  513.26  524.02
N1809467150 2015 124 20 44 02.691  117.959287  -1.096776 117.962897  -1.097325  96.580164  514.29  521.71
N1809627358 2015 126 17 14 09.401  150.260335   2.514290 150.263163   2.513688  96.196824  514.13  519.44
N1809627391 2015 126 17 14 42.670  150.265774   2.514948 150.269330   2.514846  96.196762  512.91  521.70
N1816272582 2015 203 15 07 10.056  146.067206   2.280289 146.070651   2.277752   6.112370  502.38  519.91
N1816272615 2015 203 15 07 43.325  146.062555   2.279805 146.066254   2.277158   6.115737  501.67  520.31
N1818254574 2015 226 13 40 09.427  133.563831   0.700934 133.565227   0.699269   6.436630  508.06  516.77
N1818254607 2015 226 13 40 42.696  133.568412   0.701389 133.570195   0.699506   6.436787  507.01  517.53
N1821716086 2015 266 15 11 39.466  131.308868   0.529645 131.310850   0.526748  96.471182  520.53  516.23
N1821716119 2015 266 15 12 12.735  131.302084   0.528889 131.303976   0.525918  96.471170  520.71  515.94
N1821717496 2015 266 15 35 09.457  131.018996   0.496889 131.150428   0.410287  96.472803  805.30  863.43
N1821717529 2015 266 15 35 42.726  131.012091   0.496118 131.159440   0.411134  96.472714  805.84  910.03
N1821828917 2015 267 22 32 09.748  129.663821   0.170801 129.662431   0.168713   6.481417  516.27  517.08
N1823333196 2015 285 08 23 19.165  172.207468   4.657583 172.202472   4.654518   4.356113  526.70  519.30
N1826507597 2015 322 02 09 39.945  120.275927  -1.252622 120.267181  -1.256194   5.094704  537.85  519.60
N1826507630 2015 322 02 10 13.213  120.277714  -1.252460 120.269049  -1.256129   5.094704  537.64  519.90
N1829382845 2015 355 08 50 09.419  100.237605  -2.943850 100.150944  -2.789681   4.514830  727.52   43.91
N1829382882 2015 355 08 50 41.923  100.252844  -2.942183 100.155155  -2.789180   4.514932  759.77   44.77
N1829705467 2015 359 02 27 09.522  138.065041   0.862927 138.066534   0.868133  95.251182  496.79  517.16
N1830038889 2015 362 23 04 09.396  134.282031  -0.090742 134.275091  -0.094015   5.279182  532.57  519.13
N1830038922 2015 362 23 04 42.665  134.276171  -0.091464 134.268805  -0.094737   5.281452  533.80  519.01
N1830148360 2015 364 05 28 39.698  158.476775   2.570619 158.474568   2.567722   4.725566  518.65  519.38
N1830148393 2015 364 05 29 12.967  158.490592   2.571953 158.489161   2.569285   4.726300  516.35  518.90
N1831873011 2016 019 04 32 39.702  132.752670  -1.041756 132.754511  -1.042098  92.702454  512.74  516.75
N1832536765 2016 026 20 55 09.470  169.456297   1.338993 169.466124   1.336705   2.929963  483.32  519.62
N1833855624 2016 042 03 15 59.682  147.672779 -12.403056 147.685837 -12.402225 353.026646  474.97  504.59
N1833855657 2016 042 03 16 32.951  147.674794 -12.400722 147.687827 -12.399920 353.030164  475.04  504.69
N1835726906 2016 063 19 03 49.476  172.966621 -19.676409 172.974128 -19.645179  86.251039  419.38  526.05
N1839517741 2016 107 16 03 59.742  160.943425 -23.770199 160.942855 -23.772007 349.293312  512.07  516.97
N1840145564 2016 114 22 27 39.660  194.322970 -22.196694 194.343338 -22.197192   2.054471  456.71  514.91
N1840145597 2016 114 22 28 12.928  194.325729 -22.199354 194.346150 -22.199806   2.057500  456.56  514.79
N1840469406 2016 118 16 24 59.585  197.049957 -26.970488 197.080162 -26.969551   3.127574  433.11  513.04
N1841900355 2016 135 05 53 59.417  150.935576 -27.491130 150.937356 -27.482581  71.229300  486.46  507.80
N1845328210 2016 174 22 04 32.723  219.992246 -28.851430 219.989881 -28.854379  16.953597  519.82  517.94
N1846755259 2016 191 10 28 32.692  178.579633 -32.957225 178.571520 -32.957976  82.414879  516.29  492.08
N1847237619 2016 197 00 27 49.343  211.585110 -32.975708 211.568569 -32.980109  12.186851  553.76  515.49
