1985 3 30.15000 +120.204 +38.768 +0.556 -0.142
1985 3 30.15903 +121.089 +39.152 +0.582 +0.082
1985 3 30.16806 +121.384 +39.444 -0.010 +0.224
1985 3 30.17431 +121.861 +39.410 -0.148 +0.100
1985 3 30.18681 +123.582 +39.301 +0.313 -0.199
1985 3 30.19514 +124.092 +39.574 -0.050 -0.046
1985 3 30.20417 +125.415 +39.236 +0.314 -0.514
1985 3 30.21597 +125.969 +39.963 -0.406 +0.063
1985 3 30.22847 +127.860 +40.205 +0.097 +0.155
1985 4  3.16562 +144.153 -75.611 +0.194 +0.349
1985 4 29.17014 +026.304 +72.127 +0.015 -0.443
1985 4 29.17674 +027.193 +72.273 +0.200 -0.527
1985 4 29.19375 +029.734 +73.390 +0.891 +0.010
1985 4 29.20347 +029.570 +73.868 -0.377 +0.148
1985 6 11.96319 -218.385 +40.767 +0.731 -0.273
1985 6 11.97222 -218.073 +41.629 +0.380 -0.071
1985 6 11.98194 -216.844 +42.227 +0.890 -0.183
1985 6 11.99097 -216.915 +42.803 +0.113 -0.257
1987 7 16.92083 -119.697 -00.473 +0.264 -0.083
1987 7 16.92986 -119.854 -00.917 +0.065 -0.297
1987 7 16.94792 -120.622 -01.161 -0.730 -0.101
1987 8 14.93889 -092.083 -57.410 +0.034 -0.220
