118 1995  6 10.3069907 61.184 874 303 1 125 11   120.5887660   -10.3047623 2 1 999.999 999.999  5  0  1   410.188   -33.024
118 1995  6 10.3069907 61.184 874 303 1  C5 11    60.2085664    -4.5632701 2 1 999.999 999.999  5  0  1  -204.891    14.499
118 1995  6 10.3069907 61.184 874 303 0  C* 11   355.5224380    -4.1352712 2 1 999.999 999.999  5  0  1 99999.999 99999.999
118 1995  6 10.3385417 61.184 874 303 1 145 11    92.1107600    -8.3786004 2 1 999.999 999.999  5  0  1   313.348   -26.937
118 1995  6 10.3385417 61.184 874 303 1  C5 11    60.3306262    -6.8321198 2 1 999.999 999.999  5  0  1  -205.345    22.215
118 1995  6 10.3385417 61.184 874 303 0  C* 11   355.5233660    -4.1354670 2 1 999.999 999.999  5  0  1 99999.999 99999.999
118 1995  6 10.3393171 61.184 874 303 1 135 11    84.8410080    -7.5630631 2 1 999.999 999.999  5  1  1   288.616   -24.287
118 1995  6 10.3393171 61.184 874 303 1 145 11    91.9187636    -8.4341267 2 1 999.999 999.999  5  1  1   312.696   -27.129
118 1995  6 10.3393171 61.184 874 303 1  C5 11    59.6107185    -5.5935711 2 1 999.999 999.999  5  1  1  -202.875    18.014
118 1995  6 10.3393171 61.184 874 303 0  C* 11   355.5231879    -4.1351124 2 1 999.999 999.999  5  1  1 99999.999 99999.999
118 1995  6 10.3451042 61.184 874 303 1 125 11   122.1621310   -10.3698517 2 1 999.999 999.999  5  0  1   415.570   -33.201
118 1995  6 10.3451042 61.184 874 303 1 145 11    93.1346102    -8.4821387 2 1 999.999 999.999  5  0  1   316.834   -27.270
118 1995  6 10.3451042 61.184 874 303 1  C5 11    60.0111644    -6.6379754 2 1 999.999 999.999  5  0  1  -204.255    21.560
118 1995  6 10.3451042 61.184 874 303 0  C* 11   355.5234674    -4.1353232 2 1 999.999 999.999  5  0  1 99999.999 99999.999
118 1995  6 10.3457986 61.184 874 303 1 125 11   122.2076362   -10.3633637 2 1 999.999 999.999  5  0  1   415.725   -33.178
118 1995  6 10.3457986 61.184 874 303 1 145 11    93.2507174    -8.4771665 2 1 999.999 999.999  5  0  1   317.229   -27.251
118 1995  6 10.3457986 61.184 874 303 1  C5 11    59.3153626    -6.6339081 2 1 999.999 999.999  5  0  1  -201.888    21.558
118 1995  6 10.3457986 61.184 874 303 0  C* 11   355.5232938    -4.1353126 2 1 999.999 999.999  5  0  1 99999.999 99999.999
118 1995  6 10.3466782 61.184 874 303 1 125 11   122.1885647   -10.3319427 2 1 999.999 999.999  5  0  1   415.660   -33.071
118 1995  6 10.3466782 61.184 874 303 1 145 11    93.3639986    -8.4469613 2 1 999.999 999.999  5  0  1   317.614   -27.146
118 1995  6 10.3466782 61.184 874 303 1  C5 11    60.0539368    -6.8433772 2 1 999.999 999.999  5  0  1  -204.404    22.258
118 1995  6 10.3466782 61.184 874 303 0  C* 11   355.5235252    -4.1353588 2 1 999.999 999.999  5  0  1 99999.999 99999.999
118 1995  6 10.3473611 61.184 874 303 1 125 11   122.2136415   -10.2968175 2 1 999.999 999.999  5  0  1   415.745   -32.951
118 1995  6 10.3473611 61.184 874 303 1 145 11    93.5100752    -8.4459443 2 1 999.999 999.999  5  0  1   318.111   -27.140
118 1995  6 10.3473611 61.184 874 303 1  C5 11    58.9259559    -4.3795977 2 1 999.999 999.999  5  0  1  -200.525    13.896
118 1995  6 10.3473611 61.184 874 303 0  C* 11   355.5232309    -4.1346650 2 1 999.999 999.999  5  0  1 99999.999 99999.999
118 1995  6 10.3483218 61.184 874 303 1 125 11   122.2636837   -10.3152523 2 1 999.999 999.999  5  0  1   415.916   -33.012
118 1995  6 10.3483218 61.184 874 303 1 135 11    85.2209017    -7.5199012 2 1 999.999 999.999  5  0  1   289.912   -24.131
118 1995  6 10.3483218 61.184 874 303 1  C5 11    62.3979048    -4.4586919 2 1 999.999 999.999  5  0  1  -212.337    14.106
118 1995  6 10.3483218 61.184 874 303 0  C* 11   355.5242260    -4.1346739 2 1 999.999 999.999  5  0  1 99999.999 99999.999
118 1995  6 12.2854167 61.184 874 303 1 125 11   -65.8298378     6.2202444 2 1 999.999 999.999  5  0  2  -223.833    20.441
118 1995  6 12.2854167 61.184 874 303 1  C5 11   -60.2403254     7.4356694 2 1 999.999 999.999  5  0  2   204.950   -24.618
118 1995  6 12.2854167 61.184 874 303 0  C* 11   355.5991036    -4.1105234 2 1 999.999 999.999  5  0  2 99999.999 99999.999
118 1995  6 12.2882986 61.184 874 303 1 125 11   -66.0582115     6.1922158 2 1 999.999 999.999  5  0  2  -224.612    20.342
118 1995  6 12.2882986 61.184 874 303 1  C5 11   -60.6327463     7.1129172 2 1 999.999 999.999  5  0  2   206.281   -23.516
118 1995  6 12.2882986 61.184 874 303 0  C* 11   355.5991664    -4.1105841 2 1 999.999 999.999  5  0  2 99999.999 99999.999
118 1995  6 12.2892361 61.184 874 303 1 125 11   -66.4539748     6.1245064 2 1 999.999 999.999  5  0  2  -225.958    20.107
118 1995  6 12.2892361 61.184 874 303 1  C5 11   -61.1323227     6.8443250 2 1 999.999 999.999  5  0  2   207.977   -22.597
118 1995  6 12.2892361 61.184 874 303 0  C* 11   355.5990832    -4.1106493 2 1 999.999 999.999  5  0  2 99999.999 99999.999
118 1995  6 12.2918634 61.184 874 303 1 125 11   -66.7022518     6.1617680 2 1 999.999 999.999  5  0  2  -226.805    20.230
118 1995  6 12.2918634 61.184 874 303 1  C5 11   -61.5717434     6.5364286 2 1 999.999 999.999  5  0  2   209.468   -21.545
118 1995  6 12.2918634 61.184 874 303 0  C* 11   355.5991175    -4.1107085 2 1 999.999 999.999  5  0  2 99999.999 99999.999
118 1995  6 12.2964468 61.184 874 303 1 125 11   -67.3331187     6.2428004 2 1 999.999 999.999  5  0  2  -228.955    20.497
118 1995  6 12.2964468 61.184 874 303 1  C5 11   -62.3686522     5.9788824 2 1 999.999 999.999  5  0  2   212.172   -19.640
118 1995  6 12.2964468 61.184 874 303 0  C* 11   355.5991683    -4.1108173 2 1 999.999 999.999  5  0  2 99999.999 99999.999
118 1995  6 12.2980671 61.184 874 303 1 125 11   -67.3139181     6.2500050 2 1 999.999 999.999  5  0  2  -228.891    20.521
118 1995  6 12.2980671 61.184 874 303 1  C5 11   -60.2438191     6.9857964 2 1 999.999 999.999  5  0  2   204.957   -23.088
118 1995  6 12.2980671 61.184 874 303 0  C* 11   355.5998563    -4.1105213 2 1 999.999 999.999  5  0  2 99999.999 99999.999
118 1995  6 12.2990856 61.184 874 303 1 125 11   -67.3429593     6.2951755 2 1 999.999 999.999  5  0  2  -228.991    20.674
118 1995  6 12.2990856 61.184 874 303 1  C5 11   -60.7263043     6.9982533 2 1 999.999 999.999  5  0  2   206.598   -23.125
118 1995  6 12.2990856 61.184 874 303 0  C* 11   355.5997824    -4.1105076 2 1 999.999 999.999  5  0  2 99999.999 99999.999
118 1995  6 13.3262153 61.184 874 303 1 125 11   -16.0545535     0.9771957 2 1 999.999 999.999  5  0  3   -54.512     3.119
118 1995  6 13.3262153 61.184 874 303 1  C5 11   -71.0244385     6.2799931 2 1 999.999 999.999  5  0  3   241.298   -20.436
118 1995  6 13.3262153 61.184 874 303 0  C* 11   355.6382826    -4.0990361 2 1 999.999 999.999  5  0  3 99999.999 99999.999
118 1995  6 13.3700579 61.184 874 303 1 135 11   -50.3513528     5.4212367 2 1 999.999 999.999  5  0  3  -171.013    17.779
118 1995  6 13.3700579 61.184 874 303 1  C5 11   -69.2085224     6.2176266 2 1 999.999 999.999  5  0  3   235.130   -20.247
118 1995  6 13.3700579 61.184 874 303 0  C* 11   355.6396352    -4.0984959 2 1 999.999 999.999  5  0  3 99999.999 99999.999
118 1995  6 13.3738889 61.184 874 303 1 135 11   -46.4352109     3.5222354 2 1 999.999 999.999  5  0  3  -157.690    11.378
118 1995  6 13.3738889 61.184 874 303 1  C5 11   -67.0713839     6.7208603 2 1 999.999 999.999  5  0  3   227.878   -21.983
118 1995  6 13.3738889 61.184 874 303 0  C* 11   355.6403013    -4.0983072 2 1 999.999 999.999  5  0  3 99999.999 99999.999
118 1995  6 13.3803125 61.184 874 303 1 135 11   -46.1400330     3.4171111 2 1 999.999 999.999  5  0  3  -156.688    11.024
118 1995  6 13.3803125 61.184 874 303 1  C5 11   -66.9237360     7.1543149 2 1 999.999 999.999  5  0  3   227.382   -23.457
118 1995  6 13.3803125 61.184 874 303 0  C* 11   355.6404602    -4.0981048 2 1 999.999 999.999  5  0  3 99999.999 99999.999
118 1995  7  8.3432986 61.184 874 303 1 125 11    65.7651531    -4.9113886 2 1 999.999 999.999  5  0  5   223.552   -16.086
118 1995  7  8.3432986 61.184 874 303 1  C5 11    44.1927285    -1.4916625 2 1 999.999 999.999  5  0  5  -150.258     4.667
118 1995  7  8.3432986 61.184 874 303 0  C* 11   356.0809401    -4.0271389 2 1 999.999 999.999  5  0  5 99999.999 99999.999
118 1995  7 11.2962963 61.184 874 303 1 125 11     0.0134558     0.0590937 2 1 999.999 999.999  5  0  5     0.048     0.201
118 1995  7 11.2962963 61.184 874 303 1  C5 11     8.2464713     0.1057598 2 1 999.999 999.999  5  0  5   -28.035    -0.435
118 1995  7 11.2962963 61.184 874 303 0  C* 11   356.0698270    -4.0458816 2 1 999.999 999.999  5  0  5 99999.999 99999.999
118 1995  7 11.2970602 61.184 874 303 1 135 11   -21.0729595     0.3214374 2 1 999.999 999.999  5  0  5   -71.620     0.900
118 1995  7 11.2970602 61.184 874 303 1  C5 11     8.6757496     0.0446006 2 1 999.999 999.999  5  0  5   -29.495    -0.231
118 1995  7 11.2970602 61.184 874 303 0  C* 11   356.0699192    -4.0459023 2 1 999.999 999.999  5  0  5 99999.999 99999.999
118 1995  7 11.2990741 61.184 874 303 1 135 11   -20.9967813     0.2659544 2 1 999.999 999.999  5  0  5   -71.361     0.712
118 1995  7 11.2990741 61.184 874 303 1  C5 11     8.5037993    -0.3476101 2 1 999.999 999.999  5  0  5   -28.914     1.104
118 1995  7 11.2990741 61.184 874 303 0  C* 11   356.0697993    -4.0460211 2 1 999.999 999.999  5  0  5 99999.999 99999.999
118 1995  8  8.3179630 61.184 874 303 1 135 11    40.5630674    -3.5986360 2 1 999.999 999.999  5  0  6   137.819   -12.140
118 1995  8  8.3179630 61.184 874 303 1  C5 11    72.4949060    -6.3271237 2 1 999.999 999.999  5  0  6  -246.419    21.377
118 1995  8  8.3179630 61.184 874 303 0  C* 11   355.3264741    -4.4889585 2 1 999.999 999.999  5  0  6 99999.999 99999.999
118 1995  8  8.3190278 61.184 874 303 1 135 11    40.4616250    -3.6539740 2 1 999.999 999.999  5  0  6   137.474   -12.328
118 1995  8  8.3190278 61.184 874 303 1  C5 11    74.3365105    -5.4592984 2 1 999.999 999.999  5  0  6  -252.677    18.424
118 1995  8  8.3190278 61.184 874 303 0  C* 11   355.3269368    -4.4887423 2 1 999.999 999.999  5  0  6 99999.999 99999.999
118 1995  8  8.3206713 61.184 874 303 1 135 11    40.2841045    -3.5901115 2 1 999.999 999.999  5  1  6   136.870   -12.111
118 1995  8  8.3206713 61.184 874 303 1  C5 11    73.7857137    -5.5469779 2 1 999.999 999.999  5  1  6  -250.805    18.723
118 1995  8  8.3206713 61.184 874 303 0  C* 11   355.3267057    -4.4888050 2 1 999.999 999.999  5  1  6 99999.999 99999.999
118 1995  8  8.3214583 61.184 874 303 1 125 11    25.6904351    -2.7103015 2 1 999.999 999.999  5  0  6    87.288    -9.154
118 1995  8  8.3214583 61.184 874 303 1  C5 11    72.7750983    -5.5779296 2 1 999.999 999.999  5  0  6  -247.370    18.830
118 1995  8  8.3214583 61.184 874 303 0  C* 11   355.3263870    -4.4888319 2 1 999.999 999.999  5  0  6 99999.999 99999.999
118 1995  8  8.3226389 61.184 874 303 1 135 11    40.1371744    -3.6054411 2 1 999.999 999.999  5  0  6   136.370   -12.163
118 1995  8  8.3226389 61.184 874 303 1  C5 11    74.2232005    -5.5563272 2 1 999.999 999.999  5  0  6  -252.292    18.754
118 1995  8  8.3226389 61.184 874 303 0  C* 11   355.3267348    -4.4888535 2 1 999.999 999.999  5  0  6 99999.999 99999.999
118 1995  8  8.3235069 61.184 874 303 1 135 11    40.0690058    -3.5978007 2 1 999.999 999.999  5  0  6   136.138   -12.137
118 1995  8  8.3235069 61.184 874 303 1  C5 11    74.1658069    -5.6057237 2 1 999.999 999.999  5  0  6  -252.097    18.922
118 1995  8  8.3235069 61.184 874 303 0  C* 11   355.3266779    -4.4888875 2 1 999.999 999.999  5  0  6 99999.999 99999.999
118 1995  8  8.3244560 61.184 874 303 1 125 11    25.8210479    -2.7093237 2 1 999.999 999.999  5  0  6    87.731    -9.150
118 1995  8  8.3244560 61.184 874 303 1  C5 11    72.9474153    -5.7639576 2 1 999.999 999.999  5  0  6  -247.956    19.462
118 1995  8  8.3244560 61.184 874 303 0  C* 11   355.3262937    -4.4889536 2 1 999.999 999.999  5  0  6 99999.999 99999.999
118 1995  8  8.3254398 61.184 874 303 1 125 11    25.8685230    -2.6841024 2 1 999.999 999.999  5  0  6    87.892    -9.064
118 1995  8  8.3254398 61.184 874 303 1  C5 11    74.1210633    -5.6633646 2 1 999.999 999.999  5  0  6  -251.945    19.118
118 1995  8  8.3254398 61.184 874 303 0  C* 11   355.3265744    -4.4889486 2 1 999.999 999.999  5  0  6 99999.999 99999.999
118 1995  8  8.3302199 61.184 874 303 1 125 11    26.0773081    -2.6973595 2 1 999.999 999.999  5  0  6    88.600    -9.108
118 1995  8  8.3302199 61.184 874 303 1  C5 11    72.0306935    -5.7458263 2 1 999.999 999.999  5  0  6  -244.840    19.402
118 1995  8  8.3302199 61.184 874 303 0  C* 11   355.3257677    -4.4890831 2 1 999.999 999.999  5  0  6 99999.999 99999.999
118 1995  8  8.3449884 61.184 874 303 1 125 11    26.8425850    -2.8180403 2 1 999.999 999.999  5  0  6    91.195    -9.514
118 1995  8  8.3449884 61.184 874 303 1 135 11    38.2083098    -3.4466449 2 1 999.999 999.999  5  0  6   129.804   -11.622
118 1995  8  8.3449884 61.184 874 303 1  C5 11    72.2680416    -6.0004390 2 1 999.999 999.999  5  0  6  -245.647    20.267
118 1995  8  8.3449884 61.184 874 303 0  C* 11   355.3251472    -4.4894994 2 1 999.999 999.999  5  0  6 99999.999 99999.999
118 1995  8  8.3460648 61.184 874 303 1 125 11    26.8854113    -2.8066733 2 1 999.999 999.999  5  0  6    91.340    -9.475
118 1995  8  8.3460648 61.184 874 303 1 135 11    38.0460844    -3.4434265 2 1 999.999 999.999  5  0  6   129.252   -11.611
118 1995  8  8.3460648 61.184 874 303 1  C5 11    73.6667568    -5.9082016 2 1 999.999 999.999  5  0  6  -250.401    19.951
118 1995  8  8.3460648 61.184 874 303 0  C* 11   355.3254873    -4.4894990 2 1 999.999 999.999  5  0  6 99999.999 99999.999
118 1995  8  8.3505556 61.184 874 303 1 135 11    37.6985667    -3.3847584 2 1 999.999 999.999  5  0  6   128.068   -11.411
118 1995  8  8.3505556 61.184 874 303 1  C5 11    72.8155891    -4.8712717 2 1 999.999 999.999  5  0  6  -247.506    16.428
118 1995  8  8.3505556 61.184 874 303 0  C* 11   355.3250434    -4.4893162 2 1 999.999 999.999  5  0  6 99999.999 99999.999
119 1996  6 22.2885417 62.184 874 303 1 135 11   -98.2206000     5.0214354 2 1 999.999 999.999  5  1  7  -314.435    -6.825
119 1996  6 22.2885417 62.184 874 303 1 145 11   -28.8693107    -5.0739841 2 1 999.999 999.999  5  1  7   -90.894   -22.906
119 1996  6 22.2885417 62.184 874 303 1  C5 11   -86.7346732   -22.1572950 2 1 999.999 999.999  5  1  7   271.619    90.920
119 1996  6 22.2885417 62.184 874 303 0  C* 11     7.1919284     0.6221667 2 1 999.999 999.999  5  1  7 99999.999 99999.999
119 1996  6 22.2923032 62.184 874 303 1 135 11   -98.2983110     4.8992965 2 1 999.999 999.999  5  0  7  -314.659    -7.235
119 1996  6 22.2923032 62.184 874 303 1 145 11   -28.3403565    -5.1195935 2 1 999.999 999.999  5  0  7   -89.197   -22.929
119 1996  6 22.2923032 62.184 874 303 1  C5 11   -59.6849878     9.5593769 2 1 999.999 999.999  5  0  7   192.691   -16.596
119 1996  6 22.2923032 62.184 874 303 0  C* 11     7.1995563     0.6310404 2 1 999.999 999.999  5  0  7 99999.999 99999.999
119 1996  6 22.3193519 62.184 874 303 1 135 11   -99.0630193     3.9409156 2 1 999.999 999.999  5  1  7  -316.899   -10.486
119 1996  6 22.3193519 62.184 874 303 1 145 11   -24.9922685    -5.4231194 2 1 999.999 999.999  5  1  7   -78.450   -23.122
119 1996  6 22.3193519 62.184 874 303 1  C5 11   -80.4861819    -1.4750599 2 1 999.999 999.999  5  1  7   256.499    23.464
119 1996  6 22.3193519 62.184 874 303 0  C* 11     7.1945792     0.6284316 2 1 999.999 999.999  5  1  7 99999.999 99999.999
119 1996  6 22.3200694 62.184 874 303 1 135 11   -99.1749254     4.1359527 2 1 999.999 999.999  5  1  7  -317.302    -9.890
119 1996  6 22.3200694 62.184 874 303 1 145 11   -24.9595260    -5.2800770 2 1 999.999 999.999  5  1  7   -78.379   -22.658
119 1996  6 22.3200694 62.184 874 303 1  C5 11   -81.3011796    -1.6671762 2 1 999.999 999.999  5  1  7   259.055    24.267
119 1996  6 22.3200694 62.184 874 303 0  C* 11     7.1943736     0.6283903 2 1 999.999 999.999  5  1  7 99999.999 99999.999
119 1996  6 22.3210185 62.184 874 303 1 135 11   -99.2061019     4.2129350 2 1 999.999 999.999  5  0  7  -317.420    -9.652
119 1996  6 22.3210185 62.184 874 303 1 145 11   -24.8238183    -5.2849347 2 1 999.999 999.999  5  0  7   -77.945   -22.642
119 1996  6 22.3210185 62.184 874 303 1  C5 11   -81.6521095    -1.5679067 2 1 999.999 999.999  5  0  7   260.198    24.032
119 1996  6 22.3210185 62.184 874 303 0  C* 11     7.1943037     0.6284339 2 1 999.999 999.999  5  0  7 99999.999 99999.999
119 1996  6 22.3220833 62.184 874 303 1 135 11   -99.2239648     4.1372837 2 1 999.999 999.999  5  1  7  -317.460    -9.898
119 1996  6 22.3220833 62.184 874 303 1  C5 11   -81.2065911    -1.8223068 2 1 999.999 999.999  5  1  7   258.717    24.740
119 1996  6 22.3220833 62.184 874 303 0  C* 11     7.1944584     0.6283812 2 1 999.999 999.999  5  1  7 99999.999 99999.999
119 1996  6 22.3294329 62.184 874 303 1 135 11   -99.3829489     3.9473461 2 1 999.999 999.999  5  1  7  -317.927   -10.544
119 1996  6 22.3294329 62.184 874 303 1  C5 11   -82.8711390    -3.5164009 2 1 999.999 999.999  5  1  7   263.634    30.534
119 1996  6 22.3294329 62.184 874 303 0  C* 11     7.1942081     0.6280346 2 1 999.999 999.999  5  1  7 99999.999 99999.999
119 1996  6 22.3510185 62.184 874 303 1 135 11   -99.3469304     3.0456125 2 1 999.999 999.999  5  0  7  -317.610   -13.420
119 1996  6 22.3510185 62.184 874 303 1  C5 11   -78.5786250     0.4400761 2 1 999.999 999.999  5  0  7   250.858    16.908
119 1996  6 22.3510185 62.184 874 303 0  C* 11     7.1960119     0.6294976 2 1 999.999 999.999  5  0  7 99999.999 99999.999
119 1996  6 22.3696296 62.184 874 303 1 135 11   -98.9957737     2.9510001 2 1 999.999 999.999  5  0  7  -316.471   -13.645
119 1996  6 22.3696296 62.184 874 303 1  C5 11   -81.0653904    -3.6175600 2 1 999.999 999.999  5  0  7   257.848    30.436
119 1996  6 22.3696296 62.184 874 303 0  C* 11     7.1958343     0.6286842 2 1 999.999 999.999  5  0  7 99999.999 99999.999
119 1996  6 22.3702431 62.184 874 303 1 135 11   -99.2064485     2.8335603 2 1 999.999 999.999  5  0  7  -317.116   -14.069
119 1996  6 22.3702431 62.184 874 303 1  C5 11   -80.3377097    -3.6255765 2 1 999.999 999.999  5  0  7   255.524    30.292
119 1996  6 22.3702431 62.184 874 303 0  C* 11     7.1960531     0.6286924 2 1 999.999 999.999  5  0  7 99999.999 99999.999
119 1996  6 22.3707523 62.184 874 303 1 135 11   -99.0462218     2.9547678 2 1 999.999 999.999  5  0  7  -316.633   -13.645
119 1996  6 22.3707523 62.184 874 303 1  C5 11   -80.7033968    -3.7884585 2 1 999.999 999.999  5  0  7   256.653    30.897
119 1996  6 22.3707523 62.184 874 303 0  C* 11     7.1959654     0.6286557 2 1 999.999 999.999  5  0  7 99999.999 99999.999
119 1996  6 22.3713657 62.184 874 303 1 135 11   -99.0907595     2.8809791 2 1 999.999 999.999  5  0  7  -316.758   -13.891
119 1996  6 22.3713657 62.184 874 303 1  C5 11   -80.9003241    -3.8417646 2 1 999.999 999.999  5  0  7   257.269    31.113
119 1996  6 22.3713657 62.184 874 303 0  C* 11     7.1959273     0.6286512 2 1 999.999 999.999  5  0  7 99999.999 99999.999
119 1996  6 22.3720023 62.184 874 303 1 135 11   -99.3028296     2.7272939 2 1 999.999 999.999  5  0  7  -317.399   -14.431
119 1996  6 22.3720023 62.184 874 303 1  C5 11   -80.6133533    -4.0015437 2 1 999.999 999.999  5  0  7   256.316    31.556
119 1996  6 22.3720023 62.184 874 303 0  C* 11     7.1960243     0.6286176 2 1 999.999 999.999  5  0  7 99999.999 99999.999
119 1996  6 22.3725116 62.184 874 303 1 135 11   -98.9857032     2.8386124 2 1 999.999 999.999  5  0  7  -316.413   -14.002
119 1996  6 22.3725116 62.184 874 303 1  C5 11   -81.4992065    -4.0825670 2 1 999.999 999.999  5  0  7   259.124    32.021
119 1996  6 22.3725116 62.184 874 303 0  C* 11     7.1957921     0.6286036 2 1 999.999 999.999  5  0  7 99999.999 99999.999
119 1996  6 22.3730440 62.184 874 303 1 135 11   -99.0706353     2.7953401 2 1 999.999 999.999  5  0  7  -316.674   -14.160
119 1996  6 22.3730440 62.184 874 303 1  C5 11   -81.0078286    -3.9664682 2 1 999.999 999.999  5  0  7   257.583    31.536
119 1996  6 22.3730440 62.184 874 303 0  C* 11     7.1959430     0.6286449 2 1 999.999 999.999  5  0  7 99999.999 99999.999
119 1996  6 22.3735880 62.184 874 303 1 135 11   -99.0413852     2.7493752 2 1 999.999 999.999  5  0  7  -316.570   -14.300
119 1996  6 22.3735880 62.184 874 303 1  C5 11   -81.4410803    -4.4966972 2 1 999.999 999.999  5  0  7   258.842    33.329
119 1996  6 22.3735880 62.184 874 303 0  C* 11     7.1958374     0.6285068 2 1 999.999 999.999  5  0  7 99999.999 99999.999
119 1996  6 22.3742245 62.184 874 303 1 135 11   -99.0330942     2.7124660 2 1 999.999 999.999  5  0  7  -316.535   -14.416
119 1996  6 22.3742245 62.184 874 303 1  C5 11   -81.3758887    -4.4450518 2 1 999.999 999.999  5  0  7   258.646    33.149
119 1996  6 22.3742245 62.184 874 303 0  C* 11     7.1958727     0.6285318 2 1 999.999 999.999  5  0  7 99999.999 99999.999
119 1996  6 24.3557176 62.184 874 303 1 145 11   104.9775648    -7.7819476 2 1 999.999 999.999  5  0  8   336.731    -4.539
119 1996  6 24.3557176 62.184 874 303 1  C5 11    64.9936415    -7.7802758 2 1 999.999 999.999  5  0  8  -209.134    12.265
119 1996  6 24.3557176 62.184 874 303 0  C* 11     7.2773945     0.6534946 2 1 999.999 999.999  5  0  8 99999.999 99999.999
119 1996  6 24.3567130 62.184 874 303 1 145 11   105.0409968    -7.7921377 2 1 999.999 999.999  5  0  8   336.936    -4.559
119 1996  6 24.3567130 62.184 874 303 1  C5 11    66.1261209    -7.5490607 2 1 999.999 999.999  5  0  8  -212.707    11.307
119 1996  6 24.3567130 62.184 874 303 0  C* 11     7.2777520     0.6535672 2 1 999.999 999.999  5  0  8 99999.999 99999.999
119 1996  6 24.3622801 62.184 874 303 1 145 11   105.3651596    -7.6394809 2 1 999.999 999.999  5  0  8   337.944    -4.007
119 1996  6 24.3622801 62.184 874 303 1  C5 11    66.9110267    -6.7517829 2 1 999.999 999.999  5  0  8  -215.060     8.608
119 1996  6 24.3622801 62.184 874 303 0  C* 11     7.2782102     0.6538355 2 1 999.999 999.999  5  0  8 99999.999 99999.999
119 1996  6 24.3629630 62.184 874 303 1 145 11   105.3908602    -7.5603380 2 1 999.999 999.999  5  0  8   338.011    -3.749
119 1996  6 24.3629630 62.184 874 303 1  C5 11    66.3704314    -6.9065092 2 1 999.999 999.999  5  0  8  -213.363     9.207
119 1996  6 24.3629630 62.184 874 303 0  C* 11     7.2780896     0.6537983 2 1 999.999 999.999  5  0  8 99999.999 99999.999
119 1996  6 24.3636343 62.184 874 303 1 145 11   105.4390170    -7.5548612 2 1 999.999 999.999  5  0  8   338.164    -3.722
119 1996  6 24.3636343 62.184 874 303 1  C5 11    66.6281111    -7.0191736 2 1 999.999 999.999  5  0  8  -214.208     9.517
119 1996  6 24.3636343 62.184 874 303 0  C* 11     7.2781903     0.6537727 2 1 999.999 999.999  5  0  8 99999.999 99999.999
119 1996  6 24.3643866 62.184 874 303 1 145 11   105.4860524    -7.5058154 2 1 999.999 999.999  5  0  8   338.305    -3.556
119 1996  6 24.3643866 62.184 874 303 1  C5 11    66.1828844    -6.9226840 2 1 999.999 999.999  5  0  8  -212.767     9.295
119 1996  6 24.3643866 62.184 874 303 0  C* 11     7.2780992     0.6538058 2 1 999.999 999.999  5  0  8 99999.999 99999.999
119 1996  6 24.3650694 62.184 874 303 1 145 11   105.5283036    -7.4996687 2 1 999.999 999.999  5  1  8   338.439    -3.528
119 1996  6 24.3650694 62.184 874 303 1  C5 11    66.2668282    -7.2573960 2 1 999.999 999.999  5  1  8  -213.100    10.348
119 1996  6 24.3650694 62.184 874 303 0  C* 11     7.2781521     0.6537185 2 1 999.999 999.999  5  1  8 99999.999 99999.999
119 1996  6 24.3665394 62.184 874 303 1 145 11   105.6148478    -7.5516813 2 1 999.999 999.999  5  0  8   338.726    -3.677
119 1996  6 24.3665394 62.184 874 303 1  C5 11    65.8575232    -7.5390352 2 1 999.999 999.999  5  0  8  -211.847    11.327
119 1996  6 24.3665394 62.184 874 303 0  C* 11     7.2781022     0.6536527 2 1 999.999 999.999  5  0  8 99999.999 99999.999
119 1996  6 24.3672685 62.184 874 303 1 145 11   105.6500310    -7.4762437 2 1 999.999 999.999  5  0  8   338.824    -3.429
119 1996  6 24.3672685 62.184 874 303 1  C5 11    65.6126644    -7.5711427 2 1 999.999 999.999  5  0  8  -211.071    11.477
119 1996  6 24.3672685 62.184 874 303 0  C* 11     7.2780659     0.6536499 2 1 999.999 999.999  5  0  8 99999.999 99999.999
119 1996  6 24.3678935 62.184 874 303 1 145 11   105.7018380    -7.4778702 2 1 999.999 999.999  5  0  8   338.990    -3.424
119 1996  6 24.3678935 62.184 874 303 1  C5 11    65.6752220    -7.5358070 2 1 999.999 999.999  5  0  8  -211.264    11.352
119 1996  6 24.3678935 62.184 874 303 0  C* 11     7.2781104     0.6536649 2 1 999.999 999.999  5  0  8 99999.999 99999.999
119 1996  6 24.3689236 62.184 874 303 1 145 11   105.7505270    -7.4787166 2 1 999.999 999.999  5  0  8   339.146    -3.417
119 1996  6 24.3689236 62.184 874 303 1  C5 11    65.2567077    -7.9486740 2 1 999.999 999.999  5  0  8  -210.007    12.752
119 1996  6 24.3689236 62.184 874 303 0  C* 11     7.2780390     0.6535589 2 1 999.999 999.999  5  0  8 99999.999 99999.999
119 1996  6 24.3697569 62.184 874 303 1 145 11   105.8018654    -7.4258673 2 1 999.999 999.999  5  0  8   339.300    -3.238
119 1996  6 24.3697569 62.184 874 303 1  C5 11    64.5870155    -7.9506389 2 1 999.999 999.999  5  0  8  -207.868    12.888
119 1996  6 24.3697569 62.184 874 303 0  C* 11     7.2778892     0.6535653 2 1 999.999 999.999  5  0  8 99999.999 99999.999
119 1996  6 24.3712153 62.184 874 303 1 145 11   105.8621634    -7.4825432 2 1 999.999 999.999  5  0  8   339.504    -3.407
119 1996  6 24.3712153 62.184 874 303 1  C5 11    64.2561792    -8.3475361 2 1 999.999 999.999  5  0  8  -206.888    14.220
119 1996  6 24.3712153 62.184 874 303 0  C* 11     7.2778609     0.6534673 2 1 999.999 999.999  5  0  8 99999.999 99999.999
119 1996  6 24.3737616 62.184 874 303 1 145 11   105.9802867    -7.4360660 2 1 999.999 999.999  5  1  8   339.873    -3.235
119 1996  6 24.3737616 62.184 874 303 1  C5 11    63.6874493    -8.7804066 2 1 999.999 999.999  5  1  8  -205.155    15.713
119 1996  6 24.3737616 62.184 874 303 0  C* 11     7.2778140     0.6533684 2 1 999.999 999.999  5  1  8 99999.999 99999.999
119 1996  6 24.3744213 62.184 874 303 1 145 11   106.0101667    -7.3915978 2 1 999.999 999.999  5  1  8   339.960    -3.087
119 1996  6 24.3744213 62.184 874 303 1  C5 11    64.0893887    -8.9299911 2 1 999.999 999.999  5  1  8  -206.468    16.113
119 1996  6 24.3744213 62.184 874 303 0  C* 11     7.2779545     0.6533324 2 1 999.999 999.999  5  1  8 99999.999 99999.999
119 1996  6 24.3750116 62.184 874 303 1 145 11   106.0338526    -7.3564566 2 1 999.999 999.999  5  0  8   340.029    -2.970
119 1996  6 24.3750116 62.184 874 303 1  C5 11    63.7396293    -9.0762549 2 1 999.999 999.999  5  0  8  -205.379    16.648
119 1996  6 24.3750116 62.184 874 303 0  C* 11     7.2778832     0.6532967 2 1 999.999 999.999  5  0  8 99999.999 99999.999
119 1996  6 24.3762847 62.184 874 303 1 145 11   106.1160263    -7.3574670 2 1 999.999 999.999  5  0  8   340.292    -2.957
119 1996  6 24.3762847 62.184 874 303 1  C5 11    63.7359622    -9.4000201 2 1 999.999 999.999  5  0  8  -205.430    17.683
119 1996  6 24.3762847 62.184 874 303 0  C* 11     7.2779379     0.6532175 2 1 999.999 999.999  5  0  8 99999.999 99999.999
119 1996  6 24.3768519 62.184 874 303 1 145 11   106.1265793    -7.3324840 2 1 999.999 999.999  5  1  8   340.321    -2.875
119 1996  6 24.3768519 62.184 874 303 1  C5 11    63.2462433    -9.5055551 2 1 999.999 999.999  5  1  8  -203.886    18.115
119 1996  6 24.3768519 62.184 874 303 0  C* 11     7.2778267     0.6531929 2 1 999.999 999.999  5  1  8 99999.999 99999.999
119 1996  8 24.2299421 62.184 874 303 1 125 11   -28.3418571     4.7491330 2 1 999.999 999.999  5  0 10   -97.080    14.324
119 1996  8 24.2299421 62.184 874 303 1  C5 11   -63.2534358    22.1764046 2 1 999.999 999.999  5  0 10   217.509   -71.521
119 1996  8 24.2299421 62.184 874 303 0  C* 11     6.8651790     0.1920793 2 1 999.999 999.999  5  0 10 99999.999 99999.999
119 1996  8 24.2324306 62.184 874 303 1 125 11   -28.3837178     4.8278923 2 1 999.999 999.999  5  0 10   -97.228    14.590
119 1996  8 24.2324306 62.184 874 303 1  C5 11   -62.8145057    22.0726742 2 1 999.999 999.999  5  0 10   216.003   -71.196
119 1996  8 24.2324306 62.184 874 303 0  C* 11     6.8651760     0.1919960 2 1 999.999 999.999  5  0 10 99999.999 99999.999
119 1996  8 24.2339352 62.184 874 303 1 125 11   -28.4340603     4.7560033 2 1 999.999 999.999  5  0 10   -97.395    14.341
119 1996  8 24.2339352 62.184 874 303 1  C5 11   -62.5604327    22.1737064 2 1 999.999 999.999  5  0 10   215.142   -71.558
119 1996  8 24.2339352 62.184 874 303 0  C* 11     6.8651710     0.1919911 2 1 999.999 999.999  5  0 10 99999.999 99999.999
119 1996  8 24.2353125 62.184 874 303 1 125 11   -28.5782070     4.6484650 2 1 999.999 999.999  5  0 10   -97.880    13.964
119 1996  8 24.2353125 62.184 874 303 1  C5 11   -62.3517245    21.9008415 2 1 999.999 999.999  5  0 10   214.411   -70.640
119 1996  8 24.2353125 62.184 874 303 0  C* 11     6.8651596     0.1918851 2 1 999.999 999.999  5  0 10 99999.999 99999.999
119 1996  8 24.2366667 62.184 874 303 1 125 11   -28.4839026     4.6367004 2 1 999.999 999.999  5  0 10   -97.557    13.930
119 1996  8 24.2366667 62.184 874 303 1  C5 11   -62.1648789    21.6629537 2 1 999.999 999.999  5  0 10   213.757   -69.840
119 1996  8 24.2366667 62.184 874 303 0  C* 11     6.8651433     0.1917894 2 1 999.999 999.999  5  0 10 99999.999 99999.999
119 1996  8 24.2426273 62.184 874 303 1 125 11   -28.9143620     4.6593059 2 1 999.999 999.999  5  0 10   -99.028    13.978
119 1996  8 24.2426273 62.184 874 303 1  C5 11   -64.7198658    21.3169786 2 1 999.999 999.999  5  0 10   222.460   -68.488
119 1996  8 24.2426273 62.184 874 303 0  C* 11     6.8641321     0.1915628 2 1 999.999 999.999  5  0 10 99999.999 99999.999
119 1996  8 24.2441898 62.184 874 303 1 125 11   -29.0099367     4.5959168 2 1 999.999 999.999  5  0 10   -99.350    13.755
119 1996  8 24.2441898 62.184 874 303 1  C5 11   -64.6782911    21.2268631 2 1 999.999 999.999  5  0 10   222.312   -68.183
119 1996  8 24.2441898 62.184 874 303 0  C* 11     6.8640644     0.1915036 2 1 999.999 999.999  5  0 10 99999.999 99999.999
119 1996  8 24.2454051 62.184 874 303 1 125 11   -29.1252201     4.4673172 2 1 999.999 999.999  5  0 10   -99.735    13.308
119 1996  8 24.2454051 62.184 874 303 1  C5 11   -64.5036127    20.7857174 2 1 999.999 999.999  5  0 10   221.686   -66.688
119 1996  8 24.2454051 62.184 874 303 0  C* 11     6.8640512     0.1913544 2 1 999.999 999.999  5  0 10 99999.999 99999.999
119 1996  8 24.2467130 62.184 874 303 1 125 11   -29.0971451     4.5730884 2 1 999.999 999.999  5  0 10   -99.646    13.671
119 1996  8 24.2467130 62.184 874 303 1  C5 11   -64.5957406    21.0009670 2 1 999.999 999.999  5  0 10   222.015   -67.417
119 1996  8 24.2467130 62.184 874 303 0  C* 11     6.8639591     0.1913856 2 1 999.999 999.999  5  0 10 99999.999 99999.999
119 1996  8 24.2482060 62.184 874 303 1 125 11   -29.1520608     4.5677579 2 1 999.999 999.999  5  0 10   -99.833    13.649
119 1996  8 24.2482060 62.184 874 303 1  C5 11   -65.7584489    20.7908950 2 1 999.999 999.999  5  0 10   225.972   -66.622
119 1996  8 24.2482060 62.184 874 303 0  C* 11     6.8635600     0.1912946 2 1 999.999 999.999  5  0 10 99999.999 99999.999
119 1996  8 24.2494792 62.184 874 303 1 125 11   -29.2662032     4.5129245 2 1 999.999 999.999  5  0 10  -100.219    13.454
119 1996  8 24.2494792 62.184 874 303 1  C5 11   -66.9139608    20.5145098 2 1 999.999 999.999  5  0 10   229.900   -65.601
119 1996  8 24.2494792 62.184 874 303 0  C* 11     6.8631741     0.1911900 2 1 999.999 999.999  5  0 10 99999.999 99999.999
119 1996  8 24.2509259 62.184 874 303 1 125 11   -29.4178220     4.5036256 2 1 999.999 999.999  5  0 10  -100.736    13.412
119 1996  8 24.2509259 62.184 874 303 1  C5 11   -66.9970726    20.5167183 2 1 999.999 999.999  5  0 10   230.184   -65.603
119 1996  8 24.2509259 62.184 874 303 0  C* 11     6.8630772     0.1911589 2 1 999.999 999.999  5  0 10 99999.999 99999.999
119 1996  8 24.2521181 62.184 874 303 1 125 11   -29.5461918     4.5298807 2 1 999.999 999.999  5  0 10  -101.176    13.493
119 1996  8 24.2521181 62.184 874 303 1  C5 11   -67.2418861    20.2450961 2 1 999.999 999.999  5  0 10   231.002   -64.659
119 1996  8 24.2521181 62.184 874 303 0  C* 11     6.8629483     0.1910574 2 1 999.999 999.999  5  0 10 99999.999 99999.999
119 1996  8 24.2535185 62.184 874 303 1 125 11   -29.4826915     4.5761121 2 1 999.999 999.999  5  0 10  -100.962    13.655
119 1996  8 24.2535185 62.184 874 303 1  C5 11   -67.6479343    20.3083638 2 1 999.999 999.999  5  0 10   232.393   -64.848
119 1996  8 24.2535185 62.184 874 303 0  C* 11     6.8627638     0.1910444 2 1 999.999 999.999  5  0 10 99999.999 99999.999
119 1996  8 24.2547454 62.184 874 303 1 125 11   -29.6034259     4.5137943 2 1 999.999 999.999  5  0 10  -101.370    13.434
119 1996  8 24.2547454 62.184 874 303 1  C5 11   -67.5940877    20.0519915 2 1 999.999 999.999  5  0 10   232.192   -63.976
119 1996  8 24.2547454 62.184 874 303 0  C* 11     6.8627159     0.1909464 2 1 999.999 999.999  5  0 10 99999.999 99999.999
119 1996  8 24.2692477 62.184 874 303 1 125 11   -30.3795151     4.6795820 2 1 999.999 999.999  5  0 10  -104.029    13.947
119 1996  8 24.2692477 62.184 874 303 1  C5 11   -68.2120920    21.1664484 2 1 999.999 999.999  5  0 10   234.377   -67.741
119 1996  8 24.2692477 62.184 874 303 0  C* 11     6.8617959     0.1909392 2 1 999.999 999.999  5  0 10 99999.999 99999.999
119 1996  8 24.2710417 62.184 874 303 1 125 11   -30.4963228     4.6863124 2 1 999.999 999.999  5  0 10  -104.428    13.962
119 1996  8 24.2710417 62.184 874 303 1  C5 11   -67.9957602    21.1490484 2 1 999.999 999.999  5  0 10   233.637   -67.696
119 1996  8 24.2710417 62.184 874 303 0  C* 11     6.8617628     0.1908952 2 1 999.999 999.999  5  0 10 99999.999 99999.999
119 1996  8 24.2722338 62.184 874 303 1 125 11   -30.5698054     4.7507382 2 1 999.999 999.999  5  0 10  -104.683    14.177
119 1996  8 24.2722338 62.184 874 303 1  C5 11   -68.2491987    21.0805045 2 1 999.999 999.999  5  0 10   234.498   -67.445
119 1996  8 24.2722338 62.184 874 303 0  C* 11     6.8616303     0.1908502 2 1 999.999 999.999  5  0 10 99999.999 99999.999
119 1996  8 24.2737384 62.184 874 303 1 125 11   -30.6369634     4.6753863 2 1 999.999 999.999  5  0 10  -104.907    13.915
119 1996  8 24.2737384 62.184 874 303 1  C5 11   -68.4882587    20.9835712 2 1 999.999 999.999  5  0 10   235.308   -67.098
119 1996  8 24.2737384 62.184 874 303 0  C* 11     6.8614855     0.1907904 2 1 999.999 999.999  5  0 10 99999.999 99999.999
119 1996  8 24.2749769 62.184 874 303 1 125 11   -30.8543115     4.7350114 2 1 999.999 999.999  5  0 10  -105.653    14.104
119 1996  8 24.2749769 62.184 874 303 1  C5 11   -68.8138787    20.8772016 2 1 999.999 999.999  5  0 10   236.413   -66.713
119 1996  8 24.2749769 62.184 874 303 0  C* 11     6.8613305     0.1907339 2 1 999.999 999.999  5  0 10 99999.999 99999.999
119 1996  8 24.2762731 62.184 874 303 1 125 11   -30.8369071     4.7162695 2 1 999.999 999.999  5  0 10  -105.592    14.041
119 1996  8 24.2762731 62.184 874 303 1  C5 11   -68.3187663    20.8016541 2 1 999.999 999.999  5  0 10   234.717   -66.488
119 1996  8 24.2762731 62.184 874 303 0  C* 11     6.8614003     0.1906846 2 1 999.999 999.999  5  0 10 99999.999 99999.999
119 1996  8 24.2775926 62.184 874 303 1 125 11   -30.9189461     4.7032773 2 1 999.999 999.999  5  0 10  -105.871    13.991
119 1996  8 24.2775926 62.184 874 303 1  C5 11   -67.7183921    20.8236030 2 1 999.999 999.999  5  0 10   232.668   -66.603
119 1996  8 24.2775926 62.184 874 303 0  C* 11     6.8614981     0.1906620 2 1 999.999 999.999  5  0 10 99999.999 99999.999
119 1996  8 24.2788657 62.184 874 303 1 125 11   -30.9890549     4.7164034 2 1 999.999 999.999  5  0 10  -106.111    14.031
119 1996  8 24.2788657 62.184 874 303 1  C5 11   -67.8371691    20.5137983 2 1 999.999 999.999  5  0 10   233.053   -65.537
119 1996  8 24.2788657 62.184 874 303 0  C* 11     6.8613985     0.1905481 2 1 999.999 999.999  5  0 10 99999.999 99999.999
119 1996  8 24.2800347 62.184 874 303 1 125 11   -31.0864035     4.7587527 2 1 999.999 999.999  5  0 10  -106.446    14.169
119 1996  8 24.2800347 62.184 874 303 1  C5 11   -67.7566390    20.5742993 2 1 999.999 999.999  5  0 10   232.782   -65.749
119 1996  8 24.2800347 62.184 874 303 0  C* 11     6.8613596     0.1905395 2 1 999.999 999.999  5  0 10 99999.999 99999.999
119 1996  8 24.2814699 62.184 874 303 1 125 11   -31.1521284     4.7123628 2 1 999.999 999.999  5  0 10  -106.667    14.006
119 1996  8 24.2814699 62.184 874 303 1  C5 11   -68.4264792    20.5036383 2 1 999.999 999.999  5  0 10   235.065   -65.463
119 1996  8 24.2814699 62.184 874 303 0  C* 11     6.8610982     0.1904886 2 1 999.999 999.999  5  0 10 99999.999 99999.999
119 1996  8 24.2897454 62.184 874 303 1 125 11   -31.5424391     4.7627649 2 1 999.999 999.999  5  0 10  -108.001    14.151
119 1996  8 24.2897454 62.184 874 303 1  C5 11   -68.7720853    20.7232520 2 1 999.999 999.999  5  0 10   236.260   -66.190
119 1996  8 24.2897454 62.184 874 303 0  C* 11     6.8605662     0.1903693 2 1 999.999 999.999  5  0 10 99999.999 99999.999
119 1996  8 24.2913194 62.184 874 303 1 125 11   -31.7362189     4.7879892 2 1 999.999 999.999  5  0 10  -108.664    14.224
119 1996  8 24.2913194 62.184 874 303 1  C5 11   -68.4239285    20.9041382 2 1 999.999 999.999  5  0 10   235.083   -66.831
119 1996  8 24.2913194 62.184 874 303 0  C* 11     6.8605796     0.1903853 2 1 999.999 999.999  5  0 10 99999.999 99999.999
119 1996  8 24.2924884 62.184 874 303 1 125 11   -31.8434353     4.8510353 2 1 999.999 999.999  5  0 10  -109.034    14.432
119 1996  8 24.2924884 62.184 874 303 1  C5 11   -68.6750103    20.7913356 2 1 999.999 999.999  5  0 10   235.933   -66.429
119 1996  8 24.2924884 62.184 874 303 0  C* 11     6.8604480     0.1903285 2 1 999.999 999.999  5  0 10 99999.999 99999.999
119 1996  8 24.2936690 62.184 874 303 1 125 11   -31.8902443     4.7389805 2 1 999.999 999.999  5  0 10  -109.186    14.046
119 1996  8 24.2936690 62.184 874 303 1  C5 11   -68.9906952    20.7439175 2 1 999.999 999.999  5  0 10   237.008   -66.246
119 1996  8 24.2936690 62.184 874 303 0  C* 11     6.8602977     0.1902896 2 1 999.999 999.999  5  0 10 99999.999 99999.999
119 1996  8 24.2949884 62.184 874 303 1 125 11   -31.9768161     4.8856655 2 1 999.999 999.999  5  0 10  -109.491    14.541
119 1996  8 24.2949884 62.184 874 303 1  C5 11   -69.2940978    20.7556979 2 1 999.999 999.999  5  0 10   238.045   -66.266
119 1996  8 24.2949884 62.184 874 303 0  C* 11     6.8601433     0.1902641 2 1 999.999 999.999  5  0 10 99999.999 99999.999
119 1996  8 24.2960069 62.184 874 303 1 125 11   -31.9880973     4.7931149 2 1 999.999 999.999  5  0 10  -109.523    14.224
119 1996  8 24.2960069 62.184 874 303 1  C5 11   -69.9241660    20.7425273 2 1 999.999 999.999  5  0 10   240.196   -66.179
119 1996  8 24.2960069 62.184 874 303 0  C* 11     6.8599142     0.1902383 2 1 999.999 999.999  5  0 10 99999.999 99999.999
119 1996  8 25.2301852 62.184 874 303 1 143 11   -11.4122128    -5.1407807 2 1 999.999 999.999  3  1 10   -38.627   -18.315
119 1996  8 25.2301852 62.184 874 303 1  C3 11   -10.4673818    15.4548371 2 1 999.999 999.999  3  1 10    36.780   -52.085
119 1996  8 25.2301852 62.184 874 303 0  C* 11     6.8176351     0.1660656 2 1 999.999 999.999  3  1 10 99999.999 99999.999
119 1996  8 25.2306366 62.184 874 303 1 143 11   -10.7602375    -5.1915752 2 1 999.999 999.999  3  1 10   -36.397   -18.445
119 1996  8 25.2306366 62.184 874 303 1  C3 11    -9.7416700    15.4927851 2 1 999.999 999.999  3  1 10    34.304   -52.263
119 1996  8 25.2306366 62.184 874 303 0  C* 11     6.8178052     0.1660665 2 1 999.999 999.999  3  1 10 99999.999 99999.999
119 1996  8 25.2310648 62.184 874 303 1 143 11   -11.0669628    -5.2461955 2 1 999.999 999.999  3  1 10   -37.441   -18.652
119 1996  8 25.2310648 62.184 874 303 1  C3 11   -10.1196644    15.4632731 2 1 999.999 999.999  3  1 10    35.593   -52.137
119 1996  8 25.2310648 62.184 874 303 0  C* 11     6.8176703     0.1660492 2 1 999.999 999.999  3  1 10 99999.999 99999.999
119 1996  8 25.2315046 62.184 874 303 1 143 11   -10.2876694    -5.2245195 2 1 999.999 999.999  3  1 10   -34.781   -18.526
119 1996  8 25.2315046 62.184 874 303 1  C3 11    -9.3197169    15.4043190 2 1 999.999 999.999  3  1 10    32.857   -51.989
119 1996  8 25.2315046 62.184 874 303 0  C* 11     6.8178617     0.1660234 2 1 999.999 999.999  3  1 10 99999.999 99999.999
119 1996  8 25.2319560 62.184 874 303 1 143 11   -10.6903043    -5.1226692 2 1 999.999 999.999  3  1 10   -36.163   -18.205
119 1996  8 25.2319560 62.184 874 303 1  C3 11    -9.7042129    15.5066937 2 1 999.999 999.999  3  1 10    34.177   -52.313
119 1996  8 25.2319560 62.184 874 303 0  C* 11     6.8177234     0.1660422 2 1 999.999 999.999  3  1 10 99999.999 99999.999
119 1996  8 25.2420370 62.184 874 303 1 143 11   -10.1636095    -5.3338301 2 1 999.999 999.999  3  1 10   -34.352   -18.891
119 1996  8 25.2420370 62.184 874 303 1  C3 11    -9.2452775    15.2728626 2 1 999.999 999.999  3  1 10    32.594   -51.545
119 1996  8 25.2420370 62.184 874 303 0  C* 11     6.8171388     0.1657622 2 1 999.999 999.999  3  1 10 99999.999 99999.999
119 1996  8 25.2425810 62.184 874 303 1 143 11   -10.5844046    -5.0676590 2 1 999.999 999.999  3  1 10   -35.807   -18.010
119 1996  8 25.2425810 62.184 874 303 1  C3 11    -9.6303829    15.5989478 2 1 999.999 999.999  3  1 10    33.931   -52.633
119 1996  8 25.2425810 62.184 874 303 0  C* 11     6.8169931     0.1658411 2 1 999.999 999.999  3  1 10 99999.999 99999.999
119 1996  8 25.2431250 62.184 874 303 1 143 11   -10.1668682    -5.2339252 2 1 999.999 999.999  3  1 10   -34.370   -18.550
119 1996  8 25.2431250 62.184 874 303 1  C3 11    -9.1914017    15.3628712 2 1 999.999 999.999  3  1 10    32.416   -51.856
119 1996  8 25.2431250 62.184 874 303 0  C* 11     6.8170762     0.1657640 2 1 999.999 999.999  3  1 10 99999.999 99999.999
119 1996  8 25.2436690 62.184 874 303 1 143 11    -9.9080378    -5.2506929 2 1 999.999 999.999  3  1 10   -33.485   -18.590
119 1996  8 25.2436690 62.184 874 303 1  C3 11    -8.9796947    15.3335567 2 1 999.999 999.999  3  1 10    31.691   -51.770
119 1996  8 25.2436690 62.184 874 303 0  C* 11     6.8170961     0.1657442 2 1 999.999 999.999  3  1 10 99999.999 99999.999
119 1996  8 25.2442130 62.184 874 303 1 143 11    -9.8907114    -5.4445733 2 1 999.999 999.999  3  1 10   -33.413   -19.251
119 1996  8 25.2442130 62.184 874 303 1  C3 11    -8.9701018    15.2250336 2 1 999.999 999.999  3  1 10    31.651   -51.400
119 1996  8 25.2442130 62.184 874 303 0  C* 11     6.8170599     0.1657025 2 1 999.999 999.999  3  1 10 99999.999 99999.999
