10 2000 11 13   5 10 43    -7.95   -10.08
10 2000 11 13   5 11 57    -7.76   -10.09
10 2000 11 13   5 12 58    -7.61   -10.11
10 2000 11 13   5 13 31    -7.52   -10.12
10 2000 11 13   5 14 32    -7.37   -10.13
10 2000 11 13   5 15 28    -7.22   -10.14
10 2000 11 13   5 16 47    -7.02   -10.16
10 2000 11 13   5 17 42    -6.88   -10.17
10 2000 11 13   5 44  9    -2.71   -10.37
10 2000 11 13   5 45  3    -2.57   -10.37
10 2000 11 13   5 45 42    -2.47   -10.37
10 2000 11 13   5 46 26    -2.35   -10.37
10 2000 11 13   5 47 20    -2.21   -10.37
10 2000 11 13   5 48 10    -2.08   -10.37
10 2000 11 13   5 49  7    -1.92   -10.37
10 2000 11 13   5 49 58    -1.79   -10.37
10 2000 11 13   5 51 49    -1.49   -10.37
10 2000 11 13   5 53 47    -1.18   -10.37
10 2000 11 13   5 54 42    -1.03   -10.36
10 2000 11 13   5 55 57    -0.83   -10.36
10 2000 11 13   5 59 29    -0.26   -10.35
10 2000 11 13   6  0 27    -0.26   -10.34
10 2000 11 13   6  1 26    -0.11   -10.34
10 2000 11 13   6  2 29     0.05   -10.33
10 2000 11 13   6  3 13     0.22   -10.33
10 2000 11 13   6  4  1     0.34   -10.33
10 2000 11 13   6  4 42     0.47   -10.32
10 2000 11 13   6  5 32     0.57   -10.32
10 2000 11 13   6  6  7     0.80   -10.31
10 2000 11 13   6  6 56     0.93   -10.31
10 2000 11 13   6  6 51     0.92   -10.31
16 2000 11  9  11 52 23     0.30    -9.57
16 2000 11  9  11 53  8     0.44    -9.52
16 2000 11  9  11 53 23     0.40    -9.53
16 2000 11  9  11 53 33     0.43    -9.55
16 2000 11  9  11 53 45     0.46    -9.56
16 2000 11  9  11 54 50     0.74    -9.42
16 2000 11  9  11 55  3     0.74    -9.45
16 2000 11  9  11 55 15     0.82    -9.49
16 2000 11  9  11 55 26     0.80    -9.50
16 2000 11  9  11 55 38     0.88    -9.48
16 2000 11  9  11 55 48     0.84    -9.42
16 2000 11  9  11 57 45     1.18    -9.41
16 2000 11  9  11 58 10     1.34    -9.42
16 2000 11  9  11 58 35     1.33    -9.36
16 2000 11  9  11 58 45     1.33    -9.30
16 2000 11  9  11 58 56     1.37    -9.36
16 2000 11  9  11 59  8     1.52    -9.37
16 2000 11  9  11 59 46     1.56    -9.42
16 2000 11  9  12  0  0     1.59    -9.33
16 2000 11  9  12  0 11     1.60    -9.35
16 2000 11  9  12  0 21     1.58    -9.37
16 2000 11  9  12  0 32     1.67    -9.38
