 10 1995  8  6.540820    22.54       1000
 10 1995  8  9.276620    18.36        262
 10 1995  8  9.277315    18.42        262
 10 1995  8  9.278009    18.57        262
 10 1995  8  9.278704    18.61        262
 10 1995  8  9.280092    18.66        262
 10 1995  8  9.280787    18.79        262
 10 1995  8  9.281488    18.82        262
 10 1995  8 10.29687    -15.22        262
 10 1995  8 10.29965    -15.69        262
 10 1995  8 10.30312    -16.24        262
 10 1995  8 10.41542    -23.44        262
 10 1995  8 10.41611    -23.39        262
 10 1995  8 10.41680    -23.35        262
 10 1995  8 10.41819    -23.35        262
 10 1995  8 10.42028    -23.26        262
 10 1995  8 10.42097    -23.19        262
 10 1995  8 10.42167    -23.18        262
 10 1995 11 17.282963    15.44       1000
 10 1995 11 17.284271    15.66       1000
 10 1995 11 18.356319   -19.11       1000
 10 1995 11 18.358541   -19.42       1000
 10 1995 11 18.363415   -19.83       1000
 10 1995 11 18.366945   -20.23       1000
 10 1995 11 18.368935   -20.38       1000
 10 1995 11 18.373182   -20.75       1000
 10 1995 11 18.380972   -21.30       1000
 10 1995 11 18.382847   -21.49       1000
 11 1995 11 17.349953   -19.85       1000
 11 1995 11 17.352501   -20.10       1000
 11 1995 11 17.354479   -20.30       1000
 11 1995 11 17.356516   -20.48       1000
 11 1995 11 17.359386   -20.73       1000
 11 1995 11 17.361423   -20.90       1000
 11 1995 11 17.363958   -21.11       1000
 11 1995 11 18.356319    15.17       1000
 11 1995 11 18.358541    15.62       1000
 11 1995 11 18.363415    16.07       1000
 11 1995 11 18.366945    16.82       1000
 11 1995 11 18.368935    17.12       1000
 11 1995 11 18.373182    17.57       1000
 11 1995 11 18.380972    18.51       1000
 11 1995 11 18.382847    18.63       1000