N1747230021  2013 05 14 12 45 09.489  239.037339   11.043907  239.071673    151.84    773.86  238.882277   11.030059  17
N1747230137  2013 05 14 12 47 05.488  238.983032   11.070279  239.082523    190.69    750.42  238.843829   11.056461  17
N1747230257  2013 05 14 12 49 05.488  238.926216   11.097700  239.093913    229.40    727.87  238.802673   11.083679  17
N1747230377  2013 05 14 12 51 05.487  238.869031   11.125331  239.105470    266.54    706.93  238.760389   11.110914  17
N1747230497  2013 05 14 12 53 05.486  238.810741   11.152111  239.117193    301.76    683.82  238.716817   11.138280  17
N1747230617  2013 05 14 12 55 05.485  238.752074   11.179491  239.129081    335.49    663.50  238.671922   11.165690  17
N1747230737  2013 05 14 12 57 05.485  238.692823   11.207222  239.141132    368.78    644.96  238.625994   11.193012  17
N1747230857  2013 05 14 12 59 05.484  238.632155   11.233748  239.153345    399.90    623.19  238.578581   11.220465  17
N1747230977  2013 05 14 13 01 05.483  238.570764   11.260031  239.165718    430.11    601.02  238.530242   11.247960  17
N1747231097  2013 05 14 13 03 05.482  238.509689   11.287007  239.178249    457.12    583.03  238.480515   11.275481  17
N1747231217  2013 05 14 13 05 05.482  238.448112   11.314956  239.190938    484.11    568.55  238.429648   11.302949  17
N1747231337  2013 05 14 13 07 05.481  238.385846   11.342813  239.203782    509.39    554.47  238.377510   11.330510  17
N1747231457  2013 05 14 13 09 05.480  238.322679   11.369660  239.216780    532.96    538.52  238.324292   11.357922  17
N1747231577  2013 05 14 13 11 05.479  238.258834   11.396518  239.229930    554.93    523.21  238.269802   11.385436  17
N1747231697  2013 05 14 13 13 05.479  238.194710   11.423801  239.243231    576.15    509.85  238.214461   11.412937  17
N1747231817  2013 05 14 13 15 05.478  238.129961   11.450916  239.256680    595.10    496.88  238.157743   11.440557  17
N1747231937  2013 05 14 13 17 05.477  238.064435   11.477809  239.270275    613.57    484.29  238.100036   11.467932  17
N1747232057  2013 05 14 13 19 05.476  237.998203   11.504732  239.284016    630.10    472.46  238.040907   11.495456  17
N1747232297  2013 05 14 13 23 05.475  237.865458   11.560093  239.311924    659.15    456.59  237.919765   11.550433  17
N1747232417  2013 05 14 13 25 05.474  237.797607   11.586771  239.326088    671.84    446.60  237.857530   11.577849  17
N1824605675  2015 10 27 01 51 10.323  160.318093    3.484090    5.190252    520.62    525.41  160.322576    3.487641  10
N1824605831  2015 10 27 01 53 46.152  160.276340    3.479528    5.192826    519.82    523.93  160.280339    3.482758  10
