16 1994 12  1  05 17 17.3     -19.335   1.259
16 1995  5 22  03 20 37.1      13.929  -1.117
16 1995  5 22  03 28 37.0      14.682  -1.188
16 1995  5 22  03 36 37.1      15.258  -1.256
16 1995  5 22  03 48 37.0      16.239  -1.330
16 1995  5 22  05 15 37.1      19.136  -1.576
16 1995  5 22  10 14 37.1     -11.100   0.865
16 1995  5 22  11 23 37.0     -17.186   1.355
16 1995  5 22  11 31 37.1     -17.662   1.384
16 1995  5 22  11 39 37.1     -18.032   1.409
16 1995  5 22  11 51 37.1     -18.536   1.450
16 1995  8  6  13 11 52.0     -21.001   1.623
16 1995  8  6  13 15 24.9     -20.871   1.591
16 1995  8  6  13 22 26.0     -20.543   1.623
16 1995  8  6  13 26 07.0     -20.303   1.588
16 1995  8 10  13 37 06.9      17.919  -1.466
16 1995  8 10  13 40 07.0      17.645  -1.435
16 1995  8 10  13 47 27.1      16.913  -1.391
16 1995  8 10  13 54 27.1      16.224  -1.327
16 1995  8 10  14 07 07.0      14.921  -1.197
16 1995  8 10  14 10 06.9      14.550  -1.164
16 1995  8 10  18 35 47.0     -19.960   1.579
16 1995  8 10  18 43 47.1     -20.468   1.631
16 1995  8 10  20 07 47.0     -21.211   1.703
16 1995  8 10  20 15 47.1     -20.871   1.668
16 1995  8 10  20 21 24.0     -20.565   1.648
16 1995  8 10  21 44 47.0     -13.069   1.066
16 1995  8 10  21 52 47.1     -11.973   0.956
16 1995 10  1  15 18 27.0      21.002  -2.000
16 1995 10  1  15 21 37.0      20.804  -1.982
16 1995 10  1  15 34 26.9      20.042  -1.988
16 1995 10  1  15 51 26.9      18.770  -1.952
16 1995 10  1  15 54 37.0      18.483  -1.949
16 1995 11 17  05 16 26.0      20.122  -2.029
16 1995 11 17  05 20 06.9      19.962  -2.035
16 1995 11 17  06 47 28.4      12.620  -1.898
16 1995 11 17  06 49 22.0      12.379  -1.840
16 1995 11 18  08 33 06.9      16.797  -0.892
16 1995 11 18  08 36 19.0      17.091  -0.909
16 1995 11 18  08 43 19.9      17.662  -1.016
16 1995 11 18  08 54 21.0      18.487  -1.192
16 1995 11 18  08 57 24.0      18.694  -1.180
16 1995 11 18  09 08 36.9      19.352  -1.337
16 1995 11 18  09 11 18.9      19.534  -1.465
16 1995 11 21  10 42 47.1      19.263  -1.321
16 1995 11 21  10 50 47.1      19.688  -1.408
16 1995 11 21  12 11 27.1      20.149  -2.003
16 1995 11 21  12 22 27.1      19.636  -2.046
16 1995 11 21  13 59 27.1      10.939  -1.772
16 1995 11 21  17 26 37.1     -16.482   0.855
16 1995 11 21  17 35 37.1     -17.272   0.979
16 1996  9 30  02 14 18.4     -20.188   0.559
16 1996  9 30  02 17 16.6     -19.958   0.516
16 1997  9 22  11 17 28.7     -21.791  -0.271
16 1997  9 22  11 20 16.2     -21.662  -0.344
16 1997  9 22  11 23 13.9     -21.505  -0.424
16 1997  9 22  11 26 13.9     -21.346  -0.538
16 1997  9 22  11 29 13.9     -21.154  -0.577
16 1997 10  1  20 05 28.7      10.866  -4.095
16 1997 10  1  20 08 16.2      11.247  -4.089
16 1997 10  1  20 10 16.2      11.529  -4.039
16 1997 10  1  20 13 13.9      11.967  -4.016
16 1997 10  1  20 16 13.9      12.375  -4.008
16 1997 10  1  20 19 13.9      12.804  -3.962
16 1997 10 10  14 58 28.7      11.593   2.889
16 1997 10 10  15 01 16.2      11.190   2.980
16 1997 10 10  15 04 13.9      10.790   3.027
16 1997 10 10  15 07 13.9      10.344   3.083
16 1997 10 10  15 10 13.9       9.900   3.131
16 1998  1  1  04 17 28.8      11.323  -3.314
16 1998  1  1  04 20 16.3      11.653  -3.277
16 1998  1  1  04 22 16.3      11.911  -3.289
16 1998  1  1  04 26 16.3      12.350  -3.248
16 1998  1  1  04 29 14.0      12.746  -3.190
16 1998  1  1  04 32 14.0      13.079  -3.169
16 1998  1  1  04 35 14.0      13.396  -3.143
16 1998  7 28  22 51 29.1     -14.786   4.486
16 1998  7 28  22 54 16.5     -15.082   4.378
16 1998  7 28  22 57 14.3     -15.383   4.314
16 1998  7 28  23 00 14.2     -15.684   4.209
16 1998  7 28  23 03 14.3     -15.989   4.161
16 1998 10 13  13 27 29.1     -15.188   5.027
16 1998 10 13  13 30 16.6     -15.514   4.937
16 1998 10 13  13 32 16.6     -15.762   4.887
16 1998 10 13  13 34 16.6     -15.987   4.828
16 1998 10 13  13 37 14.3     -16.342   4.754
16 1998 10 13  13 40 14.3     -16.693   4.633
16 1998 10 13  13 43 14.3     -17.025   4.560
16 1998 10 13  13 46 34.0     -17.397   4.446
16 1998 10 18  07 47 29.1      15.098   4.351
16 1998 10 18  07 50 16.6      14.729   4.438
16 1998 10 18  07 53 14.3      14.351   4.542
16 1998 10 18  07 56 14.3      13.962   4.625
16 1998 10 18  07 59 14.3      13.606   4.686
16 1998 10 24  15 11 29.0     -20.915   3.078
16 1998 10 24  15 14 16.6     -21.093   2.993
16 1998 10 24  15 16 16.6     -21.223   2.920
16 1998 10 24  15 19 14.3     -21.435   2.795
16 1998 10 24  15 22 14.3     -21.614   2.664
16 1998 10 24  15 25 14.2     -21.788   2.560
16 1999  8 25  01 53 15.9      20.907   2.016
16 1999  8 25  01 55 15.9      20.818   2.119
16 1999  8 25  02 00 13.6      20.651   2.386
16 1999  8 25  02 02 13.6      20.571   2.523
16 1999  8 25  02 04 13.6      20.443   2.563
16 1999  8 25  02 07 13.6      20.321   2.737
16 1999 11  3  20 07 28.5     -23.289   0.577
16 1999 11  3  20 10 16.0     -23.344   0.418
16 1999 11  3  20 12 16.0     -23.355   0.309
16 1999 11  3  20 14 16.0     -23.355   0.187
16 1999 11  3  20 17 13.7     -23.373   0.019
16 1999 11  3  20 19 13.8     -23.382  -0.091
16 1999 11  3  20 21 13.8     -23.367  -0.219
16 1999 11  3  20 24 13.7     -23.361  -0.375
16 1999 11  3  20 27 13.7     -23.345  -0.555
16 1999 11  7  05 59 28.5      22.186   2.664
16 1999 11  7  06 02 16.0      22.024   2.821
16 1999 11  7  06 04 16.0      21.899   2.929
16 1999 11  7  06 06 16.0      21.799   3.029
16 1999 11  7  06 09 13.7      21.610   3.171
16 1999 11  7  06 11 13.7      21.471   3.286
16 1999 11  7  06 13 13.8      21.344   3.380
16 1999 11  7  06 16 13.7      21.138   3.538
16 1999 11  7  06 19 13.7      20.883   3.676
16 2000  8  4  19 20 29.9      20.497   0.737
16 2000  8  4  19 23 17.4      20.487   0.887
16 2000  8  4  19 25 17.4      20.482   1.030
16 2000  8  4  19 27 17.4      20.455   1.153
16 2000  8  4  19 30 15.2      20.417   1.315
16 2000  8  4  19 32 15.1      20.419   1.418
16 2000  8  4  19 34 15.1      20.383   1.537
16 2000  8  4  19 37 15.1      20.325   1.715
16 2000 11 20  07 54 28.1     -21.221   3.530
16 2000 11 20  07 57 15.6     -21.402   3.361
16 2000 11 20  07 59 15.6     -21.566   3.224
16 2000 11 20  08 02 13.4     -21.762   3.045
16 2000 11 20  08 04 13.3     -21.877   2.907
16 2000 11 20  08 07 13.3     -22.077   2.715
16 2000 11 20  08 10 13.3     -22.258   2.519
16 2000 11 24  00 42 28.1     -23.000   1.416
16 2000 11 24  00 45 15.1     -23.103   1.237
16 2000 11 24  00 47 15.1     -23.165   1.107
16 2000 11 24  00 50 13.3     -23.250   0.910
16 2000 11 24  00 52 13.3     -23.300   0.777
16 2000 11 24  00 55 13.3     -23.386   0.591
16 2000 11 24  00 58 13.3     -23.419   0.379
16 2000 12  6  14 23 28.1      23.231  -0.925
16 2000 12  6  14 25 28.1      23.282  -0.794
16 2000 12  6  14 28 15.6      23.343  -0.597
16 2000 12  6  14 30 15.6      23.398  -0.470
16 2000 12  6  14 33 13.4      23.440  -0.261
16 2000 12  6  14 35 13.3      23.471  -0.162
16 2000 12  6  14 38 13.3      23.510   0.039
16 2000 12  6  14 40 13.3      23.509   0.186
16 2000 12  6  14 43 13.3      23.542   0.380
16 2000 12  6  14 46 13.6      23.549   0.583
16 2000 12  6  14 48 13.6      23.553   0.717
16 2000 12  6  14 51 33.1      23.511   0.909
16 2001  9  8  05 13 30.0     -20.541  -3.568
16 2001  9  8  05 16 17.0     -20.424  -3.754
16 2001  9  8  05 18 16.9     -20.351  -3.888
16 2001  9  8  05 20 18.9     -20.256  -3.997
16 2001  9  8  05 23 15.2     -20.103  -4.168
16 2001  9  8  05 25 15.9     -19.991  -4.307
16 2001  9  8  05 30 15.1     -19.718  -4.640
16 2001  9  8  05 33 15.1     -19.589  -4.753
16 2001 11 28  16 49 30.0     -23.660  -0.378
16 2001 11 28  16 52 17.0     -23.682  -0.583
16 2001 11 28  16 54 17.0     -23.728  -0.739
16 2001 11 28  16 57 15.2     -23.736  -0.962
16 2001 11 28  16 59 15.2     -23.742  -1.111
16 2001 11 28  17 02 15.2     -23.755  -1.309
16 2001 11 28  17 05 15.2     -23.738  -1.543
16 2002  1 31  11 23 30.1     -21.984  -2.784
16 2002  1 31  11 26 17.1     -21.907  -2.956
16 2002  1 31  11 28 17.1     -21.838  -3.105
16 2002  1 31  11 30 17.1     -21.749  -3.238
16 2002  1 31  11 33 15.3     -21.632  -3.445
16 2002  1 31  11 35 15.3     -21.565  -3.549
16 2002  1 31  11 37 15.3     -21.474  -3.706
16 2002  1 31  11 40 15.3     -21.318  -3.871
16 2002  1 31  11 43 15.3     -21.184  -4.055
17 1994 12  1  05 14 19.9      19.280  -1.199
17 1994 12  1  05 17 17.3      19.398  -1.196
17 1995  5 22  02 15 37.1     -13.564   1.122
17 1995  5 22  03 20 37.1     -18.248   1.486
17 1995  5 22  03 28 37.0     -18.620   1.503
17 1995  5 22  03 36 37.1     -18.904   1.512
17 1995  5 22  03 48 37.0     -19.209   1.539
17 1995  5 22  04 59 37.1     -18.257   1.478
17 1995  5 22  09 55 37.0      14.528  -1.220
17 1995  5 22  10 14 37.1      16.187  -1.347
17 1995  8  6  13 11 52.0      21.679  -1.777
17 1995  8  6  13 15 24.9      21.557  -1.785
17 1995  8  6  13 22 26.0      21.352  -1.713
17 1995  8  6  13 26 07.0      21.239  -1.732
17 1995  8 10  13 47 27.1     -20.263   1.620
17 1995  8 10  13 54 27.1     -20.675   1.659
17 1995  8 10  13 59 23.9     -21.011   1.670
17 1995  8 10  19 54 06.9      11.257  -0.858
17 1995  8 10  19 57 06.9      11.759  -0.987
17 1995  8 10  20 00 07.0      12.140  -1.022
17 1995  8 10  20 15 47.1      14.060  -1.180
17 1995  8 10  20 29 06.9      15.578  -1.290
17 1995  8 10  20 32 07.0      15.897  -1.320
17 1995  8 10  21 30 07.0      20.644  -1.689
17 1995  8 10  21 33 06.9      20.799  -1.699
17 1995  8 10  21 36 06.9      20.947  -1.710
17 1995  8 10  21 44 47.0      21.309  -1.730
17 1995  8 10  21 52 47.1      21.615  -1.761
17 1995  8 10  21 58 24.0      21.785  -1.773
17 1995  8 10  22 06 07.0      21.933  -1.780
17 1995  8 10  22 09 06.9      21.979  -1.784
17 1995 11 17  05 16 26.0     -16.638   0.829
17 1995 11 17  05 20 06.9     -17.018   0.875
17 1995 11 17  06 47 28.4     -21.308   1.853
17 1995 11 17  06 49 22.0     -21.314   1.863
17 1995 11 17  08 23 57.0     -17.332   2.129
17 1995 11 17  08 27 37.0     -17.004   2.114
17 1995 11 17  08 30 25.9     -16.748   2.100
17 1995 11 17  08 33 23.9     -16.491   2.096
17 1995 11 17  08 40 25.9     -15.801   2.087
17 1995 11 21  15 50 37.0     -20.423   1.534
17 1995 11 21  15 59 37.0     -20.751   1.630
17 1995 11 21  17 26 37.1     -19.621   2.118
17 1995 11 21  17 35 37.1     -19.070   2.127
17 1996  9 30  01 56 33.9      18.378  -0.166
17 1996  9 30  01 59 18.4      18.110  -0.115
17 1997  1 10  02 17 16.4     -16.763   1.912
17 1997 10 10  15 26 13.9     -17.861  -1.742
17 1997 10 10  15 29 13.9     -17.522  -1.830
17 1998  1  1  04 17 28.8      19.324  -2.295
17 1998  1  1  04 20 16.3      19.483  -2.252
17 1998  1  1  04 22 16.3      19.583  -2.210
17 1998  1  1  04 24 16.3      19.704  -2.180
17 1998  1  1  04 26 16.3      19.796  -2.134
17 1998  1  1  04 29 14.0      19.955  -2.100
17 1998  1  1  04 32 14.0      20.095  -1.998
17 1998  1  1  04 35 14.0      20.228  -1.964
17 1998  7 28  22 24 29.1      20.781   0.785
17 1998  7 28  22 27 16.5      20.697   0.911
17 1998  7 28  22 30 14.3      20.622   1.032
17 1998  7 28  22 33 14.2      20.499   1.154
17 1998  7 28  22 36 14.3      20.404   1.288
17 1998 10 13  14 39 29.1      22.844   1.098
17 1998 10 13  14 42 16.6      22.715   1.245
17 1998 10 13  14 45 14.3      22.587   1.359
17 1998 10 13  14 48 14.3      22.453   1.479
17 1998 10 13  14 51 14.3      22.310   1.608
17 1998 10 18  09 09 29.0     -15.719  -4.307
17 1998 10 18  09 12 16.6     -15.350  -4.395
17 1998 10 18  09 15 14.3     -14.992  -4.498
17 1998 10 18  09 18 14.3     -14.626  -4.579
17 1998 10 18  09 21 14.2     -14.238  -4.645
17 1998 10 24  15 11 29.0     -20.524  -2.530
17 1998 10 24  15 14 16.6     -20.291  -2.640
17 1998 10 24  15 16 16.6     -20.133  -2.729
17 1998 10 24  15 19 14.3     -19.877  -2.820
17 1998 10 24  15 22 14.3     -19.627  -2.958
17 1998 10 24  15 25 14.2     -19.357  -3.056
17 1999  8 25  01 50 28.4      19.280  -3.604
17 1999  8 25  01 53 15.9      19.518  -3.445
17 1999  8 25  01 55 15.9      19.624  -3.360
17 1999  8 25  01 57 15.9      19.762  -3.286
17 1999  8 25  02 00 13.6      19.971  -3.122
17 1999  8 25  02 02 13.6      20.077  -3.028
17 1999  8 25  02 07 13.6      20.394  -2.737
17 1999  8 25  02 10 13.6      20.531  -2.600
17 1999 11  3  20 07 28.5     -23.604  -1.327
17 1999 11  3  20 10 16.0     -23.533  -1.485
17 1999 11  3  20 12 16.0     -23.471  -1.577
17 1999 11  3  20 14 16.0     -23.412  -1.689
17 1999 11  3  20 17 13.7     -23.320  -1.860
17 1999 11  3  20 19 13.8     -23.237  -1.973
17 1999 11  3  20 21 13.8     -23.158  -2.087
17 1999 11  3  20 24 13.7     -23.037  -2.232
17 1999 11  3  20 27 13.7     -22.923  -2.398
17 1999 11  7  05 59 28.5      22.622  -2.424
17 1999 11  7  06 02 16.0      22.774  -2.269
17 1999 11  7  06 04 16.0      22.850  -2.140
17 1999 11  7  06 06 16.0      22.940  -2.065
17 1999 11  7  06 09 13.7      23.086  -1.900
17 1999 11  7  06 11 13.7      23.163  -1.785
17 1999 11  7  06 13 13.8      23.219  -1.667
17 1999 11  7  06 16 13.7      23.327  -1.502
17 1999 11  7  06 19 13.7      23.419  -1.342
17 2000  8  4  19 20 29.9      20.061  -1.546
17 2000  8  4  19 23 17.4      20.155  -1.376
17 2000  8  4  19 25 17.4      20.226  -1.261
17 2000  8  4  19 27 17.4      20.288  -1.149
17 2000  8  4  19 30 15.2      20.377  -0.966
17 2000  8  4  19 32 15.1      20.402  -0.863
17 2000  8  4  19 34 15.1      20.467  -0.740
17 2000  8  4  19 37 15.1      20.535  -0.558
17 2000  8  4  19 40 15.1      20.593  -0.387
17 2000 11 20  06 32 28.1      23.330  -1.479
17 2000 11 20  06 35 15.6      23.436  -1.296
17 2000 11 20  06 37 15.6      23.505  -1.168
17 2000 11 20  06 40 13.3      23.573  -0.976
17 2000 11 20  06 42 13.3      23.625  -0.832
17 2000 11 20  06 45 13.3      23.701  -0.630
17 2000 11 20  06 48 13.3      23.771  -0.437
17 2000 11 20  06 51 13.6      23.818  -0.229
17 2000 11 24  00 18 28.1      20.648  -4.281
17 2000 11 24  00 21 15.1      20.872  -4.108
17 2000 11 24  00 23 15.1      21.026  -3.979
17 2000 11 24  00 26 13.3      21.264  -3.800
17 2000 11 24  00 28 13.3      21.409  -3.673
17 2000 11 24  00 31 13.2      21.627  -3.488
17 2000 11 24  00 34 13.3      21.854  -3.312
17 2000 11 24  00 37 33.1      22.110  -3.077
17 2000 12  6  14 23 28.1      22.370  -2.670
17 2000 12  6  14 25 28.1      22.475  -2.562
17 2000 12  6  14 28 15.6      22.602  -2.357
17 2000 12  6  14 30 15.6      22.708  -2.241
17 2000 12  6  14 33 13.4      22.866  -2.047
17 2000 12  6  14 35 13.3      22.935  -1.918
17 2000 12  6  14 38 13.3      23.071  -1.719
17 2000 12  6  14 40 13.3      23.143  -1.588
17 2000 12  6  14 43 13.3      23.261  -1.414
17 2000 12  6  14 46 13.6      23.343  -1.211
17 2000 12  6  14 48 13.6      23.413  -1.049
17 2000 12  6  14 51 33.1      23.504  -0.850
17 2000 12  6  14 56 33.1      23.594  -0.533
17 2001  9  8  05 13 30.0     -18.950   3.706
17 2001  9  8  05 16 17.0     -19.157   3.506
17 2001  9  8  05 18 16.9     -19.296   3.376
17 2001  9  8  05 20 18.9     -19.441   3.269
17 2001  9  8  05 23 15.2     -19.624   3.084
17 2001  9  8  05 25 15.9     -19.747   2.951
17 2001  9  8  05 30 15.1     -20.042   2.605
17 2001  9  8  05 33 15.1     -20.219   2.446
17 2001 11 28  16 25 30.1      22.872   4.634
17 2001 11 28  16 28 17.0      22.714   4.816
17 2001 11 28  16 30 17.0      22.610   4.962
17 2001 11 28  16 33 15.3      22.411   5.146
17 2001 11 28  16 35 15.3      22.292   5.283
17 2001 11 28  16 38 15.2      22.092   5.469
17 2001 11 28  16 41 15.2      21.871   5.651
17 2001 11 28  16 44 15.4      21.662   5.866
17 2002  1 31  11 23 30.1     -21.542  -4.285
17 2002  1 31  11 26 17.1     -21.411  -4.451
17 2002  1 31  11 28 17.1     -21.288  -4.578
17 2002  1 31  11 30 17.1     -21.183  -4.682
17 2002  1 31  11 33 15.3     -21.003  -4.872
17 2002  1 31  11 35 15.3     -20.863  -4.985
17 2002  1 31  11 37 15.3     -20.744  -5.116
17 2002  1 31  11 40 15.3     -20.530  -5.291
17 2002  1 31  11 43 15.3     -20.335  -5.490
