 10 1966 10 29.1233  -123000  0  711    1    1    1   -0.18  -99.0    -0.03  4
 10 1966 10 29.1524  -140500  0  711    1    1    1    0.04  -99.0     0.14  6
 10 1966 12 15.765     21.97  1  711    1    1    1   -0.03  -99.0   -99.0  31
 10 1966 12 15.7661   150800  0  586    2    3    3   -0.09  -99.0    -0.20  6
 10 1966 12 15.7771   150500  0  586    2    3    3   -0.08  -99.0    -0.09  5
 10 1966 12 15.778     21.99  1  586    2    3    3    0.05  -99.0   -99.0   5
 10 1966 12 15.784     21.64  1  586    2    3    3   -0.17  -99.0    -0.32  5
 10 1966 12 15.816    138400  0  586    2    3    3    0.05  -99.0     0.03  5
 10 1966 12 15.820     19.44  1  586    2    3    3   -0.28  -99.0    -0.42  5
 10 1966 12 15.830     18.96  1  586    2    3    3    0.20  -99.0   -99.0   5
 10 1966 12 15.8302   129700  0  586    2    3    3    0.11  -99.0     0.09  5
 10 1966 12 15.8450    16.98  1  586    2    3    3   -0.05  -99.0    -0.17 31
 10 1966 12 15.860     15.65  1  586    2    3    3    0.65  -99.0   -99.0  31
 10 1966 12 16.8285  -144000  0  586    2    3    3    0.85  -99.0     0.86  6
 10 1966 12 17.0799   113500  0  586    2    3    3   -0.20  -99.0    -0.19  6
 10 1966 12 17.1041   132700  0  586    2    3    3   -0.13  -99.0     0.01  6
 10 1966 12 18.0970   -89000  0  689    4    4    4   -0.01  -99.0     0.00  3
 10 1966 12 18.1176  -109200  0  693    2    2    2    0.12  -99.0     0.12  6
 10 1966 12 18.1394  -127900  0  693    2    2    2    0.05  -99.0     0.04  6
 10 1980  2 19.24020  -24.63  1  786    2    5    5   -0.23   -0.14  -99.0  10
 10 1980  2 23.40600  -25.00  1 1000    6    6    6   -0.49   -0.65  -99.0  11
 10 1980  2 29.02200  -20.09  1  586    7    7    7    0.90    1.15    0.59 12
 10 1980  3  1.04880   22.16  1  511    8    8    8   -0.28   -0.43    0.15 13
 10 1980  3  1.05710   21.76  1  586    7    7    7    0.14   -0.12    0.63 12
 10 1980  3  1.05750   21.43  1  586    7    7    7   -0.14   -0.41    0.68 12
 10 1980  3  1.06340   20.78  1  586    7    7    7   -0.13   -0.47    0.41 12
 10 1980  3 13.17853  -24.00  1  689    9    9    9    0.36   -0.29  -99.0  14
 10 1980  3 13.18492  -24.30  1  689    9    9    9   -0.24   -0.84  -99.0  14
 10 1980  3 13.22638  -20.50  1  689    9    9    9   -0.30   -0.53   -0.70 14
 10 1980  3 13.25174  -16.90  1  689    9    9    9   -0.50   -0.48  -99.0  14
 10 1980  3 14.21100   24.50  1  689    9    9    9    0.02    0.57  -99.0  14
 10 1980  3 15.27     -25.00  1  672   10   10   10   -1.01   -2.00  -99.0  12
 10 1980  3 15.98300  -24.00  1  511   10   11   11   -1.38   -1.87  -99.0  12
 10 1980  3 15.98510  -22.45  1  511   10   11   11   -0.03   -0.50   -0.26 15
 10 1980  3 16.94390   22.00  1  586    7    7    7   -1.53   -0.64  -99.0  12
 10 1980  3 17.03100   21.83  1  511    8    8    8    0.14    0.27    0.38 13
 10 1980  3 17.96610  -22.20  1  586    7    7    7   -0.22   -1.30   -0.03 12
 10 1980  3 18.04010  -24.64  1  586    7    7    7   -0.25   -0.97  -99.0  12
 10 1980  3 18.04430  -23.90  1  586    7    7    7    0.31   -0.39    0.21 12
 10 1980  3 18.04940  -23.33  1  586    7    7    7    0.60   -0.06    0.49 12
 10 1980  3 18.10520  -17.74  1  586    7    7    7    0.07   -0.15   -0.21 12
 10 1980  3 18.10650  -17.57  1  586    7    7    7    0.04   -0.17   -0.26 12
 10 1980  3 23.88900   23.39  1  586   12   12   12   -0.02    0.72    0.10  5
 10 1980  3 23.90400   23.89  1  586   12   12   12   -0.31    0.38   -0.24 31
 10 1980  3 23.90700   24.26  1  586   12   12   12   -0.04    0.63  -99.0   5
 10 1980  3 23.91500   24.48  1  586   12   12   12   -0.01    0.62  -99.0   5
 10 1980  3 23.91800   24.59  1  586   12   12   12    0.06    0.68  -99.0   5
 10 1980  3 23.93100   24.48  1  586   12   12   12    0.00    0.54  -99.0   5
 10 1980  3 23.93500   24.48  1  586   12   12   12    0.09    0.59  -99.0   5
 10 1980  3 23.95600   23.61  1  586   12   12   12    0.19    0.54    0.08  5
 10 1980  3 23.96000   23.06  1  586   12   12   12   -0.08    0.24   -0.20  5
 10 1980  3 23.97100   21.86  1  586   12   12   12   -0.34   -0.12   -0.51  5
 10 1980  3 23.97400   21.64  1  586   12   12   12   -0.27   -0.07   -0.44  5
 10 1980  3 23.98700   20.33  1  586   12   12   12   -0.12   -0.04   -0.33  5
 10 1980  3 23.99000   19.89  1  586   12   12   12   -0.18   -0.13   -0.39  5
 10 1980  4  9.92430  -23.31  1  586   13   13   13    0.99    0.64  -99.0  16
 10 1980  4  9.93330  -23.79  1  586   13   13   13    0.72    0.37  -99.0  16
 10 1980  4  9.95200  -23.50  1  586   13   13   13    0.94    0.56  -99.0  16
 10 1980  4 10.29500   24.65  1  704   14   14   14    0.47    0.50  -99.0  17
 10 1980  4 10.97220   23.63  1  586   13   13   13   -0.48   -0.58  -99.0  16
 10 1980  4 10.97920   23.70  1  586   13   13   13   -0.50  -99.0   -99.0  16
 10 1980  4 10.98610   23.67  1  586   13   13   13   -0.53  -99.0   -99.0  16
 10 1980  4 10.99300   23.55  1  586   13   13   13   -0.55  -99.0   -99.0  16
 10 1980  4 11.00760   22.98  1  586   13   13   13   -0.60   -0.59  -99.0  16
 10 1980  4 11.01460   22.44  1  586   13   13   13   -0.75   -0.73  -99.0  16
 10 1980  4 11.95900  -20.15  1  586   13   13   13    0.26    0.08   -0.45 16
 10 1980  4 11.96810  -20.81  1  586   13   13   13    0.64    0.45    0.21 16
 10 1980  4 11.97290  -21.39  1  586   13   13   13    0.55    0.36   -0.03 16
 10 1980  4 11.97850  -22.16  1  586   13   13   13    0.30    0.10   -0.23 16
 10 1980  4 11.98960  -22.50  1  586   13   13   13    0.82    0.62    0.42 16
 10 1980  4 11.99440  -22.77  1  586   13   13   13    0.86    0.64    0.50 16
 10 1980  4 11.99860  -22.91  1  586   13   13   13    0.95    0.73    0.59 16
 10 1980  4 12.00280  -23.10  1  586   13   13   13    0.95    0.73    0.64 16
 10 1980  4 12.00690  -23.27  1  586   13   13   13    0.94    0.71  -99.0  16
 10 1980  4 12.01110  -23.55  1  586   13   13   13    0.79    0.55  -99.0  16
 10 1980  4 12.01530  -23.62  1  586   13   13   13    0.81    0.56  -99.0  16
 10 1980  4 12.01870  -23.71  1  586   13   13   13    0.77    0.52  -99.0  16
 10 1980  4 12.02220  -23.77  1  586   13   13   13    0.74    0.48  -99.0  16
 10 1980  4 12.02710  -23.62  1  586   13   13   13    0.89    0.62  -99.0  16
 11 1980  3  9.30567  -24.90  1  689    9    9    9   -0.04    0.01  -99.0  14
 11 1980  3  9.30897  -24.90  1  689    9    9    9   -0.01    0.08  -99.0  14
 11 1980  3  9.30975  -25.10  1  689    9    9    9   -0.21   -0.10  -99.0  14
 11 1980  3 14.47      22.0   1  672   10   10   10   -0.08    0.00  -99.0  20
 11 1980  3 15.19      24.00  1  672   10   10   10    0.01   -0.07    0.11 12
 11 1980  3 16.9156   -24.00  1  511   10   11   11   -0.19    1.00    0.95 22
 11 1980  3 17.00900  -21.60  1  511    8    8    8   -0.40    0.23   -0.13 13
 11 1980  3 18.04000   22.30  1  511    8    8    8    0.12   -0.50   -0.13 13
 11 1980  3 23.882    -25.05  1  586   12   12   12   -0.37  -99.0   -99.0  24
 11 1980  3 23.88600  -24.95  1  586   12   12   12   -0.22   -0.40  -99.0  31
 11 1980  3 23.88900  -24.86  1  586   12   12   12   -0.12   -0.25  -99.0   5
 11 1980  3 23.90400  -24.26  1  586   12   12   12    0.30    0.31  -99.0   5
 11 1980  3 23.90700  -24.48  1  586   12   12   12   -0.02    0.03  -99.0   5
 11 1980  3 23.91500  -23.61  1  586   12   12   12    0.52    0.65  -99.0   5
 11 1980  3 23.93100  -22.79  1  586   12   12   12    0.31    0.58    0.64  5
 11 1980  3 23.93500  -22.79  1  586   12   12   12   -0.02    0.28    0.33  5
 11 1980  4  9.91320   23.10  1  586   13   13   13   -1.25   -0.96  -99.0  16
 11 1980  4 10.97920  -22.10  1  586   13   13   13    0.77    0.78    1.34 16
 11 1980  4 10.98610  -21.85  1  586   13   13   13    0.47    0.51    1.14 16
 11 1980  4 10.99300  -21.30  1  586   13   13   13    0.37    0.44    1.16 16
 11 1980  4 11.01460  -20.94  1  586   13   13   13   -1.81   -1.66   -0.69 16
 11 1980  4 11.97290   24.09  1  586   13   13   13   -0.21    0.09  -99.0  16
 11 1980  4 11.97850   24.26  1  586   13   13   13   -0.15    0.17  -99.0  16
 11 1980  4 11.98960   24.50  1  586   13   13   13    0.08    0.40  -99.0  16
 11 1980  4 11.99440   24.54  1  586   13   13   13    0.18    0.51  -99.0  16
 11 1980  4 11.99860   24.60  1  586   13   13   13    0.34    0.67  -99.0  16
 11 1980  4 12.00280   24.48  1  586   13   13   13    0.35    0.69  -99.0  16
 11 1980  4 12.00690   24.26  1  586   13   13   13    0.29    0.63  -99.0  16