 3 2000 09  9 12  7 56.3  3 57 15.2090  18 11 28.474  0.000  0.292 
 3 2000 09 10 12  4  1.7  3 57 10.3666  18 11 29.675  0.000  0.292 
 3 2000 09 11 12  0  6.6  3 57 17.5137  18 11 18.365  0.000  0.293 
 3 2000 09 12 11 56 11.0  3 57 11.4159  18 11  3.982  0.000  0.293 
 3 2000 09 12 11 57 46.6  3 57 11.3885  18 11  3.571  0.000  0.293 
 3 2000 09 13 11 53 51.6  3 57 17.6188  18 11  3.124  0.000  0.294 
 3 2000 09 14 11 48 18.6  3 57 11.0783  18 10 33.656  0.000  0.295 
 3 2000 09 29 10 49 56.1  3 56  9.7047  18  5  4.529  0.000  0.304 
 3 2000 10  1 10 40 17.4  3 55 54.4456  18  3 52.638  0.000  0.305 
 3 2000 10  1 10 41 48.9  3 55 54.4441  18  3 52.681  0.000  0.305 
 3 2000 10  3 10 32  3.7  3 55 37.9281  18  2 37.719  0.000  0.306 
 3 2000 10 14  9 46 47.4  3 53 35.4656  17 55 22.193  0.000  0.313 
 3 2000 10 18  9 31 45.1  3 52 40.0314  17 51 54.767  0.000  0.316 
 3 2000 10 20  9 21 47.7  3 52 11.0235  17 50  6.940  0.000  0.317 
 3 2000 11  2  8 28 39.1  3 48 31.6164  17 38 11.356  0.000  0.324 
 3 2000 11  6  8 11 41.1  3 47 17.2685  17 33 56.872  0.000  0.326 
 3 2000 12  5  6  6 37.6  3 37 55.3118  17  4 46.152  0.000  0.334 
 3 2000 12  6  6  2 23.3  3 37 30.8305  17  4  9.056  0.000  0.334 
 3 2000 12 22  4 56 40.7  3 33 11.9483  16 51 37.341  0.000  0.333 
 3 2000 12 24  4 48 21.0  3 32 44.6884  16 50 32.135  0.000  0.332 
 3 2001 01 31  2 15 12.5  3 29  0.5855  16 47 48.941  0.000  0.314 
 3 2001 02  1  2 11 19.4  3 28 56.9947  16 48  8.761  0.000  0.313 
 4 2000 09  9 12  7 56.3  3 57  8.1204  18 11 32.983  0.000  0.292 
 4 2000 09 10 12  4  1.7  3 57 16.1971  18 11  9.783  0.000  0.292 
 4 2000 09 12 11 56 11.0  3 57 11.1199  18 10 52.748  0.000  0.293 
 4 2000 09 12 11 57 46.6  3 57 11.1344  18 10 53.031  0.000  0.293 
 4 2000 09 13 11 53 51.6  3 57 18.5392  18 10 51.643  0.000  0.294 
 4 2000 09 16 11 42  1.0  3 57 15.5760  18 10 23.851  0.000  0.296 
 4 2000 09 21 11 22  7.9  3 57  0.7650  18  8 23.462  0.000  0.299 
 4 2000 09 23 11 12 31.1  3 56 45.8212  18  7 37.374  0.000  0.300 
 4 2000 09 24 11 10  6.7  3 56 48.4453  18  7 25.330  0.000  0.301 
 4 2000 10  1 10 40 17.4  3 55 53.3299  18  3 56.471  0.000  0.305 
 4 2000 10  1 10 41 48.9  3 55 53.3256  18  3 56.355  0.000  0.305 
 4 2000 10  5 10 23 53.3  3 55 26.0214  18  1 35.222  0.000  0.307 
 4 2000 10  6 10 21 23.8  3 55  9.5280  18  1 19.561  0.000  0.308 
 4 2000 10 12  9 55  4.6  3 53 59.7244  17 56 40.883  0.000  0.312 
 4 2000 10 13  9 52 32.5  3 53 54.8182  17 55 46.678  0.000  0.312 
 4 2000 10 18  9 31 45.1  3 52 42.3475  17 51 35.828  0.000  0.316 
 4 2000 10 20  9 21 47.7  3 52  9.7801  17 50 26.665  0.000  0.317 
 4 2000 11  6  8 11 41.1  3 47 17.4438  17 33 46.027  0.000  0.326 
 4 2000 11  8  8  1 36.5  3 46 39.1201  17 32 22.192  0.000  0.327 
 4 2000 11  8  8  3 11.1  3 46 39.0905  17 32 22.225  0.000  0.327 
 4 2000 11 14  7 36  2.5  3 44 40.4648  17 25 41.792  0.000  0.329 
 4 2000 11 15  7 33 22.9  3 44 28.7143  17 24 38.686  0.000  0.330 
 4 2000 11 17  7 24 51.4  3 43 42.3048  17 22 23.615  0.000  0.330 
 4 2000 11 24  6 53 24.8  3 41 26.7021  17 15 58.312  0.000  0.332 
 4 2000 11 27  6 42 13.9  3 40 24.7919  17 12 57.265  0.000  0.333 
 4 2000 12  3  6 16 42.7  3 38 25.5871  17  6 47.977  0.000  0.334 
 4 2000 12  4  6 10 53.7  3 38 13.6536  17  5 30.836  0.000  0.334 
 4 2000 12  4  6 12 28.0  3 38 13.6434  17  5 30.873  0.000  0.334 
 4 2000 12  5  6  6 37.6  3 37 53.6384  17  5 21.084  0.000  0.334 
 4 2000 12  6  6  2 23.3  3 37 29.9991  17  3 49.429  0.000  0.334 
 4 2000 12 15  5 25 59.3  3 34 59.5916  16 56 17.039  0.000  0.334 
 4 2000 12 17  5 17 35.4  3 34 20.9178  16 54 54.286  0.000  0.334 
 4 2000 12 18  5 11 48.1  3 34 13.2208  16 54 18.973  0.000  0.334 
 4 2000 12 19  5  7 36.8  3 33 52.0800  16 54  7.047  0.000  0.333 
 4 2000 12 21  5  0 51.0  3 33 28.0844  16 52 33.752  0.000  0.333 
 4 2000 12 22  4 56 40.7  3 33  5.8081  16 52  1.454  0.000  0.333 
 4 2000 12 24  4 48 21.0  3 32 44.4339  16 50 57.209  0.000  0.332 
 4 2001 01  8  3 46 40.8  3 29 56.2025  16 44 36.516  0.000  0.327 
 4 2001 01 19  3  0 50.7  3 28 56.9196  16 44  9.215  0.000  0.321 
 4 2001 01 21  2 54 29.6  3 28 52.9664  16 45  1.280  0.000  0.320 
 4 2001 01 26  2 34 45.4  3 28 52.7704  16 46 13.429  0.000  0.317 
 4 2001 01 31  2 15 12.5  3 29  1.4689  16 47 45.285  0.000  0.314 
 4 2001 02  1  2 11 19.4  3 28 57.7960  16 48 32.809  0.000  0.313 
 4 2001 02  4  1 58  6.8  3 29  7.3066  16 49 54.456  0.000  0.311 
 4 2001 02  5  1 55 51.1  3 29 16.9419  16 49 59.248  0.000  0.310 
 4 2001 02  6  1 52  0.2  3 29 22.6538  16 51 16.891  0.000  0.309 
 4 2001 02  7  1 48  9.7  3 29 22.1222  16 51 28.018  0.000  0.309 
 5 2000 09  9 12  7 56.3  3 57 16.1376  18 11 11.039  0.000  0.292 
 5 2000 09 10 12  4  1.7  3 57 18.4463  18 11 47.356  0.000  0.292 
 5 2000 09 11 12  0  6.6  3 57 12.2128  18 11 48.997  0.000  0.293 
 5 2000 09 12 11 56 11.0  3 57  8.9021  18 10 58.559  0.000  0.293 
 5 2000 09 12 11 57 46.6  3 57  8.8998  18 10 58.380  0.000  0.293 
 5 2000 09 14 11 48 18.6  3 57 19.7291  18 10 40.150  0.000  0.295 
 5 2000 09 15 11 44 21.8  3 57 15.1300  18 11  2.977  0.000  0.295 
 5 2000 09 16 11 42  1.0  3 57  6.5849  18 10 29.947  0.000  0.296 
 5 2000 09 21 11 22  7.9  3 56 51.9523  18  8 33.346  0.000  0.299 
 5 2000 09 23 11 12 31.1  3 56 54.9825  18  7 47.272  0.000  0.300 
 5 2000 09 24 11 10  6.7  3 56 46.8521  18  8  1.261  0.000  0.301 
 5 2000 09 25 11  4 29.0  3 56 34.1305  18  7 20.884  0.000  0.301 
 5 2000 09 29 10 49 56.1  3 56 11.8378  18  5 40.313  0.000  0.304 
 5 2000 10  1 10 40 17.4  3 55 56.6354  18  3 25.364  0.000  0.305 
 5 2000 10  1 10 41 48.9  3 55 56.6526  18  3 25.320  0.000  0.305 
 5 2000 10  3 10 32  3.7  3 55 43.5372  18  3 23.460  0.000  0.306 
 5 2000 10  5 10 23 53.3  3 55 17.0678  18  1 12.758  0.000  0.308 
 5 2000 10  6 10 19 49.0  3 55 14.6742  18  0 28.809  0.000  0.308 
 5 2000 10  6 10 21 23.8  3 55 14.6665  18  0 28.993  0.000  0.308 
 5 2000 10  7 10 15 41.3  3 55  7.2199  18  0 33.097  0.000  0.309 
 5 2000 10  7 10 17 16.7  3 55  7.2106  18  0 33.181  0.000  0.309 
 5 2000 10 12  9 55  4.6  3 54  7.5114  17 57 17.919  0.000  0.312 
 5 2000 10 13  9 52 32.5  3 53 47.1269  17 56 24.580  0.000  0.312 
 5 2000 10 14  9 46 47.4  3 53 33.4858  17 54 52.264  0.000  0.313 
 5 2000 10 18  9 30 10.4  3 52 37.3244  17 52  2.691  0.000  0.316 
 5 2000 10 18  9 31 45.1  3 52 37.2847  17 52  2.744  0.000  0.316 
 5 2000 10 20  9 21 47.7  3 52 19.2854  17 50  4.524  0.000  0.317 
 5 2000 10 20  9 23 23.0  3 52 19.2623  17 50  4.632  0.000  0.317 
 5 2000 11  2  8 28 39.1  3 48 36.6882  17 37 34.636  0.000  0.324 
 5 2000 11  6  8 11 41.1  3 47 17.5801  17 33 33.110  0.000  0.326 
 5 2000 11  8  8  1 36.5  3 46 46.6884  17 32 30.934  0.000  0.327 
 5 2000 11  8  8  3 11.1  3 46 46.6527  17 32 30.864  0.000  0.327 
 5 2000 11  9  7 57 19.8  3 46 19.4613  17 31 31.837  0.000  0.327 
 5 2000 11 14  7 36  2.5  3 44 38.8277  17 26  1.878  0.000  0.329 
 5 2000 11 15  7 31 48.3  3 44 21.6423  17 24 17.024  0.000  0.330 
 5 2000 11 15  7 33 22.9  3 44 21.6512  17 24 17.001  0.000  0.330 
 5 2000 11 16  7 27 31.1  3 44  9.6429  17 23 25.655  0.000  0.330 
 5 2000 11 16  7 29  6.2  3 44  9.6360  17 23 25.766  0.000  0.330 
 5 2000 11 17  7 23 16.8  3 43 49.9018  17 23  9.772  0.000  0.330 
 5 2000 11 17  7 24 51.4  3 43 49.8679  17 23  9.664  0.000  0.330 
 5 2000 11 20  7 12  4.0  3 42 45.8391  17 19  3.417  0.000  0.331 
 5 2000 11 21  7  7 47.1  3 42 31.3080  17 18 37.816  0.000  0.332 
 5 2000 11 24  6 53 24.8  3 41 21.7496  17 15  2.703  0.000  0.332 
 5 2000 11 24  6 54 59.7  3 41 21.7422  17 15  2.479  0.000  0.332 
 5 2000 11 26  6 44 54.9  3 40 50.8239  17 13 55.415  0.000  0.333 
 5 2000 11 26  6 46 29.4  3 40 50.8064  17 13 55.520  0.000  0.333 
 5 2000 11 27  6 40 39.4  3 40 23.4678  17 13  5.388  0.000  0.333 
 5 2000 11 27  6 42 13.9  3 40 23.4417  17 13  5.201  0.000  0.333 
 5 2000 11 29  6 32  7.1  3 39 47.1630  17  9 59.899  0.000  0.333 
 5 2000 12  1  6 25 12.6  3 39 10.0646  17  9 14.618  0.000  0.334 
 5 2000 12  3  6 15  8.4  3 38 26.1157  17  6 17.233  0.000  0.334 
 5 2000 12  3  6 16 42.7  3 38 26.1008  17  6 17.127  0.000  0.334 
 5 2000 12  4  6 12 28.0  3 38 15.1920  17  5 25.471  0.000  0.334 
 5 2000 12  5  6  6 37.6  3 37 57.8581  17  5 16.129  0.000  0.334 
 5 2000 12  6  6  2 23.3  3 37 31.9105  17  4 34.810  0.000  0.334 
 5 2000 12 15  5 25 59.3  3 34 55.2847  16 57  9.191  0.000  0.334 
 5 2000 12 16  5 21 47.2  3 34 34.5680  16 55 46.091  0.000  0.334 
 5 2000 12 17  5 17 35.4  3 34 24.1420  16 54 32.763  0.000  0.334 
 5 2000 12 18  5 11 48.1  3 34 14.9551  16 54 18.199  0.000  0.334 
 5 2000 12 19  5  7 36.8  3 33 56.4498  16 54 16.835  0.000  0.333 
 5 2000 12 21  5  0 51.0  3 33 19.3579  16 52  0.815  0.000  0.333 
 5 2000 12 22  4 56 40.7  3 33 12.6582  16 51 20.523  0.000  0.333 
 5 2000 12 23  4 50 56.5  3 33  0.9876  16 51 27.473  0.000  0.333 
 5 2000 12 23  4 52 30.7  3 33  0.9712  16 51 27.525  0.000  0.333 
 5 2000 12 24  4 48 21.0  3 32 40.3676  16 51 11.604  0.000  0.332 
 5 2000 12 27  4 34 20.0  3 32  7.9608  16 48 52.065  0.000  0.332 
 5 2000 12 28  4 30 11.7  3 31 53.0524  16 49  3.408  0.000  0.331 
 5 2000 12 28  4 31 46.0  3 31 53.0311  16 49  3.478  0.000  0.331 
 5 2000 12 29  4 27 38.1  3 31 33.3970  16 48 26.232  0.000  0.331 
 5 2001 01  3  4  7  4.4  3 30 37.7567  16 46  9.133  0.000  0.329 
 5 2001 01  8  3 46 40.8  3 29 54.6879  16 44 31.151  0.000  0.327 
 5 2001 01 18  3  6 25.5  3 29  5.2349  16 43 48.095  0.000  0.322 
 5 2001 01 19  3  0 50.7  3 29  5.9700  16 44 31.477  0.000  0.321 
 5 2001 01 21  2 54 29.6  3 28 49.4750  16 44 47.320  0.000  0.320 
 5 2001 01 31  2 15 12.5  3 28 54.6593  16 47 16.856  0.000  0.314 
 5 2001 02  1  2 11 19.4  3 29  4.5538  16 47 55.220  0.000  0.313 
 5 2001 02  4  1 58  6.8  3 29  5.7045  16 49 34.215  0.000  0.311 
 5 2001 02  5  1 55 51.1  3 29 16.5014  16 49 48.991  0.000  0.310 
 5 2001 02  6  1 52  0.2  3 29 26.2969  16 50 57.493  0.000  0.309 
 5 2001 02  7  1 48  9.7  3 29 27.3030  16 52  5.740  0.000  0.309 
 6 2000 09  5 12 23 32.0  3 56 50.0909  18 11 36.014  0.000  0.290 
 6 2000 09  6 12 19 37.6  3 56 54.7966  18 11  4.872  0.000  0.290 
 6 2000 09  9 12  9 31.9  3 57 14.7359  18 10 19.350  0.000  0.292 
 6 2000 09 10 12  5 37.2  3 57 20.8512  18 10 24.446  0.000  0.292 
 6 2000 09 11 12  1 42.1  3 57 25.4648  18 10 37.619  0.000  0.293 
 6 2000 09 13 11 52 16.6  3 57 28.3063  18 11 13.899  0.000  0.294 
 6 2000 09 14 11 49 54.2  3 57 26.1746  18 11 28.852  0.000  0.294 
 6 2000 09 15 11 45 57.3  3 57 21.8650  18 11 36.076  0.000  0.295 
 6 2000 09 16 11 40 26.0  3 57 15.8417  18 11 32.391  0.000  0.296 
 6 2000 09 17 11 38  2.2  3 57  8.7047  18 11 16.328  0.000  0.296 
 6 2000 09 20 11 26  6.4  3 56 48.6703  18  9 16.062  0.000  0.298 
 6 2000 09 21 11 20 32.9  3 56 44.6516  18  8 22.634  0.000  0.299 
 6 2000 09 22 11 18  6.9  3 56 42.3710  18  7 30.940  0.000  0.299 
 6 2000 09 23 11 14  6.6  3 56 41.5575  18  6 45.573  0.000  0.300 
 6 2000 09 24 11  8 31.8  3 56 41.5322  18  6  9.761  0.000  0.301 
 6 2000 09 25 11  6  4.5  3 56 41.5603  18  5 45.519  0.000  0.301 
 6 2000 09 28 10 53 58.1  3 56 34.0099  18  5 24.871  0.000  0.303 
 6 2000 09 29 10 48 21.2  3 56 27.2000  18  5 24.363  0.000  0.304 
 6 2000 09 30 10 44 17.9  3 56 17.9979  18  5 20.728  0.000  0.304 
 6 2000 10  1 10 40 17.4  3 56  6.6086  18  5  9.194  0.000  0.305 
 6 2000 10  3 10 33 39.1  3 55 39.3144  18  4 11.360  0.000  0.306 
 6 2000 10  5 10 25 28.7  3 55 11.1101  18  2 22.032  0.000  0.307 
 6 2000 10  6 10 19 49.0  3 54 58.6415  18  1 12.986  0.000  0.308 
 6 2000 10 12  9 56 40.0  3 54 12.0268  17 55 42.712  0.000  0.312 
 6 2000 10 13  9 50 57.7  3 54  3.3972  17 55 20.689  0.000  0.313 
 6 2000 10 14  9 48 22.7  3 53 52.6844  17 55  3.825  0.000  0.313 
 6 2000 10 18  9 30 10.4  3 52 47.4860  17 53 22.490  0.000  0.315 
 6 2000 10 20  9 23 23.0  3 52  7.0767  17 51 26.917  0.000  0.317 
 6 2000 11  2  8 27  4.4  3 48 43.8929  17 39 19.977  0.000  0.324 
 6 2000 11  6  8 11 41.1  3 47  8.9943  17 34 49.659  0.000  0.326 
 6 2000 11  8  8  3 11.1  3 46 28.2980  17 31 42.595  0.000  0.327 
 6 2000 11  9  7 58 54.9  3 46 11.2053  17 30 11.305  0.000  0.327 
 6 2000 11 14  7 37 37.6  3 44 57.2500  17 25 13.717  0.000  0.329 
 6 2000 11 15  7 31 48.3  3 44 39.4313  17 24 41.586  0.000  0.330 
 6 2000 11 16  7 29  6.2  3 44 19.5030  17 24 10.693  0.000  0.330 
 6 2000 11 17  7 23 16.8  3 43 57.4852  17 23 36.511  0.000  0.330 
 6 2000 11 18  7 20 34.6  3 43 33.6207  17 22 54.845  0.000  0.331 
 6 2000 11 19  7 16 18.8  3 43  8.5035  17 22  2.971  0.000  0.331 
 6 2000 11 21  7  7 47.1  3 42 17.6060  17 19 42.996  0.000  0.331 
 6 2000 11 24  6 54 59.7  3 41 11.5785  17 15 10.438  0.000  0.332 
 6 2000 11 26  6 44 54.9  3 40 38.5813  17 12 20.668  0.000  0.333 
 6 2000 11 27  6 40 39.4  3 40 24.2648  17 11 12.584  0.000  0.333 
 6 2000 11 29  6 33 42.0  3 39 55.8392  17  9 34.547  0.000  0.333 
 6 2000 12  3  6 15  8.4  3 38 42.2179  17  7 38.484  0.000  0.334 
 6 2000 12  4  6 10 53.7  3 38 19.4102  17  7  2.624  0.000  0.334 
 6 2000 12  5  6  8 12.5  3 37 55.5424  17  6 17.343  0.000  0.334 
 6 2000 12  6  6  3 58.1  3 37 31.4414  17  5 20.472  0.000  0.334 
 6 2000 12 15  5 24 25.0  3 35  6.0932  16 55 37.207  0.000  0.334 
 6 2000 12 16  5 21 47.2  3 34 53.4347  16 55 17.415  0.000  0.334 
 6 2000 12 18  5 11 48.1  3 34 23.2216  16 54 51.350  0.000  0.334 
 6 2000 12 18  5 13 22.8  3 34 23.2249  16 54 51.245  0.000  0.334 
 6 2000 12 19  5  9 11.6  3 34  5.5379  16 54 36.681  0.000  0.333 
 6 2000 12 20  5  5  0.6  3 33 46.4657  16 54 15.786  0.000  0.333 
 6 2000 12 21  4 59 17.2  3 33 26.6027  16 53 45.845  0.000  0.333 
 6 2000 12 21  5  0 51.0  3 33 26.5772  16 53 45.721  0.000  0.333 
 6 2000 12 23  4 50 56.5  3 32 47.4712  16 52 14.271  0.000  0.333 
 6 2000 12 24  4 46 46.8  3 32 29.8922  16 51 14.972  0.000  0.332 
 6 2000 12 27  4 34 20.0  3 31 51.6380  16 48  9.906  0.000  0.332 
 6 2000 12 27  4 35 54.2  3 31 51.6387  16 48  9.766  0.000  0.332 
 6 2000 12 28  4 30 11.7  3 31 43.5741  16 47 22.127  0.000  0.331 
 6 2000 12 30  4 23 29.6  3 31 30.7378  16 46 26.408  0.000  0.331 
 6 2000 12 31  4 19 22.4  3 31 24.2810  16 46 17.501  0.000  0.330 
 6 2001 01  3  4  7  4.4  3 30 57.5441  16 46 35.115  0.000  0.329 
 6 2001 01  4  4  2 57.9  3 30 45.5575  16 46 41.927  0.000  0.329 
 6 2001 01  8  3 45  6.7  3 29 51.7956  16 45 50.910  0.000  0.327 
 6 2001 01 18  3  6 25.5  3 29 17.2438  16 44 16.812  0.000  0.322 
 6 2001 01 19  3  2 25.4  3 29 13.5909  16 44 51.046  0.000  0.321 
 6 2001 01 24  2 42 37.7  3 28 43.2661  16 46 17.060  0.000  0.318 
 6 2001 01 31  2 13 38.3  3 29  1.7862  16 46 38.061  0.000  0.314 
 6 2001 01 31  2 15 12.5  3 29  1.7990  16 46 38.091  0.000  0.314 
 6 2001 02  1  2  9 45.1  3 29  8.9895  16 47 21.175  0.000  0.313 
 6 2001 02  1  2 11 19.4  3 29  9.0046  16 47 21.328  0.000  0.313 
 6 2001 02  4  1 58  6.8  3 29 24.1010  16 50 12.277  0.000  0.311 
 6 2001 02  4  1 59 41.5  3 29 24.1077  16 50 12.432  0.000  0.311 
 6 2001 02  5  1 54 16.9  3 29 26.3631  16 51 10.265  0.000  0.310 
 6 2001 02  6  1 50 26.0  3 29 27.5816  16 52  3.034  0.000  0.309 
 6 2001 02  7  1 46 35.5  3 29 28.2430  16 52 47.540  0.000  0.308 
 7 2000 09  9 12  7 56.3  3 56 59.6159  18 10 48.761  0.000  0.292 
 7 2000 09 10 12  4  1.7  3 57  4.0036  18 10 17.957  0.000  0.292 
 7 2000 09 11 12  0  6.6  3 57  9.1170  18  9 54.468  0.000  0.293 
 7 2000 09 12 11 56 11.0  3 57 14.4021  18  9 39.246  0.000  0.294 
 7 2000 09 12 11 57 46.6  3 57 14.3678  18  9 39.100  0.000  0.294 
 7 2000 09 15 11 44 21.8  3 57 26.1691  18  9 33.918  0.000  0.295 
 7 2000 09 16 11 42  1.0  3 57 27.6111  18  9 40.473  0.000  0.296 
 7 2000 09 21 11 22  7.9  3 57 11.7219  18  9 59.400  0.000  0.299 
 7 2000 09 23 11 12 31.1  3 56 55.5722  18  9 33.280  0.000  0.300 
 7 2000 09 24 11 10  6.7  3 56 45.9430  18  9  8.619  0.000  0.300 
 7 2000 09 25 11  4 29.0  3 56 35.8777  18  8 34.548  0.000  0.301 
 7 2000 09 28 10 52 22.7  3 56  6.3115  18  6  2.254  0.000  0.303 
 7 2000 09 29 10 49 56.1  3 55 58.2572  18  4 59.764  0.000  0.304 
 7 2000 10  1 10 40 17.4  3 55 46.4899  18  2 57.384  0.000  0.305 
 7 2000 10  1 10 41 48.9  3 55 46.4962  18  2 57.292  0.000  0.305 
 7 2000 10  3 10 32  3.7  3 55 38.4937  18  1 20.715  0.000  0.306 
 7 2000 10  6 10 21 23.8  3 55 24.2015  17 59 55.350  0.000  0.308 
 7 2000 10  7 10 15 41.3  3 55 17.1900  17 59 37.072  0.000  0.309 
 7 2000 10  7 10 17 16.7  3 55 17.1805  17 59 36.839  0.000  0.309 
 7 2000 10 12  9 55  4.6  3 54 19.3109  17 58  2.930  0.000  0.312 
 7 2000 10 13  9 52 32.5  3 54  3.4003  17 57 32.767  0.000  0.312 
 7 2000 10 14  9 46 47.4  3 53 46.4271  17 56 56.172  0.000  0.313 
 7 2000 10 18  9 31 45.1  3 52 32.8428  17 53  4.986  0.000  0.315 
 7 2000 10 20  9 21 47.7  3 51 58.7521  17 50 23.774  0.000  0.317 
 7 2000 10 21  9 17 34.2  3 51 43.8732  17 48 58.588  0.000  0.317 
 7 2000 11  2  8 28 39.1  3 48 51.2583  17 39 20.358  0.000  0.324 
 7 2000 11  8  8  1 36.5  3 46 32.2299  17 33 14.003  0.000  0.327 
 7 2000 11  8  8  3 11.1  3 46 32.2242  17 33 13.339  0.000  0.327 
 7 2000 11  9  7 57 19.8  3 46  9.5306  17 31 45.448  0.000  0.327 
 7 2000 11 14  7 36  2.5  3 44 39.7660  17 24 23.231  0.000  0.329 
 7 2000 11 15  7 33 22.9  3 44 25.2510  17 23 16.958  0.000  0.330 
 7 2000 11 16  7 27 31.1  3 44 10.6996  17 22 19.390  0.000  0.330 
 7 2000 11 17  7 24 51.4  3 43 55.5658  17 21 30.659  0.000  0.330 
 7 2000 11 24  6 53 24.8  3 41 39.1213  17 16 58.013  0.000  0.332 
 7 2000 11 26  6 46 29.4  3 40 51.0913  17 15 15.517  0.000  0.333 
 7 2000 11 27  6 42 13.9  3 40 26.4610  17 14 14.506  0.000  0.333 
 7 2000 11 29  6 32  7.1  3 39 37.8813  17 11 49.274  0.000  0.333 
 7 2000 11 30  6 29 26.8  3 39 14.8190  17 10 26.443  0.000  0.333 
 7 2000 12  1  6 25 12.6  3 38 53.2875  17  8 58.666  0.000  0.334 
 7 2000 12  3  6 16 42.7  3 38 16.2138  17  6  2.426  0.000  0.334 
 7 2000 12  4  6 12 28.0  3 38  0.6288  17  4 42.608  0.000  0.334 
 7 2000 12  5  6  6 37.6  3 37 46.5727  17  3 31.677  0.000  0.334 
 7 2000 12 15  5 25 59.3  3 35 11.1363  16 57 55.528  0.000  0.334 
 7 2000 12 16  5 21 47.2  3 34 51.2357  16 57 24.048  0.000  0.334 
 7 2000 12 17  5 17 35.4  3 34 30.9603  16 56 47.824  0.000  0.334 
 7 2000 12 18  5 11 48.1  3 34 10.5497  16 56  5.862  0.000  0.333 
 7 2000 12 19  5  7 36.8  3 33 50.3372  16 55 17.321  0.000  0.333 
 7 2000 12 22  4 56 40.7  3 32 55.1576  16 52 14.788  0.000  0.333 
 7 2000 12 23  4 52 30.7  3 32 40.1926  16 51  7.614  0.000  0.333 
 7 2000 12 24  4 48 21.0  3 32 27.4428  16 50  2.622  0.000  0.332 
 7 2000 12 27  4 35 54.2  3 32  0.3099  16 47 34.169  0.000  0.332 
 7 2000 12 28  4 31 46.0  3 31 53.2425  16 47  6.424  0.000  0.331 
 7 2000 12 29  4 27 38.1  3 31 46.2018  16 46 48.123  0.000  0.331 
 7 2001 01  8  3 46 40.8  3 30  1.9925  16 46 28.124  0.000  0.327 
 7 2001 01 19  3  0 50.7  3 29  7.2748  16 43  7.534  0.000  0.321 
 7 2001 01 21  2 54 29.6  3 29  9.7614  16 43 57.564  0.000  0.320 
 7 2001 01 26  2 34 45.4  3 29  5.1536  16 46 59.511  0.000  0.317 
 7 2001 02  1  2 11 19.4  3 28 50.6419  16 49 14.553  0.000  0.313 
 7 2001 02  4  1 58  6.8  3 28 57.3473  16 49 25.984  0.000  0.311 
 7 2001 02  5  1 55 51.1  3 29  3.8689  16 49 33.284  0.000  0.310 
 7 2001 02  6  1 52  0.2  3 29 12.2978  16 49 49.007  0.000  0.309 
 7 2001 02  7  1 48  9.7  3 29 22.2284  16 50 13.954  0.000  0.309 
 8 2000 09  9 12  7 56.3  3 56 47.8063  18 11 58.435  0.000  0.292 
 8 2000 09 10 12  4  1.7  3 56 46.8361  18 11 34.910  0.000  0.293 
 8 2000 09 11 12  0  6.6  3 56 45.5845  18 11  9.943  0.000  0.293 
 8 2000 09 12 11 56 11.0  3 56 44.0655  18 10 43.892  0.000  0.294 
 8 2000 09 12 11 57 46.6  3 56 44.0610  18 10 43.835  0.000  0.294 
 8 2000 09 13 11 53 51.6  3 56 42.2829  18 10 16.456  0.000  0.295 
 8 2000 09 14 11 48 18.6  3 56 40.2812  18  9 48.266  0.000  0.295 
 8 2000 09 15 11 44 21.8  3 56 38.0410  18  9 18.941  0.000  0.296 
 8 2000 09 16 11 42  1.0  3 56 35.5705  18  8 48.705  0.000  0.296 
 8 2000 09 21 11 22  7.9  3 56 20.2636  18  6  9.404  0.000  0.299 
 8 2000 09 23 11 12 31.1  3 56 12.8340  18  5  3.448  0.000  0.301 
 8 2000 09 24 11 10  6.7  3 56  8.8106  18  4 30.432  0.000  0.301 
 8 2000 09 25 11  4 29.0  3 56  4.6422  18  3 57.101  0.000  0.302 
 8 2000 09 25 11  6  4.5  3 56  4.6469  18  3 57.139  0.000  0.302 
 8 2000 09 28 10 52 22.7  3 55 50.8708  18  2 18.159  0.000  0.304 
 8 2000 09 28 10 53 58.1  3 55 50.8875  18  2 18.294  0.000  0.304 
 8 2000 10  1 10 40 17.4  3 55 35.1456  18  0 41.225  0.000  0.305 
 8 2000 10  1 10 41 48.9  3 55 35.1462  18  0 41.261  0.000  0.305 
 8 2000 10  3 10 32  3.7  3 55 23.4309  17 59 37.760  0.000  0.306 
 8 2000 10  5 10 23 53.3  3 55 10.6046  17 58 35.442  0.000  0.308 
 8 2000 10  6 10 21 23.8  3 55  3.7164  17 58  4.608  0.000  0.308 
 8 2000 10  7 10 15 41.3  3 54 56.5338  17 57 34.019  0.000  0.309 
 8 2000 10  7 10 17 16.7  3 54 56.5330  17 57 33.920  0.000  0.309 
 8 2000 10  9 10  7 39.9  3 54 41.1092  17 56 32.848  0.000  0.310 
 8 2000 10 12  9 55  4.6  3 54 15.0980  17 55  1.628  0.000  0.312 
 8 2000 10 13  9 52 32.5  3 54  5.5838  17 54 30.858  0.000  0.312 
 8 2000 10 14  9 46 47.4  3 53 55.6756  17 53 59.985  0.000  0.313 
 8 2000 10 18  9 31 45.1  3 53 11.2990  17 51 51.463  0.000  0.315 
 8 2000 10 20  9 21 47.7  3 52 46.2216  17 50 43.460  0.000  0.316 
 8 2000 11  2  8 28 39.1  3 49 13.8910  17 41 28.543  0.000  0.323 
 8 2000 11  8  8  1 36.5  3 47 10.4840  17 35 47.479  0.000  0.326 
 8 2000 11  8  8  3 11.1  3 47 10.4574  17 35 47.614  0.000  0.326 
 8 2000 11  9  7 57 19.8  3 46 48.7291  17 34 45.198  0.000  0.327 
 8 2000 11 14  7 36  2.5  3 44 56.4627  17 29 11.354  0.000  0.329 
 8 2000 11 15  7 33 22.9  3 44 33.4678  17 28  0.524  0.000  0.330 
 8 2000 11 16  7 27 31.1  3 44 10.4178  17 26 48.720  0.000  0.330 
 8 2000 11 17  7 24 51.4  3 43 47.2447  17 25 35.686  0.000  0.330 
 8 2000 11 20  7 12  4.0  3 42 37.6761  17 21 51.321  0.000  0.332 
 8 2000 11 24  6 53 24.8  3 41  5.8240  17 16 43.988  0.000  0.333 
 8 2000 11 24  6 54 59.7  3 41  5.8104  17 16 43.835  0.000  0.333 
 8 2000 11 26  6 44 54.9  3 40 20.8423  17 14  9.209  0.000  0.333 
 8 2000 11 26  6 46 29.4  3 40 20.8167  17 14  9.140  0.000  0.333 
 8 2000 11 27  6 40 39.4  3 39 58.6877  17 12 52.155  0.000  0.334 
 8 2000 11 27  6 42 13.9  3 39 58.6686  17 12 51.999  0.000  0.334 
 8 2000 11 29  6 32  7.1  3 39 15.2253  17 10 19.022  0.000  0.334 
 8 2000 11 29  6 33 42.0  3 39 15.2020  17 10 18.873  0.000  0.334 
 8 2000 11 30  6 29 26.8  3 38 53.9459  17  9  3.349  0.000  0.334 
 8 2000 12  1  6 25 12.6  3 38 33.0268  17  7 48.608  0.000  0.334 
 8 2000 12  3  6 16 42.7  3 37 52.3311  17  5 22.129  0.000  0.335 
 8 2000 12  4  6 12 28.0  3 37 32.5874  17  4 10.738  0.000  0.335 
 8 2000 12  5  6  6 37.6  3 37 13.2906  17  3  0.916  0.000  0.335 
 8 2000 12  6  6  2 23.3  3 36 54.4239  17  1 52.520  0.000  0.335 
 8 2000 12 15  5 25 59.3  3 34 25.9836  16 53  8.261  0.000  0.334 
 8 2000 12 16  5 21 47.2  3 34 11.9117  16 52 21.873  0.000  0.334 
 8 2000 12 17  5 17 35.4  3 33 58.3220  16 51 38.040  0.000  0.334 
 8 2000 12 18  5 11 48.1  3 33 45.1885  16 50 56.942  0.000  0.334 
 8 2000 12 19  5  7 36.8  3 33 32.5216  16 50 18.177  0.000  0.334 
 8 2000 12 21  5  0 51.0  3 33  8.4730  16 49  8.837  0.000  0.333 
 8 2000 12 22  4 56 40.7  3 32 57.0805  16 48 38.164  0.000  0.333 
 8 2000 12 23  4 52 30.7  3 32 46.0994  16 48 10.036  0.000  0.333 
 8 2000 12 24  4 48 21.0  3 32 35.5054  16 47 44.503  0.000  0.332 
 8 2000 12 27  4 35 54.2  3 32  5.9238  16 46 42.687  0.000  0.331 
 8 2000 12 28  4 31 46.0  3 31 56.7348  16 46 26.917  0.000  0.331 
 8 2000 12 29  4 27 38.1  3 31 47.8752  16 46 13.329  0.000  0.331 
 8 2001 01  3  4  7  4.4  3 31  7.8063  16 45 36.334  0.000  0.329 
 8 2001 01  8  3 46 40.8  3 30 33.7971  16 45 42.460  0.000  0.326 
 8 2001 01 18  3  6 25.5  3 29 41.1543  16 47 19.412  0.000  0.321 
 8 2001 01 19  3  0 50.7  3 29 37.0663  16 47 33.271  0.000  0.321 
 8 2001 01 21  2 54 29.6  3 29 29.5950  16 48  2.494  0.000  0.320 
 8 2001 01 26  2 34 45.4  3 29 15.6952  16 49 24.443  0.000  0.317 
 8 2001 01 31  2 15 12.5  3 29  9.8921  16 50 58.363  0.000  0.313 
 8 2001 02  1  2 11 19.4  3 29  9.8387  16 51 18.755  0.000  0.313 
 8 2001 02  4  1 58  6.8  3 29 12.2535  16 52 23.598  0.000  0.311 
 8 2001 02  5  1 55 51.1  3 29 13.9484  16 52 46.505  0.000  0.310 
 8 2001 02  6  1 52  0.2  3 29 16.1145  16 53 10.351  0.000  0.309 
 8 2001 02  7  1 48  9.7  3 29 18.7664  16 53 34.891  0.000  0.309 