1999 08 19.024307  3   6  +171.838   -11.569   -0.21   -0.18
1999 08 19.024307  8   6  -330.989  -143.743   -0.09    0.53
1999 08 19.025884  4   6  +237.612    +0.118   -0.33   -0.28
1999 08 19.025884  5   6  +236.170   +26.751   -0.29   -0.40
1999 08 19.025884  4   5    +1.442   -26.633   -0.04    0.13
1999 08 19.025884  3   4   -65.774   -11.687   -0.11    0.07
1999 08 19.025884  3   5   -64.332   -38.320   -0.14    0.20
1999 08 25.018684  3   6  -113.973   +31.348    0.02    0.16
1999 08 25.018684  4   6  -114.772   +58.086    0.12   -0.02
1999 08 25.018684  5   6  -227.849   +48.050    0.16    0.33
1999 08 25.018684  8   6  -571.098  -149.034   -0.30    0.61
1999 08 25.018684  3   4    +0.799   -26.738   -0.09    0.18
1999 08 25.018684  4   5  +113.077   +10.036   -0.04   -0.35
1999 08 25.018684  5   8  +343.249  +197.084    0.45   -0.28
1999 08 25.018684  3   5  +113.876   -16.702   -0.13   -0.18
1999 09 02.022528  3   6  +167.792   -31.786   -0.12   -0.15
1999 09 02.022756  4   6  +189.199   -34.596   -0.16   -0.01
1999 09 02.022528  5   6  +146.856   -14.938   -0.06   -0.22
1999 09 02.022528  3   5   +20.936   -16.848   -0.06    0.07
1999 09 02.022528  3   4   -21.407    +2.810    0.04   -0.15
1999 09 02.022528  4   5   +42.343   -19.658   -0.10    0.22
1999 09 02.037150  3   6  +166.610   -31.043   -0.38   -0.21
1999 09 02.037150  4   6  +189.000   -33.714   -0.19   -0.04
1999 09 02.037150  5   6  +145.838   -14.529   -0.16   -0.17
1999 09 02.037150  8   6    -8.354  -218.872   -0.31    0.11
1999 09 02.037150  3   4   -22.390    +2.671   -0.19   -0.17
1999 09 02.037150  3   5   +20.772   -16.514   -0.21   -0.04
1999 09 02.037150  4   5   +43.162   -19.185   -0.02    0.12
1999 09 07.010940  2   5    +7.116   -21.212    0.15    0.14
1999 09 07.010940  2   6   +16.022   +70.068   -0.03   -0.02
1999 09 07.010940  3   6   +58.338   +49.214    0.19    0.06
1999 09 07.010940  4   6   +99.296   +53.261    0.01   -0.06
1999 09 07.010940  5   6    +8.906   +91.280   -0.18   -0.16
1999 09 07.010940  8   6  +121.880   -59.542   -0.40   -0.14
1999 09 07.010940  2   3   -42.316   +20.854   -0.22   -0.08
1999 09 07.010940  3   4   -40.958    -4.047    0.18    0.12
1999 09 07.010940  4   5   +90.390   -38.019    0.19    0.10
1999 09 07.010940  4   8   -22.584  +112.803    0.41    0.08
1999 09 07.010940  2   4   -83.274   +16.807   -0.04    0.04
1999 09 08.004386  8   6   +89.542   -45.071   -0.41   -0.17
1999 09 08.005121  2   6    -5.604   +79.010    0.10   -0.18
1999 09 08.005121  4   6   -28.422   +88.628    0.19   -0.12
1999 09 08.005121  3   6   -39.030   +82.878    0.17   -0.14
1999 09 08.005121  5   6  -103.079   +56.442    0.19    0.12
1999 09 08.005121  2   4   +22.818    -9.618   -0.08   -0.06
1999 09 08.005121  4   3   +10.608    +5.750    0.02    0.03
1999 09 08.005121  2   5   +97.475   +22.568   -0.09   -0.29
1999 09 08.005121  4   5   +74.657   +32.186   -0.00   -0.23
1999 09 08.005121  3   5   +64.049   +26.437   -0.02   -0.26
1999 10 23.885439  3   6   +79.590   +44.748    0.15    0.16
1999 10 23.885439  4   6  +179.252   +61.164    0.04   -0.02
1999 10 23.885439  5   6   +99.548   +26.248    0.08    0.21
1999 10 23.885439  8   6  -237.932   +90.310    0.63    0.83
1999 10 23.885439  3   4   -99.662   -16.416    0.12    0.19
1999 10 23.885439  3   5   -19.958   +18.500    0.07   -0.05
1999 10 23.885439  4   5   +79.704   +34.916   -0.05   -0.24
1999 11 18.864532  2   6    -0.338   -77.556   -0.08    0.04
1999 11 18.864532  3   6    -8.268   -57.236   -0.06   -0.03
1999 11 18.864532  4   6   -34.466   -71.936    0.05    0.01
1999 11 18.864012  5   6   -59.504   -63.136    0.05    0.08
1999 11 18.864012  8   6  -152.984  -255.737   -0.47    0.21
1999 11 18.864532  2   3    +7.930   -20.320   -0.02    0.07
1999 11 18.864532  2   4   +34.128    -5.620   -0.12    0.03
1999 11 18.864532  3   4   +26.198   +14.700   -0.10   -0.04
2000 01 20.813687  3   6   -33.782   -76.378    0.31   -0.01
2000 01 20.813687  2   6   -60.752   -66.710    0.22   -0.02
2000 01 20.813687  4   6   -84.411   -65.540    0.30    0.00
2000 01 20.813687  5   6   -97.479   -47.514    0.11    0.02
2000 01 20.813687  8   6  -550.744  -183.945    0.20    0.24
2000 01 20.813687  3   2   +26.970    -9.668    0.09    0.01
2000 01 20.813687  3   4   +50.629   -10.838    0.01   -0.01
2000 01 20.813687  3   5   +63.697   -28.864    0.20   -0.02
2000 01 20.813687  2   4   +23.659    -1.170   -0.08   -0.02
2000 01 20.813687  2   5   +36.727   -19.196    0.11   -0.04
2000 01 20.813687  4   5   +13.068   -18.026    0.19   -0.02
2000 02 10.691838  5   6  +247.104   +20.306   -0.06   -0.16
2000 02 10.691838  2   6  +182.721    +3.769    0.07   -0.09
2000 02 10.691838  3   6  +180.195    +0.944    0.02   -0.15
2000 02 10.691838  4   6  +200.464   +30.612   -0.10   -0.15
2000 02 10.691838  8   6  +208.860  -110.624   -0.38   -0.20
2000 02 10.691838  5   2   +64.383   +16.537   -0.13   -0.07
2000 02 10.691838  5   3   +66.909   +19.362   -0.08   -0.01
2000 02 10.691838  5   4   +46.640   -10.306    0.04   -0.01
2000 02 10.691838  2   3    +2.526    +2.825    0.04    0.06
2000 02 10.691838  2   4   -17.743   -26.843    0.17    0.06
2000 02 10.691838  3   4   -20.269   -29.668    0.13    0.00
2000 09 29.037916  4   6  -243.132   -25.984    0.37    0.18
2000 09 29.037916  2   6  -235.422   -15.438    0.21    0.17
2000 09 29.037916  3   6  -212.686   +12.176   -0.02    0.06
2000 09 29.037916  5   6  -172.232   +28.228    0.16    0.07
2000 09 29.037916  4   2    -7.710   -10.546    0.16    0.01
2000 09 29.037916  4   3   -30.446   -38.160    0.38    0.12
2000 09 29.037916  4   5   -70.900   -54.212    0.20    0.11
2000 09 29.037916  2   3   -22.736   -27.614    0.23    0.11
2000 09 29.037916  2   5   -63.190   -43.666    0.05    0.10
2000 09 29.037916  3   5   -40.454   -16.052   -0.18   -0.01
2000 10 06.008986  2   6  +159.774   -42.548   -0.04   -0.02
2000 10 06.008986  5   6  +168.111   -63.332   -0.15    0.07
2000 10 06.008986  1   6  +203.468   -30.771   -0.35    0.01
2000 10 06.008986  4   6  +200.962    -3.656   -0.28   -0.07
2000 10 06.008986  3   6  +223.538   -29.048   -0.25   -0.13
2000 10 06.008986  2   5    -8.337   +20.784    0.11   -0.09
2000 10 06.008986  2   1   -43.694   -11.777    0.31   -0.03
2000 10 06.008986  2   4   -41.188   -38.892    0.24    0.05
2000 10 06.008986  2   3   -63.764   -13.500    0.21    0.11
2000 10 06.008986  5   1   -35.357   -32.561    0.20    0.06
2000 10 06.008986  5   4   -32.851   -59.676    0.13    0.13
2000 10 06.008986  5   3   -55.427   -34.283    0.10    0.20
2000 10 06.008986  1   4    +2.506   -27.115   -0.07    0.08
2000 10 06.008986  1   3   -20.070    -1.723   -0.10    0.14
2000 10 06.008986  4   3   -22.576   +25.392   -0.03    0.07
2000 11 17.880099  3   6  -166.898   -82.414    0.05    0.31
2000 11 17.880099  4   6  -109.672   -83.534    0.00   -0.31
2000 11 17.880099  2   6  -109.528   -65.110   -0.02    0.14
2000 11 17.880099  5   6  -140.086   -27.806    0.06    0.17
2000 11 17.880099  1   6  -178.903   -61.248    0.18    0.21
2000 11 17.880099  8   6  -143.398   +99.994    0.45    0.32
2000 11 17.880099  3   2   -57.370   -17.304    0.07    0.17
2000 11 17.880099  3   5   -26.812   -54.608   -0.01    0.14
2000 11 17.880099  3   1   +12.005   -21.166   -0.13    0.10
2000 11 17.880099  3   8   -23.500  -182.408   -0.40   -0.01
2000 11 17.880099  2   5   +30.558   -37.304   -0.08   -0.03
2000 11 17.880099  2   1   +69.375    -3.862   -0.20   -0.07
2000 11 17.880099  2   8   +33.870  -165.104   -0.47   -0.18
2000 11 17.880099  5   1   +38.817   +33.442   -0.12   -0.04
2000 11 17.880099  5   8    +3.312  -127.800   -0.39   -0.15
2000 11 17.880099  1   8   -35.505  -161.242   -0.27   -0.11
2000 11 17.901203  3   6  -162.270   -83.162    0.12    0.32
2000 11 17.901203  4   6  -106.070   -82.531   -0.00    0.26
2000 11 17.901203  2   6  -107.922   -63.912    0.03    0.20
2000 11 17.901203  5   6  -141.448   -28.222    0.09    0.16
2000 11 17.901203  1   6  -178.846   -63.198    0.25    0.33
2000 11 17.901203  8   6  -143.096   +99.312    0.51    0.31
2000 11 17.901203  3   4   -56.200    -0.631    0.12    0.06
2000 11 17.901203  3   2   -54.348   -19.250    0.09    0.12
2000 11 17.901203  3   5   -20.822   -54.940    0.03    0.15
2000 11 17.901203  3   1   +16.575   -19.964   -0.13   -0.02
2000 11 17.901203  3   8   -19.174  -182.474   -0.39    0.00
2000 11 17.901203  4   2    +1.852   -18.619   -0.04    0.06
2000 11 17.901203  4   5   +35.378   -54.309   -0.09    0.10
2000 11 17.901203  4   1   +72.776   -19.333   -0.25   -0.07
2000 11 17.901203  4   8   +37.026  -181.843   -0.51   -0.05
2000 11 17.901203  2   5   +33.526   -35.690   -0.06    0.03
2000 11 17.901203  2   1   +70.924    -0.714   -0.21   -0.14
2000 11 17.901203  2   8   +35.174  -163.224   -0.47   -0.12
2000 11 17.901203  5   1   +37.398   +34.976   -0.16   -0.17
2000 11 17.901203  5   8    +1.648  -127.534   -0.42   -0.15
2000 11 17.901203  1   8   -35.750  -162.510   -0.26    0.02
2000 12 26.824549  5   6  +226.224   +17.902    0.04   -0.10
2000 12 26.824549  4   6  +221.805   +57.441    0.11   -0.28
2000 12 26.824549  5   4    +4.419   -39.539   -0.06    0.18
2001 01 22.740612  5   6   +51.159  -103.744   -0.18    0.03
2001 01 22.740612  4   6   +68.491   -83.652   -0.31    0.11
2001 01 22.740612  3   6   -24.854   -84.695   -0.03    0.25
2001 01 22.740612  5   4   -17.332   -20.092    0.13   -0.08
2001 01 22.740612  5   3   +76.013   -19.049   -0.15   -0.23
2001 01 22.740612  4   3   +93.345    +1.043   -0.28   -0.14
2001 01 23.680195  5   6  +165.043   -56.976    0.04   -0.02
2001 02 16.756527  5   6  -156.500   +80.888    0.18    0.05
2001 02 16.756527  3   6   -83.281   +43.217    0.12    0.01
2001 02 16.756527  4   6   -54.578   +67.559    0.16   -0.07
2001 02 16.756527  8   6  -528.043   +34.461    0.37    0.49
2001 02 16.756527  5   3   -73.219   +37.671    0.06    0.05
2001 02 16.756527  5   4  -101.922   +13.329    0.02    0.12
2001 02 16.756527  3   4   -28.703   -24.342   -0.04    0.07
2001 03 20.733369  3   6   -95.213   +39.234    0.27   -0.00
2001 03 20.733369  4   6  -102.400   +33.527    0.24   -0.00
2001 03 20.733197  2   6  -123.092   +44.760    0.39    0.13
2001 03 20.733369  5   6  -168.546   +66.699    0.30   -0.09
2001 03 20.733369  8   6   +91.442   -21.350   -0.17   -0.05
2001 03 20.733369  3   4    +7.187    +5.707    0.03   -0.00
2001 03 20.733369  3   5   +73.333   -27.465   -0.03    0.09
2001 03 20.733369  3   8  -186.655   +60.584    0.45    0.05
2001 03 20.733369  4   5   +66.146   -33.172   -0.06    0.09
2001 03 20.733369  4   8  -193.842   +54.877    0.42    0.05
2001 03 20.733369  5   8  -259.988   +88.049    0.48   -0.04
2001 03 29.752857  5   6   +67.540   -25.856   -0.01   -0.01
2001 03 29.752857  3   6   +93.627   -43.345    0.11    0.08
2001 03 29.752857  4   6  +185.788   -31.382   -0.02    0.27
2001 03 29.752857  5   3   -26.087   +17.489   -0.12   -0.09
2001 03 29.752857  5   4  -118.248    +5.526    0.01   -0.28
2001 03 29.752857  3   4   -92.161   -11.700    0.13    0.07