1994 08 09.007930  4   5   -78.24    -3.75    0.17   -0.06
1994 08 09.007930  4   6  +167.74   -24.11    0.01    0.03
1994 08 09.007930  5   6  +245.98   -20.36   -0.16    0.09
1994 08 29.993720  4   5  +139.90   -14.35   -0.19    0.19
1994 08 29.993720  4   6   -66.04    -9.07    0.02   -0.18
1994 09 08.851360  4   6  +135.88    -4.36   -0.09    0.14
1994 09 29.857220  5   6  -115.84   -19.51    0.06   -0.08
1995 08 27.986920  4   5  -103.50    +8.51    0.12    0.10
1995 08 27.986920  4   6  +110.26    -8.36   -0.11    0.20
1995 08 27.986920  2   4   +92.54    -7.56   -0.05    0.30
1995 08 27.986920  5   8  +424.99    -1.65   -0.66    0.04
1995 08 30.871300  4   5   +39.82    -3.15    0.14    0.02
1995 08 30.871300  4   6   -71.23    +4.41    0.08    0.01
1995 08 30.871300  5   6  -111.05    +7.56   -0.07   -0.00
1995 08 30.891390  4   5   +41.80    -3.28    0.03    0.06
1995 08 30.891390  4   6   -70.81    +4.48    0.13    0.10
1995 08 30.891390  5   6  -112.61    +7.76    0.10    0.04
1995 09 02.93138   3   5   -17.86    +3.75   -0.16    0.03
1995 09 02.93138   3   8  +552.51   +50.09   -0.48   -0.07
1995 09 02.93138   5   6  -149.58    +9.94    0.06    0.28
1995 09 02.93138   6   8  +719.95   +36.40   -0.38   -0.38
1995 09 02.954060  3   5   -12.71    +3.30   -0.26   -0.01
1995 09 02.954060  3   6  -164.93   +13.30   -0.17    0.09
1995 09 02.954060  3   8  +555.85   +49.98   -0.46   -0.13
1995 09 02.954060  5   6  -152.22   +10.00    0.09    0.11
1995 09 02.954060  6   8  +720.78   +36.68   -0.29   -0.23
1995 09 16.928390  2   4   -71.21    +5.27    0.16    0.00
1995 09 16.928390  2   6  -146.36    +8.87    0.02    0.07
1995 09 16.928390  4   6   -75.15    +3.60   -0.14    0.07
1995 09 16.949860  2   4   -71.17    +5.41    0.74   -0.02
1995 09 16.949860  2   6  -145.85    +8.90    0.15    0.05
1995 09 16.949860  4   6   -74.15    +3.49   -0.05    0.07
1995 09 17.963290  5   6  -251.45   +18.33    0.10   -0.14
1995 09 18.913280  2   4   +90.07    -8.25   -0.23    0.14
1995 09 18.913280  2   5   +60.26    -7.06   -0.15    0.09
1995 09 18.913280  2   6  -156.41   +11.35   -0.23    0.12
1995 09 18.913280  4   5   -29.81    +1.19    0.08   -0.06
1995 09 18.913280  4   6  -246.48   +19.60    0.01   -0.02
1995 09 18.935630  2   4   +88.18    -8.30    0.11    0.06
1995 09 18.935630  2   6  -157.07   +11.27    0.08    0.02
1995 09 18.935630  4   6  -245.25   +19.57   -0.03   -0.05
1995 09 19.897100  4   5   -18.75    +1.62    0.01   -0.02
1995 09 19.897100  4   6  -136.93   +11.83    0.08   -0.10
1995 09 19.897100  5   6  -118.18   +10.21    0.06   -0.09
1995 09 19.921800  3   4   -31.28    +3.69    0.18   -0.08
1995 09 19.921800  3   5   -50.16    +5.28    0.17   -0.12
1995 09 19.921800  3   6  -166.68   +15.39    0.22   -0.15
1995 09 19.921800  4   5   -18.88    +1.59   -0.01   -0.04
1995 09 19.921800  4   6  -135.40   +11.70    0.05   -0.07
1995 09 19.921800  5   6  -116.52   +10.11    0.06   -0.02
1995 09 21.910560  3   4   +64.15    -5.25   -0.15    0.02
1995 09 21.910560  3   5   +94.98    -5.28   -0.10   -0.01
1995 09 21.910560  3   6   -73.13   +11.06   -0.04    0.05
1995 09 21.910560  4   5   +30.83    -0.03    0.05   -0.03
1995 09 21.910560  4   6  -137.28   +16.31    0.10    0.02
1995 09 21.910560  5   6  -168.11   +16.34    0.06    0.06
1995 09 21.934900  3   5   +99.18    -5.63   -0.13    0.10
1995 09 21.934900  5   6  -168.59   +16.38    0.09   -0.04
1995 09 21.934900  3   6   -69.41   +10.75   -0.04    0.06
1995 09 22.849800  2   3   +66.37    -3.31   -0.18    0.11
1995 09 22.849800  2   4   -30.36    +3.52    0.02    0.14
1995 09 22.849800  2   5  +103.50    -9.45   -0.09    0.08
1995 09 22.849800  2   6   -16.78    +6.52   -0.08    0.03
1995 09 22.849800  2   8  +224.80   +85.88   -0.03    0.08
1995 09 22.849800  3   4   -96.73    +6.83    0.20    0.03
1995 09 22.849800  3   5   +37.13    -6.14    0.09   -0.03
1995 09 22.849800  3   6   -83.15    +9.83    0.09   -0.08
1995 09 22.849800  3   8  +158.43   +89.19    0.15   -0.02
1995 09 22.849800  4   5  +133.86   -12.97   -0.11   -0.06
1995 09 22.849800  4   6   +13.58    +3.00   -0.11   -0.11
1995 09 22.849800  4   8  +255.16   +82.36   -0.05   -0.06
1995 09 22.849800  5   6  -120.28   +15.97    0.01   -0.05
1995 09 22.849800  5   8  +121.30   +95.33    0.06    0.01
1995 09 22.849800  6   8  +241.58   +79.36    0.05    0.05
1995 09 22.873520  2   3   +71.09    -4.13   -0.05   -0.19
1995 09 22.873520  2   4   -27.34    +3.16    0.16    0.02
1995 09 22.873520  2   5  +104.56    -9.89   -0.08   -0.13
1995 09 22.873520  2   6   -12.54    +5.93    0.02   -0.15
1995 09 22.873520  2   8  +226.22   +85.23    0.02   -0.16
1995 09 22.873520  3   4   -98.43    +7.29    0.21    0.21
1995 09 22.873520  3   5   +33.47    -5.76   -0.03    0.06
1995 09 22.873520  3   6   -83.63   +10.06    0.06    0.04
1995 09 22.873520  3   8  +155.13   +89.36    0.07    0.03
1995 09 22.873520  4   5  +131.90   -13.05   -0.24   -0.16
1995 09 22.873520  4   6   +14.80    +2.77   -0.14   -0.17
1995 09 22.873520  4   8  +253.56   +82.07   -0.14   -0.19
1995 09 22.873520  5   6  -117.10   +15.82    0.10   -0.01
1995 09 22.873520  5   8  +121.66   +95.12    0.10   -0.03
1995 09 22.873520  6   8  +238.76   +79.30    0.00   -0.02
1995 10 04.859690  4   6  -243.22   +17.99    0.17    0.22
1995 10 05.887450  5   6  -271.54   +23.76    0.16    0.14
1995 10 15.809080  3   6   +61.11   -10.17    0.04    0.25
1995 10 15.830550  3   4   +10.06    +0.73    0.13    0.38
1995 10 15.830550  3   5    -1.48    -2.32    0.27    0.41
1995 10 15.830550  3   6   +61.16   -10.04    0.18    0.26
1995 10 15.830550  4   5   -11.54    -3.05    0.14    0.04
1995 10 15.830550  4   6   +51.10   -10.77    0.04   -0.12
1995 10 15.830550  5   6   +62.64    -7.72   -0.10   -0.16
1995 10 21.856350  2   4   +76.04    -8.78   -0.14    0.14
1995 10 21.856350  2   5   -48.28    +4.15    0.03    0.03
1995 10 21.856350  2   6  -151.19   +13.69    0.76    0.06
1995 10 21.856350  4   5  -124.32   +12.93    0.16   -0.11
1995 10 21.856350  4   6  -227.98   +22.47    0.15   -0.09
1995 10 21.856350  5   6  -103.66    +9.54   -0.02    0.03
1995 10 21.878950  2   4   +72.20    -8.72   -0.05    0.10
1995 10 21.878950  2   5   -49.83    +4.30    0.11    0.08
1995 10 21.878950  2   6  -153.12   +13.70    0.13    0.03
1995 10 21.878950  4   5  -122.03   +13.02    0.16   -0.02
1995 10 21.878950  4   6  -225.32   +22.42    0.18   -0.06
1995 10 21.878950  5   6  -103.29    +9.40    0.02   -0.05
1995 10 22.820120  4   5   +41.43    +0.48   -0.05    0.28
1995 10 22.820120  4   6   -96.90   +12.56   -0.09   -0.03
1995 10 22.820120  5   6  -138.33   +12.08   -0.04   -0.31
1995 10 22.841160  4   6   -95.53   +12.44   -0.04    0.03
1995 11 05.785080  2   4   -15.81    +2.81    0.03   -0.22
1995 11 05.785080  2   3   +56.49    -6.66    0.03   -0.47
1995 11 05.785080  2   5   +64.80    -2.45   -0.12   -0.40
1995 11 05.785080  2   6  -151.72   +11.43   -0.02   -0.37
1995 11 05.785080  2   8   +73.04   -56.35   -0.37   -0.34
1995 11 05.785080  4   3   +72.30    -9.47    0.00   -0.24
1995 11 05.785080  4   5   +80.61    -5.26   -0.15   -0.18
1995 11 05.785080  4   6  -135.91    +8.62   -0.05   -0.14
1995 11 05.785080  4   8   +88.85   -59.16   -0.40   -0.12
1995 11 05.785080  3   5    +8.31    +4.21   -0.15    0.07
1995 11 05.785080  3   6  -208.21   +18.09   -0.05    0.10
1995 11 05.785080  3   8   +16.55   -49.69   -0.40    0.13
1995 11 05.785080  5   6  -216.52   +13.88    0.10    0.03
1995 11 05.785080  5   8    +8.24   -53.90   -0.25    0.06
1995 11 05.785080  6   8  +224.76   -67.78   -0.35    0.02
1995 11 08.768430  4   5   -50.35    +1.68   -0.05   -0.17
1995 11 08.768430  4   6   -68.74   +10.26   -0.07   -0.11
1995 11 08.768430  5   6   -18.39    +8.58   -0.01    0.05
1995 11 08.792090  4   5   -53.46    +2.14    0.03   -0.04
1995 11 08.792090  4   6   -69.98   +10.41   -0.01   -0.06
1995 11 08.792090  4   8  +186.79   -38.74   -0.53   -0.11
1995 11 08.792090  5   6   -16.52    +8.27   -0.04   -0.02
1995 11 08.792090  5   8  +240.25   -40.88   -0.56   -0.07
1995 11 08.792090  6   8  +256.77   -49.15   -0.52   -0.05
1996 08 13.968240  3   4    -2.98    -1.99   -0.01   -0.02
1996 08 13.968240  3   6  +170.03    +5.94   -0.11    0.01
1996 08 13.968240  3   8   -23.00   +84.68    0.10    0.03
1996 08 13.968240  4   6  +173.01    +7.93   -0.11    0.02
1996 08 13.968240  4   8   -20.02   +86.67    0.11    0.04
1996 08 13.968240  6   8  -193.03   +78.74    0.21    0.02
1996 08 20.015595  4   5  -108.95    +8.52    0.19   -0.07
1996 08 20.015595  4   6  -228.78   +16.50    0.19    0.04
1996 08 20.015595  5   6  -119.83    +7.98    0.01    0.11
1996 08 20.994096  5   6  -195.97   +10.99    0.04   -0.02
1996 08 23.946638  3   5  -113.32   +13.12    0.12    0.09
1996 08 23.946638  3   6   -40.01   -14.66   -0.07   -0.02
1996 08 23.946638  5   6   +73.31   -27.78   -0.19   -0.11
1996 08 26.904963  3   4    +6.15    +3.19   -0.18    0.16
1996 08 26.904963  3   5  +115.37    -4.14   -0.11   -0.14
1996 08 26.904963  3   6  +219.99   -21.95   -0.17   -0.15
1996 08 26.904963  4   5  +109.22    -7.33    0.07   -0.31
1996 08 26.904963  4   6  +213.84   -25.14    0.01   -0.31
1996 08 26.904963  5   6  +104.62   -17.81   -0.06   -0.00
1996 08 30.971940  3   5  +119.98    -6.30   -0.06   -0.24
1996 08 30.971940  3   6   +99.16   +13.08   -0.10   -0.18
1996 08 30.971940  5   6   -20.82   +19.42   -0.04    0.10
1996 08 30.989577  3   5  +118.15    -5.79   -0.09   -0.20
1996 08 30.989577  3   6   +95.86   +13.45   -0.22   -0.20
1996 08 30.989577  5   6   -22.29   +19.24   -0.13   -0.00
1996 08 31.986292  5   6   -32.16   +12.05    0.11    0.14
1996 09 04.948488  5   6  -268.45   +10.09    0.25   -0.00
1996 10 14.948844  2   3   -13.85    +3.49    0.06    0.13
1996 10 14.948844  3   5  +126.51   -11.21   -0.13    0.24
1996 10 14.948844  5   6  +110.50    -3.06   -0.05    0.09
1996 10 14.958135  2   3   -15.30    +3.54    0.07    0.06
1996 10 14.958135  2   5  +111.90    -7.63   -0.11    0.26
1996 10 14.958135  3   5  +127.20   -11.17   -0.19    0.19
1996 10 14.958135  5   6  +110.28    -2.93    0.10    0.22
1997 09 03.036573  3   4   +27.91   +12.09   -0.01    0.10
1997 09 03.036573  3   5   -32.29   +10.16    0.04    0.02
1997 09 03.036573  3   6   +47.40   +36.90   -0.11   -0.03
1997 09 03.036573  4   5   -60.20    -1.93    0.05   -0.08
1997 09 03.036573  4   6   +19.49   +24.81   -0.10   -0.13
1997 09 03.036573  5   6   +79.69   +26.75   -0.15   -0.04
1997 09 03.036573  8   6  -473.85  -129.56    0.13    0.17
1997 09 03.053945  3   4   +24.64   +12.38   -0.10   -0.12
1997 09 03.053945  3   5   -33.98   +10.25    0.03   -0.10
1997 09 03.053945  3   6   +45.20   +37.46   -0.05   -0.07
1997 09 03.053945  4   5   -58.62    -2.13    0.13    0.01
1997 09 03.053945  4   6   +20.56   +25.08    0.04    0.04
1997 09 03.053945  5   6   +79.18   +27.21   -0.09    0.03
1997 09 03.053945  8   6  -474.93  -129.35    0.03    0.39
1997 09 20.976957  5   6   -71.91   +18.32    0.01   -0.12
1997 09 20.976957  2   5   -35.28    +8.30   -0.07   -0.10
1997 09 20.976957  3   4    -8.21   -11.01    0.04   -0.12
1997 09 20.976957  8   6   +98.49   -23.72   -0.06   -0.28
1997 10 27.856998  3   4    +7.51   +12.26   -0.01    0.04
1997 10 27.856998  3   5   -36.30    -1.16    0.04   -0.02
1997 10 27.856998  3   6   -40.09   -25.74    0.04   -0.04
1997 10 27.856998  4   5   -43.81   -13.42    0.05   -0.06
1997 10 27.856998  4   6   -47.59   -37.99    0.07   -0.07
1997 10 27.856998  5   6    -3.78   -24.58    0.01   -0.02
1997 10 27.856998  8   4  -167.04   +99.98    0.53    0.15
1997 10 28.892133  3   6   -30.88   -37.64   -0.08   -0.00
1997 10 28.892118  5   6   -32.51   -18.08   -0.03    0.04
1997 10 28.892118  8   6  -181.26   +43.81    0.40   -0.14
1997 11 18.795379  4   5   -40.97    -0.14    0.19   -0.03
1997 11 18.795379  4   6  +211.40    -5.16    0.03   -0.03
1997 11 18.795379  5   6  +252.46    -5.02   -0.07    0.00
1997 11 18.795379  8   6  -333.51  -147.43    0.14   -0.32
1997 11 19.851064  5   6  +164.21   +26.43   -0.07    0.08
1997 11 19.851064  8   6  -361.41  -138.53   -0.02    0.14
1997 11 19.875592  3   5   -49.77    -1.94   -0.12    0.19
1997 11 19.875592  3   6  +110.44   +25.10   -0.16    0.28
1997 11 19.875592  5   6  +160.21   +27.05   -0.04    0.10
1997 11 19.875592  8   6  -362.27  -138.48    0.04    0.01
1997 12 18.790535  3   4   -57.41    +7.07   -0.06    0.02
1997 12 18.790535  3   5   +35.93    -0.01   -0.07   -0.10
1997 12 18.790535  3   6  +138.30   -19.78   -0.09   -0.12
1997 12 18.790535  4   5   +93.34    -7.07   -0.01   -0.11
1997 12 18.790535  4   6  +195.71   -26.85   -0.03   -0.14
1997 12 18.790535  5   6  +102.37   -19.78   -0.02   -0.03
1997 12 20.718549  3   4   +26.50    -4.97   -0.18   -0.00
1997 12 20.718549  3   5  -110.06    +0.49    0.07   -0.16
1997 12 20.718549  3   6  +133.81    +0.88   -0.09   -0.20
1997 12 20.718549  4   5  -136.56    +5.47    0.25   -0.15
1997 12 20.718549  4   6  +107.31    +5.85    0.09   -0.20
1997 12 20.718549  5   6  +243.87    +0.38   -0.16   -0.05
1997 12 29.684060  1   3   +59.83    -8.78   -0.19   -0.05
1997 12 29.684060  1   4   +11.80    +7.56   -0.22    0.13
1997 12 29.684060  1   5   -51.08    +3.13   -0.15   -0.07
1997 12 29.684060  1   6   -96.85   -17.95   -0.12   -0.07
1997 12 29.684060  3   4   -48.03   +16.34   -0.04    0.18
1997 12 29.684060  3   5  -110.90   +11.91    0.05   -0.02
1997 12 29.684060  3   6  -156.68    -9.17    0.07   -0.02
1997 12 29.684060  4   5   -62.88    -4.43    0.08   -0.20
1997 12 29.684060  4   6  -108.65   -25.51    0.11   -0.20
1997 12 29.684060  5   6   -45.78   -21.08    0.02   -0.00
1997 12 29.711011  5   6   -44.32   -20.81   -0.05    0.06
1997 12 29.711011  1   6   -95.10   -17.43   -0.30    0.09
1997 12 29.711878  4   6  -103.72   -25.61    0.14   -0.04
1997 12 29.711878  3   4   -54.12   +16.02   -0.07    0.18
1997 12 29.711878  3   6  -157.84    -9.60    0.07    0.13
1998 02 13.667479  4   5   -83.14   -12.37    0.06   -0.07
1998 02 13.667479  4   6  -216.55    +0.53    0.20   -0.22
1998 02 13.667479  5   6  -133.41   +12.90    0.14   -0.15
1998 02 13.667479  8   4  -219.57  -140.35    0.10   -0.27
1998 02 13.667479  8   5  -302.72  -152.72    0.15   -0.34
1998 09 02.046602  2   6  +147.75   +10.67   -0.14    0.05
1998 09 02.046602  3   6  +208.97    -4.31   -0.13   -0.01
1998 09 02.046602  4   6  +189.00    -8.79   -0.17   -0.05
1998 09 02.046602  5   6  +102.69   +13.51   -0.03   -0.02
1998 09 02.046602  8   6  +536.89  +208.37   -0.21    0.11
1998 09 06.987616  2   6   -85.75   +49.80   -0.14   -0.13
1998 09 06.987616  3   6  -163.50   +50.10    0.25   -0.10
1998 09 06.987616  4   6  -173.77   +39.10    0.25   -0.14
1998 09 06.987616  5   6  -194.75   +35.98    0.27   -0.13
1998 09 14.007258  3   6   +56.12   -43.23   -0.13   -0.01
1998 09 14.007258  4   6   +75.30   -43.54   -0.14   -0.03
1998 09 14.007258  5   6   +94.04   -39.22   -0.17   -0.03
1998 09 25.913128  2   6  -169.20   -17.63    0.14    0.01
1998 09 25.913128  3   6  -248.05    -7.64    0.20    0.23
1998 09 25.913128  4   6  -261.42    -7.48    0.27    0.08
1998 09 25.913128  5   6  -193.49   -34.75    0.14    0.21
1998 10 06.925332  2   6   +56.51   +47.99   -0.18    0.02
1998 10 06.925332  3   6    +1.00   +66.26   -0.03    0.03
1998 10 06.925332  4   6   -41.51   +53.14    0.10   -0.07
1998 10 06.925332  5   6   +46.82   +75.34   -0.01   -0.12
1998 11 10.803692  2   6  -216.17   +32.67    0.11    0.23
1998 11 10.803692  3   6  -169.84   +12.96    0.01    0.26
1998 11 10.803692  4   6  -187.81   +41.81    0.04    0.06
1998 11 10.803692  5   6  -105.74   +14.16   -0.08    0.10
1998 11 10.803692  8   6  +376.93  +196.42    0.08    0.05
1998 11 10.826522  2   6  -219.26   +31.42    0.09    0.19
1998 11 10.826522  3   6  -167.10   +12.69    0.07    0.13
1998 11 10.826522  4   6  -191.83   +41.60    0.09    0.23
1998 11 10.826522  5   6  -105.34   +14.40   -0.01    0.11
1998 11 10.826522  8   6  +375.96  +195.87    0.16   -0.30
1998 11 16.866191  3   6  +103.26   -50.32   -0.14    0.06
1998 11 16.866191  4   6    -6.26   -46.10   -0.03    0.04
1998 11 16.866191  5   6   +42.82   -27.59   -0.07    0.03
1998 11 17.805459  2   6   +80.97   -42.28   -0.07   -0.00
1998 11 17.805459  3   6   +71.79   -42.14   -0.06    0.05
1998 11 17.805459  4   6  +146.42   -57.41   -0.03    0.08
1998 11 17.805459  5   6   +34.35   -37.59    0.04    0.04
1998 11 17.805459  8   6  +530.06  +157.24   -0.01   -0.20
1998 11 20.820893  1   5   -20.99   -17.04   -0.08    0.11
1998 11 20.820893  3   5   -13.56    -9.24   -0.01    0.09
1998 11 20.820893  4   5    +3.14   -25.27    0.06   -0.02
1998 12 22.766443  2   6  +211.91   +11.54   -0.15   -0.33
1998 12 22.766443  3   6  +220.79   +12.46    0.13   -0.21
1998 12 22.766443  4   6  +126.74    +4.37    0.11   -0.26
1998 12 22.766443  5   6  +189.36   +31.17    0.02   -0.32
1998 12 22.766443  8   6  -321.35  -153.87   -0.02   -0.06
1999 01 08.677711  3   6  +176.93   +25.40   -0.30    0.22
1999 01 08.677711  5   6  +210.81   +20.74   -0.15    0.11