 3 1998 09 15  9 56 31.6  2  6 22.1228   9 54 55.617  0.000  0.441 -0.014  0.28
 3 1998 09 16  9 51 34.3  2  6  4.9168   9 53 56.177  0.000  0.442  0.005 -0.04
 3 1998 09 17  9 47 46.2  2  5 59.4353   9 52 32.995  0.000  0.443 -0.015 -0.08
 3 1998 09 18  9 43 18.8  2  5 40.9992   9 51 21.424  0.000  0.443  0.005  0.03
 3 1998 09 19  9 39 49.7  2  5 35.0724   9 50  5.583  0.000  0.444 -0.025  0.22
 3 1998 09 20  9 35  2.2  2  5 16.2565   9 48 40.905  0.000  0.445  0.009  0.13
 3 1998 10  4  8 36 38.7  2  1 57.8429   9 28 18.181  0.000  0.457 -0.009  0.18
 3 1998 10  4  8 38 10.3  2  1 57.8389   9 28 18.144  0.000  0.457  0.002  0.20
 3 1998 10  5  8 32 28.1  2  1 35.1236   9 26 50.513  0.000  0.457  0.003 -0.31
 3 1998 10 19  7 33 21.6  1 57 37.6962   9  3 46.036  0.000  0.466  0.012  0.01
 3 1998 10 19  7 34 53.1  1 57 37.6484   9  3 45.892  0.000  0.466 -0.024 -0.06
 3 1998 10 23  7 16 27.2  1 56 26.0548   8 57 17.001  0.000  0.468 -0.008 -0.02
 3 1998 10 24  7 12 13.2  1 56  1.2983   8 55 38.078  0.000  0.469 -0.010 -0.56
 3 1998 11  6  6 17 14.7  1 52  9.5582   8 35 12.032  0.000  0.473 -0.016  0.04
 3 1998 11  6  6 18 45.5  1 52  9.5589   8 35 11.821  0.000  0.473  0.010 -0.04
 3 1998 11 11  5 56 10.6  1 50 50.5330   8 27 47.885  0.000  0.474 -0.019 -0.02
 3 1998 11 11  5 57 41.4  1 50 50.5140   8 27 47.665  0.000  0.474 -0.017 -0.19
 3 1998 11 13  5 47 46.1  1 50 17.3326   8 25  5.579  0.000  0.474 -0.002 -0.69
 3 1998 11 13  5 49 16.9  1 50 17.3034   8 25  5.742  0.000  0.474 -0.007 -0.49
 3 1998 11 14  5 45  4.9  1 49 56.0475   8 23 30.936  0.000  0.474 -0.003  0.11
 3 1998 11 25  4 57 37.6  1 47 13.5962   8 10 37.493  0.000  0.472 -0.011  0.08
 3 1998 11 25  4 59  8.4  1 47 13.5848   8 10 37.303  0.000  0.472 -0.003 -0.00
 3 1998 11 26  4 53 27.2  1 47  6.5032   8  9 25.639  0.000  0.472 -0.040  0.35
 3 1998 11 26  4 54 58.8  1 47  6.5182   8  9 26.176  0.000  0.472 -0.014  0.91
 3 1998 11 27  4 49 19.9  1 46 47.3686   8  8 33.664  0.000  0.472 -0.002  0.91
 3 1998 12 11  3 51 52.5  1 44 27.8080   7 58 10.077  0.000  0.465 -0.049  0.09
 3 1998 12 12  3 47 48.9  1 44 15.0740   7 57 59.325  0.000  0.465 -0.047 -0.29
 3 1998 12 13  3 43 44.2  1 44 13.3946   7 57 21.486  0.000  0.464 -0.025 -0.03
 3 1998 12 14  3 39 42.9  1 44  0.4351   7 57  8.409  0.000  0.464 -0.023  0.07
 3 1998 12 15  3 35 40.4  1 44  0.1429   7 56 43.121  0.000  0.463 -0.006  0.06
 3 1998 12 16  3 31 36.8  1 43 47.7320   7 56 25.932  0.000  0.462 -0.002 -0.10
 3 1998 12 16  3 33  8.0  1 43 47.7154   7 56 25.886  0.000  0.462 -0.014 -0.08
 3 1998 12 17  3 29  6.4  1 43 48.0255   7 56 14.793  0.000  0.462 -0.016  0.56
 3 1999 01  1  2 28  0.6  1 43 10.6563   7 57  7.579  0.000  0.450 -0.000 -0.20
 3 1999 01  1  2 29 31.2  1 43 10.6302   7 57  7.943  0.000  0.450 -0.028  0.10
 3 1999 01  2  2 24  3.9  1 43  5.3927   7 57 35.029  0.000  0.449 -0.002  0.23
 3 1999 01  2  2 25 35.6  1 43  5.3738   7 57 34.621  0.000  0.449 -0.022 -0.16
 3 1999 01  3  2 20  9.2  1 43 12.6738   7 58  1.075  0.000  0.448  0.002 -0.04
 3 1999 01  3  2 21 40.5  1 43 12.6741   7 58  1.445  0.000  0.448  0.003  0.26
 3 1999 01  4  2 16 15.0  1 43  8.5234   7 58 24.331  0.000  0.447  0.013 -0.15
 3 1999 01 16  1 29 55.9  1 44  5.8472   8  7  0.772  0.000  0.435 -0.010 -0.06
 3 1999 01 17  1 26  8.5  1 44  7.7819   8  8 12.584  0.000  0.434 -0.017 -0.45
 3 1999 01 17  1 27 39.2  1 44  7.8041   8  8 12.757  0.000  0.434  0.002 -0.30
 4 1998 09  8 10 26  0.5  2  7 33.0080  10  2 56.574  0.000  0.435 -0.025  0.05
 4 1998 09 13 10  4 14.5  2  6 44.6822   9 57 14.734  0.000  0.439 -0.015  0.21
 4 1998 09 15  9 56 31.6  2  6 16.8144   9 54 50.510  0.000  0.441  0.005  0.24
 4 1998 09 16  9 51 34.3  2  6 12.0885   9 53 50.458  0.000  0.442 -0.018 -0.05
 4 1998 09 17  9 47 46.2  2  5 53.3417   9 52 49.127  0.000  0.443 -0.012 -0.21
 4 1998 09 20  9 35  2.2  2  5 15.2212   9 48 49.878  0.000  0.445  0.005  0.21
 4 1998 09 24  9 18 29.8  2  4 29.5807   9 43  9.102  0.000  0.449 -0.030 -0.11
 4 1998 09 24  9 20  1.0  2  4 29.5849   9 43  9.124  0.000  0.449 -0.015 -0.04
 4 1998 09 26  9 10  8.3  2  3 55.1618   9 40 13.489  0.000  0.450 -0.010 -0.08
 4 1998 09 27  9  5 57.9  2  3 47.1263   9 39  0.805  0.000  0.451 -0.023 -0.02
 4 1998 09 27  9  7 29.6  2  3 47.0899   9 39  1.111  0.000  0.451 -0.042  0.34
 4 1998 09 28  9  1 48.8  2  3 25.0545   9 37 43.997  0.000  0.452 -0.020 -0.09
 4 1998 09 30  8 53 26.8  2  3  1.0748   9 34 42.351  0.000  0.454 -0.014 -0.19
 4 1998 09 30  8 54 58.6  2  3  1.0567   9 34 42.333  0.000  0.454 -0.009 -0.15
 4 1998 10  1  8 49 15.5  2  2 38.2285   9 33  4.689  0.000  0.454 -0.010 -0.22
 4 1998 10  4  8 36 38.7  2  1 50.8943   9 28 16.531  0.000  0.457  0.008 -0.09
 4 1998 10  4  8 38 10.3  2  1 50.9056   9 28 16.732  0.000  0.457  0.032  0.25
 4 1998 10  5  8 32 28.1  2  1 42.2986   9 26 40.607  0.000  0.457  0.023  0.00
 4 1998 10 11  8  7 10.2  2  0  0.1946   9 17 20.046  0.000  0.462 -0.019 -0.07
 4 1998 10 12  8  2 58.5  1 59 35.5502   9 15 33.610  0.000  0.462 -0.014 -0.19
 4 1998 10 13  7 58 45.2  1 59 24.7680   9 13 38.194  0.000  0.463 -0.019  0.05
 4 1998 10 15  7 50 18.2  1 58 43.2373   9 10 26.740  0.000  0.464  0.003 -0.68
 4 1998 10 15  7 51 49.2  1 58 43.2110   9 10 27.418  0.000  0.464 -0.009  0.14
 4 1998 10 16  7 46  3.0  1 58 33.1104   9  8 47.958  0.000  0.465 -0.008 -0.09
 4 1998 10 19  7 34 53.1  1 57 39.3452   9  3 58.849  0.000  0.466 -0.013  0.03
 4 1998 10 23  7 16 27.2  1 56 18.5272   8 57 20.357  0.000  0.468 -0.001  0.02
 4 1998 10 24  7 12 13.2  1 56  7.3090   8 55 25.650  0.000  0.469  0.003 -0.39
 4 1998 11  2  6 35 38.1  1 53 24.9770   8 41 22.151  0.000  0.472  0.002  0.28
 4 1998 11  6  6 17 14.7  1 52  8.7192   8 34 54.322  0.000  0.473 -0.001 -0.17
 4 1998 11  6  6 18 45.5  1 52  8.7070   8 34 54.777  0.000  0.473 -0.000  0.41
 4 1998 11 11  5 56 10.6  1 50 43.6381   8 27 54.733  0.000  0.474 -0.012 -0.41
 4 1998 11 11  5 57 41.4  1 50 43.6248   8 27 55.078  0.000  0.474 -0.002  0.06
 4 1998 11 14  5 43 34.2  1 49 54.2779   8 23 39.337  0.000  0.474 -0.021  0.18
 4 1998 11 14  5 45  4.9  1 49 54.2703   8 23 39.332  0.000  0.474 -0.012  0.30
 4 1998 11 15  5 39 20.8  1 49 45.6117   8 22  7.515  0.000  0.474 -0.010 -0.00
 4 1998 11 15  5 40 52.2  1 49 45.6131   8 22  7.379  0.000  0.474  0.002 -0.08
 4 1998 11 17  5 30 59.5  1 49  8.1537   8 19 35.609  0.000  0.473 -0.007 -0.34
 4 1998 11 18  5 26 48.3  1 49  0.2639   8 18 25.098  0.000  0.473 -0.021 -0.21
 4 1998 11 18  5 28 19.2  1 49  0.2606   8 18 25.285  0.000  0.473 -0.009  0.02
 4 1998 11 21  5 14 15.0  1 48 15.6968   8 14 58.674  0.000  0.473 -0.004 -0.08
 4 1998 11 22  5 10  6.4  1 47 53.8714   8 13 53.695  0.000  0.473  0.001  0.22
 4 1998 11 22  5 11 37.2  1 47 53.8509   8 13 53.514  0.000  0.473 -0.000  0.14
 4 1998 11 25  4 57 37.6  1 47 12.4493   8 10 30.164  0.000  0.472  0.001 -0.00
 4 1998 11 25  4 59  8.4  1 47 12.4230   8 10 30.244  0.000  0.472 -0.012  0.18
 4 1998 11 26  4 54 58.8  1 47  6.5740   8  9 18.768  0.000  0.472 -0.015  0.16
 4 1998 12  3  4 24 32.9  1 45 36.4382   8  3 24.591  0.000  0.470 -0.000  0.10
 4 1998 12  3  4 26  4.1  1 45 36.4054   8  3 24.770  0.000  0.470 -0.018  0.36
 4 1998 12 10  3 55 56.5  1 44 37.6412   7 58 46.374  0.000  0.466 -0.008  0.23
 4 1998 12 10  3 57 27.2  1 44 37.6264   7 58 46.219  0.000  0.466 -0.014  0.07
 4 1998 12 13  3 43 44.2  1 44 13.9709   7 57 33.145  0.000  0.464 -0.023 -0.06
 4 1998 12 17  3 29  6.4  1 43 41.2014   7 56  9.153  0.000  0.462  0.003  0.02
 4 1998 12 18  3 23 33.9  1 43 43.0540   7 55 48.751  0.000  0.461 -0.003 -0.04
 4 1998 12 18  3 25  5.1  1 43 43.0502   7 55 48.939  0.000  0.461 -0.007  0.13
 4 1998 12 22  3  7 32.9  1 43 19.7184   7 55 42.369  0.000  0.458  0.008 -0.08
 4 1998 12 24  2 59 34.8  1 43 19.3843   7 55 37.287  0.000  0.457 -0.000 -0.17
 4 1999 01  1  2 28  0.6  1 43 11.5422   7 57  9.788  0.000  0.450 -0.011  0.12
 4 1999 01  1  2 29 31.2  1 43 11.5338   7 57  9.779  0.000  0.450 -0.019  0.05
 4 1999 01  2  2 24  3.9  1 43  5.7674   7 57 45.613  0.000  0.449  0.003  0.09
 4 1999 01  4  2 16 15.0  1 43 14.4981   7 58 34.828  0.000  0.447 -0.003 -0.14
 4 1999 01  8  2  0 43.5  1 43 18.4951   8  0 40.949  0.000  0.443  0.020  0.22
 4 1999 01  8  2  2 15.9  1 43 18.4662   8  0 40.593  0.000  0.443 -0.016 -0.14
 4 1999 01  9  1 56 51.4  1 43 29.2240   8  1 15.595  0.000  0.442 -0.007 -0.46
 4 1999 01  9  1 58 22.0  1 43 29.2302   8  1 16.228  0.000  0.442 -0.009  0.10
 4 1999 01 12  1 45 15.6  1 43 43.3101   8  3 37.708  0.000  0.439 -0.005 -0.00
 4 1999 01 13  1 41 25.0  1 43 42.0944   8  4 38.135  0.000  0.438 -0.003 -0.03
 4 1999 01 16  1 29 55.9  1 43 59.7035   8  7 12.721  0.000  0.435 -0.005  0.02
 5 1998 08 19 11 44 59.0  2  9  5.6845  10 16 55.660  0.000  0.417 -0.009 -0.14
 5 1998 09  8 10 26  0.5  2  7 34.0235  10  2 31.282  0.000  0.435 -0.019  0.09
 5 1998 09 13 10  4 14.5  2  6 46.8745   9 57 21.940  0.000  0.439 -0.014  0.21
 5 1998 09 15  9 56 31.6  2  6 14.0188   9 55 14.374  0.000  0.441  0.002  0.17
 5 1998 09 16  9 51 34.3  2  6  4.7763   9 53 30.876  0.000  0.442  0.004 -0.14
 5 1998 09 17  9 47 46.2  2  6  0.4203   9 52 18.128  0.000  0.443 -0.014 -0.14
 5 1998 09 18  9 43 18.8  2  5 48.9611   9 51 33.684  0.000  0.444 -0.006  0.05
 5 1998 09 19  9 39 49.7  2  5 29.4398   9 50 26.292  0.000  0.444 -0.014 -0.08
 5 1998 09 20  9 35  2.2  2  5 13.6644   9 48 40.699  0.000  0.445  0.004  0.23
 5 1998 09 24  9 18 29.8  2  4 20.6663   9 43 30.217  0.000  0.449 -0.027 -0.42
 5 1998 09 24  9 20  1.0  2  4 20.6609   9 43 30.422  0.000  0.449 -0.013 -0.10
 5 1998 09 25  9 14 20.0  2  4  8.2350   9 41 34.500  0.000  0.449 -0.020 -0.32
 5 1998 09 26  9 10  8.3  2  4  1.4139   9 40  7.824  0.000  0.450 -0.016  0.03
 5 1998 09 27  9  5 57.9  2  3 47.9695   9 39 11.097  0.000  0.451 -0.019 -0.08
 5 1998 09 28  9  1 48.8  2  3 26.0724   9 37 54.871  0.000  0.452 -0.040 -0.28
 5 1998 09 29  8 59  8.0  2  3  7.3511   9 35 59.705  0.000  0.453 -0.011 -0.03
 5 1998 10  1  8 49 15.5  2  2 48.1570   9 32 55.166  0.000  0.454 -0.010  0.07
 5 1998 10  4  8 36 38.7  2  1 50.7483   9 28  6.037  0.000  0.457 -0.001  0.03
 5 1998 10  4  8 38 10.3  2  1 50.7359   9 28  5.889  0.000  0.457 -0.002  0.00
 5 1998 10  5  8 32 28.1  2  1 41.9718   9 26 28.027  0.000  0.457 -0.014 -0.17
 5 1998 10 10  8 11 23.3  2  0 20.0935   9 18 39.232  0.000  0.461 -0.019  0.00
 5 1998 10 11  8  7 10.2  1 59 59.6657   9 17 30.096  0.000  0.462 -0.028 -0.19
 5 1998 10 12  8  2 58.5  1 59 34.9747   9 15 46.475  0.000  0.462 -0.016 -0.20
 5 1998 10 13  7 58 45.2  1 59 17.9924   9 13 36.995  0.000  0.463 -0.007 -0.25
 5 1998 10 14  7 54 31.7  1 59  7.8793   9 11 52.454  0.000  0.463 -0.019 -0.04
 5 1998 10 14  7 56  2.7  1 59  7.8727   9 11 52.405  0.000  0.463 -0.014 -0.00
 5 1998 10 15  7 51 49.2  1 58 52.3562   9 10 41.719  0.000  0.464 -0.017 -0.10
 5 1998 10 17  7 41 50.8  1 58  5.3331   9  7 16.609  0.000  0.465  0.001 -0.06
 5 1998 10 17  7 43 21.8  1 58  5.3041   9  7 16.282  0.000  0.465 -0.009 -0.24
 5 1998 10 19  7 34 53.1  1 57 40.8272   9  3 46.457  0.000  0.466 -0.005 -0.11
 5 1998 10 23  7 16 27.2  1 56 25.6278   8 56 57.009  0.000  0.468 -0.003  0.06
 5 1998 10 28  6 55 15.7  1 54 57.4263   8 48 56.482  0.000  0.470 -0.012 -0.02
 5 1998 10 28  6 56 47.1  1 54 57.4100   8 48 56.405  0.000  0.470 -0.012 -0.03
 5 1998 10 29  6 51  1.8  1 54 37.2288   8 47 49.060  0.000  0.471 -0.013 -0.04
 5 1998 10 29  6 52 33.7  1 54 37.1988   8 47 48.898  0.000  0.471 -0.016 -0.13
 5 1998 11  2  6 35 38.1  1 53 28.0134   8 41 14.102  0.000  0.472 -0.005  0.20
 5 1998 11  6  6 17 14.7  1 52 17.3555   8 34 50.201  0.000  0.473 -0.008  0.05
 5 1998 11  6  6 18 45.5  1 52 17.3374   8 34 50.213  0.000  0.473 -0.011  0.13
 5 1998 11 11  5 56 10.6  1 50 53.1068   8 27 47.855  0.000  0.474 -0.020 -0.16
 5 1998 11 11  5 57 41.4  1 50 53.0919   8 27 47.997  0.000  0.474 -0.016  0.04
 5 1998 11 13  5 47 46.1  1 50  8.7910   8 25  6.614  0.000  0.474 -0.029 -0.02
 5 1998 11 13  5 49 16.9  1 50  8.7905   8 25  6.506  0.000  0.474 -0.010 -0.01
 5 1998 11 14  5 43 34.2  1 49 56.3064   8 23 19.165  0.000  0.474 -0.029  0.22
 5 1998 11 14  5 45  4.9  1 49 56.3122   8 23 19.046  0.000  0.474 -0.014  0.20
 5 1998 11 15  5 39 20.8  1 49 47.5267   8 22  5.633  0.000  0.474 -0.013 -0.06
 5 1998 11 15  5 40 52.2  1 49 47.5204   8 22  5.760  0.000  0.474 -0.007  0.13
 5 1998 11 16  5 35 10.8  1 49 30.7995   8 21 16.550  0.000  0.474 -0.022  0.22
 5 1998 11 17  5 30 59.5  1 49  7.8797   8 20  3.535  0.000  0.474 -0.005 -0.31
 5 1998 11 18  5 26 48.3  1 48 50.9220   8 18 21.331  0.000  0.473 -0.025 -0.21
 5 1998 11 18  5 28 19.2  1 48 50.9348   8 18 21.461  0.000  0.473  0.000  0.03
 5 1998 11 22  5 10  6.4  1 47 52.0254   8 13 53.465  0.000  0.473 -0.008 -0.08
 5 1998 11 22  5 11 37.2  1 47 52.0126   8 13 53.635  0.000  0.473 -0.003  0.19
 5 1998 11 23  5  5 55.0  1 47 41.1345   8 12 20.015  0.000  0.473 -0.005  0.08
 5 1998 11 23  5  7 26.3  1 47 41.1264   8 12 19.858  0.000  0.473 -0.006  0.01
 5 1998 11 25  4 57 37.6  1 47 20.7555   8 10 44.328  0.000  0.472 -0.010  0.09
 5 1998 11 25  4 59  8.4  1 47 20.7260   8 10 44.134  0.000  0.472 -0.019 -0.06
 5 1998 11 26  4 53 27.2  1 47  0.2887   8  9 49.389  0.000  0.472 -0.007 -0.07
 5 1998 11 26  4 54 58.8  1 47  0.2603   8  9 49.431  0.000  0.472 -0.014  0.05
 5 1998 12  3  4 24 32.9  1 45 44.5810   8  3  1.525  0.000  0.469 -0.015 -0.00
 5 1998 12  3  4 26  4.1  1 45 44.5835   8  3  1.848  0.000  0.469 -0.007  0.35
 5 1998 12  5  4 16 20.3  1 45 16.7210   8  2  9.462  0.000  0.469 -0.014 -0.22
 5 1998 12  5  4 17 51.5  1 45 16.6845   8  2  9.561  0.000  0.469 -0.032 -0.06
 5 1998 12 10  3 55 56.5  1 44 28.4063   7 58 59.595  0.000  0.466 -0.007  0.01
 5 1998 12 10  3 57 27.2  1 44 28.3874   7 58 59.205  0.000  0.466 -0.013 -0.32
 5 1998 12 11  3 51 52.5  1 44 22.2497   7 58  3.094  0.000  0.465 -0.036 -0.09
 5 1998 12 11  3 53 23.2  1 44 22.2684   7 58  3.364  0.000  0.465 -0.015  0.23
 5 1998 12 12  3 47 48.9  1 44 21.7752   7 57 35.398  0.000  0.465 -0.024  0.01
 5 1998 12 13  3 43 44.2  1 44 15.1375   7 57 37.125  0.000  0.464 -0.023  0.01
 5 1998 12 14  3 39 42.9  1 44  1.2521   7 57 24.833  0.000  0.464 -0.035 -0.12
 5 1998 12 15  3 35 40.4  1 43 51.5268   7 56 42.256  0.000  0.463  0.005  0.16
 5 1998 12 17  3 29  6.4  1 43 50.6116   7 56  6.161  0.000  0.462 -0.030  0.00
 5 1998 12 22  3  7 32.9  1 43 27.1442   7 55 38.366  0.000  0.458 -0.001 -0.14
 5 1998 12 24  2 59 34.8  1 43 10.5666   7 55 30.146  0.000  0.457  0.002 -0.09
 5 1998 12 26  2 51 38.3  1 43 16.8448   7 55 34.439  0.000  0.455 -0.007 -0.07
 5 1998 12 27  2 47 40.7  1 43 11.9376   7 56  7.650  0.000  0.454 -0.001 -0.45
 5 1998 12 27  2 49 12.0  1 43 11.8833   7 56  8.243  0.000  0.454 -0.046  0.12
 5 1999 01  2  2 24  3.9  1 43  3.0036   7 57 35.213  0.000  0.449  0.000  0.15
 5 1999 01  2  2 25 35.6  1 43  2.9992   7 57 34.950  0.000  0.449 -0.005 -0.11
 5 1999 01  4  2 16 15.0  1 43 16.5352   7 58 19.591  0.000  0.447 -0.003 -0.06
 5 1999 01  7  2  4 36.2  1 43 14.7059   7 59 55.053  0.000  0.444  0.003  0.01
 5 1999 01  8  2  0 43.5  1 43 24.8504   8  0 25.573  0.000  0.443  0.005 -0.03
 5 1999 01  8  2  2 15.9  1 43 24.8320   8  0 25.616  0.000  0.443 -0.023 -0.04
 5 1999 01  9  1 56 51.4  1 43 30.8900   8  1 28.531  0.000  0.442 -0.004 -0.37
 5 1999 01  9  1 58 22.0  1 43 30.8809   8  1 28.834  0.000  0.442 -0.014 -0.14
 5 1999 01 11  1 49  8.1  1 43 29.1618   8  2 53.593  0.000  0.440  0.019 -0.20
 5 1999 01 11  1 50 38.8  1 43 29.1340   8  2 53.598  0.000  0.440 -0.014 -0.21
 5 1999 01 13  1 41 25.0  1 43 49.8102   8  4 17.540  0.000  0.438 -0.013  0.01
 5 1999 01 14  1 37 36.5  1 43 53.5740   8  5 34.168  0.000  0.437  0.023 -0.30
 5 1999 01 16  1 29 55.9  1 43 59.1460   8  6 58.636  0.000  0.435 -0.009  0.00
 5 1999 01 17  1 26  8.5  1 44 12.7484   8  7 47.979  0.000  0.434 -0.024  0.11
 5 1999 01 17  1 27 39.2  1 44 12.7754   8  7 47.614  0.000  0.434 -0.011 -0.33
 6 1998 08 26 11 17 12.2  2  9  3.0058  10 13 59.910  0.000  0.423 -0.021 -0.19
 6 1998 08 27 11 13 38.8  2  8 54.8554  10 13 35.773  0.000  0.424 -0.001  0.46
 6 1998 09  7 10 29 45.5  2  7 48.0577  10  3  8.499  0.000  0.434 -0.018  0.07
 6 1998 09  8 10 26  0.5  2  7 42.2221  10  2 26.115  0.000  0.435 -0.023  0.08
 6 1998 09 14 10  0 27.5  2  6 26.0537   9 57  7.683  0.000  0.440  0.006 -0.05
 6 1998 09 15  9 56 31.6  2  6 10.5208   9 55 46.080  0.000  0.441 -0.002  0.14
 6 1998 09 16  9 51 34.3  2  5 56.0359   9 54 16.018  0.000  0.442 -0.013 -0.04
 6 1998 09 19  9 39 49.7  2  5 22.7346   9 49 26.917  0.000  0.444 -0.014  0.06
 6 1998 09 20  9 35  2.2  2  5 14.6388   9 47 55.717  0.000  0.445  0.002  0.18
 6 1998 09 24  9 18 29.8  2  4 38.7903   9 42 56.375  0.000  0.449 -0.033 -0.35
 6 1998 09 25  9 14 20.0  2  4 25.6691   9 41 52.152  0.000  0.449 -0.029 -0.31
 6 1998 09 27  9  7 29.6  2  3 52.8450   9 39 38.199  0.000  0.451 -0.034  0.40
 6 1998 09 28  9  1 48.8  2  3 33.7820   9 38 22.218  0.000  0.452 -0.028  0.04
 6 1998 09 29  8 59  8.0  2  3 13.6288   9 36 58.036  0.000  0.453 -0.020 -0.12
 6 1998 09 30  8 53 26.8  2  2 53.2099   9 35 25.196  0.000  0.454 -0.010  0.00
 6 1998 10  1  8 49 15.5  2  2 33.2449   9 33 43.298  0.000  0.454 -0.004  0.02
 6 1998 10  4  8 38 10.3  2  1 42.4578   9 28  4.453  0.000  0.457 -0.002 -0.06
 6 1998 10  5  8 32 28.1  2  1 29.3026   9 26 11.551  0.000  0.457 -0.007 -0.10
 6 1998 10 12  8  2 58.5  1 59 52.5478   9 15 51.343  0.000  0.462 -0.026 -0.18
 6 1998 10 13  7 58 45.2  1 59 32.0461   9 14 30.014  0.000  0.463 -0.016 -0.32
 6 1998 10 14  7 54 31.7  1 59 10.0281   9 13  3.272  0.000  0.464 -0.021 -0.19
 6 1998 10 15  7 50 18.2  1 58 47.1492   9 11 28.421  0.000  0.464 -0.009 -0.74
 6 1998 10 17  7 41 50.8  1 58  1.8048   9  7 56.338  0.000  0.465 -0.001  0.10
 6 1998 10 18  7 37 37.0  1 57 40.8832   9  5 59.437  0.000  0.466  0.013 -0.03
 6 1998 10 19  7 34 53.1  1 57 21.8505   9  3 58.777  0.000  0.466 -0.002 -0.07
 6 1998 10 23  7 16 27.2  1 56 23.9969   8 56 26.037  0.000  0.468 -0.010 -0.04
 6 1998 10 28  6 56 47.1  1 55  4.6417   8 49 27.976  0.000  0.471 -0.014 -0.18
 6 1998 10 29  6 52 33.7  1 54 43.4610   8 48  8.110  0.000  0.471 -0.012 -0.05
 6 1998 11  2  6 35 38.1  1 53 12.6499   8 41 49.538  0.000  0.472  0.001  0.26
 6 1998 11  6  6 17 14.7  1 52  3.5192   8 34 27.219  0.000  0.473  0.006  0.42
 6 1998 11 11  5 56 10.6  1 51  0.6341   8 27 28.293  0.000  0.473 -0.020 -0.11
 6 1998 11 13  5 47 46.1  1 50 26.9609   8 25 20.727  0.000  0.474 -0.030  0.10
 6 1998 11 13  5 49 16.9  1 50 26.9537   8 25 20.516  0.000  0.474 -0.018 -0.05
 6 1998 11 14  5 43 34.2  1 50  7.6817   8 24 15.932  0.000  0.474 -0.018  0.27
 6 1998 11 15  5 40 52.2  1 49 47.2759   8 23  6.803  0.000  0.474 -0.010 -0.01
 6 1998 11 16  5 35 10.8  1 49 26.4404   8 21 53.055  0.000  0.474 -0.016  0.31
 6 1998 11 17  5 30 59.5  1 49  5.8970   8 20 32.376  0.000  0.474 -0.002 -0.22
 6 1998 11 18  5 26 48.3  1 48 46.3905   8 19  6.598  0.000  0.474 -0.024 -0.21
 6 1998 11 22  5 10  6.4  1 47 49.3324   8 13 10.486  0.000  0.473 -0.005 -0.00
 6 1998 11 23  5  7 26.3  1 47 40.1202   8 11 53.048  0.000  0.472 -0.000  0.02
 6 1998 11 25  4 57 37.6  1 47 23.3756   8  9 46.622  0.000  0.472 -0.018  0.05
 6 1998 11 26  4 54 58.8  1 47 14.2123   8  8 56.846  0.000  0.472 -0.022  0.07
 6 1998 11 27  4 49 19.9  1 47  3.7509   8  8 14.571  0.000  0.472 -0.017  0.69
 6 1998 12  3  4 26  4.1  1 45 34.5916   8  4  3.577  0.000  0.470 -0.011  0.22
 6 1998 12  5  4 16 20.3  1 45  7.1321   8  2  9.282  0.000  0.469 -0.013 -0.10
 6 1998 12  5  4 17 51.5  1 45  7.1193   8  2  9.138  0.000  0.469 -0.013 -0.18
 6 1998 12 10  3 55 56.5  1 44 35.5365   7 58  1.620  0.000  0.466 -0.024  0.09
 6 1998 12 11  3 51 52.5  1 44 32.3353   7 57 36.674  0.000  0.465 -0.050  0.03
 6 1998 12 11  3 53 23.2  1 44 32.3540   7 57 36.616  0.000  0.465 -0.028 -0.01
 6 1998 12 12  3 47 48.9  1 44 28.4932   7 57 20.670  0.000  0.465 -0.022  0.08
 6 1998 12 14  3 39 42.9  1 44 16.8059   7 57  7.200  0.000  0.464 -0.016  0.19
 6 1998 12 15  3 35 40.4  1 44  8.7132   7 57  4.514  0.000  0.463 -0.013  0.04
 6 1998 12 16  3 33  8.0  1 43 59.3440   7 57  1.314  0.000  0.463 -0.022 -0.12
 6 1998 12 17  3 29  6.4  1 43 49.1935   7 56 55.974  0.000  0.462 -0.025  0.12
 6 1998 12 18  3 25  5.1  1 43 38.8784   7 56 46.230  0.000  0.461 -0.016 -0.05
 6 1998 12 22  3  7 32.9  1 43  9.7526   7 55 30.661  0.000  0.458  0.005 -0.11
 6 1998 12 23  3  3 35.2  1 43  7.9527   7 55 11.666  0.000  0.457 -0.002  0.16
 6 1998 12 27  2 49 12.0  1 43 16.5064   7 55  9.128  0.000  0.454 -0.065  0.22
 6 1999 01  1  2 28  0.6  1 43 15.8554   7 57 44.637  0.000  0.450 -0.014  0.01
 6 1999 01  2  2 24  3.9  1 43 12.4118   7 58 17.666  0.000  0.449 -0.000  0.16
 6 1999 01  2  2 25 35.6  1 43 12.3954   7 58 17.584  0.000  0.449 -0.012  0.05
 6 1999 01  3  2 21 40.5  1 43  8.8177   7 58 46.657  0.000  0.448 -0.002  0.07
 6 1999 01  7  2  4 36.2  1 43  6.5785   8  0  6.892  0.000  0.444 -0.001  0.08
 6 1999 01  8  2  0 43.5  1 43 11.4164   8  0 26.513  0.000  0.443  0.011  0.01
 6 1999 01  9  1 58 22.0  1 43 18.3999   8  0 51.390  0.000  0.442 -0.013 -0.15
 6 1999 01 11  1 49  8.1  1 43 36.5286   8  2  6.192  0.000  0.440  0.001 -0.07
 6 1999 01 12  1 45 15.6  1 43 46.1025   8  2 57.679  0.000  0.439 -0.004  0.02
 6 1999 01 14  1 37 36.5  1 44  2.9298   8  5  3.717  0.000  0.437  0.013 -0.46
 6 1999 01 16  1 31 37.8  1 44 14.4950   8  7 28.062  0.000  0.435 -0.019 -0.07
 6 1999 01 17  1 26  8.5  1 44 18.4658   8  8 40.358  0.000  0.434 -0.020 -0.07
 7 1998 10  4  8 36 38.7  2  1 39.3956   9 28 50.408  0.000  0.457  0.037 -0.23
 7 1998 10 10  8 11 23.3  2  0 15.6461   9 17 49.166  0.000  0.461  0.056  0.02
 7 1998 10 11  8  7 10.2  2  0  3.6672   9 16 15.806  0.000  0.461  0.007 -0.03
 7 1998 10 14  7 56  2.7  1 59 21.0538   9 12  4.006  0.000  0.463  0.012 -0.33
 7 1998 10 16  7 46  3.0  1 58 45.2710   9  9 22.475  0.000  0.465  0.031 -0.39
 7 1998 10 17  7 43 21.8  1 58 25.3759   9  7 58.791  0.000  0.465  0.038 -0.54
 7 1998 10 18  7 39  7.9  1 58  4.4798   9  6 32.539  0.000  0.466  0.049 -0.27
 7 1998 10 28  6 55 15.7  1 54 37.9909   8 48 45.043  0.000  0.470  0.003  0.30
 7 1998 11  2  6 34  6.8  1 53 31.9283   8 40 24.573  0.000  0.472 -0.003 -0.09
 7 1998 11 14  5 45  4.9  1 49 47.0089   8 24 31.048  0.000  0.474 -0.039  0.46
 7 1998 11 15  5 39 20.8  1 49 28.4656   8 22 57.331  0.000  0.474 -0.021  0.04
 7 1998 11 18  5 28 19.2  1 48 41.4422   8 18 14.533  0.000  0.473 -0.093  0.60
 7 1998 11 23  5  5 55.0  1 47 51.4477   8 11 51.390  0.000  0.472 -0.159 -0.34
 7 1998 11 25  4 59  8.4  1 47 31.3334   8 10  9.876  0.000  0.472 -0.106 -0.16
 7 1998 12  3  4 24 32.9  1 45 37.8603   8  4 22.664  0.000  0.470  0.043 -0.39
 7 1998 12 10  3 57 27.2  1 44 21.0913   7 58 22.804  0.000  0.466  0.056 -0.56
 7 1998 12 13  3 43 44.2  1 44 11.6342   7 56 36.471  0.000  0.464  0.082  0.22
 7 1998 12 16  3 31 36.8  1 44  4.5573   7 56  1.124  0.000  0.462  0.034 -0.26
 7 1998 12 27  2 47 40.7  1 42 58.1683   7 56 34.252  0.000  0.454  0.037  0.27
 7 1999 01  1  2 29 31.2  1 42 57.7394   7 56 37.528  0.000  0.450  0.015  0.21
 7 1999 01  9  1 56 51.4  1 43 40.8500   8  1 40.380  0.000  0.442 -0.039 -0.23
 7 1999 01  9  1 58 22.0  1 43 40.8751   8  1 39.620  0.000  0.442 -0.017 -1.05
 7 1999 01 10  1 52 58.0  1 43 43.5273   8  2 37.347  0.000  0.442 -0.036 -0.05
 7 1999 01 11  1 50 38.8  1 43 45.6609   8  3 34.421  0.000  0.441 -0.060 -0.02
 7 1999 01 13  1 41 25.0  1 43 49.2632   8  5 26.408  0.000  0.439 -0.076  0.10
 7 1999 01 16  1 29 55.9  1 43 56.4338   8  8  4.466  0.000  0.436 -0.066  0.39
 7 1999 01 17  1 27 39.2  1 44  0.2649   8  8 53.787  0.000  0.435 -0.059  0.05
 8 1998 08 19 11 44 59.0  2  9 47.3165  10 18 42.525  0.000  0.417 -0.018 -0.40
 8 1998 08 20 11 42 57.1  2  9 46.4028  10 18 31.914  0.000  0.418 -0.006  0.20
 8 1998 08 26 11 17 12.2  2  9 27.7879  10 16 24.377  0.000  0.423 -0.012 -0.24
 8 1998 09  8 10 26  0.5  2  7 36.9255  10  5 37.624  0.000  0.435  0.002  0.23
 8 1998 09 13 10  4 14.5  2  6 33.8871   9 59 20.951  0.000  0.440  0.013  0.24
 8 1998 09 14 10  0 27.5  2  6 20.2937   9 57 58.120  0.000  0.441  0.026  0.09
 8 1998 09 15  9 56 31.6  2  6  6.4037   9 56 33.441  0.000  0.442  0.019  0.30
 8 1998 09 16  9 51 34.3  2  5 52.2633   9 55  6.353  0.000  0.443  0.006  0.15
 8 1998 09 17  9 47 46.2  2  5 37.8938   9 53 37.330  0.000  0.443  0.007  0.11
 8 1998 09 18  9 43 18.8  2  5 23.3349   9 52  6.596  0.000  0.444  0.022  0.18
 8 1998 09 19  9 39 49.7  2  5  8.5508   9 50 33.990  0.000  0.445  0.009  0.18
 8 1998 09 20  9 35  2.2  2  4 53.6446   9 49  0.023  0.000  0.446  0.023  0.33
 8 1998 09 24  9 18 29.8  2  3 52.7080   9 42 29.716  0.000  0.450  0.003 -0.06
 8 1998 09 24  9 20  1.0  2  3 52.6890   9 42 29.749  0.000  0.450  0.001  0.08
 8 1998 09 25  9 14 20.0  2  3 37.2779   9 40 49.650  0.000  0.450  0.002 -0.05
 8 1998 09 26  9 10  8.3  2  3 21.8088   9 39  8.946  0.000  0.451  0.003  0.07
 8 1998 09 27  9  5 57.9  2  3  6.3095   9 37 27.503  0.000  0.452 -0.000  0.07
 8 1998 09 27  9  7 29.6  2  3  6.2635   9 37 27.639  0.000  0.452 -0.030  0.32
 8 1998 09 28  9  1 48.8  2  2 50.8052   9 35 45.502  0.000  0.453  0.001 -0.02
 8 1998 09 29  8 57 36.4  2  2 35.3046   9 34  3.335  0.000  0.454 -0.001  0.05
 8 1998 09 29  8 59  8.0  2  2 35.2901   9 34  3.220  0.000  0.454  0.001  0.05
 8 1998 09 30  8 53 26.8  2  2 19.8191   9 32 20.767  0.000  0.454 -0.006 -0.08
 8 1998 09 30  8 54 58.6  2  2 19.8115   9 32 20.819  0.000  0.454  0.004  0.08
 8 1998 10  1  8 49 15.5  2  2  4.3782   9 30 38.286  0.000  0.455  0.003 -0.06
 8 1998 10  4  8 36 38.7  2  1 18.2983   9 25 31.716  0.000  0.457 -0.004 -0.07
 8 1998 10  4  8 38 10.3  2  1 18.2914   9 25 31.669  0.000  0.457  0.005 -0.01
 8 1998 10  5  8 32 28.1  2  1  3.0399   9 23 50.089  0.000  0.458 -0.018 -0.20
 8 1998 10 10  8 11 23.3  1 59 47.7240   9 15 32.325  0.000  0.461 -0.022 -0.11
 8 1998 10 11  8  7 10.2  1 59 32.8167   9 13 55.263  0.000  0.462 -0.029 -0.05
 8 1998 10 12  8  2 58.5  1 59 17.9595   9 12 18.831  0.000  0.462 -0.026 -0.32
 8 1998 10 13  7 58 45.2  1 59  3.1217   9 10 43.637  0.000  0.463 -0.036 -0.33
 8 1998 10 14  7 54 31.7  1 58 48.3255   9  9  9.513  0.000  0.463 -0.028 -0.29
 8 1998 10 14  7 56  2.7  1 58 48.3118   9  9  9.602  0.000  0.463 -0.025 -0.11
 8 1998 10 15  7 50 18.2  1 58 33.5333   9  7 36.200  0.000  0.464 -0.029 -0.48
 8 1998 10 15  7 51 49.2  1 58 33.5197   9  7 36.372  0.000  0.464 -0.026 -0.21
 8 1998 10 16  7 46  3.0  1 58 18.7587   9  6  4.514  0.000  0.464 -0.016 -0.09
 8 1998 10 17  7 41 50.8  1 58  3.9655   9  4 33.627  0.000  0.465 -0.014  0.05
 8 1998 10 17  7 43 21.8  1 58  3.9400   9  4 33.324  0.000  0.465 -0.023 -0.16
 8 1998 10 18  7 37 37.0  1 57 49.1658   9  3  3.819  0.000  0.465  0.000  0.22
 8 1998 10 18  7 39  7.9  1 57 49.1301   9  3  3.426  0.000  0.465 -0.019 -0.08
 8 1998 10 19  7 33 21.6  1 57 34.3193   9  1 34.643  0.000  0.466 -0.001 -0.02
 8 1998 10 19  7 34 53.1  1 57 34.2773   9  1 34.306  0.000  0.466 -0.027 -0.26
 8 1998 10 23  7 16 27.2  1 56 34.3733   8 55 48.430  0.000  0.468 -0.018 -0.29
 8 1998 10 24  7 12 13.2  1 56 19.1850   8 54 23.781  0.000  0.468 -0.028 -0.74
 8 1998 10 28  6 55 15.7  1 55 17.3936   8 48 55.154  0.000  0.470 -0.026 -0.27
 8 1998 10 28  6 56 47.1  1 55 17.3741   8 48 55.077  0.000  0.470 -0.028 -0.27
 8 1998 10 29  6 51  1.8  1 55  1.6323   8 47 34.645  0.000  0.470 -0.028 -0.17
 8 1998 10 29  6 52 33.7  1 55  1.6068   8 47 34.202  0.000  0.470 -0.036 -0.52
 8 1998 11  2  6 34  6.8  1 53 57.2169   8 42 16.870  0.000  0.471 -0.034 -0.44
 8 1998 11  3  6 31 25.6  1 53 40.7612   8 40 58.771  0.000  0.471 -0.022 -0.08
 8 1998 11  6  6 18 45.5  1 52 50.6178   8 37  5.334  0.000  0.472 -0.016 -0.06
 8 1998 11 11  5 57 41.4  1 51 24.8151   8 30 40.209  0.000  0.473 -0.008 -0.08
 8 1998 11 13  5 49 16.9  1 50 49.9820   8 28  7.299  0.000  0.473 -0.010 -0.14
 8 1998 11 14  5 45  4.9  1 50 32.5198   8 26 51.237  0.000  0.473 -0.011 -0.06
 8 1998 11 15  5 39 20.8  1 50 15.0821   8 25 35.346  0.000  0.473 -0.001 -0.12
 8 1998 11 15  5 40 52.2  1 50 15.0610   8 25 35.245  0.000  0.473 -0.003 -0.14
 8 1998 11 16  5 35 10.8  1 49 57.6446   8 24 20.085  0.000  0.473  0.014  0.28
 8 1998 11 17  5 30 59.5  1 49 40.2219   8 23  4.098  0.000  0.473  0.007 -0.35
 8 1998 11 18  5 26 48.3  1 49 22.8635   8 21 49.604  0.000  0.473  0.007  0.16
 8 1998 11 18  5 28 19.2  1 49 22.8522   8 21 49.342  0.000  0.473  0.014 -0.02
 8 1998 11 21  5 14 15.0  1 48 31.3853   8 18  7.078  0.000  0.473  0.023  0.02
 8 1998 11 22  5 10  6.4  1 48 14.4887   8 16 54.195  0.000  0.473  0.020  0.17
 8 1998 11 22  5 11 37.2  1 48 14.4677   8 16 54.211  0.000  0.473  0.017  0.26
 8 1998 11 23  5  5 55.0  1 47 57.7697   8 15 41.767  0.000  0.473  0.019  0.10
 8 1998 11 23  5  7 26.3  1 47 57.7668   8 15 41.656  0.000  0.473  0.034  0.06
 8 1998 11 25  4 57 37.6  1 47 24.9569   8 13 19.319  0.000  0.473  0.016  0.04
 8 1998 11 25  4 59  8.4  1 47 24.9317   8 13 19.303  0.000  0.473  0.008  0.10
 8 1998 11 26  4 53 27.2  1 47  8.9157   8 12  9.584  0.000  0.473  0.018  0.17
 8 1998 11 26  4 54 58.8  1 47  8.8943   8 12  9.578  0.000  0.473  0.014  0.23
 8 1998 12  3  4 24 32.9  1 45 25.5708   8  4 34.052  0.000  0.470  0.007  0.03
 8 1998 12  3  4 26  4.1  1 45 25.5631   8  4 34.378  0.000  0.470  0.014  0.42
 8 1998 12  5  4 16 20.3  1 44 59.6218   8  2 37.739  0.000  0.470  0.011  0.00
 8 1998 12  5  4 17 51.5  1 44 59.6170   8  2 37.519  0.000  0.470  0.019 -0.16
 8 1998 12 10  3 55 56.5  1 44  3.3717   7 58 23.286  0.000  0.467 -0.006  0.52
 8 1998 12 10  3 57 27.2  1 44  3.3673   7 58 22.633  0.000  0.467  0.000 -0.09
 8 1998 12 11  3 51 52.5  1 43 53.7404   7 57 38.886  0.000  0.466 -0.017  0.08
 8 1998 12 11  3 53 23.2  1 43 53.7440   7 57 38.886  0.000  0.466 -0.003  0.12
 8 1998 12 12  3 47 48.9  1 43 44.7252   7 56 57.608  0.000  0.466  0.010  0.15
 8 1998 12 13  3 43 44.2  1 43 36.2567   7 56 18.969  0.000  0.465 -0.007  0.15
 8 1998 12 14  3 39 42.9  1 43 28.4106   7 55 43.299  0.000  0.465 -0.004  0.29
 8 1998 12 15  3 35 40.4  1 43 21.1841   7 55 10.359  0.000  0.464  0.007  0.25
 8 1998 12 16  3 31 36.8  1 43 14.5560   7 54 40.080  0.000  0.463 -0.005 -0.14
 8 1998 12 16  3 33  8.0  1 43 14.5310   7 54 40.037  0.000  0.463 -0.023 -0.15
 8 1998 12 17  3 27 35.2  1 43  8.5677   7 54 13.593  0.000  0.462 -0.004  0.16
 8 1998 12 17  3 29  6.4  1 43  8.5469   7 54 13.493  0.000  0.462 -0.018  0.09
 8 1998 12 18  3 23 33.9  1 43  3.2262   7 53 50.002  0.000  0.462  0.012  0.17
 8 1998 12 18  3 25  5.1  1 43  3.1917   7 53 49.607  0.000  0.462 -0.017 -0.21
 8 1998 12 22  3  7 32.9  1 42 48.1667   7 52 48.829  0.000  0.458  0.008  0.01
 8 1998 12 23  3  3 35.2  1 42 45.9864   7 52 42.433  0.000  0.458  0.004  0.21
 8 1998 12 23  3  5  5.8  1 42 45.9522   7 52 42.039  0.000  0.458 -0.028 -0.18
 8 1998 12 24  2 59 34.8  1 42 44.4314   7 52 39.134  0.000  0.457  0.000 -0.05
 8 1998 12 26  2 51 38.3  1 42 43.1646   7 52 43.799  0.000  0.455 -0.010 -0.09
 8 1998 12 27  2 47 40.7  1 42 43.4387   7 52 51.558  0.000  0.454 -0.010 -0.12
 8 1999 01  1  2 28  0.6  1 42 53.2479   7 54 24.729  0.000  0.450 -0.026 -0.06
 8 1999 01  1  2 29 31.2  1 42 53.2402   7 54 24.507  0.000  0.450 -0.037 -0.31
 8 1999 01  2  2 24  3.9  1 42 56.7953   7 54 54.103  0.000  0.449 -0.019  0.05
 8 1999 01  2  2 25 35.6  1 42 56.7871   7 54 54.353  0.000  0.449 -0.031  0.26
 8 1999 01  3  2 20  9.2  1 43  0.8249   7 55 26.642  0.000  0.448 -0.013 -0.13
 8 1999 01  3  2 21 40.5  1 43  0.8365   7 55 26.905  0.000  0.448 -0.005  0.10
 8 1999 01  4  2 16 15.0  1 43  5.3094   7 56  2.668  0.000  0.447 -0.015 -0.20
 8 1999 01  7  2  4 36.2  1 43 21.3580   7 58 10.778  0.000  0.444 -0.023 -0.03
 8 1999 01  8  2  0 43.5  1 43 27.5224   7 58 59.638  0.000  0.443 -0.010 -0.11
 8 1999 01  8  2  2 15.9  1 43 27.5001   7 58 59.642  0.000  0.443 -0.039 -0.16
 8 1999 01  9  1 56 51.4  1 43 34.0365   7 59 51.258  0.000  0.442 -0.015 -0.43
 8 1999 01  9  1 58 22.0  1 43 34.0285   7 59 51.561  0.000  0.442 -0.030 -0.18
 8 1999 01 10  1 52 58.0  1 43 40.9092   8  0 46.148  0.000  0.441 -0.011 -0.39
 8 1999 01 11  1 49  8.1  1 43 48.1231   8  1 44.110  0.000  0.440  0.004 -0.09
 8 1999 01 11  1 50 38.8  1 43 48.0880   8  1 44.035  0.000  0.440 -0.038 -0.22
 8 1999 01 12  1 45 15.6  1 43 55.6140   8  2 44.472  0.000  0.439 -0.017 -0.10
 8 1999 01 13  1 41 25.0  1 44  3.4163   8  3 47.381  0.000  0.438 -0.023 -0.17
 8 1999 01 14  1 37 36.5  1 44 11.5185   8  4 52.711  0.000  0.437 -0.010 -0.34
 8 1999 01 16  1 29 55.9  1 44 28.4548   8  7 10.955  0.000  0.435 -0.031 -0.16
 8 1999 01 16  1 31 37.8  1 44 28.4590   8  7 11.090  0.000  0.435 -0.037 -0.11
 8 1999 01 17  1 26  8.5  1 44 37.2987   8  8 22.806  0.000  0.434 -0.030 -0.68
 8 1999 01 17  1 27 39.2  1 44 37.3015   8  8 23.326  0.000  0.434 -0.036 -0.24