2451457.584703  6   2 57  4.2236  14  8 51.223    8.251
2451460.576139  6   2 56 31.8911  14  4 24.226    8.341
2451467.555883  6   2 54 52.7451  13 57 46.968    8.334
2451493.479338  6   2 46 51.3190  13 19 59.171    7.786
2451507.438036  6   2 42 24.7874  13  2  7.158    8.274
2451525.385868  6   2 38  3.1162  12 44 24.478    8.081
2451529.374506  6   2 37 25.0297  12 43  0.424    8.284
2451535.357143  6   2 36  0.1025  12 40  5.842    8.204
2451547.323687  6   2 35  0.3481  12 37 45.365    8.425
2451550.315211  6   2 34 35.7155  12 37 47.277    8.409
2451559.290781  6   2 34 48.2732  12 38 44.087    8.483
2451560.288083  6   2 34 51.1035  12 39 32.265    8.341
2451563.279896  6   2 34 51.5480  12 42  0.579    8.306
2451570.260954  6   2 35  6.3868  12 45  8.823    8.254
2452178.692633  6   4 55 25.4047  20 45 23.838    8.349
2452182.681903  6   4 55 41.9181  20 45 39.086    8.331
2452193.651102  6   4 54 35.2147  20 42 42.911    8.359
2452198.637284  6   4 54 20.6779  20 41 44.426    8.189
2452209.605589  6   4 51 56.5957  20 37  0.219    8.214
2452213.594265  6   4 51 21.6068  20 35 19.768    8.058
2452214.591404  6   4 51 10.3502  20 35 21.370    8.322
2452216.585605  6   4 50 40.9949  20 35 31.414    8.359
2452224.561895  6   4 47 59.0227  20 30 12.452    7.812
2452246.497117  6   4 41 10.7919  20 17 51.562    8.524
2452254.473053  6   4 37 58.3051  20 14 12.406    8.145
2452260.455494  6   4 36 16.3367  20  9  9.560    8.046
2452291.365173  6   4 28  4.5107  19 57 52.612    8.199
2452983.568395  6   6 49 39.7329  22 15 38.871    7.937
2453037.408362  6   6 31 28.3111  22 38 14.162    8.430
2453039.402572  6   6 30 59.8012  22 37 46.755    8.133
2453062.337456  6   6 27 39.4094  22 45 23.694    8.400
2453366.561040  6   7 48 59.2805  21  4 33.949    8.008
2453368.555064  6   7 48 14.5868  21  7  4.224    7.982
2453422.395705  6   7 31  1.7445  21 50 45.598    8.250
2453436.355855  6   7 28 41.2121  21 58 11.724    8.075
2453442.339288  6   7 28 25.3374  21 58 37.520    8.304
2453444.333825  6   7 28 25.1939  21 59 56.016    8.428
2453447.325513  6   7 28 14.7622  22  1 50.600    8.166
2453766.501977  6   8 40 40.6366  19  4  4.914    7.873
2453771.486899  6   8 38 37.0844  19 10 12.971    8.086
2453780.460644  6   8 36 11.3294  19 21 18.727    8.105
2453791.428175  6   8 32 40.3797  19 32 15.252    7.933
2453794.419632  6   8 32  9.9032  19 35 35.049    8.057
2453807.382059  6   8 29 10.0211  19 45 29.281    8.116
2453811.370920  6   8 28 51.2457  19 48 38.977    8.057
2453820.345352  6   8 27 25.2140  19 52 33.964    8.171
2453821.342573  6   8 27 20.9810  19 52 25.390    8.174
2453826.328979  6   8 27 26.0991  19 53 22.012    8.194
2453827.326268  6   8 27 27.7790  19 53 53.427    8.330
2453829.320800  6   8 27 27.1799  19 54 55.199    8.266
2454126.558857  6   9 42  5.8794  15  6 37.087    8.243
2454146.500187  6   9 36 13.6448  15 40 16.502    8.116
2454170.429569  6   9 28 52.6957  16 15 54.916    8.250
2454171.426635  6   9 28 35.0668  16 16 45.215    8.124
2454172.423728  6   9 28 19.8303  16 17 35.094    8.362
2454174.417996  6   9 27 56.3306  16 19 24.470    8.212
2454188.377832  6   9 25  8.4443  16 32 29.745    8.200
2454196.355600  6   9 24 34.9105  16 37 46.092    8.254
2454197.352787  6   9 24 27.7387  16 38 27.698    8.213
2454199.347115  6   9 24  9.4639  16 39 24.546    8.394
2454202.338612  6   9 23 42.4631  16 39 35.028    8.382
2454206.327593  6   9 23 34.1699  16 39  4.468    8.327
2451457.584825  7   2 57 14.8137  14  7 48.539   14.881
2451460.576308  7   2 56 46.5347  14  4 40.676   14.471
2451467.555893  7   2 54 53.6493  13 58 12.701   14.256
2451493.479168  7   2 46 36.6034  13 22  5.927   13.873
2451507.438306  7   2 42 48.1913  13  3 50.857   14.500
2451510.429416  7   2 41 47.6026  13  1  2.526   14.337
2451525.386005  7   2 38 14.9641  12 45  2.372   14.472
2451529.374519  7   2 37 26.1539  12 43 38.727   14.868
2451535.357170  7   2 36  2.4380  12 40 37.624   14.763
2451547.323800  7   2 35 10.1397  12 36 40.796   14.641
2451550.315472  7   2 34 58.2751  12 37 45.712   14.567
2451559.290479  7   2 34 22.1741  12 39 22.692   15.111
2451560.287769  7   2 34 23.9169  12 39 25.163   14.780
2451563.279772  7   2 34 40.7468  12 40  3.302   14.499
2451570.261254  7   2 35 32.4090  12 46  9.569   14.834
2452182.681754  7   4 55 28.9657  20 44 28.439   13.285
2452193.651310  7   4 54 53.2435  20 45 27.936   14.724
2452198.636970  7   4 53 53.5009  20 42 30.652   14.470
2452209.605936  7   4 52 26.6145  20 38  1.521   14.401
2452211.600157  7   4 51 59.0072  20 38  2.856   14.213
2452213.594306  7   4 51 25.2257  20 37 50.149   14.749
2452214.591358  7   4 51  6.2925  20 37 34.347   14.518
2452228.550452  7   4 47 13.8138  20 27 35.554   14.400
2452254.473416  7   4 38 29.8220  20 14 42.639   14.482
2452260.455331  7   4 36  2.2094  20 11 45.193   14.453
2452291.365284  7   4 28 14.1161  19 57 55.041   14.740
2452937.699242  7   6 57 15.7386  22  4 10.610   15.118
2452938.696480  7   6 57 13.0299  22  4 32.066   14.669
2453023.449755  7   6 36  2.6797  22 33 57.711   14.512
2453037.408560  7   6 31 45.4651  22 36 14.670   14.070
2453043.391362  7   6 30 34.8310  22 40 33.591   14.726
2453062.337473  7   6 27 40.9241  22 44 20.205   15.155
2453075.301384  7   6 26 49.6882  22 46  3.156   15.332
2453352.601655  7   7 52 26.6681  20 50 48.510   14.686
2453360.578678  7   7 50 48.2187  20 58  0.929   14.642
2453368.554875  7   7 47 58.2107  21  6 47.605   14.231
2453422.395969  7   7 31 24.6307  21 50 20.909   14.286
2453436.355806  7   7 28 36.9238  21 57  3.584   14.112
2453442.339273  7   7 28 24.0034  21 58 10.911   14.741
2453444.333812  7   7 28 24.0789  21 59 15.229   14.424
2453447.325578  7   7 28 20.3509  22  1  9.476   14.344
2453760.519459  7   8 42 16.0162  18 53 37.888   14.106
2453761.516547  7   8 42  0.2675  18 54 56.434   13.998
2453766.501993  7   8 40 41.9822  19  2 51.850   13.802
2453769.493117  7   8 39 42.6769  19  8  5.548   13.823
2453771.487108  7   8 38 55.1515  19 11  8.357   14.129
2453776.472071  7   8 36 55.1059  19 16 25.769   14.126
2453777.469103  7   8 36 34.5109  19 17 17.434   14.099
2453780.460300  7   8 35 41.5009  19 20  0.268   14.116
2453791.428397  7   8 32 59.6085  19 34 28.781   14.181
2453801.399131  7   8 30  9.6768  19 41 12.259   14.375
2453807.382243  7   8 29 25.9120  19 45 42.136   14.680
2453808.379437  7   8 29 19.3857  19 46 40.926   14.822
2453809.376623  7   8 29 12.1609  19 47 41.121   14.530
2453811.370955  7   8 28 54.2724  19 49 38.429   14.208
2453820.345302  7   8 27 20.8237  19 52 18.607   14.697
2453821.342523  7   8 27 16.6557  19 52 15.509   14.631
2453829.320773  7   8 27 24.8875  19 53 44.013   14.567
2453832.312619  7   8 27 28.1547  19 55  0.294   14.687
2454126.559064  7   9 42 23.8633  15  6 53.360   14.352
2454127.556174  7   9 42  9.9686  15  8 47.730   14.445
2454128.553266  7   9 41 54.6234  15 10 44.494   13.940
2454168.435572  7   9 29 39.6706  16 12 23.783   14.012
2454169.432712  7   9 29 28.4465  16 13 54.918   14.440
2454170.429843  7   9 29 16.4640  16 15 28.060   14.330
2454171.426961  7   9 29  3.3028  16 17  0.577   14.247
2454174.418214  7   9 28 15.1672  16 21 14.210   14.261
2454196.355528  7   9 24 28.6791  16 38 22.885   14.475
2454202.338540  7   9 23 36.2386  16 39 19.152   14.527
2454206.327522  7   9 23 27.9637  16 38 59.987   14.820
2451457.585161  8   2 57 43.9007  14 12 41.296   11.796
2451460.576385  8   2 56 53.2352  14  9  3.410   11.609
2451467.555762  8   2 54 42.3229  13 59 19.432   11.023
2451493.478921  8   2 46 15.1667  13 17 41.963   10.012
2451507.438196  8   2 42 38.6352  13  1  3.649   11.002
2451510.429522  8   2 41 56.7733  12 58 21.406   11.254
2451525.386270  8   2 38 37.9769  12 48  2.529   12.098
2451529.374771  8   2 37 47.9941  12 45 54.720   12.050
2451535.357576  8   2 36 37.6387  12 43  4.296   11.898
2451547.323532  8   2 34 46.9476  12 38 54.712   11.137
2451550.315129  8   2 34 28.6215  12 38 19.737   10.960
2451559.290269  8   2 34  3.9373  12 38 16.740   10.647
2451560.287542  8   2 34  4.2785  12 38 27.684   10.547
2451563.279408  8   2 34  9.2457  12 39 16.608   10.503
2451570.260693  8   2 34 43.8419  12 42 51.320   10.476
2452178.693007  8   4 55 57.7921  20 49 55.708   11.958
2452182.681945  8   4 55 45.5212  20 49 12.680   11.648
2452193.651025  8   4 54 28.5384  20 44 58.063   10.805
2452198.636790  8   4 53 37.8831  20 42 11.536   10.611
2452209.605260  8   4 51 28.0245  20 35 30.931   10.184
2452211.599508  8   4 51  2.8019  20 34 21.401   10.209
2452213.593752  8   4 50 37.1939  20 33 14.739   10.262
2452214.590872  8   4 50 24.2498  20 32 42.592   10.325
2452216.585110  8   4 49 58.0417  20 31 40.930   10.376
2452224.561994  8   4 48  7.6005  20 28 10.799   10.473
2452228.550380  8   4 47  7.6103  20 26 45.304   10.982
2452246.497453  8   4 41 39.8478  20 20 51.990   12.048
2452254.473592  8   4 38 45.0357  20 17 15.572   11.840
2452260.455635  8   4 36 28.5990  20 13 52.184   11.332
2452291.364764  8   4 27 29.0822  19 56  9.321   10.282
2452316.295913  8   4 26 38.2675  20  1 42.163   11.891
2452937.698747  8   6 56 32.8651  22  1 20.652   10.737
2452938.696045  8   6 56 35.3415  22  1 21.227   10.804
2452979.580279  8   6 51  3.1483  22 15 26.297   11.550
2452983.568394  8   6 49 39.6043  22 16 58.666   11.032
2453037.408932  8   6 32 17.6972  22 38 22.303   11.727
2453039.403165  8   6 31 51.1626  22 39 25.700   12.061
2453043.391648  8   6 30 59.6145  22 41 25.436   12.292
2453059.345904  8   6 28  1.6161  22 46 48.353   11.755
2453062.337419  8   6 27 36.2453  22 47 15.094   11.571
2453352.602058  8   7 53  1.6298  20 51 19.494   11.756
2453360.578949  8   7 51 11.6953  20 58 46.892   12.077
2453366.561380  8   7 49 28.7995  21  4 49.150   12.088
2453368.555480  8   7 48 50.6507  21  6 51.912   11.922
2453408.436093  8   7 34  9.0354  21 40 53.925   10.165
2453422.395761  8   7 31  6.5779  21 49 59.972   10.623
2453436.356381  8   7 29 26.7957  21 57 55.969   11.883
2453442.339697  8   7 29  0.7937  22  0 29.149   12.282
2453447.325867  8   7 28 45.4471  22  2  2.071   12.382
2453760.520039  8   8 43  6.2523  18 55  1.234   11.757
2453761.517095  8   8 42 47.7795  18 56 27.278   11.755
2453766.502333  8   8 41 11.4854  19  3 35.108   11.767
2453769.493442  8   8 40 10.8456  19  7 46.987   11.684
2453771.487503  8   8 39 29.4173  19 10 31.856   11.737
2453776.472628  8   8 37 43.3801  19 17  8.963   11.607
2453777.469650  8   8 37 21.9096  19 18 25.353   11.480
2453780.460715  8   8 36 17.4463  19 22  7.641   11.361
2453791.428074  8   8 32 31.6525  19 33 59.517   10.575
2453793.422186  8   8 31 54.6109  19 35 50.079   10.541
2453794.419250  8   8 31 36.7782  19 36 43.062   10.452
2453801.398871  8   8 29 47.1232  19 42 13.613   10.303
2453807.381683  8   8 28 37.3991  19 46  3.027   10.226
2453808.378845  8   8 28 28.0908  19 46 36.893   10.249
2453809.376014  8   8 28 19.4443  19 47  9.388   10.192
2453811.370376  8   8 28  4.1051  19 48 10.837   10.256
2453820.345354  8   8 27 25.3241  19 51 48.597   10.746
2453821.342605  8   8 27 23.7943  19 52  6.803   10.775
2453827.326228  8   8 27 24.3933  19 53 29.200   11.270
2453829.320808  8   8 27 27.9099  19 53 46.030   11.453
2453832.312708  8   8 27 35.8215  19 54  0.741   11.709
2454126.558502  8   9 41 35.1474  15  7 45.728   10.212
2454127.555570  8   9 41 17.6461  15  9 22.695   10.100
2454128.552639  8   9 41  0.2535  15 11  0.059   10.122
2454168.435982  8   9 30 15.2046  16 13  0.836   12.239
2454169.433064  8   9 29 58.9342  16 14 17.392   12.267
2454170.430145  8   9 29 42.6740  16 15 32.485   12.315
2454171.427228  8   9 29 26.4452  16 16 46.124   12.265
2454174.418478  8   9 28 38.0628  16 20 17.841   12.076
2454188.377895  8   9 25 13.9282  16 33 13.503   10.927
2454196.355101  8   9 23 51.7166  16 37 39.513   10.614
2454197.352282  8   9 23 44.0251  16 38  3.401   10.551
2454199.346666  8   9 23 30.5443  16 38 44.449   10.619
2454202.338298  8   9 23 15.2732  16 39 30.372   10.497
2454206.327250  8   9 23  4.3773  16 40  2.371   10.497
