4  1987 03 10.8574  17.3554323 -21.5912262    334            
5  1987 03 10.8574  17.3534350 -21.5813007    334            
6  1987 03 10.8574  17.3573388 -21.5826703    334            
7  1987 03 10.8574  17.3545894 -21.6164870    334            
8  1987 03 10.8574  17.3482055 -21.5444788    334            
4  1987 03 10.8720  17.3554430 -21.5912857    334            
5  1987 03 10.8720  17.3534810 -21.5811472    334            
6  1987 03 10.8720  17.3573764 -21.5827715    334            
7  1987 03 10.8720  17.3546138 -21.6161780    334            
8  1987 03 10.8720  17.3482418 -21.5444546    334            
3  1987 05 20.6618  17.2429492 -21.3987657    286
4  1987 05 20.6618  17.2448110 -21.3968435    286
5  1987 05 20.6618  17.2432467 -21.4084399    286
6  1987 05 20.6618  17.2411084 -21.4133601    286
7  1987 05 20.6618  17.2399888 -21.3854758    286
8  1987 05 20.6618  17.2334486 -21.3576244    286
3  1987 05 20.7069  17.2427478 -21.3977336    286
4  1987 05 20.7069  17.2446498 -21.3973331    286
5  1987 05 20.7069  17.2429371 -21.4079144    286
6  1987 05 20.7069  17.2408445 -21.4128359    286
7  1987 05 20.7069  17.2398002 -21.3849463    286
8  1987 05 20.7069  17.2332407 -21.3573222    286
2  1987 05 21.7060  17.2395164 -21.3961314    286
3  1987 05 21.7060  17.2396470 -21.3969719    286
4  1987 05 21.7060  17.2384949 -21.4008937    286
5  1987 05 21.7060  17.2372783 -21.3904682    286
6  1987 05 21.7060  17.2352876 -21.3996185    286
7  1987 05 21.7060  17.2358718 -21.3739858    286
8  1987 05 21.7060  17.2286844 -21.3501596    286
2  1987 05 21.7313  17.2393599 -21.3965098    286
3  1987 05 21.7313  17.2394854 -21.3973067    286
4  1987 05 21.7313  17.2383023 -21.4006073    286
5  1987 05 21.7313  17.2371651 -21.3900550    286
6  1987 05 21.7313  17.2351442 -21.3993159    286
7  1987 05 21.7313  17.2357745 -21.3736589    286
8  1987 05 21.7313  17.2285630 -21.3500930    286
2  1987 05 21.7660  17.2391337 -21.3968971    286
3  1987 05 21.7660  17.2392648 -21.3976604    286
4  1987 05 21.7660  17.2380464 -21.4001224    286
5  1987 05 21.7660  17.2370222 -21.3894312    286
6  1987 05 21.7660  17.2349614 -21.3988306    286
7  1987 05 21.7660  17.2356365 -21.3733472    286
8  1987 05 21.7660  17.2284067 -21.3498015    286
3  1987 05 22.7188  17.2331663 -21.3852593    286
4  1987 05 22.7188  17.2333142 -21.3824195    286
5  1987 05 22.7188  17.2340492 -21.3792963    286
6  1987 05 22.7188  17.2301066 -21.3855643    286
8  1987 05 22.7188  17.2240748 -21.3432809    286
3  1987 05 22.7222  17.2331545 -21.3851906    286
4  1987 05 22.7222  17.2333069 -21.3823788    286
5  1987 05 22.7222  17.2340391 -21.3792764    286
6  1987 05 22.7222  17.2300873 -21.3855051    286
8  1987 05 22.7222  17.2240569 -21.3432537    286
2  1987 05 22.7243  17.2340483 -21.3848331    286
3  1987 05 22.7243  17.2331497 -21.3851722    286
4  1987 05 22.7243  17.2333015 -21.3823591    286
5  1987 05 22.7243  17.2340353 -21.3792682    286
6  1987 05 22.7243  17.2300803 -21.3854564    286
8  1987 05 22.7243  17.2240491 -21.3432453    286
3  1988 05 11.7473  18.1412027 -22.2593249    286
4  1988 05 11.7473  18.1411854 -22.2690415    286
5  1988 05 11.7473  18.1411809 -22.2722384    286
6  1988 05 11.7473  18.1412198 -22.2418412    286
2  1988 05 11.7743  18.1422107 -22.2614768    286
3  1988 05 11.7743  18.1411672 -22.2590892    286
4  1988 05 11.7743  18.1410364 -22.2687352    286
5  1988 05 11.7743  18.1410345 -22.2720514    286
6  1988 05 11.7743  18.1411659 -22.2418972    286
2  1988 05 11.8009  18.1421813 -22.2619512    286
3  1988 05 11.8009  18.1411343 -22.2588837    286
4  1988 05 11.8009  18.1408906 -22.2684289    286
5  1988 05 11.8009  18.1408891 -22.2718359    286
6  1988 05 11.8009  18.1411119 -22.2419132    286
2  1988 05 11.8280  18.1421324 -22.2623717    286
3  1988 05 11.8280  18.1411070 -22.2586803    286
4  1988 05 11.8280  18.1407454 -22.2680682    286
5  1988 05 11.8280  18.1407440 -22.2715909    286
6  1988 05 11.8280  18.1410556 -22.2419159    286
2  1988 05 11.8571  18.1420841 -22.2629487    286
3  1988 05 11.8571  18.1410851 -22.2585250    286
4  1988 05 11.8571  18.1405940 -22.2676674    286
5  1988 05 11.8571  18.1405892 -22.2713048    286
6  1988 05 11.8571  18.1409965 -22.2419232    286
8  1988 05 11.8571  18.1515771 -22.2912527    286
1  1988 05 11.8953  18.1407581 -22.2635599    286
2  1988 05 11.8953  18.1419893 -22.2637331    286
3  1988 05 11.8953  18.1410543 -22.2584903    286
4  1988 05 11.8953  18.1404003 -22.2671630    286
5  1988 05 11.8953  18.1403882 -22.2709809    286
6  1988 05 11.8953  18.1409191 -22.2420041    286
7  1988 05 11.8953  18.1402146 -22.2900462    286
8  1988 05 11.8953  18.1514458 -22.2913605    286     
