N1737793037  2013 01 25 07 23 05.520  285.412852   36.716183  263.046719    609.39    510.68  285.454502   36.712389  5
N1741579125  2013 03 10 03 04 09.504  270.623557  -60.595875  289.597775    513.66    485.34  270.618847  -60.587167  5
N1743357653  2013 03 30 17 06 06.203  324.143836   66.000844  173.896805    515.52    511.77  324.143250   65.999481  4
N1745867263  2013 04 28 18 12 40.241  279.208055   38.799972  263.343304    287.70    625.46  279.104368   38.769971  4
N1745867296  2013 04 28 18 13 13.249  279.207869   38.800026  263.343304    332.70    603.70  279.124964   38.775671  4
N1745867329  2013 04 28 18 13 46.249  279.207898   38.799892  263.343304    377.04    581.69  279.145503   38.781292  4
N1745867362  2013 04 28 18 14 19.249  279.207833   38.799828  263.343304    421.55    560.05  279.166008   38.786843  4
N1745867395  2013 04 28 18 14 52.248  279.207811   38.799809  263.343304    466.30    538.28  279.186671   38.792473  4
N1745867428  2013 04 28 18 15 25.248  279.207727   38.799947  263.343304    511.04    516.62  279.207265   38.798221  4
N1745867461  2013 04 28 18 15 58.248  279.207798   38.799963  263.343304    555.25    495.09  279.227776   38.803817  4
N1745867494  2013 04 28 18 16 31.248  279.207921   38.799834  263.343304    599.43    472.94  279.248366   38.809478  4
N1745867527  2013 04 28 18 17 04.248  279.207847   38.799915  263.343304    644.16    451.51  279.268960   38.815077  4
N1745867560  2013 04 28 18 17 37.247  279.207899   38.799951  263.343304    688.54    429.68  279.289556   38.820777  4
N1745867593  2013 04 28 18 18 10.247  279.207951   38.799907  263.343304    733.03    407.74  279.310205   38.826429  4
N1745867626  2013 04 28 18 18 43.247  279.207813   38.799943  263.343304    777.82    385.80  279.330801   38.832144  4
N1747230021  2013 05 14 12 45 09.489  239.037339   11.043907  239.071673    519.32    494.93  239.042665   11.047406  1
N1747230137  2013 05 14 12 47 05.488  238.983032   11.070279  239.082523    519.64    495.20  238.988405   11.073644  1
N1747230257  2013 05 14 12 49 05.488  238.926216   11.097700  239.093913    519.93    496.17  238.931502   11.100729  1
N1747230377  2013 05 14 12 51 05.487  238.869031   11.125331  239.105470    520.17    498.02  238.874055   11.127775  1
N1747230497  2013 05 14 12 53 05.486  238.810741   11.152111  239.117193    519.92    496.80  238.815910   11.154958  1
N1747230617  2013 05 14 12 55 05.485  238.752074   11.179491  239.129081    519.93    497.59  238.757105   11.182106  1
N1747230737  2013 05 14 12 57 05.485  238.692823   11.207222  239.141132    520.80    499.01  238.697857   11.209265  1
N1747230857  2013 05 14 12 59 05.484  238.632155   11.233748  239.153345    520.91    496.71  238.637638   11.236453  1
N1747230977  2013 05 14 13 01 05.483  238.570764   11.260031  239.165718    521.76    492.86  238.577192   11.263719  1
N1747231097  2013 05 14 13 03 05.482  238.509689   11.287007  239.178249    521.05    492.57  238.515955   11.290910  1
N1747231217  2013 05 14 13 05 05.482  238.448112   11.314956  239.190938    521.70    494.70  238.454190   11.318115  1
N1747231337  2013 05 14 13 07 05.481  238.385846   11.342813  239.203782    522.12    496.34  238.391758   11.345416  1
N1747231457  2013 05 14 13 09 05.480  238.322679   11.369660  239.216780    521.99    495.35  238.328729   11.372579  1
N1747231577  2013 05 14 13 11 05.479  238.258834   11.396518  239.229930    522.19    494.04  238.265178   11.399791  1
N1747231697  2013 05 14 13 13 05.479  238.194710   11.423801  239.243231    522.73    493.88  238.201246   11.427028  1
N1747231817  2013 05 14 13 15 05.478  238.129961   11.450916  239.256680    522.43    493.26  238.136516   11.454380  1
N1747231937  2013 05 14 13 17 05.477  238.064435   11.477809  239.270275    523.00    492.16  238.071359   11.481498  1
N1747232057  2013 05 14 13 19 05.476  237.998203   11.504732  239.284016    523.13    491.00  238.005374   11.508743  1
N1747232297  2013 05 14 13 23 05.475  237.865458   11.560093  239.311924    523.78    493.90  237.872305   11.563139  1
N1747232417  2013 05 14 13 25 05.474  237.797607   11.586771  239.326088    524.07    492.03  237.804878   11.590320  1
N1747431979  2013 05 16 20 51 06.295  248.713298   44.303249  234.821434    450.96    274.17  248.755209   44.381810  3
N1750027599  2013 06 15 21 51 09.867  219.761172  -12.526546  237.957527    586.99    551.81  219.776155  -12.552024  3
N1750031474  2013 06 15 22 55 44.838  217.509532  -11.066410  237.497055    584.78    544.33  217.524980  -11.089433  3
N1750346437  2013 06 19 14 25 05.807  255.108191   47.608149  228.943943    336.13    222.62  255.137539   47.722470  1
N1751015432  2013 06 27 08 14 56.585  218.216973  -12.167293   57.626649    589.03    538.92  218.199135  -12.145092  4
N1751018445  2013 06 27 09 05 09.566  219.900900  -11.650812   57.974288    585.61    534.40  219.883135  -11.630656  4
N1751020067  2013 06 27 09 32 11.555  220.793827  -11.383436   58.142013    588.30    532.44  220.774858  -11.363415  4
N1751130956  2013 06 28 16 20 19.709  239.526254    6.790944  236.964797    521.66    518.79  239.527825    6.786944  1
N1751131012  2013 06 28 16 21 15.708  239.522165    6.802849  236.964288    520.28    518.69  239.523352    6.799137  1
N1751131072  2013 06 28 16 22 15.708  239.517745    6.815293  236.963778    518.45    518.16  239.518503    6.812076  1
N1751131132  2013 06 28 16 23 15.708  239.512987    6.827958  236.963303    517.47    517.83  239.513524    6.825019  1
N1751131192  2013 06 28 16 24 15.707  239.508179    6.840883  236.962864    516.37    518.27  239.508313    6.838024  1
N1751134856  2013 06 28 17 25 19.684  238.831238    7.683838  237.006931    519.94    516.84  238.832685    7.680723  1
N1751134912  2013 06 28 17 26 15.684  238.815127    7.697173  237.008720    520.55    515.52  238.816997    7.694323  1
N1751134972  2013 06 28 17 27 15.683  238.797917    7.711456  237.010675    520.29    514.66  238.799876    7.708904  1
N1751135032  2013 06 28 17 28 15.683  238.780360    7.725688  237.012669    520.59    513.42  238.782637    7.723437  1
N1751135092  2013 06 28 17 29 15.682  238.763098    7.740084  237.014702    519.88    513.14  238.765222    7.738046  1
N1753794839  2013 07 29 12 18 05.926  303.832713   41.967170  283.252528    508.53    508.94  303.831108   41.967791  5
N1755871872  2013 08 22 13 15 05.735  297.179477   53.825323  284.265038    710.52    564.30  297.299218   53.824531  4
N1756548711  2013 08 30 09 15 40.350  168.088835   39.915577  321.014272    624.25    518.49  168.123028   39.944147  8
N1756549001  2013 08 30 09 20 30.150  168.091316   39.901840  321.015834    624.90    521.28  168.126653   39.929982  8
N1756551492  2013 08 30 10 02 01.213  168.125331   39.778280  321.029298    624.48    518.44  168.159495   39.806930  8
N1757514327  2013 09 10 13 29 10.268  197.021686  -20.006327   45.265669    531.83    525.17  197.019925  -19.998081  5
N1757515127  2013 09 10 13 42 30.288  181.933418  -44.679990   35.571697    521.30    460.37  181.910583  -44.687463  4
N1760920304  2013 10 19 23 35 05.677  347.429136   37.751541  245.463648    559.84    572.59  347.437211   37.725573  3
N1764223925  2013 11 27 05 15 05.696  146.086005  -46.982172   99.101401    421.83    609.45  146.122735  -46.944094  3
N1766702541  2013 12 25 21 45 05.929  117.319287  -48.024968   77.113271    516.43    522.14  117.318038  -48.021031  1
N1775151435  2014 04 02 16 39 06.179  191.658916  -30.204562   93.934869    452.88    412.20  191.684859  -30.237190  4
N1778439876  2014 05 10 18 06 06.261  194.580262  -16.753072   93.148390    410.80    546.10  194.615625  -16.739308  1
N1779413382  2014 05 22 00 31 06.094  106.582396  -42.405809  344.437130    521.01    529.71  106.591740  -42.404340  5
N1784045559  2014 07 14 15 13 33.568  231.134479    5.529443  315.426792    553.03    500.26  231.141769    5.542306  3
N1784045705  2014 07 14 15 15 59.567  231.199183    5.541867  315.418201    552.02    497.81  231.205630    5.555074  3
N1784047435  2014 07 14 15 44 49.496  218.442044    5.835540  316.371483    672.59    522.02  218.483025    5.873073  5
N1784047651  2014 07 14 15 48 25.495  218.511846    5.858077  316.372076    654.92    510.87  218.545836    5.893861  5
N1784047871  2014 07 14 15 52 05.494  218.581300    5.882748  316.372604    637.01    506.32  218.609890    5.915160  5
N1784048091  2014 07 14 15 55 45.492  218.651547    5.906950  316.373056    618.68    499.55  218.674082    5.936413  5
N1784048311  2014 07 14 15 59 25.491  218.725811    5.928020  316.373431    598.74    477.98  218.738209    5.957637  5
N1784048531  2014 07 14 16 03 05.489  218.792818    5.955419  316.373729    580.00    484.84  218.802469    5.978752  5
N1784048751  2014 07 14 16 06 45.488  218.863163    5.979907  316.373950    561.69    478.95  218.866983    6.000088  5
N1784048971  2014 07 14 16 10 25.487  218.934440    6.004241  316.374092    541.38    470.84  218.931397    6.021297  5
N1784049191  2014 07 14 16 14 05.485  219.006249    6.028135  316.374156    521.37    461.13  218.996012    6.042518  5
N1784049411  2014 07 14 16 17 45.484  219.077883    6.051924  316.374141    501.44    452.01  219.060618    6.063514  5
N1784050035  2014 07 14 16 28 09.545  233.079469    5.924334  315.143695    552.79    515.98  233.090617    5.933297  3
N1784050164  2014 07 14 16 30 18.544  233.135561    5.935269  315.134956    552.67    513.86  233.146161    5.944713  3
N1784050297  2014 07 14 16 32 31.543  233.193907    5.945781  315.125914    552.93    509.06  233.203399    5.956452  3
N1784050430  2014 07 14 16 34 44.542  233.252016    5.956942  315.116839    552.84    505.76  233.260679    5.968389  3
N1784051095  2014 07 14 16 45 49.538  233.536532    6.016302  315.070979    553.04    507.32  233.545637    6.027412  3
N1784051228  2014 07 14 16 48 02.537  233.593776    6.027910  315.061711    552.75    506.19  233.602535    6.039221  3
N1785042678  2014 07 26 04 12 06.256  115.517863  -51.639161   77.681663    775.40    624.11  115.388710  -51.581994  3
N1804499182  2015 03 08 08 45 06.377  131.402173   -9.674441    5.569690    438.67    496.96  131.399596   -9.699806  4
N1806014791  2015 03 25 21 45 05.699  201.823705  -35.722275   92.516059    770.33    327.09  201.717706  -35.789378  8
N1806101724  2015 03 26 21 53 58.100  204.537813  -41.847908  155.583741    572.39    561.95  204.505036  -41.859774  8
N1806111633  2015 03 27 00 39 07.036  204.955162  -42.576194  155.532356    572.20    574.72  204.916611  -42.586163  8
N1806122433  2015 03 27 03 39 06.968  205.427161  -43.374702  155.480260    571.39    568.67  205.390849  -43.385256  8
N1806151284  2015 03 27 11 39 57.784  206.843505  -45.546751  155.367791    569.73    579.50  206.801299  -45.555183  8
N1806165573  2015 03 27 15 38 06.693  207.631640  -46.632350  155.331215    589.36    578.50  207.584943  -46.647029  8
N1806176373  2015 03 27 18 38 06.624  208.263498  -47.463324  155.314480    589.69    573.28  208.218397  -47.478846  8
N1806178922  2015 03 27 19 20 35.713  208.417505  -47.667722  155.312087    569.24    580.15  208.373410  -47.675879  8
N1806187173  2015 03 27 21 38 06.555  208.936157  -48.300469  155.308846    589.13    574.50  208.889868  -48.315638  8
N1806198033  2015 03 28 00 39 06.486  209.631116  -49.146474  155.316141    571.41    538.00  209.605339  -49.161358  8
N1806208833  2015 03 28 03 39 06.417  210.384489  -49.990832  155.338253    570.26    534.66  210.360152  -50.005842  8
N1806219633  2015 03 28 06 39 06.348  211.183682  -50.837766  155.377375    569.70    531.87  211.160428  -50.853010  8
N1806230433  2015 03 28 09 39 06.279  212.035237  -51.687292  155.435945    569.35    536.32  212.009413  -51.701809  8
N1806241233  2015 03 28 12 39 06.211  212.935948  -52.536732  155.516670    568.62    535.50  212.910254  -52.551159  8
N1806252033  2015 03 28 15 39 06.142  213.902074  -53.387703  155.622545    569.05    553.83  213.866200  -53.399693  8
N1806262773  2015 03 28 18 38 06.073  214.912085  -54.222288  155.756037    589.13    544.97  214.875432  -54.241861  8
N1806265322  2015 03 28 19 20 35.167  215.163288  -54.430201  155.792235    568.06    559.06  215.123990  -54.441208  8
N1806309085  2015 03 29 07 29 57.778  220.023771  -57.799028  156.745950    570.17    540.58  219.991627  -57.813586  8
N1806324034  2015 03 29 11 39 06.683  221.988030  -58.919513  157.248362    562.54    556.60  221.947234  -58.929675  8
N1806338434  2015 03 29 15 39 06.591  224.042175  -59.971249  157.838233    558.81    571.44  223.991838  -59.978517  8
N1806349174  2015 03 29 18 38 06.523  225.672791  -60.724441  158.353726    578.66    556.06  225.626299  -60.740218  8
N1806351723  2015 03 29 19 20 35.600  226.073362  -60.909101  158.486247    559.10    560.84  226.028610  -60.918083  8
N1806360034  2015 03 29 21 39 06.454  227.426725  -61.480757  158.946846    558.46    563.24  227.379865  -61.489411  8
N1806370834  2015 03 30 00 39 06.385  229.274774  -62.201410  159.613856    558.54    561.08  229.228485  -62.210607  8
N1806381634  2015 03 30 03 39 06.316  231.234009  -62.894952  160.363035    559.80    562.06  231.185886  -62.904725  8
N1806392434  2015 03 30 06 39 06.247  233.311279  -63.556281  161.199102    568.28    568.96  233.255218  -63.568364  8
N1806403234  2015 03 30 09 39 06.178  235.493862  -64.184763  162.126032    569.63    565.87  235.438979  -64.198015  8
N1806414034  2015 03 30 12 39 06.110  237.797528  -64.776211  163.146773    571.34    570.24  237.738233  -64.790012  8
N1806424834  2015 03 30 15 39 06.041  240.215716  -65.326535  164.262927    571.93    574.03  240.152706  -65.340667  8
N1806435574  2015 03 30 18 38 05.972  242.732749  -65.821637  165.467440    593.53    572.57  242.665890  -65.843619  8
N1806438123  2015 03 30 19 20 35.062  243.339631  -65.940897  165.766999    572.08    571.14  243.278373  -65.956008  8
N1806446434  2015 03 30 21 39 05.903  245.357905  -66.286600  166.779249    569.45    547.75  245.316442  -66.303115  8
N1806457234  2015 03 31 00 39 05.834  248.092674  -66.691353  168.173109    567.13    544.72  248.054550  -66.707704  8
N1806467721  2015 03 31 03 33 52.767  250.843210  -67.031605  169.605456    565.27    549.22  250.802005  -67.047417  8
N1806509426  2015 03 31 15 08 57.502  262.383294  -67.813750  175.875003    569.51    545.79  262.348379  -67.832761  8
N1806521975  2015 03 31 18 38 06.422  265.956501  -67.857033  177.857209    587.39    552.92  265.916170  -67.882528  8
N1806524524  2015 03 31 19 20 35.511  266.681173  -67.863230  178.260503    567.23    554.32  266.640601  -67.881901  8
N1806532775  2015 03 31 21 38 06.353  269.014859  -67.828980  179.562630    587.92    549.92  268.979338  -67.855109  8
N1806543575  2015 04 01 00 38 06.284  272.050141  -67.736887  181.249657    588.08    552.65  272.014336  -67.763472  8
N1806554135  2015 04 01 03 34 06.217  274.953625  -67.613764  223.288896    497.41    523.94  274.936751  -67.613171  8
N1806556176  2015 04 01 04 08 07.164  275.828874  -67.694490  223.288896      6.97    543.40  275.496668  -67.575592  8
N1806556333  2015 04 01 04 10 44.163  275.826766  -67.671717  224.095133     85.53    545.71  275.537931  -67.574618  8
N1806556426  2015 04 01 04 12 17.162  275.822557  -67.659068  224.091579    130.97    544.66  275.562888  -67.572964  8
N1806556646  2015 04 01 04 15 57.161  275.812932  -67.627888  224.083190    241.72    543.57  275.623353  -67.568915  8
N1806556739  2015 04 01 04 17 30.160  275.809185  -67.614846  224.079652    287.89    543.37  275.648652  -67.567238  8
N1806556882  2015 04 01 04 19 53.159  275.805354  -67.594644  224.075950    357.82    544.55  275.687843  -67.564595  8
N1806557023  2015 04 01 04 22 14.158  275.888063  -67.609309  224.152081    287.40    544.85  275.726150  -67.562009  8
N1806557116  2015 04 01 04 23 47.158  275.941933  -67.619177  224.202503    241.20    543.80  275.751631  -67.560280  8
N1806557336  2015 04 01 04 27 27.156  276.071602  -67.642104  224.321942    130.81    544.19  275.811418  -67.556245  8
N1806557429  2015 04 01 04 29 00.156  276.127083  -67.651374  224.372501     84.33    545.45  275.836681  -67.554449  8
N1806565115  2015 04 01 06 37 06.147  277.906955  -67.399205  226.028495    507.19    500.38  277.911083  -67.395431  8
N1806571694  2015 04 01 08 26 45.065  279.880628  -67.357288  227.818082     86.04    421.04  279.654822  -67.236047  8
N1806575066  2015 04 01 09 22 57.043  280.796248  -67.171142  228.652439    243.18    651.76  280.536308  -67.146232  8
N1806576228  2015 04 01 09 42 19.076  280.860060  -67.110579  228.708455    499.03    535.57  280.837765  -67.113961  8
N1806586780  2015 04 01 12 38 11.009  283.563289  -66.766424  187.516433    581.98    562.97  283.526866  -66.792715  8
N1806597576  2015 04 01 15 38 06.940  286.200231  -66.382927  188.904544    593.70    551.34  286.177378  -66.412919  8
N1806608376  2015 04 01 18 38 06.871  288.763375  -65.954806  190.207170    588.52    578.77  288.719041  -65.984911  8
N1806610925  2015 04 01 19 20 35.964  289.350393  -65.853701  190.501668    568.44    580.37  289.302227  -65.877223  8
N1806613973  2015 04 01 20 11 23.836  290.039745  -65.724083  190.847204    561.38    580.07  289.991309  -65.745324  8
N1806845321  2015 04 04 12 27 10.391  121.533406   -0.735093   96.543648    901.43    458.46  121.402489   -0.768435  3
N1806845321  2015 04 04 12 27 10.391  121.533406   -0.735093   96.543648    509.60    497.63  121.534596   -0.739750  4
N1806845477  2015 04 04 12 29 46.170  121.510920   -0.737187   96.543366    753.86    455.68  121.430444   -0.765704  3
N1806845477  2015 04 04 12 29 46.170  121.510920   -0.737187   96.543366    508.39    497.16  121.512542   -0.741957  4
N1806845517  2015 04 04 12 30 26.375  121.505768   -0.737941   96.543293    717.32    455.35  121.437769   -0.765141  3
N1806845517  2015 04 04 12 30 26.375  121.505768   -0.737941   96.543293    509.42    497.51  121.507026   -0.742632  4
N1806845557  2015 04 04 12 31 06.170  121.499904   -0.738614   96.543221    679.65    455.22  121.444755   -0.764389  3
N1806845557  2015 04 04 12 31 06.170  121.499904   -0.738614   96.543221    508.98    497.90  121.501296   -0.743154  4
N1806845597  2015 04 04 12 31 46.375  121.493951   -0.739172   96.543147    640.81    454.20  121.452088   -0.763773  3
N1806845597  2015 04 04 12 31 46.375  121.493951   -0.739172   96.543147    507.85    497.53  121.495741   -0.743794  4
N1806845637  2015 04 04 12 32 26.169  121.488887   -0.739969   96.543075    605.55    454.69  121.459033   -0.763023  3
N1806845637  2015 04 04 12 32 26.169  121.488887   -0.739969   96.543075    509.88    498.68  121.489942   -0.744277  4
N1806845677  2015 04 04 12 33 06.374  121.482840   -0.740644   96.543001    566.31    453.80  121.466405   -0.762467  3
N1806845677  2015 04 04 12 33 06.374  121.482840   -0.740644   96.543001    508.46    498.25  121.484394   -0.745045  4
N1806845717  2015 04 04 12 33 46.169  121.477303   -0.741182   96.542928    529.75    453.38  121.473354   -0.761720  3
N1806845717  2015 04 04 12 33 46.169  121.477303   -0.741182   96.542928    509.07    498.63  121.478636   -0.745475  4
N1806845757  2015 04 04 12 34 26.374  121.471890   -0.741788   96.542854    492.51    452.41  121.480677   -0.761199  3
N1806845757  2015 04 04 12 34 26.374  121.471890   -0.741788   96.542854    509.73    498.38  121.473007   -0.746194  4
N1806845797  2015 04 04 12 35 06.168  121.465540   -0.742349   96.542780    453.68    452.01  121.487590   -0.760376  3
N1806845797  2015 04 04 12 35 06.168  121.465540   -0.742349   96.542780    507.96    498.19  121.467267   -0.746750  4
N1806845837  2015 04 04 12 35 46.373  121.460319   -0.743005   96.542706    417.18    451.34  121.494841   -0.759836  3
N1806845837  2015 04 04 12 35 46.373  121.460319   -0.743005   96.542706    509.33    498.36  121.461573   -0.747402  4
N1806845877  2015 04 04 12 36 26.168  121.454379   -0.743376   96.542632    379.52    450.26  121.501790   -0.759101  3
N1806845877  2015 04 04 12 36 26.168  121.454379   -0.743376   96.542632    508.88    497.78  121.455810   -0.747952  4
N1806845917  2015 04 04 12 37 06.373  121.448394   -0.743638   96.542557    340.77    448.42  121.509092   -0.758475  3
N1806845917  2015 04 04 12 37 06.373  121.448394   -0.743638   96.542557    507.89    496.56  121.450209   -0.748592  4
N1806845957  2015 04 04 12 37 46.167  121.443400   -0.744249   96.542483    305.75    448.17  121.516053   -0.757801  3
N1806845957  2015 04 04 12 37 46.167  121.443400   -0.744249   96.542483    510.10    496.97  121.444444   -0.749149  4
N1806845997  2015 04 04 12 38 26.372  121.437038   -0.744776   96.542408    266.19    446.95  121.523231   -0.757195  3
N1806845997  2015 04 04 12 38 26.372  121.437038   -0.744776   96.542408    508.22    496.35  121.438748   -0.749815  4
N1806846037  2015 04 04 12 39 06.167  121.431645   -0.745189   96.542334    230.23    446.16  121.530133   -0.756473  3
N1806846037  2015 04 04 12 39 06.167  121.431645   -0.745189   96.542334    509.48    496.19  121.432934   -0.750332  4
N1806846077  2015 04 04 12 39 46.372  121.425777   -0.745684   96.542258    191.91    445.14  121.537375   -0.755815  3
N1806846077  2015 04 04 12 39 46.372  121.425777   -0.745684   96.542258    509.04    495.64  121.427236   -0.750998  4
N1806846117  2015 04 04 12 40 26.166  121.419616   -0.745888   96.542184    153.91    443.27  121.544248   -0.755173  3
N1806846117  2015 04 04 12 40 26.166  121.419616   -0.745888   96.542184    508.18    494.52  121.421414   -0.751550  4
N1806846273  2015 04 04 12 43 02.385  121.397669   -0.748391   96.541889      8.96    441.09  121.571822   -0.752750  3
N1806846273  2015 04 04 12 43 02.385  121.397669   -0.748391   96.541889    509.67    494.64  121.398952   -0.754070  4
N1809622614  2015 05 06 15 55 05.735  142.772636    1.623500  144.568401    428.90    364.77  142.830143    1.617400  4
N1809886470  2015 05 09 17 12 40.038  238.627414    5.986045  255.930486    607.37    533.10  238.657698    5.970850  4
N1809889231  2015 05 09 17 58 41.020  244.914368    5.725032  255.412347    585.38    560.62  244.934765    5.702326  4
N1809890176  2015 05 09 18 14 26.014  247.308194    5.559704  255.186507      5.05    547.63  247.136134    5.592136  4
N1809893546  2015 05 09 19 10 35.968   10.363306   -4.819681  356.836752    130.08    405.99   10.319750   -4.948413  3
N1815699574  2015 07 15 23 57 06.007  126.454854   -0.056842    7.402452    521.80    424.38  126.424740   -0.057189  5
N1816613079  2015 07 26 13 42 05.181  256.486304    5.646362  356.300476    518.36    447.66  256.464480    5.650126  5
N1818363791  2015 08 15 20 00 25.826  144.669638    2.196160    6.164855    518.46    511.32  144.669320    2.198527  3
N1818363791  2015 08 15 20 00 25.826  144.669638    2.196160    6.164855    530.20    205.61  144.564464    2.191261  7
N1818364391  2015 08 15 20 10 26.002  144.630952    2.192547    6.166141    517.89    516.78  144.632520    2.194922  3
N1818364591  2015 08 15 20 13 45.821  144.619563    2.191130    6.166514    518.75    518.73  144.621763    2.193872  3
N1818364591  2015 08 15 20 13 45.821  144.619563    2.191130    6.166514    526.01    711.00  144.687173    2.203438  7
N1818364991  2015 08 15 20 20 25.818  144.600021    2.189413    6.167178    518.37    520.05  144.602688    2.192074  3
N1818364991  2015 08 15 20 20 25.818  144.600021    2.189413    6.167178    523.41    948.00  144.748679    2.209569  7
N1820037062  2015 09 04 04 48 06.350  237.825876  -14.494252   88.042314    602.02    505.48  237.793726  -14.495252  8
N1820504440  2015 09 09 14 37 40.916   75.798304   -5.193365    3.806741    627.26    523.33   75.799725   -5.153446  4
N1820504480  2015 09 09 14 38 19.124   75.797394   -5.206960    3.806571    667.84    523.03   75.797782   -5.153150  4
N1822862899  2015 10 06 21 45 05.461  117.369906   -0.795316   96.217921    523.51    508.66  117.365912   -0.796733  5
N1823254526  2015 10 11 10 32 09.900  140.762309    1.766014    6.073819    488.89    155.47  140.641532    1.745358  3
N1823254526  2015 10 11 10 32 09.900  140.762309    1.766014    6.073819    520.41    560.62  140.778763    1.770839  5
N1823254762  2015 10 11 10 36 05.759  140.695469    1.758899    6.075664    488.48    290.80  140.620928    1.743021  3
N1823254762  2015 10 11 10 36 05.759  140.695469    1.758899    6.075664    519.65    563.26  140.712850    1.763561  5
N1823255002  2015 10 11 10 40 05.912  140.630080    1.751402    6.077528    489.43    423.76  140.600916    1.740680  3
N1823255002  2015 10 11 10 40 05.912  140.630080    1.751402    6.077528    520.02    559.03  140.646005    1.756036  5
N1823255242  2015 10 11 10 44 05.756  140.563497    1.743851    6.079374    520.25    558.93  140.579378    1.748560  5
N1823255482  2015 10 11 10 48 05.894  140.497798    1.736799    6.081209    489.68    702.66  140.563879    1.736303  3
N1823255482  2015 10 11 10 48 05.894  140.497798    1.736799    6.081209    519.46    557.12  140.513090    1.741176  5
N1823255722  2015 10 11 10 52 05.753  140.432162    1.729313    6.083026    490.57    844.43  140.546631    1.734280  3
N1823255722  2015 10 11 10 52 05.753  140.432162    1.729313    6.083026    520.00    555.87  140.447005    1.733828  5
N1823483583  2015 10 14 02 09 45.496  161.376797    3.254224    5.633250    399.44    972.12  161.538203    3.231452  4
N1823826570  2015 10 18 01 26 10.256  126.364533   -0.073839    6.284908    520.59    525.75  126.369055   -0.070201  3
N1823826570  2015 10 18 01 26 10.256  126.364533   -0.073839    6.284908    625.35    125.75  126.228619   -0.049491  5
N1823826806  2015 10 18 01 30 06.115  126.383351   -0.071944    6.284889    521.01    523.05  126.386935   -0.068264  3
N1823826806  2015 10 18 01 30 06.115  126.383351   -0.071944    6.284889    625.98    232.61  126.283877   -0.043363  5
N1823827046  2015 10 18 01 34 06.268  126.402351   -0.069900    6.284869    520.88    518.33  126.404329   -0.066444  3
N1823827046  2015 10 18 01 34 06.268  126.402351   -0.069900    6.284869    626.26    341.34  126.339972   -0.037137  5
N1823827286  2015 10 18 01 38 06.112  126.420302   -0.068058    6.284850    521.27    514.40  126.420926   -0.064614  3
N1823827286  2015 10 18 01 38 06.112  126.420302   -0.068058    6.284850    626.66    452.83  126.395952   -0.030970  5
N1823827526  2015 10 18 01 42 06.250  126.436138   -0.066429    6.284831    521.39    514.34  126.436734   -0.062948  3
N1823827526  2015 10 18 01 42 06.250  126.436138   -0.066429    6.284831    627.20    570.53  126.451935   -0.024732  5
N1823827766  2015 10 18 01 46 06.229  126.450609   -0.064893    6.284813    521.38    515.86  126.451727   -0.061359  3
N1823827766  2015 10 18 01 46 06.229  126.450609   -0.064893    6.284813    627.33    691.80  126.507783   -0.018596  5
N1823828006  2015 10 18 01 50 06.247  126.463178   -0.063293    6.284795    520.82    520.47  126.465889   -0.059777  3
N1823828006  2015 10 18 01 50 06.247  126.463178   -0.063293    6.284795    627.06    818.34  126.563544   -0.012332  5
N1823828246  2015 10 18 01 54 06.106  126.474712   -0.062104    6.284778    521.07    525.81  126.479237   -0.058302  3
N1823828246  2015 10 18 01 54 06.106  126.474712   -0.062104    6.284778    627.25    947.58  126.619173   -0.006220  5
N1823861006  2015 10 18 11 00 06.083  113.507508   -1.224096    6.142630    518.46    528.90  113.513191   -1.221082  1
N1824605675  2015 10 27 01 51 10.323  160.318093    3.484090    5.190252    456.32     84.19  160.173445    3.451944  3
N1824605831  2015 10 27 01 53 46.152  160.276340    3.479528    5.192826    455.24    463.33  160.261593    3.458798  3
N1824605991  2015 10 27 01 56 26.321  160.236201    3.475212    5.195326    453.17    846.80  160.352868    3.465687  3
N1824606751  2015 10 27 02 09 06.246  160.076974    3.456290    5.205146    327.92     54.37  159.926139    3.379282  1
N1824606911  2015 10 27 02 11 46.145  160.051261    3.453164    5.206784    321.36    403.12  160.020076    3.384785  1
N1824607071  2015 10 27 02 14 26.214  160.024454    3.449730    5.208274    315.58    758.17  160.115053    3.390438  1
N1827817135  2015 12 03 05 55 09.826  148.959209    1.705580    4.941469    522.61    527.15  148.964235    1.709840  1
N1827817331  2015 12 03 05 58 25.825  148.933780    1.704897    4.942137    522.28    530.03  148.939803    1.709131  1
N1827817331  2015 12 03 05 58 25.825  148.933780    1.704897    4.942137    561.66    165.24  148.813810    1.711806  2
N1827817531  2015 12 03 06 01 45.824  148.907041    1.703659    4.942859    522.99    530.62  148.913244    1.708152  1
N1827817531  2015 12 03 06 01 45.824  148.907041    1.703659    4.942859    560.81    443.53  148.882324    1.718513  2
N1827817731  2015 12 03 06 05 05.822  148.880766    1.702927    4.943622    522.22    525.37  148.885193    1.707004  1
N1827817731  2015 12 03 06 05 05.822  148.880766    1.702927    4.943622    558.65    719.18  148.950434    1.725196  2
N1827817931  2015 12 03 06 08 25.821  148.852998    1.701679    4.944426    522.87    519.63  148.855443    1.705807  1
N1827817931  2015 12 03 06 08 25.821  148.852998    1.701679    4.944426    557.78    997.90  149.018070    1.731893  2
N1829283513  2015 12 20 05 14 38.496  115.360707   -0.206307    6.322439    262.50    254.12  115.359237   -0.201637  4
N1829294918  2015 12 20 08 24 43.404  108.049334   -0.928093    6.054901    249.20    256.46  108.050448   -0.932327  4
N1831476918  2016 01 14 14 31 09.477  106.090004   -2.033583  329.860358    598.69    386.24  106.067828   -1.986107  3
N1831477953  2016 01 14 14 48 24.486  106.432910   -1.960684  329.870174    527.40    506.73  106.434236   -1.955141  3
N1831488193  2016 01 14 17 39 04.405  107.370780   -1.880872  329.891550    525.37    513.74  107.373835   -1.877137  3
N1832585421  2016 01 27 10 26 05.459  173.218461    1.444713    2.886353    777.18    445.95  173.191383    1.534666  4
N1833926550  2016 02 11 22 58 05.524  168.336279   -9.015815  356.851159    607.52    643.77  168.384017   -8.985396  3
N1836255309  2016 03 09 21 50 29.275  350.427570   23.043908  274.640237    619.27    513.38  350.467698   23.046252  1
N1836261339  2016 03 09 23 30 59.220  351.541090   31.517847  274.480472    618.05    494.14  351.583323   31.526639  1
N1843190429  2016 05 29 04 15 05.452  219.223502  -35.647087  104.167868    519.13    709.64  219.199906  -35.581773  5
N1843608652  2016 06 03 00 25 25.778  257.984456  -20.850613  298.056973    636.13    890.85  258.090471  -20.945388  4
N1843614652  2016 06 03 02 05 25.740  255.802874  -20.093141  297.457746    636.90    890.22  255.907445  -20.188635  4
N1843617952  2016 06 03 03 00 25.719  254.573836  -19.542143  297.110617    636.80    895.61  254.678292  -19.639893  4
N1843622452  2016 06 03 04 15 25.690  252.927997  -18.648852  296.638590    638.47    895.79  253.031604  -18.747208  4
N1843625152  2016 06 03 05 00 25.673  251.983577  -18.039217  296.365754    637.96    895.73  252.086150  -18.138098  4
W1818541016  2015 08 17 21 14 09.927   39.635816   -8.213271  269.939295    303.43    377.20   39.563708   -8.167082  4
