 4 2006 12 14  11 46 43.8   9 50 23.2265   14 17 50.119  0.361
 4 2006 12 24  11  6 21.8   9 49 21.6683   14 24 42.378  0.365
 5 2006 12  4  12 25 54.9   9 50 29.6996   14 14 22.060  0.356
 5 2006 12  8  12 10 57.2   9 50 27.5901   14 15 19.093  0.358
 5 2006 12  8  12 10 57.2   9 50 27.5901   14 15 19.093  0.358
 5 2006 12 14  11 46 43.8   9 50 24.5428   14 17 49.324  0.361
 5 2006 12 24  11  6 21.8   9 49 30.9732   14 25  5.623  0.365
 8 2006 12  4  12 25 54.9   9 50 51.8648   14 14 34.318  0.355
 8 2006 12  8  12 10 57.2   9 51  1.6832   14 15 18.358  0.358
 8 2006 12  8  12 10 57.2   9 51  1.6832   14 15 18.358  0.358
 8 2006 12 24  11  6 21.8   9 50  1.6121   14 24 25.339  0.366
 8 2006 12 25  11  3 20.1   9 49 52.3417   14 25 19.014  0.366
 7 2006 12  4  12 25 54.9   9 50 18.1296   14 14 46.957  0.356
 7 2006 12 14  11 46 43.8   9 50 28.3193   14 17 27.532  0.361
 7 2006 12 24  11  6 21.8   9 49 15.0294   14 25 14.666  0.366
 6 2006 12  4  12 25 54.9   9 50 26.7083   14 15  6.588  0.356
 6 2006 12  5  12 21  6.9   9 50 23.3751   14 15  0.121  0.357
 6 2006 12  8  12  8 38.0   9 50 21.5536   14 14 54.918  0.358
 6 2006 12  8  12  8 38.0   9 50 21.5536   14 14 54.918  0.358
 6 2006 12 14  11 46 43.8   9 50 33.2019   14 17 59.967  0.361
 6 2006 12 21  11 18 18.3   9 49 36.3002   14 22 33.059  0.365
 6 2006 12 25  11  0 58.6   9 49  9.7248   14 24 55.831  0.366
 3 2006 12  8  12 10 57.2   9 50 36.1644   14 15 35.379  0.358
 3 2006 12  8  12 10 57.2   9 50 36.1644   14 15 35.379  0.358
 4 2006 12  3   1 29 47.0  22 50 15.3071   -8 14 54.589  0.301
 4 2006 12  9   1  6 29.3  22 50 31.7114   -8 11 46.724  0.299
 4 2006 12 12   0 57  2.4  22 50 43.5127   -8 10 26.544  0.298
 4 2007 01  4  10 19 58.7   9 47 35.2689   14 36  5.160  0.368
 4 2007 01  8  10  3  1.8   9 46 54.2219   14 41 16.956  0.368
 4 2007 01 26   8 49 57.2   9 42  5.7218   15  7 47.598  0.366
 4 2007 01 27   8 43 23.1   9 41 55.7725   15  9 30.822  0.366
 4 2007 02 17   7 16 27.4   9 35 15.5239   15 44 11.326  0.357
 4 2007 02 18   7 10  3.0   9 35  4.6273   15 45 56.669  0.356
 4 2007 02 21   6 59 34.9   9 34  9.2423   15 50 52.801  0.355
 4 2007 02 25   6 42 32.4   9 32 47.5513   15 56 51.143  0.352
 4 2007 03  4   6 10 50.2   9 30 54.3390   16  7  8.401  0.348
 4 2007 03  5   6  8 46.4   9 30 30.1516   16  8 27.426  0.347
 4 2007 03 11   5 43 34.1   9 28 54.6986   16 15 49.657  0.343
 4 2007 03 16   5 20 58.0   9 27 43.6362   16 21 49.599  0.339
 4 2007 04 11   3 36  8.3   9 23 58.1435   16 39  3.658  0.322
 4 2007 04 18   3  6 44.0   9 23 35.6112   16 40  6.970  0.318
 5 2007 01  4  10 19 58.7   9 47 33.5920   14 36  2.646  0.368
 5 2007 01  9   9 58 52.8   9 46 32.2972   14 42 12.342  0.368
 5 2007 01 10   9 54 43.4   9 46 26.2888   14 43 39.959  0.368
 5 2007 01 24   8 56  3.1   9 42 50.2758   15  4 42.610  0.367
 5 2007 01 26   8 49 57.2   9 42  5.8802   15  8  5.372  0.366
 5 2007 01 27   8 43 23.1   9 41 47.1931   15  9 15.931  0.366
 5 2007 02 16   7 18 32.5   9 35 44.6781   15 42 55.407  0.358
 5 2007 02 19   7  6  8.4   9 34 39.2124   15 47 11.964  0.356
 5 2007 02 21   6 59 34.9   9 34  9.5398   15 51  6.256  0.355
 5 2007 02 25   6 42 32.4   9 32 57.9076   15 57  3.223  0.352
 5 2007 02 27   6 34 14.2   9 32 10.5156   15 59 52.887  0.351
 5 2007 03  4   6 10 50.2   9 30 44.1920   16  6 45.128  0.348
 5 2007 03  6   6  4 35.9   9 30 23.0103   16  9 48.947  0.346
 5 2007 03  9   5 52  0.9   9 29 25.5675   16 13 11.454  0.344
 5 2007 03 10   5 47 49.5   9 29 17.8334   16 14 39.167  0.343
 5 2007 03 11   5 43 34.1   9 29  3.7302   16 16 21.876  0.343
 5 2007 03 13   5 35 19.2   9 28 23.1855   16 18 10.963  0.341
 5 2007 03 16   5 20 58.0   9 27 49.1202   16 22  8.508  0.339
 5 2007 03 20   5  4 21.9   9 27  0.5321   16 26  6.732  0.336
 5 2007 03 21   5  2  2.2   9 26 41.3669   16 27  3.704  0.336
 5 2007 04 11   3 36  8.3   9 24  0.6456   16 39 10.546  0.322
 5 2007 04 18   3  6 44.0   9 23 33.5188   16 39 58.761  0.318
 8 2007 01  4  10 19 58.7   9 47 48.4852   14 36  4.764  0.369
 8 2007 01  9   9 58 52.8   9 46 29.4607   14 42 33.884  0.369
 8 2007 01 10   9 54 43.4   9 46 12.7079   14 43 56.204  0.369
 8 2007 01 24   8 56  3.1   9 42  4.9775   15  5  3.179  0.367
 8 2007 01 27   8 43 23.1   9 41 12.2574   15  9 53.266  0.366
 8 2007 02 15   7 24 54.2   9 36  0.9481   15 40 58.612  0.357
 8 2007 02 16   7 18 32.5   9 35 45.2695   15 42 34.806  0.357
 8 2007 02 17   7 16 27.4   9 35 29.5612   15 44 10.855  0.356
 8 2007 02 19   7  6  8.4   9 34 58.1923   15 47 21.285  0.355
 8 2007 02 21   6 59 34.9   9 34 26.7473   15 50 29.489  0.354
 8 2007 02 25   6 42 32.4   9 33 23.5594   15 56 36.888  0.352
 8 2007 02 27   6 34 14.2   9 32 51.7321   15 59 35.721  0.350
 8 2007 03  4   6 10 50.2   9 31 31.4045   16  6 44.809  0.347
 8 2007 03  5   6  8 46.4   9 31 15.1823   16  8  7.613  0.347
 8 2007 03  6   6  4 35.9   9 30 58.9588   16  9 28.846  0.346
 8 2007 03  9   5 52  0.9   9 30 10.1738   16 13 25.181  0.344
 8 2007 03 10   5 47 49.5   9 29 53.9033   16 14 41.372  0.344
 8 2007 03 11   5 43 34.1   9 29 37.6533   16 15 55.968  0.343
 8 2007 03 13   5 35 19.2   9 29  5.2565   16 18 20.913  0.342
 8 2007 03 16   5 20 58.0   9 28 17.2155   16 21 46.057  0.340
 8 2007 03 18   5 14 51.1   9 27 45.7187   16 23 54.930  0.339
 8 2007 03 20   5  4 21.9   9 27 14.9463   16 25 56.129  0.337
 8 2007 04 11   3 36  8.3   9 23 18.2535   16 39 21.861  0.322
 8 2007 04 18   3  6 44.0   9 23  3.0153   16 40  6.137  0.317
 7 2007 01  4  10 19 58.7   9 47 45.9710   14 35 36.965  0.368
 7 2007 01  9   9 58 52.8   9 46 49.4900   14 43 14.653  0.368
 7 2007 01 10   9 54 43.4   9 46 32.4734   14 44 42.711  0.368
 7 2007 01 26   8 49 57.2   9 42 19.6941   15  7 29.239  0.366
 7 2007 01 27   8 43 23.1   9 42  5.4101   15  9 24.526  0.366
 7 2007 02 15   7 24 54.2   9 36  1.5941   15 40 18.189  0.358
 7 2007 02 16   7 18 32.5   9 35 47.2783   15 42 10.623  0.357
 7 2007 02 17   7 16 27.4   9 35 32.0843   15 44  5.194  0.357
 7 2007 02 19   7  6  8.4   9 34 57.6179   15 47 57.895  0.356
 7 2007 02 21   6 59 34.9   9 34 16.4483   15 51 37.408  0.355
 7 2007 02 25   6 42 32.4   9 32 44.3301   15 57 38.279  0.352
 7 2007 03  4   6 10 50.2   9 30 35.0972   16  6  0.576  0.348
 7 2007 03  5   6  8 46.4   9 30 21.8515   16  7 15.023  0.347
 7 2007 03  6   6  4 35.9   9 30  9.6716   16  8 34.690  0.346
 7 2007 03 10   5 47 49.5   9 29 24.8359   16 14 24.331  0.343
 7 2007 03 11   5 43 34.1   9 29 12.5328   16 15 57.676  0.343
 7 2007 03 13   5 35 19.2   9 28 43.8318   16 18 58.539  0.341
 7 2007 03 20   5  4 21.9   9 26 41.3036   16 26  8.804  0.337
 7 2007 04 11   3 36  8.3   9 23 40.1859   16 39 22.118  0.322
 7 2007 04 18   3  6 44.0   9 23 33.3955   16 38 58.897  0.317
 6 2007 01  8  10  3  1.8   9 46 36.4244   14 40 45.603  0.368
 6 2007 01  9   9 58 52.8   9 46 24.9390   14 41 50.726  0.368
 6 2007 01 18   9 22  3.8   9 44 33.5475   14 56  8.370  0.368
 6 2007 01 19   9 17 44.4   9 44 12.5985   14 57 41.282  0.368
 6 2007 01 25   8 53 24.8   9 42 15.6030   15  5 36.964  0.367
 6 2007 01 26   8 47 52.5   9 42  1.7367   15  7  5.700  0.366
 6 2007 02 15   7 22 48.7   9 36  8.8778   15 40 52.489  0.358
 6 2007 02 16   7 18 32.5   9 35 52.3402   15 42 51.502  0.357
 6 2007 02 16   7 20 46.3   9 35 52.3058   15 42 51.909  0.357
 6 2007 02 17   7 14 19.2   9 35 33.8046   15 44 48.510  0.357
 6 2007 02 17   7 16 27.4   9 35 33.7872   15 44 48.674  0.357
 6 2007 02 21   6 57 21.0   9 34  2.7307   15 51 29.420  0.355
 6 2007 02 22   6 54 46.3   9 33 38.9379   15 52 48.215  0.354
 6 2007 02 25   6 40 24.5   9 32 38.1423   15 56 22.441  0.352
 6 2007 02 27   6 31 57.1   9 32  8.4451   15 58 58.191  0.351
 6 2007 03  4   6 10 50.2   9 31  3.7976   16  7  7.126  0.347
 6 2007 03  5   6  6 39.2   9 30 47.3983   16  8 48.738  0.347
 6 2007 03  6   6  2 26.9   9 30 29.0848   16 10 24.925  0.346
 6 2007 03  9   5 49 51.5   9 29 26.7478   16 14 19.285  0.344
 6 2007 03  9   5 52  0.9   9 29 26.7202   16 14 19.604  0.344
 6 2007 03 10   5 45 40.2   9 29  6.1026   16 15 18.535  0.344
 6 2007 03 11   5 41 29.1   9 28 47.0132   16 16 11.286  0.343
 6 2007 03 11   5 43 34.1   9 28 46.9930   16 16 11.386  0.343
 6 2007 03 13   5 33  7.9   9 28 15.6276   16 17 51.041  0.341
 6 2007 03 15   5 25 15.7   9 27 53.3793   16 19 43.864  0.340
 6 2007 03 18   5 12 48.7   9 27 28.2290   16 23 17.847  0.338
 6 2007 03 20   5  6 35.4   9 27  8.8177   16 25 56.588  0.336
 6 2007 03 21   5  2  2.2   9 26 56.8234   16 27 13.073  0.336
 6 2007 04 11   3 36  8.3   9 23 47.6620   16 39 39.422  0.322
 6 2007 04 15   3 19  0.8   9 23 33.0228   16 39  6.752  0.319
 6 2007 04 17   3 11 18.3   9 23 38.1615   16 39  9.224  0.318
 6 2007 04 18   3  8 56.3   9 23 42.2326   16 39 18.857  0.317
 3 2007 01 10   9 54 43.4   9 46 20.4714   14 43 53.849  0.368
 3 2007 01 27   8 43 23.1   9 41 49.6748   15  9 38.143  0.366
 3 2007 02 15   7 24 54.2   9 35 54.3683   15 41  7.886  0.358
 3 2007 02 16   7 18 32.5   9 35 41.8942   15 42 46.866  0.358
 3 2007 02 17   7 16 27.4   9 35 16.2718   15 44 18.517  0.357
 3 2007 02 18   7 10  3.0   9 35  4.2668   15 46  5.705  0.356
 3 2007 02 19   7  6  8.4   9 34 38.8559   15 47 26.553  0.356
 3 2007 02 21   6 59 34.9   9 34  2.1506   15 50 33.255  0.355
 3 2007 03  4   6 10 50.2   9 30 47.0998   16  7  2.339  0.348
 3 2007 03  5   6  8 46.4   9 30 36.5678   16  8 21.858  0.347
 3 2007 03  6   6  4 35.9   9 30 13.6568   16  9 39.231  0.346
 3 2007 03 10   5 47 49.5   9 29 10.8532   16 14 38.008  0.343
 3 2007 03 11   5 43 34.1   9 29  1.1972   16 16 14.994  0.343
 3 2007 04 11   3 36  8.3   9 23 52.1196   16 39  7.014  0.322
 2 2007 01 24   8 58 13.9   9 42 47.7637   15  4 47.551  0.367
