07  2019 08 08.411293 19 04 20.00  -22 19 04.0   14.21 o  T08 115066
07  2019 08 08.414983 19 04 19.95  -22 19 04.0   14.19 o  T08 115066
07  2019 08 08.420521 19 04 19.88  -22 19 04.1   14.22 o  T08 115066
07  2019 08 08.433992 19 04 19.70  -22 19 04.3   14.17 o  T08 115066
08  2019 06 09.17078  19 22 46.11  -21 45 18.6   12.4  V  G40 115989
08  2019 06 09.18475  19 22 45.90  -21 45 19.0   12.4  V  G40 115989
08  2019 06 09.19853  19 22 45.69  -21 45 19.6   12.3  V  G40 115989
08  2019 09 03.317215 19 00 18.96  -22 31 30.5   12.32 c  T05 115989
08  2019 09 03.320421 19 00 18.93  -22 31 30.7   12.36 c  T05 115989
08  2019 09 03.326883 19 00 18.88  -22 31 30.8   12.38 c  T05 115989
08  2019 09 03.337419 19 00 18.79  -22 31 30.9   12.28 c  T05 115989
