 2 2008 04 02  19 37 26.2067  10 20 02.4107  +12 21 40.213
 2 2008 04 04  20 12 29.4670  10 19 34.3953  +12 23 31.433
 2 2008 04 15  19 18 05.7648  10 17 55.5808  +12 31 50.315
 2 2008 04 24  18 41 36.5953  10 17 13.1525  +12 35 27.160
 2 2008 03 24  20 51 26.9446  10 21 53.3570  +12 11 01.193
 2 2008 12 28  04 00 01.2202  11 32 24.2622  +05 11 13.356
 2 2008 03 28  20 30 54.7303  10 20 59.1618  +12 16 04.500
 2 2009 02 01  01 18 59.7597  11 29 33.8535  +05 39 50.500
 2 2009 05 03  19 40 42.0599  11 07 57.8168  +07 58 31.668
 2 2009 01 08  02 58 44.0449  11 32 20.2615  +05 14 54.790
 2 2009 04 13  20 03 50.2799  11 10 49.5378  +07 42 53.416
 2 2009 04 20  19 47 30.1600  11 09 32.2854  +07 50 02.046
 2 2009 04 26  19 24 00.3997  11 08 43.4648  +07 54 48.188
 3 2008 04 01  20 25 26.7663  10 20 08.6183  +12 20 34.623
 3 2008 04 02  19 37 26.2067  10 20 02.6313  +12 21 35.953
 3 2008 04 02  19 37 26.2067  10 20 02.6297  +12 21 35.940
 3 2008 01 04  02 42 37.1096  10 42 02.2453  +10 03 20.113
 3 2008 04 04  20 12 29.4670  10 19 40.2207  +12 23 40.763
 3 2008 01 05  02 14 13.4952  10 42 00.9458  +10 04 12.825
 3 2008 04 05  20 06 55.8696  10 19 23.0603  +12 24 25.540
 3 2008 04 22  18 47 37.5599  10 17 15.4930  +12 34 46.187
 3 2008 04 23  18 43 15.4352  10 17 17.6448  +12 35 13.838
 3 2008 04 24  18 41 36.5953  10 17 07.8340  +12 35 13.583
 3 2008 04 25  18 37 22.7331  10 17 10.3023  +12 35 41.273
 3 2008 12 28  04 00 01.2202  11 32 23.6288  +05 11 12.434
 3 2008 03 31  20 30 16.8336  10 20 25.5543  +12 19 28.643
 3 2009 02 01  01 18 59.7597  11 29 34.4507  +05 39 51.320
 3 2009 05 03  19 40 42.0599  11 07 53.4834  +07 58 23.590
 3 2009 02 04  01 05 54.2696  11 28 53.4226  +05 44 13.006
 3 2009 04 08  20 58 53.5903  11 11 52.2344  +07 36 44.556
 3 2009 04 13  20 03 50.2799  11 10 54.7220  +07 43 00.050
 3 2009 03 19  22 25 18.6703  11 17 07.6394  +07 05 06.366
 3 2009 02 20  00 13 55.8102  11 25 09.7070  +06 11 51.742
 3 2009 04 25  19 25 44.5601  11 08 46.9958  +07 54 04.070
 3 2009 04 26  19 24 00.3997  11 08 44.3926  +07 54 50.178
 3 2009 04 27  19 24 49.2096  11 08 30.8290  +07 55 22.564
 4 2008 04 01  20 25 26.7663  10 20 13.5033  +12 20 46.603
 4 2008 04 02  19 37 26.2067  10 19 55.7193  +12 21 28.297
 4 2008 04 02  19 37 26.2067  10 19 55.7197  +12 21 28.280
 4 2008 01 03  02 16 40.8002  10 42 08.1378  +10 02 31.334
 4 2008 01 05  02 14 13.4952  10 42 01.9710  +10 04 20.423
 4 2008 04 05  20 06 55.8696  10 19 23.1587  +12 24 20.490
 4 2008 04 23  18 43 15.4352  10 17 16.4138  +12 35 19.280
 4 2008 04 24  18 41 36.5953  10 17 06.9048  +12 35 13.020
 4 2008 04 25  18 37 22.7331  10 17 10.7733  +12 35 31.640
 4 2008 12 28  04 00 01.2202  11 32 29.1804  +05 11 19.006
 4 2008 03 28  20 30 54.7303  10 21 30.0143  +12 15 53.183
 4 2008 03 29  20 35 49.8753  10 20 52.1693  +12 17 25.075
 4 2008 03 29  20 36 56.7498  10 20 52.1570  +12 17 25.075
 4 2009 02 01  01 18 59.7597  11 29 28.4262  +05 39 42.535
 4 2009 05 03  19 40 42.0599  11 07 57.2884  +07 58 34.508
 4 2009 05 04  18 59 08.4203  11 07 46.4469  +07 58 43.650
 4 2009 01 08  02 58 44.0449  11 32 25.3593  +05 15 00.785
 4 2009 04 08  20 58 53.5903  11 11 59.0116  +07 36 53.946
 4 2009 04 13  20 03 50.2799  11 10 54.4188  +07 42 55.778
 4 2009 02 20  00 13 55.8102  11 25 02.8782  +06 11 41.840
 4 2009 04 20  19 47 30.1600  11 09 31.2928  +07 50 03.130
 4 2009 04 23  19 47 16.8699  11 09 02.5662  +07 52 31.700
 4 2009 04 26  19 24 00.3997  11 08 38.3698  +07 54 40.504
 4 2009 04 27  19 24 49.2096  11 08 37.7648  +07 55 30.586
 5 2008 04 01  20 25 26.7663  10 20 14.8013  +12 20 28.800
 5 2008 04 02  19 37 26.2067  10 20 05.1503  +12 21 48.970
 5 2008 04 02  19 37 26.2067  10 20 05.1320  +12 21 48.613
 5 2008 01 03  02 16 40.8002  10 42 16.0218  +10 02 34.866
 5 2008 01 04  02 42 37.1096  10 42 06.3965  +10 03 31.788
 5 2008 04 04  20 12 29.4670  10 19 31.2640  +12 23 25.943
 5 2008 01 05  02 14 13.4952  10 41 53.5680  +10 04 10.088
 5 2008 04 15  19 18 05.7648  10 18 03.5068  +12 31 57.695
 5 2008 04 22  18 47 37.5599  10 17 13.0093  +12 34 43.933
 5 2008 04 23  18 43 15.4352  10 17 13.1678  +12 34 51.950
 5 2008 04 24  18 41 36.5953  10 17 15.9318  +12 35 22.870
 5 2008 03 24  20 51 26.9446  10 22 01.0140  +12 11 19.445
 5 2008 04 25  18 37 22.7331  10 17 10.7450  +12 35 48.710
 5 2008 12 28  04 00 01.2202  11 32 23.1464  +05 11 11.656
 5 2008 03 28  20 30 54.7303  10 21 07.1025  +12 16 10.308
 5 2008 03 29  20 35 49.8753  10 20 50.4190  +12 17 31.213
 5 2008 03 29  20 36 56.7498  10 20 50.4060  +12 17 31.280
 5 2008 03 31  20 30 16.8336  10 20 19.4370  +12 19 14.350
 5 2009 02 01  01 18 59.7597  11 29 27.5369  +05 39 43.918
 5 2009 04 01  21 10 28.9703  11 13 31.0102  +07 26 42.282
 5 2009 05 03  19 40 42.0599  11 07 53.4534  +07 58 20.802
 5 2009 02 04  01 05 54.2696  11 29 01.4512  +05 44 23.260
 5 2009 05 04  18 59 08.4203  11 07 55.0030  +07 58 52.430
 5 2009 01 05  03 20 06.8499  11 32 23.9690  +05 13 22.194
 5 2009 04 07  20 44 15.7801  11 12 14.2424  +07 35 31.922
 5 2009 01 08  02 58 44.0449  11 32 27.5560  +05 15 04.100
 5 2009 04 08  20 58 53.5903  11 11 57.8736  +07 36 55.504
 5 2009 02 20  00 13 55.8102  11 25 01.5218  +06 11 40.118
 5 2009 04 20  19 47 30.1600  11 09 37.1004  +07 50 03.770
 5 2009 04 21  19 45 06.7196  11 09 30.5274  +07 51 06.822
 5 2009 04 23  19 47 16.8699  11 09 01.0048  +07 52 31.012
 5 2009 04 25  19 25 44.5601  11 08 54.4826  +07 54 09.774
 5 2009 04 26  19 24 00.3997  11 08 45.0388  +07 54 56.066
 5 2009 04 27  19 24 49.2096  11 08 30.2042  +07 55 25.628
 6 2008 04 01  20 25 26.7663  10 20 05.5903  +12 19 56.310
 6 2008 04 02  19 37 26.2067  10 19 59.0227  +12 21 00.770
 6 2008 04 02  19 37 26.2067  10 19 59.0220  +12 21 00.753
 6 2008 01 03  02 16 40.8002  10 42 23.3138  +10 02 49.826
 6 2008 01 04  02 42 37.1096  10 42 15.3840  +10 03 46.798
 6 2008 04 04  20 12 29.4670  10 19 45.7960  +12 23 22.827
 6 2008 01 05  02 14 13.4952  10 42 05.6313  +10 04 39.750
 6 2008 04 05  20 06 55.8696  10 19 38.2077  +12 24 33.250
 6 2008 04 15  19 18 05.7648  10 17 45.8858  +12 31 24.340
 6 2008 04 22  18 47 37.5599  10 17 31.6703  +12 35 06.563
 6 2008 04 23  18 43 15.4352  10 17 26.9248  +12 35 34.313
 6 2008 04 24  18 41 36.5953  10 17 20.6415  +12 35 55.530
 6 2008 03 24  20 51 26.9446  10 22 02.2493  +12 11 41.453
 6 2008 04 25  18 37 22.7331  10 17 13.1997  +12 36 08.930
 6 2008 12 28  04 00 01.2202  11 32 15.7132  +05 11 02.570
 6 2008 03 28  20 30 54.7303  10 20 49.1253  +12 15 59.590
 6 2008 03 29  20 35 49.8753  10 20 34.8738  +12 16 56.288
 6 2008 03 29  20 36 56.7498  10 20 34.8650  +12 16 56.275
 6 2008 03 31  20 30 16.8336  10 20 13.4660  +12 18 53.330
 6 2009 04 01  21 10 28.9703  11 13 22.1676  +07 26 31.412
 6 2009 05 03  19 40 42.0599  11 07 42.9910  +07 58 08.484
 6 2009 02 04  01 05 54.2696  11 29 08.3888  +05 44 29.558
 6 2009 05 04  18 59 08.4203  11 07 40.2093  +07 58 28.233
 6 2009 01 05  03 20 06.8499  11 32 39.5486  +05 13 40.628
 6 2009 04 07  20 44 15.7801  11 12 19.7606  +07 35 33.378
 6 2009 04 08  20 58 53.5903  11 12 08.0342  +07 37 00.972
 6 2009 04 13  20 03 50.2799  11 10 48.7160  +07 43 03.066
 6 2009 03 19  22 25 18.6703  11 17 02.8560  +07 04 51.352
 6 2009 02 20  00 13 55.8102  11 25 19.5734  +06 12 01.000
 6 2009 04 20  19 47 30.1600  11 09 32.6620  +07 49 50.162
 6 2009 04 21  19 45 06.7196  11 09 27.8856  +07 50 49.318
 6 2009 04 23  19 47 16.8699  11 09 17.4030  +07 52 43.678
 6 2009 04 25  19 25 44.5601  11 09 02.1898  +07 54 24.334
 6 2009 04 26  19 24 00.3997  11 08 52.1036  +07 55 07.614
 6 2009 04 27  19 24 49.2096  11 08 40.6512  +07 55 45.298
 7 2008 04 01  20 25 26.7663  10 20 21.8060  +12 21 14.883
 7 2008 04 02  19 37 26.2067  10 20 06.6690  +12 22 17.440
 7 2008 04 02  19 37 26.2067  10 20 06.6660  +12 22 17.423
 7 2008 01 03  02 16 07.5000  10 42 17.8214  +10 02 26.892
 7 2008 01 04  02 42 37.1096  10 42 16.0580  +10 03 20.030
 7 2008 04 04  20 12 29.4670  10 19 34.5263  +12 24 11.153
 7 2008 01 05  02 14 13.4952  10 42 12.2400  +10 04 21.745
 7 2008 04 05  20 06 55.8696  10 19 19.3267  +12 24 59.330
 7 2008 04 15  19 18 05.7648  10 17 57.4103  +12 31 17.540
 7 2008 04 22  18 47 37.5599  10 17 29.5730  +12 35 30.240
 7 2008 04 23  18 43 15.4352  10 17 21.8888  +12 35 49.303
 7 2008 04 24  18 41 36.5953  10 17 13.9095  +12 36 02.118
 7 2008 03 24  20 51 26.9446  10 21 51.1753  +12 10 24.230
 7 2008 03 28  20 30 54.7303  10 21 14.1690  +12 16 03.440
 7 2008 03 29  20 35 49.8753  10 21 03.0173  +12 17 27.875
 7 2008 03 29  20 36 56.7498  10 21 03.0080  +12 17 27.930
 7 2008 03 31  20 30 16.8336  10 20 36.7090  +12 20 04.473
 7 2009 02 01  01 18 59.7597  11 29 17.4038  +05 39 35.675
 7 2009 05 03  19 40 42.0599  11 07 50.5246  +07 58 09.590
 7 2009 02 04  01 05 54.2696  11 28 39.6548  +05 43 59.430
 7 2009 01 05  03 20 06.8499  11 32 35.6654  +05 13 35.906
 7 2009 04 07  20 44 15.7801  11 11 52.0974  +07 35 10.508
 7 2009 01 08  02 58 44.0449  11 32 17.5948  +05 14 55.173
 7 2009 04 08  20 58 53.5903  11 11 38.7742  +07 36 27.802
 7 2009 03 19  22 25 18.6703  11 16 51.5750  +07 04 44.104
 7 2009 02 20  00 13 55.8102  11 25 00.5834  +06 11 48.116
 7 2009 04 20  19 47 30.1600  11 09 45.3812  +07 50 28.592
 7 2009 04 21  19 45 06.7196  11 09 32.0642  +07 51 20.010
 7 2009 04 25  19 25 44.5601  11 08 40.1566  +07 54 09.228
 7 2009 04 26  19 24 00.3997  11 08 28.9504  +07 54 44.256
 7 2009 04 27  19 24 49.2096  11 08 18.9548  +07 55 17.046
 8 2008 04 01  20 33 17.6498  10 20 45.3700  +12 20 07.862
 8 2008 01 03  02 16 40.8002  10 42 15.8698  +10 02 23.976
 8 2008 01 04  02 42 37.1096  10 42 12.8893  +10 03 46.398
 8 2008 01 05  02 14 13.4952  10 42 09.5948  +10 04 33.163
 8 2008 04 22  18 47 37.5599  10 17 36.3277  +12 34 16.187
 8 2008 04 23  18 43 15.4352  10 17 29.4065  +12 34 34.818
 8 2008 04 24  18 41 36.5953  10 17 22.7850  +12 34 51.358
 8 2008 03 24  20 51 26.9446  10 22 12.1345  +12 11 07.668
 8 2008 04 25  18 37 22.7331  10 17 16.5027  +12 35 05.717
 8 2008 12 28  04 00 01.2202  11 32 21.8728  +05 10 21.086
 8 2008 03 28  20 30 54.7303  10 21 27.7918  +12 15 51.580
 8 2008 03 29  20 45 42.0497  10 21 16.9078  +12 16 58.898
 8 2009 02 01  01 18 59.7597  11 29 23.9702  +05 41 11.606
 8 2009 02 04  01 05 54.2696  11 28 57.2844  +05 45 22.576
 8 2009 03 06  23 07 04.6470  11 21 16.7543  +06 38 55.953
 8 2009 04 13  20 03 50.2799  11 10 27.3892  +07 44 24.564
 8 2009 03 19  22 25 18.6703  11 16 50.6244  +07 04 41.378
 8 2009 04 20  19 47 30.1600  11 09 29.1086  +07 51 09.798
 8 2009 04 21  19 45 06.7196  11 09 22.2956  +07 51 57.426
 8 2009 04 23  19 47 16.8699  11 09 09.6452  +07 53 24.810
 8 2009 04 25  19 25 44.5601  11 08 58.3562  +07 54 41.314
 8 2009 04 26  19 24 00.3997  11 08 53.1120  +07 55 15.996
 8 2009 04 27  19 24 49.2096  11 08 48.1434  +07 55 48.232
