1995  8 05.990278  6   5   -24.38     3.58    0.04    0.03
1995  8 05.990278  3   5   -35.90     4.44    0.23    0.19
1995  8 05.990278  3   6   -11.52     0.86    0.19    0.16
1995  8 05.990278  4   5  -139.08    12.21    0.07    0.56
1995  8 05.990278  4   6  -114.70     8.63    0.04    0.53
1995  8 05.990278  4   3  -103.18     7.77   -0.15    0.38
1995  8 21.009942  4   6   -56.47     4.47    0.23   -0.01
1995  8 21.009942  3   6   -69.32     6.55    0.32    0.08
1995  8 21.009942  3   4   -12.85     2.08    0.10    0.08
1995  8 21.014803  4   6   -56.73     4.86   -0.26    0.40
1995  8 21.014803  3   6   -69.62     6.79   -0.30    0.35
1995  8 21.014803  3   4   -12.89     1.93   -0.04   -0.06
1995  8 25.919699  5   6   118.81    -8.93   -0.01   -0.65
1995  9  1.918831  5   6   -82.38     4.23    0.06   -0.38
1995  9  1.922870  5   6   -82.56     4.20   -0.11   -0.41
1996  8 14.971991  8   5    26.28   -66.77    0.14    0.01
1996  8 14.971991  7   5    82.20   -13.70   -0.91   -0.28
1996  8 14.971991  7   8    55.92    53.07   -1.05   -0.29
1996  8 15.006817  4   6     7.09    17.27   -0.03    0.02
1996  8 18.980509  4   6  -126.10    11.96   -0.07    0.42
1996  8 18.952054  8   6    89.90   -14.25   -0.09   -0.19
1996  8 18.961308  8   6    89.95   -14.28   -0.16   -0.28
1996  8 19.964306  5   6  -117.65     7.91    0.13    0.36
1996  8 19.964306  7   6   -65.06    24.67    1.09   -0.15
1996  8 19.964306  7   5    52.60    16.76    0.97   -0.51
1996  8 19.982257  5   6  -118.38     8.10    0.09    0.44
1996  8 19.982257  7   6   -65.86    24.69    1.20   -0.11
1996  8 19.985527  7   5    52.52    16.60    1.15   -0.52
1996  8 22.036528  4   6   -81.25    -7.69    0.04   -0.18
1996  8 25.050556  7   6   -96.31     5.92    0.85   -0.07
1996  9 26.860081  8   6  -123.40    19.74    0.45    0.68
1996  9 26.888866  5   6    60.94   -12.00   -0.05   -0.26
1996 10 11.913530  7   6  -128.20   -15.20   -0.15    0.20
1996 10 14.862864  5   6   114.41    -3.33   -0.08   -0.12
1996 10 16.899711  4   6    57.00     6.74   -0.07    0.02
1996 10 16.965498  3   5   -23.00     5.21   -0.08   -0.01
1997  9 05.019876  7   6    89.18    28.26   -0.33   -0.40
1997  9 14.984300  7   6   -32.85    18.00   -0.11   -0.12
1997  9 14.991260  7   6   -32.97    18.00   -0.08   -0.15
1997  9 22.942282  7   6   -93.22   -29.40    2.37    0.50
1997  9 22.942282  7   4    54.45   -40.13    2.21   -0.18
1998  9  3.036948  5   6   126.69     5.98   -0.06   -0.46
1998 11 10.852494  5   6  -104.96    14.60    0.07    0.03
1998 11 11.858764  5   6  -160.84    24.09   -0.07   -0.24
1998 11 17.834623  7   6  -105.68   -50.04   -0.65    0.58
1998 11 17.851981  5   6    36.79   -38.47    0.10    0.06
1998 11 17.851981  3   6    75.79   -43.67    0.08    0.02
1998 11 17.851981  3   5    38.99    -5.19   -0.03   -0.03
1998 11 18.760984  7   6   -28.63   -53.07   -1.04    0.79
1999  8 19.043813  6   7    -5.97   -48.47    0.95    0.53
1999 11  7.922656  5   7    53.14   -81.67   -0.77   -0.10
1999 11  7.906609  6   4  -103.94   -34.65    0.29    0.16
1999 11  7.906609  6   3  -121.98   -29.71    0.36    0.12
1999 11  7.906609  4   3   -18.04     4.94    0.07   -0.05
1999 11  7.906609  6   2  -138.63   -28.15    0.44    0.13
1999 11  7.906609  4   2   -34.69     6.50    0.15   -0.03
1999 11  7.906609  3   2   -16.64     1.56    0.09    0.02
1999 11  7.906564  6   1  -136.33   -34.20    0.67    0.17
1999 11  7.906564  4   1   -32.39     0.45    0.37    0.01
1999 11  7.906564  3   1   -14.34    -4.48    0.32    0.07
2000  1 31.727981  4   3   -11.88    -0.89    0.09   -0.02
2000  1 31.727981  5   4    94.47   -21.20   -0.11    0.02
2000  1 31.727981  5   3    82.59   -22.09   -0.02    0.00
2000  2 20.713296  4   2    -2.40   -24.41    0.17    0.10
2000  2 20.713296  4   3   -12.19   -25.05    0.25    0.07
2000  2 20.713296  2   3    -9.78    -0.63    0.09   -0.02
2000  2 20.713296  4   6   -70.37   -69.30    0.64    0.06
2000  2 20.713296  2   6   -67.96   -44.88    0.47   -0.03
2000  2 20.713296  3   6   -58.17   -44.25    0.40   -0.01
2000  2 20.713296  4   7   -92.22   -89.36    1.04    0.12
2000  2 20.713296  2   7   -89.81   -64.95    0.87    0.02
2000  2 20.713296  3   7   -80.02   -64.31    0.80    0.05
2000  2 20.713296  6   7   -21.85   -20.06    0.40    0.06