 2  2449957.48692 1995 08 27.986920    37.49    3.53   0.0
 2  2453007.39768 2004 01  2.897682   148.33   43.68  2000.0
 2  2453028.35306 2004 01 23.853065  -130.40   37.01  2000.0
 2  2453029.25944 2004 01 24.759440  -235.56    9.30  2000.0
 2  2453055.28606 2004 02 19.786060   131.15   51.46  2000.0
 2  2453074.30244 2004 03  9.802437   -66.44   88.16  2000.0
 2  2453076.24131 2004 03 11.741310  -136.80   27.83  2000.0
 2  2453097.24300 2004 04  1.743004   -38.05  -66.49  2000.0
 2  2453405.33755 2005 02  3.837547   239.56   14.89  2000.0
 2  2453425.36747 2005 02 23.867468   -33.50   70.81  2000.0
 2  2453452.24501 2005 03 22.745015   182.64    1.80  2000.0
 2  2453459.32153 2005 03 29.821530  -161.85   51.61  2000.0
 2  2453460.24442 2005 03 30.744424  -139.75   23.85  2000.0
 2  2453461.27918 2005 03 31.779180  -183.53  -27.93  2000.0
 3  2449952.48320 1995 08 22.983200    45.31   -3.18   0.0
 3  2449963.43138 1995 09  2.931380    24.75   -0.93   0.0
 3  2449963.45406 1995 09  2.954060    27.62   -1.24   0.0
 3  2453007.39768 2004 01  2.897682   233.79   58.89  2000.0
 3  2453028.35306 2004 01 23.853065  -117.97   63.08  2000.0
 3  2453029.25944 2004 01 24.759440  -241.10    2.66  2000.0
 3  2453055.28606 2004 02 19.786060   137.48   71.46  2000.0
 3  2453069.32853 2004 03  4.828526   198.47  -22.79  2000.0
 3  2453074.30244 2004 03  9.802437   -76.88   85.90  2000.0
 3  2453076.24131 2004 03 11.741310  -199.88   40.84  2000.0
 3  2453097.24300 2004 04  1.743004   -96.47  -95.50  2000.0
 3  2453405.33755 2005 02  3.837547   199.31   -4.63  2000.0
 3  2453411.31815 2005 02  9.818150   -92.05   45.43  2000.0
 3  2453425.36747 2005 02 23.867468   -29.99   93.95  2000.0
 3  2453433.26216 2005 03  3.762155   -68.44  -89.25  2000.0
 3  2453452.24501 2005 03 22.745015   133.17  -28.08  2000.0
 3  2453458.33802 2005 03 28.838025   -57.80   50.47  2000.0
 3  2453459.32153 2005 03 29.821530  -162.95   55.25  2000.0
 3  2453460.24442 2005 03 30.744424  -152.59    3.55  2000.0
 4  2453461.27918 2005 03 31.779180  -226.37   -5.13  2000.0
 4  2453007.39768 2004 01  2.897682   140.54   30.90  2000.0
 4  2453028.35306 2004 01 23.853065  -176.84   72.19  2000.0
 4  2453029.25944 2004 01 24.759440  -241.74   -6.67  2000.0
 4  2453055.28606 2004 02 19.786060   208.49   82.82  2000.0
 4  2453069.32853 2004 03  4.828526   176.46   21.60  2000.0
 4  2453074.30244 2004 03  9.802437    16.80  100.28  2000.0
 4  2453076.24131 2004 03 11.741310  -138.47   16.72  2000.0
 4  2453097.24300 2004 04  1.743004  -114.00  -80.71  2000.0
 4  2453405.33755 2005 02  3.837547   264.29   19.80  2000.0
 4  2453411.31815 2005 02  9.818150  -106.71   76.63  2000.0
 4  2453425.36747 2005 02 23.867468   -23.70  103.31  2000.0
 4  2453433.26216 2005 03  3.762155    -2.62  -54.34  2000.0
 4  2453452.24501 2005 03 22.745015   210.57    8.20  2000.0
 4  2453458.33802 2005 03 28.838025  -115.99   79.58  2000.0
 4  2453459.32153 2005 03 29.821530  -148.51   17.82  2000.0
 4  2453460.24442 2005 03 30.744424  -120.73   30.79  2000.0
 5  2453461.27918 2005 03 31.779180  -246.50   -9.71  2000.0
 5  2453007.39768 2004 01  2.897682   149.65   16.11  2000.0
 5  2453028.35306 2004 01 23.853065  -202.65   76.75  2000.0
 5  2453029.25944 2004 01 24.759440  -283.59    1.21  2000.0
 5  2453055.28606 2004 02 19.786060   143.83   92.75  2000.0
 5  2453069.32853 2004 03  4.828526   114.12   10.14  2000.0
 5  2453074.30244 2004 03  9.802437  -117.05   73.21  2000.0
 5  2453076.24131 2004 03 11.741310   -78.64   33.06  2000.0
 5  2453097.24300 2004 04  1.743004  -127.36 -105.44  2000.0
 5  2453405.33755 2005 02  3.837547   194.24  -21.14  2000.0
 5  2453411.31815 2005 02  9.818150   -52.81   72.78  2000.0
 5  2453425.36747 2005 02 23.867468    40.13  117.44  2000.0
 5  2453433.26216 2005 03  3.762155    53.87  -88.50  2000.0
 5  2453452.24501 2005 03 22.745015   229.70   15.98  2000.0
 5  2453458.33802 2005 03 28.838025  -159.26   61.57  2000.0
 5  2453459.32153 2005 03 29.821530  -166.23    8.59  2000.0
 5  2453460.24442 2005 03 30.744424  -110.38    3.54  2000.0
 8  2453461.27918 2005 03 31.779180  -135.05   15.22  2000.0
 8  2453007.39768 2004 01  2.897682  -399.45  -46.36  2000.0
 8  2453028.35306 2004 01 23.853065   -10.68  -39.27  2000.0
 8  2453029.25944 2004 01 24.759440    -6.35  -60.13  2000.0
 8  2453074.30244 2004 03  9.802437  -378.90  108.34  2000.0
 8  2453076.24131 2004 03 11.741310  -559.89   44.06  2000.0
 8  2453097.24300 2004 04  1.743004  -338.20 -216.42  2000.0
 8  2453405.33755 2005 02  3.837547  -381.66  -43.87  2000.0
 8  2453411.31815 2005 02  9.818150  -655.53  -41.70  2000.0
 8  2453433.26216 2005 03  3.762155   335.14 -108.45  2000.0
 8  2453458.33802 2005 03 28.838025   233.60  168.72  2000.0
 8  2453459.32153 2005 03 29.821530   137.15  145.52  2000.0
 8  2453461.27918 2005 03 31.779180     2.96   84.48  2000.0
