1990 05 28.970756  2   +207.56   -35.96
1990 05 28.972833  2   +207.48   -36.73
1990 05 28.974912  2   +207.46   -36.70
1990 05 28.976989  2   +207.74   -36.52
1990 05 26.988644  3   +126.17   +15.44
1990 05 26.992108  3   +126.28   +15.70
1990 05 28.970756  3   +150.78   -33.47
1990 05 28.972833  3   +150.64   -33.68
1990 05 28.974912  3   +150.38   -33.42
1990 05 28.976989  3   +150.80   -33.38
1990 05 31 967015  3    +90.92   -69.08
1990 05 31.968747  3    +91.27   -68.99
1990 05 31.970824  3    +91.27   -69.11
1990 05 31.973247  3    +91.33   -69.33
1990 05 26.988644  4    +94.81   +42.14
1990 05 26.992108  4    +95.20   +41.86
1990 05 26.994878  4    +95.46   +41.92
1990 05 27.002842  4    +95.93   +42.23
1990 05 27.005612  4    +96.66   +42.21
1990 05 28.979756  4   +165.22   -43.78
1990 05 28.972833  4   +164.88   -43.74
1990 05 28.974912  4   +165.37   -44.08
1990 05 28.976989  4   +165.16   -43.88
1990 05 31.967015  4     +6.74   -78.76
1990 05 31.968747  4     +6.63   -78.63
1990 05 31.970824  4     +6.37   -78.39
1990 05 31.973247  4     +5.81   -78.28
1990 05 26.988644  5   +161.49    -2.93
1990 05 26.992108  5   +161.84    -3.53
1990 05 26.994878  5   +161.17    -3.46
1990 05 27.002842  5   +160.70    -3.35
1990 05 27.005612  5   +160.64    -3.88
1990 05 28.970756  5   +137.08    +4.71
1990 05 28.972833  5   +137.37    +4.54
1990 05 28.974912  5   +137.62    +4.61
1990 05 28.976989  5   +138.12    +4.75
1990 05 31.967015  5    +16.98   -93.57
1990 05 31.968747  5    +16.81   -93.57
1990 05 31.970824  5    +16.71   -93.46
1990 05 31.973247  5    +16.60   -93.51
1990 05 26.988644  8   -133.40    -2.12
1990 05 26.992108  8   -133.42    -2.55
1990 05 26.994878  8   -133.87    -2.52
1990 05 27.002842  8   -133.58    -2.68
1990 05 27.005612  8   -133.46    -2.72
1990 05 27.009422  8   -133.76    -2.78
1990 05 28.970756  8   -166.53   -42.68
1990 05 28.972833  8   -166.78   -43.24
1990 05 28.974912  8   -167.56   -43.80
1990 05 28.976989  8   -167.92   -44.11
1990 05 28.995689  8   -167.75   -43.52
1990 05 29.000190  8   -167.42   -43.27
1990 05 29.003307  8   -167.38   -43.28
