  5  4   2008 01 03   02 16 40.8002    116.448    3.532
  6  4   2008 01 03   02 16 40.8002    224.153   18.492
  8  4   2008 01 03   02 16 40.8002    114.203   28.642
  6  5   2008 01 03   02 16 40.8002    107.704   14.960
  8  5   2008 01 03   02 16 40.8002     -2.245   25.110
  8  6   2008 01 03   02 16 40.8002   -109.948   10.150
  7  4   2008 01 03   02 16 44.6502    150.206  -12.690
  7  5   2008 01 03   02 16 44.6502     33.758  -16.223
  7  6   2008 01 03   02 16 44.6502    -73.946  -31.185
  8  7   2008 01 03   02 16 44.6502    -36.010   41.335
  5  3   2008 01 04   02 42 37.1096     61.312   11.675
  6  3   2008 01 04   02 42 37.1096    194.054   26.685
  7  3   2008 01 04   02 42 37.1096    204.008   -0.083
  8  3   2008 01 04   02 42 37.1096    157.208   26.285
  6  5   2008 01 04   02 42 37.1096    132.740   15.010
  7  5   2008 01 04   02 42 37.1096    142.695  -11.758
  8  5   2008 01 04   02 42 37.1096     95.894   14.610
  7  6   2008 01 04   02 42 37.1096      9.954  -26.768
  8  6   2008 01 04   02 42 37.1096    -36.846   -0.400
  8  7   2008 01 04   02 42 37.1096    -46.801   26.368
  4  3   2008 01 05   02 14 13.4952     15.142    7.598
  5  3   2008 01 05   02 14 13.4952   -108.962   -2.738
  6  3   2008 01 05   02 14 13.4952     69.200   26.925
  7  3   2008 01 05   02 14 13.4952    166.804    8.920
  8  3   2008 01 05   02 14 13.4952    127.737   20.338
  5  4   2008 01 05   02 14 13.4952   -124.103  -10.335
  6  4   2008 01 05   02 14 13.4952     54.058   19.328
  7  4   2008 01 05   02 14 13.4952    151.661    1.323
  8  4   2008 01 05   02 14 13.4952    112.594   12.740
  6  5   2008 01 05   02 14 13.4952    178.162   29.663
  7  5   2008 01 05   02 14 13.4952    275.766   11.658
  8  5   2008 01 05   02 14 13.4952    236.699   23.075
  7  6   2008 01 05   02 14 13.4952     97.602  -18.005
  8  6   2008 01 05   02 14 13.4952     58.535   -6.588
  8  7   2008 01 05   02 14 13.4952    -39.067   11.418
  5  2   2008 03 24   20 51 26.9446    112.268   18.253
  6  2   2008 03 24   20 51 26.9446    130.380   40.260
  7  2   2008 03 24   20 51 26.9446    -31.990  -36.963
  8  2   2008 03 24   20 51 26.9446    275.318    6.475
  6  5   2008 03 24   20 51 26.9446     18.111   22.008
  7  5   2008 03 24   20 51 26.9446   -144.254  -55.215
  8  5   2008 03 24   20 51 26.9446    163.047  -11.778
  7  6   2008 03 24   20 51 26.9446   -162.362  -77.223
  8  6   2008 03 24   20 51 26.9446    144.933  -33.785
  8  7   2008 03 24   20 51 26.9446    307.320   43.438
  4  2   2008 03 28   20 30 54.7303     12.496  -11.318
  5  2   2008 03 28   20 30 54.7303    116.391    5.808
  6  2   2008 03 28   20 30 54.7303   -147.110   -4.910
  7  2   2008 03 28   20 30 54.7303    219.968   -1.060
  8  2   2008 03 28   20 30 54.7303    419.644  -12.920
  5  4   2008 03 28   20 30 54.7303    103.897   17.125
  6  4   2008 03 28   20 30 54.7303   -159.607    6.408
  7  4   2008 03 28   20 30 54.7303    207.475   10.258
  8  4   2008 03 28   20 30 54.7303    407.153   -1.603
  6  5   2008 03 28   20 30 54.7303   -263.499  -10.718
  7  5   2008 03 28   20 30 54.7303    103.576   -6.868
  8  5   2008 03 28   20 30 54.7303    303.250  -18.728
  7  6   2008 03 28   20 30 54.7303    367.080    3.850
  8  6   2008 03 28   20 30 54.7303    566.756   -8.010
  8  7   2008 03 28   20 30 54.7303    199.675  -11.860
  5  4   2008 03 29   20 35 49.8753    -25.652    6.138
  6  4   2008 03 29   20 35 49.8753   -253.487  -28.788
  7  4   2008 03 29   20 35 49.8753    158.991    2.800
  6  5   2008 03 29   20 35 49.8753   -227.833  -34.925
  7  5   2008 03 29   20 35 49.8753    184.642   -3.338
  7  6   2008 03 29   20 35 49.8753    412.490   31.588
  5  3   2008 03 31   20 30 16.8336    -89.646  -14.293
  6  3   2008 03 31   20 30 16.8336   -177.146  -35.313
  7  3   2008 03 31   20 30 16.8336    163.464   35.830
  6  5   2008 03 31   20 30 16.8336    -87.502  -21.020
  7  5   2008 03 31   20 30 16.8336    253.113   50.123
  7  6   2008 03 31   20 30 16.8336    340.623   71.143
  4  3   2008 04 01   20 25 26.7663     71.581   11.980
  5  3   2008 04 01   20 25 26.7663     90.601   -5.823
  6  3   2008 04 01   20 25 26.7663    -44.370  -38.313
  7  3   2008 04 01   20 25 26.7663    193.243   40.260
  5  4   2008 04 01   20 25 26.7663     19.020  -17.803
  6  4   2008 04 01   20 25 26.7663   -115.950  -50.293
  7  4   2008 04 01   20 25 26.7663    121.660   28.280
  6  5   2008 04 01   20 25 26.7663   -134.972  -32.490
  7  5   2008 04 01   20 25 26.7663    102.642   46.083
  7  6   2008 04 01   20 25 26.7663    237.622   78.573
  3  2   2008 04 02   19 37 26.2067      3.209   -4.273
  4  2   2008 04 02   19 37 26.2067    -98.038  -11.933
  5  2   2008 04 02   19 37 26.2067     39.874    8.400
  6  2   2008 04 02   19 37 26.2067    -49.652  -39.460
  7  2   2008 04 02   19 37 26.2067     62.350   37.210
  4  3   2008 04 02   19 37 26.2067   -101.248   -7.660
  5  3   2008 04 02   19 37 26.2067     36.665   12.673
  6  3   2008 04 02   19 37 26.2067    -52.861  -35.187
  7  3   2008 04 02   19 37 26.2067     59.142   41.483
  5  4   2008 04 02   19 37 26.2067    137.914   20.333
  6  4   2008 04 02   19 37 26.2067     48.387  -27.527
  7  4   2008 04 02   19 37 26.2067    160.391   49.143
  6  5   2008 04 02   19 37 26.2067    -89.525  -47.860
  7  5   2008 04 02   19 37 26.2067     22.476   28.810
  7  6   2008 04 02   19 37 26.2067    112.007   76.670
  3  2   2008 04 04   20 12 29.4670     85.344    9.330
  5  2   2008 04 04   20 12 29.4670    -45.876   -5.490
  6  2   2008 04 04   20 12 29.4670    167.026   -8.607
  7  2   2008 04 04   20 12 29.4670      1.919   39.720
  5  3   2008 04 04   20 12 29.4670   -131.218  -14.820
  6  3   2008 04 04   20 12 29.4670     81.681  -17.937
  7  3   2008 04 04   20 12 29.4670    -83.424   30.390
  6  5   2008 04 04   20 12 29.4670    212.903   -3.117
  7  5   2008 04 04   20 12 29.4670     47.795   45.210
  7  6   2008 04 04   20 12 29.4670   -165.108   48.327
  4  3   2008 04 05   20 06 55.8696      1.441   -5.050
  6  3   2008 04 05   20 06 55.8696    221.903    7.710
  7  3   2008 04 05   20 06 55.8696    -54.697   33.790
  6  4   2008 04 05   20 06 55.8696    220.465   12.760
  7  4   2008 04 05   20 06 55.8696    -56.138   38.840
  7  6   2008 04 05   20 06 55.8696   -276.598   26.080
  5  2   2008 04 15   19 18 05.7648    116.058    7.380
  6  2   2008 04 15   19 18 05.7648   -141.961  -25.975
  7  2   2008 04 15   19 18 05.7648     26.789  -32.775
  6  5   2008 04 15   19 18 05.7648   -258.017  -33.355
  7  5   2008 04 15   19 18 05.7648    -89.269  -40.155
  7  6   2008 04 15   19 18 05.7648    168.755   -6.800
  5  3   2008 04 22   18 47 37.5599    -36.361   -2.253
  6  3   2008 04 22   18 47 37.5599    236.835   20.377
  7  3   2008 04 22   18 47 37.5599    206.130   44.053
  8  3   2008 04 22   18 47 37.5599    305.018  -30.000
  6  5   2008 04 22   18 47 37.5599    273.196   22.630
  7  5   2008 04 22   18 47 37.5599    242.492   46.307
  8  5   2008 04 22   18 47 37.5599    341.379  -27.747
  7  6   2008 04 22   18 47 37.5599    -30.704   23.677
  8  6   2008 04 22   18 47 37.5599     68.182  -50.377
  8  7   2008 04 22   18 47 37.5599     98.883  -74.053
  4  3   2008 04 23   18 43 15.4352    -18.021    5.443
  5  3   2008 04 23   18 43 15.4352    -65.541  -21.888
  6  3   2008 04 23   18 43 15.4352    135.855   20.475
  7  3   2008 04 23   18 43 15.4352     62.130   35.465
  8  3   2008 04 23   18 43 15.4352    172.186  -39.020
  5  4   2008 04 23   18 43 15.4352    -47.520  -27.330
  6  4   2008 04 23   18 43 15.4352    153.875   15.033
  7  4   2008 04 23   18 43 15.4352     80.151   30.023
  8  4   2008 04 23   18 43 15.4352    190.206  -44.463
  6  5   2008 04 23   18 43 15.4352    201.400   42.363
  7  5   2008 04 23   18 43 15.4352    127.674   57.353
  8  5   2008 04 23   18 43 15.4352    237.733  -17.133
  7  6   2008 04 23   18 43 15.4352    -73.723   14.990
  8  6   2008 04 23   18 43 15.4352     36.331  -59.495
  8  7   2008 04 23   18 43 15.4352    110.052  -74.485
  3  2   2008 04 24   18 41 36.5953    -77.859  -13.578
  4  2   2008 04 24   18 41 36.5953    -91.463  -14.140
  5  2   2008 04 24   18 41 36.5953     40.686   -4.290
  6  2   2008 04 24   18 41 36.5953    109.634   28.370
  7  2   2008 04 24   18 41 36.5953     11.082   34.958
  8  2   2008 04 24   18 41 36.5953    141.013  -35.803
  4  3   2008 04 24   18 41 36.5953    -13.604   -0.563
  5  3   2008 04 24   18 41 36.5953    118.547    9.288
  6  3   2008 04 24   18 41 36.5953    187.495   41.948
  7  3   2008 04 24   18 41 36.5953     88.942   48.535
  8  3   2008 04 24   18 41 36.5953    218.875  -22.225
  5  4   2008 04 24   18 41 36.5953    132.151    9.850
  6  4   2008 04 24   18 41 36.5953    201.099   42.510
  7  4   2008 04 24   18 41 36.5953    102.546   49.098
  8  4   2008 04 24   18 41 36.5953    232.479  -21.663
  6  5   2008 04 24   18 41 36.5953     68.948   32.660
  7  5   2008 04 24   18 41 36.5953    -29.605   39.248
  8  5   2008 04 24   18 41 36.5953    100.327  -31.513
  7  6   2008 04 24   18 41 36.5953    -98.549    6.588
  8  6   2008 04 24   18 41 36.5953     31.378  -64.173
  8  7   2008 04 24   18 41 36.5953    129.926  -70.760
  4  3   2008 04 25   18 37 22.7331      6.895   -9.633
  5  3   2008 04 25   18 37 22.7331      6.480    7.437
  6  3   2008 04 25   18 37 22.7331     42.414   27.657
  8  3   2008 04 25   18 37 22.7331     90.767  -35.557
  5  4   2008 04 25   18 37 22.7331     -0.415   17.070
  6  4   2008 04 25   18 37 22.7331     35.520   37.290
  8  4   2008 04 25   18 37 22.7331     83.873  -25.923
  6  5   2008 04 25   18 37 22.7331     35.933   20.220
  8  5   2008 04 25   18 37 22.7331     84.286  -42.993
  8  6   2008 04 25   18 37 22.7331     48.351  -63.213
  3  2   2008 12 28   04 00 01.2202     -9.462   -0.922
  4  2   2008 12 28   04 00 01.2202     73.471    5.650
  5  2   2008 12 28   04 00 01.2202    -16.668   -1.700
  6  2   2008 12 28   04 00 01.2202   -127.710  -10.786
  8  2   2008 12 28   04 00 01.2202    -35.694  -52.270
  4  3   2008 12 28   04 00 01.2202     82.933    6.572
  5  3   2008 12 28   04 00 01.2202     -7.206   -0.778
  6  3   2008 12 28   04 00 01.2202   -118.248   -9.864
  8  3   2008 12 28   04 00 01.2202    -26.232  -51.348
  5  4   2008 12 28   04 00 01.2202    -90.139   -7.350
  6  4   2008 12 28   04 00 01.2202   -201.180  -16.436
  8  4   2008 12 28   04 00 01.2202   -109.165  -57.920
  6  5   2008 12 28   04 00 01.2202   -111.041   -9.086
  8  5   2008 12 28   04 00 01.2202    -19.026  -50.570
  8  6   2008 12 28   04 00 01.2202     92.016  -41.484
  6  5   2009 01 05   03 20 06.8499    232.724   18.434
  7  5   2009 01 05   03 20 06.8499    174.718   13.712
  7  6   2009 01 05   03 20 06.8499    -58.006   -4.722
  4  2   2009 01 08   02 58 44.0449     76.146    5.995
  5  2   2009 01 08   02 58 44.0449    108.959    9.310
  7  2   2009 01 08   02 58 44.0449    -39.834    0.383
  5  4   2009 01 08   02 58 44.0449     32.813    3.315
  7  4   2009 01 08   02 58 44.0449   -115.979   -5.613
  7  5   2009 01 08   02 58 44.0449   -148.792   -8.928
  3  2   2009 02 01   01 18 59.7597      8.915    0.820
  4  2   2009 02 01   01 18 59.7597    -81.011   -7.965
  5  2   2009 02 01   01 18 59.7597    -94.285   -6.582
  7  2   2009 02 01   01 18 59.7597   -245.540  -14.825
  8  2   2009 02 01   01 18 59.7597   -147.526   81.106
  4  3   2009 02 01   01 18 59.7597    -89.926   -8.785
  5  3   2009 02 01   01 18 59.7597   -103.201   -7.402
  7  3   2009 02 01   01 18 59.7597   -254.455  -15.645
  8  3   2009 02 01   01 18 59.7597   -156.441   80.286
  5  4   2009 02 01   01 18 59.7597    -13.274    1.383
  7  4   2009 02 01   01 18 59.7597   -164.529   -6.860
  8  4   2009 02 01   01 18 59.7597    -66.515   89.071
  7  5   2009 02 01   01 18 59.7597   -151.255   -8.243
  8  5   2009 02 01   01 18 59.7597    -53.240   87.688
  8  7   2009 02 01   01 18 59.7597     98.015   95.931
  5  3   2009 02 04   01 05 54.2696    119.826   10.254
  6  3   2009 02 04   01 05 54.2696    223.369   16.552
  7  3   2009 02 04   01 05 54.2696   -205.483  -13.576
  8  3   2009 02 04   01 05 54.2696     57.637   69.570
  6  5   2009 02 04   01 05 54.2696    103.542    6.298
  7  5   2009 02 04   01 05 54.2696   -325.307  -23.830
  8  5   2009 02 04   01 05 54.2696    -62.189   59.316
  7  6   2009 02 04   01 05 54.2696   -428.848  -30.128
  8  6   2009 02 04   01 05 54.2696   -165.730   53.018
  8  7   2009 02 04   01 05 54.2696    263.121   83.146
  4  3   2009 02 20   00 13 55.8102   -101.833   -9.902
  5  3   2009 02 20   00 13 55.8102   -122.060  -11.624
  6  3   2009 02 20   00 13 55.8102    147.131    9.258
  7  3   2009 02 20   00 13 55.8102   -136.054   -3.626
  5  4   2009 02 20   00 13 55.8102    -20.227   -1.722
  6  4   2009 02 20   00 13 55.8102    248.966   19.160
  7  4   2009 02 20   00 13 55.8102    -34.221    6.276
  6  5   2009 02 20   00 13 55.8102    269.193   20.882
  7  5   2009 02 20   00 13 55.8102    -13.994    7.998
  7  6   2009 02 20   00 13 55.8102   -283.184  -12.884
  6  3   2009 03 19   22 25 18.6703    -71.203  -15.014
  7  3   2009 03 19   22 25 18.6703   -239.126  -22.262
  8  3   2009 03 19   22 25 18.6703   -253.276  -24.988
  7  6   2009 03 19   22 25 18.6703   -167.924   -7.248
  8  6   2009 03 19   22 25 18.6703   -182.075   -9.974
  8  7   2009 03 19   22 25 18.6703    -14.150   -2.726
  6  5   2009 04 01   21 10 28.9703   -131.521  -10.870
  6  5   2009 04 07   20 44 15.7801     82.047    1.456
  7  5   2009 04 07   20 44 15.7801   -329.263  -21.414
  7  6   2009 04 07   20 44 15.7801   -411.310  -22.870
  4  3   2009 04 08   20 58 53.5903    100.762    9.390
  5  3   2009 04 08   20 58 53.5903     83.843   10.948
  6  3   2009 04 08   20 58 53.5903    234.908   16.416
  7  3   2009 04 08   20 58 53.5903   -200.124  -16.754
  5  4   2009 04 08   20 58 53.5903    -16.919    1.558
  6  4   2009 04 08   20 58 53.5903    134.145    7.026
  7  4   2009 04 08   20 58 53.5903   -300.884  -26.144
  6  5   2009 04 08   20 58 53.5903    151.065    5.468
  7  5   2009 04 08   20 58 53.5903   -283.964  -27.702
  7  6   2009 04 08   20 58 53.5903   -435.027  -33.170
  3  2   2009 04 13   20 03 50.2799     77.059    6.634
  4  2   2009 04 13   20 03 50.2799     72.552    2.362
  6  2   2009 04 13   20 03 50.2799    -12.215    9.650
  8  2   2009 04 13   20 03 50.2799   -329.222   91.148
  4  3   2009 04 13   20 03 50.2799     -4.507   -4.272
  6  3   2009 04 13   20 03 50.2799    -89.274    3.016
  8  3   2009 04 13   20 03 50.2799   -406.279   84.514
  6  4   2009 04 13   20 03 50.2799    -84.768    7.288
  8  4   2009 04 13   20 03 50.2799   -401.773   88.786
  8  6   2009 04 13   20 03 50.2799   -317.004   81.498
  4  2   2009 04 20   19 47 30.1600    -14.750    1.084
  5  2   2009 04 20   19 47 30.1600     71.551    1.724
  6  2   2009 04 20   19 47 30.1600      5.596  -11.884
  7  2   2009 04 20   19 47 30.1600    194.604   26.546
  8  2   2009 04 20   19 47 30.1600    -47.207   67.752
  5  4   2009 04 20   19 47 30.1600     86.301    0.640
  6  4   2009 04 20   19 47 30.1600     20.346  -12.968
  7  4   2009 04 20   19 47 30.1600    209.354   25.462
  8  4   2009 04 20   19 47 30.1600    -32.457   66.668
  6  5   2009 04 20   19 47 30.1600    -65.955  -13.608
  7  5   2009 04 20   19 47 30.1600    123.053   24.822
  8  5   2009 04 20   19 47 30.1600   -118.758   66.028
  7  6   2009 04 20   19 47 30.1600    189.009   38.430
  8  6   2009 04 20   19 47 30.1600    -52.804   79.636
  8  7   2009 04 20   19 47 30.1600   -241.807   41.206
  6  5   2009 04 21   19 45 06.7196    -39.255  -17.504
  7  5   2009 04 21   19 45 06.7196     22.836   13.188
  8  5   2009 04 21   19 45 06.7196   -122.319   50.604
  7  6   2009 04 21   19 45 06.7196     62.092   30.692
  8  6   2009 04 21   19 45 06.7196    -83.065   68.108
  8  7   2009 04 21   19 45 06.7196   -145.154   37.416
  5  4   2009 04 23   19 47 16.8699    -23.200   -0.688
  6  4   2009 04 23   19 47 16.8699    220.453   11.978
  8  4   2009 04 23   19 47 16.8699    105.183   53.110
  6  5   2009 04 23   19 47 16.8699    243.653   12.666
  8  5   2009 04 23   19 47 16.8699    128.384   53.798
  8  6   2009 04 23   19 47 16.8699   -115.269   41.132
  5  3   2009 04 25   19 25 44.5601    111.236    5.704
  6  3   2009 04 25   19 25 44.5601    225.746   20.264
  7  3   2009 04 25   19 25 44.5601   -101.614    5.158
  8  3   2009 04 25   19 25 44.5601    168.788   37.244
  6  5   2009 04 25   19 25 44.5601    114.510   14.560
  7  5   2009 04 25   19 25 44.5601   -212.849   -0.546
  8  5   2009 04 25   19 25 44.5601     57.552   31.540
  7  6   2009 04 25   19 25 44.5601   -327.356  -15.106
  8  6   2009 04 25   19 25 44.5601    -56.957   16.980
  8  7   2009 04 25   19 25 44.5601    270.401   32.086
  3  2   2009 04 26   19 24 00.3997     13.784    1.990
  4  2   2009 04 26   19 24 00.3997    -75.697   -7.684
  5  2   2009 04 26   19 24 00.3997     23.385    7.878
  6  2   2009 04 26   19 24 00.3997    128.348   19.426
  7  2   2009 04 26   19 24 00.3997   -215.643   -3.932
  8  2   2009 04 26   19 24 00.3997    143.330   27.808
  4  3   2009 04 26   19 24 00.3997    -89.482   -9.674
  5  3   2009 04 26   19 24 00.3997      9.601    5.888
  6  3   2009 04 26   19 24 00.3997    114.563   17.436
  7  3   2009 04 26   19 24 00.3997   -229.427   -5.922
  8  3   2009 04 26   19 24 00.3997    129.545   25.818
  5  4   2009 04 26   19 24 00.3997     99.083   15.562
  6  4   2009 04 26   19 24 00.3997    204.046   27.110
  7  4   2009 04 26   19 24 00.3997   -139.946    3.752
  8  4   2009 04 26   19 24 00.3997    219.028   35.492
  6  5   2009 04 26   19 24 00.3997    104.962   11.548
  7  5   2009 04 26   19 24 00.3997   -239.027  -11.810
  8  5   2009 04 26   19 24 00.3997    119.944   19.930
  7  6   2009 04 26   19 24 00.3997   -343.986  -23.358
  8  6   2009 04 26   19 24 00.3997     14.982    8.382
  8  7   2009 04 26   19 24 00.3997    358.974   31.740
  4  3   2009 04 27   19 24 49.2096    103.044    8.022
  5  3   2009 04 27   19 24 49.2096     -9.283    3.064
  6  3   2009 04 27   19 24 49.2096    145.927   22.734
  7  3   2009 04 27   19 24 49.2096   -176.413   -5.518
  8  3   2009 04 27   19 24 49.2096    257.237   25.668
  5  4   2009 04 27   19 24 49.2096   -112.326   -4.958
  6  4   2009 04 27   19 24 49.2096     42.882   14.712
  7  4   2009 04 27   19 24 49.2096   -279.455  -13.540
  8  4   2009 04 27   19 24 49.2096    154.192   17.646
  6  5   2009 04 27   19 24 49.2096    155.209   19.670
  7  5   2009 04 27   19 24 49.2096   -167.130   -8.582
  8  5   2009 04 27   19 24 49.2096    266.519   22.604
  7  6   2009 04 27   19 24 49.2096   -322.334  -28.252
  8  6   2009 04 27   19 24 49.2096    111.309    2.934
  8  7   2009 04 27   19 24 49.2096    433.651   31.186
  3  2   2009 05 03   19 40 42.0599    -64.372   -8.078
  4  2   2009 05 03   19 40 42.0599     -7.849    2.840
  5  2   2009 05 03   19 40 42.0599    -64.818  -10.866
  6  2   2009 05 03   19 40 42.0599   -220.236  -23.184
  7  2   2009 05 03   19 40 42.0599   -108.325  -22.078
  4  3   2009 05 03   19 40 42.0599     56.523   10.918
  5  3   2009 05 03   19 40 42.0599     -0.446   -2.788
  6  3   2009 05 03   19 40 42.0599   -155.865  -15.106
  7  3   2009 05 03   19 40 42.0599    -43.953  -14.000
  5  4   2009 05 03   19 40 42.0599    -56.968  -13.706
  6  4   2009 05 03   19 40 42.0599   -212.386  -26.024
  7  4   2009 05 03   19 40 42.0599   -100.475  -24.918
  6  5   2009 05 03   19 40 42.0599   -155.419  -12.318
  7  5   2009 05 03   19 40 42.0599    -43.507  -11.212
  7  6   2009 05 03   19 40 42.0599    111.913    1.106
  5  4   2009 05 04   18 59 08.4203    127.099    8.779
  6  4   2009 05 04   18 59 08.4203    -92.658  -15.417
  6  5   2009 05 04   18 59 08.4203   -219.756  -24.196
