1986 05 05.969019  3   16 24 04.454  -19  33  19.47   -0.039    0.24
1986 05 12.977009  3   16 22 09.912  -19  28  38.31   -0.081    0.64
1986 06 13.851788  3   16 12 28.118  -19  06  21.37   -0.138    0.62
1986 05 30.957224  4   16 16 35.950  -19  15  59.32    1.044   -2.93
1986 06 13.851788  4   16 12 21.275  -19  06  25.73   -0.110    0.77
1986 04 09.059273  5   16 29 47.656  -19  48  31.36   -0.082    0.55
1986 05 03.997034  5   16 24 42.552  -19  34  04.04   -0.089    0.44
1986 05 05.969019  5   16 24 05.560  -19  33  43.00   -0.069    0.50
1986 05 12.977009  5   16 22 10.894  -19  27  57.79   -0.097    0.31
1986 05 30.957224  5   16 16 40.547  -19  15  10.43    0.410   -0.82
1986 06 13.851788  5   16 12 29.750  -19  06  02.09   -0.123    0.71
1986 04 04.066843  6   16 30 16.110  -19  49  11.08   -0.097    0.48
1986 04 08.053851  6   16 30 04.902  -19  47  28.05   -0.123    0.56
1986 04 09.059273  6   16 30 00.441  -19  47  27.56   -0.148    0.42
1986 05 03.997034  6   16 24 25.756  -19  34  33.17   -0.056    0.48
1986 05 05.969019  6   16 23 55.774  -19  32  19.59   -0.075    0.21
1986 05 12.977009  6   16 22 20.100  -19  28  52.49   -0.088    0.25
1986 05 14.970168  6   16 21 38.540  -19  28  13.72   -0.084    0.48
1986 05 30.957224  6   16 16 44.078  -19  16  53.55    0.885   -1.05
1986 06 03.903226  6   16 15 12.140  -19  13  23.73   -0.072    0.16
1986 06 13.851788  6   16 12 37.267  -19  06  47.87   -0.114    0.69