2451560.28797   4  02 34 41.552  +12 39 44.66
2450726.51071   5  01 08 16.602  +04 15 26.81
2450739.47258   5  01 04 28.737  +03 51 57.44
2450823.23712   5  00 55 40.199  +03 17 07.12
2451074.59772   5  02 05 53.664  +09 51 47.15
2451155.36207   5  01 44 58.680  +07 59 53.14
2451194.25486   5  01 43 56.149  +08 06 49.22
2451460.57610   5  02 56 28.816  +14 05 44.17
2451467.55576   5  02 54 50.160  +13 56 45.16
2451510.42926   5  02 41 34.549  +12 59 40.41
2451535.35734   5  02 36 17.158  +12 39 32.92
2451560.28787   5  02 34 32.365  +12 39 33.48
2450691.61195   6  01 16 29.266  +05 12 27.05
2450705.57174   6  01 13 36.621  +04 52 35.41
2450707.56594   6  01 13 07.443  +04 48 51.20
2450708.56307   6  01 12 55.594  +04 46 57.77
2450716.54000   6  01 11 09.557  +04 33 52.87
2450739.47239   6  01 04 12.321  +03 52 04.62
2450752.43444   6  01 00 39.555  +03 31 27.76
2450754.42858   6  01 00 05.058  +03 28 10.19
2450788.33170   6  00 54 14.690  +02 58 01.51
2450795.31255   6  00 54 11.208  +02 57 59.12
2450796.30976   6  00 54 06.505  +02 58 16.42
2450823.23724   6  00 55 50.983  +03 16 30.57
2450824.23466   6  00 56 03.991  +03 17 51.57
2451062.63186   6  02 07 53.048  +10 04 10.42
2451074.59751   6  02 05 35.310  +09 51 32.91
2451075.59466   6  02 05 25.467  +09 49 56.21
2451107.50140   6  01 56 54.558  +09 00 36.22
2451109.49563   6  01 56 27.911  +08 56 56.94
2451135.41938   6  01 48 52.268  +08 19 33.78
2451143.39644   6  01 47 17.154  +08 09 11.35
2451155.36191   6  01 44 44.458  +07 59 35.64
2451184.28156   6  01 43 03.892  +07 59 44.08
2451194.25506   6  01 44 13.049  +08 07 05.58
2451457.58470   6  02 57 04.227  +14 08 51.25
2451460.57614   6  02 56 31.894  +14 04 24.26
2451467.55588   6  02 54 52.745  +13 57 47.05
2451493.47934   6  02 46 51.322  +13 19 59.20
2451507.43804   6  02 42 24.788  +13 02 07.18
2451525.38587   6  02 38 03.117  +12 44 24.48
2451529.37451   6  02 37 25.033  +12 43 00.47
2451535.35714   6  02 36 00.102  +12 40 05.95
2451547.32369   6  02 35 00.347  +12 37 45.44
2451550.31521   6  02 34 35.715  +12 37 47.35
2451559.29078   6  02 34 48.273  +12 38 44.14
2451560.28808   6  02 34 51.103  +12 39 32.34
2451563.27990   6  02 34 51.548  +12 42 00.66
2451570.26095   6  02 35 06.387  +12 45 08.88
2450705.57172   7  01 13 35.254  +04 52 49.99
2450707.56589   7  01 13 03.200  +04 49 12.66
2450708.56299   7  01 12 48.684  +04 47 19.95
2450716.54006   7  01 11 14.324  +04 33 14.18
2450726.51049   7  01 07 57.984  +04 16 06.85
2450739.47271   7  01 04 39.539  +03 52 16.00
2450750.44018   7  01 01 04.084  +03 34 08.02
2450752.43440   7  01 00 36.270  +03 30 42.82
2450754.42868   7  01 00 13.979  +03 27 29.84
2450788.33171   7  00 54 15.194  +02 58 56.42
2450795.31230   7  00 53 49.958  +02 57 33.11
2450796.30960   7  00 53 52.595  +02 57 33.76
2450823.23733   7  00 55 58.847  +03 16 53.19
2450824.23471   7  00 56 07.924  +03 18 19.67
2451074.59761   7  02 05 43.917  +09 50 47.45
2451077.58915   7  02 05 21.343  +09 47 06.69
2451107.50152   7  01 57 05.097  +09 02 20.53
2451135.41930   7  01 48 45.601  +08 18 43.03
2451143.39651   7  01 47 23.399  +08 09 38.36
2451155.36184   7  01 44 38.163  +08 00 19.62
2451184.28182   7  01 43 26.389  +07 58 47.32
2451194.25485   7  01 43 55.452  +08 07 48.66
2451457.58482   7  02 57 14.818  +14 07 48.51
2451460.57631   7  02 56 46.539  +14 04 40.64
2451467.55589   7  02 54 53.649  +13 58 12.73
2451493.47917   7  02 46 36.607  +13 22 05.85
2451507.43831   7  02 42 48.191  +13 03 50.82
2451510.42942   7  02 41 47.602  +13 01 02.47
2451525.38601   7  02 38 14.965  +12 45 02.33
2451529.37452   7  02 37 26.157  +12 43 38.71
2451535.35717   7  02 36 02.438  +12 40 37.67
2451547.32380   7  02 35 10.137  +12 36 40.81
2451550.31547   7  02 34 58.273  +12 37 45.73
2451559.29048   7  02 34 22.175  +12 39 22.72
2451560.28777   7  02 34 23.918  +12 39 25.22
2451563.27977   7  02 34 40.747  +12 40 03.31
2451570.26125   7  02 35 32.409  +12 46 09.54
2450684.63153   8  01 17 09.911  +05 19 20.03
2450691.61168   8  01 16 05.924  +05 10 01.68
2450701.58323   8  01 14 26.745  +04 55 46.93
2450702.58038   8  01 14 16.209  +04 54 19.80
2450705.57182   8  01 13 43.645  +04 49 57.68
2450707.56609   8  01 13 20.980  +04 47 02.13
2450708.56323   8  01 13 09.331  +04 45 33.78
2450716.54020   8  01 11 26.458  +04 33 35.30
2450726.51108   8  01 08 49.062  +04 17 39.92
2450739.47275   8  01 04 43.737  +03 55 01.43
2450750.44024   8  01 01 08.387  +03 35 17.77
2450752.43435   8  01 00 31.360  +03 31 50.42
2450754.42847   8  00 59 55.514  +03 28 27.62
2450788.33189   8  00 54 31.072  +02 56 59.92
2450795.31271   8  00 54 25.645  +02 58 01.13
2450796.30998   8  00 54 25.859  +02 58 20.57
2450823.23723   8  00 55 50.157  +03 19 03.91
2450824.23458   8  00 55 57.033  +03 20 12.78
2451062.63197   8  02 08 02.789  +10 08 08.78
2451074.59742   8  02 05 27.853  +09 52 34.54
2451075.59452   8  02 05 13.140  +09 51 02.57
2451077.58871   8  02 04 43.229  +09 47 53.68
2451107.50157   8  01 57 09.081  +08 59 06.20
2451109.49576   8  01 56 39.021  +08 56 14.54
2451135.41979   8  01 49 28.208  +08 22 12.40
2451143.39640   8  01 47 13.819  +08 12 30.73
2451155.36172   8  01 44 27.733  +08 00 13.55
2451184.28168   8  01 43 13.898  +07 57 11.14
2451194.25520   8  01 44 25.784  +08 06 49.06
2451457.58516   8  02 57 43.903  +14 12 41.29
2451460.57639   8  02 56 53.241  +14 09 03.38
2451467.55576   8  02 54 42.323  +13 59 19.46
2451493.47892   8  02 46 15.170  +13 17 41.87
2451507.43820   8  02 42 38.636  +13 01 03.61
2451510.42952   8  02 41 56.772  +12 58 21.36
2451525.38627   8  02 38 37.977  +12 48 02.53
2451529.37477   8  02 37 47.996  +12 45 54.70
2451535.35758   8  02 36 37.641  +12 43 04.33
2451547.32353   8  02 34 46.947  +12 38 54.75
2451550.31513   8  02 34 28.622  +12 38 19.75
2451559.29027   8  02 34 03.939  +12 38 16.78
2451560.28754   8  02 34 04.280  +12 38 27.75
2451563.27941   8  02 34 09.248  +12 39 16.61
2451570.26069   8  02 34 43.842  +12 42 51.35
