 3  2441981.564996 06 21 43.650  22  15  33.76
 3  2442003.543774 06 18 25.527  22  17  19.25
 3  2442036.434795 06 08 06.426  22  21  56.58
 3  2442050.406285 06 03 15.438  22  24  09.48
 3  2442422.430412 07 07 02.114  22  09  41.90
 3  2442478.270933 06 53 28.138  22  36  05.25
 3  2442481.274179 06 53 25.351  22  37  03.58
 3  2442490.249547 06 53 25.356  22  37  45.35
 3  2442507.243406 06 55 11.227  22  37  34.18
 3  2442508.247235 06 55 16.841  22  37  45.66
 3  2442756.557640 08 20 15.370  19  45  31.22
 3  2442758.542591 08 19 53.064  19  47  06.79
 3  2442762.546434 08 19 02.390  19  50  37.14
 3  2442776.519980 08 15 15.966  20  04  04.78
 3  2442812.350704 08 03 25.963  20  44  21.10
 3  2442813.361146 08 03 13.312  20  45  24.64
 3  2442827.296942 07 59 01.536  20  58  35.16
 3  2442833.341127 07 57 31.274  21  02  54.22
 3  2442861.265742 07 53 48.060  21  15  28.65
 3  2442865.241307 07 53 43.366  21  15  41.34
 3  2442870.238030 07 53 55.044  21  15  57.17
 3  2443113.643149 09 19 35.538  16  26  24.92
 3  2443135.555446 09 17 17.068  16  40  18.86
 3  2443147.525392 09 14 50.306  16  54  03.64
 3  2443163.447733 09 10 17.010  17  16  25.13
 3  2443185.390457 09 03 18.998  17  49  24.98
 3  2443199.378568 08 58 56.544  18  08  15.92
 3  2443215.287486 08 55 06.836  18  24  44.20
 3  2443216.285804 08 54 50.340  18  25  51.20
 3  2443239.258884 08 52 02.432  18  36  53.24
 3  2443241.252444 08 51 59.061  18  37  04.12
 3  2443465.653516 10 11 28.938  12  31  24.03
 3  2443466.652306 10 11 44.210  12  30  46.20
 3  2443490.612767 10 13 32.031  12  25  54.08
 3  2443523.522305 10 09 42.918  12  55  22.62
 3  2443524.510343 10 09 24.143  12  56  27.71
 3  2443552.480017 10 01 38.120  13  43  13.14
 3  2443609.262251 09 47 52.950  14  55  46.70
 3  2443610.278496 09 47 53.168  14  56  28.22
 3  2443621.267233 09 47 13.618  14  58  41.26
 3  2443628.269227 09 47 10.250  14  57  51.21
 3  2443924.433245 10 55 13.264  09  04  36.74
 3  2443997.283090 10 39 24.892  10  38  10.60
 3  2443998.305433 10 39 16.588  10  38  04.62
 3  2444010.292365 10 39 25.049  10  36  02.30
 3  2444011.292429 10 39 22.702  10  35  33.16
 3  2444213.672050 11 49 59.236  03  18  23.50
 3  2444214.674183 11 50 16.253  03  17  21.74
 3  2444268.557377 11 51 56.458  03  22  06.54
 3  2444303.459165 11 44 09.780  04  19  52.80
 3  2444352.302255 11 31 30.106  05  40  27.66
 3  2444365.313134 11 29 36.107  05  50  27.39
 3  2444367.335845 11 29 23.949  05  51  25.43
 3  2444633.599657 12 40 32.306 -01  39  15.51
 3  2444634.567541 12 40 22.552 -01  38  38.38
 3  2444636.577879 12 40 13.916 -01  37  03.22
 3  2444688.383761 12 29 30.082 -00 -17  37.41
 3  2444704.409363 12 24 51.756  00  11  35.66
 3  2444706.379574 12 24 19.836  00  14  57.92
 3  2444741.299186 12 17 13.982  00  56  26.84
 3  2444990.648992 13 26 42.585 -06  23  12.35
 3  2445022.582249 13 25 41.896 -06  07  54.60
 3  2445061.440083 13 16 56.626 -05  09  18.96
 3  2445106.336262 13 05 18.361 -04  01  39.64
 3  2445108.291405 13 04 56.117 -03  59  46.74
 3  2445108.341271 13 04 55.371 -03  59  42.60
 3  2445109.294231 13 04 50.986 -03  58  41.56
 3  2445109.321261 13 04 50.765 -03  58  41.09
 3  2445359.673140 14 11 51.437 -10  38  06.72
 3  2445406.553111 14 10 35.489 -10  19  39.39
 3  2445407.551250 14 10 29.625 -10  18  12.76
 3  2445409.508934 14 10 08.329 -10  15  58.52
 3  2445410.510380 14 09 50.920 -10  14  55.50
 3  2445444.452663 14 01 10.862 -09  25  11.42
 3  2445447.430846 14 00 25.036 -09  20  28.07
 3  2445464.378881 13 55 37.752 -08  55  20.94
 3  2445465.376868 13 55 15.735 -08  53  57.86
 3  2445795.506843 14 54 23.344 -13  57  05.50
 3  2445852.337741 14 38 39.114 -12  46  57.88
 3  2446204.411441 15 32 12.394 -16  40  32.42
 3  2446206.432328 15 31 35.673 -16  38  37.09
 3  2446222.356828 15 26 52.513 -16  23  38.18
 3  2446223.354090 15 26 42.573 -16  22  47.02
 3  2446227.358360 15 25 38.934 -16  19  44.98
 3  2446556.469019 16 27 00.068 -19  40  01.42
 3  2446563.477009 16 25 05.352 -19  35  27.78
 3  2446595.351787 16 15 22.710 -19  13  49.48
 4  2441981.564996 06 21 50.564  22  15  47.38
 4  2442003.543774 06 18 25.832  22  17  26.53
 4  2442036.434795 06 08 12.923  22  22  28.65
 4  2442050.406285 06 03 12.288  22  24  45.26
 4  2442422.430412 07 07 01.874  22  10  09.29
 4  2442452.364102 06 57 40.326  22  27  41.10
 4  2442478.270933 06 53 27.304  22  36  00.42
 4  2442481.274179 06 53 20.162  22  36  23.82
 4  2442486.229880 06 53 14.056  22  37  34.26
 4  2442487.229416 06 53 20.398  22  37  18.00
 4  2442490.249547 06 53 26.841  22  37  48.84
 4  2442500.244282 06 54 05.340  22  37  56.42
 4  2442507.243406 06 55 11.870  22  38  06.55
 4  2442508.247235 06 55 15.302  22  37  33.84
 4  2442717.618406 08 21 54.863  19  35  23.20
 4  2442731.613794 08 22 39.836  19  34  47.40
 4  2442756.557640 08 20 15.115  19  46 .00.82
 4  2442758.542591 08 19 53.312  19  47  01.04
 4  2442762.546434 08 18 56.460  19  50  40.93
 4  2442776.519980 08 15 14.972  20  04  03.10
 4  2442812.350704 08 03 25.091  20  44  04.17
 4  2442813.361146 08 03 13.909  20  45  18.18
 4  2442827.296942 07 59 08.273  20  58  35.02
 4  2442861.265742 07 53 46.240  21  15  20.36
 4  2442865.241307 07 53 49.919  21  15  31.91
 4  2443113.643149 09 19 28.920  16  26  06.94
 4  2443135.555446 09 17 16.298  16  40  15.60
 4  2443147.525392 09 14 51.430  16  54  08.31
 4  2443159.476031 09 11 29.151  17  10  37.89
 4  2443161.457055 09 11 00.008  17  13  35.38
 4  2443199.378568 08 59 03.615  18  08  11.30
 4  2443216.285804 08 54 56.062  18  26  01.54
 4  2443228.275149 08 52 53.890  18  33  28.74
 4  2443229.286229 08 52 53.904  18  33  52.98
 4  2443239.258884 08 52 01.359  18  36  55.48
 4  2443465.653516 10 11 33.367  12  31  35.88
 4  2443466.652306 10 11 37.640  12  30  36.40
 4  2443491.611397 10 13 31.160  12  26  10.35
 4  2443529.515646 10 08 11.384  13  03  59.76
 4  2443552.480017 10 01 44.620  13  43  11.52
 4  2443583.370934 09 52 39.250  14  32  54.92
 4  2443598.297162 09 49 24.715  14  48  29.50
 4  2443609.262251 09 47 53.946  14  55  38.37
 4  2443610.278496 09 47 54.152  14  56  28.24
 4  2443621.267233 09 47 15.432  14  58  54.97
 4  2443628.269227 09 47 09.870  14  57  48.28
 4  2443633.273578 09 47 22.952  14  56  24.69
 4  2443830.643965 10 59 55.588  08  12  23.39
 4  2443849.643007 11 03 28.995  07  55  27.83
 4  2443997.283090 10 39 18.740  10  38  05.92
 4  2444004.287269 10 39 17.730  10  37  51.98
 4  2444010.292365 10 39 24.906  10  36  10.62
 4  2444213.672050 11 49 58.622  03  18  20.53
 4  2444235.632408 11 53 07.338  03  04  24.22
 4  2444267.571669 11 52 09.531  03  21  00.38
 4  2444268.557377 11 51 54.268  03  22  02.36
 4  2444304.446741 11 43 47.638  04  21  42.06
 4  2444305.471043 11 43 37.688  04  23  50.14
 4  2444352.302255 11 31 30.640  05  40  29.52
 4  2444365.313134 11 29 35.222  05  50  26.10
 4  2444367.335845 11 29 17.353  05  51  17.50
 4  2444379.305390 11 28 41.698  05  53  38.11
 4  2444636.577879 12 40 19.634 -01  36  56.43
 4  2444660.497949 12 36 37.358 -01  07  45.46
 4  2444661.516722 12 36 30.746 -01  06  08.35
 4  2444664.515910 12 35 49.544 -01  01  18.04
 4  2444706.379574 12 24 19.402  00  14  53.18
 4  2444746.295523 12 16 42.756  00  58  51.74
 4  2444747.312172 12 16 30.798  00  59  04.33
 4  2445022.582249 13 25 42.008 -06  07  46.88
 4  2445050.491894 13 20 01.220 -05  28  29.35
 4  2445061.440083 13 17 02.303 -05  09  27.06
 4  2445105.340701 13 05 34.635 -04  02  39.12
 4  2445106.336262 13 05 16.864 -04  01  34.64
 4  2445109.294231 13 04 44.830 -03  58  42.96
 4  2445109.321261 13 04 44.684 -03  58  40.89
 4  2445117.301307 13 03 29.158 -03  52  49.40
 4  2445359.673140 14 11 57.784 -10  38  11.42
 4  2445406.553111 14 10 39.740 -10  19  42.27
 4  2445407.551250 14 10 23.221 -10  18  19.53
 4  2445410.510380 14 09 50.864 -10  14  42.59
 4  2445433.478255 14 04 25.668 -09  42  22.70
 4  2445434.470354 14 04 02.477 -09  41  03.78
 4  2445444.452663 14 01 17.900 -09  25  07.27
 4  2445447.430846 14 00 25.173 -09  20  34.99
 4  2445471.350129 13 53 49.106 -08  46  08.03
 4  2445491.313191 13 49 43.285 -08  27  37.94
 4  2445793.519097 14 54 49.158 -13  59  08.50
 4  2445794.497883 14 54 42.500 -13  57  51.08
 4  2445827.426840 14 45 36.319 -13  15  42.69
 4  2445852.337741 14 38 46.150 -12  47  00.34
 4  2446222.356828 15 26 57.208 -16  23  56.70
 4  2446223.354090 15 26 35.585 -16  22  38.44
 4  2446227.358360 15 25 40.632 -16  19  35.20
 4  2446581.415557 16 19 30.899 -19  23  10.58
 4  2446595.351787 16 15 15.864 -19  13  54.30
 5  2441981.564996 06 21 52.924  22  15  39.18
 5  2442003.543774 06 18 26.996  22  16  42.56
 5  2442036.434795 06 08 13.344  22  22  40.90
 5  2442050.406285 06 03 11.900  22  24  56.18
 5  2442422.430412 07 06 52.906  22  09  21.79
 5  2442452.364102 06 57 38.243  22  28  01.48
 5  2442461.320499 06 55 41.477  22  31  49.60
 5  2442478.270933 06 53 37.124  22  36  06.14
 5  2442481.274179 06 53 18.006  22  36  19.71
 5  2442486.229880 06 53 16.326  22  36  55.52
 5  2442487.229416 06 53 23.933  22  37  28.60
 5  2442490.249547 06 53 18.038  22  37  31.09
 5  2442500.244282 06 54 10.946  22  37  41.64
 5  2442507.243406 06 55 05.652  22  38  08.74
 5  2442508.247235 06 55 14.248  22  37  17.12
 5  2442717.618406 08 21 54.712  19  35  09.55
 5  2442730.604047 08 22 34.978  19  33  59.57
 5  2442731.613794 08 22 41.476  19  34  35.76
 5  2442756.557640 08 20 06.782  19  45  34.06
 5  2442758.542591 08 19 55.323  19  47  03.12
 5  2442762.546434 08 19 01.232  19  50  02.38
 5  2442776.519980 08 15 24.458  20  03  53.64
 5  2442785.436222 08 12 36.930  20  13  41.98
 5  2442812.350704 08 03 32.736  20  43  56.62
 5  2442813.361146 08 03 15.629  20  45  43.79
 5  2442825.324920 07 59 34.246  20  56  10.69
 5  2442827.296942 07 59 07.446  20  58  56.67
 5  2442833.341127 07 57 28.216  21  02  58.26
 5  2442861.265742 07 53 47.526  21  14  45.48
 5  2442865.241307 07 53 41.034  21  15  23.10
 5  2442870.238030 07 53 49.506  21  15  11.64
 5  2443113.643149 09 19 26.614  16  26  15.20
 5  2443135.555446 09 17 16.705  16  40  46.14
 5  2443138.549189 09 16 52.320  16  43  43.04
 5  2443147.525392 09 14 53.184  16  54  11.18
 5  2443159.476031 09 11 27.517  17  10  02.94
 5  2443161.457055 09 11 01.526  17  13  40.73
 5  2443163.447733 09 10 13.361  17  16  07.64
 5  2443185.390457 09 03 11.118  17  49  30.68
 5  2443199.378568 08 58 53.505  18  08  07.96
 5  2443211.323984 08 56 00.350  18  21  44.00
 5  2443215.287486 08 55 10.872  18  25  02.82
 5  2443216.285804 08 54 53.858  18  26  11.68
 5  2443228.275149 08 53 02.358  18  33  22.40
 5  2443229.286229 08 52 55.944  18  34  25.52
 5  2443239.258884 08 52 03.458  18  37  23.85
 5  2443241.252444 08 52 01.554  18  36  51.60
 5  2443465.653516 10 11 27.956  12  31  29.68
 5  2443466.652306 10 11 36.832  12  30  30.38
 5  2443490.612767 10 13 38.358  12  26  01.22
 5  2443491.611397 10 13 37.690  12  26  37.22
 5  2443523.522305 10 09 42.530  12  55  30.94
 5  2443524.510343 10 09 22.082  12  56  40.57
 5  2443529.515646 10 08 09.674  13  03  57.47
 5  2443552.480017 10 01 36.078  13  42  56.38
 5  2443583.370934 09 52 32.316  14  32  39.46
 5  2443598.297162 09 49 26.928  14  48  25.84
 5  2443609.262251 09 47 58.826  14  56  13.45
 5  2443610.278496 09 47 45.478  14  56  24.12
 5  2443621.267233 09 47 14.290  14  58  33.01
 5  2443628.269227 09 47 08.916  14  58  07.77
 5  2443633.273578 09 47 21.022  14  56  17.97
 5  2443830.643965 11 00 02.787  08  12  37.12
 5  2443849.643007 11 03 29.888  07  55  32.54
 5  2443850.613958 11 03 34.577  07  54  54.38
 5  2443880.556978 11 04 15.554  08  00  10.14
 5  2443924.433245 10 55 20.612  09  04  39.53
 5  2443983.261512 10 40 40.054  10  32  47.66
 5  2443984.265388 10 40 30.682  10  33  37.11
 5  2443997.283090 10 39 27.256  10  38  15.08
 5  2444004.287269 10 39 09.202  10  37  37.38
 5  2444010.292365 10 39 27.147  10  36  01.93
 5  2444011.292429 10 39 29.122  10  35  47.60
 5  2444213.672050 11 50 05.316  03  18  29.91
 5  2444214.674183 11 50 18.212  03  17  24.10
 5  2444261.562412 11 52 43.514  03  14  34.28
 5  2444268.557377 11 52 03.577  03  22  12.32
 5  2444304.446741 11 43 56.866  04  21  52.56
 5  2444305.471043 11 43 35.225  04  23  47.32
 5  2444340.322484 11 34 02.772  05  25  47.88
 5  2444352.302255 11 31 22.197  05  40  17.63
 5  2444365.313134 11 29 28.005  05  50  19.58
 5  2444367.335845 11 29 25.510  05  51  26.66
 5  2444379.305390 11 28 33.116  05  53  27.51
 5  2444634.567541 12 40 30.872 -01  38  33.04
 5  2444636.577879 12 40 11.325 -01  37  10.22
 5  2444645.538459 12 39 13.004 -01  28  26.23
 5  2444661.516722 12 36 32.288 -01  06  06.04
 5  2444664.515910 12 35 43.066 -01  01  12.38
 5  2444688.383761 12 29 32.184 -00 -17  31.78
 5  2444693.381518 12 28 06.612 -00 -08  12.97
 5  2444704.409363 12 24 49.248  00  11  32.22
 5  2444706.379574 12 24 27.772  00  15  06.92
 5  2444715.329806 12 22 09.039  00  29  16.24
 5  2444741.299186 12 17 08.215  00  56  27.20
 5  2444747.312172 12 16 38.758  00  59  15.26
 5  2444975.685380 13 24 45.893 -06  16  46.47
 5  2444977.680343 13 25 15.000 -06  17  56.02
 5  2444990.648992 13 26 41.986 -06  22  52.89
 5  2445022.582249 13 25 42.738 -06  07  42.10
 5  2445050.491894 13 20 03.192 -05  28  27.32
 5  2445061.440083 13 16 53.526 -05  09  26.74
 5  2445106.336262 13 05 15.799 -04  01  41.80
 5  2445108.291405 13 05 02.418 -03  59  28.13
 5  2445108.341271 13 05 02.134 -03  59  25.82
 5  2445109.294231 13 04 52.724 -03  58  49.98
 5  2445109.321261 13 04 52.344 -03  58  49.22
 5  2445117.301307 13 03 36.358 -03  52  35.38
 5  2445119.296573 13 03 15.828 -03  51  54.34
 5  2445359.673140 14 11 49.233 -10  38  14.92
 5  2445380.600587 14 13 11.347 -10  38  58.60
 5  2445406.553111 14 10 40.598 -10  19  09.04
 5  2445407.551250 14 10 32.143 -10  18  28.88
 5  2445409.508934 14 09 59.968 -10  16  06.38
 5  2445410.510380 14 09 52.842 -10  14  30.32
 5  2445433.478255 14 04 23.575 -09  42  02.00
 5  2445434.470354 14 04 10.643 -09  40  52.60
 5  2445447.430846 14 00 26.442 -09  20  11.78
 5  2445464.378881 13 55 31.478 -08  55  04.69
 5  2445465.376868 13 55 22.588 -08  53  43.72
 5  2445471.350129 13 53 48.602 -08  46  40.17
 5  2445491.313191 13 49 36.948 -08  27  15.36
 5  2445793.519097 14 54 47.652 -13  59  16.04
 5  2445794.497883 14 54 37.554 -13  57  39.06
 5  2445795.506843 14 54 30.270 -13  56  40.64
 5  2445823.438228 14 46 48.477 -13  21  23.62
 5  2445827.426840 14 45 38.460 -13  15  49.44
 5  2445852.337741 14 38 36.710 -12  46  58.22
 5  2446148.581022 15 45 38.456 -17  29  49.10
 5  2446156.551360 15 44 30.162 -17  24  27.36
 5  2446204.411441 15 32 04.780 -16  40  52.22
 5  2446206.432328 15 31 35.815 -16  38  07.44
 5  2446213.419394 15 29 22.884 -16  31  58.62
 5  2446222.356828 15 26 51.578 -16  23  57.12
 5  2446223.354090 15 26 34.854 -16  22  27.22
 5  2446227.358360 15 25 31.086 -16  19  34.36
 5  2446230.355680 15 24 55.278 -16  17  43.15
 5  2446529.559273 16 32 43.846 -19  54  50.46
 5  2446554.497034 16 27 38.212 -19  40  43.66
 5  2446556.469019 16 27 01.185 -19  40  24.88
 5  2446563.477009 16 25 06.320 -19  34  47.20
 5  2446581.415557 16 19 35.484 -19  22  21.40
 5  2446585.403226 16 18 17.270 -19  19  35.30
 5  2446595.351787 16 15 24.336 -19  13  30.12
 6  2441981.564996 06 21 58.480  22  16  33.07
 6  2442003.543774 06 18 08.127  22  16  51.54
 6  2442036.434795 06 07 56.406  22  21  11.76
 6  2442050.406285 06 02 58.744  22  24  35.20
 6  2442422.430412 07 06 56.848  22  08  14.68
 6  2442452.364102 06 57 25.346  22  26  11.58
 6  2442461.320499 06 55 46.552  22  32  34.71
 6  2442478.270933 06 53 33.370  22  37  37.06
 6  2442481.274179 06 53 10.548  22  37  08.24
 6  2442486.229880 06 53 17.289  22  36  06.18
 6  2442487.229416 06 53 23.050  22  36  23.52
 6  2442490.249547 06 53 37.130  22  38  02.97
 6  2442500.244282 06 53 59.251  22  37  04.15
 6  2442507.243406 06 55 22.127  22  38  22.48
 6  2442508.247235 06 55 30.087  22  38  40.20
 6  2442717.618406 08 21 56.876  19  36  30.73
 6  2442730.604047 08 22 49.344  19  34  44.08
 6  2442731.613794 08 22 48.742  19  35  15.14
 6  2442756.557640 08 20 03.314  19  44  32.59
 6  2442758.542591 08 19 50.314  19  45  58.80
 6  2442762.546434 08 19 13.580  19  50  45.92
 6  2442776.519980 08 15 30.076  20  03  28.16
 6  2442785.436222 08 12 18.676  20  13  59.99
 6  2442812.350704 08 03 39.297  20  45  28.04
 6  2442813.361146 08 03 14.671  20  46  39.40
 6  2442825.324920 07 59 49.562  20  56  39.02
 6  2442827.296942 07 59 17.054  20  59  15.08
 6  2442833.341127 07 57 20.558  21  03  02.04
 6  2442861.265742 07 53 53.928  21  16  32.52
 6  2442865.241307 07 53 33.369  21  15  37.20
 6  2442870.238030 07 53 54.916  21  14  32.23
 6  2443113.643149 09 19 45.556  16  26  31.32
 6  2443135.555446 09 17 11.076  16  40  57.82
 6  2443138.549189 09 16 33.044  16  42  57.18
 6  2443147.525392 09 14 58.359  16  54  52.75
 6  2443159.476031 09 11 40.486  17  09  54.24
 6  2443161.457055 09 11 10.194  17  13  33.80
 6  2443163.447733 09 10 30.819  17  17  09.46
 6  2443185.390457 09 03 01.255  17  48  57.94
 6  2443199.378568 08 58 49.660  18  08  40.18
 6  2443211.323984 08 56 06.435  18  22  14.44
 6  2443215.287486 08 54 55.023  18  25  21.40
 6  2443216.285804 08 54 39.882  18  25  46.54
 6  2443228.275149 08 53 03.732  18  34  37.06
 6  2443239.258884 08 52 15.068  18  36  32.32
 6  2443241.252444 08 52 15.144  18  37  34.27
 6  2443465.653516 10 11 43.828  12  31  44.18
 6  2443466.652306 10 11 52.316  12  31  13.44
 6  2443490.612767 10 13 22.854  12  25  30.40
 6  2443491.611397 10 13 25.540  12  25  43.84
 6  2443523.522305 10 09 32.008  12  54  31.44
 6  2443524.510343 10 09 23.509  12  55  56.92
 6  2443529.515646 10 08 29.167  13  04  30.19
 6  2443552.480017 10 01 27.212  13  42  58.10
 6  2443583.370934 09 52 25.750  14  32  42.50
 6  2443598.297162 09 49 18.698  14  49  04.93
 6  2443609.262251 09 48 09.132  14  56  20.79
 6  2443610.278496 09 48 00.777  14  56  59.96
 6  2443621.267233 09 47 15.042  14  58  08.15
 6  2443628.269227 09 47 14.294  14  58  43.82
 6  2443633.273578 09 47 14.380  14  55  51.82
 6  2443830.643965 11 00 07.250  08  12  28.32
 6  2443849.643007 11 03 43.666  07  55  49.67
 6  2443850.613958 11 03 48.294  07  55  22.22
 6  2443880.556978 11 04 25.800  08  00  17.34
 6  2443980.321359 10 40 57.316  10  30  59.43
 6  2443983.261512 10 40 22.160  10  32  32.50
 6  2443984.265388 10 40 14.330  10  33  01.26
 6  2443997.283090 10 39 14.638  10  38  15.36
 6  2443998.305433 10 39 08.648  10  38  08.18
 6  2444004.287269 10 39 16.017  10  37  27.62
 6  2444010.292365 10 39 29.604  10  36  29.75
 6  2444011.292429 10 39 27.768  10  36  00.46
 6  2444213.672050 11 50 08.742  03  18  36.20
 6  2444214.674183 11 50 24.227  03  17  33.88
 6  2444261.562412 11 52 56.752  03  14  52.62
 6  2444268.557377 11 51 53.506  03  21  57.52
 6  2444303.459165 11 43 54.482  04  19  36.43
 6  2444304.446741 11 43 38.697  04  21  32.84
 6  2444305.471043 11 43 24.098  04  23  35.69
 6  2444340.322484 11 34 02.464  05  25  45.10
 6  2444352.302255 11 31 15.194  05  40  08.70
 6  2444365.313134 11 29 23.366  05  50  16.42
 6  2444367.335845 11 29 08.104  05  51  06.74
 6  2444633.599657 12 40 35.532 -01  39  32.44
 6  2444634.567541 12 40 27.226 -01  38  57.42
 6  2444636.577879 12 40 08.784 -01  37  27.93
 6  2444645.538459 12 39 28.433 -01  27  57.60
 6  2444660.497949 12 36 47.043 -01  07  24.30
 6  2444661.516722 12 36 37.409 -01  05  50.69
 6  2444664.515910 12 35 56.456 -01  01  21.64
 6  2444688.383761 12 29 16.417 -00 -17  35.83
 6  2444693.381518 12 28 12.195 -00 -07  56.31
 6  2444704.409363 12 24 44.780  00  11  40.82
 6  2444706.379574 12 24 21.272  00  15  15.12
 6  2444715.329806 12 21 59.816  00  28  49.20
 6  2444741.299186 12 17 22.226  00  56  41.98
 6  2444747.312172 12 16 28.331  00  58  52.59
 6  2444975.685380 13 24 40.584 -06  16  28.86
 6  2444977.680343 13 25 06.926 -06  17  29.69
 6  2444990.648992 13 26 28.098 -06  23  08.53
 6  2445022.582249 13 25 26.182 -06  07  54.39
 6  2445050.491894 13 19 54.990 -05  29  02.90
 6  2445053.461045 13 18 58.000 -05  23  33.45
 6  2445061.440083 13 17 11.475 -05  09  06.80
 6  2445105.340701 13 05 30.138 -04  02  00.90
 6  2445106.336262 13 05 23.429 -04  00  59.06
 6  2445108.291405 13 05 09.248 -03  59  16.33
 6  2445108.341271 13 05 08.832 -03  59  14.24
 6  2445109.294231 13 05 00.224 -03  58  33.18
 6  2445109.321261 13 04 59.958 -03  58  32.08
 6  2445117.301307 13 03 20.280 -03  52  58.08
 6  2445119.296573 13 03 07.450 -03  51  26.88
 6  2445359.673140 14 11 45.874 -10  37  32.64
 6  2445380.600587 14 13 18.066 -10  38  26.26
 6  2445406.553111 14 10 25.994 -10  19  06.12
 6  2445407.551250 14 10 18.353 -10  17  42.02
 6  2445410.510380 14 09 58.908 -10  14  02.36
 6  2445433.478255 14 04 19.608 -09  43  15.34
 6  2445434.470354 14 03 58.234 -09  41  36.72
 6  2445444.452663 14 01 25.994 -09  24  49.02
 6  2445447.430846 14 00 29.505 -09  21  05.22
 6  2445464.378881 13 55 37.184 -08  56  08.56
 6  2445465.376868 13 55 16.118 -08  54  49.20
 6  2445467.347033 13 54 36.858 -08  51  54.52
 6  2445471.350129 13 53 38.802 -08  45  43.24
 6  2445491.313191 13 49 50.756 -08  26  56.14
 6  2445793.519097 14 54 57.300 -13  58  10.78
 6  2445794.497883 14 54 48.118 -13  57  18.24
 6  2445795.506843 14 54 37.017 -13  56  30.39
 6  2445823.438228 14 46 38.758 -13  20  07.18
 6  2445827.426840 14 45 44.688 -13  15  30.32
 6  2445852.337741 14 38 29.078 -12  46  52.20
 6  2446148.581022 15 45 44.909 -17  30  06.72
 6  2446155.556510 15 44 24.844 -17  25  37.76
 6  2446156.551360 15 44 15.928 -17  24  31.88
 6  2446179.486280 15 39 40.954 -17  05  53.59
 6  2446186.486758 15 37 19.408 -16  59  26.24
 6  2446204.411441 15 31 56.590 -16  40  06.02
 6  2446206.432328 15 31 26.438 -16  37  24.48
 6  2446213.419394 15 29 36.284 -16  32  34.82
 6  2446222.356828 15 26 49.649 -16  22  29.32
 6  2446223.354090 15 26 38.422 -16  21  34.03
 6  2446230.355680 15 24 56.280 -16  18  25.18
 6  2446524.566842 16 33 12.286 -19  55  28.18
 6  2446528.553852 16 33 01.082 -19  53  46.01
 6  2446529.559273 16 32 56.618 -19  53  45.82
 6  2446554.497034 16 27 21.413 -19  41  13.91
 6  2446556.469019 16 26 51.362 -19  39  02.10
 6  2446563.477009 16 25 15.550 -19  35  41.28
 6  2446565.470168 16 24 33.954 -19  35  05.32
 6  2446581.415557 16 19 39.052 -19  24  04.28
 6  2446585.403226 16 18 06.966 -19  20  40.54
 6  2446595.351787 16 15 31.874 -19  14  15.38
 8  2443159.476031 09 11 27.136  17  10  51.86
 8  2443490.612767 10 13 02.909  12  26  22.70
 8  2443491.611397 10 13 00.647  12  26  43.36
 8  2443523.522305 10 09 58.500  12  55  10.67
 8  2443524.510343 10 09 48.031  12  56  32.11
 8  2443583.370934 09 52 04.998  14  32  59.26
 8  2444213.672050 11 49 29.151  03  19  24.74
 8  2444214.674183 11 49 41.071  03  18  27.60
 8  2444304.446741 11 43 21.522  04  23  43.19
 8  2444305.471043 11 43 06.090  04  25  42.41
 8  2444365.313134 11 29 06.408  05  50  40.44
 8  2444367.335845 11 28 50.354  05  51  53.86
 8  2444379.305390 11 28 05.099  05  55  07.70
 8  2445105.340701 13 05 09.946 -03  59  46.25
 8  2445106.336262 13 05 00.662 -03  58  48.79
 8  2445108.291405 13 04 43.602 -03  57  04.14
 8  2445108.341271 13 04 43.182 -03  57  01.55
 8  2445109.294231 13 04 35.389 -03  56  14.77
 8  2445109.321261 13 04 35.188 -03  56  13.44