 2 1990  7 19.865647 19 34 03.679 -21 36 54.39
 2 1990  7 19.892773 19 34 03.141 -21 36 57.34
 2 1990  7 19.902123 19 34 02.970 -21 36 58.24
 2 1990  7 24.770869 19 32 27.721 -21 40 30.02
 2 1990  7 24.775370 19 32 27.664 -21 40 29.50
 2 1990  7 24.797045 19 32 27.396 -21 40 29.73
 2 1990  7 24.800160 19 32 27.372 -21 40 29.81
 2 1990  7 24.854047 19 32 26.824 -21 40 30.32
 2 1990  7 25.834926 19 32 08.961 -21 41 38.10
 2 1990  7 25.849064 19 32 08.549 -21 41 38.07
 3 1990  7 18.819577 19 34 19.363 -21 36 15.81
 3 1990  7 18.820436 19 34 19.317 -21 36 15.62
 3 1990  7 18.821852 19 34 19.301 -21 36 16.03
 3 1990  7 18.822949 19 34 19.249 -21 36 15.50
 3 1990  7 18.824247 19 34 19.192 -21 36 16.04
 3 1990  7 18.825977 19 34 19.133 -21 36 16.17
 3 1990  7 18.842572 19 34 18.700 -21 36 16.01
 3 1990  7 18.843634 19 34 18.657 -21 36 16.19
 3 1990  7 18.844908 19 34 18.616 -21 36 16.09
 3 1990  7 18.845774 19 34 18.611 -21 36 15.98
 3 1990  7 18.846677 19 34 18.624 -21 36 15.73
 3 1990  7 18.847442 19 34 18.538 -21 36 15.54
 3 1990  7 18.862126 19 34 18.127 -21 36 16.22
 3 1990  7 18.887198 19 34 17.437 -21 36 16.81
 3 1990  7 19.892773 19 34 02.982 -21 36 43.98
 3 1990  7 19.902123 19 34 02.881 -21 36 44.94
 3 1990  7 20.806883 19 33 41.224 -21 37 45.82
 3 1990  7 20.816834 19 33 41.014 -21 37 45.67
 3 1990  7 21.801129 19 33 27.498 -21 38 14.65
 3 1990  7 21.805399 19 33 27.484 -21 38 14.91
 3 1990  7 21.812091 19 33 27.356 -21 38 16.19
 3 1990  7 21.829460 19 33 27.173 -21 38 17.83
 3 1990  7 21.841917 19 33 27.004 -21 38 18.88
 3 1990  7 22.823545 19 33 02.953 -21 39 12.76
 3 1990  7 22.857317 19 33 02.224 -21 39 12.23
 3 1990  7 22.868943 19 33 01.991 -21 39 12.25
 3 1990  7 22.870096 19 33 01.920 -21 39 12.42
 3 1990  7 23.815298 19 32 50.739 -21 39 55.90
 3 1990  7 23.820814 19 32 50.631 -21 39 56.42
 3 1990  7 23.844733 19 32 50.233 -21 39 58.90
 3 1990  7 23.857536 19 32 49.990 -21 40 00.02
 3 1990  7 24.770869 19 32 26.833 -21 40 39.28
 3 1990  7 24.775370 19 32 26.755 -21 40 39.16
 3 1990  7 24.789399 19 32 26.444 -21 40 39.16
 3 1990  7 24.797045 19 32 26.311 -21 40 38.66
 3 1990  7 24.800160 19 32 26.248 -21 40 38.84
 3 1990  7 24.847406 19 32 25.376 -21 40 38.12
 3 1990  7 24.854047 19 32 25.258 -21 40 38.17
 3 1990  7 24.856528 19 32 25.212 -21 40 38.04
 3 1990  7 25.827542 19 32 13.816 -21 41 35.59
 3 1990  7 25.834926 19 32 13.647 -21 41 36.44
 3 1990  7 25.849064 19 32 13.352 -21 41 37.68
 3 1990  7 25.850224 19 32 13.328 -21 41 37.69
 3 1990  7 25.856683 19 32 13.189 -21 41 38.45
 4 1990  7 18.819577 19 34 23.700 -21 35 50.10
 4 1990  7 18.822949 19 34 23.677 -21 35 50.30
 4 1990  7 18.825977 19 34 23.621 -21 35 50.88
 4 1990  7 18.843634 19 34 23.387 -21 35 52.48
 4 1990  7 18.844908 19 34 23.357 -21 35 52.61
 4 1990  7 18.847442 19 34 23.308 -21 35 52.49
 4 1990  7 18.862126 19 34 23.148 -21 35 54.54
 4 1990  7 18.867723 19 34 23.072 -21 35 55.09
 4 1990  7 18.887198 19 34 22.816 -21 35 57.02
 4 1990  7 18.891179 19 34 22.776 -21 35 57.36
 4 1990  7 19.865647 19 34 00.636 -21 37 13.86
 4 1990  7 19.892773 19 33 59.898 -21 37 14.13
 4 1990  7 19.902123 19 33 59.655 -21 37 14.58
 4 1990  7 20.806883 19 33 40.249 -21 37 16.55
 4 1990  7 20.816834 19 33 40.167 -21 37 16.67
 4 1990  7 21.801129 19 33 28.969 -21 38 23.42
 4 1990  7 21.805399 19 33 28.936 -21 38 24.05
 4 1990  7 21.812091 19 33 28.812 -21 38 24.87
 4 1990  7 21.829460 19 33 28.508 -21 38 26.82
 4 1990  7 21.841917 19 33 28.304 -21 38 27.25
 4 1990  7 21.848019 19 33 28.174 -21 38 28.44
 4 1990  7 22.823545 19 33 03.579 -21 39 25.64
 4 1990  7 22.857317 19 33 02.705 -21 39 25.72
 4 1990  7 22.868943 19 33 02.406 -21 39 25.93
 4 1990  7 22.870096 19 33 02.393 -21 39 25.46
 4 1990  7 23.820814 19 32 46.463 -21 39 32.52
 4 1990  7 24.770869 19 32 33.836 -21 40 53.49
 4 1990  7 24.775370 19 32 33.748 -21 40 53.71
 4 1990  7 24.789399 19 32 33.428 -21 40 55.08
 4 1990  7 24.797045 19 32 33.265 -21 40 55.64
 4 1990  7 24.800160 19 32 33.195 -21 40 55.96
 4 1990  7 24.847406 19 32 32.114 -21 41 00.08
 4 1990  7 24.854047 19 32 31.954 -21 41 00.75
 4 1990  7 24.856528 19 32 31.905 -21 41 00.89
 4 1990  7 25.827542 19 32 06.765 -21 41 30.72
 4 1990  7 25.834926 19 32 06.591 -21 41 30.88
 4 1990  7 25.849064 19 32 06.304 -21 41 30.68
 4 1990  7 25.850224 19 32 06.280 -21 41 30.75
 4 1990  7 25.856683 19 32 06.128 -21 41 30.50
 5 1990  7 18.819577 19 34 25.721 -21 35 52.50
 5 1990  7 18.821852 19 34 25.714 -21 35 52.97
 5 1990  7 18.842572 19 34 25.396 -21 35 54.67
 5 1990  7 18.862126 19 34 25.045 -21 35 56.82
 5 1990  7 18.867723 19 34 24.961 -21 35 57.48
 5 1990  7 18.887198 19 34 24.691 -21 35 59.30
 5 1990  7 18.891179 19 34 24.618 -21 35 59.54
 5 1990  7 19.865647 19 34 04.391 -21 37 22.29
 5 1990  7 19.892773 19 34 03.706 -21 37 24.05
 5 1990  7 19.902123 19 34 03.476 -21 37 24.57
 5 1990  7 20.806883 19 33 39.761 -21 37 55.62
 5 1990  7 20.816834 19 33 39.528 -21 37 56.08
 5 1990  7 21.801129 19 33 19.880 -21 37 59.19
 5 1990  7 21.805399 19 33 19.844 -21 37 59.53
 5 1990  7 21.812091 19 33 19.744 -21 37 59.52
 5 1990  7 21.829460 19 33 19.492 -21 38 00.06
 5 1990  7 21.841917 19 33 19.329 -21 37 59.28
 5 1990  7 21.848019 19 33 19.241 -21 38 00.19
 5 1990  7 22.823545 19 33 07.957 -21 38 42.13
 5 1990  7 22.857317 19 33 07.585 -21 38 44.69
 5 1990  7 22.868943 19 33 07.472 -21 38 45.69
 5 1990  7 22.870096 19 33 07.455 -21 38 45.68
 5 1990  7 23.844733 19 32 52.667 -21 40 12.06
 5 1990  7 23.815298 19 32 53.284 -21 40 09.43
 5 1990  7 23.820814 19 32 53.151 -21 40 09.61
 5 1990  7 23.857536 19 32 52.443 -21 40 12.79
 5 1990  7 24.770869 19 32 30.373 -21 41 13.15
 5 1990  7 24.775370 19 32 30.270 -21 41 13.14
 5 1990  7 24.789399 19 32 29.919 -21 41 14.14
 5 1990  7 24.797045 19 32 29.707 -21 41 14.14
 5 1990  7 24.800160 19 32 29.615 -21 41 14.28
 5 1990  7 24.847406 19 32 28.368 -21 41 15.97
 5 1990  7 24.854047 19 32 28.205 -21 41 16.03
 5 1990  7 24.856528 19 32 28.126 -21 41 16.21
 5 1990  7 25.827542 19 32 04.958 -21 41 26.00
 5 1990  7 25.834926 19 32 04.809 -21 41 26.12
 5 1990  7 25.849064 19 32 04.554 -21 41 26.17
 5 1990  7 25.850224 19 32 04.522 -21 41 26.15
 5 1990  7 25.856683 19 32 04.386 -21 41 25.99
 6 1990  7 18.819577 19 34 17.809 -21 34 47.08
 6 1990  7 18.820436 19 34 17.785 -21 34 47.36
 6 1990  7 18.821852 19 34 17.785 -21 34 47.64
 6 1990  7 18.822949 19 34 17.741 -21 34 47.30
 6 1990  7 18.824247 19 34 17.744 -21 34 47.66
 6 1990  7 18.825977 19 34 17.712 -21 34 47.54
 6 1990  7 18.827120 19 34 17.719 -21 34 46.62
 6 1990  7 18.842572 19 34 17.483 -21 34 48.42
 6 1990  7 18.843634 19 34 17.477 -21 34 48.49
 6 1990  7 18.844908 19 34 17.437 -21 34 48.51
 6 1990  7 18.845774 19 34 17.436 -21 34 48.70
 6 1990  7 18.846677 19 34 17.458 -21 34 48.46
 6 1990  7 18.847442 19 34 17.401 -21 34 48.41
 6 1990  7 18.862126 19 34 17.235 -21 34 49.48
 6 1990  7 18.867723 19 34 17.157 -21 34 49.85
 6 1990  7 18.887198 19 34 16.925 -21 34 50.64
 6 1990  7 18.891179 19 34 16.850 -21 34 51.10
 6 1990  7 19.851458 19 34 04.009 -21 35 43.91
 6 1990  7 19.865647 19 34 03.802 -21 35 44.79
 6 1990  7 19.892773 19 34 03.447 -21 35 46.60
 6 1990  7 19.902123 19 34 03.327 -21 35 47.42
 6 1990  7 20.806883 19 33 50.826 -21 36 46.99
 6 1990  7 20.816834 19 33 50.706 -21 36 47.73
 6 1990  7 21.801129 19 33 36.004 -21 37 59.60
 6 1990  7 21.805399 19 33 35.963 -21 38 00.40
 6 1990  7 21.812091 19 33 35.838 -21 38 00.92
 6 1990  7 21.829460 19 33 35.583 -21 38 02.42
 6 1990  7 21.841917 19 33 35.384 -21 38 02.57
 6 1990  7 21.848019 19 33 35.306 -21 38 03.98
 6 1990  7 22.823545 19 33 18.901 -21 39 18.94
 6 1990  7 22.857317 19 33 18.288 -21 39 21.56
 6 1990  7 22.868943 19 33 18.134 -21 39 22.33
 6 1990  7 22.870096 19 33 18.091 -21 39 22.55
 6 1990  7 23.815298 19 33 00.298 -21 40 33.82
 6 1990  7 23.820814 19 33 00.154 -21 40 33.87
 6 1990  7 23.844733 19 32 59.705 -21 40 35.77
 6 1990  7 23.857536 19 32 59.450 -21 40 36.60
 6 1990  7 24.770869 19 32 40.502 -21 41 39.91
 6 1990  7 24.775370 19 32 40.424 -21 41 39.74
 6 1990  7 24.789399 19 32 40.119 -21 41 41.01
 6 1990  7 24.797045 19 32 39.957 -21 41 41.46
 6 1990  7 24.800160 19 32 39.886 -21 41 41.70
 6 1990  7 24.826065 19 32 39.339 -21 41 43.30
 6 1990  7 24.847406 19 32 38.880 -21 41 44.71
 6 1990  7 24.854047 19 32 38.730 -21 41 45.23
 6 1990  7 24.856528 19 32 38.673 -21 41 45.45
 6 1990  7 25.827542 19 32 17.053 -21 42 42.92
 6 1990  7 25.834926 19 32 16.888 -21 42 43.47
 6 1990  7 25.849064 19 32 16.568 -21 42 44.06
 6 1990  7 25.850224 19 32 16.532 -21 42 44.06
 6 1990  7 25.856683 19 32 16.373 -21 42 44.40
 7 1990  7 18.867723 19 34 23.357 -21 34 41.90
 7 1990  7 18.887198 19 34 23.045 -21 34 42.59
 7 1990  7 19.851458 19 34 09.261 -21 35 41.39
 7 1990  7 20.806883 19 33 55.045 -21 36 44.38
 7 1990  7 20.816834 19 33 54.928 -21 36 44.73
 7 1990  7 21.805399 19 33 39.443 -21 37 53.19
 7 1990  7 24.789399 19 32 46.580 -21 41 23.41
 7 1990  7 24.797045 19 32 46.403 -21 41 24.00
 7 1990  7 24.826065 19 32 45.855 -21 41 26.00
 7 1990  7 24.847406 19 32 45.427 -21 41 27.42
 7 1990  7 25.827542 19 32 25.819 -21 42 31.81
 7 1990  7 25.856683 19 32 25.232 -21 42 33.41
 8 1990  7 18.821852 19 34 58.427 -21 37 03.48
 8 1990  7 18.822949 19 34 58.366 -21 37 02.39
 8 1990  7 18.824247 19 34 58.354 -21 37 02.73
 8 1990  7 18.825977 19 34 58.295 -21 37 03.43
 8 1990  7 18.862126 19 34 57.632 -21 37 05.94
 8 1990  7 18.867723 19 34 57.558 -21 37 05.50
 8 1990  7 18.887198 19 34 57.175 -21 37 06.82
 8 1990  7 18.891179 19 34 57.078 -21 37 06.64
 8 1990  7 19.851458 19 34 38.811 -21 37 58.36
 8 1990  7 19.865647 19 34 38.521 -21 37 59.28
 8 1990  7 19.892773 19 34 38.008 -21 38 00.22
 8 1990  7 19.902123 19 34 37.840 -21 38 01.00
 8 1990  7 20.806883 19 34 20.405 -21 38 48.37
 8 1990  7 20.816834 19 34 20.236 -21 38 48.90
 8 1990  7 21.805399 19 34 00.993 -21 39 40.57
 8 1990  7 21.812091 19 34 00.862 -21 39 40.99
 8 1990  7 21.829460 19 34 00.515 -21 39 41.65
 8 1990  7 21.848019 19 34 00.134 -21 39 42.79
 8 1990  7 21.884574 19 33 59.449 -21 39 44.33
 8 1990  7 22.823545 19 33 40.980 -21 40 32.55
 8 1990  7 22.857317 19 33 40.340 -21 40 34.31
 8 1990  7 23.815298 19 33 21.344 -21 41 22.38
 8 1990  7 23.820814 19 33 21.230 -21 41 22.68
 8 1990  7 23.857536 19 33 20.521 -21 41 24.73
 8 1990  7 24.770869 19 33 02.263 -21 42 10.10
 8 1990  7 24.789399 19 33 01.888 -21 42 11.06
 8 1990  7 24.797045 19 33 01.741 -21 42 11.39
 8 1990  7 24.800160 19 33 01.673 -21 42 11.44
 8 1990  7 24.826065 19 33 01.166 -21 42 12.82
 8 1990  7 24.847406 19 33 00.727 -21 42 13.81
 8 1990  7 24.854047 19 33 00.597 -21 42 14.13
 8 1990  7 24.856528 19 33 00.527 -21 42 13.99
 8 1990  7 25.827542 19 32 41.028 -21 43 01.45
 8 1990  7 25.834926 19 32 40.870 -21 43 01.50
 8 1990  7 25.849064 19 32 40.608 -21 43 02.28
