1984 06 22.769247  6   14 34 43.234   -12 31 25.20   -0.028      0.25
1984 06 22.769247  4   14 34 37.919   -12 32 08.32   -0.031      0.20
1984 06 22.769247  5   14 34 30.785   -12 32 24.19    0.013      0.33
1984 06 22.769247  8   14 34 28.437   -12 33 58.46   -0.020     -0.24
1984 06 22.773158  6   14 34 43.206   -12 31 25.80   -0.038     -0.37
1984 06 22.773158  4   14 34 37.896   -12 32 08.50   -0.015      0.09
1984 06 22.773158  5   14 34 30.685   -12 32 24.51   -0.033     -0.16
1984 06 22.773158  8   14 34 28.400   -12 33 58.37   -0.015     -0.29
1984 06 23.770095  6   14 34 37.970   -12 31 24.07   -0.029      0.10
1984 06 23.770095  4   14 34 23.329   -12 31 53.65   -0.004      0.02
1984 06 23.770095  5   14 34 21.742   -12 31 30.84   -0.009      0.13
1984 06 23.770095  8   14 34 17.918   -12 33 23.70   -0.006     -0.00
1984 06 23.774239  6   14 34 37.935   -12 31 24.10   -0.039      0.08
1984 06 23.774239  4   14 34 23.260   -12 31 53.54   -0.021     -0.10
1984 06 23.774239  5   14 34 21.740   -12 31 30.63    0.005      0.13
1984 06 23.774239  8   14 34 17.883   -12 33 23.51    0.002      0.05
1984 06 24.773127  6   14 34 31.140   -12 31 27.70   -0.022     -0.02
1984 06 24.773127  8   14 34 07.778   -12 32 50.54   -0.007     -0.30
1984 06 24.777108  6   14 34 31.112   -12 31 27.56   -0.020      0.14
1984 06 24.777108  8   14 34 07.740   -12 32 50.22   -0.005     -0.11