 6   2451088.748208   2.0370237   9.529564    8.43
 6   2451091.739487 -99.0000000   9.434392    8.63
 6   2451100.713318   1.9859696   9.214991    8.21
 6   2451103.704663   1.9670002   9.130359    8.28
 6   2451130.625372   1.8405882   8.418774    8.33
 7   2451090.742348   2.0272710   9.478701   13.96
 7   2451102.707577   1.9790091   9.153351   13.94
 7   2451126.637022   1.8580268   8.523940  -99.00
 7   2451132.619238   1.8243631   8.379768   14.23
 8   2451015.950303   2.1037672  10.151277  -99.00 
 8   2451080.771332   2.0641870   9.705690   10.68
 8   2451080.771863   2.0641936   9.705612   10.73
 8   2451086.754517   2.0384196   9.536604   10.40
 8   2451089.745003   2.0255799   9.451587   10.61
 8   2451095.727578   2.0003469   9.283586   10.17
 8   2451098.718869   1.9879187   9.202858   10.28
 8   2451101.710168   1.9755901   9.124426   10.54
 8   2451131.622709   1.8421090   8.444266  -99.00  