904 295.4893064 -21.1661102  7967.9595571  0.05 206.136   7.79 1
904 295.4904493 -21.1660431  7967.9739027  0.05 206.136   7.55 1
904 295.5033296 -21.1652911  7968.1373332 -0.05 204.903   6.24 1
904 295.5044501 -21.1652216  7968.1516790 -0.04 204.903   7.89 1
904 296.7548638 -20.9763686  7989.4645470 -0.03 127.142  10.18 1
904 296.7552824 -20.9762094  7989.4788681 -0.02 127.142   9.98 1
904 296.7574492 -20.9753597  7989.5534979  0.01 127.142  35.16 1
904 296.7578487 -20.9751852  7989.5677572  0.02 127.142  10.13 1
904 290.5895748 -22.1185330  8144.4543329  0.12 321.340   9.34 1
904 290.5891228 -22.1186870  8144.4686538  0.12 321.340   8.61 1
904 290.5867577 -22.1194893  8144.5432217  0.13 321.340  10.21 1
904 290.5863012 -22.1196429  8144.5575303  0.13 321.340   8.56 1
904 290.5839108 -22.1204407  8144.6320235  0.09 321.341  32.15 1
904 290.4171306 -22.1662743  8163.6499295  0.12  32.905   7.20 1
904 290.4170000 -22.1662384  8163.6642751  0.12  32.905   9.63 1
904 290.4162264 -22.1659715  8163.7531384  0.05  32.905   7.74 1
904 291.4257609 -22.0590719  8191.2083294  0.10 310.809   6.92 1
904 291.4300651 -22.0591326  8191.2828840  0.03 310.809   7.84 1
904 309.4073944 -18.8575582  8393.3690677  0.09 126.221   9.29 1
904 309.4076008 -18.8575371  8393.3834010  0.09 126.221   9.68 1
904 309.4086833 -18.8574322  8393.4579440  0.08 126.221  12.50 1
904 309.4088907 -18.8574111  8393.4722773  0.08 126.221  12.70 1
904 309.4100091 -18.8573282  8393.5468448  0.05 126.221  11.77 1
904 309.1996854 -18.9460275  8410.6104928  0.06 192.405  14.49 1
904 309.1995860 -18.9461472  8410.6248262  0.07 192.405  15.51 1
904 309.1989704 -18.9469246  8410.7137151  0.08 192.405  13.66 1
904 302.6545893 -20.5976083  8539.4281926 -0.03 306.512  19.95 1
904 302.6549898 -20.5976423  8539.4425382 -0.03 306.512  14.06 1
904 303.4516390 -20.4403564  8566.5280358 -0.06  29.001   7.21 1
904 303.4524016 -20.4401096  8566.5423939 -0.06  29.000   6.91 1
904 303.4564106 -20.4387967  8566.6169616 -0.08  29.000  13.24 1
904 303.4571801 -20.4385523  8566.6312454 -0.09  29.000  12.90 1
904 318.6179862 -16.7176804  8712.8172451 -0.08 188.801  11.40 1
904 318.6193877 -16.7173251  8712.8315537 -0.09 188.801  11.50 1
904 318.6267163 -16.7154347  8712.9061580 -0.13 188.801   9.89 1
904 321.1441802 -16.0627719  8760.0009023 -0.13 204.337   9.29 1
904 321.1445743 -16.0626843  8760.0152110 -0.12 204.337   8.85 1
904 315.1517956 -18.0491400  8935.9947596 -0.05 300.874   8.61 1
905 320.0394498 -16.3878078  8729.5255708 -0.04 123.431  40.31 2
905 320.0511126 -16.3848058  8729.7033226 -0.11 122.620  29.86 2
905 320.0511089 -16.3847986  8729.7033332 -0.11 122.616  30.60 1
905 321.0906896 -16.0757827  8760.0009861 -0.13 204.400  15.95 2
905 321.0906887 -16.0757835  8760.0009887 -0.13 204.341  12.62 1
905 321.0908343 -16.0757337  8760.0153071 -0.12 204.400  13.38 2
905 321.0908331 -16.0757347  8760.0153098 -0.12 204.341  15.23 1
905 315.0567163 -18.0577314  8935.8916612 -0.08 300.855  11.52 2
905 315.0573853 -18.0575499  8935.9059947 -0.07 300.855  15.91 2
905 315.0609222 -18.0566250  8935.9805373 -0.05 300.893  13.35 1
905 315.0609212 -18.0566315  8935.9805627 -0.05 300.855   8.40 2
905 315.0615970 -18.0564450  8935.9948583 -0.05 300.893  13.25 1
905 315.0615947 -18.0564518  8935.9948590 -0.05 300.854  10.31 2
