1983 01 25.173139  3  14 09 10.992   -10 24 02.18     -0.039    0.72
1983 03 13.053111  3  14 07 55.298   -10 05 31.60     -0.014    0.82
1983 03 14.051250  3  14 07 49.454   -10 04 04.72     -0.056    0.84
1983 03 16.008934  3  14 07 28.201   -10 01 49.66     -0.065    0.89
1983 03 17.010380  3  14 07 10.804   -10 00 46.28     -0.050    0.86
1983 04 19.952662  3  13 58 31.644   -09 10 42.66     -0.042    0.61
1983 04 22.930846  3  13 57 45.892   -09 05 58.14     -0.061    0.05
1983 05 09.878880  3  13 52 59.062   -08 40 39.78     -0.041    1.31
1983 05 10.876867  3  13 52 37.074   -08 39 15.96     -0.036    1.03
1984 04 05.006843  3  14 51 38.254   -13 44 54.96     -0.032    0.86
1984 05 31.837740  3  14 35 55.876   -12 34 02.42     -0.022    0.19
1985 05 18.911440  3  15 29 22.808   -16 30 24.96     -0.069   -0.09
1985 05 20.932328  3  15 28 46.128   -16 28 27.44     -0.063    0.22
1985 06 05.856828  3  15 24 03.424   -16 13 12.76     -0.092   -0.38
1985 06 06.854089  3  15 23 53.506   -16 12 21.09     -0.122   -0.37
1985 06 10.858360  3  15 22 49.964   -16 09 15.29     -0.135   -0.19
1983 01 25.173139  4  14 09 17.332   -10 24 07.13     -0.030    0.31
1983 03 13.053111  4  14 07 59.543   -10 05 34.64     -0.045    1.24
1983 03 14.051250  4  14 07 43.054   -10 04 11.25     -0.040    0.94
1983 03 17.010380  4  14 07 10.750   -10 00 33,36     -0.062    1.04
1983 04 08.978254  4  14 01 46.112   -09 28 00.86     -0.075    0.91
1983 04 09.970353  4  14 01 22.953   -09 26 41.08     -0.051    0.72
1983 04 19.952662  4  13 58 38.676   -09 10 38.79     -0.039    0.52
1983 04 22.930846  4  13 57 46.030   -09 06 05.06     -0.064    0.25
1983 05 16.850128  4  13 51 10.570   -08 31 23.48     -0.043    0.64
1983 06 05.813191  4  13 47 05.088   -08 12 45.02     -0.067    0.95
1984 04 03.019096  4  14 52 04.038   -13 46 59.48     -0.081    0.50
1984 04 03.997883  4  14 51 57.384   -13 45 41.51     -0.115    0.23
1984 05 06.926839  4  14 42 52.293   -13 03 06.88     -0.062   -0.14
1984 05 31.837740  4  14 36 02.908   -12 34 05.17     -0.017    0.38
1985 06 05.856828  4  15 24 08.111   -16 13 31.51     -0.129    0.19
1985 06 06.854089  4  15 23 46.525   -16 12 12.11     -0.116   -0.42
1985 06 10.858360  4  15 22 51.664   -16 09 05.59     -0.133   -0.18
1983 01 25.173139  5  14 09 08.790   -10 24 10.30     -0.041    0.78
1983 02 15.100586  5  14 10 30.812   -10 24 57.20     -0.078    0.67
1983 03 13.053111  5  14 08 00.408   -10 05 01.50     -0.060    0.88
1983 03 14.051250  5  14 07 51.966   -10 04 20.95     -0.056    0.83
1983 03 16.008934  5  14 07 19.846   -10 01 57.18     -0.047    0.84
1983 03 17.010380  5  14 07 12.730   -10 00 21.18     -0.046    0.52
1983 04 08.978254  5  14 01 44.025   -09 27 40.09     -0.078    0.68
1983 04 09.970353  5  14 01 31.115   -09 26 30.21     -0.065    0.96
1983 04 22.930846  5  13 57 47.300   -09 05 41.90     -0.082    0.00
1983 05 09.878880  5  13 52 52.795   -08 40 23.32     -0.011    1.25
1983 05 10.876867  5  13 52 43.924   -08 39 02.05     -0.036    1.07
1983 05 16.850128  5  13 51 10.062   -08 31 55.60     -0.067    0.84
1983 06 05.813191  5  13 46 58.757   -08 12 22.24     -0.028    0.83
1984 04 03.019096  5  14 52 02.532   -13 47 06.96     -0.078    0.43
1984 04 03.997883  5  14 51 52.444   -13 45 29.25     -0.070    0.46
1984 04 05.006843  5  14 51 45.181   -13 44 30.46     -0.098    0.51
1984 05 02.938228  5  14 44 04.328   -13 08 51.22     -0.047    0.09
1984 05 06.926839  5  14 42 54.430   -13 03 13.73     -0.055    0.12
1984 05 31.837740  5  14 35 53.475   -12 34 02.65      0.023    0.24
1985 03 24.081022  5  15 42 47.278   -17 20 29.59     -0.114   -0.12
1985 04 01.051359  5  15 41 39.119   -17 15 04.22     -0.103   -0.61
1985 05 18.911440  5  15 29 15.187   -16 30 44.46     -0.032    0.15
1985 05 20.932328  5  15 28 46.278   -16 27 57.78     -0.065    0.20
1985 05 27.919393  5  15 26 33.539   -16 21 41.99     -0.081   -0.46
1985 06 05.856828  5  15 24 02.484   -16 13 31.64     -0.103   -0.34
1985 06 06.854089  5  15 23 45.796   -16 12 00.87     -0.090   -0.43
1985 06 10.858360  5  15 22 42.122   -16 09 04.23     -0.114   -0.14
1985 06 13.855680  5  15 22 06.396   -16 07 10.88     -0.097   -0.08
1983 01 25.173139  6  14 09 05.442   -10 23 27.89     -0.029    0.39
1983 02 15.100586  6  14 10 37.530   -10 24 25.12     -0.070    0.65
1983 03 13.053111  6  14 07 45.817   -10 04 57.94     -0.024    0.89
1983 03 14.051250  6  14 07 38.198   -10 03 33.55     -0.044    0.82
1983 03 17.010380  6  14 07 18.796   -09 59 53.47     -0.056    0.60
1983 04 08.978254  6  14 01 40.049   -09 28 53.26     -0.041    0.91
1983 04 09.970353  6  14 01 18.707   -09 27 13.86     -0.076    0.89
1983 04 19.952662  6  13 58 46.768   -09 10 20.86     -0.068    0.46
1983 04 22.930846  6  13 57 50.353   -09 06 35.46     -0.049    0.01
1983 05 09.878880  6  13 52 58.486   -08 41 27.37     -0.039    1.05
1983 05 10.876867  6  13 52 37.448   -08 40 07.30     -0.018    1.07
1983 05 12.847032  6  13 51 58.245   -08 37 11.25     -0.023    1.13
1983 05 16.850128  6  13 51 00.276   -08 30 58.35     -0.032    0.85
1983 06 05.813191  6  13 47 12.561   -08 12 03.48     -0.037    0.95
1984 04 03.019096  6  14 52 12.188   -13 46 02.17     -0.058    0.29
1984 04 03.997883  6  14 52 03.006   -13 45 08.96     -0.079    0.42
1984 04 05.006843  6  14 51 51.925   -13 44 20.16     -0.093    0.97
1984 05 02.938228  6  14 43 54.636   -13 07 34.32     -0.036    0.28
1984 05 06.926839  6  14 43 00.659   -13 02 54.92     -0.054    0.23
1984 05 31.837740  6  14 35 45.851   -12 33 56.28     -0.003    0.16
1985 03 24.081022  6  15 42 53.720   -17 20 47.59     -0.093   -0.24
1985 03 31.056510  6  15 41 33.793   -17 16 13.92     -0.104    0.04
1985 04 01.051359  6  15 41 24.896   -17 15 07.91     -0.085   -0.90
1985 04 23.986280  6  15 36 50.487   -16 56 12.88     -0.107   -0.24
1985 04 30.986757  6  15 34 29.176   -16 49 37.60     -0.066   -0.60
1985 05 18.911440  6  15 29 07.018   -16 29 57.77     -0.043   -0.01
1985 05 20.932328  6  15 28 36.923   -16 27 14.29     -0.066    0.17
1985 05 27.919393  6  15 26 46.918   -16 22 18.91     -0.100   -0.50
1985 06 05.856828  6  15 24 00.581   -16 12 03.75     -0.106   -0.44
1985 06 06.854089  6  15 23 49.378   -16 11 07.88     -0.099   -0.53
1985 06 13.855680  6  15 22 07.387   -16 07 52.95     -0.099   -0.01