 3  2452170.024508   04 55 07.240   +20 47 16.89
 3  2452171.021826   04 55 17.978   +20 47 19.79
 3  2452172.020275   04 55 15.283   +20 47 06.74
 3  2452173.017583   04 55 24.683   +20 47 22.07
 3  2452174.014885   04 55 21.882   +20 46 54.82
 3  2452175.011045   04 55 29.155   +20 47 20.37
 3  2452182.989229   04 55 26.899   +20 46 22.87
 3  2452186.979329   04 55 15.583   +20 45 25.64
 3  2452187.975420   04 55 18.630   +20 45 12.32
 3  2452201.936061   04 53 33.995   +20 41 19.56
 3  2452202.934348   04 53 29.477   +20 40 38.03
 3  2452203.931495   04 53 12.394   +20 40 28.38
 3  2452221.879396   04 49 03.106   +20 32 13.30
 3  2452224.870598   04 48 03.584   +20 30 33.73
 3  2452225.866524   04 47 52.077   +20 30 21.11
 3  2452226.863582   04 47 27.763   +20 29 22.49
 3  2452227.860637   04 47 14.400   +20 29 21.35
 3  2452235.838136   04 44 34.316   +20 24 48.70
 3  2452241.820342   04 42 30.723   +20 20 57.60
 3  2452252.786542   04 38 44.110   +20 14 58.39
 3  2452257.771712   04 37 07.539   +20 11 53.84
 3  2452260.763964   04 36 00.933   +20 10 07.96
 3  2452276.716962   04 31 20.478   +20 03 10.19
 3  2452277.712920   04 30 58.054   +20 02 36.21
 3  2452278.710013   04 30 49.176   +20 02 35.19
 3  2452308.626057   04 26 14.496   +19 59 20.05
 3  2452309.623302   04 26 05.970   +19 59 42.70
 3  2452579.943200   05 54 06.883   +22 05 36.05
 3  2452580.940355   05 54 02.451   +22 06 05.65
 3  2452581.937505   05 53 47.362   +22 05 24.43
 3  2452582.934650   05 53 40.248   +22 06 03.49
 3  2452590.912790   05 51 54.520   +22 05 26.49
 3  2452592.906993   05 51 24.870   +22 05 12.34
 3  2452593.904089   05 51 16.765   +22 05 08.77
 3  2452594.900032   05 50 54.250   +22 04 58.00
 3  2452595.897120   05 50 45.446   +22 05 10.13
 3  2452596.894203   05 50 22.686   +22 04 43.91
 3  2452597.891284   05 50 12.369   +22 05 10.54
 3  2452598.888361   05 49 50.294   +22 04 31.95
 3  2452616.835245   05 44 10.826   +22 04 05.93
 3  2452630.794748   05 39 08.626   +22 02 40.68
 3  2452643.755034   05 34 42.990   +22 02 13.43
 3  2452644.752081   05 34 29.963   +22 01 54.16
 3  2452647.744384   05 33 26.443   +22 01 46.28
 3  2452649.738501   05 32 50.357   +22 01 34.81
 3  2452659.708150   05 30 11.262   +22 01 24.87
 3  2452662.699465   05 29 22.968   +22 01 47.65
 3  2452678.653862   05 26 43.187   +22 02 36.52
 3  2452679.652203   05 26 30.750   +22 03 01.92
 3  2452680.649402   05 26 31.023   +22 02 59.14
 3  2452927.036201   06 56 25.992   +22 04 01.24
 3  2452928.033528   06 56 36.962   +22 03 44.81
 3  2452933.020098   06 56 49.995   +22 03 13.11
 3  2452935.015835   06 56 54.986   +22 03 04.57
 3  2452951.967803   06 56 13.594   +22 04 22.59
 3  2452952.966144   06 56 11.608   +22 05 09.56
 3  2452961.940651   06 54 52.303   +22 06 47.68
 3  2452978.891462   06 50 51.512   +22 12 40.67
 3  2452982.878577   06 49 41.872   +22 14 36.25
 3  2452987.864990   06 48 01.782   +22 16 24.53
 3  2452996.837170   06 44 59.517   +22 21 02.25
 3  2453002.820479   06 42 52.391   +22 23 28.06
 3  2453014.784785   06 38 44.871   +22 29 01.62
 3  2453020.766994   06 36 43.033   +22 31 59.40
 3  2453033.728743   06 32 44.319   +22 36 46.93
 3  2453034.725822   06 32 21.079   +22 37 10.44
 3  2453035.722907   06 32 12.081   +22 37 37.24
 3  2453049.681374   06 28 59.366   +22 42 03.99
 3  2453051.675681   06 28 38.638   +22 42 28.94
 3  2453052.673995   06 28 35.985   +22 42 44.88
 3  2453068.628138   06 27 01.671   +22 46 15.18
 3  2453070.623804   06 26 59.017   +22 46 27.52
 3  2453072.617184   06 26 58.694   +22 46 39.47
 3  2453073.614459   06 27 05.475   +22 47 11.79
 3  2453074.611739   06 27 00.701   +22 46 51.33
 3  2453075.609025   06 27 07.195   +22 47 33.63
 3  2453353.906370   07 52 19.570   +20 52 57.11
 3  2453354.903460   07 52 11.073   +20 53 56.01
 3  2453355.900547   07 51 48.323   +20 54 27.20
 3  2453372.850546   07 46 38.828   +21 09 43.10
 3  2453404.755717   07 35 52.950   +21 39 21.30
 3  2453405.752775   07 35 41.397   +21 40 07.71
 3  2453406.750993   07 35 16.257   +21 40 50.02
 3  2453407.748056   07 35 05.493   +21 41 48.25
 3  2453410.739266   07 34 07.294   +21 43 41.03
 3  2453438.657831   07 28 36.124   +21 58 51.37
 4  2452171.021826   04 55 17.887   +20 47 35.57
 4  2452172.020275   04 55 14.290   +20 47 14.48
 4  2452173.017583   04 55 24.061   +20 46 51.62
 4  2452174.014885   04 55 25.659   +20 47 34.42
 4  2452175.011045   04 55 23.076   +20 46 50.17
 4  2452176.009474   04 55 32.671   +20 46 52.58
 4  2452177.005623   04 55 28.894   +20 47 18.36
 4  2452178.002905   04 55 28.972   +20 46 24.02
 4  2452179.000180   04 55 35.817   +20 46 49.63
 4  2452179.998587   04 55 28.313   +20 46 47.89
 4  2452181.993112   04 55 33.404   +20 46 38.08
 4  2452182.989229   04 55 24.698   +20 46 06.77
 4  2452186.979329   04 55 22.966   +20 45 17.74
 4  2452187.975420   04 55 13.703   +20 45 34.78
 4  2452192.962616   04 54 53.049   +20 44 20.04
 4  2452193.958675   04 54 39.348   +20 43 39.07
 4  2452194.957003   04 54 39.676   +20 43 06.05
 4  2452198.944579   04 54 03.286   +20 42 33.60
 4  2452199.941745   04 53 54.247   +20 41 23.83
 4  2452200.940041   04 53 50.808   +20 41 40.51
 4  2452201.936061   04 53 32.984   +20 41 19.60
 4  2452202.934348   04 53 27.127   +20 40 20.00
 4  2452203.931495   04 53 18.526   +20 40 47.10
 4  2452207.918898   04 52 25.246   +20 38 30.08
 4  2452209.914276   04 52 01.046   +20 38 21.35
 4  2452210.910255   04 51 48.132   +20 37 05.66
 4  2452214.899810   04 50 55.079   +20 36 08.01
 4  2452215.896903   04 50 32.804   +20 35 09.51
 4  2452219.885246   04 49 37.866   +20 33 16.42
 4  2452221.879396   04 48 58.328   +20 31 48.92
 4  2452224.870598   04 48 08.248   +20 30 16.19
 4  2452225.866524   04 47 51.363   +20 30 34.98
 4  2452226.863582   04 47 26.105   +20 29 29.75
 4  2452227.860637   04 47 15.514   +20 28 48.86
 4  2452228.857690   04 46 53.194   +20 28 58.21
 4  2452229.854741   04 46 30.901   +20 27 36.51
 4  2452230.852924   04 46 19.602   +20 27 24.48
 4  2452231.849971   04 45 53.102   +20 27 11.47
 4  2452232.845881   04 45 35.089   +20 25 48.88
 4  2452233.842923   04 45 20.524   +20 25 57.91
 4  2452235.838136   04 44 38.125   +20 24 07.73
 4  2452241.820342   04 42 38.811   +20 21 05.42
 4  2452246.804361   04 40 52.335   +20 17 43.78
 4  2452249.795450   04 39 51.990   +20 16 11.44
 4  2452252.786542   04 38 50.611   +20 14 44.65
 4  2452257.771712   04 37 06.052   +20 11 31.04
 4  2452260.763964   04 36 08.147   +20 10 07.40
 4  2452269.736303   04 33 16.231   +20 06 22.64
 4  2452277.712920   04 31 04.777   +20 03 04.71
 4  2452278.710013   04 30 41.657   +20 02 24.61
 4  2452279.707109   04 30 33.612   +20 01 42.65
 4  2452281.701315   04 29 58.211   +20 01 12.25
 4  2452282.699555   04 29 52.406   +20 01 01.81
 4  2452285.690907   04 29 13.130   +20 00 31.17
 4  2452288.682299   04 28 35.878   +20 00 06.16
 4  2452294.665212   04 27 30.112   +19 59 19.65
 4  2452295.661251   04 27 21.060   +19 58 25.92
 4  2452300.647175   04 26 42.083   +19 58 41.65
 4  2452308.626057   04 26 07.844   +19 59 39.58
 4  2452310.619418   04 26 10.129   +20 00 11.48
 4  2452313.611197   04 26 05.287   +20 00 56.77
 4  2452316.604157   04 26 04.599   +20 01 43.57
 4  2452548.031431   05 55 26.919   +22 07 12.68
 4  2452579.943200   05 54 05.401   +22 05 49.32
 4  2452580.940355   05 54 02.468   +22 05 27.92
 4  2452581.937505   05 53 50.532   +22 06 13.25
 4  2452582.934650   05 53 34.698   +22 05 24.61
 4  2452583.931790   05 53 31.609   +22 05 32.80
 4  2452584.928925   05 53 14.221   +22 05 59.94
 4  2452585.927204   05 53 01.531   +22 05 05.41
 4  2452589.915681   05 52 14.573   +22 05 42.99
 4  2452590.912790   05 51 52.909   +22 05 13.31
 4  2452593.904089   05 51 09.329   +22 04 48.44
 4  2452594.900032   05 51 02.136   +22 04 59.77
 4  2452595.897120   05 50 40.202   +22 05 24.84
 4  2452596.894203   05 50 23.971   +22 04 29.55
 4  2452597.891284   05 50 13.872   +22 05 06.37
 4  2452598.888361   05 49 48.906   +22 05 02.25
 4  2452602.876634   05 48 45.927   +22 04 19.43
 4  2452604.870751   05 48 02.441   +22 04 10.39
 4  2452606.864856   05 47 26.531   +22 04 46.95
 4  2452617.832292   05 43 45.347   +22 04 04.26
 4  2452620.823356   05 42 40.478   +22 03 38.21
 4  2452622.818554   05 42 04.766   +22 03 48.40
 4  2452630.794748   05 39 16.278   +22 03 06.87
 4  2452639.768018   05 36 02.475   +22 02 36.23
 4  2452642.757990   05 35 01.165   +22 02 11.59
 4  2452643.755034   05 34 47.750   +22 01 38.55
 4  2452644.752081   05 34 28.683   +22 02 28.34
 4  2452646.746181   05 33 52.503   +22 01 43.18
 4  2452649.738501   05 32 58.120   +22 01 53.02
 4  2452653.726776   05 31 39.519   +22 01 45.69
 4  2452657.713960   05 30 43.239   +22 01 29.37
 4  2452659.708150   05 30 06.227   +22 01 15.34
 4  2452666.687947   05 28 36.165   +22 02 18.59
 4  2452669.679358   05 27 59.128   +22 02 26.18
 4  2452670.676505   05 27 47.021   +22 01 38.12
 4  2452674.665142   05 27 14.790   +22 02 43.73
 4  2452678.653862   05 26 36.409   +22 02 32.24
 4  2452679.652203   05 26 37.872   +22 02 47.37
 4  2452680.649402   05 26 26.448   +22 03 27.40
 4  2452689.623290   05 25 50.229   +22 04 13.35
 4  2452690.621692   05 25 56.761   +22 04 35.29
 4  2452692.615068   05 25 49.413   +22 04 40.02
 4  2452693.613487   05 25 55.781   +22 05 28.41
 4  2452926.038863   06 56 26.347   +22 03 50.27
 4  2452928.033528   06 56 30.902   +22 03 27.11
 4  2452933.020098   06 56 48.955   +22 03 30.17
 4  2452936.013121   06 56 54.473   +22 03 10.46
 4  2452937.009254   06 57 03.078   +22 03 11.20
 4  2452939.003799   06 56 57.040   +22 03 00.69
 4  2452940.999469   06 56 55.721   +22 03 43.29
 4  2452943.991212   06 56 48.456   +22 03 40.71
 4  2452951.967803   06 56 13.196   +22 04 55.20
 4  2452961.940651   06 54 54.023   +22 07 03.28
 4  2452966.926314   06 53 52.403   +22 08 05.08
 4  2452967.923434   06 53 38.353   +22 09 11.86
 4  2452973.904906   06 52 07.036   +22 11 06.00
 4  2452978.891462   06 50 50.025   +22 13 18.98
 4  2452982.878577   06 49 36.021   +22 14 05.21
 4  2452987.864990   06 47 59.535   +22 16 40.15
 4  2452990.856118   06 47 01.058   +22 17 47.05
 4  2452992.850192   06 46 22.941   +22 19 24.08
 4  2452993.846076   06 46 02.320   +22 19 01.51
 4  2452995.840203   06 45 19.267   +22 20 35.35
 4  2453002.820479   06 43 00.227   +22 23 39.59
 4  2453009.799648   06 40 22.221   +22 26 47.94
 4  2453014.784785   06 38 39.598   +22 29 31.38
 4  2453020.766994   06 36 35.206   +22 31 36.10
 4  2453034.725822   06 32 21.317   +22 36 48.05
 4  2453035.722907   06 32 13.072   +22 37 35.82
 4  2453042.702609   06 30 21.463   +22 39 39.49
 4  2453043.699726   06 30 16.408   +22 39 58.57
 4  2453047.688241   06 29 21.072   +22 41 38.83
 4  2453049.681374   06 29 05.909   +22 42 13.91
 4  2453051.675681   06 28 43.838   +22 42 04.23
 4  2453052.673995   06 28 34.329   +22 43 10.07
 4  2453061.648678   06 27 23.978   +22 44 51.14
 4  2453068.628138   06 27 09.107   +22 46 18.03
 4  2453072.617184   06 26 57.693   +22 46 49.61
 4  2453073.614459   06 27 04.631   +22 46 38.32
 4  2453076.606318   06 27 10.685   +22 47 16.38
 4  2453078.602072   06 27 09.800   +22 47 13.46
 4  2453310.029680   07 57 03.179   +20 36 30.01
 4  2453310.029680   07 57 03.179   +20 36 30.01
 4  2453343.935219   07 54 34.514   +20 45 40.42
 4  2453350.915057   07 53 11.323   +20 51 01.50
 4  2453353.907502   07 52 24.763   +20 53 25.89
 4  2453354.903460   07 52 03.295   +20 53 34.48
 4  2453355.900547   07 51 55.644   +20 54 30.90
 4  2453359.889981   07 50 42.096   +20 58 11.07
 4  2453372.850546   07 46 45.780   +21 10 12.71
 4  2453405.752775   07 35 40.734   +21 40 30.56
 4  2453406.750993   07 35 15.257   +21 40 46.64
 4  2453407.748056   07 35 05.143   +21 41 26.95
 4  2453410.739266   07 34 14.493   +21 43 57.58
 4  2453429.684398   07 29 54.526   +21 55 08.14
 4  2453435.666254   07 29 02.858   +21 58 01.81
 4  2453438.657831   07 28 40.972   +21 59 08.81
 4  2453442.646673   07 28 15.463   +21 59 27.59
 5  2451815.954144   03 56 25.715   +18 05 53.11
 5  2452170.024508   04 55 05.832   +20 47 34.90
 5  2452171.021826   04 55 10.430   +20 46 47.52
 5  2452172.020275   04 55 21.601   +20 46 45.90
 5  2452173.017583   04 55 27.186   +20 47 29.78
 5  2452174.014885   04 55 23.390   +20 47 43.32
 5  2452175.011045   04 55 20.992   +20 46 58.92
 5  2452176.009474   04 55 27.783   +20 46 22.45
 5  2452177.005623   04 55 35.740   +20 46 46.11
 5  2452178.002905   04 55 34.187   +20 47 22.51
 5  2452179.000180   04 55 27.180   +20 47 02.28
 5  2452179.998587   04 55 26.987   +20 46 07.16
 5  2452180.995853   04 55 33.999   +20 45 55.41
 5  2452181.991998   04 55 36.046   +20 46 32.84
 5  2452181.993112   04 55 36.038   +20 46 32.90
 5  2452182.989229   04 55 28.295   +20 46 44.32
 5  2452186.979329   04 55 22.404   +20 45 57.01
 5  2452187.975420   04 55 11.065   +20 45 34.39
 5  2452192.962616   04 54 44.074   +20 43 58.44
 5  2452193.958675   04 54 41.732   +20 43 04.02
 5  2452194.955884   04 54 42.187   +20 43 10.08
 5  2452194.957003   04 54 42.181   +20 43 10.35
 5  2452195.953112   04 54 33.519   +20 43 39.22
 5  2452196.950233   04 54 17.977   +20 43 14.62
 5  2452197.947427   04 54 08.331   +20 42 06.49
 5  2452198.944579   04 54 07.045   +20 41 35.43
 5  2452200.940041   04 53 46.857   +20 42 07.82
 5  2452201.936061   04 53 30.721   +20 41 11.58
 5  2452202.934348   04 53 23.970   +20 40 08.89
 5  2452203.930377   04 53 20.842   +20 40 06.44
 5  2452203.931495   04 53 20.843   +20 40 06.62
 5  2452205.924656   04 52 49.530   +20 40 06.04
 5  2452205.925774   04 52 49.511   +20 40 05.99
 5  2452206.921788   04 52 35.538   +20 38 52.55
 5  2452206.922906   04 52 35.527   +20 38 52.56
 5  2452207.918898   04 52 30.402   +20 38 12.66
 5  2452208.917146   04 52 22.398   +20 38 31.59
 5  2452209.914276   04 52 03.875   +20 38 37.66
 5  2452211.907366   04 51 33.024   +20 36 29.12
 5  2452214.899810   04 50 49.243   +20 36 14.45
 5  2452215.896903   04 50 31.400   +20 34 56.87
 5  2452219.885246   04 49 27.556   +20 33 27.31
 5  2452221.878280   04 49 04.336   +20 31 53.67
 5  2452221.879396   04 49 04.330   +20 31 53.82
 5  2452224.870598   04 48 00.907   +20 30 26.05
 5  2452225.866524   04 47 49.540   +20 29 30.95
 5  2452226.863582   04 47 36.913   +20 29 38.86
 5  2452227.860637   04 47 13.725   +20 29 43.61
 5  2452228.857690   04 46 47.550   +20 28 43.67
 5  2452229.854741   04 46 30.522   +20 27 22.98
 5  2452230.852924   04 46 19.442   +20 26 58.96
 5  2452231.848854   04 46 01.070   +20 27 15.81
 5  2452231.849971   04 46 01.047   +20 27 15.89
 5  2452232.845881   04 45 33.767   +20 26 50.95
 5  2452233.842923   04 45 10.239   +20 25 28.96
 5  2452235.838136   04 44 42.876   +20 24 31.80
 5  2452241.820342   04 42 32.249   +20 21 39.41
 5  2452246.804361   04 40 45.256   +20 18 26.38
 5  2452249.795450   04 39 53.967   +20 16 44.78
 5  2452249.796571   04 39 53.946   +20 16 44.78
 5  2452250.793613   04 39 25.837   +20 16 26.72
 5  2452251.790643   04 39 00.308   +20 15 07.99
 5  2452252.786542   04 38 45.287   +20 14 01.31
 5  2452257.771712   04 37 07.261   +20 11 23.18
 5  2452260.763964   04 35 57.831   +20 10 13.98
 5  2452262.758052   04 35 31.028   +20 09 06.42
 5  2452269.736303   04 33 08.519   +20 05 54.21
 5  2452276.716962   04 31 23.141   +20 03 18.18
 5  2452277.712920   04 31 01.259   +20 03 23.02
 5  2452278.710013   04 30 39.925   +20 02 25.43
 5  2452279.707109   04 30 29.049   +20 01 26.06
 5  2452281.701315   04 30 06.286   +20 01 58.82
 5  2452282.699555   04 29 44.378   +20 01 36.70
 5  2452285.690907   04 29 14.913   +20 00 32.49
 5  2452286.686903   04 28 56.699   +20 00 47.98
 5  2452288.682299   04 28 30.223   +19 59 08.42
 5  2452292.669758   04 27 44.771   +19 58 48.66
 5  2452293.666917   04 27 42.261   +19 58 25.48
 5  2452294.664099   04 27 37.838   +19 59 01.73
 5  2452295.661251   04 27 23.877   +19 59 28.94
 5  2452296.658443   04 27 09.046   +19 58 54.83
 5  2452300.647175   04 26 43.404   +19 59 13.96
 5  2452302.642712   04 26 35.866   +19 58 11.99
 5  2452308.626057   04 26 16.329   +19 59 52.89
 5  2452309.623302   04 26 06.655   +20 00 09.98
 5  2452311.617804   04 26 06.514   +19 59 25.85
 5  2452312.615052   04 26 11.124   +20 00 16.33
 5  2452313.611197   04 26 06.562   +20 01 07.03
 5  2452315.605744   04 26 01.876   +20 00 32.31
 5  2452316.603043   04 26 10.463   +20 00 57.09
 5  2452316.604157   04 26 10.469   +20 00 57.13
 5  2452317.600313   04 26 13.124   +20 02 02.85
 5  2452317.601432   04 26 13.124   +20 02 03.16
 5  2452318.597605   04 26 08.042   +20 02 33.69
 5  2452320.593337   04 26 15.465   +20 02 08.30
 5  2452548.031431   05 55 30.839   +22 07 48.14
 5  2452579.943200   05 54 14.926   +22 06 18.96
 5  2452579.944337   05 54 14.904   +22 06 19.00
 5  2452580.940355   05 53 57.267   +22 06 20.12
 5  2452581.937505   05 53 43.438   +22 05 28.24
 5  2452582.934650   05 53 39.087   +22 05 03.13
 5  2452583.931790   05 53 33.641   +22 05 40.77
 5  2452584.928925   05 53 17.618   +22 06 14.56
 5  2452585.927204   05 52 58.114   +22 05 43.95
 5  2452589.915681   05 52 09.231   +22 05 53.70
 5  2452590.912790   05 51 51.217   +22 05 02.72
 5  2452592.905863   05 51 34.555   +22 05 09.48
 5  2452592.906993   05 51 34.531   +22 05 09.51
 5  2452593.904089   05 51 15.540   +22 05 46.26
 5  2452594.900032   05 50 52.410   +22 05 18.69
 5  2452595.897120   05 50 37.743   +22 04 26.58
 5  2452596.894203   05 50 29.761   +22 04 29.79
 5  2452597.891284   05 50 15.184   +22 05 18.08
 5  2452598.888361   05 49 50.984   +22 05 27.06
 5  2452602.876634   05 48 45.621   +22 05 16.34
 5  2452603.874842   05 48 19.463   +22 04 51.74
 5  2452604.870751   05 48 01.575   +22 03 57.84
 5  2452606.864856   05 47 34.568   +22 04 45.08
 5  2452610.853054   05 46 16.782   +22 04 01.96
 5  2452612.847130   05 45 25.685   +22 04 21.91
 5  2452613.844166   05 45 05.302   +22 03 26.53
 5  2452614.841182   05 44 52.949   +22 03 21.45
 5  2452616.835245   05 44 07.653   +22 04 24.80
 5  2452620.823356   05 42 48.270   +22 04 07.11
 5  2452622.817424   05 41 56.991   +22 02 52.68
 5  2452622.818554   05 41 56.984   +22 02 52.78
 5  2452630.794748   05 39 07.866   +22 03 15.47
 5  2452636.775769   05 37 04.242   +22 01 46.37
 5  2452639.768018   05 36 01.402   +22 02 44.16
 5  2452642.757990   05 35 11.945   +22 02 17.02
 5  2452643.755034   05 34 46.512   +22 02 44.14
 5  2452644.752081   05 34 20.460   +22 02 04.46
 5  2452646.746181   05 33 53.870   +22 01 36.75
 5  2452647.744384   05 33 34.661   +22 02 25.23
 5  2452649.738501   05 32 47.633   +22 01 26.97
 5  2452653.726776   05 31 37.912   +22 01 49.52
 5  2452657.713960   05 30 36.260   +22 02 11.98
 5  2452658.712201   05 30 17.963   +22 01 21.43
 5  2452659.708150   05 30 09.893   +22 01 01.65
 5  2452662.699465   05 29 20.518   +22 01 53.03
 5  2452664.693715   05 29 04.181   +22 01 22.72
 5  2452664.694844   05 29 04.169   +22 01 22.76
 5  2452666.687947   05 28 32.088   +22 02 24.03
 5  2452670.676505   05 27 51.473   +22 02 43.02
 5  2452673.667975   05 27 24.349   +22 01 51.61
 5  2452674.665142   05 27 16.747   +22 02 47.61
 5  2452676.659491   05 26 48.900   +22 02 21.61
 5  2452678.653862   05 26 46.467   +22 02 45.65
 5  2452679.652203   05 26 36.157   +22 03 33.21
 5  2452680.649402   05 26 22.549   +22 03 18.19
 5  2452689.623290   05 25 49.267   +22 04 47.95
 5  2452690.621692   05 25 48.256   +22 04 11.11
 5  2452691.618951   05 25 55.024   +22 04 24.04
 5  2452692.615068   05 25 57.102   +22 05 24.85
 5  2452693.613487   05 25 50.487   +22 05 55.00
 5  2452695.608045   05 25 52.174   +22 05 07.12
 5  2452926.038863   06 56 20.093   +22 03 27.54
 5  2452927.036201   06 56 33.177   +22 03 37.88
 5  2452928.033528   06 56 38.537   +22 04 15.90
 5  2452933.020098   06 56 54.393   +22 04 02.35
 5  2452935.015835   06 56 53.827   +22 02 49.29
 5  2452936.013121   06 57 02.837   +22 03 02.33
 5  2452937.009254   06 57 04.538   +22 03 47.54
 5  2452938.006530   06 56 57.638   +22 03 50.73
 5  2452939.003799   06 56 54.135   +22 03 07.00
 5  2452940.999469   06 57 04.450   +22 03 30.15
 5  2452941.995575   06 56 58.938   +22 04 06.41
 5  2452943.991212   06 56 48.766   +22 03 06.02
 5  2452951.967803   06 56 11.073   +22 04 52.96
 5  2452952.966144   06 56 05.263   +22 04 18.86
 5  2452961.940651   06 54 44.890   +22 06 24.66
 5  2452962.936652   06 54 41.729   +22 06 44.82
 5  2452963.933800   06 54 32.891   +22 07 50.05
 5  2452963.934930   06 54 32.891   +22 07 50.33
 5  2452966.926314   06 53 48.912   +22 07 46.91
 5  2452967.922302   06 53 42.860   +22 08 38.99
 5  2452973.904906   06 52 09.873   +22 11 29.27
 5  2452978.891462   06 50 44.529   +22 13 12.75
 5  2452982.878577   06 49 38.129   +22 15 10.13
 5  2452986.867943   06 48 27.594   +22 16 51.86
 5  2452987.864990   06 48 00.078   +22 17 08.46
 5  2452990.856118   06 47 11.437   +22 18 19.53
 5  2452992.850192   06 46 18.446   +22 19 01.60
 5  2452993.846076   06 46 01.775   +22 18 50.15
 5  2452995.840203   06 45 27.672   +22 20 58.07
 5  2452996.837170   06 44 58.638   +22 21 19.55
 5  2453002.820479   06 42 52.744   +22 23 02.87
 5  2453009.799648   06 40 28.090   +22 27 35.24
 5  2453014.784785   06 38 38.991   +22 29 41.11
 5  2453020.766994   06 36 36.020   +22 31 08.58
 5  2453022.759940   06 36 05.864   +22 33 03.01
 5  2453022.761067   06 36 05.828   +22 33 03.14
 5  2453027.746335   06 34 27.922   +22 35 14.69
 5  2453031.734593   06 33 20.352   +22 36 31.98
 5  2453033.728743   06 32 34.667   +22 36 36.61
 5  2453034.725822   06 32 24.317   +22 36 32.10
 5  2453035.722907   06 32 14.732   +22 37 31.49
 5  2453041.705496   06 30 37.898   +22 40 08.11
 5  2453042.702609   06 30 19.557   +22 39 41.05
 5  2453043.699726   06 30 11.937   +22 39 30.60
 5  2453044.695695   06 30 05.931   +22 40 23.99
 5  2453047.688241   06 29 19.262   +22 40 49.77
 5  2453048.685383   06 29 16.035   +22 41 08.96
 5  2453049.681374   06 29 08.011   +22 42 15.07
 5  2453051.675681   06 28 35.725   +22 42 19.88
 5  2453052.673995   06 28 31.312   +22 42 03.68
 5  2453055.664289   06 28 02.438   +22 43 48.13
 5  2453061.648678   06 27 26.585   +22 44 11.38
 5  2453068.628138   06 27 04.765   +22 46 48.13
 5  2453070.623804   06 27 00.269   +22 45 53.34
 5  2453072.617184   06 27 05.980   +22 47 22.17
 5  2453073.614459   06 26 58.777   +22 47 23.34
 5  2453074.611739   06 26 58.074   +22 46 43.77
 5  2453075.609025   06 27 06.591   +22 46 42.24
 5  2453076.606318   06 27 12.786   +22 47 34.55
 5  2453081.594015   06 27 28.104   +22 48 28.45
 5  2453309.032365   07 56 52.062   +20 36 24.14
 5  2453309.032365   07 56 52.062   +20 36 24.14
 5  2453310.029680   07 56 56.653   +20 35 40.80
 5  2453310.029680   07 56 56.653   +20 35 40.80
 5  2453312.025442   07 57 12.606   +20 36 21.64
 5  2453320.999791   07 57 18.728   +20 36 52.24
 5  2453327.981578   07 56 46.373   +20 37 48.13
 5  2453328.978790   07 56 48.863   +20 38 08.52
 5  2453333.963627   07 56 20.066   +20 40 23.13
 5  2453334.960809   07 56 10.761   +20 41 27.46
 5  2453338.950633   07 55 38.053   +20 43 11.59
 5  2453342.938100   07 54 55.509   +20 45 06.06
 5  2453342.939230   07 54 55.494   +20 45 06.29
 5  2453343.935219   07 54 42.969   +20 46 22.98
 5  2453343.936357   07 54 42.932   +20 46 23.05
 5  2453349.917950   07 53 15.750   +20 49 58.13
 5  2453350.915057   07 53 04.920   +20 50 09.04
 5  2453350.916194   07 53 04.914   +20 50 09.09
 5  2453352.909258   07 52 42.835   +20 52 43.48
 5  2453353.907502   07 52 19.666   +20 53 23.79
 5  2453354.903460   07 52 01.755   +20 53 27.35
 5  2453354.904593   07 52 01.754   +20 53 27.37
 5  2453355.901680   07 51 53.019   +20 54 06.56
 5  2453357.894694   07 51 20.120   +20 56 51.03
 5  2453358.892908   07 50 56.408   +20 57 09.46
 5  2453359.888843   07 50 42.192   +20 57 24.85
 5  2453365.871219   07 49 04.019   +21 03 26.23
 5  2453372.850546   07 46 36.164   +21 09 33.99
 5  2453404.755717   07 35 51.318   +21 38 48.96
 5  2453404.756862   07 35 51.307   +21 38 48.98
 5  2453405.752775   07 35 40.975   +21 39 40.10
 5  2453406.750993   07 35 25.847   +21 41 13.83
 5  2453407.748056   07 35 01.114   +21 42 14.59
 5  2453410.739266   07 34 15.870   +21 43 50.91
 5  2453429.684398   07 29 55.312   +21 55 50.81
 5  2453435.666254   07 28 53.075   +21 57 45.87
 5  2453437.660634   07 28 50.014   +21 58 11.64
 5  2453438.657831   07 28 43.398   +21 59 13.85
 5  2453439.656193   07 28 29.851   +21 59 26.61
 5  2453440.652241   07 28 22.109   +21 58 58.18
 5  2453440.653390   07 28 22.098   +21 58 58.10
 5  2453441.650614   07 28 24.069   +21 59 02.59
 5  2453442.647821   07 28 24.575   +21 59 58.23
 5  2453456.608304   07 28 11.301   +22 01 54.92
 5  2453456.609452   07 28 11.307   +22 01 54.92
 6  2451535.664763   02 35 56.567   +12 39 50.44
 6  2452170.025631   04 55 20.774   +20 48 22.19
 6  2452171.022951   04 55 20.742   +20 48 36.33
 6  2452172.019156   04 55 19.331   +20 48 37.81
 6  2452173.016462   04 55 17.313   +20 48 25.91
 6  2452174.013766   04 55 15.524   +20 48 01.21
 6  2452175.012171   04 55 14.724   +20 47 27.21
 6  2452176.008355   04 55 15.461   +20 46 48.58
 6  2452179.001305   04 55 27.035   +20 45 18.88
 6  2452179.997467   04 55 32.365   +20 45 09.84
 6  2452180.994732   04 55 37.123   +20 45 12.89
 6  2452181.991998   04 55 40.615   +20 45 25.90
 6  2452182.990354   04 55 42.173   +20 45 46.02
 6  2452185.980976   04 55 32.625   +20 46 42.34
 6  2452185.982097   04 55 32.614   +20 46 42.69
 6  2452186.978210   04 55 25.049   +20 46 46.27
 6  2452187.976545   04 55 16.084   +20 46 36.86
 6  2452192.961497   04 54 37.551   +20 43 13.08
 6  2452193.959800   04 54 34.369   +20 42 31.06
 6  2452194.955884   04 54 32.245   +20 41 59.32
 6  2452195.953112   04 54 30.410   +20 41 40.49
 6  2452197.947427   04 54 24.341   +20 41 37.74
 6  2452201.937186   04 53 47.370   +20 42 17.26
 6  2452202.933230   04 53 32.560   +20 42 11.17
 6  2452203.930377   04 53 16.388   +20 41 51.62
 6  2452205.924656   04 52 43.377   +20 40 31.73
 6  2452206.921788   04 52 28.244   +20 39 35.75
 6  2452208.917146   04 52 03.435   +20 37 37.12
 6  2452209.913158   04 51 53.746   +20 36 45.65
 6  2452209.914276   04 51 53.745   +20 36 45.57
 6  2452210.911380   04 51 45.198   +20 36 05.34
 6  2452211.908491   04 51 37.013   +20 35 38.05
 6  2452214.898692   04 51 06.447   +20 35 22.67
 6  2452215.895787   04 50 52.252   +20 35 28.35
 6  2452219.884129   04 49 33.821   +20 34 46.88
 6  2452220.881206   04 49 11.428   +20 34 05.03
 6  2452221.878280   04 48 49.588   +20 33 10.32
 6  2452223.873523   04 48 10.571   +20 30 58.64
 6  2452224.869481   04 47 54.174   +20 29 52.87
 6  2452226.863582   04 47 26.323   +20 28 08.52
 6  2452228.858814   04 47 00.187   +20 27 15.87
 6  2452229.855865   04 46 45.698   +20 27 06.93
 6  2452230.851807   04 46 29.394   +20 27 04.96
 6  2452231.848854   04 46 10.860   +20 27 05.61
 6  2452231.849971   04 46 10.845   +20 27 05.69
 6  2452233.844046   04 45 27.001   +20 26 55.32
 6  2452235.837020   04 44 36.634   +20 26 02.73
 6  2452241.819226   04 42 25.191   +20 19 47.21
 6  2452241.820342   04 42 25.176   +20 19 47.19
 6  2452246.805482   04 41 05.009   +20 17 51.31
 6  2452249.796571   04 39 58.424   +20 17 38.60
 6  2452250.792497   04 39 32.776   +20 17 18.17
 6  2452251.789528   04 39 06.340   +20 16 44.67
 6  2452251.790643   04 39 06.299   +20 16 44.77
 6  2452252.787664   04 38 39.999   +20 15 57.52
 6  2452253.783592   04 38 14.745   +20 14 58.42
 6  2452257.772834   04 36 55.243   +20 10 37.35
 6  2452260.762850   04 36 11.808   +20 09 05.66
 6  2452260.763964   04 36 11.815   +20 09 05.82
 6  2452262.756938   04 35 39.652   +20 09 01.18
 6  2452266.745141   04 34 14.278   +20 08 46.52
 6  2452269.737423   04 33 03.940   +20 06 44.64
 6  2452276.715848   04 31 24.845   +20 01 55.23
 6  2452277.714040   04 31 13.358   +20 01 59.41
 6  2452278.711133   04 31 00.483   +20 02 10.67
 6  2452279.707109   04 30 45.920   +20 02 24.53
 6  2452279.708229   04 30 45.908   +20 02 24.87
 6  2452281.702435   04 30 11.743   +20 02 41.70
 6  2452282.699555   04 29 52.871   +20 02 36.66
 6  2452285.689793   04 28 57.933   +20 01 09.71
 6  2452286.688023   04 28 42.925   +20 00 23.10
 6  2452288.681187   04 28 20.872   +19 58 51.97
 6  2452292.670877   04 27 58.247   +19 57 59.95
 6  2452293.668037   04 27 52.686   +19 58 18.51
 6  2452294.664099   04 27 45.876   +19 58 44.10
 6  2452295.662370   04 27 37.488   +19 59 12.34
 6  2452296.658443   04 27 27.523   +19 59 38.37
 6  2452297.656736   04 27 16.179   +19 59 58.52
 6  2452300.648295   04 26 39.938   +19 59 53.58
 6  2452302.641599   04 26 21.766   +19 59 00.52
 6  2452307.627689   04 26 17.045   +19 57 57.38
 6  2452308.624944   04 26 19.286   +19 58 21.99
 6  2452309.622187   04 26 20.838   +19 58 57.16
 6  2452310.620538   04 26 21.203   +19 59 39.36
 6  2452311.616690   04 26 20.096   +20 00 23.77
 6  2452311.617804   04 26 20.101   +20 00 23.89
 6  2452312.615052   04 26 17.503   +20 01 06.59
 6  2452313.612317   04 26 13.638   +20 01 42.91
 6  2452314.608486   04 26 08.984   +20 02 09.74
 6  2452315.605744   04 26 04.232   +20 02 25.38
 6  2452315.606864   04 26 04.224   +20 02 25.57
 6  2452316.603043   04 26 00.168   +20 02 29.58
 6  2452317.601432   04 25 57.622   +20 02 24.08
 6  2452318.598725   04 25 57.278   +20 02 12.66
 6  2452320.592224   04 26 04.394   +20 01 53.26
 6  2452320.593337   04 26 04.406   +20 01 53.24
 6  2452579.944337   05 54 14.153   +22 04 29.55
 6  2452580.940355   05 54 09.137   +22 04 46.95
 6  2452580.941493   05 54 09.128   +22 04 46.96
 6  2452581.937505   05 54 02.384   +22 05 12.94
 6  2452581.938642   05 54 02.373   +22 05 13.03
 6  2452582.934650   05 53 53.390   +22 05 43.64
 6  2452582.935788   05 53 53.376   +22 05 43.61
 6  2452583.932928   05 53 41.887   +22 06 14.10
 6  2452584.930063   05 53 27.893   +22 06 39.58
 6  2452585.926074   05 53 11.720   +22 06 55.75
 6  2452589.914550   05 51 59.176   +22 05 50.63
 6  2452590.911659   05 51 43.290   +22 05 10.93
 6  2452590.912790   05 51 43.267   +22 05 11.07
 6  2452592.905863   05 51 17.372   +22 04 00.32
 6  2452593.902958   05 51 06.754   +22 03 39.29
 6  2452594.901168   05 50 56.808   +22 03 31.85
 6  2452595.898256   05 50 46.697   +22 03 37.99
 6  2452597.891284   05 50 22.792   +22 04 23.13
 6  2452597.892421   05 50 22.773   +22 04 23.18
 6  2452598.889498   05 50 07.780   +22 04 54.65
 6  2452602.877770   05 48 45.226   +22 06 09.51
 6  2452603.873711   05 48 21.194   +22 05 57.73
 6  2452603.874842   05 48 21.177   +22 05 57.62
 6  2452604.871888   05 47 57.423   +22 05 32.37
 6  2452610.853054   05 46 10.079   +22 02 35.44
 6  2452612.847130   05 45 40.687   +22 03 00.64
 6  2452613.844166   05 45 23.948   +22 03 27.94
 6  2452615.838232   05 44 44.000   +22 04 30.00
 6  2452619.826348   05 43 01.899   +22 04 57.58
 6  2452621.820399   05 42 10.555   +22 03 53.76
 6  2452622.817424   05 41 47.721   +22 03 12.21
 6  2452630.793618   05 39 27.532   +22 02 57.82
 6  2452636.776905   05 36 57.097   +22 03 26.14
 6  2452639.766888   05 35 51.765   +22 01 28.81
 6  2452641.760965   05 35 19.767   +22 00 38.30
 6  2452642.757990   05 35 05.718   +22 00 33.26
 6  2452642.759127   05 35 05.705   +22 00 33.26
 6  2452643.756170   05 34 51.820   +22 00 42.24
 6  2452644.753217   05 34 37.308   +22 01 03.34
 6  2452646.747318   05 34 03.930   +22 02 05.34
 6  2452647.743254   05 33 44.457   +22 02 36.74
 6  2452652.729692   05 31 51.263   +22 02 41.07
 6  2452657.715098   05 30 34.185   +22 00 09.43
 6  2452658.711071   05 30 24.512   +22 00 08.47
 6  2452659.709287   05 30 15.085   +22 00 21.34
 6  2452664.693715   05 29 10.794   +22 02 57.98
 6  2452668.682234   05 28 01.628   +22 02 52.03
 6  2452671.673674   05 27 26.492   +22 01 19.15
 6  2452672.670832   05 27 20.009   +22 00 57.47
 6  2452676.659491   05 27 05.650   +22 01 41.22
 6  2452676.660628   05 27 05.624   +22 01 41.42
 6  2452679.651074   05 26 47.509   +22 03 39.82
 6  2452680.648271   05 26 38.435   +22 04 13.33
 6  2452690.620562   05 25 53.580   +22 03 13.98
 6  2452691.617821   05 25 57.960   +22 03 38.75
 6  2452691.618951   05 25 57.958   +22 03 38.89
 6  2452692.616206   05 26 01.934   +22 04 14.72
 6  2452693.612357   05 26 04.887   +22 04 58.11
 6  2452926.040000   06 56 10.303   +22 04 06.43
 6  2452927.037335   06 56 15.495   +22 03 27.43
 6  2452928.034666   06 56 22.349   +22 02 53.24
 6  2452933.021236   06 57 03.851   +22 02 48.12
 6  2452934.018533   06 57 08.775   +22 03 15.53
 6  2452935.014706   06 57 11.325   +22 03 44.92
 6  2452936.011991   06 57 11.372   +22 04 11.97
 6  2452937.010391   06 57 09.058   +22 04 32.59
 6  2452938.007666   06 57 04.803   +22 04 43.05
 6  2452939.004936   06 56 59.305   +22 04 41.31
 6  2452940.998340   06 56 48.036   +22 04 04.12
 6  2452940.999469   06 56 48.030   +22 04 03.99
 6  2452941.996711   06 56 43.880   +22 03 35.08
 6  2452943.990082   06 56 40.697   +22 02 41.80
 6  2452948.977328   06 56 44.623   +22 03 32.64
 6  2452951.968939   06 56 29.231   +22 05 32.34
 6  2452952.965013   06 56 19.221   +22 06 04.08
 6  2452961.939519   06 54 46.206   +22 05 28.02
 6  2452961.940651   06 54 46.205   +22 05 27.98
 6  2452962.937782   06 54 40.717   +22 05 49.75
 6  2452963.933800   06 54 34.490   +22 06 23.79
 6  2452965.928060   06 54 17.107   +22 07 58.33
 6  2452965.929190   06 54 17.093   +22 07 58.46
 6  2452966.926314   06 54 04.947   +22 08 50.54
 6  2452967.922302   06 53 50.280   +22 09 39.69
 6  2452973.906042   06 51 56.584   +22 10 55.65
 6  2452974.903131   06 51 40.569   +22 10 43.38
 6  2452978.890331   06 50 51.475   +22 11 27.05
 6  2452982.878577   06 49 53.376   +22 14 59.55
 6  2452982.879715   06 49 53.362   +22 15 00.03
 6  2452987.863857   06 47 57.032   +22 17 49.74
 6  2452989.857945   06 47 10.762   +22 17 39.87
 6  2452989.859077   06 47 10.774   +22 17 39.68
 6  2452991.853143   06 46 32.736   +22 17 29.14
 6  2452992.849059   06 46 16.598   +22 17 36.75
 6  2452993.847214   06 46 01.534   +22 17 57.62
 6  2452995.841278   06 45 31.426   +22 19 18.61
 6  2452996.837170   06 45 14.826   +22 20 14.75
 6  2452996.838309   06 45 14.815   +22 20 14.95
 6  2453009.798515   06 40 24.477   +22 25 23.16
 6  2453014.783650   06 38 57.066   +22 29 42.25
 6  2453022.761067   06 35 46.220   +22 31 56.48
 6  2453028.742243   06 34 20.483   +22 34 23.75
 6  2453028.743383   06 34 20.464   +22 34 23.98
 6  2453033.727607   06 32 44.316   +22 38 20.06
 6  2453034.724687   06 32 22.030   +22 38 34.35
 6  2453035.721771   06 32 00.512   +22 38 34.99
 6  2453041.704359   06 30 37.789   +22 38 01.28
 6  2453041.705496   06 30 37.786   +22 38 01.26
 6  2453042.701473   06 30 29.862   +22 38 28.91
 6  2453043.698590   06 30 21.737   +22 39 08.16
 6  2453044.696836   06 30 12.710   +22 39 55.66
 6  2453045.692839   06 30 02.301   +22 40 47.46
 6  2453045.693975   06 30 02.271   +22 40 47.56
 6  2453047.687106   06 29 36.353   +22 42 24.45
 6  2453048.684246   06 29 21.140   +22 43 00.54
 6  2453048.685383   06 29 21.131   +22 43 00.53
 6  2453049.682517   06 29 05.093   +22 43 23.58
 6  2453051.676824   06 28 33.879   +22 43 27.70
 6  2453052.672859   06 28 20.530   +22 43 12.75
 6  2453053.670008   06 28 09.637   +22 42 52.70
 6  2453055.664289   06 27 55.982   +22 42 19.79
 6  2453055.665523   06 27 55.984   +22 42 20.05
 6  2453061.647541   06 27 42.695   +22 44 52.08
 6  2453068.628138   06 26 53.008   +22 46 39.26
 6  2453068.629282   06 26 53.007   +22 46 39.21
 6  2453070.622667   06 26 49.230   +22 45 51.19
 6  2453072.618327   06 26 55.543   +22 45 26.38
 6  2453073.615601   06 27 01.202   +22 45 31.53
 6  2453074.612883   06 27 07.516   +22 45 49.20
 6  2453075.609025   06 27 13.694   +22 46 17.53
 6  2453075.610168   06 27 13.721   +22 46 17.79
 6  2453076.607460   06 27 19.128   +22 46 53.79
 6  2453078.600935   06 27 25.960   +22 48 12.76
 6  2453078.602072   06 27 25.959   +22 48 12.75
 6  2453080.596684   06 27 27.114   +22 49 10.83
 6  2453081.592878   06 27 26.404   +22 49 22.57
 6  2453309.033501   07 56 44.837   +20 36 24.88
 6  2453309.033501   07 56 44.837   +20 36 24.88
 6  2453310.030815   07 56 47.497   +20 35 50.29
 6  2453310.030815   07 56 47.497   +20 35 50.29
 6  2453312.025442   07 56 57.631   +20 34 57.41
 6  2453326.984359   07 56 43.042   +20 37 09.49
 6  2453327.981578   07 56 41.437   +20 37 07.84
 6  2453333.963627   07 56 29.001   +20 40 43.67
 6  2453333.964763   07 56 28.977   +20 40 43.84
 6  2453334.960809   07 56 20.683   +20 41 38.00
 6  2453334.961945   07 56 20.667   +20 41 38.03
 6  2453342.938100   07 54 37.239   +20 44 27.09
 6  2453349.919087   07 53 36.460   +20 50 13.92
 6  2453350.916194   07 53 21.525   +20 51 26.22
 6  2453352.910396   07 52 44.742   +20 53 30.63
 6  2453353.906370   07 52 23.945   +20 54 17.01
 6  2453354.903460   07 52 02.656   +20 54 51.73
 6  2453355.900547   07 51 41.858   +20 55 16.81
 6  2453355.901680   07 51 41.838   +20 55 16.88
 6  2453357.895832   07 51 04.759   +20 55 54.01
 6  2453358.892908   07 50 49.183   +20 56 16.48
 6  2453359.889981   07 50 35.398   +20 56 47.45
 6  2453364.875303   07 49 29.934   +21 02 10.41
 6  2453365.871219   07 49 12.657   +21 03 35.84
 6  2453372.850546   07 46 28.847   +21 09 59.53
 6  2453372.851686   07 46 28.820   +21 09 59.61
 6  2453404.756862   07 35 42.505   +21 39 23.26
 6  2453405.753920   07 35 23.491   +21 39 38.24
 6  2453407.746917   07 34 52.867   +21 40 24.19
 6  2453407.748056   07 34 52.863   +21 40 24.10
 6  2453435.667402   07 28 48.250   +21 58 19.22
 6  2453437.661782   07 28 31.330   +21 57 55.66
 6  2453438.658979   07 28 26.859   +21 57 47.13
 6  2453439.655052   07 28 24.721   +21 57 46.34
 6  2453440.653390   07 28 24.296   +21 57 56.25
 6  2453442.647821   07 28 25.533   +21 58 48.12
 6  2453451.623033   07 27 49.586   +22 01 49.71
 6  2453456.609452   07 28 03.035   +22 00 09.14
 7  2451554.612972   02 34 35.320   +12 39 02.09
 7  2451884.751658   03 37 33.329   +17 02 30.71
 7  2452170.024508   04 55 26.014   +20 48 24.80
 7  2452171.021826   04 55 27.209   +20 48 40.82
 7  2452172.020275   04 55 27.002   +20 48 49.95
 7  2452173.017583   04 55 25.643   +20 48 50.46
 7  2452174.014885   04 55 23.454   +20 48 42.06
 7  2452175.011045   04 55 20.926   +20 48 23.11
 7  2452176.009474   04 55 18.557   +20 47 54.65
 7  2452177.005623   04 55 16.983   +20 47 18.60
 7  2452178.002905   04 55 16.602   +20 46 39.12
 7  2452179.000180   04 55 17.606   +20 45 59.86
 7  2452179.998587   04 55 19.869   +20 45 24.73
 7  2452180.995853   04 55 23.045   +20 44 56.95
 7  2452181.993112   04 55 26.568   +20 44 37.30
 7  2452182.989229   04 55 30.022   +20 44 25.77
 7  2452186.979329   04 55 35.504   +20 44 43.45
 7  2452187.975420   04 55 33.657   +20 44 56.48
 7  2452192.962616   04 55 00.688   +20 45 33.79
 7  2452193.958675   04 54 49.743   +20 45 23.93
 7  2452194.957003   04 54 37.786   +20 45 04.78
 7  2452196.950233   04 54 12.853   +20 43 55.85
 7  2452199.941745   04 53 41.133   +20 41 19.01
 7  2452200.940041   04 53 33.385   +20 40 27.49
 7  2452201.936061   04 53 26.809   +20 39 42.43
 7  2452202.934348   04 53 20.854   +20 39 05.67
 7  2452203.931495   04 53 15.069   +20 38 38.29
 7  2452205.925774   04 53 02.075   +20 38 07.81
 7  2452206.922906   04 52 54.247   +20 38 01.28
 7  2452207.918898   04 52 45.190   +20 37 59.55
 7  2452208.916021   04 52 34.708   +20 38 00.42
 7  2452209.914276   04 52 22.783   +20 38 01.99
 7  2452210.910255   04 52 09.271   +20 38 03.67
 7  2452211.907366   04 51 54.206   +20 38 02.14
 7  2452214.899810   04 51 00.206   +20 37 27.72
 7  2452215.896903   04 50 39.924   +20 37 00.18
 7  2452219.885246   04 49 18.729   +20 33 33.78
 7  2452221.879396   04 48 45.342   +20 31 23.27
 7  2452224.870598   04 48 04.699   +20 28 55.63
 7  2452225.866524   04 47 51.773   +20 28 23.71
 7  2452226.863582   04 47 38.380   +20 28 00.61
 7  2452227.860637   04 47 24.219   +20 27 44.19
 7  2452228.857690   04 47 09.012   +20 27 33.15
 7  2452229.854741   04 46 52.638   +20 27 25.12
 7  2452230.852924   04 46 34.898   +20 27 19.15
 7  2452231.849971   04 46 15.812   +20 27 12.88
 7  2452232.845881   04 45 55.305   +20 27 05.79
 7  2452233.842923   04 45 33.428   +20 26 54.95
 7  2452235.838136   04 44 45.889   +20 26 16.31
 7  2452246.804361   04 40 51.961   +20 16 20.16
 7  2452249.795450   04 40 03.051   +20 15 17.94
 7  2452250.793613   04 39 45.179   +20 15 07.93
 7  2452251.790643   04 39 26.292   +20 15 00.44
 7  2452252.786542   04 39 06.297   +20 14 54.83
 7  2452257.771712   04 37 10.073   +20 13 41.13
 7  2452260.763964   04 35 54.653   +20 11 27.89
 7  2452262.758052   04 35 09.837   +20 09 20.52
 7  2452269.736303   04 33 24.353   +20 04 25.17
 7  2452276.716962   04 31 32.755   +20 04 24.35
 7  2452278.710013   04 30 53.751   +20 04 07.49
 7  2452279.707109   04 30 33.689   +20 03 48.58
 7  2452280.705478   04 30 13.744   +20 03 20.96
 7  2452281.701315   04 29 54.485   +20 02 44.40
 7  2452282.699555   04 29 36.430   +20 02 00.34
 7  2452285.690907   04 28 54.722   +19 59 32.74
 7  2452286.686903   04 28 45.212   +19 58 52.58
 7  2452288.682299   04 28 30.556   +19 58 01.92
 7  2452292.669758   04 28 05.676   +19 58 11.26
 7  2452293.666917   04 27 58.595   +19 58 28.78
 7  2452295.661251   04 27 42.427   +19 59 11.49
 7  2452296.659556   04 27 33.252   +19 59 34.16
 7  2452300.647175   04 26 50.764   +20 00 25.62
 7  2452308.626057   04 26 03.047   +19 58 01.50
 7  2452309.623302   04 26 05.228   +19 58 00.44
 7  2452310.619418   04 26 08.257   +19 58 08.41
 7  2452311.617804   04 26 11.635   +19 58 26.98
 7  2452312.613932   04 26 15.087   +19 58 53.36
 7  2452313.611197   04 26 18.332   +19 59 26.52
 7  2452314.609599   04 26 21.193   +20 00 04.55
 7  2452315.605744   04 26 23.537   +20 00 46.31
 7  2452317.600313   04 26 26.376   +20 02 14.22
 7  2452318.597605   04 26 26.875   +20 02 57.39
 7  2452320.593337   04 26 26.202   +20 04 14.40
 7  2452548.031431   05 55 31.590   +22 05 59.83
 7  2452579.943200   05 54 07.672   +22 07 21.58
 7  2452581.937505   05 53 37.542   +22 06 28.87
 7  2452582.934650   05 53 23.817   +22 05 52.24
 7  2452584.928925   05 53 00.687   +22 04 38.41
 7  2452585.927204   05 52 51.014   +22 04 08.70
 7  2452589.915681   05 52 16.407   +22 03 32.46
 7  2452590.912790   05 52 06.826   +22 03 43.27
 7  2452592.906993   05 51 44.717   +22 04 20.85
 7  2452593.904089   05 51 31.683   +22 04 45.41
 7  2452594.900032   05 51 17.148   +22 05 10.89
 7  2452595.897120   05 51 00.976   +22 05 36.29
 7  2452596.894203   05 50 43.129   +22 05 58.99
 7  2452598.888361   05 50 02.579   +22 06 28.36
 7  2452602.876634   05 48 31.377   +22 05 29.65
 7  2452603.874842   05 48 09.856   +22 04 52.17
 7  2452604.870751   05 47 50.016   +22 04 13.00
 7  2452606.864856   05 47 15.102   +22 03 02.75
 7  2452614.841182   05 45 08.328   +22 03 26.85
 7  2452616.835245   05 44 27.851   +22 04 17.90
 7  2452617.832292   05 44 05.400   +22 04 41.11
 7  2452620.823356   05 42 49.900   +22 05 13.61
 7  2452622.818554   05 41 55.992   +22 04 44.51
 7  2452630.794748   05 39 10.844   +22 00 52.36
 7  2452636.775769   05 37 26.106   +22 02 25.15
 7  2452639.768018   05 36 20.493   +22 03 35.06
 7  2452643.755034   05 34 40.572   +22 03 29.10
 7  2452644.752081   05 34 16.222   +22 03 01.47
 7  2452647.744384   05 33 14.074   +22 01 09.38
 7  2452649.738501   05 32 42.691   +22 00 11.70
 7  2452653.726776   05 31 51.758   +22 00 00.88
 7  2452657.713960   05 30 58.479   +22 01 35.12
 7  2452658.712201   05 30 43.215   +22 02 04.44
 7  2452659.708150   05 30 26.996   +22 02 31.99
 7  2452662.699465   05 29 32.950   +22 03 24.52
 7  2452666.687947   05 28 21.355   +22 02 24.70
 7  2452669.679358   05 27 46.030   +22 00 52.99
 7  2452670.676505   05 27 38.398   +22 00 32.44
 7  2452673.667975   05 27 22.510   +22 00 25.62
 7  2452674.665142   05 27 18.256   +22 00 41.03
 7  2452676.659491   05 27 09.461   +22 01 30.43
 7  2452678.653862   05 26 58.888   +22 02 37.21
 7  2452679.652203   05 26 52.569   +22 03 13.17
 7  2452680.649402   05 26 45.401   +22 03 48.03
 7  2452689.623290   05 25 38.745   +22 03 59.93
 7  2452690.621692   05 25 38.583   +22 03 40.95
 7  2452691.618951   05 25 40.391   +22 03 28.40
 7  2452692.615068   05 25 43.716   +22 03 24.63
 7  2452693.613487   05 25 48.137   +22 03 29.53
 7  2452695.608045   05 25 58.887   +22 04 03.73
 7  2452926.038863   06 56 08.531   +22 02 55.24
 7  2452927.036201   06 56 16.574   +22 02 28.84
 7  2452928.033528   06 56 25.072   +22 02 09.18
 7  2452933.020098   06 57 04.311   +22 02 17.65
 7  2452935.015835   06 57 13.587   +22 03 01.42
 7  2452936.013121   06 57 15.907   +22 03 26.95
 7  2452937.009254   06 57 16.458   +22 03 53.45
 7  2452938.006530   06 57 15.112   +22 04 17.81
 7  2452939.003799   06 57 11.842   +22 04 37.51
 7  2452940.999469   06 57 00.513   +22 04 53.48
 7  2452941.995575   06 56 53.435   +22 04 47.58
 7  2452943.991212   06 56 39.757   +22 04 10.23
 7  2452952.966144   06 56 15.611   +22 03 13.72
 7  2452961.940651   06 54 54.158   +22 08 25.96
 7  2452962.936652   06 54 37.308   +22 08 37.62
 7  2452965.929190   06 53 47.780   +22 08 20.98
 7  2452967.922302   06 53 20.247   +22 07 56.39
 7  2452967.923434   06 53 20.192   +22 07 55.54
 7  2452973.904906   06 52 15.139   +22 09 07.19
 7  2452978.891462   06 51 07.465   +22 13 01.64
 7  2452982.878577   06 49 45.175   +22 16 05.32
 7  2452986.867943   06 48 09.205   +22 16 45.38
 7  2452987.864990   06 47 47.498   +22 16 38.40
 7  2452990.856118   06 46 51.098   +22 16 34.96
 7  2452992.850192   06 46 18.444   +22 17 04.50
 7  2452993.846076   06 46 02.734   +22 17 30.67
 7  2452995.840203   06 45 30.785   +22 18 45.30
 7  2452996.837170   06 45 14.118   +22 19 32.00
 7  2453002.820479   06 43 09.117   +22 25 00.65
 7  2453009.799648   06 40 09.427   +22 26 27.72
 7  2453014.784785   06 38 38.739   +22 27 09.67
 7  2453022.759940   06 36 17.870   +22 33 23.35
 7  2453027.746335   06 34 19.126   +22 35 51.31
 7  2453028.742243   06 33 56.026   +22 35 48.80
 7  2453031.734593   06 32 57.759   +22 35 17.77
 7  2453034.725822   06 32 15.693   +22 35 19.15
 7  2453035.722907   06 32 03.965   +22 35 33.72
 7  2453041.705496   06 30 57.203   +22 39 12.04
 7  2453042.702609   06 30 44.317   +22 40 01.52
 7  2453043.699726   06 30 30.400   +22 40 48.50
 7  2453044.695695   06 30 15.468   +22 41 31.96
 7  2453049.681374   06 28 52.511   +22 42 55.73
 7  2453051.675681   06 28 25.943   +22 42 25.26
 7  2453052.673995   06 28 15.827   +22 42 08.01
 7  2453070.623804   06 26 54.687   +22 47 38.04
 7  2453072.617184   06 26 47.026   +22 46 59.84
 7  2453073.614459   06 26 46.315   +22 46 35.95
 7  2453074.611739   06 26 47.644   +22 46 15.18
 7  2453076.606318   06 26 55.707   +22 45 47.41
 7  2453081.594015   06 27 33.075   +22 46 33.24
 7  2453309.032365   07 56 40.255   +20 35 34.84
 7  2453309.032365   07 56 40.255   +20 35 34.84
 7  2453310.029680   07 56 45.180   +20 35 07.85
 7  2453310.029680   07 56 45.180   +20 35 07.85
 7  2453333.963627   07 56 06.729   +20 38 52.08
 7  2453334.960809   07 56 03.319   +20 39 17.59
 7  2453338.950633   07 55 44.924   +20 42 12.38
 7  2453342.939230   07 55 04.430   +20 46 11.78
 7  2453343.935219   07 54 49.337   +20 47 05.68
 7  2453349.917950   07 53 04.797   +20 49 52.98
 7  2453350.915057   07 52 49.737   +20 50 10.50
 7  2453352.909258   07 52 22.745   +20 50 57.10
 7  2453353.907502   07 52 10.476   +20 51 29.05
 7  2453354.904593   07 51 58.719   +20 52 07.66
 7  2453355.901680   07 51 47.236   +20 52 53.64
 7  2453357.894694   07 51 23.937   +20 54 47.39
 7  2453358.891770   07 51 11.506   +20 55 54.55
 7  2453359.888843   07 50 58.161   +20 57 07.71
 7  2453372.850546   07 46 24.475   +21 08 56.91
 7  2453404.755717   07 36 13.468   +21 39 38.15
 7  2453406.750993   07 35 32.878   +21 42 03.18
 7  2453410.739266   07 34 01.802   +21 45 00.52
 7  2453429.684398   07 29 55.523   +21 56 45.96
 7  2453435.666254   07 28 41.438   +21 57 07.23
 7  2453437.660634   07 28 30.548   +21 57 02.45
 7  2453438.657831   07 28 27.402   +21 57 07.08
 7  2453439.656193   07 28 25.416   +21 57 16.94
 7  2453440.652241   07 28 24.393   +21 57 32.33
 7  2453441.650614   07 28 24.027   +21 57 53.45
 7  2453442.646673   07 28 24.029   +21 58 19.89
 7  2453456.608304   07 27 49.293   +22 01 01.43
 8  2451144.700925   01 46 53.142   +08 11 01.79
 8  2451816.951343   03 55 45.850   +18 01 46.00
 8  2452170.024508   04 55 49.190   +20 49 51.94
 8  2452171.021826   04 55 52.768   +20 49 58.85
 8  2452172.020275   04 55 55.648   +20 50 04.25
 8  2452173.017583   04 55 57.859   +20 50 07.90
 8  2452174.014885   04 55 59.395   +20 50 09.92
 8  2452175.011045   04 56 00.258   +20 50 10.15
 8  2452176.009474   04 56 00.459   +20 50 08.73
 8  2452177.005623   04 56 00.015   +20 50 05.33
 8  2452178.002905   04 55 58.914   +20 50 00.32
 8  2452179.000180   04 55 57.184   +20 49 53.58
 8  2452179.998587   04 55 54.829   +20 49 44.92
 8  2452180.995853   04 55 51.872   +20 49 34.52
 8  2452181.993112   04 55 48.317   +20 49 22.31
 8  2452182.989229   04 55 44.190   +20 49 08.32
 8  2452186.979329   04 55 22.185   +20 47 55.32
 8  2452187.975420   04 55 15.420   +20 47 33.02
 8  2452192.962616   04 54 34.899   +20 45 19.14
 8  2452193.958675   04 54 25.634   +20 44 48.62
 8  2452194.957003   04 54 16.006   +20 44 16.92
 8  2452196.950233   04 53 55.823   +20 43 10.48
 8  2452197.947427   04 53 45.301   +20 42 36.03
 8  2452198.944579   04 53 34.529   +20 42 00.85
 8  2452199.941745   04 53 23.517   +20 41 25.08
 8  2452200.940041   04 53 12.270   +20 40 48.81
 8  2452201.936061   04 53 00.859   +20 40 12.28
 8  2452202.934348   04 52 49.237   +20 39 35.49
 8  2452203.931495   04 52 37.471   +20 38 58.47
 8  2452205.924656   04 52 13.510   +20 37 44.70
 8  2452205.925774   04 52 13.500   +20 37 44.69
 8  2452206.921788   04 52 01.334   +20 37 08.00
 8  2452206.922906   04 52 01.321   +20 37 08.00
 8  2452207.918898   04 51 49.044   +20 36 31.70
 8  2452208.916021   04 51 36.648   +20 35 55.73
 8  2452208.917146   04 51 36.625   +20 35 55.84
 8  2452209.914276   04 51 24.137   +20 35 20.22
 8  2452210.910255   04 51 11.557   +20 34 45.40
 8  2452211.907366   04 50 58.872   +20 34 11.16
 8  2452211.908491   04 50 58.859   +20 34 11.18
 8  2452214.899810   04 50 20.220   +20 32 33.09
 8  2452215.896903   04 50 07.144   +20 32 01.99
 8  2452219.885246   04 49 13.596   +20 30 07.16
 8  2452221.879396   04 48 45.945   +20 29 15.33
 8  2452224.870598   04 48 03.089   +20 28 04.05
 8  2452225.866524   04 47 48.396   +20 27 41.83
 8  2452226.863582   04 47 33.454   +20 27 20.38
 8  2452227.860637   04 47 18.268   +20 26 59.53
 8  2452228.857690   04 47 02.821   +20 26 39.33
 8  2452229.854741   04 46 47.114   +20 26 19.56
 8  2452230.852924   04 46 31.110   +20 26 00.30
 8  2452231.849971   04 46 14.832   +20 25 41.37
 8  2452232.845881   04 45 58.274   +20 25 22.79
 8  2452233.842923   04 45 41.403   +20 25 04.23
 8  2452235.838136   04 45 06.697   +20 24 27.66
 8  2452241.820342   04 43 14.971   +20 22 33.67
 8  2452250.793613   04 40 07.284   +20 19 03.21
 8  2452251.790643   04 39 45.216   +20 18 35.57
 8  2452252.786542   04 39 23.013   +20 18 06.67
 8  2452253.785276   04 39 00.583   +20 17 36.95
 8  2452257.771712   04 37 29.952   +20 15 27.86
 8  2452260.763964   04 36 21.555   +20 13 40.96
 8  2452261.759874   04 35 58.877   +20 13 03.74
 8  2452262.758052   04 35 36.244   +20 12 25.61
 8  2452269.736303   04 33 03.115   +20 07 44.45
 8  2452276.716962   04 30 46.433   +20 03 01.92
 8  2452277.712920   04 30 28.833   +20 02 23.79
 8  2452278.710013   04 30 11.757   +20 01 46.64
 8  2452279.707109   04 29 55.264   +20 01 10.64
 8  2452281.701315   04 29 24.023   +20 00 02.04
 8  2452282.699555   04 29 09.318   +19 59 30.02
 8  2452285.690907   04 28 29.077   +19 58 03.83
 8  2452286.686903   04 28 16.993   +19 57 38.73
 8  2452286.688023   04 28 16.985   +19 57 38.73
 8  2452288.681187   04 27 54.772   +19 56 54.68
 8  2452288.682299   04 27 54.767   +19 56 54.79
 8  2452292.669758   04 27 18.305   +19 55 53.50
 8  2452292.670877   04 27 18.302   +19 55 53.43
 8  2452293.666917   04 27 10.813   +19 55 44.18
 8  2452293.668037   04 27 10.800   +19 55 43.98
 8  2452294.664099   04 27 03.955   +19 55 36.92
 8  2452294.665212   04 27 03.938   +19 55 36.97
 8  2452295.661251   04 26 57.704   +19 55 32.33
 8  2452295.662370   04 26 57.697   +19 55 32.26
 8  2452296.658443   04 26 52.058   +19 55 29.91
 8  2452296.659556   04 26 52.058   +19 55 30.04
 8  2452300.647175   04 26 35.238   +19 55 44.82
 8  2452302.642712   04 26 30.001   +19 56 05.96
 8  2452308.626057   04 26 25.196   +19 57 57.54
 8  2452309.623302   04 26 25.790   +19 58 22.45
 8  2452310.619418   04 26 26.736   +19 58 48.46
 8  2452311.617804   04 26 28.030   +19 59 16.45
 8  2452312.613932   04 26 29.654   +19 59 45.26
 8  2452313.611197   04 26 31.587   +20 00 15.56
 8  2452314.609599   04 26 33.824   +20 00 47.10
 8  2452315.605744   04 26 36.357   +20 01 19.48
 8  2452316.604157   04 26 39.162   +20 01 52.88
 8  2452317.600313   04 26 42.247   +20 02 26.95
 8  2452318.597605   04 26 45.604   +20 03 02.09
 8  2452320.593337   04 26 53.078   +20 04 13.85
 8  2452548.031431   05 55 28.108   +22 05 46.70
 8  2452579.943200   05 54 34.573   +22 08 41.23
 8  2452580.940355   05 54 21.908   +22 08 36.28
 8  2452581.937505   05 54 08.669   +22 08 30.16
 8  2452582.934650   05 53 54.870   +22 08 23.13
 8  2452583.931790   05 53 40.549   +22 08 15.05
 8  2452584.928925   05 53 25.716   +22 08 05.98
 8  2452585.927204   05 53 10.379   +22 07 55.93
 8  2452589.915681   05 52 04.841   +22 07 06.66
 8  2452590.912790   05 51 47.540   +22 06 52.74
 8  2452592.906993   05 51 12.022   +22 06 22.18
 8  2452593.904089   05 50 53.864   +22 06 06.12
 8  2452594.900032   05 50 35.515   +22 05 49.54
 8  2452595.897120   05 50 16.940   +22 05 32.65
 8  2452596.894203   05 49 58.195   +22 05 15.33
 8  2452597.891284   05 49 39.321   +22 04 58.01
 8  2452598.888361   05 49 20.326   +22 04 40.47
 8  2452602.876634   05 48 03.732   +22 03 31.15
 8  2452603.874842   05 47 44.512   +22 03 14.56
 8  2452604.870751   05 47 25.360   +22 02 58.41
 8  2452606.864856   05 46 47.126   +22 02 27.93
 8  2452610.853054   05 45 31.458   +22 01 36.13
 8  2452612.847130   05 44 54.145   +22 01 16.13
 8  2452613.844166   05 44 35.634   +22 01 07.81
 8  2452614.841182   05 44 17.221   +22 01 00.61
 8  2452616.835245   05 43 40.659   +22 00 49.72
 8  2452617.832292   05 43 22.506   +22 00 46.06
 8  2452620.823356   05 42 28.468   +22 00 42.17
 8  2452622.818554   05 41 52.675   +22 00 45.36
 8  2452630.794748   05 39 29.720   +22 01 35.88
 8  2452636.775769   05 37 40.435   +22 02 37.71
 8  2452639.768018   05 36 44.659   +22 03 10.20
 8  2452647.744384   05 34 13.064   +22 04 22.55
 8  2452649.738501   05 33 34.916   +22 04 34.61
 8  2452653.726776   05 32 19.100   +22 04 49.06
 8  2452657.713960   05 31 04.995   +22 04 49.35
 8  2452658.712201   05 30 46.874   +22 04 47.23
 8  2452659.708150   05 30 29.016   +22 04 44.25
 8  2452662.699465   05 29 36.938   +22 04 30.29
 8  2452664.694844   05 29 03.769   +22 04 17.19
 8  2452666.687947   05 28 32.160   +22 04 01.76
 8  2452667.685079   05 28 16.984   +22 03 53.29
 8  2452669.679358   05 27 48.041   +22 03 35.19
 8  2452670.676505   05 27 34.337   +22 03 25.74
 8  2452673.667975   05 26 56.552   +22 02 57.06
 8  2452674.665142   05 26 45.154   +22 02 47.70
 8  2452676.659491   05 26 24.278   +22 02 29.80
 8  2452678.653862   05 26 06.096   +22 02 13.82
 8  2452679.652203   05 25 58.042   +22 02 06.81
 8  2452680.649402   05 25 50.708   +22 02 00.47
 8  2452689.623290   05 25 17.886   +22 01 53.08
 8  2452690.621692   05 25 17.916   +22 01 59.03
 8  2452691.618951   05 25 18.667   +22 02 06.46
 8  2452692.615068   05 25 20.105   +22 02 15.41
 8  2452693.613487   05 25 22.240   +22 02 26.01
 8  2452695.608045   05 25 28.506   +22 02 51.72
 8  2452926.038863   06 55 45.122   +22 02 58.41
 8  2452927.036201   06 55 50.398   +22 02 43.33
 8  2452928.033528   06 55 55.459   +22 02 29.42
 8  2452933.020098   06 56 17.563   +22 01 37.99
 8  2452935.015835   06 56 24.795   +22 01 26.84
 8  2452936.013121   06 56 28.028   +22 01 23.39
 8  2452937.009254   06 56 30.986   +22 01 21.34
 8  2452938.006530   06 56 33.658   +22 01 20.76
 8  2452939.003799   06 56 36.033   +22 01 21.75
 8  2452940.999469   06 56 39.826   +22 01 28.06
 8  2452941.995575   06 56 41.196   +22 01 33.42
 8  2452943.991212   06 56 42.837   +22 01 48.45
 8  2452951.967803   06 56 31.877   +22 03 41.84
 8  2452952.966144   06 56 28.244   +22 04 01.27
 8  2452961.940651   06 55 28.844   +22 07 33.66
 8  2452962.936652   06 55 19.094   +22 08 00.09
 8  2452963.934930   06 55 08.676   +22 08 27.08
 8  2452965.929190   06 54 45.881   +22 09 21.69
 8  2452966.926314   06 54 33.491   +22 09 49.09
 8  2452967.923434   06 54 20.466   +22 10 16.86
 8  2452973.904906   06 52 49.036   +22 13 00.88
 8  2452978.891462   06 51 16.877   +22 15 09.52
 8  2452982.878577   06 49 54.519   +22 16 43.41
 8  2452986.867943   06 48 26.187   +22 18 08.31
 8  2452987.864990   06 48 03.422   +22 18 28.07
 8  2452990.856118   06 46 53.977   +22 19 24.40
 8  2452992.850192   06 46 07.074   +22 19 59.67
 8  2452993.846076   06 45 43.577   +22 20 16.74
 8  2452995.840203   06 44 56.537   +22 20 50.18
 8  2452996.837170   06 44 33.094   +22 21 06.60
 8  2453002.820479   06 42 15.430   +22 22 45.45
 8  2453009.799648   06 39 46.380   +22 24 55.22
 8  2453014.784785   06 38 09.786   +22 26 47.07
 8  2453020.766994   06 36 24.674   +22 29 27.00
 8  2453022.759940   06 35 51.993   +22 30 26.03
 8  2453027.746335   06 34 34.501   +22 33 03.48
 8  2453028.742243   06 34 19.670   +22 33 36.03
 8  2453031.734593   06 33 36.212   +22 35 15.30
 8  2453033.728743   06 33 08.082   +22 36 21.71
 8  2453034.725822   06 32 54.246   +22 36 54.69
 8  2453041.705496   06 31 21.153   +22 40 36.26
 8  2453042.702609   06 31 08.368   +22 41 05.66
 8  2453043.699726   06 30 55.719   +22 41 34.29
 8  2453047.688241   06 30 06.563   +22 43 19.93
 8  2453048.685383   06 29 54.672   +22 43 44.11
 8  2453049.681374   06 29 42.968   +22 44 07.00
 8  2453051.675681   06 29 20.133   +22 44 49.55
 8  2453052.673995   06 29 09.020   +22 45 09.07
 8  2453061.648678   06 27 41.775   +22 47 09.92
 8  2453068.628138   06 26 55.866   +22 47 38.81
 8  2453072.617184   06 26 41.327   +22 47 35.19
 8  2453073.614459   06 26 39.212   +22 47 32.66
 8  2453074.611739   06 26 37.741   +22 47 29.70
 8  2453075.609025   06 26 36.937   +22 47 26.36
 8  2453076.606318   06 26 36.808   +22 47 22.40
 8  2453078.602072   06 26 38.620   +22 47 14.06
 8  2453080.595540   06 26 43.286   +22 47 05.26
 8  2453081.594015   06 26 46.712   +22 47 00.86
 8  2453309.032365   07 56 55.694   +20 37 13.49
 8  2453309.032365   07 56 55.694   +20 37 13.49
 8  2453310.029680   07 56 56.474   +20 37 03.73
 8  2453310.029680   07 56 56.474   +20 37 03.73
 8  2453312.025442   07 56 56.702   +20 36 47.27
 8  2453316.013459   07 56 52.414   +20 36 26.36
 8  2453320.002535   07 56 42.767   +20 36 23.96
 8  2453328.978790   07 56 06.684   +20 37 39.12
 8  2453333.963627   07 55 39.782   +20 39 16.10
 8  2453334.960809   07 55 33.816   +20 39 40.52
 8  2453342.939230   07 54 37.541   +20 43 56.74
 8  2453349.917950   07 53 31.999   +20 49 03.72
 8  2453350.915057   07 53 21.083   +20 49 53.02
 8  2453352.909258   07 52 57.945   +20 51 35.58
 8  2453353.907502   07 52 45.700   +20 52 28.64
 8  2453354.904593   07 52 33.006   +20 53 22.57
 8  2453355.901680   07 52 19.834   +20 54 17.69
 8  2453357.894694   07 51 52.111   +20 56 10.42
 8  2453358.891770   07 51 37.513   +20 57 07.90
 8  2453359.888843   07 51 22.424   +20 58 06.28
 8  2453404.755717   07 35 14.586   +21 38 24.22
 8  2453405.752775   07 34 56.110   +21 39 05.13
 8  2453406.750993   07 34 38.135   +21 39 45.86
 8  2453407.748056   07 34 20.728   +21 40 26.27
 8  2453410.739266   07 33 31.802   +21 42 26.42
 8  2453429.684398   07 30 06.613   +21 54 23.88
 8  2453435.666254   07 29 30.356   +21 57 35.95
 8  2453437.660634   07 29 20.403   +21 58 33.01
 8  2453438.657831   07 29 15.794   +21 58 59.92
 8  2453439.656193   07 29 11.408   +21 59 25.80
 8  2453440.652241   07 29 07.285   +21 59 50.33
 8  2453441.650614   07 29 03.363   +22 00 13.92
 8  2453442.646673   07 28 59.684   +22 00 36.18
 8  2453451.621886   07 28 36.928   +22 02 52.68
 8  2453456.608304   07 28 33.189   +22 03 14.43
