3   2441592.53773     1972  10   2.037733   5  21   7.870     21 30 46.34
3   2441592.56222     1972  10   2.062223   5  21   7.730     21 30 44.36
3   2441596.56678     1972  10   6.066780   5  21   4.715     21 30  2.70
3   2441686.28659     1973   1   3.786587   4  57  43.208     21  3 58.80
3   2441700.38785     1973   1  17.887851   4  54   6.369     21  1  0.12
3   2441701.21721     1973   1  18.717212   4  54   3.080     21  1  6.01
3   2441718.25582     1973   2   4.755817   4  51  42.083     21  1 18.24
4   2441592.53773     1972  10   2.037733   5  21  14.874     21 30 37.56
4   2441592.56222     1972  10   2.062223   5  21  14.890     21 30 38.67
4   2441596.56678     1972  10   6.066780   5  21   3.789     21 30 13.73
4   2441606.59572     1972  10  16.095722   5  20  31.099     21 29  1.10
4   2441606.60369     1972  10  16.103686   5  20  31.003     21 29  1.26
4   2441677.33113     1972  12  25.831129   5   0  30.000     21  6 18.56
4   2441680.31973     1972  12  28.819729   4  59  32.208     21  5 39.40
4   2441688.32882     1973   1   5.828819   4  57   9.956     21  3 19.24
4   2441699.27746     1973   1  16.777465   4  54  28.039     21  1 21.25
4   2441700.38785     1973   1  17.887851   4  54   5.860     21  1 21.79
4   2441713.29411     1973   1  30.794112   4  52   9.209     21  1  8.71
4   2441718.25582     1973   2   4.755817   4  51  42.752     21  1  6.17
4   2441728.21263     1973   2  14.712630   4  51  15.509     21  2 51.07
4   2441733.27388     1973   2  19.773877   4  51  23.917     21  4 42.81
4   2441743.23590     1973   3   1.735896   4  52  23.930     21  8 38.17
4   2441759.25127     1973   3  17.751272   4  55  23.549     21 16 43.72
4   2441762.26750     1973   3  20.767504   4  56  10.328     21 18 51.02
5   2441592.53773     1972  10   2.037733   5  21  16.119     21 30 27.00
5   2441592.56222     1972  10   2.062223   5  21  16.184     21 30 27.84
5   2441596.56678     1972  10   6.066780   5  21  10.755     21 29 40.13
5   2441606.59572     1972  10  16.095722   5  20  33.816     21 28 56.17
5   2441606.60369     1972  10  16.103686   5  20  33.760     21 28 56.31
5   2441667.40393     1972  12  15.903934   5   3  40.491     21  9 29.08
5   2441677.33113     1972  12  25.831129   5   0  24.264     21  5 38.59
5   2441678.22620     1972  12  26.726201   5   0  13.692     21  5 46.43
5   2441678.38613     1972  12  26.886134   5   0  11.127     21  5 52.38
5   2441679.37536     1972  12  27.875358   4  59  49.022     21  6 17.39
5   2441680.31973     1972  12  28.819729   4  59  23.431     21  5 46.11
5   2441682.27398     1972  12  30.773985   4  58  54.266     21  4 15.80
5   2441686.28659     1973   1   3.786587   4  57  38.326     21  3  6.04
5   2441688.32882     1973   1   5.828819   4  57   8.932     21  3 50.97
5   2441689.30314     1973   1   6.803142   4  56  44.956     21  3 26.53
5   2441694.40466     1973   1  11.904661   4  55  23.946     21  1 54.83
5   2441697.29537     1973   1  14.795369   4  54  53.523     21  2  6.74
5   2441699.27746     1973   1  16.777465   4  54  18.131     21  0 53.73
5   2441700.38785     1973   1  17.887851   4  54  12.583     21  0 38.00
5   2441701.21721     1973   1  18.717212   4  54   5.843     21  1 12.41
5   2441704.30495     1973   1  21.804951   4  53  22.517     21  0 11.95
5   2441713.29411     1973   1  30.794112   4  52   3.773     21  0 10.15
5   2441715.33944     1973   2   1.839438   4  51  57.376     21  1 27.57
5   2441718.25582     1973   2   4.755817   4  51  40.028     21  0 37.81
5   2441723.39720     1973   2   9.897203   4  51  27.988     21  1 48.26
5   2441728.21263     1973   2  14.712630   4  51  25.231     21  3  8.56
5   2441733.27388     1973   2  19.773877   4  51  32.312     21  5  0.93
5   2441743.23590     1973   3   1.735896   4  52  17.891     21  8 56.30
5   2441756.23132     1973   3  14.731323   4  54  39.738     21 15 41.27
5   2441759.25127     1973   3  17.751272   4  55  23.588     21 16 29.26
5   2441761.24914     1973   3  19.749135   4  55  48.673     21 18 38.86
5   2441762.26750     1973   3  20.767504   4  56   0.774     21 18 35.77
6   2441592.53773     1972  10   2.037733   5  21  11.405     21 29 10.43
6   2441592.56222     1972  10   2.062223   5  21  11.530     21 29 10.12
6   2441596.56678     1972  10   6.066780   5  21  22.293     21 30 23.14
6   2441606.59572     1972  10  16.095722   5  20  19.094     21 27 23.34
6   2441606.60369     1972  10  16.103686   5  20  19.092     21 27 23.11
6   2441667.40393     1972  12  15.903934   5   3  32.814     21  9 49.88
6   2441677.33113     1972  12  25.831129   5   0  38.868     21  7 12.32
6   2441678.22620     1972  12  26.726201   5   0  18.293     21  7 17.58
6   2441678.38613     1972  12  26.886134   5   0  14.460     21  7 17.67
6   2441679.37536     1972  12  27.875358   4  59  50.327     21  7 10.62
6   2441682.27398     1972  12  30.773985   4  58  40.542     21  5 36.02
6   2441686.28659     1973   1   3.786587   4  57  31.963     21  2 23.53
6   2441688.32882     1973   1   5.828819   4  57   8.520     21  1 47.92
6   2441689.30314     1973   1   6.803142   4  56  57.537     21  1 50.93
6   2441694.40466     1973   1  11.904661   4  55  38.975     21  3 20.65
6   2441697.29537     1973   1  14.795369   4  54  42.458     21  2 43.28
6   2441699.27746     1973   1  16.777465   4  54   9.784     21  1 24.97
6   2441700.38785     1973   1  17.887851   4  53  55.910     21  0 37.51
6   2441701.21721     1973   1  18.717212   4  53  47.750     21  0  6.31
6   2441704.30495     1973   1  21.804951   4  53  27.973     20 59 24.23
6   2441713.29411     1973   1  30.794112   4  51  58.770     21  1 53.73
6   2441715.33944     1973   2   1.839438   4  51  39.852     21  0 58.08
6   2441718.25582     1973   2   4.755817   4  51  31.593     20 59 52.99
6   2441723.39720     1973   2   9.897203   4  51  36.845     21  1 59.19
6   2441728.21263     1973   2  14.712630   4  51  17.345     21  4 28.70
6   2441733.27388     1973   2  19.773877   4  51  17.075     21  3 34.07
6   2441743.23590     1973   3   1.735896   4  52  23.222     21  9 48.38
6   2441756.23132     1973   3  14.731323   4  54  50.817     21 15 33.07
6   2441759.25127     1973   3  17.751272   4  55  22.916     21 18 15.33
6   2441761.24914     1973   3  19.749135   4  55  43.206     21 19  7.50
6   2441762.26750     1973   3  20.767504   4  55  55.573     21 19 18.45
8   2441592.53773     1972  10   2.037733   5  20  55.459     21 27 49.14
8   2441592.56222     1972  10   2.062223   5  20  55.512     21 27 48.86
8   2441606.59572     1972  10  16.095722   5  20  55.049     21 28 16.61
8   2441667.40393     1972  12  15.903934   5   3  20.437     21  6 22.79
8   2441677.33113     1972  12  25.831129   5   0  31.061     21  4  6.67
8   2441678.22620     1972  12  26.726201   5   0  16.732     21  4  0.86
8   2441678.38613     1972  12  26.886134   5   0  14.143     21  4  0.01
8   2441679.37536     1972  12  27.875358   4  59  58.434     21  3 55.07
8   2441680.31973     1972  12  28.819729   4  59  43.593     21  3 51.26
8   2441682.27398     1972  12  30.773985   4  59  13.191     21  3 46.21
8   2441686.28659     1973   1   3.786587   4  58  11.982     21  3 45.44
8   2441688.32882     1973   1   5.828819   4  57  41.374     21  3 48.20
8   2441694.40466     1973   1  11.904661   4  56  12.573     21  4  2.35
8   2441697.29537     1973   1  14.795369   4  55  31.693     21  4  8.19
8   2441699.27746     1973   1  16.777465   4  55   4.292     21  4 11.72
8   2441700.38785     1973   1  17.887851   4  54  49.192     21  4 12.53
8   2441701.21721     1973   1  18.717212   4  54  38.070     21  4 12.68
8   2441704.30495     1973   1  21.804951   4  53  57.754     21  4 11.89
8   2441713.29411     1973   1  30.794112   4  52  15.143     21  3 45.25
8   2441715.33944     1973   2   1.839438   4  51  55.977     21  3 34.73
8   2441718.25582     1973   2   4.755817   4  51  32.087     21  3 20.02
8   2441723.39720     1973   2   9.897203   4  51   1.227     21  2 56.12
8   2441728.21263     1973   2  14.712630   4  50  47.449     21  2 46.34
8   2441733.27388     1973   2  19.773877   4  50  50.335     21  3  0.51
8   2441743.23590     1973   3   1.735896   4  51  50.216     21  5 25.97
8   2441756.23132     1973   3  14.731323   4  54  42.196     21 13  4.95
8   2441759.25127     1973   3  17.751272   4  55  33.248     21 15 26.86
8   2441761.24914     1973   3  19.749135   4  56   8.712     21 17  6.29
8   2441762.26750     1973   3  20.767504   4  56  27.236     21 17 58.21                                          
