1980  2 14.032069  1   11 49 15.721    3  43  33.677     0.15    0.51
1980  2 14.045262  1   11 49 15.537    3  43  34.471    -0.32    0.85
1980  2 14.048147  1   11 49 15.553    3  43  34.710    -0.36    0.36
1980  2 14.049879  1   11 49 15.468    3  43  35.085    -0.14    0.92
1980  1 23.093973  2   11 52 46.572    3  14  40.218     0.23    0.37
1980  1 23.098446  2   11 52 46.546    3  14  40.209    -0.08    0.63
1980  1 23.109498  2   11 52 46.526    3  14  41.152     0.13    0.87
1980  1 23.113018  2   11 52 46.541    3  14  41.301     0.05    0.63
1980  1 23.115038  2   11 52 46.537    3  14  41.719     0.33    0.76
1980  2 14.032069  2   11 49 11.655    3  43  30.519     0.61    0.65
1980  2 14.036316  2   11 49 11.606    3  43  30.464     0.09    0.52
1980  2 14.039317  2   11 49 11.571    3  43  30.375    -0.32    0.80
1980  2 14.045262  2   11 49 11.531    3  43  31.492     0.15    0.75
1980  2 14.048147  2   11 49 11.529    3  43  31.401    -0.26    0.56
1980  2 14.049879  2   11 49 11.529    3  43  31.929     0.08    0.34
1980  2 15.987456  2   11 48 50.038    3  46  50.109    -0.32    0.79
1980  2 15.987467  2   11 48 49.934    3  46  50.410    -0.02    0.83
1980  2 15.990255  2   11 48 49.910    3  46  50.806     0.10    0.55
1980  3 16.945059  2   11 40 42.865    4  43  07.094    -0.55    0.95
1980  3 16.953370  2   11 40 42.849    4  43  08.372    -0.31    0.41
1980  3 16.959372  2   11 40 42.757    4  43  09.851     0.43    0.46
1980  3 16.968260  2   11 40 42.679    4  43  10.724     0.20    0.23
1980  3 17.907579  2   11 40 22.016    4  44  53.252     0.21    0.33
1980  3 17.911215  2   11 40 21.986    4  44  53.683     0.20    0.22
1980  3 17.913293  2   11 40 21.968    4  44  53.747     0.01    0.03
1980  3 17.918487  2   11 40 21.906    4  44  54.633     0.26    0.29
1980  3 17.921488  2   11 40 21.892    4  44  55.237     0.50    0.52
1980  3 17.927848  2   11 40 21.806    4  44  55.364    -0.15    0.22
1980  5 14.809258  2   11 28 50.977    5  53  23.932     0.20    0.47
1980  5 14.815606  2   11 28 50.986    5  53  23.643    -0.23    0.24
1980  1 23.098446  3   11 52 51.716    3  14  45.451     0.17    0.85
1980  1 23.101811  3   11 52 51.707    3  14  45.521     0.06    0.74
1980  1 23.113018  3   11 52 51.646    3  14  46.075     0.04    0.85
1980  1 23.115038  3   11 52 51.639    3  14  46.196     0.05    0.80
1980  2 14.032069  3   11 49 11.124    3  43  30.740     0.41    0.84
1980  2 14.036316  3   11 49 11.099    3  43  31.255     0.47    0.79
1980  2 14.039317  3   11 49 11.076    3  43  31.086    -0.02    0.64
1980  2 14.045262  3   11 49 11.022    3  43  31.835     0.09    0.81
1980  2 14.048147  3   11 49 10.993    3  43  32.186     0.13    0.93
1980  2 14.049879  3   11 49 10.994    3  43  32.230    -0.02    0.72
1980  2 23.997525  3   11 46 52.255    4  01  00.841    -0.07    0.49
1980  2 24.000237  3   11 46 52.247    4  01  01.166    -0.05    0.28
1980  2 24.002315  3   11 46 52.211    4  01  01.327    -0.13    0.57
1980  2 24.009240  3   11 46 52.158    4  01  02.340     0.09    0.47
1980  2 24.013396  3   11 46 52.127    4  01  02.624    -0.10    0.41
1980  2 24.015820  3   11 46 52.094    4  01  02.779    -0.22    0.62
1980  3 13.947182  3   11 41 35.875    4  37  21.578    -0.11    0.77
1980  3 13.948696  3   11 41 35.913    4  37  22.026     0.16    0.18
1980  3 13.969600  3   11 41 35.663    4  37  24.651     0.28    0.43
1980  3 13.972901  3   11 41 35.627    4  37  24.216    -0.55    0.70
1980  3 17.907579  3   11 40 27.374    4  44  58.974     0.23    0.35
1980  3 17.911215  3   11 40 27.312    4  44  59.273     0.12    0.21
1980  3 17.913293  3   11 40 27.274    4  44  59.451     0.06    0.16
1980  3 17.918487  3   11 40 27.166    4  45  00.153     0.18    0.34
1980  3 17.921488  3   11 40 27.105    4  45  00.943     0.63    0.72
1980  3 17.927848  3   11 40 26.995    4  45  01.101     0.08    0.17
1980  3 17.945102  3   11 40 26.666    4  45  02.455    -0.49    0.49
1980  3 17.945783  3   11 40 26.614    4  45  03.092     0.07    0.56
1980  3 17.950636  3   11 40 26.517    4  45  03.148    -0.42    0.69
1980  3 17.951196  3   11 40 26.522    4  45  03.784     0.16    0.34
1980  3 17.955507  3   11 40 26.471    4  45  04.387     0.28    0.37
1980  3 17.956776  3   11 40 26.433    4  45  04.311     0.07    0.09
1980  3 17.959028  3   11 40 26.372    4  45  04.385    -0.11    0.19
1980  3 17.959258  3   11 40 26.366    4  45  04.364    -0.16    0.24
1980  3 17.960961  3   11 40 26.321    4  45  04.112    -0.60    0.68
1980  3 17.961480  3   11 40 26.277    4  45  04.886     0.12    0.84
1980  3 17.963818  3   11 40 26.264    4  45  05.004    -0.02    0.30
1980  3 17.963933  3   11 40 26.278    4  45  05.038    -0.00    0.06
1980  4 17.872194  3   11 32 21.473    5  34  53.912    -0.50    0.65
1980  4 17.872275  3   11 32 21.446    5  34  54.308    -0.11    0.12
1980  4 17.875484  3   11 32 21.383    5  34  54.432    -0.20    0.21
1980  4 17.875830  3   11 32 21.368    5  34  55.005     0.35    0.41
1980  4 17.878220  3   11 32 21.339    5  34  55.223     0.42    0.42
1980  4 17.878364  3   11 32 21.339    5  34  54.937     0.12    0.12
1980  4 17.880418  3   11 32 21.285    5  34  54.049    -0.90    0.94
1980  4 18.808928  3   11 32 15.574    5  36  05.411    -0.02    0.25
1980  4 18.812218  3   11 32 15.558    5  36  05.948     0.27    0.30
1980  4 18.814296  3   11 32 15.533    5  36  05.314    -0.52    0.59
1980  1 23.093973  4   11 52 52.140    3  14  46.779     0.11    0.81
1980  1 23.098446  4   11 52 52.153    3  14  47.139     0.21    0.53
1980  1 23.101811  4   11 52 52.133    3  14  47.044    -0.08    0.69
1980  1 23.109498  4   11 52 52.128    3  14  47.647     0.08    0.54
1980  1 23.113018  4   11 52 52.096    3  14  47.923     0.15    0.91
1980  2 14.032069  4   11 49 17.482    3  43  36.784     0.05    0.66
1980  2 14.036316  4   11 49 17.436    3  43  37.029    -0.13    0.73
1980  2 14.039317  4   11 49 17.393    3  43  37.421    -0.04    0.92
1980  2 14.045262  4   11 49 17.338    3  43  38.038    -0.02    0.85
1980  2 14.048147  4   11 49 17.316    3  43  38.230    -0.12    0.75
1980  2 14.049879  4   11 49 17.305    3  43  38.408    -0.11    0.65
1980  2 15.987467  4   11 48 45.048    3  46  45.175    -0.44    0.80
1980  2 17.025251  4   11 48 36.997    3  48  38.102     0.17    0.74
1980  2 17.029522  4   11 48 36.933    3  48  38.518     0.16    0.67
1980  2 17.031484  4   11 48 36.900    3  48  38.411    -0.14    0.69
1980  2 17.036332  4   11 48 36.810    3  48  39.011    -0.01    0.85
1980  2 17.038761  4   11 48 36.787    3  48  39.272     0.01    0.60
1980  2 17.041526  4   11 48 36.742    3  48  39.622     0.09    0.60
1980  2 20.058636  4   11 47 52.088    3  53  53.656     0.37    0.86
1980  2 23.997525  4   11 46 46.423    4  00  54.167    -0.09    0.40
1980  2 24.000237  4   11 46 46.403    4  00  54.448    -0.12    0.26
1980  2 24.002315  4   11 46 46.396    4  00  54.821     0.01    0.02
1980  2 24.009240  4   11 46 46.286    4  00  55.628     0.00    0.48
1980  2 24.013396  4   11 46 46.261    4  00  56.056    -0.05    0.17
1980  2 24.015820  4   11 46 46.224    4  00  56.202    -0.19    0.37
1980  3 13.947182  4   11 41 29.047    4  37  13.100    -0.86    0.86
1980  3 13.948696  4   11 41 28.963    4  37  13.699    -0.43    0.90
1980  3 13.969600  4   11 41 28.642    4  37  16.478    -0.09    0.27
1980  3 13.972901  4   11 41 28.582    4  37  16.575    -0.38    0.50
1980  3 13.977725  4   11 41 28.473    4  37  16.913    -0.61    0.97
1980  3 17.907579  4   11 40 28.123    4  45  00.629     0.22    0.37
1980  3 17.911215  4   11 40 28.082    4  45  00.937     0.10    0.13
1980  3 17.913293  4   11 40 28.040    4  45  01.228     0.14    0.29
1980  3 17.918487  4   11 40 27.948    4  45  01.797     0.10    0.46
1980  3 17.921488  4   11 40 27.910    4  45  02.363     0.31    0.46
1980  3 17.927848  4   11 40 27.817    4  45  02.981     0.18    0.32
1980  3 17.945102  4   11 40 27.559    4  45  04.513    -0.31    0.33
1980  3 17.945783  4   11 40 27.528    4  45  04.946     0.04    0.41
1980  3 17.950636  4   11 40 27.467    4  45  05.110    -0.36    0.40
1980  3 17.951196  4   11 40 27.434    4  45  05.658     0.12    0.54
1980  3 17.955507  4   11 40 27.371    4  45  06.041    -0.00    0.44
1980  3 17.956776  4   11 40 27.371    4  45  06.298     0.11    0.17
1980  3 17.959028  4   11 40 27.336    4  45  05.997    -0.46    0.47
1980  3 17.959258  4   11 40 27.328    4  45  06.264    -0.22    0.29
1980  3 17.960961  4   11 40 27.297    4  45  06.356    -0.33    0.40
1980  3 17.961480  4   11 40 27.283    4  45  06.710    -0.03    0.33
1980  3 17.963818  4   11 40 27.260    4  45  07.301     0.29    0.31
1980  3 17.963933  4   11 40 27.239    4  45  06.966    -0.06    0.40
1980  4 18.808928  4   11 32 09.836    5  35  58.747     0.29    0.29
1980  4 18.812218  4   11 32 09.809    5  35  58.625    -0.08    0.14
1980  4 18.814296  4   11 32 09.760    5  35  57.886    -0.97    1.17
1980  5 14.809258  4   11 28 52.319    5  53  27.287    -0.08    0.16
1980  5 14.812721  4   11 28 52.297    5  53  27.387     0.01    0.03
1980  5 14.815606  4   11 28 52.269    5  53  27.234    -0.15    0.15
1980  1 23.093973  5   11 52 43.243    3  14  35.820    -0.21    0.81
1980  1 23.098446  5   11 52 43.213    3  14  36.395     0.10    0.78
1980  1 23.101811  5   11 52 43.201    3  14  36.518     0.03    0.61
1980  1 23.109498  5   11 52 43.132    3  14  36.863    -0.07    0.87
1980  1 23.113018  5   11 52 43.100    3  14  37.089    -0.05    0.99
1980  1 23.115038  5   11 52 43.113    3  14  37.353     0.09    0.60
1980  2 14.032069  5   11 49 10.512    3  43  27.445    -0.13    0.92
1980  2 14.036316  5   11 49 10.439    3  43  27.966    -0.00    0.73
1980  2 14.039317  5   11 49 10.381    3  43  28.297     0.05    0.70
1980  2 14.045262  5   11 49 10.263    3  43  28.703    -0.10    0.70
1980  2 14.048147  5   11 49 10.198    3  43  29.071     0.00    0.81
1980  2 14.049879  5   11 49 10.169    3  43  29.271     0.04    0.73
1980  2 15.059579  5   11 48 54.949    3  45  09.384     0.27    0.85
1980  2 17.025251  5   11 48 38.664    3  48  39.671     0.13    0.64
1980  2 17.029522  5   11 48 38.603    3  48  40.215     0.24    0.65
1980  2 17.031484  5   11 48 38.571    3  48  40.136    -0.03    0.64
1980  2 17.036332  5   11 48 38.479    3  48  40.558    -0.10    0.95
1980  2 17.038761  5   11 48 38.467    3  48  40.851    -0.05    0.59
1980  2 17.041526  5   11 48 38.412    3  48  41.212     0.03    0.79
1980  2 20.058636  5   11 47 47.103    3  53  49.424     0.36    0.58
1980  2 23.997525  5   11 46 44.631    4  00  52.356    -0.11    0.35
1980  2 24.000237  5   11 46 44.596    4  00  52.735    -0.04    0.33
1980  2 24.002315  5   11 46 44.580    4  00  52.768    -0.25    0.29
1980  2 24.009240  5   11 46 44.478    4  00  53.593    -0.21    0.39
1980  2 24.013396  5   11 46 44.433    4  00  54.158    -0.12    0.23
1980  2 24.015820  5   11 46 44.380    4  00  54.474    -0.08    0.53
1980  3 16.959372  5   11 40 35.595    4  43  01.917     0.32    0.72
1980  3 16.968260  5   11 40 35.461    4  43  02.392    -0.18    0.28
1980  3 17.907579  5   11 40 20.248    4  44  50.969     0.11    0.22
1980  3 17.911215  5   11 40 20.216    4  44  51.457     0.16    0.16
1980  3 17.913293  5   11 40 20.180    4  44  51.727     0.18    0.27
1980  3 17.918487  5   11 40 20.117    4  44  52.350     0.17    0.29
1980  3 17.921488  5   11 40 20.085    4  44  52.826     0.29    0.34
1980  3 17.927848  5   11 40 20.016    4  44  53.484     0.18    0.20
1980  3 17.945102  5   11 40 19.829    4  44  55.263    -0.12    0.16
1980  3 17.945783  5   11 40 19.805    4  44  55.504     0.04    0.14
1980  3 17.950636  5   11 40 19.747    4  44  55.859    -0.19    0.25
1980  3 17.951196  5   11 40 19.751    4  44  56.179     0.06    0.06
1980  3 17.955507  5   11 40 19.711    4  44  56.396    -0.24    0.28
1980  3 17.956776  5   11 40 19.683    4  44  56.742    -0.05    0.08
1980  3 17.959028  5   11 40 19.663    4  44  56.691    -0.37    0.37
1980  3 17.959258  5   11 40 19.660    4  44  57.157     0.06    0.07
1980  3 17.960961  5   11 40 19.659    4  44  57.692     0.39    0.49
1980  3 17.961480  5   11 40 19.628    4  44  57.055    -0.31    0.32
1980  3 17.963818  5   11 40 19.579    4  44  57.693     0.05    0.42
1980  3 17.963933  5   11 40 19.650    4  44  57.388    -0.27    0.72
1980  4 17.872194  5   11 32 18.604    5  34  50.156    -0.30    0.35
1980  4 17.872275  5   11 32 18.593    5  34  50.260    -0.20    0.39
1980  4 17.875830  5   11 32 18.533    5  34  50.841     0.14    0.56
1980  4 17.878220  5   11 32 18.560    5  34  51.346     0.48    0.58
1980  4 17.878364  5   11 32 18.531    5  34  50.598    -0.28    0.29
1980  4 17.880418  5   11 32 18.491    5  34  50.532    -0.48    0.56
1980  4 18.808928  5   11 32 10.999    5  35  58.976     0.03    0.06
1980  4 18.812218  5   11 32 10.964    5  35  59.198     0.00    0.33
1980  4 18.814296  5   11 32 11.000    5  35  58.744    -0.61    0.71
1980  5 14.809258  5   11 28 44.234    5  53  17.185    -0.03    0.11
1980  5 14.812721  5   11 28 44.233    5  53  17.102    -0.12    0.21
1980  5 14.815606  5   11 28 44.209    5  53  17.194    -0.04    0.07
1980  1 23.093973  6   11 52 56.634    3  14  54.255    -0.30    0.94
1980  1 23.098446  6   11 52 56.623    3  14  54.789    -0.03    0.89
1980  1 23.101811  6   11 52 56.622    3  14  54.980    -0.04    0.78
1980  1 23.109498  6   11 52 56.608    3  14  55.243    -0.23    0.75
1980  1 23.113018  6   11 52 56.600    3  14  55.640    -0.04    0.70
1980  1 23.115038  6   11 52 56.582    3  14  55.815     0.02    0.90
1980  2 15.987456  6   11 48 38.180    3  46  35.040    -0.19    0.66
1980  2 15.987467  6   11 48 38.178    3  46  34.803    -0.43    0.79
1980  2 15.990255  6   11 48 38.146    3  46  35.450    -0.06    0.40
1980  2 15.990266  6   11 48 38.135    3  46  35.395    -0.11    0.57
1980  2 15.993054  6   11 48 38.092    3  46  35.456    -0.33    0.56
1980  2 15.993065  6   11 48 38.078    3  46  35.458    -0.32    0.74
1980  2 15.996574  6   11 48 38.038    3  46  35.986    -0.14    0.36
1980  2 15.996586  6   11 48 38.060    3  46  36.002    -0.13    0.13
1980  2 17.025251  6   11 48 20.732    3  48  18.583    -0.43    0.62
1980  2 17.029522  6   11 48 20.673    3  48  19.421    -0.02    0.29
1980  2 17.031484  6   11 48 20.621    3  48  19.619    -0.02    0.59
1980  2 17.036332  6   11 48 20.554    3  48  19.824    -0.31    0.52
1980  2 17.038761  6   11 48 20.514    3  48  20.391     0.01    0.42
1980  2 17.041526  6   11 48 20.465    3  48  20.367    -0.30    0.56
1980  2 20.058636  6   11 47 39.867    3  53  42.499    -0.07    0.45
1980  2 23.997525  6   11 46 58.553    4  01  08.860    -0.46    0.60
1980  2 24.000237  6   11 46 58.514    4  01  09.397    -0.23    0.54
1980  2 24.002315  6   11 46 58.499    4  01  09.711    -0.15    0.37
1980  2 24.009240  6   11 46 58.416    4  01  10.309    -0.34    0.49
1980  2 24.013396  6   11 46 58.370    4  01  10.869    -0.26    0.39
1980  2 24.015820  6   11 46 58.342    4  01  11.344    -0.06    0.29
1980  3 13.947182  6   11 41 45.323    4  37  32.302    -0.15    0.30
1980  3 13.948696  6   11 41 45.291    4  37  32.884     0.26    0.39
1980  3 13.969600  6   11 41 44.868    4  37  34.850    -0.16    0.50
1980  3 13.972901  6   11 41 44.797    4  37  34.982    -0.40    0.69
1980  3 13.977725  6   11 41 44.694    4  37  36.131     0.20    0.71
1980  3 13.989790  6   11 41 44.483    4  37  36.704    -0.60    0.67
1980  3 13.991867  6   11 41 44.449    4  37  37.229    -0.31    0.36
1980  3 13.993512  6   11 41 44.408    4  37  37.325    -0.41    0.51
1980  3 14.000178  6   11 41 44.282    4  37  38.067    -0.42    0.48
1980  3 14.006411  6   11 41 44.166    4  37  38.623    -0.57    0.59
1980  3 17.907579  6   11 40 18.726    4  44  49.838    -0.19    0.19
1980  3 17.911215  6   11 40 18.647    4  44  50.368    -0.05    0.09
1980  3 17.918487  6   11 40 18.481    4  44  51.077    -0.13    0.14
1980  3 17.921488  6   11 40 18.407    4  44  51.848     0.31    0.31
1980  3 17.927848  6   11 40 18.263    4  44  52.413     0.18    0.19
1980  3 17.945102  6   11 40 17.876    4  44  53.703    -0.41    0.41
1980  3 17.945783  6   11 40 17.837    4  44  54.065    -0.12    0.40
1980  3 17.950636  6   11 40 17.771    4  44  54.597    -0.12    0.30
1980  3 17.951196  6   11 40 17.714    4  44  54.814     0.04    0.39
1980  3 17.955507  6   11 40 17.639    4  44  55.181    -0.06    0.09
1980  3 17.956776  6   11 40 17.608    4  44  55.116    -0.27    0.28
1980  3 17.959028  6   11 40 17.569    4  44  55.248    -0.38    0.39
1980  3 17.959258  6   11 40 17.563    4  44  55.783     0.13    0.15
1980  3 17.960961  6   11 40 17.499    4  44  55.347    -0.49    0.58
1980  3 17.961480  6   11 40 17.485    4  44  55.837    -0.06    0.36
1980  3 17.963818  6   11 40 17.430    4  44  55.820    -0.33    0.51
1980  3 17.963933  6   11 40 17.448    4  44  56.037    -0.12    0.15
1980  4 18.808928  6   11 32 07.008    5  35  59.923     0.21    0.35
1980  4 18.812218  6   11 32 06.949    5  36  00.067     0.14    0.36
1980  4 18.814296  6   11 32 06.960    5  35  59.811    -0.25    0.44
1980  5 14.809258  6   11 29 01.088    5  53  34.422    -0.17    0.17
1980  5 14.812721  6   11 29 01.090    5  53  34.477    -0.16    0.19
1980  5 14.815606  6   11 29 01.087    5  53  34.471    -0.20    0.24
1980  3 16.945059  7   11 40 32.003    4  42  57.702    -0.02    0.54
1980  3 16.959372  7   11 40 31.822    4  42  59.879     0.45    0.96
1980  3 16.968260  7   11 40 31.688    4  43  00.348    -0.14    0.73
1980  1 23.093973  8   11 53 23.670    3  12  54.467     0.16    0.99
1980  1 23.098446  8   11 53 23.677    3  12  55.006     0.46    0.61
1980  1 23.109498  8   11 53 23.574    3  12  55.361     0.24    0.80
1980  1 23.113018  8   11 53 23.539    3  12  55.790     0.49    1.03
1980  1 23.115038  8   11 53 23.521    3  12  55.463     0.05    0.96
1980  2 14.032069  8   11 48 54.290    3  43  12.826     0.18    0.60
1980  2 14.036316  8   11 48 54.219    3  43  13.022    -0.09    0.61
1980  2 14.045262  8   11 48 54.081    3  43  14.159     0.08    0.51
1980  2 14.048147  8   11 48 54.007    3  43  14.366    -0.02    0.91
1980  2 14.049879  8   11 48 54.001    3  43  14.661     0.08    0.59
1980  2 15.987456  8   11 48 22.985    3  46  47.203    -0.21    0.45
1980  2 15.987467  8   11 48 22.983    3  46  46.764    -0.65    0.78
1980  2 15.990255  8   11 48 22.942    3  46  47.311    -0.41    0.55
1980  2 15.990266  8   11 48 22.937    3  46  47.538    -0.19    0.47
1980  2 15.993054  8   11 48 22.915    3  46  47.738    -0.30    0.31
1980  2 15.993065  8   11 48 22.887    3  46  47.850    -0.19    0.53
1980  2 15.996574  8   11 48 22.827    3  46  48.081    -0.34    0.63
1980  2 15.996586  8   11 48 22.839    3  46  48.507     0.08    0.36
1980  2 17.025251  8   11 48 06.188    3  48  43.586     0.04    0.57
1980  2 17.029522  8   11 48 06.115    3  48  44.022    -0.01    0.61
1980  2 17.031484  8   11 48 06.085    3  48  44.360     0.11    0.59
1980  2 17.036332  8   11 48 06.001    3  48  44.814     0.02    0.64
1980  2 17.038761  8   11 48 05.971    3  48  45.061    -0.01    0.49
1980  2 17.041526  8   11 48 05.927    3  48  45.391     0.01    0.47
1980  2 20.058636  8   11 47 16.868    3  54  30.132     0.17    0.41
1980  2 23.997525  8   11 46 12.938    4  02  10.315    -0.34    0.43
1980  2 24.000237  8   11 46 12.905    4  02  10.809    -0.17    0.19
1980  2 24.002315  8   11 46 12.864    4  02  11.116    -0.10    0.22
1980  2 24.009240  8   11 46 12.747    4  02  11.739    -0.30    0.39
1980  2 24.013396  8   11 46 12.675    4  02  12.159    -0.37    0.48
1980  2 24.015820  8   11 46 12.628    4  02  12.599    -0.21    0.46
1980  3 13.947182  8   11 41 23.274    4  38  54.092    -0.25    0.71
1980  3 13.948696  8   11 41 23.265    4  38  54.700     0.19    0.50
1980  3 13.969600  8   11 41 22.981    4  38  56.823    -0.00    0.09
1980  3 13.972901  8   11 41 22.925    4  38  56.934    -0.26    0.32
1980  3 13.993512  8   11 41 22.617    4  38  59.395    -0.08    0.26
1980  3 14.000178  8   11 41 22.509    4  38  59.902    -0.31    0.50
1980  3 17.907579  8   11 40 26.136    4  46  06.580     0.33    0.38
1980  3 17.911215  8   11 40 26.082    4  46  06.743     0.10    0.23
1980  3 17.913293  8   11 40 26.038    4  46  07.140     0.28    0.49
1980  3 17.918487  8   11 40 25.969    4  46  07.706     0.29    0.41
1980  3 17.921488  8   11 40 25.928    4  46  08.091     0.35    0.43
1980  3 17.927848  8   11 40 25.833    4  46  08.452     0.03    0.28
1980  3 17.945102  8   11 40 25.578    4  46  10.248    -0.03    0.31
1980  3 17.945783  8   11 40 25.573    4  46  10.232    -0.11    0.26
1980  3 17.950636  8   11 40 25.503    4  46  10.618    -0.25    0.33
1980  3 17.951196  8   11 40 25.482    4  46  11.062     0.14    0.43
1980  3 17.955507  8   11 40 25.432    4  46  11.283    -0.10    0.24
1980  3 17.956776  8   11 40 25.418    4  46  11.637     0.11    0.18
1980  3 17.959028  8   11 40 25.418    4  46  11.599    -0.17    0.39
1980  3 17.959258  8   11 40 25.407    4  46  11.659    -0.13    0.27
1980  3 17.960961  8   11 40 25.355    4  46  11.628    -0.34    0.38
1980  3 17.961480  8   11 40 25.319    4  46  11.937    -0.09    0.60
1980  3 17.963818  8   11 40 25.307    4  46  12.259    -0.02    0.26
1980  3 17.963933  8   11 40 25.310    4  46  12.550     0.26    0.32
1980  4 17.872275  8   11 32 47.079    5  33  16.268    -0.37    0.45
1980  5 14.809258  8   11 28 13.454    5  54  38.439    -0.10    0.20
1980  5 14.812721  8   11 28 13.442    5  54  38.483    -0.10    0.20
1980  5 14.815606  8   11 28 13.434    5  54  38.436    -0.18    0.27