 3  2448100.403271 19 31 35.132 -21  43  17.94
 3  2448117.366517 19 26 54.100 -21  54  46.62
 3  2448128.279713 19 24 30.684 -22  00  17.10
 3  2448129.277661 19 24 14.050 -22  00  55.24
 3  2448130.279088 19 24 08.964 -22  01  18.54
 3  2448131.279473 19 23 52.163 -22  01  42.89
 3  2448132.285405 19 23 48.071 -22  02  17.20
 3  2448152.232903 19 21 37.401 -22  07  46.75
 3  2448448.471176 20 28 55.265 -19  30  29.66
 3  2448451.475445 20 28 09.287 -19  34  00.66
 3  2448503.284381 20 13 39.896 -20  25  31.21
 3  2448525.228179 20 10 48.594 -20  35  55.40
 3  2450397.304988 00 08 13.242 -01  53  15.46
 3  2450713.454282 01 11 52.452  04  38  58.58
 3  2450715.478995 01 11 19.074  04  35  29.38
 3  2450723.417190 01 09 02.420  04  21  16.41
 3  2450729.454689 01 07 16.374  04  10  07.02
 3  2450749.371014 01 01 40.273  03  35  43.72
 3  2450797.189666 00 53 54.332  02  58  12.98
 4  2448088.406496 19 35 17.070 -21  33  24.90
 4  2448105.357385 19 30 09.394 -21  46  47.24
 4  2448117.366517 19 26 48.425 -21  54  40.68
 4  2448128.279713 19 24 24.984 -22  00  33.96
 4  2448129.277661 19 24 17.070 -22  00  29.14
 4  2448130.279088 19 24 08.738 -22  01  38.82
 4  2448131.279473 19 23 51.278 -22  01  41.50
 4  2448132.285405 19 23 47.480 -22  01  56.34
 4  2448152.232903 19 21 42.292 -22  08  19.79
 4  2448503.284381 20 13 40.154 -20  25  46.02
 4  2448525.228179 20 10 43.546 -20  35  47.92
 4  2450704.498611 01 13 59.747  04  54  02.82
 4  2450715.478995 01 11 13.195  04  35  30.69
 4  2450723.417190 01 09 01.850  04  21  18.31
 4  2450729.454689 01 07 15.604  04  10  05.45
 4  2450749.371014 01 01 39.975  03  35  31.64
 4  2450754.344619 01 00 17.140  03  28  03.10
 4  2450755.336980 01 00 08.359  03  26  42.52
 5  2448085.416775 19 36 07.224 -21  30  51.74
 5  2448088.406496 19 35 14.506 -21  34  13.95
 5  2448089.390262 19 34 51.106 -21  34  24.66
 5  2448100.403271 19 31 38.190 -21  42  56.76
 5  2448105.357385 19 30 10.930 -21  46  53.64
 5  2448117.366517 19 26 49.704 -21  53  59.31
 5  2448124.285614 19 25 17.412 -21  58  58.56
 5  2448125.286508 19 24 58.606 -21  58  59.74
 5  2448126.276876 19 24 48.840 -21  58  53.80
 5  2448128.279713 19 24 32.480 -22  00  50.02
 5  2448129.277661 19 24 14.189 -22  01  16.56
 5  2448130.279088 19 24 00.577 -22  01  01.62
 5  2448132.285405 19 23 50.588 -22  02  17.48
 5  2448150.268827 19 21 50.642 -22  07  41.44
 5  2448152.232903 19 21 35.320 -22  08  09.23
 5  2448158.225555 19 21 33.607 -22  08  07.19
 5  2448445.489819 20 29 47.580 -19  27  40.28
 5  2448448.471176 20 29 03.676 -19  30  28.74
 5  2448451.475445 20 28 01.863 -19  33  27.34
 5  2448484.389605 20 18 21.335 -20  09  40.37
 5  2448485.362250 20 18 04.888 -20  11  12.96
 5  2448503.284381 20 13 47.806 -20  25  58.38
 5  2448508.289052 20 12 49.329 -20  29  15.50
 5  2448511.267210 20 12 21.760 -20  30  06.06
 5  2448511.295606 20 12 21.656 -20  30  07.66
 5  2448513.297082 20 11 58.658 -20  31  49.68
 5  2448525.228179 20 10 51.754 -20  35  38.40
 5  2450397.304988 00 08 17.278 -01  53  13.93
 5  2450702.525003 01 14 28.964  04  56  47.48
 5  2450704.498611 01 14 07.142  04  54  06.38
 5  2450713.454282 01 11 53.642  04  39  05.96
 5  2450715.478995 01 11 11.946  04  35 .20.58
 5  2450723.417190 01 09 01.502  04  21  23.58
 5  2450729.454689 01 07 16.671  04  09  54.94
 5  2450749.371014 01 01 42.736  03  35  44.98
 5  2450753.358347 01 00 40.120  03  29  28.89
 5  2450754.344619 01 00 21.652  03  28  21.02
 5  2450755.336980 00 59 59.565  03  26  55.60
 5  2450797.189666 00 53 54.599  02  57  58.05
 6  2448085.416775 19 36 03.514 -21  32  08.68
 6  2448088.406496 19 35 02.124 -21  33  10.77
 6  2448089.390262 19 34 45.658 -21  33  34.64
 6  2448100.403271 19 31 29.000 -21  44  10.34
 6  2448105.357385 19 29 54.357 -21  45  42.60
 6  2448117.366517 19 26 43.125 -21  55  19.08
 6  2448119.361753 19 26 09.617 -21  55  34.44
 6  2448124.285614 19 25 19.838 -21  57  19.97
 6  2448125.286508 19 25 11.904 -21  58  10.88
 6  2448126.276876 19 25 03.062 -21  59  08.11
 6  2448128.279713 19 24 40.282 -22  01  04.82
 6  2448129.277661 19 24 26.482 -22  01  54.42
 6  2448130.279088 19 24 11.494 -22  02  33.96
 6  2448131.279473 19 23 56.040 -22  03  01.48
 6  2448132.285405 19 23 40.760 -22  03  17.12
 6  2448150.268827 19 21 33.671 -22  07  57.60
 6  2448151.265426 19 21 29.524 -22  07  39.80
 6  2448152.232903 19 21 27.622 -22  07  23.60
 6  2448155.235983 19 21 33.713 -22  07  11.48
 6  2448158.225555 19 21 45.032 -22  08  24.89
 6  2448445.489819 20 29 58.996 -19  26  54.04
 6  2448448.471176 20 29 09.517 -19  31  21.10
 6  2448451.475445 20 28 04.339 -19  34  52.72
 6  2448484.389605 20 18 09.390 -20  10  36.74
 6  2448485.362250 20 17 49.748 -20  11  11.54
 6  2448503.284381 20 13 29.997 -20  25  08.60
 6  2448508.289052 20 12 54.520 -20  28  03.42
 6  2448511.267210 20 12 30.793 -20  30  58.72
 6  2448511.295606 20 12 30.476 -20  30  59.80
 6  2448513.297082 20 12 06.958 -20  32  32.22
 6  2448525.228179 20 10 57.138 -20  35  23.03
 6  2450397.304988 00 08 22.864 -01  53  14.54
 6  2450675.549657 01 18 31.118  05  28  55.44
 6  2450704.498611 01 13 55.128  04  54  29.59
 6  2450713.454282 01 12 02.078  04  38  36.84
 6  2450715.478995 01 11 29.780  04  35  31.45
 6  2450723.417190 01 08 52.020  04  21  03.30
 6  2450729.454689 01 07 32.224  04  09  47.56
 6  2450749.371014 01 01 42.986  03  36  09.34
 6  2450753.358347 01 00 22.512  03  29  56.84
 6  2450754.344619 01 00 06.338  03  28  18.64
 6  2450755.336980 00 59 52.332  03  26  39.70
 6  2450797.189666 00 54 01.723  02  58  31.54
 8  2448117.366517 19 26 29.392 -21  55  03.62
 8  2448128.279713 19 23 49.441 -21  59  31.22
 8  2448129.277661 19 23 37.964 -21  59  52.16
 8  2448130.279088 19 23 27.005 -22  00  12.93
 8  2448131.279473 19 23 16.614 -22  00  33.18
 8  2448132.285405 19 23 06.821 -22  00  53.50
 8  2450704.498611 01 13 55.496  04  51  31.92
 8  2450749.371014 01 01 28.594  03  37  10.44
 8  2450753.358347 01 00 14.572  03  30  15.40
 8  2450754.344619 00 59 57.010  03  28  36.22
 8  2450755.336980 00 59 39.634  03  26  57.07