1995 08 02.98974   1    -24.74     1.63   0.11  0.10  -0.28  -0.21
1995 08 27.98692   2     37.49    -3.53   0.12  0.12  -0.10  -0.42
1995 09 16.92839   2    -34.42     2.67   0.07  0.08   0.03  -0.58
1995 09 16.94986   2    -32.53     2.66   0.08  0.08   0.15  -0.52
1995 09 18.91328   2     37.25    -3.49   0.04  0.02  -0.40  -0.23
1995 09 18.93563   2     36.88    -3.69   0.12  0.10  -0.10  -0.39
1995 09 22.84980   2     29.44    -2.14   0.06  0.06  -0.10  -0.27
1995 09 22.87352   2     32.10    -2.81   0.07  0.11   0.16  -0.65
1995 10 21.85635   2     33.94    -3.75   0.11  0.10   0.02  -0.20
1995 10 21.87895   2     32.32    -3.67   0.09  0.09   0.14  -0.13
1995 11 05.78508   2     35.18    -3.47   0.12  0.21  -0.13  -0.79
1995 11 08.76843   2     22.66    -3.63   0.07  0.09  -0.45  -0.34
1995 08 22.98320   3     45.31    -3.18   0.12  0.08  -0.19  -0.24
1995 09 02.93138   3     24.75    -0.93   0.05  0.07  -0.15  -0.00
1995 09 02.95406   3     27.62    -1.24   0.02  0.04  -0.22  -0.09
1995 09 19.92180   3     25.92    -1.34   0.04  0.13   0.11  -0.76
1995 09 21.91056   3     37.27    -1.92   0.05  0.05  -0.16  -0.31
1995 09 21.93490   3     39.55    -2.14   0.04  0.02  -0.08  -0.30
1995 09 22.84980   3    -36.93     1.17   0.11  0.08   0.08  -0.38
1995 09 22.87352   3    -38.99     1.32   0.07  0.03   0.20  -0.46
1995 10 15.80908   3    -43.06     3.49   0.06  0.07   0.14  -0.17
1995 10 15.83055   3    -41.57     3.59   0.05  0.06   0.31  -0.11
1995 11 05.78508   3    -21.31     3.19   0.11  0.13  -0.16  -0.33
1994 08 09.00793   4    -17.72    -4.55   0.10  0.10   0.14  -0.51
1994 08 29.99372   4     58.36    -4.65   0.10  0.10  -0.22  -0.27
1994 09 08.85136   4    -52.64     8.46   0.10  0.10   0.30   0.02
1995 08 27.98692   4    -55.05     4.03   0.07  0.07  -0.05  -0.72
1995 08 30.87130   4    -43.60     3.86   0.08  0.07   0.30  -0.23
1995 08 30.89139   4    -41.82     3.78   0.07  0.07   0.14  -0.18
1995 09 16.92839   4     36.79    -2.60   0.05  0.07  -0.13  -0.59
1995 09 16.94986   4     39.17    -2.75   0.06  0.06  -0.06  -0.50
1995 09 18.91328   4    -52.82     4.76   0.11  0.04  -0.17  -0.37
1995 09 18.93263   4    -51.30     4.61   0.02  0.10   0.00  -0.46
1995 09 19.89710   4     55.93    -4.97   0.05  0.09  -0.17  -0.80
1995 09 19.92180   4     57.20    -5.03   0.04  0.14  -0.07  -0.68
1995 09 21.91056   4    -26.88     3.33   0.05  0.05  -0.02  -0.33
1995 09 22.84980   4     59.80    -5.66   0.04  0.07  -0.12  -0.41
1995 09 22.87352   4     59.44    -5.97   0.05  0.04  -0.00  -0.68
1995 10 04.85969   4    -50.24     3.06   0.05  0.11   0.12  -0.16
1995 10 15.80908   4    -50.26     2.76   0.03  0.04   0.07  -0.36
1995 10 15.83055   4    -51.63     2.86   0.04  0.03   0.18  -0.49
1995 10 21.85635   4    -42.10     5.03   0.04  0.10   0.16  -0.35
1995 10 21.87895   4    -39.88     5.05   0.04  0.09   0.19  -0.23
1995 10 22.82012   4     58.22    -5.05   0.11  0.06   0.05  -0.41
1995 10 22.84116   4     58.65    -5.31   0.11  0.07   0.09  -0.52
1995 11 05.78508   4     50.99    -6.28   0.10  0.07  -0.16  -0.57
1995 11 08.76843   4     28.45    -5.29   0.05  0.12  -0.13  -0.47
1995 11 08.79209   4     25.82    -5.03   0.04  0.09  -0.00  -0.38
1994 08 09.00793   5     60.52    -0.80   0.10  0.10  -0.03  -0.45
1994 08 29.99372   5    -81.54     9.70   0.10  0.10  -0.02  -0.46
1994 09 29.85722   5    -55.47    -2.87   0.10  0.10   0.02  -0.50
1995 08 27.98692   5     48.45    -4.48   0.05  0.07  -0.18  -0.81
1995 08 30.87130   5    -83.42     7.01   0.03  0.12   0.16  -0.25
1995 08 30.89139   5    -83.62     7.06   0.03  0.03   0.11  -0.24
1995 09 02.93138   5     42.61    -4.68   0.08  0.05   0.01  -0.03
1995 09 02.95406   5     40.33    -4.54   0.07  0.03   0.04  -0.08
1995 09 17.96329   5    -84.18     6.39   0.07  0.16  -0.07  -1.08
1995 09 18.91328   5    -23.01     3.57   0.13  0.03  -0.25  -0.31
1995 09 19.89710   5     74.68    -6.59   0.06  0.09  -0.18  -0.78
1995 09 19.92180   5     76.08    -6.62   0.04  0.14  -0.06  -0.64
1995 09 21.91056   5    -57.71     3.36   0.05  0.05  -0.06  -0.30
1995 09 21.93490   5    -59.63     3.49   0.04  0.03   0.06  -0.40
1995 09 22.84980   5    -74.06     7.31   0.07  0.06  -0.01  -0.35
1995 09 22.87352   5    -72.46     7.08   0.05  0.02   0.24  -0.52
1995 10 05.88745   5    -81.45     6.93   0.03  0.01   0.22   0.07
1995 10 15.80908   5    -42.22     6.21   0.04  0.06   0.05  -0.38
1995 10 15.83055   5    -40.09     5.91   0.04  0.03   0.04  -0.53
1995 10 21.85635   5     82.22    -7.90   0.06  0.08  -0.01  -0.23
1995 10 21.87895   5     82.15    -7.97   0.05  0.05   0.04  -0.21
1995 10 22.82012   5     16.79    -5.53   0.07  0.12   0.11  -0.69
1995 11 05.78508   5    -29.62    -1.02   0.04  0.08  -0.01  -0.39
1995 11 08.76843   5     78.80    -6.97   0.04  0.10  -0.07  -0.30
1995 11 08.79209   5     79.28    -7.17   0.05  0.07  -0.03  -0.34
1994 08 09.00793   6   -185.46    19.56   0.10  0.10   0.13  -0.54
1994 08 29.99372   6    124.40     4.42   0.10  0.10  -0.24  -0.09
1994 09 08.85136   6   -188.52    12.82   0.10  0.10   0.39  -0.13
1994 09 29.85327   6     60.04    16.86   0.10  0.10  -0.08  -0.23
1994 09 29.85722   6     60.37    16.64   0.10  0.10  -0.04  -0.41
1995 08 22.98320   6    -22.31     0.66   0.10  0.07   0.12  -0.10
1995 08 27.98692   6   -165.31    12.39   0.02  0.07   0.06  -0.92
1995 08 30.87130   6     27.63    -0.55   0.06  0.07   0.22  -0.25
1995 08 30.89139   6     28.99    -0.70   0.04  0.05   0.01  -0.28
1995 09 02.93138   6    192.19   -14.62   0.03  0.04  -0.05  -0.31
1995 09 02.95406   6    192.55   -14.54   0.08  0.03  -0.06  -0.18
1995 09 16.92839   6    111.94    -6.20   0.04  0.08   0.00  -0.66
1995 09 16.94986   6    113.32    -6.24   0.07  0.05  -0.00  -0.57
1995 09 17.96329   6    167.27   -11.94   0.11  0.19  -0.17  -0.94
1995 09 18.91328   6    193.66   -14.84   0.06  0.08  -0.17  -0.35
1995 09 18.93263   6    193.95   -14.96   0.04  0.09  -0.14  -0.42
1995 09 19.89710   6    192.86   -16.80   0.05  0.10  -0.24  -0.70
1995 09 19.92180   6    192.60   -16.73   0.04  0.12  -0.12  -0.62
1995 09 21.91056   6    110.40   -12.98   0.04  0.04  -0.12  -0.36
1995 09 21.93490   6    108.96   -12.89   0.02  0.02  -0.04  -0.36
1995 09 22.84980   6     46.22    -8.66   0.04  0.07  -0.01  -0.30
1995 09 22.87352   6     44.64    -8.74   0.04  0.05   0.14  -0.51
1995 10 04.85969   6    192.98   -14.93   0.08  0.13  -0.06  -0.38
1995 10 05.88745   6    190.09   -16.83   0.04  0.03   0.06  -0.06
1995 10 15.80908   6   -104.17    13.66   0.03  0.04   0.09  -0.42
1995 10 15.83055   6   -102.73    13.63   0.05  0.03   0.13  -0.37
1995 10 21.85635   6    185.88   -17.44   0.05  0.04   0.01  -0.26
1995 10 21.87895   6    185.44   -17.37   0.05  0.05   0.02  -0.16
1995 10 22.82012   6    155.12   -17.61   0.11  0.03   0.14  -0.38
1995 10 22.84116   6    154.18   -17.75   0.09  0.07   0.13  -0.54
1995 11 05.78508   6    186.90   -14.90   0.05  0.05  -0.11  -0.43
1995 11 08.76843   6     97.19   -15.55   0.04  0.11  -0.06  -0.36
1995 11 08.79209   6     95.80   -15.44   0.04  0.07   0.00  -0.33
1994 08 09.00793   8   -531.52   -69.70   0.10  0.10   0.41  -0.61
1994 09 29.85327   8     84.56    37.66   0.10  0.10   0.45  -1.19
1995 08 22.98320   8   -187.36    40.89   0.11  0.09   0.26   0.00
1995 08 27.98692   8   -376.54    -2.83   0.08  0.18   0.48  -0.86
1995 08 30.87130   8   -462.34   -26.66   0.06  0.08   0.30   0.02
1995 08 30.89139   8   -462.70   -26.64   0.07  0.07   0.46   0.21
1995 09 02.93138   8   -527.76   -51.02   0.06  0.14   0.33   0.07
1995 09 02.95406   8   -528.23   -51.22   0.01  0.02   0.23   0.04
1995 09 16.92839   8   -420.44  -104.74   0.05  0.08   0.20  -0.46
1995 09 16.94986   8   -419.80  -104.56   0.07  0.05   0.17  -0.30
1995 09 17.96329   8   -386.93  -104.09   0.05  0.21   0.10  -0.99
1995 09 18.91328   8   -353.73  -101.81   0.13  0.05  -0.01  -0.46
1995 09 18.93263   8   -352.84  -101.80   0.03  0.05   0.18  -0.49
1995 09 19.89710   8   -317.02   -99.56   0.05  0.15  -0.05  -0.68
1995 09 19.92180   8   -315.86   -99.39   0.03  0.10   0.16  -0.58
1995 09 21.91056   8   -235.52   -91.84   0.16  0.10   0.07  -0.01
1995 09 21.93490   8   -234.44   -92.11   0.03  0.06   0.12  -0.38
1995 09 22.84980   8   -195.36   -88.02   0.06  0.06  -0.07  -0.35
1995 09 22.87352   8   -194.12   -88.04   0.07  0.07   0.14  -0.49
1995 11 05.78508   8    -37.86    52.88   0.18  0.14   0.24  -0.45
1995 11 08.76843   8   -160.32    33.50   0.04  0.14   0.24  -0.65
1995 11 08.79209   8   -160.97    33.71   0.04  0.08   0.53  -0.28