2  1877 10 03 22 26 06  275 00   0 32.00  2
2  1879 10 10 00 02 36  999 99   0 34.95  4
2  1879 10 10 00 02 51  277 48 -99 99.99  4
2  1879 10 10 00 14 36  999 99   0 35.32  4
2  1882 09 20 01 17 35  999 99   0 24.38  5
2  1882 09 20 01 26 41  244 24 -99 99.99  5
2  1882 09 20 01 47 48  999 99   0 22.58  5
3  1875 09 14 21 21 38  999 99   0 22.38  1
3  1875 09 14 21 29 28  254 51 -99 99.99  1
3  1875 09 14 21 39 43  255 05 -99 99.99  1
3  1875 09 14 21 47 43  999 99   0 23.92  1
3  1875 09 17 20 04 45  999 99   0 33.37  1
3  1875 09 17 20 10 14  085 27 -99 99.99  1
3  1875 09 17 22 08 39  999 99   0 39.14  1
3  1875 09 17 22 13 41  090 14 -99 99.99  1
3  1875 09 18 22 03 40  999 99   0 24.36  1
3  1875 09 18 22 16 10  272 38 -99 99.99  1
3  1875 09 20 20 00 25  999 99   0 44.88  1
3  1875 09 20 20 04 55  999 99   0 47.48  1
3  1875 09 20 20 09 15  273 23 -99 99.99  1
3  1875 10 02 21 19 40  999 99   0 23.08  1
3  1875 10 02 21 23 02  068 54 -99 99.99  1
3  1875 10 05 21 22 00  999 99   0 39.53  1
3  1875 10 05 21 46 50  270 51 -99 99.99  1
3  1875 10 05 22 01 18  999 99   0 40.99  1
3  1875 10 06 20 30 52  999 99   0 41.99  1
3  1875 10 06 21 01 39  090 32 -99 99.99  1
3  1875 10 06 21 27 29  999 99   0 43.13  1
3  1875 10 11 21 18 47  999 99   0 39.32  1
3  1875 10 11 21 42 52  268 13 -99 99.99  1
3  1875 10 11 22 11 52  999 99   0 37.50  1
3  1875 10 12 21 20 11  107 14 -99 99.99  1
3  1875 10 12 21 21 46  999 99   0 33.55  1
3  1875 10 21 21 25 20  999 99   0 32.17  1
3  1875 10 21 21 50 35  085 10 -99 99.99  1
3  1875 10 21 22 04 05  999 99   0 30.24  1
3  1875 10 25 22 12 25  999 99   0 38.77  1
3  1875 10 25 22 20 25  999 99   0 39.36  1
3  1875 10 25 22 21 30  111 13 -99 99.99  1
3  1875 11 08 21 37 16  999 99   0 33.16  1
3  1875 11 08 22 39 26  266 17 -99 99.99  1
3  1875 11 08 22 42 11  999 99   0 36.40  1
3  1875 11 15 22 45 45  999 99   0 29.91  1
3  1875 11 15 22 46 15  110 12 -99 99.99  1
3  1875 11 15 22 51 00  999 99   0 27.58  1
3  1877 10 03 21 38 55  275 33   0 46.34  2
3  1877 10 03 21 47 32  999 99   0 43.10  2
3  1877 10 03 21 50 21  277 00 -99 99.99  2
3  1877 10 15 00 28 16  999 99   0 42.86  2
3  1877 10 15 00 34 18  095 00 -99 99.99  2
3  1877 10 15 00 34 43  999 99   0 42.62  2
3  1877 11 03 01 42 16  999 99   0 44.92  2
3  1877 11 03 01 51 08  095 59 -99 99.99  2
3  1877 11 03 02 05 14  999 99   0 45.89  2
3  1877 11 03 02 38 35  999 99   0 45.14  2
3  1877 11 03 02 44 22  096 27 -99 99.99  2
3  1877 11 03 02 56 57  999 99   0 42.40  2
3  1879 10 10 22 34 21  999 99   0 38.42  4
3  1879 10 10 22 35 41  284 00 -99 99.99  4
3  1879 10 10 22 46 09  999 99   0 39.94  4
3  1879 10 15 22 09 44  999 99   0 32.57  4
3  1879 10 15 22 32 04  077 48 -99 99.99  4
3  1879 10 15 23 04 59  999 99   0 27.32  4
3  1879 10 20 23 08 40  999 99   0 24.19  4
3  1879 10 20 23 12 12  075 44 -99 99.99  4
3  1879 10 20 23 23 17  999 99   0 19.28  4
3  1882 09 08 23 11 08  999 99   0 42.80  5
3  1882 09 08 23 11 31  278 51 -99 99.99  5
3  1882 09 08 23 18 25  999 99   0 43.21  5
3  1882 09 20 23 27 51  153 43 -99 99.99  5  
3  1882 09 20 23 28 54  999 99   0 19.87  5
3  1882 09 20 23 42 23  999 99   0 21.69  5
3  1883 01 26 03 17 43  999 99   0 46.30  6
3  1883 01 26 03 20 08  268 40 -99 99.99  6
3  1883 01 26 03 28 56  999 99   0 47.58  6
3  1883 01 26 06 56 01  999 99   0 41.90  6
3  1883 01 26 06 59 18  259 02 -99 99.99  6
3  1883 01 26 07 15 51  999 99   0 41.76  6
3  1883 01 27 06 51 48  999 99   0 36.65  6
3  1883 01 27 06 58 13  071 39 -99 99.99  6
3  1883 01 27 07 21 16  999 99   0 35.91  6
3  1883 02 09 06 31 24  094 09 -99 99.99  6
3  1883 02 09 06 34 29  999 99   0 44.53  6
3  1883 02 09 06 39 14  999 99   0 44.21  6
3  1884 03 05 08 38 21  264 13 -99 99.99  7
3  1884 03 05 08 40 39  999 99   0 42.29  7
3  1884 03 05 08 44 41  260 05 -99 99.99  7
3  1884 03 05 08 47 09  999 99   0 43.58  7
4  1875 09 14 21 06 53  999 99   0 24.98  1
4  1875 09 14 21 13 53  120 30 -99 99.99  1
4  1875 09 14 22 21 58  129 11 -99 99.99  1
4  1875 09 14 22 30 58  999 99   0 23.02  1
4  1875 09 17 21 10 07  999 99   0 14.98  1
4  1875 09 17 21 18 57  167 24 -99 99.99  1
4  1875 09 18 21 40 05  999 99   0 38.83  1
4  1875 09 18 21 50 55  292 58 -99 99.99  1
4  1875 09 20 20 28 30  259 07 -99 99.99  1
4  1875 09 20 20 34 40  999 99   0 54.78  1
4  1875 09 29 21 58 58  999 99   0 35.84  1
4  1875 09 29 22 02 46  294 15 -99 99.99  1
4  1875 09 29 22 05 25  999 99   0 33.63  1
4  1875 09 30 21 14 18  999 99   0 56.19  1
4  1875 09 30 21 33 48  999 99   0 56.05  1
4  1875 09 30 21 35 18  097 13 -99 99.99  1
4  1875 10 05 21 43 00  999 99   0 30.61  1
4  1875 10 05 22 10 30  078 28 -99 99.99  1
4  1875 10 05 22 27 45  999 99   0 33.30  1
4  1875 10 06 20 39 29  999 99   0 26.90  1
4  1875 10 06 21 10 29  120 57 -99 99.99  1
4  1875 10 06 21 35 57  999 99   0 23.67  1
4  1875 10 11 21 06 12  999 99   0 54.12  1
4  1875 10 11 21 10 22  098 24 -99 99.99  1
4  1875 10 11 22 22 50  999 99   0 57.32  1
4  1875 10 12 21 34 26  999 99   0 42.54  1
4  1875 10 12 21 50 56  265 29 -99 99.99  1
4  1875 10 12 22 12 01  999 99   0 45.43  1
4  1875 10 16 21 14 08  999 99   0 32.44  1
4  1875 10 16 21 25 08  077 56 -99 99.99  1
4  1875 10 16 21 26 58  999 99   0 33.16  1
4  1875 10 21 21 50 40  999 99   0 32.62  1
4  1875 10 21 21 53 55  299 55 -99 99.99  1
4  1875 10 25 21 12 20  999 99   0 43.28  1
4  1875 10 25 21 20 53  093 49 -99 99.99  1
4  1875 10 25 21 21 25  999 99   0 44.28  1
4  1877 10 03 21 58 06  999 99   0 39.64  2
4  1877 10 03 21 58 51  096 05 -99 99.99  2
4  1877 10 03 22 03 24  999 99   0 39.26  2
4  1877 10 15 00 09 38  999 99   0 56.55  2
4  1877 10 15 00 20 08  276 22 -99 99.99  2
4  1877 10 15 00 20 11  999 99   0 57.22  2
4  1877 11 03 01 26 39  999 99   0 56.60  2
4  1877 11 03 01 52 34  275 04 -99 99.99  2
4  1877 11 03 02 20 08  999 99   0 57.07  2
4  1877 11 03 02 25 46  999 99   0 56.60  2
4  1877 11 03 02 47 33  276 01 -99 99.99  2
4  1877 11 03 03 14 12  999 99   1 00.25  2
4  1879 10 06 22 36 22  999 99   0 50.64  4
4  1879 10 06 22 37 00  099 11 -99 99.99  4
4  1879 10 06 22 45 52  999 99   0 50.01  4
4  1879 10 10 22 59 09  999 99   0 36.34  4
4  1879 10 10 22 59 41  099 22 -99 99.99  4
4  1879 10 10 23 08 06  999 99   0 36.98  4
4  1879 10 15 23 12 11  999 99   0 47.38  4
4  1879 10 15 23 12 46  270 18 -99 99.99  4
4  1879 10 15 23 17 31  999 99   0 45.95  4
4  1879 10 20 23 37 13  091 00 -99 99.99  4
4  1879 10 20 23 39 40  999 99   1 00.65  4
4  1879 10 20 23 53 29  999 99   1 02.64  4
4  1882 09 08 23 32 59  999 99   0 58.26  5
4  1882 09 08 23 33 44  081 51 -99 99.99  5
4  1882 09 08 23 45 28  999 99   0 57.95  5
4  1882 09 20 00 40 22  280 37 -99 99.99  5
4  1882 09 20 00 47 16  999 99   0 56.15  5
4  1882 09 20 01 00 02  999 99   0 57.49  5
4  1883 01 16 05 07 50  999 99   1 01.82  6
4  1883 01 16 05 08 54  266 18 -99 99.99  6
4  1883 01 16 05 20 14  999 99   1 01.77  6
4  1883 01 26 03 36 21  999 99   0 44.10  6
4  1883 01 26 03 39 49  066 41 -99 99.99  6
4  1883 01 26 03 50 36  999 99   0 43.36  6
4  1883 01 26 05 46 16  999 99   0 37.67  6
4  1883 01 26 05 48 36  055 48 -99 99.99  6
4  1883 01 26 06 03 03  999 99   0 38.13  6
4  1883 01 27 04 50 56  268 15 -99 99.99  6
4  1883 01 27 04 52 20  999 99   0 58.40  6
4  1883 01 27 05 09 25  999 99   0 56.74  6
4  1883 02 09 06 46 39  999 99   0 23.28  6
4  1883 02 09 06 46 49  332 31 -99 99.99  6
4  1883 02 09 06 51 24  999 99   0 23.85  6
4  1885 12 10 03 40 39  287 51 -99 99.99  8
4  1885 12 10 03 51 00  999 99   1 05.26  8
4  1885 12 10 04 02 59  286 05 -99 99.99  8
4  1885 12 10 04 12 00  999 99   1 05.59  8
5  1875 09 14 20 10 03  999 99   0 46.29  1
5  1875 09 14 20 20 28  076 18 -99 99.99  1
5  1875 09 14 22 36 58  079 34 -99 99.99  1
5  1875 09 14 22 46 58  999 99   0 55.22  1
5  1875 09 15 21 21 17  999 99   1 14.01  1
5  1875 09 15 21 25 35  102 40 -99 99.99  1
5  1875 09 15 22 13 04  999 99   1 11.68  1
5  1875 09 15 22 19 39  101 49 -99 99.99  1
5  1875 09 17 19 40 22  999 99   1 21.71  1
5  1875 09 17 19 45 31  275 24 -99 99.99  1
5  1875 09 17 21 45 18  999 99   1 23.06  1
5  1875 09 17 21 50 02  278 49 -99 99.99  1
5  1875 09 18 21 03 40  999 99   0 21.45  1
5  1875 09 18 21 16 25  340 48 -99 99.99  1
5  1875 09 20 20 43 55  119 53 -99 99.99  1
5  1875 09 20 20 49 00  999 99   0 42.15  1
5  1875 09 27 20 49 05  326 30 -99 99.99  1
5  1875 09 28 21 55 12  999 99   1 16.02  1
5  1875 09 28 21 58 39  090 38 -99 99.99  1
5  1875 09 29 20 16 28  999 99   0 48.21  1
5  1875 09 29 20 30 46  116 05 -99 99.99  1
5  1875 09 29 20 39 10  999 99   0 49.53  1
5  1875 09 30 21 49 53  999 99   1 02.34  1
5  1875 09 30 21 55 18  263.56 -99 99.99  1
5  1875 10 02 20 18 07  999 99   0 36.04  1
5  1875 10 02 20 32 47  070 18 -99 99.99  1
5  1875 10 02 21 39 47  999 99   0 41.78  1
5  1875 10 05 21 28 50  999 99   1 17.97  1
5  1875 10 05 21 52 30  274 21 -99 99.99  1
5  1875 10 05 22 08 55  999 99   1 19.48  1
5  1875 10 06 20 06 17  999 99   0 22.16  1
5  1875 10 06 20 32 44  313 32 -99 99.99  1
5  1875 10 06 20 51 04  999 99   0 29.00  1
5  1875 10 11 21 12 12  999 99   0 34.32  1
5  1875 10 11 21 49 32  069 24 -99 99.99  1
5  1875 10 11 22 30 07  999 99   0 39.09  1
5  1875 10 12 21 12 31  999 99   1 16.49  1
5  1875 10 12 21 48 51  099 45 -99 99.99  1
5  1875 10 12 22 28 41  999 99   1 15.75  1
5  1875 10 16 20 23 38  999 99   1 05.51  1
5  1875 10 16 20 31 31  086 45 -99 99.99  1
5  1875 10 16 20 37 08  999 99   1 07.35  1
5  1875 10 21 21 31 25  999 99   1 17.25  1
5  1875 10 21 21 33 35  097 56 -99 99.99  1
5  1875 10 25 20 44 35  999 99   1 03.07  1
5  1875 10 25 20 50 45  085 32 -99 99.99  1
5  1875 10 25 20 51 05  999 99   1 03.08  1
5  1875 11 04 21 35 54  999 99   0 57.07  1
5  1875 11 04 21 40 34  107 54 -99 99.99  1
5  1875 11 04 21 41 04  999 99   0 57.58  1
5  1875 11 08 21 47 26  999 99   2 13.59  1
5  1875 11 08 21 56 44  095 00 -99 99.99  1
5  1875 11 08 21 56 49  999 99   1 55.24  1
5  1875 11 15 21 37 10  999 99   1 10.75  1
5  1875 11 15 21 46 55  285 04 -99 99.99  1
5  1875 11 15 21 59 43  999 99   1 11.07  1
5  1877 10 03 22 10 51  999 99   0 29.50  2
5  1877 10 03 22 13 36  084 31 -99 99.99  2
5  1877 10 03 22 17 26  999 99   0 28.67  2
5  1877 10 15 00 42 28  999 99   1 21.79  2
5  1877 10 15 00 51 18  273 34 -99 99.99  2
5  1877 10 15 00 51 21  999 99   1 21.86  2
5  1877 11 03 01 34 37  999 99   0 33.69  2
5  1877 11 03 01 50 06  284 27 -99 99.99  2
5  1877 11 03 02 11 53  999 99   0 31.11  2
5  1877 11 03 02 31 09  999 99   0 28.26  2
5  1877 11 03 02 45 11  285 54 -99 99.99  2
5  1877 11 03 03 04 49  999 99   0 26.55  2
5  1877 11 05 01 33 00  999 99   0 58.17  2
5  1877 11 05 01 33 10  099 32 -99 99.99  2
5  1877 11 05 01 42 43  099 27 -99 99.99  2
5  1879 10 10 23 21 06  999 99   1 06.40  4
5  1879 10 10 23 21 54  099 17 -99 99.99  4
5  1879 10 10 23 34 11  999 99   1 06.56  4
5  1879 10 15 23 24 54  999 99   1 26.22  4
5  1879 10 15 23 26 29  093 03 -99 99.99  4
5  1879 10 15 23 31 54  999 99   1 26.55  4
5  1879 10 20 00 05 11  999 99   1 09.15  4
5  1879 10 20 00 05 46  087 32 -99 99.99  4
5  1879 10 20 00 13 45  999 99   1 07.96  4
5  1882 09 08 00 09 07  999 99   0 47.79  5
5  1882 09 08 00 09 29  307 30 -99 99.99  5
5  1882 09 08 00 47 34  999 99   0 49.20  5
5  1882 09 20 02 02 33  089 34 -99 99.99  5
5  1882 09 20 02 03 15  999 99   1 23.72  5
5  1882 09 20 02 14 14  999 99   1 23.59  5
5  1882 12 19 04 38 07  999 99   0 42.74  5
5  1882 12 19 04 42 07  157 02 -99 99.99  5
5  1882 12 19 04 54 22  999 99   0 45.43  5
5  1883 01 16 03 43 00  078 15 -99 99.99  6
5  1883 01 16 03 43 27  999 99   1 11.98  6
5  1883 01 16 03 50 10  999 99   1 15.11  6
5  1883 01 16 03 58 32  999 99   1 13.92  6
5  1883 01 16 04 00 09  076 51 -99 99.99  6
5  1883 01 16 04 07 11  999 99   1 15.22  6
5  1883 01 26 04 16 41  999 99   0 35.09  6
5  1883 01 26 04 18 21  328 28 -99 99.99  6
5  1883 01 26 04 23 56  999 99   0 35.86  6
5  1883 01 26 06 27 21  999 99   0 41.03  6
5  1883 01 26 06 29 48  316 01 -99 99.99  6
5  1883 01 26 06 42 18  999 99   0 40.74  6
5  1883 01 27 05 25 20  999 99   1 19.99  6
5  1883 01 27 05 27 58  267 57 -99 99.99  6
5  1883 01 27 06 01 41  999 99   1 20.20  6
5  1883 02 05 04 53 14  999 99   1 19.34  6
5  1883 02 05 04 55 35  266 42 -99 99.99  6
5  1883 02 05 05 03 29  999 99   1 17.02  6
5  1883 02 05 05 10 49  265 12 -99 99.99  6
5  1883 02 05 05 13 03  999 99   1 24.73  6
5  1883 02 09 06 11 37  999 99   1 05.04  6
5  1883 02 09 06 13 24  284 53 -99 99.99  6
5  1883 02 09 06 17 34  999 99   1 05.69  6
5  1883 09 06 01 04 27  240 10 -99 99.99  6
5  1883 09 06 01 25 47  999 99   0 55.83  6
5  1884 02 17 06 26 17  100 56 -99 99.99  7
5  1884 02 17 06 27 17  999 99   1 32.26  7
5  1884 02 17 06 39 52  099 13 -99 99.99  7
5  1884 02 17 06 41 56  999 99   1 30.18  7
5  1884 02 17 06 49 27  099 13 -99 99.99  7
5  1884 02 17 06 51 54  999 99   1 33.28  7
5  1884 03 05 08 18 32  225 22 -99 99.99  7
5  1884 03 05 08 21 02  999 99   0 42.04  7
5  1884 03 05 08 25 32  220 50 -99 99.99  7
5  1884 03 05 08 28 15  999 99   0 45.04  7
5  1885 12 10 03 07 14  327 15 -99 99.99  8
5  1885 12 10 03 14 00  999 99   1 19.34  8
5  1885 12 10 03 20 59  326 18 -99 99.99  8
5  1885 12 10 03 30 00  999 99   1 21.22  8
6  1875 09 14 19 39 43  999 99   2 38.88  1
6  1875 09 14 19 46 18  105 54 -99 99.99  1
6  1875 09 14 19 53 13  999 99   2 37.21  1
6  1875 09 14 19 58 33  105 49 -99 99.99  1
6  1875 09 15 21 31 23  999 99   1 45.41  1
6  1875 09 15 21 37 30  119 17 -99 99.99  1
6  1875 09 15 22 26 15  999 99   1 45.26  1
6  1875 09 15 22 30 44  118 23 -99 99.99  1
6  1875 09 17 19 53 17  999 99   0 56.21  1
6  1875 09 17 19 56 07  224 44 -99 99.99  1
6  1875 09 17 21 56 52  999 99   0 59.95  1
6  1875 09 17 21 59 50  230 32 -99 99.99  1
6  1875 09 18 21 24 10  999 99   1 53.18  1
6  1875 09 18 21 31 10  257 30 -99 99.99  1
6  1875 09 20 20 55 18  273 58 -99 99.99  1
6  1875 09 20 21 00 05  999 99   2 59.37  1
6  1875 09 27 21 15 50  089 38 -99 99.99  1
6  1875 09 28 22 02 12  999 99   3 08.42  1
6  1875 09 29 20 24 57  999 99   3 03.95  1
6  1875 09 29 20 36 05  100 18 -99 99.99  1
6  1875 09 29 20 47 49  999 99   3 03.13  1
6  1875 09 30 20 33 58  999 99   2 33.51  1
6  1875 09 30 20 46 23  106 35 -99 99.99  1
6  1875 09 30 20 48 26  999 99   2 32.68  1
6  1875 10 02 20 33 02  999 99   0 55.59  1
6  1875 10 02 21 14 10  152 47 -99 99.99  1
6  1875 10 02 21 49 52  999 99   0 52.20  1
6  1875 10 05 21 35 00  999 99   2 34.75  1
6  1875 10 05 21 59 48  269 24 -99 99.99  1
6  1875 10 05 22 15 15  999 99   2 38.83  1
6  1875 10 06 20 15 24  999 99   2 55.93  1
6  1875 10 06 20 41 04  275.22 -99 99.99  1
6  1875 10 06 20 59 42  999 99   2 56.25  1
6  1875 10 11 21 27 33  999 99   1 12.73  1
6  1875 10 11 22 00 15  068 33 -99 99.99  1
6  1875 10 11 22 35 20  999 99   1 16.23  1
6  1875 10 12 21 05 01  999 99   2 04.86  1
6  1875 10 12 21 51 46  081 22 -99 99.99  1
6  1875 10 12 22 41 56  999 99   2 08.75  1
6  1875 10 16 21 42 38  999 99   2 27.02  1
6  1875 10 16 21 49 08  108 00 -99 99.99  1
6  1875 10 16 21 49 11  999 99   2 28.28  1
6  1875 10 21 21 36 45  999 99   2 32.12  1
6  1875 10 21 21 38 50  268 32 -99 99.99  1
6  1875 10 25 20 57 35  999 99   1 28.33  1
6  1875 10 25 21 03 45  302 11 -99 99.99  1
6  1875 10 25 21 03 58  999 99   1 28.03  1
6  1875 11 04 21 22 09  999 99   0 58.70  1
6  1875 11 04 21 30 24  999 99   0 58.95  1
6  1875 11 04 21 30 54  229 41 -99 99.99  1
6  1875 11 08 21 42 11  999 99   2 41.42  1
6  1875 11 08 21 57 41  280 53 -99 99.99  1
6  1875 11 08 22 06 06  999 99   2 42.40  1
6  1875 11 15 21 28 30  999 99   2 55.83  1
6  1875 11 15 21 38 05  095 46 -99 99.99  1
6  1875 11 15 21 51 33  999 99   2 33.01  1
6  1877 11 03 01 48 13  999 99   3 07.60  2
6  1877 11 03 01 48 33  095 28 -99 99.99  2
6  1877 11 03 01 56 42  999 99   3 08.02  2
6  1877 11 03 02 45 50  999 99   3 07.38  2
6  1877 11 03 03 00 24  095 48 -99 99.99  2
6  1877 11 03 03 20 45  999 99   3 06.76  2
6  1878 11 18 23 36 23  097 13 -99 99.99  3
6  1878 11 18 23 39 31  999 99   1 28.22  3
6  1878 11 18 23 43 28  999 99   1 28.70  3
6  1878 11 18 23 47 03  097 24 -99 99.99  3
6  1878 11 18 23 53 38  096 44 -99 99.99  3
6  1878 11 18 23 57 03  999 99   1 29.86  3
6  1878 11 19 00 01 33  999 99   1 29.03  3
6  1878 11 19 00 05 43  097 03 -99 99.99  3
6  1879 10 10 23 40 36  999 99   0 44.85  4
6  1879 10 10 23 41 56  053 28 -99 99.99  4
6  1879 10 10 23 48 36  999 99   0 44.50  4
6  1879 10 15 23 38 51  999 99   3 04.72  4
6  1879 10 15 23 39 29  270 06 -99 99.99  4
6  1879 10 15 23 44 56  999 99   3 04.81  4
6  1879 10 20 00 26 44  999 99   2 16.76  4
6  1879 10 20 00 26 55  101 22 -99 99.99  4
6  1879 10 20 00 37 03  999 99   2 17.85  4
6  1882 09 08 01 05 17  999 99   2 10.86  5
6  1882 09 08 01 05 22  116 31 -99 99.99  5
6  1882 09 08 01 16 59  999 99   2 11.80  5
6  1882 09 20 23 55 34  999 99   2 42.77  5
6  1882 09 20 23 56 32  251 11 -99 99.99  5
6  1882 09 21 00 04 40  999 99   2 42.46  5
6  1882 12 19 02 44 57  006 09 -99 99.99  5
6  1882 12 19 02 45 37  999 99   1 13.78  5
6  1882 12 19 02 53 50  999 99   1 13.74  5
6  1882 12 21 01 32 03  999 99   2 24.04  5
6  1882 12 21 01 42 55  290 40 -99 99.99  5
6  1882 12 21 01 47 20  999 99   2 23.75  5
6  1883 01 16 02 59 20  088 04 -99 99.99  6
6  1883 01 16 02 59 37  999 99   3 16.02  6
6  1883 01 16 03 06 05  999 99   3 17.43  6
6  1883 01 16 03 16 43  999 99   3 17.33  6
6  1883 01 16 03 18 04  087 36 -99 99.99  6
6  1883 01 16 03 24 56  999 99   3 17.59  6
6  1883 01 16 05 29 15  999 99   3 16.18  6
6  1883 01 16 05 29 49  086 43 -99 99.99  6
6  1883 01 16 05 34 37  999 99   3 17.68  6
6  1883 01 16 05 42 30  999 99   3 15.82  6
6  1883 01 16 05 42 36  086 43 -99 99.99  6
6  1883 01 16 05 49 04  999 99   3 15.44  6
6  1883 01 26 04 29 18  999 99   2 12.43  6
6  1883 01 26 04 30 43  243 51 -99 99.99  6
6  1883 01 26 04 37 08  999 99   2 12.81  6
6  1883 01 26 05 20 58  243 41 -99 99.99  6
6  1883 01 26 05 21 08  999 99   2 10.77  6
6  1883 01 26 05 34 43  999 99   2 09.88  6
6  1883 01 27 06 17 50  999 99   1 25.36  6
6  1883 01 27 06 19 44  214 35 -99 99.99  6
6  1883 01 27 06 31 08  999 99   1 23.72  6
6  1883 02 05 04 14 44  999 99   1 07.74  6
6  1883 02 05 04 15 34  348 27 -99 99.99  6
6  1883 02 05 04 26 29  999 99   1 06.67  6
6  1883 02 05 05 24 42  999 99   1 06.45  6
6  1883 02 05 05 26 04  347 32 -99 99.99  6
6  1883 02 05 05 33 54  999 99   1 06.90  6
6  1883 02 09 06 01 17  999 99   3 01.09  6
6  1883 02 09 06 02 14  266 22 -99 99.99  6
6  1883 02 09 06 07 14  999 99   3 00.90  6
6  1883 09 06 23 32 56  999 99   2 53.28  6
6  1883 09 06 23 35 40  253 39 -99 99.99  6
6  1883 09 06 23 46 59  999 99   2 47.63  6
6  1884 03 05 07 56 04  099 17 -99 99.99  7
6  1884 03 05 07 58 54  999 99   2 49.78  7
6  1884 03 05 08 02 03  099 44 -99 99.99  7
6  1884 03 05 08 04 11  999 99   2 48.59  7
6  1885 12 10 04 23 47  012 07 -99 99.99  8
6  1885 12 10 04 31 00  999 99   1 57.23  8
6  1885 12 10 04 39 29  013 44 -99 99.99  8
6  1885 12 10 04 49 00  999 99   1 56.56  8
8  1875 09 14 20 45 43  999 99   3 11.50  1
8  1875 09 14 20 54 28  094 49 -99 99.99  1
8  1875 09 17 20 37 41  999 99   1 08.19  1
8  1875 09 17 20 49 47  106 42 -99 99.99  1
8  1875 09 17 22 31 41  999 99   1 04.18  1
8  1875 09 17 22 37 26  109 13 -99 99.99  1
8  1875 09 20 20 17 10  999 99   1 05.25  1
8  1875 09 20 20 24 48  252 41 -99 99.99  1
8  1875 09 29 20 58 03  999 99   6 31.98  1
8  1875 09 29 21 03 18  268 07 -99 99.99  1
8  1875 09 29 21 15 56  999 99   6 34.70  1
8  1875 10 02 21 30 17  269 22 -99 99.99  1
8  1875 10 02 22 01 12  999 99   7 51.73  1
8  1875 10 05 21 52 15  999 99   8 36.44  1
8  1875 10 05 22 20 38  269 41 -99 99.99  1
8  1875 10 05 22 41 45  999 99   8 37.34  1
8  1875 10 06 20 22 39  999 99   8 45.43  1
8  1875 10 06 21 14 19  999 99   8 46.94  1
8  1875 10 06 21 20 14  270 20 -99 99.99  1
8  1875 10 11 21 42 45  999 99   8 55.14  1
8  1875 10 11 21 48 15  270 50 -99 99.99  1
8  1875 10 11 22 00 27  999 99   8 50.14  1
8  1875 10 12 21 49 21  999 99   8 39.13  1
8  1875 10 12 21 49 56  270 41 -99 99.99  1
8  1875 10 12 22 00 56  999 99   8 40.41  1
8  1875 10 16 20 49 03  999 99   7 32.46  1
8  1875 10 16 20 58 23  271 53 -99 99.99  1
8  1875 10 16 20 58 43  999 99   7 34.02  1
8  1875 10 21 21 42 33  999 99   5 06.68  1
8  1875 10 21 21 44 35  273 45 -99 99.99  1
8  1875 10 25 21 37 00  999 99   2 38.90  1
8  1875 10 25 21 53 40  999 99   2 38.54  1
8  1875 10 25 21 54 50  277 26 -99 99.99  1
8  1875 11 04 21 47 12  999 99   3 59.48  1
8  1875 11 04 21 59 14  999 99   4 02.85  1
8  1875 11 04 22 00 14  086 23 -99 99.99  1
8  1875 11 08 22 18 56  999 99   5 29.83  1
8  1875 11 08 22 25 51  999 99   5 30.02  1
8  1875 11 08 22 26 21  085 38 -99 99.99  1
8  1882 09 08 02 14 50  999 99   8 25.37  5
8  1882 09 08 02 17 42  066 19 -99 99.99  5
8  1882 09 08 02 24 24  999 99   8 26.00  5
8  1883 01 26 04 03 33  999 99   5 52.38  6
8  1883 01 26 04 05 03  110 50 -99 99.99  6
8  1883 01 26 04 10 56  999 99   5 54.28  6
8  1883 02 09 07 04 44  999 99   8 55.51  6
8  1883 02 09 07 09 37  070 42 -99 99.99  6
8  1883 02 09 07 19 09  999 99   8 57.73  6