1976 02 20.831811  1   5  +027.94   +06.78   +0.00  -0.30  -0.23 -0.16
1976 03 07.767956  1   5  +028.68   +00.45   -0.42  -0.32  -0.38 -0.14
1977 03 03.866448  1   0  +024.50   +07.03   +0.49  -0.49   0.11 -0.39
1977 03 09.859694  1   0  -029.77   -00.64   +0.39  -0.26   0.30 -0.45
1980 03 20.817263  1   0  +028.67   +01.29   -0.14  -0.20   0.02 -0.19
1980 04 13.869996  1   0  -029.91   -02.00   +0.31  -0.05   0.29 -0.12
1982 04 02.942280  1   0  -027.23   -02.97   +0.48  -0.04   0.09  0.08
1976 02 12.880990  2   5  -021.82   -15.19   -0.25  -0.10  -0.09 -0.11
1976 02 20.831811  2   5  -038.85   -00.98   -0.12  -0.15  -0.08 -0.19
1976 02 21.813977  2   5  +016.62   +15.22   +0.27  -0.23   0.14 -0.21
1976 02 21.841619  2   5  +011.51   +15.52   -0.15  -0.11  -0.28 -0.11
1976 02 22.832692  2   5  +034.64   -03.64   -0.24  -0.40  -0.21 -0.34
1976 02 23.842100  2   5  -021.32   -15.51   -0.26  -0.43  -0.11 -0.44
1976 03 03.797906  2   5  +012.26   +15.38   +0.09  -0.13  -0.04 -0.11
1976 03 04.776225  2   5  +032.87   -04.86   -0.04  -0.44   0.01 -0.38
1976 03 04.811529  2   5  +035.63   -02.21   -0.15  -0.26  -0.13 -0.20
1976 03 07.767956  2   5  +031.68   +11.52   -0.05  -0.31  -0.17 -0.27
1976 03 20.755661  2   5  -033.66   -10.64   +0.25  -0.33   0.36 -0.36
1977 03 03.866448  2   0  -033.26   -10.05   +0.00  -0.03   0.15 -0.06
1977 03 09.859694  2   0  +038.27   +00.64   +0.17  -0.61   0.15 -0.50
1977 03 22.780179  2   0  -029.57   +04.37   +0.32  +0.12   0.21  0.02
1978 01 21.014466  2   0  -026.89   +02.19   +0.59  -0.15   0.52 -0.21
1978 01 21.913844  2   0  +038.50   +05.43   +0.05  -0.08  -0.03 -0.05
1978 01 31.989479  2   0  -029.48   +01.68   +0.27  -0.22   0.22 -0.28
1978 02 03.983621  2   0  -035.54   -07.05   -0.22  +0.03  -0.11 -0.00
1978 02 03.997955  2   0  -034.16   -07.48   -0.07  -0.08   0.05 -0.11
1978 02 23.802622  2   0  +038.38   +05.85   +0.13  -0.37   0.04 -0.34
1978 03 21.852957  2   0  +036.51   +06.86   +0.25  -0.11   0.17 -0.09
1978 03 23.891068  2   0  -037.21   -06.02   -0.09  +0.28  -0.01  0.24
1978 12 25.144351  2   0  +028.69   +04.18   -0.15  -0.12  -0.19 -0.08
1978 12 25.169704  2   0  +025.81   +04.32   -0.25  +0.03  -0.29  0.08
1979 02 22.017030  2   0  +033.78   +04.56   -0.43  -0.54  -0.48 -0.51
1979 02 27.937170  2   0  -030.91   -00.99   +1.08  -0.27   1.13 -0.28
1979 03 19.883994  2   0  +037.65   +02.66   +0.04  +0.06   0.01  0.12
1979 03 23.851095  2   0  +023.75   -00.90   -0.25  +0.33  -0.23  0.35
1979 04 08.878191  2   0  -035.83   -05.20   +0.13  -0.03   0.21 -0.04
1979 04 17.769176  2   0  +036.00   +04.93   +0.01  +0.00  -0.04  0.06
1980 01 30.994521  2   0  -021.08   -02.61   +0.22  -0.20   0.12 -0.26
1980 02 17.992760  2   0  -038.52   -03.57   -0.44  -0.53  -0.41 -0.55
1980 03 14.885726  2   0  -029.03   -02.54   +0.19  -0.20   0.17 -0.25
1980 03 16.864020  2   0  +018.46   +00.97   -0.39  -0.47  -0.27 -0.43
1980 03 23.931459  2   0  +038.50   +02.65   -0.12  -0.45  -0.17 -0.47
1980 03 24.822007  2   0  -024.59   -02.21   -0.19  +0.03  -0.04  0.04
1980 03 25.811242  2   0  -024.83   -01.64   +0.16  +0.17   0.04  0.12
1980 04 07.880862  2   0  +031.59   +02.08   +0.20  -0.16   0.26 -0.13
1980 04 12.803630  2   0  -037.94   -03.36   +0.05  -0.18   0.09 -0.22
1980 04 25.808943  2   0  +037.33   +02.94   -0.17  -0.17  -0.22 -0.13
1980 05 06.929421  2   0  +029.48   +02.73   +0.12  -0.37  -0.06 -0.37
1981 02 28.069320  2   0  +032.90   +04.64   +0.05  +0.52   0.13  0.53
1981 03 07.015335  2   0  +037.84   +02.48   -0.15  -0.19  -0.19 -0.14
1981 04 04.949427  2   0  +029.65   -00.71   -0.02  -0.36  -0.24 -0.35
1981 04 06.955631  2   0  -034.33   -01.26   -0.24  -0.60  -0.07 -0.61
1981 04 06.970396  2   0  -032.86   -00.64   +0.00  -0.27   0.19 -0.28
1981 04 17.895462  2   0  -035.30   -00.94   -0.04  +0.22   0.11  0.20
1981 04 24.815121  2   0  -029.09   +00.23   -0.15  +0.19   0.07  0.18
1981 04 26.875097  2   0  +028.66   -00.26   -0.23  -0.13   0.00 -0.12
1982 03 22.968464  2   0  +036.94   +02.50   -0.19  +0.03  -0.20  0.02
1982 04 02.942280  2   0  +037.39   +01.77   -0.16  -0.25  -0.19 -0.25
1982 05 07.870478  2   0  -037.55   -02.54   -0.24  -0.25  -0.19 -0.28
1976 02 12.880990  3   5  +005.66   +18.74   +0.08  -0.13  -0.04 -0.09
1976 02 19.847280  3   5  +043.52   -05.01   -0.01  -0.42  -0.02 -0.35
1976 02 20.831811  3   5  -046.20   +01.97   +0.02  -0.12  -0.01 -0.15
1976 02 21.813977  3   5  +047.74   +00.06   -0.14  -0.32  -0.16 -0.24
1976 02 21.841619  3   5  +048.49   +01.83   -0.16  -0.29  -0.19 -0.21
1976 02 22.832692  3   5  -049.10   -05.30   -0.08  -0.29  -0.11 -0.33
1976 02 23.842100  3   5  +047.28   +08.47   -0.11  -0.43  -0.17 -0.34
1976 03 03.797906  3   5  +010.42   -17.24   -0.03  -0.27  -0.05 -0.27
1976 03 04.776225  3   5  -015.62   +15.61   +0.27  -0.31   0.17 -0.30
1976 03 04.811529  3   5  -021.01   +14.44   +0.12  -0.18   0.03 -0.18
1976 03 07.767956  3   5  +036.54   -08.79   -0.12  -0.28  -0.13 -0.24
1976 03 16.757268  3   5  -027.61   -17.42   +0.24  -0.25   0.20 -0.28
1976 03 20.755661  3   5  +005.45   -17.94   +0.11  -0.52   0.08 -0.52
1977 03 03.866448  3   0  +034.72   +14.54   +0.24  -0.22   0.13 -0.20
1977 03 22.780179  3   0  +029.08   +15.47   +0.14  -0.05   0.03 -0.03
1977 03 30.779095  3   0  -034.59   +06.73   +0.36  -0.27   0.26 -0.22
1977 03 31.767148  3   0  +038.97   -04.82   +0.00  -0.14  -0.05 -0.14
1977 12 28.109396  3   0  -040.36   -09.22   +0.14  +0.07   0.15  0.02
1978 01 21.913844  3   0  -006.86   -10.31   -0.07  -0.07  -0.07 -0.11
1978 01 31.989479  3   0  +044.40   +09.34   -0.11  -0.09  -0.14 -0.06
1978 02 02.961236  3   0  +037.38   +10.77   +0.15  -0.17   0.11 -0.14
1978 02 03.983621  3   0  -027.88   -11.44   -0.09  +0.14  -0.06  0.09
1978 02 03.997955  3   0  -025.80   -11.76   +0.05  -0.15   0.07 -0.20
1978 02 04.938535  3   0  +026.21   +11.61   +0.00  -0.01  -0.07  0.02
1978 02 22.904721  3   0  -020.74   -11.87   -0.07  +0.23  -0.04  0.18
1978 02 23.802622  3   0  +027.31   +11.70   +0.20  -0.41   0.15 -0.38
1978 03 21.852957  3   0  +046.44   +02.82   -0.01  -0.19  -0.03 -0.19
1978 03 23.891068  3   0  +046.27   +08.28   -0.07  -0.18  -0.09 -0.16
1978 03 26.827898  3   0  -039.08   -11.23   +0.17  -0.10   0.20 -0.17
1978 04 02.839295  3   0  -017.39   +07.80   +0.23  -0.20   0.15 -0.20
1978 04 11.812487  3   0  +042.75   +09.43   -0.06  -0.17  -0.08 -0.15
1978 12 28.136884  3   0  +037.88   +02.17   -0.12  -0.34  -0.10 -0.31
1979 01 19.085200  3   0  -045.70   -05.50   +0.13  +9.99   0.18 -0.16
1979 02 06.017148  3   0  +046.76   +05.33   +0.07  -0.32   0.09 -0.25
1979 02 22.017030  3   0  -048.22   -05.48   -0.05  -0.06  -0.01 -0.12
1979 02 27.937170  3   0  -027.80   -06.37   -0.34  -0.09  -0.22 -0.14
1979 03 23.851095  3   0  -022.04   +02.22   +0.04  +0.26   0.05  0.25
1979 03 26.813618  3   0  +038.01   +01.02   -0.05  +0.00   0.00  0.04
1979 03 27.831955  3   0  -043.98   -02.39   +0.02  +0.30   0.03  0.25
1979 03 29.797834  3   0  -047.20   -04.27   +0.09  +0.00   0.13 -0.07
1979 03 29.809921  3   0  -047.56   -04.36   -0.03  +0.14   0.00  0.06
1979 03 29.836943  3   0  -047.72   -04.83   +0.06  +0.15   0.10  0.06
1979 03 29.852419  3   0  -047.68   -05.11   +0.06  +0.10   0.11  0.03
1979 03 29.882093  3   0  -047.22   -05.65   +0.11  +0.01   0.16 -0.07
1979 03 29.894429  3   0  -046.97   -05.92   +0.05  -0.09   0.11 -0.17
1979 03 29.908868  3   0  -046.53   -05.98   +0.02  +0.03   0.09 -0.04
1979 03 29.933358  3   0  -045.44   -06.35   +0.08  -0.06   0.15 -0.13
1979 03 29.952278  3   0  -044.47   -06.45   +0.05  -0.01   0.13 -0.05
1979 03 29.974943  3   0  -043.10   -06.89   -0.01  -0.28   0.07 -0.29
1979 03 30.006755  3   0  -040.86   -07.16   -0.20  -0.28  -0.11 -0.36
1979 04 08.878191  3   0  +019.56   -02.66   -0.07  -0.07   0.02 -0.07
1979 04 16.776687  3   0  +046.62   +04.95   -0.17  -0.04  -0.15  0.02
1979 04 17.769176  3   0  -045.87   -05.69   +0.04  +0.05   0.11 -0.01
1980 01 30.994521  3   0  +025.79   -00.05   -0.11  -0.32  -0.07 -0.28
1980 02 17.992760  3   0  -017.33   -00.07   -0.87  -0.15  -0.73 -0.15
1980 03 09.972100  3   0  +017.88   +01.29   -0.07  -0.35   0.07 -0.30
1980 03 14.885726  3   0  -041.23   -02.92   -0.02  -0.07   0.03 -0.13
1980 03 16.864020  3   0  -046.77   -03.32   -0.09  -0.22  -0.04 -0.29
1980 03 20.817263  3   0  -044.89   -03.04   -0.06  -0.23   0.02 -0.22
1980 03 24.822007  3   0  -020.47   -01.26   -0.09  +0.06   0.04  0.05
1980 03 25.811242  3   0  +013.76   +01.03   +0.01  +0.12   0.05  0.13
1980 04 07.880862  3   0  +032.73   +02.18   +0.00  -0.30   0.03 -0.25
1980 04 13.869996  3   0  -015.10   -00.72   +0.18  -0.21   0.23 -0.24
1980 04 25.808943  3   0  -032.11   -02.83   +0.07  -0.08   0.17 -0.12
1980 05 06.929421  3   0  -045.55   -03.81   -0.13  -0.61  -0.07 -0.68
1981 02 27.061680  3   0  -024.96   -05.57   +0.01  -0.38   0.03 -0.44
1981 02 28.093805  3   0  +035.42   +04.56   -0.10  -0.22  -0.02 -0.17
1981 03 02.016298  3   0  +038.88   +04.34   -0.05  -0.18   0.02 -0.11
1981 03 02.037763  3   0  +040.50   +03.99   -0.21  -0.31  -0.14 -0.27
1981 03 02.055526  3   0  +041.97   +04.04   -0.05  -0.09   0.01 -0.05
1981 03 07.015335  3   0  -044.43   -00.90   -0.06  -0.12  -0.03 -0.21
1981 03 16.995798  3   0  +026.14   +04.48   -0.10  -0.38  -0.01 -0.34
1981 03 17.007933  3   0  +027.78   +04.51   -0.03  -0.34   0.06 -0.29
1981 04 04.949427  3   0  +035.86   +04.03   -0.12  -0.29  -0.04 -0.25
1981 04 06.955631  3   0  +044.97   +03.06   -0.10  -0.51  -0.06 -0.47
1981 04 06.970396  3   0  +045.68   +02.96   -0.05  -0.48  -0.01 -0.44
1981 04 24.815121  3   0  -040.02   -03.71   -0.03  +0.19  -0.02  0.13
1981 04 26.875097  3   0  -046.60   -02.68   +0.04  -0.11   0.05 -0.12
1981 05 08.876985  3   0  +030.28   +03.43   +0.10  -0.39   0.16 -0.39
1981 05 12.843317  3   0  +044.39   +02.72   -0.29  +0.48  -0.27 -0.49
1981 05 18.860556  3   0  +026.13   -00.63   +0.11  +9.99   0.06 -0.07
1981 05 18.875826  3   0  +024.18   -00.76   +0.08  +0.01   0.03 -0.01
1982 03 22.968464  3   0  -019.69   -09.20   +0.07  -0.15  -0.01 -0.17
1982 03 28.962642  3   0  -046.69   -03.38   +0.08  -0.60   0.04 -0.58
1982 04 02.942280  3   0  +030.95   -04.90   -0.02  -0.21  -0.12 -0.23
1982 04 21.867604  3   0  +024.21   -05.64   +0.10  -0.14  -0.02 -0.15
1982 04 27.837488  3   0  -021.18   -08.38   +0.47  -0.02   0.37 -0.06
1982 05 07.870478  3   0  -028.90   +03.87   -0.05  -0.35  -0.09 -0.37
1982 05 17.857975  3   0  +041.85   +05.34   +0.01  -0.28  -0.01 -0.25
1976 02 12.880990  4   5  +041.26   -13.92   -0.06  -0.46  -0.11 -0.18
1976 02 19.847280  4   5  -052.88   +06.77   -0.01  -0.09   0.08 -0.37
1976 02 20.831811  4   5  +007.66   -23.09   -0.15  -0.31  -0.18 -0.15
1976 02 21.813977  4   5  +043.38   +21.58   -0.17  -0.41  -0.15 -0.30
1976 02 21.841619  4   5  +040.38   +22.35   -0.22  -0.32  -0.19 -0.23
1976 02 22.832692  4   5  -062.70   -07.29   -0.20  -0.11  -0.14 -0.37
1976 02 23.842100  4   5  +042.74   -13.22   -0.08  -0.61  -0.12 -0.33
1976 03 03.797906  4   5  +038.61   +22.35   -0.05  -0.40  -0.02 -0.32
1976 03 04.776225  4   5  -061.50   -07.14   +0.09  -0.12   0.14 -0.37
1976 03 04.811529  4   5  -061.40   -08.85   -0.04  +0.06   0.00 -0.18
1976 03 07.767956  4   5  -050.88   -18.90   -0.04  -0.05  -0.03 -0.20
1976 03 16.757268  4   5  +043.97   -11.83   +0.04  -0.61  -0.00 -0.34
1976 03 20.755661  4   5  -032.04   +15.68   +0.02  -0.31   0.11 -0.53
1977 03 03.866448  4   0  -061.91   -05.27   +0.20  +0.01   0.23 -0.08
1977 03 09.859694  4   0  -026.90   -20.47   +0.12  -0.41   0.03 -0.21
1977 03 22.780179  4   0  -049.08   +05.98   -0.01  +0.22   0.08  0.02
1977 03 30.779095  4   0  -026.20   +13.96   +0.13  +0.02   0.25 -0.23
1977 03 31.767148  4   0  -023.88   -20.07   +0.16  -0.30   0.07 -0.09
1978 01 20.039802  4   0  +036.33   +12.94   -0.08  +0.09   0.03 -0.18
1978 01 21.014466  4   0  -061.67   -07.09   +0.23  -0.27   0.22 -0.11
1978 01 21.913844  4   0  +032.15   -06.76   +0.00  -0.27  -0.10 -0.14
1978 01 31.989479  4   0  -061.96   -07.89   +0.05  -0.11   0.03  0.07
1978 02 03.983621  4   0  -047.02   -12.85   +0.06  -0.15  -0.04  0.11
1978 02 03.997955  4   0  -045.51   -13.32   +0.18  -0.47   0.08 -0.21
1978 02 04.938535  4   0  +061.06   +03.56   -0.12  +0.08  -0.14  0.00
1978 02 19.904411  4   0  -057.25   -00.53   +0.23  +0.32   0.29  0.36
1978 02 22.904721  4   0  -061.40   -08.99   +0.05  -0.15   0.02  0.04
1978 02 23.802622  4   0  +040.30   -06.26   +0.19  -0.51   0.10 -0.42
1978 03 21.852957  4   0  -045.24   +04.23   +0.11  -0.12   0.20 -0.15
1978 03 23.891068  4   0  +042.95   +14.16   -0.04  +0.08   0.05 -0.17
1978 03 26.827898  4   0  +018.91   +14.80   +0.03  +0.03   0.15 -0.22
1978 04 02.839295  4   0  +005.55   -13.21   +0.27  -0.34   0.15 -0.13
1978 04 11.812487  4   0  +057.82   +09.52   +0.02  +0.01   0.06 -0.18
1978 12 25.144351  4   0  +057.79   +05.39   -0.21  +0.04  -0.19 -0.21
1978 12 25.169704  4   0  +057.49   +05.76   -0.19  +0.19  -0.17 -0.05
1978 12 28.136884  4   0  +046.26   +06.40   -0.15  -0.19  -0.09 -0.41
1979 01 19.085200  4   0  +042.82   +06.96   +0.13  -0.12   0.20 -0.32
1979 02 06.017148  4   0  -025.41   -07.43   +0.39  -0.27   0.28 -0.13
1979 02 22.017030  4   0  -060.66   -07.03   +0.26  -0.46   0.22 -0.15
1979 02 27.937170  4   0  -021.23   -08.05   -0.03  -0.21  -0.15 -0.09
1979 03 18.933633  4   0  -039.60   -09.24   +0.04  -0.24  -0.06 -0.02
1979 03 19.883994  4   0  +061.77   +05.31   +0.08  +0.26   0.08  0.00
1979 03 23.851095  4   0  -056.46   -02.45   +0.12  -0.06   0.15  0.18
1979 03 26.813618  4   0  -060.64   -06.61   +0.26  -0.22   0.22  0.15
1979 03 27.831955  4   0  +047.78   +00.15   -0.03  +0.02  -0.08  0.15
1979 03 29.797834  4   0  -046.88   -09.28   +0.20  -0.25   0.10 -0.02
1979 03 29.809921  4   0  -045.84   -09.30   +0.13  -0.20   0.04  0.01
1979 03 29.836943  4   0  -043.21   -09.40   +0.17  -0.19   0.06 -0.01
1979 03 29.852419  4   0  -041.64   -09.46   +0.17  -0.24   0.07 -0.04
1979 03 29.882093  4   0  -038.47   -09.50   +0.19  -0.24   0.09 -0.05
1979 03 29.894429  4   0  -037.13   -09.60   +0.17  -0.34   0.06 -0.15
1979 03 29.908868  4   0  -035.44   -09.49   +0.23  -0.23   0.12 -0.05
1979 03 29.933358  4   0  -032.60   -09.50   +0.21  -0.27   0.10 -0.10
1979 03 29.952278  4   0  -030.31   -09.40   +0.23  -0.24   0.11 -0.06
1979 03 29.974943  4   0  -027.51   -09.55   +0.23  -0.48   0.10 -0.30
1979 03 30.006755  4   0  -023.50   -09.46   +0.17  -0.50   0.05 -0.37
1979 04 08.878191  4   0  -016.39   +05.43   +0.02  -0.31   0.11 -0.26
1979 04 09.796646  4   0  -041.13   -09.60   +0.12  -0.29   0.01 -0.06
1979 04 16.776687  4   0  +025.31   +09.42   -0.10  +0.14  -0.02  0.00
1979 04 17.769176  4   0  -057.34   -07.69   +0.15  -0.27   0.09 -0.00
1980 01 30.994521  4   0  +020.23   +02.41   +0.01  -0.27  -0.09 -0.48
1980 02 17.992760  4   0  -045.45   -04.67   -0.45  -0.84  -0.39 -0.56
1980 03 05.931652  4   0  -054.46   -04.29   -0.02  -0.23  -0.09 -0.10
1980 03 14.885726  4   0  +036.08   +02.52   +0.02  -0.02  -0.07 -0.29
1980 03 16.864020  4   0  -055.00   -04.76   +0.09  -0.35   0.01 -0.25
1980 03 20.817263  4   0  +061.05   +04.58   -0.10  -0.11  -0.08 -0.40
1980 03 23.931459  4   0  +034.19   +02.68   -0.15  -0.50  -0.08 -0.49
1980 03 24.822007  4   0  -060.77   -04.79   +0.02  -0.14   0.01  0.08
1980 03 25.811242  4   0  +034.10   +02.41   +0.02  +0.35  -0.07  0.09
1980 04 07.880862  4   0  -043.80   -04.52   +0.16  -0.21   0.06 -0.21
1980 04 12.803630  4   0  -052.72   -04.03   +0.16  -0.47   0.19 -0.20
1980 04 13.869996  4   0  +022.61   +00.57   +0.19  +0.04   0.08 -0.20
1980 04 25.808943  4   0  +027.77   +03.47   +0.05  -0.21   0.12 -0.13
1981 02 27.061680  4   0  -046.07   -07.47   +0.06  -0.57   0.13 -0.39
1981 03 02.016298  4   0  -058.81   -04.55   +0.12  +0.17   0.14  0.18
1981 03 02.037763  4   0  -059.49   -04.69   -0.08  -0.30  -0.07 -0.27
1981 03 02.055526  4   0  -059.59   -04.22   +0.10  -0.08   0.11 -0.06
1981 03 07.015335  4   0  -017.85   -07.70   -0.12  -0.55   0.00 -0.28
1981 03 16.995798  4   0  +057.40   +05.24   +0.04  -0.20  -0.02 -0.29
1981 03 17.007933  4   0  +058.02   +05.14   +0.13  -0.17   0.07 -0.26
1981 03 27.974100  4   0  +058.94   +04.60   +0.02  -0.36  -0.04 -0.50
1981 04 04.949427  4   0  +043.25   +06.38   +0.07  -0.06  -0.05 -0.28
1981 04 06.955631  4   0  -046.73   +00.03   +0.13  -0.33   0.02 -0.52
1981 04 06.970396  4   0  -045.28   +00.30   +0.25  -0.26   0.14 -0.48
1981 04 17.895462  4   0  -046.59   +00.57   +0.20  +0.55   0.10  0.35
1981 04 24.815121  4   0  +038.87   -01.14   -0.14  -0.17  -0.07  0.06
1981 04 26.875097  4   0  +046.33   +06.02   +0.10  +0.15  -0.00 -0.06
1981 05 04.878328  4   0  +023.84   +05.78   +0.04  +0.26  -0.12 -0.01
1981 05 18.860556  4   0  +052.15   +05.35   +0.27  +0.08   0.19 -0.04
1981 05 18.875826  4   0  +052.89   +05.23   +0.12  +0.05   0.05 -0.09
1982 03 21.965840  4   0  +050.15   -04.95   -0.15  -0.77  -0.10 -0.43
1982 03 22.968464  4   0  -057.59   -05.52   -0.11  +0.05  -0.07 -0.08
1982 03 28.962642  4   0  -035.51   +07.47   +0.13  -0.24  -0.01 -0.54
1982 04 02.942280  4   0  -058.81   -04.90   -0.05  -0.05  -0.02 -0.24
1982 04 21.867604  4   0  -045.41   -09.21   -0.06  -0.08   0.04 -0.11
1982 04 23.907225  4   0  +039.93   -06.25   -0.20  -0.18  -0.13  0.13
1982 04 27.837488  4   0  -053.93   +02.03   +0.08  +0.21   0.01 -0.15
1982 05 17.857975  4   0  +044.82   +08.28   +0.22  -0.31   0.09 -0.26
1976 02 12.880990  5   5  +048.56   -22.64   -0.19  -0.02  -0.09 -0.17
1976 02 19.847280  5   5  -066.13   +14.40   -0.02  -0.39   0.14 -0.29
1976 02 20.831811  5   5  -069.47   -27.54   -0.13  +0.21   0.02 -0.19
1976 02 21.813977  5   5  +038.10   -25.86   -0.20  +0.04  -0.08 -0.17
1976 02 21.841619  5   5  +041.08   -24.95   -0.21  +0.05  -0.10 -0.15
1976 02 22.832692  5   5  +083.44   +18.03   -0.30  -0.61  -0.27 -0.30
1976 02 23.842100  5   5  -011.59   +31.12   -0.29  -0.66  -0.12 -0.31
1976 03 03.797906  5   5  -002.42   +32.21   -0.10  -0.61   0.06 -0.24
1976 03 04.776225  5   5  -084.60   -03.31   +0.09  -0.18   0.22 -0.31
1976 03 04.811529  5   5  -085.39   -04.82   -0.05  -0.01   0.08 -0.16
1976 03 07.767956  5   5  +057.28   +30.05   -0.13  -0.58  -0.04 -0.17
1976 03 16.757268  5   5  +060.30   +28.61   +0.06  -0.70   0.14 -0.30
1976 03 20.755661  5   5  +083.93   +10.19   +0.00  -0.60   0.02 -0.37
1977 03 03.866448  5   0  +086.41   +12.58   +0.15  -1.10   0.11 -0.20
1977 03 09.859694  5   0  -051.41   +15.84   -0.01  -0.30   0.17 -0.22
1977 03 22.780179  5   0  +019.76   +27.69   -0.02  -0.96   0.08 -0.05
1977 03 30.779095  5   0  +083.72   +05.66   +0.18  -1.05   0.14 -0.25
1977 03 31.767148  5   0  +024.53   +27.37   -0.10  -1.17  -0.01 -0.19
1977 12 28.109396  5   0  +020.26   +16.20   -0.18  +0.91   0.10 -0.03
1978 01 20.039802  5   0  -021.96   +13.24   -0.22  -0.08  -0.02 -0.11
1978 01 21.014466  5   0  -086.46   -09.24   +0.26  -1.62   0.23 -0.11
1978 01 21.913844  5   0  -023.75   -17.86   -0.01  -0.84   0.06 -0.02
1978 01 31.989479  5   0  +080.80   +01.56   -0.24  +1.16  -0.09  0.04
1978 02 02.961236  5   0  -061.84   +05.80   +0.07  -0.74   0.17 -0.07
1978 02 03.983621  5   0  -070.31   -16.96   +0.02  -1.25   0.03  0.05
1978 02 03.997955  5   0  -069.10   -17.41   +0.17  -1.53   0.18 -0.23
1978 02 04.938535  5   0  +033.70   -12.37   -0.20  +0.17  -0.09  0.04
1978 02 19.904411  5   0  +061.01   +17.42   +0.29  -0.42   0.56 -1.50
1978 02 22.904721  5   0  +023.88   -15.02   -0.14  -0.05  -0.03  0.00
1978 02 23.802622  5   0  +087.72   +07.48   -0.08  -0.81   0.09 -0.33
1978 03 21.852957  5   0  +007.77   -18.25   +0.00  -0.37   0.11 -0.13
1978 03 23.891068  5   0  +018.39   +20.32   -0.22  +0.47   0.05 -0.03
1978 03 26.827898  5   0  +057.07   -08.61   +0.03  +0.26   0.14 -0.09
1978 04 02.839295  5   0  -073.76   +01.68   +0.15  -0.79   0.22 -0.18
1978 04 11.812487  5   0  -069.22   +03.34   +0.08  -0.76   0.17 -0.25
1978 12 25.144351  5   0  -032.58   +02.52   -0.30  -0.32  -0.16 -0.16
1978 12 25.169704  5   0  -034.99   +02.34   -0.10  -0.19   0.04 -0.03
1978 12 28.136884  5   0  +080.46   +05.70   -0.22  -0.04  -0.15 -0.34
1979 01 19.085200  5   0  +044.28   -02.20   -0.01  +9.99   0.08 -0.27
1979 02 06.017148  5   0  +031.80   -04.56   -0.03  -0.08   0.08 -0.20
1979 02 22.017030  5   0  -053.34   +01.98   -0.08  -0.34   0.05 -0.11
1979 02 27.937170  5   0  -043.35   -11.64   -0.18  -0.14  -0.03 -0.02
1979 03 18.933633  5   0  +061.15   -01.60   -0.23  +0.16  -0.14 -0.07
1979 03 19.883994  5   0  +073.98   +11.80   -0.09  +0.20   0.05 -0.00
1979 03 23.851095  5   0  +083.99   +05.46   -0.05  +0.40   0.02  0.12
1979 03 26.813618  5   0  -061.86   -12.68   +0.01  -0.11   0.15  0.05
1979 03 27.831955  5   0  +048.99   -03.85   -0.16  +0.36  -0.06  0.20
1979 03 29.797834  5   0  -017.43   +08.48   -0.12  -0.20   0.07 -0.12
1979 03 29.809921  5   0  -018.89   +08.41   -0.17  -0.11   0.01 -0.02
1979 03 29.836943  5   0  -022.01   +08.04   -0.16  -0.11   0.02 -0.02
1979 03 29.852419  5   0  -023.73   +07.82   -0.10  -0.12   0.08 -0.02
1979 03 29.882093  5   0  -027.09   +07.32   -0.07  -0.20   0.10 -0.08
1979 03 29.894429  5   0  -028.53   +07.01   -0.12  -0.33   0.05 -0.21
1979 03 29.908868  5   0  -030.15   +06.92   -0.12  -0.20   0.05 -0.08
1979 03 29.933358  5   0  -032.78   +06.47   -0.03  -0.28   0.13 -0.16
1979 03 29.952278  5   0  -034.91   +06.28   -0.09  -0.21   0.07 -0.05
1979 03 29.974943  5   0  -037.37   +05.61   -0.10  -0.55   0.06 -0.36
1979 03 30.006755  5   0  -040.87   +05.02   -0.22  -0.59  -0.07 -0.44
1979 04 08.878191  5   0  -084.13   -08.90   +0.03  -0.50   0.13 -0.19
1979 04 09.796646  5   0  -016.35   -12.00   +0.00  -0.06   0.14 -0.02
1979 04 16.776687  5   0  -007.93   +10.32   -0.36  +0.25  -0.17  0.31
1979 04 17.769176  5   0  -083.22   -06.59   -0.06  -0.25   0.02 -0.03
1980 03 05.931652  5   0  +084.83   +05.88   +0.03  -0.25   0.08 -0.40
1980 03 09.972100  5   0  +058.84   +04.13   -0.54  -0.03  -0.47 -0.17
1980 03 14.885726  5   0  +083.03   +05.91   -0.15  -0.10  -0.10 -0.21
1980 03 16.864020  5   0  -069.16   -05.20   -0.11  -0.45  -0.01 -0.33
1980 03 20.817263  5   0  -013.54   -00.60   -0.38  -0.48  -0.21 -0.36
1980 03 23.931459  5   0  +083.28   +05.53   -0.27  -0.40  -0.22 -0.59
1980 03 24.822007  5   0  +044.93   +04.27   -0.23  -0.01  -0.06  0.02
1980 03 25.811242  5   0  -062.89   -03.97   -0.08  -0.01   0.03  0.10
1980 04 07.880862  5   0  -014.19   +00.26   -0.18  -0.39  -0.02 -0.29
1980 04 12.803630  5   0  -056.58   -03.24   +0.08  -0.33   0.19 -0.23
1980 04 13.869996  5   0  -067.10   -06.55   +0.03  -0.21   0.19 -0.17
1980 05 06.929421  5   0  -020.54   -04.64   -0.17  -0.60  -0.10 -0.64
1981 02 27.061680  5   0  +017.65   -08.47   -0.10  -0.53   0.05 -0.47
1981 02 28.069320  5   0  -077.59   -07.70   +0.16  -0.08   0.23 -0.01
1981 02 28.093805  5   0  -078.51   -07.73   +0.25  -0.31   0.32 -0.28
1981 03 02.016298  5   0  +057.53   +09.69   -0.04  -0.10   0.01 -0.10
1981 03 02.037763  5   0  +059.21   +09.58   -0.15  -0.09  -0.11 -0.12
1981 03 02.055526  5   0  +060.78   +09.56   -0.03  -0.03   0.01 -0.06
1981 03 07.015335  5   0  +083.17   +05.72   -0.21  -0.26  -0.18 -0.17
1981 03 16.995798  5   0  +031.46   -06.31   -0.14  -0.38   0.02 -0.29
1981 03 17.007933  5   0  +030.20   -06.50   -0.06  -0.44   0.09 -0.36
1981 03 27.974100  5   0  -061.36   +01.21   -0.25  -0.69  -0.08 -0.65
1981 04 04.949427  5   0  -064.83   -08.97   -0.01  -0.41   0.07 -0.35
1981 04 06.955631  5   0  +041.98   +08.40   -0.16  -0.41  -0.08 -0.45
1981 04 06.970396  5   0  +043.58   +08.53   -0.05  -0.30   0.02 -0.33
1981 04 16.933703  5   0  +080.94   +03.06   -0.11  -0.05  -0.03 -0.00
1981 04 24.815121  5   0  +020.44   +07.57   -0.10  +0.12   0.02  0.07
1981 05 04.878328  5   0  +082.03   +04.46   -0.10  +0.03  -0.04  0.05
1981 05 08.876985  5   0  +067.61   +07.25   -0.07  -0.29  -0.02 -0.32
1981 05 11.862916  5   0  -074.98   -02.54   +0.03  -0.14   0.17 -0.16
1981 05 18.860556  5   0  +060.94   +00.02   -0.03  -0.17   0.09 -0.10
1981 05 18.875826  5   0  +059.74   -00.05   -0.08  -0.06   0.05 -0.01
1982 03 21.965840  5   0  +078.67   -02.72   -0.18  -0.56  -0.11 -0.43
1982 03 22.968464  5   0  -013.19   -16.63   -0.18  -0.26  -0.08 -0.20
1982 03 28.962642  5   0  -066.84   +06.49   -0.14  -0.59   0.01 -0.53
1982 04 02.942280  5   0  -022.97   +14.07   -0.20  -0.13  -0.05 -0.15
1982 04 21.867604  5   0  +067.17   +11.36   -0.09  -0.27  -0.07 -0.21
1982 04 23.907225  5   0  -049.68   -14.00   -0.08  -0.15  -0.01 -0.09
1982 04 27.837488  5   0  +014.74   -13.82   +0.00  -0.23   0.14 -0.14
1982 05 07.870478  5   0  -077.74   -08.48   -0.08  -0.28  -0.01 -0.32
1982 05 17.857975  5   0  -045.38   +09.06   -0.13  -0.19   0.04 -0.25
1976 02 12.880990  6   5  -050.29   -81.36   -0.81  +0.27   0.01 -0.23
1976 02 19.847280  6   5  +131.89   +70.34   -0.39  -0.83  -0.08 -0.37
1976 02 20.831811  6   5  +061.19   +77.32   -0.52  -0.71  -0.15 -0.23
1976 02 21.813977  6   5  -018.79   +71.81   -0.48  -0.65  -0.10 -0.22
1976 02 21.841619  6   5  -021.06   +71.48   -0.48  -0.64  -0.10 -0.22
1976 02 22.832692  6   5  -098.23   +53.68   -0.45  -0.66  -0.11 -0.38
1976 02 23.842100  6   5  -159.80   +26.74   -0.29  -0.31   0.01 -0.25
1976 03 03.797906  6   5  +194.21   -03.30   -0.29  -0.40   0.01 -0.26
1976 03 04.776225  6   5  +201.16   +25.80   -0.18  -0.74   0.04 -0.47
1976 03 04.811529  6   5  +200.73   +27.14   -0.32  -0.41  -0.10 -0.14
1976 03 07.767956  6   5  +058.16   +76.40   -0.39  -0.76  -0.02 -0.29
1976 03 16.757268  6   5  +030.90   -72.98   -0.72  -0.02   0.03 -0.31
1976 03 20.755661  6   5  +195.60   +26.70   -0.21  -0.66   0.01 -0.39
1977 03 03.866448  6   0  +074.12   -51.45   +0.38  -0.09   0.06 -0.22
1977 03 09.859694  6   0  +081.51   +62.57   -0.26  -0.63   0.20 -0.54
1977 03 22.780179  6   0  +197.81   +16.58   +0.18  -0.09  -0.06 -0.10
1977 03 30.779095  6   0  -193.21   -24.21   +0.47  -0.25   0.27 -0.14
1977 03 31.767148  6   0  -175.94   -45.18   +0.34  -0.24   0.07 -0.17
1977 12 28.109396  6   0  -192.64   -25.60   +0.33  +0.22   0.15  0.26
1978 01 20.039802  6   0  +193.49   +08.93   +0.07  -0.11  -0.09 -0.12
1978 01 21.014466  6   0  +198.21   +23.41   +0.30  -0.21   0.05 -0.16
1978 01 21.913844  6   0  +175.86   +33.89   +0.29  -0.17  -0.07 -0.08
1978 01 31.989479  6   0  -042.58   -42.92   +0.37  +0.10   0.04 -0.02
1978 02 02.961236  6   0  +105.37   -23.78   +0.27  -0.07   0.07 -0.19
1978 02 03.983621  6   0  +163.83   -07.44   +0.05  +0.09  -0.09  0.02
1978 02 03.997955  6   0  +164.66   -07.06   +0.22  +0.23   0.07  0.16
1978 02 04.938535  6   0  +195.80   +08.76   +0.06  -0.03  -0.11 -0.03
1978 02 22.904721  6   0  +169.41   +38.42   +0.24  -0.14  -0.16 -0.05
1978 02 23.802622  6   0  +119.13   +43.98   +0.63  -0.46   0.14 -0.35
1978 03 21.852957  6   0  +048.32   -38.62   +0.40  -0.01   0.12 -0.14
1978 03 23.891068  6   0  +170.25   -06.95   +0.04  -0.68  -0.12 -0.74
1978 03 26.827898  6   0  +159.91   +40.43   +0.48  -0.23   0.07 -0.14
1978 04 02.839295  6   0  -187.18   -33.51   +0.47  -0.21   0.24 -0.17
1978 04 11.812487  6   0  +152.80   +40.81   -0.44  +0.18  -0.41  0.10
1978 12 25.144351  6   0  +064.56   +17.40   +0.32  -0.22  -0.07 -0.11
1978 12 25.169704  6   0  +062.87   +17.38   +0.43  -0.16   0.04 -0.02
1978 12 28.136884  6   0  -142.91   -04.20   +0.19  -0.39   0.09 -0.30
1979 01 09.100907  6   0  +130.76   +20.65   +0.53  -0.49   0.15 -0.42
1979 01 19.085200  6   0  +005.22   -15.43   +0.39  -0.47   0.18 -0.61
1979 02 06.017148  6   0  +143.69   +00.41   +0.15  -0.13   0.07 -0.16
1979 02 22.017030  6   0  +150.40   +00.21   +0.03  +0.00  -0.06 -0.15
1979 02 27.937170  6   0  -022.10   +17.35   +0.25  -0.26  -0.10 -0.12
1979 03 18.933633  6   0  -196.78   -13.46   +0.04  -0.15  -0.07  0.01
1979 03 19.883994  6   0  -199.45   -22.00   +0.31  +0.04   0.15  0.06
1979 03 23.851095  6   0  +019.04   -21.55   +0.33  +0.23   0.10  0.09
1979 03 26.813618  6   0  +187.39   +09.37   +0.13  +0.01   0.01  0.00
1979 03 27.831955  6   0  +196.08   +19.39   +0.17  -0.08  -0.05 -0.03
1979 03 29.797834  6   0  +124.19   +28.64   +0.49  -0.28   0.05 -0.18
1979 03 29.809921  6   0  +123.34   +28.70   +0.40  -0.27  -0.05 -0.13
1979 03 29.836943  6   0  +121.67   +28.81   +0.43  -0.21  -0.02 -0.03
1979 03 29.852419  6   0  +120.78   +28.69   +0.51  -0.26   0.07 -0.15
1979 03 29.882093  6   0  +118.90   +28.67   +0.53  -0.28   0.08 -0.17
1979 03 29.894429  6   0  +118.02   +28.59   +0.44  -0.36  -0.00 -0.25
1979 03 29.908868  6   0  +117.09   +28.73   +0.44  -0.23  -0.00 -0.11
1979 03 29.933358  6   0  +115.57   +28.65   +0.51  -0.30   0.07 -0.18
1979 03 29.952278  6   0  +114.31   +28.74   +0.47  -0.10   0.04 -0.09
1979 03 29.974943  6   0  +112.85   +28.48   +0.48  -0.29   0.07 -0.34
1979 03 30.006755  6   0  +110.58   +28.58   +0.35  -0.33  -0.09 -0.22
1979 04 08.878191  6   0  +027.95   -21.95   +0.33  +0.01   0.07 -0.16
1979 04 09.796646  6   0  +093.12   -13.08   +0.16  +0.18  -0.01  0.01
1979 04 16.776687  6   0  -031.07   +20.44   +0.33  -0.13  -0.02 -0.01
1979 04 17.769176  6   0  -103.40   +10.30   +0.24  -0.23   0.02 -0.11
1980 01 30.994521  6   0  -131.00   -13.08   +0.03  -0.29  -0.00 -0.30
1980 02 17.992760  6   0  -200.08   -14.80   -0.32  -0.39  -0.39 -0.38
1980 03 05.931652  6   0  -187.26   -13.76   -0.36  -0.39   0.19 -0.35
1980 03 09.972100  6   0  +067.99   +05.36   +0.02  -0.06  -0.06 -0.22
1980 03 14.885726  6   0  +142.24   +10.41   +0.27  -0.35  -0.10 -0.28
1980 03 20.817263  6   0  -201.36   -15.33   +0.51  -0.47   0.22 -0.13
1980 03 23.931459  6   0  -076.66   -07.37   +0.16  -0.31  -0.07 -0.39
1980 03 25.811242  6   0  +064.04   +03.43   +0.10  +0.14   0.01  0.00
1980 04 07.880862  6   0  -135.95   -12.92   +0.28  -0.02   0.04 -0.21
1980 04 12.803630  6   0  +176.98   +12.00   +0.07  -0.27   0.01 -0.26
1980 04 13.869996  6   0  +192.77   +14.64   +0.19  -0.26   0.03 -0.26
1980 05 06.929421  6   0  -186.26   -14.57   +0.06  -0.93  -0.00 -0.96
1981 01 27.098529  6   0  +178.13   +04.82   +0.17  +0.15   0.02  0.16
1981 02 27.061680  6   0  +187.94   +13.23   +0.03  -0.33  -0.01 -0.35
1981 02 28.069320  6   0  +183.51   +04.21   +0.21  -0.17   0.03 -0.20
1981 02 28.093805  6   0  +182.92   +04.44   +0.13  +0.24  -0.05  0.26
1981 03 02.016298  6   0  +092.03   -13.89   +0.23  -0.25  -0.05 -0.10
1981 03 02.037763  6   0  +090.49   -14.19   +0.18  -0.32  -0.11 -0.23
1981 03 02.055526  6   0  +089.33   -14.21   +0.24  -0.20  -0.04 -0.11
1981 03 07.015335  6   0  -198.06   -12.46   +0.07  +0.12   0.08 -0.19
1981 03 16.995798  6   0  +148.78   -04.57   +0.30  -0.36   0.01 -0.28
1981 03 17.007933  6   0  +148.22   -04.63   +0.35  -0.29   0.06 -0.23
1981 03 27.974100  6   0  +051.64   +21.32   -0.04  -0.25  -0.03 -0.39
1981 04 04.949427  6   0  -070.49   -21.13   +0.22  -0.43   0.13 -0.34
1981 04 06.955631  6   0  -182.11   -18.04   +0.06  -0.49   0.09 -0.50
1981 04 06.970396  6   0  -182.45   -17.91   +0.19  -0.34   0.22 -0.44
1981 04 16.933703  6   0  +180.73   +05.47   +0.18  -0.05  -0.03 -0.01
1981 04 17.895462  6   0  +142.63   -03.84   +0.28  -1.60  -0.03 -1.53
1981 04 24.815121  6   0  -186.59   -05.46   +0.14  +0.26   0.03  0.05
1981 04 26.875097  6   0  -086.90   +09.17   +0.22  -0.04   0.05 -0.18
1981 05 04.878328  6   0  +073.22   -09.01   +0.30  -0.10  -0.00 -0.00
1981 05 05.894481  6   0  -003.53   -15.18   +0.14  -0.48  -0.07 -0.38
1981 05 08.876985  6   0  -179.94   -16.62   +0.25  -0.52   0.26 -0.54
1981 05 11.862916  6   0  -139.61   +01.54   +0.27  +9.99   0.10 -0.35
1981 05 12.843317  6   0  -081.50   +08.20   +0.24  -0.07   0.06 -0.26
1981 05 18.860556  6   0  +171.76   +05.58   +0.31  -0.16   0.08 -0.12
1981 05 18.875826  6   0  +171.26   +05.46   +0.24  -0.11   0.01 -0.13
1982 03 21.965840  6   0  -042.81   -38.98   +0.13  -0.60   0.13 -0.55
1982 03 22.968464  6   0  -113.55   -34.83   -0.10  -0.03  -0.01 -0.01
1982 03 28.962642  6   0  -047.15   +35.42   -0.06  -0.30  -0.03 -0.44
1982 04 02.942280  6   0  +186.34   +00.13   -0.03  -0.23  -0.13 -0.25
1982 04 21.867604  6   0  +026.28   -33.42   +0.16  -0.25   0.03 -0.17
1982 04 23.907225  6   0  -122.48   -32.00   +0.04  -0.25   0.10 -0.24
1982 04 27.837488  6   0  -162.39   +13.98   +0.10  +0.02  -0.01 -0.30
1982 05 07.870478  6   0  +018.36   -32.31   +0.19  -0.45   0.06 -0.37
1982 05 17.857975  6   0  +108.16   +30.96   -0.10  +0.00  -0.01 -0.05
1976 02 12.880990  8   5  +577.06   +74.95   +0.08  +0.99  -0.39  0.55
1976 02 19.847280  8   5  +382.78   +90.95   +0.32  +0.07  -0.24 -0.26
1976 02 20.831811  8   5  +344.34   +91.56   +0.16  +0.48  -0.41  0.16
1976 02 21.813977  8   5  +304.24   +90.96   +0.30  +0.27  -0.30 -0.06
1976 02 21.841619  8   5  +303.01   +90.80   +0.23  +0.13  -0.38 -0.20
1976 02 22.832692  8   5  +260.48   +89.77   +0.19  +0.09  -0.47 -0.24
1976 02 23.842100  8   5  +215.84   +88.11   +0.45  +0.05  -0.31 -0.28
1976 03 03.797906  8   5  -201.74   +49.75   +1.14  +0.05   0.03 -0.10
1976 03 04.776225  8   5  -243.94   +43.32   +1.07  -0.05   0.11 -0.17
1976 03 04.811529  8   5  -245.57   +43.15   +0.93  +0.01  -0.03 -0.10
1976 03 07.767956  8   5  -361.48   +22.48   +0.60  +0.11  -0.04  0.06
1976 03 16.757268  8   5  -552.54   -43.18   +0.51  +0.10   0.03  0.17
1976 03 20.755661  8   5  -542.19   -66.46   +0.09  -0.17  -0.01  0.04
1977 03 03.866448  8   0  +430.92   -17.91   +0.22  -0.32  -0.02 -0.30
1977 03 30.779095  8   0  +147.31   +41.35   +1.03  -0.12   0.12 -0.26
1977 03 31.767148  8   0  +102.42   +40.84   +1.01  -0.06  -0.02 -0.18
1977 12 28.109396  8   0  -450.80   +38.74   +0.91  +0.47   0.36  0.71
1978 01 20.039802  8   0  +452.12   -16.74   -0.77  +0.06  -0.27 -0.06
1978 01 21.014466  8   0  +480.89   -18.98   -0.52  +0.29   0.02  0.14
1978 02 03.983621  8   0  +541.41   -32.57   +0.15  +0.42  -0.13  0.24
1978 02 04.938535  8   0  +519.85   -31.85   +0.16  +0.40  -0.15  0.20
1978 02 22.904721  8   0  -242.35   +06.89   +0.21  +0.12   0.10  0.10
1978 02 23.802622  8   0  -281.56   +08.37   +0.28  -0.48   0.18 -0.51
1978 03 21.852957  8   0  -270.45   +08.95   +0.63  -0.53   0.16 -0.32
1978 03 23.891068  8   0  -184.61   +06.41   +0.11  +0.72  -0.03  0.86
1978 03 26.827898  8   0  -053.76   -00.07   -0.24  -0.21   0.12 -0.18
1978 04 02.839295  8   0  +252.25   -11.68   +0.26  -0.14   0.06 -0.11
1979 01 19.085200  8   0  -524.90   +43.03   +0.44  +9.99   0.29 -0.35
1979 02 06.017148  8   0  -266.32   +72.08   +0.19  -0.15   0.25 -0.16
1979 03 18.933633  8   0  +228.50   -56.85   +0.95  -0.03  -0.08 -0.16
1979 03 19.883994  8   0  +185.97   -53.03   +1.38  +0.18   0.22  0.20
1979 03 23.851095  8   0  -001.48   -35.51   +1.22  +0.13   0.21  0.22
1979 03 26.813618  8   0  -141.64   -20.21   +0.53  +0.16   0.13  0.17
1979 03 27.831955  8   0  -188.09   -14.54   +0.34  +0.33   0.07  0.32
1979 03 29.797834  8   0  -273.23   -04.14   +0.28  -0.10   0.04 -0.06
1979 03 29.809921  8   0  -273.76   -04.02   +0.25  +0.13   0.01 -0.01
1979 03 29.836943  8   0  -274.78   -03.99   +0.35  +0.04   0.11 -0.13
1979 03 29.852419  8   0  -275.33   -03.76   +0.44  +0.02   0.20  0.02
1979 03 29.882093  8   0  -276.64   -03.58   +0.36  +0.05   0.12  0.03
1979 03 29.894429  8   0  -277.18   -03.65   +0.33  -0.08   0.09 -0.10
1979 03 29.908868  8   0  -277.71   -03.68   +0.40  -0.18   0.15 -0.21
1979 03 29.933358  8   0  -278.72   -03.52   +0.40  -0.19   0.15 -0.19
1979 03 29.952278  8   0  -279.46   -03.37   +0.44  -0.38   0.19 -0.14
1979 03 29.974943  8   0  -280.60   -03.89   +0.24  -0.68  -0.02 -0.79
1979 03 30.006755  8   0  -281.86   -03.56   +0.29  -0.64   0.03 -0.63
1979 04 08.878191  8   0  -547.81   +43.50   +0.36  -1.13   0.23 -0.46
1979 04 09.796646  8   0  -555.58   +46.84   +0.10  -0.67   0.10 -0.21
1979 04 16.776687  8   0  -511.76   +60.57   -0.01  +0.23  -0.01  0.30
1979 04 17.769176  8   0  -491.71   +60.62   +0.22  -0.15   0.09  0.01
1980 01 30.994521  8   0  +320.35  -115.20   +0.71  -0.46  -0.01 -0.36
1980 02 17.992760  8   0  -432.41   +19.04   -0.68  -0.85  -0.26 -0.48
1980 03 05.931652  8   0  -444.31  +116.59   -0.63  -1.06   0.25 -0.55
1980 03 09.972100  8   0  -309.61  +111.61   +0.07  -0.27   0.15 -0.08
1980 03 14.885726  8   0  -105.79   +90.00   -0.81  -0.10  -0.04 -0.27
1980 03 16.864020  8   0  -017.60   +77.56   -0.59  -0.08  -0.03 -0.25
1980 03 20.817263  8   0  +157.60   +47.60   -0.29  -0.17  -0.09 -0.50
1980 03 23.931459  8   0  +286.02   +21.66   -0.61  -0.15  -0.10 -0.13
1980 03 24.822007  8   0  +320.01   +14.04   -0.73  +0.16  -0.09  0.01
1980 03 25.811242  8   0  +355.97   +05.48   -0.87  +0.38  -0.06  0.10
1980 04 13.869996  8   0  +470.03  -104.08   +0.25  +0.17   0.12 -0.12
1980 04 25.808943  8   0  -000.99   -63.15   +1.27  -0.35   0.26 -0.20
1981 02 27.061680  8   0  +492.19  -142.02   -0.11  -0.09  -0.16 -0.37
1981 02 28.069320  8   0  +470.20  -144.54   +0.11  -0.50  -0.01  0.11
1981 02 28.093805  8   0  +469.92  -143.77   +0.37  +1.18   0.29  0.94
1981 03 07.015335  8   0  +237.54  -137.43   +1.15  -0.44  -0.05 -0.05
1981 03 16.995798  8   0  -211.86   -51.83   +0.85  -0.42   0.19 -0.33
1981 03 17.007933  8   0  -212.34   -51.75   +0.89  -0.51   0.24 -0.40
1981 03 27.974100  8   0  -540.30   +75.62   -0.05  -1.87  -0.04 -1.78
1981 04 04.949427  8   0  -525.16  +136.08   +0.23  -0.73   0.14 -0.56
1981 04 06.955631  8   0  -486.65  +142.49   +0.48  -0.93   0.12 -0.78
1981 04 06.970396  8   0  -486.20  +142.67   +0.65  -0.56   0.24 -0.64
1981 04 16.933703  8   0  -145.82  +123.03   -0.69  +0.13   0.06 -0.10
1981 04 17.895462  8   0  -103.80  +117.86   +0.42  +9.99   1.15  0.93
1981 04 24.815121  8   0  +190.43   +56.92   -0.34  +0.19  -0.09  0.10
1981 04 26.875097  8   0  +271.09   +35.22   -0.63  +0.28   0.02 -0.12
1982 03 21.965840  8   0  +500.64   -59.56   -0.34  -0.20  -0.20 -0.26
1982 03 22.968464  8   0  +516.62   -72.62   -0.29  -0.04  -0.40 -0.52
1982 04 02.942280  8   0  +464.82  -165.56   +0.03  -0.67  -0.20 -0.52
1982 04 21.867604  8   0  -292.90   -35.12   +1.25  -0.38   0.11 -0.13
1982 04 23.907225  8   0  -366.64   -07.19   +1.44  -1.13   0.12 -0.48
1982 04 27.837488  8   0  -476.99   +46.63   +1.16  -0.51   0.34 -0.54
1982 05 07.870478  8   0  -525.65  +148.80   +0.22  -0.07   0.12 -0.39
1982 05 17.857975  8   0  -263.61  +160.03   -0.33  -0.23  -0.01 -0.54