1996 08 13.968240  6    -133.02    -6.72  0.05  0.04   0.15   -0.80
1996 08 20.015595  6     196.07   -10.34  0.08  0.11  -0.00   -0.86
1996 08 20.994096  6     178.96    -2.36  0.04  0.07   0.09   -0.84
1996 08 23.946638  6       4.02    18.56  0.06  0.07   0.17   -0.70
1996 08 26.904963  6    -174.61    17.53  0.03  0.13   0.23   -0.44
1996 08 30.971940  6     -63.30   -13.17  0.04  0.13   0.11    0.10
1996 08 30.989577  6     -61.92   -13.56  0.05  0.04   0.17   -0.17
1996 08 31.965170  6      14.08   -19.26  0.09  0.08   0.19   -0.60
1996 08 31.986292  6      15.65   -19.38  0.04  0.04   0.09   -0.64
1996 09 04.948488  6     199.14   -10.53  0.08  0.05   0.16   -0.69
1996 10 14.948844  6    -192.33    10.07  0.05  0.06   0.08   -0.60
1996 10 14.958135  6    -192.22    10.20  0.09  0.01   0.10   -0.41
1996 08 13.968240  2      23.17    -4.63  0.09  0.10  -0.27   -0.21
1996 10 14.948844  2      30.83    -0.71  0.02  0.15  -0.04   -0.13
1996 10 14.958135  2      29.96    -0.36  0.08  0.17   0.09    0.06
1996 08 13.968240  3      37.01    -0.78  0.05  0.05   0.04   -0.79
1996 08 23.946638  3     -35.99     3.90  0.07  0.12   0.10   -0.72
1996 08 26.904963  3      45.38    -4.42  0.11  0.05   0.06   -0.59
1996 08 30.971940  3      35.86    -0.52  0.08  0.10   0.01   -0.51
1996 08 30.989577  3      33.94    -0.11  0.12  0.10  -0.05   -0.37
1996 10 14.948844  3      44.68    -4.20  0.06  0.09  -0.10   -0.27
1996 10 14.958135  3      45.26    -3.90  0.05  0.11   0.01    0.00
1996 08 13.968240  4      39.99     1.21  0.06  0.04   0.05   -0.78
1996 08 20.015595  4     -32.71     6.16  0.03  0.12   0.19   -0.82
1996 08 26.904963  4      39.23    -7.61  0.13  0.12   0.25   -0.75
1996 09 04.948488  4      30.36     2.52  0.11  0.08   0.09   -0.33
1996 08 20.015595  5      76.24    -2.36  0.12  0.11   0.01   -0.75
1996 08 20.994096  5     -17.01     8.63  0.05  0.03   0.13   -0.86
1996 08 23.946638  5      77.33    -9.22  0.02  0.02  -0.02   -0.81
1996 08 26.904963  5     -69.99    -0.28  0.05  0.13   0.17   -0.44
1996 08 30.971940  5     -84.12     5.78  0.08  0.08   0.07   -0.27
1996 08 30.989577  5     -84.21     5.68  0.08  0.09   0.04   -0.18
1996 08 31.986292  5     -16.51    -7.33  0.13  0.10   0.20   -0.50
1996 09 04.948488  5     -69.45    -0.44  0.15  0.04   0.26   -0.69
1996 10 14.948844  5     -81.83     7.01  0.02  0.06   0.03   -0.51
1996 10 14.958135  5     -81.94     7.27  0.03  0.10   0.20   -0.19
1996 08 13.968240  8      60.01   -85.46  0.01  0.05  -0.06   -0.82