2008 12 19 4o5 ATH  2 11 13.92  -0.0073   0.0751   0.0045   0.0041  0
2008 12 19 4o5 SAB  2 11 15.88  -0.0060   0.0619   0.0023   0.0025  0
2008 12 19 4o5 SAM  2 11 29.54  -0.0032   0.0327   0.0035   0.0064  0
2008 12 19 4o5 TER  2 11 26.66  -0.0064   0.0661   0.0006   0.0007  0
2008 12 22 2o3 SYD 14 48 39.26  -0.0083   0.0665   0.0032   0.0023  0
2008 12 24 3o2 ATH  2  0 53.79   0.0051  -0.0704   0.0069   0.0038  0
2008 12 24 3o2 MON  2  0 56.14   0.0051  -0.0707   0.0049   0.0025  0
2008 12 24 3o2 SAM  2  0 57.89   0.0059  -0.0813   0.0077   0.0032  0
2008 12 24 3o2 SCH  2  0 55.22   0.0059  -0.0813   0.0017   0.0008  0
2009  1  7 1o2 PIC  4 38 22.53  -0.0009  -0.0116   0.0012   0.0019  0
2009  1  8 3o2 BOR  4  7 16.92  -0.0039   0.0533   0.0063   0.0055  0
2009  1  8 3o2 SCH  4  7 38.10  -0.0054   0.0741   0.0011   0.0006  0
2009  1 22 2e3 MTR  7 47 35.45   0.0022   0.0823   0.0023   0.0009  0
2009  2  2 1e3 IT2  5 26 15.25   0.0115  -0.0376   0.0009   0.0010  0
2009  2  2 1e3 LAS  5 26  8.06  -0.0037   0.0120   0.0038   0.0105  0
2009  2  2 1e3 MTR  5 20  0.18  -0.0147   0.0500   0.0065   0.0054  2
2009  2  4 1e3 GAS  2 41 53.54   0.0178  -0.0579   0.0051   0.0033  2
2009  2  6 2o3 MTR 11 27 55.45   0.0022  -0.0571   0.0011   0.0008  0
2009  5  6 3e2 KAM 14  6 23.06  -0.0050   0.0396   0.0015   0.0026  0
2009  6 20 2e3 IT1  0  8  5.01   0.0063  -0.0677   0.0030   0.0016  0
2009  6 20 2e3 IT2  0  8 16.26   0.0065  -0.0697   0.0027   0.0013  0
2009  7  1 4e5 DAR  7 34 18.25  -0.0056   0.0645   0.0011   0.0012  0
2009  7  2 3e4 UMA  5 50 32.57  -0.0034   0.0390   0.0032   0.0039  2
2009  7  7 3e4 ATH 19  6 37.87   0.0074  -0.0768   0.0046   0.0032  0
2009  7 14 4e5 IT1 21  7  5.10   0.0018  -0.0219   0.0045   0.0119  0
2009  7 16 2e3 IT1 22 19  1.51   0.0029  -0.0452   0.0021   0.0018  0