1908 08 11    12 47 26    6   -0.0231  -0.4049    +7     +50    -0.07    0.40
1908 08 11    12 47 26    3   +0.5451  -0.1133   -69     +22    -0.41    0.12
1908 08 11    12 47 26    4   -0.9874  +0.0491   -39     +15    -0.17    0.13
1908 08 11    12 47 26    8   -8.3618  -2.1743   -71     +58     0.05    0.27
1908 09 04    12 43 42    6   +0.2319  +0.3835   +10     -60    -0.03    0.09
1908 09 04    12 43 42    3   -0.6483  -0.0123   +85     +27     0.61    0.07
1908 09 04    12 43 42    5   -1.1770  -0.0269   +88     +38     0.47    0.21
1908 10 15    11 24 12    6   +1.6503  -0.3608  +101     +46     0.47    0.37
1908 10 15    11 24 12    5   -0.7337  -0.0654   +65     +80     0.26    0.45
1908 10 15    11 24 12    8   -7.4074  -0.1692   +78     +91     0.56    0.79
1908 11 12     8 58  6    6   -2.7380  +0.0373   -32     +37    -0.21    0.26
1908 11 12     8 58  6    2   -0.5648  +0.0144   +80      -4     0.49   -0.02
1908 11 12     8 58  6    3   +0.6924  -0.0172   -22      -4    -0.20    0.06
1908 11 12     8 58  6    4   -0.9343  +0.0905   -42      +9    -0.13    0.10
1908 11 12     8 58  6    5   +0.7568  -0.1381   -27     +27    -0.36    0.11
1910 10 11    12 23 46    6   -0.4976  +0.9616   +26     -25     0.18   -0.22
1910 10 11    12 23 46    2   +0.6569  -0.0101    -5     -60    -0.07   -0.38
1910 10 11    12 23 46    3   +0.3024  -0.2103  -103     +27    -0.55    0.19
1910 10 11    12 23 46    4   -0.9957  +0.1043   +12      +4     0.20    0.07
1910 10 11    12 23 46    5   -0.4990  +0.4002   +86     -22     0.43   -0.09
1910 10 11    12 23 46    8   -9.2882  -1.6017   -79     +57    -0.11    0.29
1910 10 21    12 11 26    6   +2.9903  -0.5376    +3     -43    -0.10   -0.20
1910 10 21    12 11 26    3   +0.6388  +0.1451   -21      -7    -0.22   -0.10
1910 10 21    12 11 26    4   +0.8351  +0.1760   -20     -12    -0.07   -0.07
1910 10 21    12 11 26    5   -1.4608  -0.0440   -58     -38    -0.36   -0.23
1910 10 21    12 11 26    8   -7.6576  -3.2056  -118     +29    -0.31    0.03
1910 10 31    11 14 55    6   -3.1946  -0.2291   +54     -97     0.35   -0.46
1910 10 31    11 14 55    2   -0.6023  -0.0709   +87     -23     0.55   -0.12
1910 10 31    11 14 55    3   -0.6131  +0.1370   +50    -100     0.30   -0.59
1910 10 31    11 14 55    4   -0.0347  -0.2956   +89     +55     0.40    0.31
1910 10 31    11 14 55    5   -0.2021  -0.4114   +65     -50     0.20   -0.33
1910 10 31    11 14 55    8   -0.9996  -2.6917   -85     -56     0.33   -0.45
1910 11 01    11 41 48    6   -2.5862  -0.5806    +3     -72    -0.02   -0.30
1910 11 01    11 41 48    3   +0.7374  -0.1018   +49     -17     0.31   -0.13
1910 11 01    11 41 48    4   +0.7844  +0.1884   +58     -50     0.41   -0.31
1910 11 01    11 41 48    5   +1.4105  -0.1444   +72     -94     0.27   -0.54
1910 11 07    11  7 21    6   +3.4557  -0.1706    +9     -21    -0.07   -0.10
1910 11 07    11  7 21    3   +0.6848  +0.1253    +1     +29    -0.08    0.10
1910 11 07    11  7 21    4   -0.3398  +0.2839   -46     -28    -0.09   -0.13
1910 11 07    11  7 21    5   -0.2468  +0.4036   +13     -11    -0.04   -0.02
1910 11 14    10 45 13    6   -2.8270  +0.4929   -23     +24    -0.04    0.16
1910 11 14    10 45 13    3   +0.2111  -0.2042   -92     +21    -0.48    0.42
1910 11 14    10 45 13    4   +0.6325  -0.2421   -15     -11    -0.22   -0.10
1910 11 14    10 45 13    5   +0.6628  -0.3688   +45     -21     0.07   -0.16
1910 11 18    10 23  1    6   -1.4850  -0.8057   +19      -7     0.02    0.09
1910 11 18    10 23  1    3   +0.6744  -0.1207   +21     +19     0.14    0.10
1910 11 18    10 23  1    4   -0.3957  +0.2719   -21     -34     0.06   -0.17
1910 11 18    10 23  1    5   -0.3815  -0.3786   +36      +3     0.04   -0.01
1910 11 21    11 20 28    6   +2.2705  -0.7314   +52     -39     0.20   -0.15
1910 11 21    11 20 28    3   -0.8000  -0.0257   +70     -57     0.49   -0.29
1910 11 21    11 20 28    4   -0.9181  +0.1420   +15     -64     0.23   -0.33
1910 11 21    11 20 28    5   -1.0574  +0.2832   +48      -8     0.25   -0.01
1911 10 30    13 18 18    6   -1.5398  +1.0362   +25     -20     0.26   -0.13
1911 10 30    13 18 18    3   +0.2153  +0.2814    +2     -46    -0.06   -0.02
1911 10 30    13 18 18    4   -0.1111  -0.3828  +143     +41     0.48    0.24
1911 10 30    13 18 18    5   -0.2921  +0.5133   +61     -44     0.28   -0.22
1911 11 26    11 54 47    6   +3.4731  +0.2205   +27       0     0.04   -0.02
1911 11 26    11 54 47    2   +0.5514  -0.1197   -90     +25    -0.57    0.17
1911 11 26    11 54 47    3   -0.8194  +0.0227   +25     -18     0.20   -0.07
1911 11 26    11 54 47    4   -0.9180  -0.1989   +38     -11     0.18   -0.02
1911 11 26    11 54 47    5   -0.0141  +0.5141   +48     -39     0.17   -0.18
1911 11 26    11 54 47    8   -6.7082  -3.4933   -69     +54     0.09    0.21
1911 11 30    12 21 19    6   -0.4622  +1.1502    +5     -30     0.08   -0.24
1911 11 30    12 21 19    2   +0.3650  -0.1897    -4     +39    -0.03    0.25
1911 11 30    12 21 19    3   -0.6146  -0.1871   +25      -3     0.24   -0.05
1911 11 30    12 21 19    4   +0.9993  +0.1298   +12      -7     0.08   -0.08
1911 11 30    12 21 19    5   +0.9269  +0.4079   +54     -36     0.15   -0.14
1911 11 30    12 21 19    8   -4.1178  -3.3888  -145     +54    -0.09    0.17
1911 12  1    11 33 24    6   -1.7038  +0.9714   -32      -5    -0.09   -0.06
1911 12  1    11 33 24    2   -0.6304  -0.0803   +17      +7     0.14    0.04
1911 12  1    11 33 24    3   +0.5725  +0.1966    -6     -55    -0.13   -0.30
1911 12  1    11 33 24    4   -0.8771  +0.1960   -21     -34    -0.15   -0.15
1911 12  1    11 33 24    5   -0.9128  +0.3907    -3     -29    -0.04   -0.15
1911 12  1    11 33 24    8   -3.4160  -3.3070  -161     +33    -0.13    0.08
1912 10 24    12 59 55    6   +2.3315  -0.9754   -24      +9    -0.21    0.13
1912 10 24    12 59 55    2   +0.5818  -0.1077   -65     -23    -0.38   -0.09
1912 10 24    12 59 55    3   +0.5028  -0.2613   -82      +4    -0.47    0.05
1912 10 24    12 59 55    4   +0.1862  +0.4407   -79     -28    -0.28   -0.18
1912 10 24    12 59 55    5   +1.3152  -0.2187   -33     -12    -0.33    0.01
1912 10 24    12 59 55    8   +1.7778  -2.2423  -232     -17    -0.41    0.16
1913 01 09    09 38 20    6   -0.8567  -1.3374    +7     -11    -0.02    0.07
1913 01 09    09 38 20    2   +0.6330  +0.0710   -70      -5    -0.49    0.03
1913 01 09    09 38 20    3   -0.6922  -0.1849   -15     +38    -0.01    0.11
1913 01 09    09 38 20    4   -0.4282  +0.3642   -18     -30     0.10   -0.15
1913 01 09    09 38 20    5   +1.3801  -0.1160    -7       0    -0.17    0.07
1913 01 09    09 38 20    8   +0.7988  -2.5023  -205     +12    -0.18    0.23
1913 01 22    07 01 39    6   -3.1681  -0.2415   +34     -34     0.26   -0.03
1913 01 22    07 01 39    3   -0.6636  +0.1491  +113     -52     0.67   -0.38
1913 01 22    07 01 39    4   +0.9924  +0.1029   +28     -27     0.15   -0.20
1913 01 22    07 01 39    5   +0.5229  -0.5178   +53     -51     0.17   -0.29
1913 01 31    06 56 16    6   +2.9835  +0.6287   +55     -33     0.25   -0.23
1913 01 31    06 56 16    3   +0.3397  +0.2976   +74     -55     0.34   -0.24
1913 01 31    06 56 16    4   -0.3938  +0.3532   +24     -44     0.34   -0.24
1913 01 31    06 56 16    5   +0.4452  -0.5173   +65      +6     0.24    0.05
1913 02 13    08 57 46    6   +2.5345  -0.7144   +37     -15     0.18   -0.04
1913 02 13    08 57 46    3   +0.5855  +0.2135    +9     -40    -0.05   -0.13
1913 02 13    08 57 46    4   +0.8025  +0.2492   +25      -5     0.20   -0.07
1913 02 13    08 57 46    5   -0.4373  -0.5308   +51     +20     0.16    0.13
1913 02 18    07 24 14    6   +1.0635  +1.2047   +22     -35     0.12   -0.28
1913 02 18    07 24 14    3   -0.1263  -0.3135   +21     +35     0.21    0.15
1913 02 18    07 24 14    4   +0.7706  -0.2149   +90     -28     0.40   -0.21
1913 02 18    07 24 14    5   +0.3251  -0.5232   +30     -39     0.03   -0.22
1913 02 21    07 31 36    6   -2.3104  +0.6867   +27     -23     0.29   -0.08
1913 02 21    07 31 36    3   -0.2829  +0.2795   +80     -52     0.42   -0.32
1913 02 21    07 31 36    4   +0.9601  +0.0183   +94      -9     0.51   -0.10
1913 02 21    07 31 36    5   -1.2689  +0.1171   +56      +9     0.35    0.07
1913 02 23    07 20 47    6   -2.9806  -0.2792    -5     -44     0.02   -0.05
1913 02 23    07 20 47    3   -0.4951  +0.2202   +92     +11     0.52    0.02
1913 02 23    07 20 47    4   -0.1633  -0.3869   +39     +53     0.07    0.33
1913 02 23    07 20 47    5   +1.0501  -0.3028   +63     -18     0.26   -0.06
1913 02 23    07 20 47    8   -3.3581  +1.5739   +27     -62     0.39   -0.13
1913 02 24    07 47 34    6   -2.5844  -0.7422   -17     -30    -0.10   -0.01
1913 02 24    07 47 34    2   -0.5780  -0.0736    -4     +68     0.05    0.33
1913 02 24    07 47 34    3   +0.6208  -0.1537     0     +21    -0.00    0.20
1913 02 24    07 47 34    4   +0.7830  +0.2443   -20     -16    -0.07   -0.13
1913 02 24    07 47 34    5   +0.9692  +0.3997   +19      -7    -0.04    0.03
1913 02 24    07 47 34    8   -3.9703  +1.3248   +13    -105     0.37   -0.37
1913 02 25    07 40 57    6   -1.7829  -1.0803   +43     -55     0.22   -0.18
1913 02 25    07 40 57    3   -0.6728  +0.1023   +62     -44     0.38   -0.35
1913 02 25    07 40 57    5   -0.6977  +0.4314   +89     -32     0.51   -0.17
1913 02 27    07 42 21    6   +0.4528  -1.2452    -2     -98    -0.06   -0.49
1913 02 27    07 42 21    3   -0.7355  -0.0129    +6     -32     0.06   -0.30
1913 02 27    07 42 21    5   +0.2704  -0.5225   +44     -29     0.12   -0.16
1913 02 27    07 42 21    8   -5.5984  +0.5614   -22    -162     0.22   -0.68
1913 03 02    07 58 39    6   +2.9791  -0.2686   +40     -10     0.18   -0.03
1913 03 02    07 58 39    3   +0.6226  +0.1821   +32     -22     0.10   -0.02
1913 03 02    07 58 39    4   -0.2233  +0.3653   +27     -33     0.34   -0.17
1913 03 02    07 58 39    5   -1.2362  +0.1310   +53      +1     0.33    0.02
1913 03 02    07 58 39    8   -6.8968  -0.2091    +8     -23     0.39    0.11
1913 12 06    11 28 10    6   -2.9488  +0.5508   -37     +17    -0.03    0.25
1913 12 06    11 28 10    2   -0.5478  -0.2109   -47     +48    -0.05    0.17
1913 12 06    11 28 10    3   +0.7108  -0.1453   -61      +2    -0.39    0.15
1913 12 06    11 28 10    4   +0.0874  +0.4810   -63     -11    -0.18   -0.07
1913 12 06    11 28 10    5   +0.5136  +0.6573   -21     +14    -0.25    0.13
1913 12 06    11 28 10    8   +7.5531  -0.0607  -159     -30    -0.32    0.50
1913 12 20    09 50 29    6   -0.7798  +1.3867   +61     -52     0.54   -0.32
1913 12 20    09 50 29    3   -0.2300  +0.3388  +113     -97     0.62   -0.70
1913 12 20    09 50 29    4   -0.5115  +0.3780   +44     -72     0.48   -0.38
1913 12 20    09 50 29    5   -0.2872  +0.6256   +76     -75     0.42   -0.43
1913 12 28    10 27 29    6   +1.0804  -1.4124    -2     -16    -0.06   -0.01
1913 12 28    10 27 29    2   -0.4559  -0.2434   -23     +49     0.15    0.21
1913 12 28    10 27 29    3   -0.7878  -0.1740   +31       0     0.26   -0.08
1913 12 28    10 27 29    4   -0.0964  +0.4607   -32     -50     0.02   -0.29
1913 12 28    10 27 29    5   +1.3830  +0.3192   -14     -10    -0.23    0.05
1913 12 28    10 27 29    8   +5.6396  +3.5952   +21     -95    -0.01   -0.00
1914 01 23    09 02 41    6   -2.9504  +0.4302   +41     +34     0.41    0.36
1914 01 23    09 02 41    2   -0.5930  -0.1498   +18     +49     0.29    0.16
1914 01 23    09 02 41    3   -0.2149  +0.3395   +72     +17     0.36   -0.01
1914 01 23    09 02 41    4   -0.0242  -0.4526   +77     +88     0.27    0.54
1914 01 23    09 02 41    5   +0.5026  -0.5690   +48     +30     0.17    0.23
1914 01 23    09 02 41    8   -9.2191  -1.9505   -17     +64     0.37    0.48
1914 01 30    08 17 46    6   +2.2449  -0.9898   +55      +4     0.29    0.07
1914 01 30    08 17 46    2   -0.3660  -0.2460   +12    +110     0.38    0.59
1914 01 30    08 17 46    3   +0.7944  +0.0240   +11      -8     0.01    0.06
1914 01 30    08 17 46    4   -0.2709  +0.4174   -15     -44     0.11   -0.24
1914 01 30    08 17 46    5   -0.8291  +0.4709   +36     +27     0.24    0.17
1914 01 30    08 17 46    8   -7.9327  -3.1123   -60     +42     0.17    0.26
1914 02 12    09 23 09    6   -1.1754  -1.4093   +24     -17     0.10    0.03
1914 02 12    09 23 09    3   +0.6196  -0.1724    +6     -11     0.03    0.06
1914 02 12    09 23 09    4   +0.9310  +0.2141    +7     +13     0.05    0.02
1914 02 12    09 23 09    5   +0.1162  +0.6212   +37     -13     0.13   -0.04
1914 02 12    09 23 09    8   +0.2041  -2.5241  -118     -28     0.34   -0.02
1914 02 23    08 13 43    6   -2.1033  +0.8632   +39      -2     0.39    0.06
1914 02 23    08 13 43    3   -0.2449  -0.3408   +51     +63     0.39    0.43
1914 02 23    08 13 43    4   +0.9111  +0.2134   +11     +25     0.07    0.10
1914 02 23    08 13 43    5   -0.7185  -0.5511  +126     +17     0.31    0.15
1914 02 24    07 29 07    6   -2.8185  +0.3808   +12     +11     0.21    0.21
1914 02 24    07 29 07    3   +0.1924  +0.3497   +32      -9     0.10   -0.12
1914 02 24    07 29 07    4   -0.8356  +0.1796   +10     +41     0.20    0.31
1914 02 24    07 29 07    5   +0.9684  -0.3744   +32     +16     0.09    0.16
1914 02 25    08 23 04    6   -3.0954  -0.1999   -14      -3    -0.01    0.16
1914 02 25    08 23 04    2   -0.4287  -0.2131   -62    +115    -0.10    0.60
1914 02 25    08 23 04    3   +0.0409  -0.3380   -42     +53    -0.19    0.41
1914 02 25    08 23 04    4   +0.2527  -0.4030    -1     +28    -0.20    0.16
1914 02 25    08 23 04    5   +1.0756  +0.4276    -8      -4    -0.19    0.06
1915 02 06    08 17 11    6   +2.0442  +1.3228   -19     +13    -0.09    0.00
1915 02 06    08 17 11    3   +0.8052  +0.0705    -3     +13    -0.06    0.05
1915 02 06    08 17 11    4   +0.4999  +0.4491   -33      -4    -0.03   -0.06
1915 02 06    08 17 11    5   -0.8216  -0.6002   +31      -1     0.10    0.05
1915 02 07    08 13 13    6   +0.8406  +1.4734    -3     -86     0.08   -0.56
1915 02 07    08 13 13    3   -0.7938  -0.1396    -4     -85     0.04   -0.47
1915 02 07    08 13 13    4   -1.0097  -0.1926    -9    -125    -0.06   -0.64
1915 02 07    08 13 13    5   +1.0174  -0.4013   +52    -106     0.24   -0.53
1915 02 09    08 21 12    6   -1.7620  +1.0793   -16     -22     0.11   -0.05
1915 02 09    08 21 12    3   -0.6791  -0.2569   +13     -68     0.17   -0.35
1915 02 09    08 21 12    4   -0.1110  +0.4529   -41     -30    -0.01   -0.16
1915 02 09    08 21 12    5   -0.5990  +0.5478   -27     -26    -0.13   -0.16
1915 02 10    08 29 28    6   -2.7217  +0.5769   -33     -50    -0.01   -0.15
1915 02 10    08 29 28    3   +0.5799  +0.2968   +14     -13    -0.01   -0.15
1915 02 10    08 29 28    4   -0.6861  -0.4105   +12     -67    -0.29   -0.33
1915 02 10    08 29 28    5   -1.3906  -0.2751   -36     -63    -0.21   -0.31
1915 02 11    08 35 02    6   -3.2258  -0.0218   -70     -98    -0.30   -0.38
1915 02 11    08 35 02    3   -0.4623  -0.3417   -60     -94    -0.26   -0.49
1915 02 11    08 35 02    4   +1.0231  +0.0792    -9     -27    -0.12   -0.25
1915 02 11    08 35 02    5   +0.1173  -0.6508    -3    -102    -0.11   -0.55
1915 02 11    08 35 02    8   -1.8424  +1.9666   -94     -51    -0.08   -0.11
1915 02 17    09 12 07    6   +1.8687  -1.1238   -19     -62    -0.13   -0.33
1915 02 17    09 12 07    2   +0.3490  +0.2601    +9    -108    -0.34   -0.56
1915 02 17    09 12 07    3   +0.4416  -0.2549   -43     -59    -0.21   -0.31
1915 02 17    09 12 07    4   +0.2911  +0.4612   -61     -34    -0.17   -0.22
1915 02 17    09 12 07    5   +1.1565  +0.4488   -44     -80    -0.40   -0.39
1915 02 17    09 12 07    8   -5.8637  +0.6054   -96     -71     0.01   -0.24
1915 03 06    07 37 27    6   +2.6677  -0.6446   +24     -37     0.12   -0.21
1915 03 06    07 37 27    2   -0.6207  -0.0840   -42     -32    -0.18   -0.37
1915 03 06    07 37 27    3   +0.3083  -0.2894   +44     -45     0.32   -0.22
1915 03 06    07 37 27    4   -0.7585  +0.2206   -13     -54     0.11   -0.23
1915 03 06    07 37 27    5   +0.7791  -0.4666   +34     -64     0.14   -0.30
1915 03 06    07 37 27    8   -7.6816  -2.7100   -68     -31     0.15   -0.18
1915 03 08    08 13 00    6   +3.1616  +0.4591   +32     -86     0.14   -0.54
1915 03 08    08 13 00    2   +0.6245  +0.0224   +68    -133     0.39   -0.60
1915 03 08    08 13 00    3   +0.5823  -0.1827   +23    -143     0.16   -0.84
1915 03 08    08 13 00    4   +0.6786  +0.3701   +28     -65     0.29   -0.45
1915 03 08    08 13 00    5   -0.3666  +0.5705   +32     -43     0.20   -0.25
1915 03 08    08 13 00    8   -6.8231  -2.8488  -100    -122     0.02   -0.79
1915 03 10    08 07 11    6   +1.8199  +1.2836   -21     +30    -0.11    0.12
1915 03 10    08 07 11    2   -0.5923  +0.0433   -60     +60    -0.44    0.18
1915 03 10    08 07 11    3   +0.7105  -0.0488   -46     +27    -0.29    0.15
1915 03 10    08 07 11    4   +0.6116  -0.2953    +6     +43    -0.18    0.20
1915 03 10    08 07 11    5   -0.1278  -0.6270    -8     +25    -0.15    0.21
1915 03 10    08 07 11    8   -5.8008  -2.8843  -115     +30     0.08    0.12
1916 01 28    09 51 51    6   -3.1754  +0.1980   -28     -36     0.02   -0.01
1916 01 28    09 51 51    2   +0.5697  -0.0964  -162    -126    -0.78   -0.54
1916 01 28    09 51 51    3   -0.7690  -0.2103  -100     -51    -0.51   -0.29
1916 01 28    09 51 51    4   +0.1910  +0.4669   -52     -20    -0.06   -0.12
1916 01 28    09 51 51    5   -1.3286  +0.1600   -39     -41    -0.12   -0.21
1916 01 28    09 51 51    8   -4.3783  -2.4450  -173      -7     0.06   -0.05
1916 02 04    10 10 00    6   +2.4114  -0.8520   +16      +7     0.08    0.05
1916 02 04    10 10 00    2   +0.6489  +0.1285     0     -17    -0.15    0.10
1916 02 04    10 10 00    3   -0.1609  +0.3269   +17      +8     0.03    0.10
1916 02 04    10 10 00    4   +0.2246  -0.4231   +30     +26    -0.12    0.12
1916 02 04    10 10 00    5   +1.4586  +0.0552    +1      +7    -0.07    0.17
1916 02 04    10 10 00    8   +1.0131  -1.8281  -144     -40     0.20   -0.02
1916 02 28    10 49 47    6   -2.5106  +0.6340   +20     -33     0.34   -0.04
1916 02 28    10 49 47    2   -0.5714  -0.1822   -21      -8     0.11   -0.22
1916 02 28    10 49 47    3   +0.8027  +0.0905   +98     -11     0.54   -0.07
1916 02 28    10 49 47    4   -0.9251  -0.2738   +61     -43     0.29   -0.15
1916 02 28    10 49 47    5   -0.4490  +0.5522    +5      +1     0.09    0.00
1916 03 02    08 35 10    6   -2.9193  -0.9416   -50      +6    -0.26    0.23
1916 03 02    08 35 10    3   -0.7525  -0.1654   -26     +47    -0.05    0.26
1916 03 02    08 35 10    4   -0.6994  -0.3834   +37     +40     0.05    0.32
1916 03 02    08 35 10    5   +1.3277  -0.0919   -12     -23    -0.13   -0.01
1916 03 04    08 00 25    6   -1.0816  -1.4682     0     +21     0.01    0.22
1916 03 04    08 00 25    2   +0.4233  +0.2529   +71      +4     0.05    0.12
1916 03 04    08 00 25    3   -0.6467  -0.2467   -31     +17    -0.09    0.07
1916 03 04    08 00 25    4   -0.5950  +0.2996   -44      -8    -0.02    0.04
1916 03 04    08 00 25    5   -1.0430  +0.3230   -28      -1    -0.07    0.01
1916 03 04    08 00 25    8   +7.0771  +2.4941   -30     -90    -0.14   -0.02
1916 03 08    09 49 13    6   +3.0665  -0.2311   +34     +16     0.19    0.08
1916 03 08    09 49 13    2   +0.4838  +0.2312   -10     +51    -0.39    0.43
1916 03 08    09 49 13    3   +0.0414  -0.3561   +81    -248     0.59   -1.55
1916 03 08    09 49 13    4   +0.5379  -0.3218  +107     +12     0.37    0.01
1916 03 08    09 49 13    5   -0.2958  +0.5770   +39     +20     0.27    0.12
1916 03 08    09 49 13    8   +4.6530  +2.4722   +56     -20     0.43    0.21
1917 01 18    11 00 44    6   -0.7174  -1.3701   -29     -36    -0.15   -0.13
1917 01 18    11 00 44    3   +0.6002  +0.2790   +34     -42     0.09   -0.13
1917 01 18    11 00 44    4   -0.0974  +0.3870   -52     -12    -0.06   -0.04
1917 01 18    11 00 44    5   +0.5154  +0.5853    +3     -11     0.02   -0.08
1917 01 18    11 00 44    8   +8.2135  +1.5730   -12    -148    -0.00   -0.43
1917 01 29    11 48 31    6   -2.9801  +0.3082   +39     +43     0.47    0.45
1917 01 29    11 48 31    3   +0.8275  +0.0169  +111     -10     0.62    0.06
1917 01 29    11 48 31    4   -0.3175  +0.3592   -40     +78     0.02    0.51
1917 01 29    11 48 31    5   -0.9511  -0.5383   +42     +11     0.26    0.15
1917 02 01    11 41 42    6   -2.7329  -1.1247  +116    -144     0.75   -0.71
1917 02 01    11 41 42    2   +0.6483  -0.0113   +26    -182     0.24   -0.90
1917 02 01    11 41 42    3   -0.7664  -0.2014  +102    -112     0.71   -0.81
1917 02 01    11 41 42    4   -0.8180  +0.1508  +117     -99     0.91   -0.51
1917 02 01    11 41 42    5   -0.4715  +0.4796   +81    -112     0.61   -0.68
1917 02 01    11 41 42    8   -2.0095  +1.1386   +53     -54     0.83   -0.40
1917 02 11    10 59 02    6   +0.4670  +1.3044   -82     +28    -0.28    0.18
1917 02 11    10 59 02    4   +1.0227  +0.2082   -20     +25    -0.13    0.07
1917 02 11    10 59 02    5   -1.4700  -0.1943   -27     +29    -0.08    0.25
1917 02 11    10 59 02    8   -8.4013  -0.1661   -87     +61    -0.09    0.26
1917 02 18    10 07 40    6   -1.6825  -1.3490   +21     -78     0.16   -0.38
1917 02 18    10 07 40    3   -0.7982  -0.1434   +38     -28     0.32   -0.30
1917 02 18    10 07 40    4   -0.8999  -0.3127   +35     -95     0.11   -0.50
1917 02 18    10 07 40    5   +1.3805  +0.3330   +43     -48     0.18   -0.21
1917 02 18    10 07 40    8   -9.6106  -1.1077   -28     -54     0.42   -0.34
1917 02 20    09 44 31    6   +0.8101  -1.2125   +33      -1     0.22    0.00
1917 02 20    09 44 31    3   -0.7095  -0.2267    -3     +31     0.09    0.05
1917 02 20    09 44 31    4   -0.3800  +0.3339   -46     -27    -0.04   -0.12
1917 02 20    09 44 31    5   -1.4530  -0.1313   +30      +7     0.27    0.11
1917 02 20    09 44 31    8   -9.3671  -1.3133   -51      -2     0.35   -0.01
1917 03 02    10 13 52    6   -2.9788  +0.2418   -71     -25    -0.23    0.04
1917 03 02    10 13 52    2   +0.5612  +0.1877    +9     -10    -0.19    0.06
1917 03 02    10 13 52    3   +0.6173  -0.1466   -66     -16    -0.37   -0.01
1917 03 02    10 13 52    4   +1.0063  +0.0387   -61     +31    -0.46    0.10
1917 03 02    10 13 52    5   -0.3313  -0.5846   -29     +35    -0.18    0.30
1917 03 02    10 13 52    8   -4.7592  -1.7637  -210      +7    -0.15    0.03
1917 03 06    09 50 06    6   -1.5643  -1.3338   -41     -12    -0.23    0.02
1917 03 06    09 50 06    2   +0.6339  +0.0480   -80     -74    -0.49   -0.27
1917 03 06    09 50 06    3   +0.8027  +0.0784   +30     -22     0.12    0.01
1917 03 06    09 50 06    4   -0.9247  +0.0723   -78     -48    -0.32   -0.20
1917 03 06    09 50 06    5   -1.1824  -0.4533   -32     -94    -0.18   -0.48
1917 03 06    09 50 06    8   -1.9004  -1.6323  -196     -41     0.03   -0.14
1917 03 07    08 26 22    6   -0.4320  -1.3476   -69     +56    -0.39    0.38
1917 03 07    08 26 22    3   -0.8033  -0.0764   -47     +19    -0.21   -0.02
1917 03 07    08 26 22    4   +0.1422  -0.3803   +67     +30     0.13    0.15
1917 03 07    08 26 22    5   +0.4751  -0.4789     0     +44     0.02    0.37
1917 03 07    08 26 22    8   -1.1970  -1.5712  -241      +7    -0.26    0.15
1917 03 20    08 37 05    6   -3.0782  -0.7516   +26     -39     0.23   -0.06
1917 03 20    08 37 05    3   -0.6068  +0.1417   -11      -6    -0.07   -0.12
1917 03 20    08 37 05    4   -0.9879  -0.1670   -10      +5    -0.05    0.13
1917 03 20    08 37 05    5   -0.5606  -0.5686   +19      -9     0.11    0.03
1917 03 20    08 37 05    8   +7.4218  -0.1416    +3     -76     0.59    0.12
1917 03 21    09 48 57    6   -2.4251  -1.1210    +3      -4     0.06    0.11
1917 03 21    09 48 57    2   +0.5746  -0.0322   -34      +3    -0.06    0.20
1917 03 21    09 48 57    3   +0.7424  -0.0311   +50      +1     0.28    0.17
1917 03 21    09 48 57    4   +0.8400  -0.1224   +60     +38     0.17    0.15
1917 03 21    09 48 57    5   +1.2106  -0.1509   +53      +6     0.31    0.16
1917 03 23    10 25 23    6   -0.2210  -1.3029   +77     +73     0.49    0.48
1917 03 23    10 25 23    2   -0.5282  +0.0727  +122     +39     0.55    0.06
1917 03 23    10 25 23    3   +0.7812  +0.1144  +103      -2     0.55    0.14
1917 03 23    10 25 23    4   -0.5843  -0.3804   +97     -16     0.40   -0.05
1917 03 23    10 25 23    5   -0.9112  +0.3225   +53     +32     0.45    0.21
1917 03 28    10 22 37    6   +3.0475  +0.6554   +87     +61     0.51    0.31
1917 03 28    10 22 37    2   +0.5771  +0.1561   +53      -2     0.13    0.12
1917 03 28    10 22 37    3   -0.3803  -0.3044   +16     +81     0.22    0.22
1917 03 28    10 22 37    4   -0.9667  -0.0393   +44     +34     0.35    0.29
1917 03 28    10 22 37    5   -1.3472  -0.0395   +60     +34     0.46    0.26
1917 03 30    09 16 49    6   +1.4715  +1.2158    -8     +11     0.07    0.04
1917 03 30    09 16 49    2   -0.6190  -0.0530    +3     -58     0.02   -0.52
1917 03 30    09 16 49    3   -0.2314  -0.3176   -59     +32    -0.22    0.13
1917 03 30    09 16 49    4   +0.3741  +0.3972   -29      -2     0.00   -0.03
1917 03 30    09 16 49    5   +1.1268  -0.1948    +4     -21     0.02   -0.00
1918 02 12    11 36 56    6   +2.1892  +1.0017    +2     -16     0.13   -0.14
1918 02 12    11 36 56    3   -0.3151  -0.2834    +9     +12     0.15    0.14
1918 02 12    11 36 56    4   -0.1201  -0.3341   +40     +44    -0.02    0.25
1918 02 12    11 36 56    5   -1.4734  -0.1425   -25       0    -0.03    0.06
1918 02 15    10 06 50    6   -1.6271  +0.7115   -39    -157     0.05   -0.82
1918 02 15    10 06 50    4   +0.3538  -0.2715   -26     -35    -0.43   -0.24
1918 02 15    10 06 50    5   +0.9208  +0.4545   +33    -124     0.18   -0.75
1918 02 25    09 41 20    6   +3.1694  -0.0366   +46     -38     0.25   -0.29
1918 02 25    09 41 20    3   -0.7959  -0.1626    +7     -63     0.12   -0.47
1918 02 25    09 41 20    4   -1.0095  -0.0267   -85     -61    -0.40   -0.30
1918 02 25    09 41 20    5   -0.8918  +0.2671   -10     -37     0.12   -0.22
1918 02 25    09 41 20    8   +6.0662  +0.8876   +58     -55     0.39   -0.14
1918 03 03    08 51 41    6   -1.6631  +0.7224   -35      +8     0.07    0.17
1918 03 03    08 51 41    3   -0.2854  -0.2903   -83     -34    -0.41   -0.13
1918 03 03    08 51 41    4   -0.6844  -0.3221   +16     +41    -0.06    0.28
1918 03 03    08 51 41    5   -0.6514  -0.4938   -14     -13    -0.05    0.01
1918 03 03    08 51 41    8   +1.6441  +0.8736    +1     +41     0.18    0.14
1918 03 05    10 35 21    6   -3.2877  -0.1313   +39      -1     0.41    0.17
1918 03 05    10 35 21    4   -0.8083  +0.1165   -24     +12     0.04    0.12
1918 03 05    10 35 21    5   +0.9643  +0.4608   +70      +8     0.40    0.06
1918 03 05    10 35 21    8   -0.0237  +0.8109   -13     +15     0.18   -0.04
1918 03 08    10 14 36    6   -2.0531  -1.0918   +39     +20     0.29    0.19
1918 03 08    10 14 36    3   -0.5636  +0.1228   +25     +37     0.15    0.06
1918 03 08    10 14 36    4   -1.0231  -0.0818   +26     +10     0.23    0.12
1918 03 08    10 14 36    5   +0.4156  -0.4018   +20      +9     0.17    0.16
1918 03 08    10 14 36    8   -2.3903  +0.6841   +30     +66     0.49    0.20
1918 03 12    10 23 44    6   +2.5575  -0.4163   -39      -7    -0.25   -0.10
1918 03 12    10 23 44    3   -0.8053  -0.0933   -50     +25    -0.23    0.04
1918 03 12    10 23 44    4   +0.9716  +0.0037    -6     +12    -0.18    0.01
1918 03 12    10 23 44    5   -0.5864  -0.4946   -62      -8    -0.34    0.03
1918 03 12    10 23 44    8   -5.2873  +0.4355   -18     +33     0.15   -0.01
1918 03 13    10 24 00    6   +3.1561  +0.0203   -10     +45    -0.10    0.21
1918 03 13    10 24 00    2   -0.6272  -0.0120   -47     +14    -0.33   -0.05
1918 03 13    10 24 00    3   +0.7920  +0.1450   +39      +7     0.15    0.14
1918 03 13    10 24 00    4   -0.4029  +0.2576   -82     -16    -0.27   -0.06
1918 03 13    10 24 00    5   +1.1858  -0.1285    +3      +8     0.04    0.16
1918 03 13    10 24 00    8   -5.9215  +0.3615     0     +32     0.24   -0.21
1918 03 16    09 33 55    6   +2.0088  +1.0194     0     -17     0.13   -0.13
1918 03 16    09 33 55    3   -0.6523  -0.2426   -18     -66    -0.01   -0.42
1918 03 16    09 33 55    4   -0.8197  +0.0995   -63     -65    -0.20   -0.33
1918 03 16    09 33 55    5   -1.3192  -0.3334    +2     -75     0.07   -0.38
1918 03 16    09 33 55    8   -7.5327  +0.1374   +33      +4     0.41   -0.18
1918 03 30    08 59 14    6   +3.1845  +0.4451   +26     +44     0.15    0.21
1918 03 30    08 59 14    3   +0.7844  +0.1016   +59      +2     0.29    0.12
1918 03 30    08 59 14    4   -0.9920  -0.1205   +53     +20     0.36    0.18
1918 03 30    08 59 14    5   -0.7664  -0.4701   +58      +6     0.38    0.12
1918 03 30    08 59 14    8   -8.1405  -0.8054   -70     +68     0.36    0.33
1918 03 31    09 47 05    6   +2.7521  +0.8021   +37     +24     0.27    0.10
1918 03 31    09 47 05    4   +0.7375  -0.1314   +33     +57    -0.02    0.29
1918 03 31    09 47 05    5   +1.0471  -0.1858    +7      +2     0.07    0.12
1919 02 24    11 23 13    6   -0.2700  -0.7801    +9     +37     0.09    0.19
1919 02 24    11 23 13    4   -0.9511  -0.0128   +56     +10     0.48    0.09
1919 02 24    11 23 13    5   +1.2033  -0.0526   +27      -1     0.20    0.08
1919 02 24    11 23 13    8   -2.4964  -0.0400  -112     +57     0.54    0.45
1919 02 26    10 38 53    6   +2.1184  -0.3684   -86     -41    -0.55   -0.31
1919 02 26    10 38 53    3   -0.6368  +0.0320  -130      +2    -0.80   -0.02
1919 02 26    10 38 53    4   +0.5858  +0.2522   -85     -31    -0.35   -0.19
1919 02 26    10 38 53    5   -0.7974  +0.1855  -149     -55    -0.69   -0.33
1919 02 26    10 38 53    8   -1.0030  -0.0996  -261     -89    -0.47   -0.35
1919 02 27    11 05 31    6   +2.9690  -0.0453   +65      +3     0.34   -0.05
1919 02 27    11 05 31    2   -0.5416  -0.1374   -40     +54    -0.10    0.31
1919 02 27    11 05 31    3   +0.7389  +0.0237   +56     +64     0.33    0.40
1919 02 27    11 05 31    4   -1.0305  -0.1472   -30     +54    -0.17    0.35
1919 02 27    11 05 31    5   -1.3383  -0.2769   -36     +49    -0.12    0.36
1919 02 28    09 58 58    6   +3.3148  +0.2583   +30     -32     0.14   -0.26
1919 02 28    09 58 58    3   -0.7453  -0.0202    -7     +34    -0.03    0.22
1919 02 28    09 58 58    4   +0.7485  -0.0836   +79     -15     0.23   -0.12
1919 02 28    09 58 58    5   +0.2496  -0.3085   +29     -98     0.27   -0.50
1919 03 13    10 45 57    6   +1.1074  -0.6246   +16     -68     0.10   -0.47
1919 03 13    10 45 57    3   -0.4417  +0.1079  -107    +141    -0.68    0.78
1919 03 13    10 45 57    4   -0.6572  -0.2617    -7     -63    -0.14   -0.37
1919 03 13    10 45 57    5   -0.7434  -0.3845   -50    -114    -0.23   -0.61
1919 03 15    10 23 25    6   +2.9739  -0.0284   +44     +41     0.22    0.18
1919 03 15    10 23 25    3   -0.6192  +0.0326   +43      -2     0.24   -0.04
1919 03 15    10 23 25    4   -0.6772  +0.1055   +19     +28     0.33    0.19
1919 03 15    10 23 25    5   +1.1446  +0.3353   -16     +10     0.09    0.06
1919 03 15    10 23 25    8   +9.3310  -0.2285   +66    -112     0.55   -0.05
1919 03 21    09 46 07    6   -1.3472  +0.5518   +63     +53     0.66    0.44
1919 03 21    09 46 07    3   -0.7399  -0.1514   +82     +26     0.56    0.25
1919 03 21    09 46 07    4   -0.9649  -0.1745   +98     +59     0.56    0.37
1919 03 21    09 46 07    5   -1.2784  +0.0117   +50     +59     0.48    0.39
1919 03 26    09 56 04    6   -2.3659  -0.8137   -24      -4    -0.07    0.02
1919 03 26    09 56 04    4   -0.7362  +0.0846   -31     +11     0.01    0.09
1919 03 26    09 56 04    5   -1.3867  -0.2320   -31      +6    -0.09    0.10
1919 03 28    10 02 21    6   -0.0812  -0.7937   -21     +16    -0.10    0.06
1919 03 28    10 02 21    4   +0.7811  +0.2447    +3     +52     0.12    0.30
1919 03 28    10 02 21    5   +1.4073  +0.1168   +18     +10     0.10    0.12
1919 04 04    09 35 43    6   +1.1314  +0.8160   -96      +4    -0.38    0.05
1919 04 04    09 35 43    3   +0.7670  +0.0696   -22     +70    -0.16    0.39
1919 04 04    09 35 43    4   -0.5201  -0.2590   +18     +28    -0.09    0.17
1919 04 04    09 35 43    5   -1.3760  -0.2070   +70     +46     0.52    0.34
1919 04 05    08 53 41    6   -0.1126  +0.7367   -13      -3     0.18    0.05
1919 04 05    08 53 41    2   -0.6073  -0.1051   +52     -24     0.38   -0.18
1919 04 05    08 53 41    3   -0.7748  -0.0827   +32     -36     0.22   -0.16
1919 04 05    08 53 41    4   +1.0035  +0.1353   +49      -8     0.25   -0.08
1919 04 05    08 53 41    5   -0.0767  -0.3504     0     -25     0.08   -0.07
1919 04 05    08 53 41    8   +2.5958  +0.1782    -2     +17    -0.03   -0.01
1919 04 07    09 17 45    6   -2.4220  +0.2455  +110     +10     0.94    0.20
1919 04 07    09 17 45    2   +0.6345  +0.0829   +21     +44     0.07    0.31
1919 04 07    09 17 45    3   -0.7320  -0.1430   +48     +51     0.35    0.40
1919 04 07    09 17 45    5   +0.5327  +0.3791   +11     +53     0.13    0.30
1919 04 07    09 17 45    8   +1.0576  +0.2138   +37     +98     0.25    0.42
1920 03 13    10 56 21    6   -0.6564  -0.4728   -29     +48    -0.14    0.24
1920 03 13    10 56 21    4   -0.5008  +0.0683   -49     +62    -0.07    0.37
1920 03 13    10 56 21    5   -0.8866  -0.2333   -56     +38    -0.23    0.29
1920 03 13    10 56 21    8   -9.6501  +0.7629   -12     +78     0.37    0.33
1920 03 20    10 55 50    6   +1.5982  +0.5139   -41     +21    -0.05    0.17
1920 03 20    10 55 50    2   +0.6445  +0.0551   -22     -70    -0.17   -0.39
1920 03 20    10 55 50    3   +0.6177  +0.0022   -10     +60    -0.05    0.26
1920 03 20    10 55 50    4   +0.7936  -0.0035   +40     +13     0.02    0.08
1920 03 20    10 55 50    5   +0.4761  +0.2286   -14      +3     0.03   -0.01
1920 03 20    10 55 50    8   -8.0733  +0.8719  -162     +10    -0.11    0.03
1920 03 26    10 24 40    6   -3.2520  -0.4326   +31      +8     0.31    0.11
1920 03 26    10 24 40    3   +0.7520  +0.1023   +51     +31     0.23    0.14
1920 03 26    10 24 40    4   +0.9182  +0.1562   +32     +36     0.23    0.21
1920 03 26    10 24 40    5   -1.4087  -0.1700   +59     +26     0.48    0.20
1920 03 26    10 24 40    8   -4.7436  +0.7536   -89     +30     0.63    0.27
1920 03 30    09 50 09    6   +0.6964  -0.3742   +33     -41     0.19   -0.31
1920 03 30    09 50 09    3   +0.4111  +0.1191   +37     +14     0.12    0.11
1920 03 30    09 50 09    4   -1.0122  -0.1322  -121     -72    -0.72   -0.43
1920 03 30    09 50 09    5   -1.1685  -0.0138  -132     -61    -0.60   -0.35
1920 03 30    09 50 09    8   -1.9450  +0.5812  -148      +2     0.18    0.18
1920 03 31    09 48 13    6   +1.8472  -0.1991   -67     -89    -0.44   -0.62
1920 03 31    09 48 13    4   +0.8022  -0.0123   -62     -83     0.16   -0.50
1920 03 31    09 48 13    5   -1.0270  -0.2556   -72    -130    -0.33   -0.72
1920 03 31    09 48 13    8   -1.2057  +0.5166  -153    -133     0.09   -0.62
1920 05 02    10 21 22    6   +1.9494  -0.1609   +78     +38     0.44    0.15
1920 05 02    10 21 22    3   -0.4128  -0.1171    -3     +14     0.07    0.06
1920 05 02    10 21 22    4   -0.7937  -0.1579   +48     +14     0.19    0.08
1920 05 02    10 21 22    5   -0.3115  -0.2267   -30     -22    -0.07   -0.07
1920 05 02    10 21 22    8   -6.4842  -0.7051  +101     -90     0.56   -0.38
1921 03 12    11 24 11    6   -3.3733  -0.2687   +51     -25     0.46   -0.12
1921 03 12    11 24 11    3   +0.7903  +0.0596   +28     +92     0.12    0.63
1921 03 12    11 24 11    5   +0.5475  +0.0731    +2     +63     0.14    0.35
1921 04 02    10 01 34    6   +1.4950  +0.0458   +42     +85     0.20    0.35
1921 04 02    10 01 34    3   +0.7247  +0.0692   +24     +56     0.05    0.46
1921 04 02    10 01 34    4   +0.9772  +0.0817   +46     +61     0.15    0.39
1921 04 02    10 01 34    5   +0.6636  +0.0336   +11     +81     0.17    0.52
1921 04 02    10 01 34    8   -3.8916  -0.4356   +87    +131     0.23    0.46
1921 04 09    09 31 34    6   -0.6383  +0.0529   -73     +57    -0.16    0.45
1921 04 09    09 31 34    2   +0.4881  +0.0386   -43     +78    -0.30    0.48
1921 04 09    09 31 34    8   -7.9338  +0.4595   +89    +126     0.37    0.49
1921 04 11    10 06 37    6   -2.7711  -0.1656    -2     -11     0.22    0.02
1921 04 11    10 06 37    3   +0.4184  +0.0059    +8     +40     0.09    0.24
1921 04 11    10 06 37    5   +0.6156  +0.0209   +19     +56     0.24    0.38
1921 04 11    10 06 37    8   -8.6506  +0.6895   +66     +57     0.38    0.11
1922 03 21    11 39 29    6   +2.9202  +0.2878    -3     +42    -0.12    0.23
1922 03 21    11 39 29    2   -0.5857  -0.0567   -50     +34    -0.26    0.19
1922 03 21    11 39 29    3   +0.7405  +0.0365    -6     +25    -0.12    0.22
1922 03 21    11 39 29    4   +0.8836  +0.1089   +52     +76     0.15    0.49
1922 03 21    11 39 29    5   +1.3293  +0.1379    -8     +38    -0.01    0.21
1922 03 21    11 39 29    8   -1.1988  +1.8780   -75      -7     0.12    0.28
1922 03 27    11 59 06    6   -1.5101  -0.3276   -26     +46     0.12    0.36
1922 03 27    11 59 06    4   +0.7617  -0.0010   -17     +84    -0.02    0.51
1922 04 21    10 25 50    6   +2.2682  +0.3030  -150     +81    -1.00    0.44
1922 04 21    10 25 50    3   -0.7614  -0.0554  -116    +158    -0.62    0.82
1922 04 21    10 25 50    5   +0.4414  +0.1350   -32     +69    -0.05    0.44
1922 04 23    10 06 13    6   +3.1326  +0.1919   -75     +89    -0.47    0.56
1922 04 23    10 06 13    2   -0.6252  -0.0371   -61    +113    -0.33    0.66
1922 04 23    10 06 13    3   -0.7891  -0.0494  -119     +95    -0.64    0.46
1922 04 23    10 06 13    4   +0.9613  +0.0925    -5     +86    -0.15    0.55
1922 04 23    10 06 13    8   +5.5647  -2.0969   +25     +24    -0.12    0.13
1922 04 25    09 59 55    6   +2.0047  -0.0329   -53     +73    -0.14    0.53
1922 04 25    09 59 55    2   +0.5779  +0.0626   +40     +55     0.19    0.34
1922 04 25    09 59 55    3   -0.7148  -0.0301   -35     +85    -0.12    0.46
1922 04 25    09 59 55    5   -0.5708  +0.0571   -84     +79    -0.35    0.51
1922 04 25    09 59 55    8   +4.2657  -1.9954   +59    +146     0.05    0.80
1922 05 03    10 33 22    6   -2.1644  +0.0127   -48    -119    -0.22   -0.78
1922 05 03    10 33 22    4   -0.7299  -0.0224   -38    -182    -0.33   -1.09
1922 05 03    10 33 22    5   -1.3412  -0.1299   -56     -95    -0.16   -0.56