N1465179727_2 2004 06 06  01 58 05.906  019.615527  0.000073  +02.686992  0.000073  19.586931   2.689657   67.838083   	472.91  585.66 22
N1465225747_2 2004 06 06  14 45 05.606  019.611796  0.000106  +02.683538  0.000102  19.599308   2.690604   67.821273   	478.71  537.39 22
N1465265047_2 2004 06 07  01 40 05.350  019.609827  0.000148  +02.680546  0.000225  19.578273   2.690572   67.817535   	449.77  585.52 21
N1465285867_2 2004 06 07  07 27 05.215  019.609064  0.000073  +02.679387  0.000084  19.578734   2.689097   67.836303   	451.99  582.59 18
N1465323368_2 2004 06 07  17 52 05.970  019.609344  0.000072  +02.676823  0.000089  19.591590   2.698360   67.832448   	433.88  535.68 21
N1465399028_2 2004 06 08  14 53 05.478  019.615561  0.000128  +02.672573  0.000229  19.593439   2.701116   67.837786   	410.18  539.76 24
N1465524429_2 2004 06 10  01 43 05.661  019.664402  0.000064  +02.666385  0.000069  19.603010   2.649620   67.832202   	489.32  695.43 19
N1465525907_1 2004 06 10  02 07 42.236  019.665610  0.000062  +02.665890  0.000081  19.610506   2.635072   67.829561   	534.14  693.93 28
N1465529617_1 2004 06 10  03 09 32.211  019.668802  0.000053  +02.665898  0.000054  19.612883   2.636825   67.828914   	528.53  694.21 29
N1465533327_1 2004 06 10  04 11 21.787  019.671666  0.000054  +02.665484  0.000052  19.616005   2.637104   67.843280   	526.99  692.75 28
N1465533361_1 2004 06 10  04 11 53.995  019.671900  0.000052  +02.665655  0.000058  19.615947   2.636990   67.839425   	527.43  693.85 29
N1465535189_1 2004 06 10  04 42 23.275  019.673231  0.000072  +02.665616  0.000086  19.669235   2.656657   67.835805   	531.29  532.12 30
N1465536618_1 2004 06 10  05 05 59.066  019.675401  0.000062  +02.665052  0.000061  19.619907   2.636440   67.864570   	527.87  692.55 17
N1465536652_1 2004 06 10  05 06 45.673  019.675504  0.000069  +02.665000  0.000069  19.619304   2.636142   67.837221   	527.67  694.73 12
N1465536758_1 2004 06 10  05 07 54.077  019.675426  0.000076  +02.664712  0.000076  19.619378   2.636189   67.811068   	526.85  693.96 9
N1465536816_1 2004 06 10  05 09 20.080  019.675630  0.000077  +02.664977  0.000078  19.619815   2.636330   67.870910   	527.63  693.45 9
N1465536850_1 2004 06 10  05 10 04.284  019.675166  0.000076  +02.664778  0.000089  19.619901   2.635617   67.844751   	529.54  692.54 10
N1465536884_1 2004 06 10  05 10 37.684  019.675551  0.000055  +02.665332  0.000054  19.619487   2.636014   67.836264   	529.06  694.87 28
N1465536926_1 2004 06 10  05 11 14.091  019.675332  0.000073  +02.665363  0.000079  19.620024   2.635662   67.835225   	530.92  693.25 11
N1465536968_1 2004 06 10  05 11 56.091  019.675732  0.000076  +02.665290  0.000078  19.619081   2.636455   67.842665   	527.13  695.92 10
N1465537010_1 2004 06 10  05 12 38.091  019.676049  0.000068  +02.665179  0.000067  19.619177   2.635325   67.856137   	529.68  697.63 13
N1465537036_1 2004 06 10  05 13 11.194  019.675574  0.000055  +02.665016  0.000064  19.619581   2.635956   67.843256   	528.46  694.39 29
N1465537070_1 2004 06 10  05 13 42.998  019.675369  0.000057  +02.664858  0.000070  19.619814   2.635907   67.837712   	528.63  693.09 30
N1465538898_1 2004 06 10  05 44 12.251  019.677158  0.000050  +02.665304  0.000048  19.672831   2.656158   67.837642   	531.43  533.22 30
N1465540327_1 2004 06 10  06 07 48.042  019.678750  0.000064  +02.665219  0.000064  19.623837   2.636004   67.841329   	530.06  691.65 15
N1465540361_1 2004 06 10  06 08 34.649  019.678629  0.000071  +02.665542  0.000072  19.622993   2.635847   67.834085   	530.54  694.13 11
N1465540467_1 2004 06 10  06 09 43.052  019.678839  0.000076  +02.665234  0.000077  19.623266   2.635816   67.912803   	530.11  693.63 9
N1465540525_1 2004 06 10  06 11 09.056  019.678918  0.000075  +02.665189  0.000081  19.623344   2.635903   67.849079   	529.55  693.51 9
N1465540559_1 2004 06 10  06 11 53.260  019.678869  0.000071  +02.665132  0.000073  19.623592   2.634885   67.859141   	532.50  693.76 11
N1465540593_1 2004 06 10  06 12 26.659  019.678976  0.000054  +02.665178  0.000052  19.623372   2.635451   67.828034   	530.64  694.08 28
N1465540635_1 2004 06 10  06 13 03.067  019.679166  0.000070  +02.665217  0.000072  19.623896   2.634981   67.858855   	532.48  693.73 12
N1465540677_1 2004 06 10  06 13 45.067  019.679177  0.000071  +02.665177  0.000071  19.622884   2.635409   67.867298   	530.12  695.97 11
N1465540719_1 2004 06 10  06 14 27.066  019.679097  0.000070  +02.665283  0.000072  19.622946   2.634662   67.823794   	532.44  696.54 11
N1465540745_1 2004 06 10  06 15 00.170  019.679249  0.000053  +02.665316  0.000055  19.623664   2.635822   67.843183   	530.08  693.77 29
N1465540779_1 2004 06 10  06 15 31.974  019.679065  0.000050  +02.665083  0.000052  19.623765   2.635701   67.839625   	530.08  692.88 31
N1465542608_1 2004 06 10  06 46 02.227  019.681326  0.000052  +02.665424  0.000070  19.676564   2.655877   67.842207   	532.04  534.83 30
N1465544037_2 2004 06 10  07 09 38.017  019.683127  0.000084  +02.665014  0.000102  19.627138   2.636480   67.809512   	526.94  693.81 8
N1465544071_1 2004 06 10  07 10 24.625  019.682902  0.000069  +02.665011  0.000075  19.626264   2.636263   67.837140   	526.89  695.79 12
N1465544177_1 2004 06 10  07 11 33.028  019.682820  0.000091  +02.665231  0.000099  19.626584   2.636225   67.840218   	528.04  694.99 6
N1465544235_1 2004 06 10  07 12 59.032  019.683348  0.000070  +02.664818  0.000074  19.626690   2.636410   67.836239   	525.95  695.47 11
N1465544269_1 2004 06 10  07 13 43.236  019.683265  0.000073  +02.665027  0.000080  19.626692   2.635384   67.830942   	529.36  696.60 11
N1465544303_1 2004 06 10  07 14 16.635  019.683171  0.000055  +02.665203  0.000054  19.626638   2.636252   67.841460   	527.57  695.73 28
N1465544345_1 2004 06 10  07 14 53.043  019.683232  0.000082  +02.665102  0.000088  19.626933   2.635867   67.837323   	528.58  695.41 8
N1465544387_1 2004 06 10  07 15 35.043  019.683284  0.000067  +02.665031  0.000071  19.625990   2.636142   67.845211   	526.58  697.71 14
N1465544429_1 2004 06 10  07 16 17.042  019.683480  0.000077  +02.665089  0.000089  19.626088   2.635352   67.860948   	528.81  698.90 10
N1465544455_1 2004 06 10  07 16 50.146  019.683349  0.000056  +02.665103  0.000056  19.626704   2.636363   67.835889   	526.86  695.80 26
N1465544489_1 2004 06 10  07 17 21.950  019.683421  0.000052  +02.664574  0.000062  19.626921   2.636406   67.837593   	525.48  694.78 31
N1465546317_1 2004 06 10  07 47 51.203  019.686013  0.000056  +02.665012  0.000060  19.680634   2.655661   67.838905   	530.83  536.28 30
N1465547746_1 2004 06 10  08 11 26.993  019.686950  0.000065  +02.664932  0.000071  19.631240   2.636155   67.837067   	527.99  693.32 15
N1465547780_1 2004 06 10  08 12 13.601  019.686975  0.000073  +02.665029  0.000080  19.630487   2.635994   67.839449   	527.84  695.70 10
N1465547886_1 2004 06 10  08 13 22.004  019.686985  0.000084  +02.664938  0.000089  19.630560   2.635945   67.852969   	527.84  695.48 7
N1465547944_1 2004 06 10  08 14 48.008  019.687099  0.000073  +02.664978  0.000076  19.630712   2.635789   67.831506   	528.34  695.60 10
N1465547978_1 2004 06 10  08 15 32.211  019.687210  0.000074  +02.664895  0.000083  19.630990   2.634954   67.849472   	530.61  695.97 10
N1465548012_1 2004 06 10  08 16 05.611  019.687228  0.000055  +02.664891  0.000056  19.630717   2.635649   67.841860   	528.38  695.99 26
N1465548054_1 2004 06 10  08 16 42.019  019.687237  0.000075  +02.664983  0.000084  19.631067   2.635294   67.841054   	529.96  695.56 10
N1465548096_1 2004 06 10  08 17 24.018  019.687257  0.000078  +02.664975  0.000090  19.630106   2.635583   67.835242   	528.06  697.88 9
N1465548138_1 2004 06 10  08 18 06.018  019.687373  0.000077  +02.664908  0.000083  19.630460   2.634821   67.845383   	530.23  698.00 9
N1465548164_1 2004 06 10  08 18 39.122  019.687431  0.000053  +02.664929  0.000060  19.631002   2.635805   67.835326   	528.13  695.64 29
N1465548198_1 2004 06 10  08 19 10.926  019.687405  0.000053  +02.664870  0.000055  19.631088   2.635673   67.829591   	528.43  695.42 30
N1465550027_1 2004 06 10  08 49 41.178  019.689569  0.000051  +02.664921  0.000051  19.684080   2.656604   67.840489   	527.92  535.44 29
N1465551456_1 2004 06 10  09 13 16.969  019.691192  0.000062  +02.664936  0.000069  19.635596   2.635602   67.824906   	529.58  693.63 17
N1465551490_1 2004 06 10  09 14 03.577  019.691396  0.000071  +02.664811  0.000071  19.634840   2.635449   67.815490   	528.57  696.25 11
N1465551596_1 2004 06 10  09 15 11.980  019.691676  0.000084  +02.664965  0.000089  19.635308   2.635360   67.877364   	529.63  695.99 7
N1465551654_1 2004 06 10  09 16 37.984  019.691444  0.000074  +02.664908  0.000079  19.635237   2.635358   67.831460   	529.51  695.51 10
N1465551688_1 2004 06 10  09 17 22.187  019.691314  0.000067  +02.664634  0.000080  19.635416   2.634488   67.841101   	531.49  695.33 12
N1465551722_1 2004 06 10  09 17 55.587  019.691681  0.000056  +02.664551  0.000070  19.635356   2.635093   67.833273   	529.14  695.73 24
N1465551764_1 2004 06 10  09 18 31.995  019.691735  0.000059  +02.664823  0.000059  19.635812   2.634628   67.870463   	531.69  695.44 22
N1465551806_1 2004 06 10  09 19 13.994  019.691644  0.000058  +02.664890  0.000063  19.634776   2.635172   67.853513   	529.31  697.47 23
N1465551848_1 2004 06 10  09 19 55.994  019.691742  0.000056  +02.664845  0.000062  19.634939   2.634328   67.835551   	531.48  698.18 23
N1465551874_3 2004 06 10  09 20 29.098  019.691857  0.000056  +02.664967  0.000053  19.635620   2.635255   67.838434   	529.94  695.77 27
N1465551908_1 2004 06 10  09 21 00.901  019.691651  0.000051  +02.664888  0.000056  19.635698   2.635050   67.841622   	530.60  695.14 30
N1465553736_1 2004 06 10  09 51 30.154  019.694021  0.000051  +02.664772  0.000062  19.688870   2.655535   67.834686   	530.77  535.54 29
N1465555165_1 2004 06 10  10 15 05.945  019.695669  0.000061  +02.664671  0.000069  19.640379   2.635149   67.853015   	530.51  693.00 18
N1465555199_1 2004 06 10  10 15 52.553  019.695891  0.000071  +02.664536  0.000074  19.639561   2.634973   67.852249   	529.48  695.85 11
N1465555305_1 2004 06 10  10 17 00.956  019.695924  0.000090  +02.664684  0.000108  19.639912   2.635112   67.835887   	529.80  695.01 7
N1465555363_1 2004 06 10  10 18 26.959  019.696236  0.000074  +02.664514  0.000086  19.640061   2.635210   67.845517   	528.93  695.15 10
N1465555397_1 2004 06 10  10 19 11.163  019.696172  0.000073  +02.664602  0.000078  19.640218   2.634317   67.855824   	531.85  695.63 10
N1465555431_1 2004 06 10  10 19 44.563  019.696163  0.000056  +02.664584  0.000066  19.639930   2.635110   67.831992   	529.28  695.50 24
N1465555473_1 2004 06 10  10 20 20.970  019.696409  0.000070  +02.664631  0.000069  19.640389   2.634733   67.829442   	530.65  695.39 12
N1465555515_1 2004 06 10  10 21 02.970  019.696448  0.000082  +02.664607  0.000089  19.639357   2.635335   67.831386   	527.79  697.59 8
N1465555557_1 2004 06 10  10 21 44.970  019.696389  0.000076  +02.664660  0.000085  19.639480   2.634565   67.837544   	530.23  698.00 9
N1465555583_1 2004 06 10  10 22 18.074  019.696635  0.000056  +02.664726  0.000055  19.640067   2.635597   67.837371   	528.00  696.02 28
N1465555617_1 2004 06 10  10 22 49.877  019.696393  0.000052  +02.664515  0.000057  19.640142   2.635435   67.839182   	528.22  695.11 29
N1465557445_1 2004 06 10  10 53 19.130  019.699149  0.000051  +02.664396  0.000059  19.694017   2.654828   67.842578   	531.69  535.85 28
N1465558874_1 2004 06 10  11 16 54.921  019.701424  0.000060  +02.664284  0.000063  19.644573   2.635999   67.860092   	525.48  695.85 18
N1465558908_1 2004 06 10  11 17 41.528  019.701120  0.000068  +02.664310  0.000076  19.643751   2.635961   67.844937   	525.04  697.32 12
N1465559014_1 2004 06 10  11 18 49.932  019.701450  0.000082  +02.664114  0.000100  19.644165   2.635867   67.843568   	524.85  696.98 8
N1465559072_1 2004 06 10  11 20 15.935  019.701514  0.000072  +02.664248  0.000080  19.644245   2.635954   67.841848   	524.99  696.99 10
N1465559106_1 2004 06 10  11 21 00.139  019.701685  0.000076  +02.664245  0.000082  19.644361   2.635118   67.860829   	527.24  698.05 10
N1465559140_1 2004 06 10  11 21 33.539  019.701746  0.000056  +02.663902  0.000061  19.644310   2.635794   67.830988   	524.27  697.24 21
N1465559182_1 2004 06 10  11 22 09.946  019.701540  0.000072  +02.664422  0.000081  19.644783   2.635247   67.839447   	527.92  696.58 10
N1465559224_1 2004 06 10  11 22 51.946  019.701794  0.000073  +02.664073  0.000080  19.643669   2.635655   67.825778   	524.33  699.44 10
N1465559266_1 2004 06 10  11 23 33.946  019.701646  0.000075  +02.664325  0.000081  19.643965   2.634909   67.852629   	527.60  699.33 9
N1465559292_1 2004 06 10  11 24 07.049  019.701739  0.000052  +02.664353  0.000059  19.644662   2.635881   67.832112   	525.65  696.67 29
N1465559326_1 2004 06 10  11 24 38.853  019.701780  0.000051  +02.664112  0.000055  19.644740   2.635722   67.838957   	525.49  696.48 28
N1465559352_1 2004 06 10  11 25 07.057  019.701517  0.000069  +02.664078  0.000078  19.644772   2.635592   67.837348   	526.07  695.79 11
N1465559386_1 2004 06 10  11 25 38.864  019.701743  0.000061  +02.664323  0.000068  19.644765   2.635627   67.840918   	526.39  696.65 16
N1465561155_1 2004 06 10  11 55 09.106  019.704400  0.000055  +02.664314  0.000068  19.698846   2.655282   67.841929   	529.78  536.40 28
N1465562584_1 2004 06 10  12 18 44.897  019.706756  0.000060  +02.664175  0.000069  19.650354   2.634612   67.830572   	529.33  696.05 17
N1465562618_1 2004 06 10  12 19 31.504  019.706943  0.000070  +02.663889  0.000077  19.649603   2.634313   67.841824   	528.37  698.59 11
N1465562724_1 2004 06 10  12 20 39.908  019.707049  0.000072  +02.664019  0.000080  19.649950   2.634483   67.833196   	528.50  697.90 10
N1465562782_1 2004 06 10  12 22 05.911  019.706944  0.000072  +02.664382  0.000085  19.650028   2.634437   67.828753   	529.79  697.86 11
N1465562816_1 2004 06 10  12 22 50.115  019.707205  0.000072  +02.663774  0.000082  19.650208   2.633418   67.883932   	530.99  698.51 10
N1465562850_1 2004 06 10  12 23 23.514  019.707227  0.000051  +02.664028  0.000058  19.649991   2.634160   67.846812   	529.29  698.63 29
N1465562892_1 2004 06 10  12 23 59.922  019.707343  0.000072  +02.663916  0.000077  19.650555   2.633763   67.834416   	530.51  697.74 10
N1465562934_1 2004 06 10  12 24 41.922  019.707442  0.000076  +02.663935  0.000079  19.649592   2.633982   67.845474   	528.84  700.38 9
N1465562976_1 2004 06 10  12 25 23.921  019.707287  0.000072  +02.664085  0.000082  19.649744   2.633331   67.824304   	531.27  700.44 10
N1465563002_1 2004 06 10  12 25 57.025  019.707370  0.000052  +02.664098  0.000061  19.650397   2.634470   67.842957   	528.92  697.66 28
N1465563036_1 2004 06 10  12 26 28.829  019.707709  0.000055  +02.663591  0.000060  19.650407   2.634457   67.842356   	527.22  698.00 30
N1465563062_1 2004 06 10  12 26 57.033  019.707487  0.000072  +02.663635  0.000085  19.650336   2.634484   67.825875   	527.38  697.62 12
N1465563096_1 2004 06 10  12 27 28.840  019.707512  0.000058  +02.663842  0.000063  19.650451   2.634462   67.845825   	528.16  697.62 18
N1465564864_1 2004 06 10  12 56 58.082  019.710083  0.000051  +02.664138  0.000063  19.704616   2.654123   67.830541   	532.52  537.25 28
N1465566293_1 2004 06 10  13 20 33.873  019.712400  0.000066  +02.663698  0.000077  19.656286   2.634126   67.846267   	529.72  695.28 13
N1465566327_1 2004 06 10  13 21 20.480  019.712357  0.000065  +02.663875  0.000069  19.655469   2.634107   67.818027   	529.31  697.59 13
N1465566433_1 2004 06 10  13 22 28.883  019.712581  0.000083  +02.663805  0.000103  19.655797   2.634028   67.843699   	529.53  697.31 8
N1465566491_1 2004 06 10  13 23 54.887  019.712698  0.000079  +02.663483  0.000089  19.655857   2.633958   67.838518   	528.77  697.19 8
N1465566525_1 2004 06 10  13 24 39.091  019.712682  0.000071  +02.663770  0.000085  19.656041   2.633260   67.817177   	531.58  697.74 11
N1465566559_1 2004 06 10  13 25 12.490  019.712724  0.000054  +02.663843  0.000066  19.655839   2.634071   67.838412   	529.39  697.58 26
N1465566601_1 2004 06 10  13 25 48.898  019.712789  0.000054  +02.663764  0.000063  19.656396   2.633532   67.838482   	531.17  696.76 25
N1465566643_1 2004 06 10  13 26 30.898  019.712731  0.000060  +02.663853  0.000072  19.655253   2.634048   67.823475   	528.78  699.22 18
N1465566685_1 2004 06 10  13 27 12.897  019.712880  0.000055  +02.663716  0.000064  19.655389   2.633473   67.846897   	530.02  699.73 23
N1465566711_1 2004 06 10  13 27 46.001  019.712988  0.000051  +02.663681  0.000053  19.656074   2.634273   67.840308   	528.38  697.26 29
N1465566745_1 2004 06 10  13 28 17.805  019.712922  0.000054  +02.663625  0.000071  19.656141   2.634391   67.834456   	528.04  696.71 30
N1465566771_1 2004 06 10  13 28 46.008  019.713008  0.000070  +02.663791  0.000083  19.656175   2.634310   67.837809   	528.66  697.12 11
N1465566805_1 2004 06 10  13 29 17.816  019.712976  0.000060  +02.663787  0.000067  19.656198   2.634388   67.847213   	528.53  696.88 17
N1465571469_2 2004 06 10  14 47 05.354  019.721020  0.000062  +02.662627  0.000083  19.642460   2.655079   67.834450   	445.60  731.58 20
N1465624075_2 2004 06 11  05 23 48.096  019.915733  0.000051  +02.656835  0.000051  19.916324   2.657658   67.841104   	509.93  509.00 25
N1465624789_1 2004 06 11  05 35 41.403  019.921377  0.000087  +02.656691  0.000082  19.920733   2.658890   67.847968   	504.86  510.82 7
N1465624826_1 2004 06 11  05 36 18.403  019.921848  0.000080  +02.656549  0.000076  19.921061   2.658723   67.836430   	504.77  511.23 8
N1465624900_1 2004 06 11  05 37 33.110  019.922071  0.000076  +02.656363  0.000072  19.922071   2.657589   67.831439   	508.19  510.15 10
N1465624929_2 2004 06 11  05 38 03.218  019.922324  0.000053  +02.656585  0.000053  19.922198   2.658405   67.845903   	506.45  509.84 23
N1465624966_1 2004 06 11  05 38 37.522  019.922353  0.000050  +02.656285  0.000052  19.922583   2.658269   67.844332   	506.40  508.70 25
N1465635355_2 2004 06 11  08 31 48.023  020.023954  0.000058  +02.652344  0.000055  20.025220   2.654752   67.857176   	506.39  505.44 30
N1465636203_2 2004 06 11  08 45 57.117  020.033793  0.000070  +02.652766  0.000113  20.035106   2.656119   67.861106   	503.89  504.28 30
N1465636240_2 2004 06 11  08 46 31.425  020.034299  0.000070  +02.652355  0.000089  20.035485   2.656263   67.861719   	502.25  504.01 33
N1465638175_2 2004 06 11  09 18 48.004  020.061381  0.000099  +02.651963  0.000146  20.063413   2.652555   67.867645   	512.13  505.37 28
N1465638719_2 2004 06 11  09 27 51.320  020.070042  0.000055  +02.651006  0.000051  20.069888   2.655011   67.872317   	500.52  507.52 27
N1465638756_2 2004 06 11  09 28 28.320  020.070381  0.000055  +02.651069  0.000052  20.070408   2.654948   67.874924   	501.06  507.17 32
N1465639027_1 2004 06 11  09 33 01.157  020.074361  0.000056  +02.651065  0.000052  20.075171   2.653876   67.872820   	504.80  506.23 30
N1465639064_1 2004 06 11  09 33 35.465  020.074843  0.000054  +02.650622  0.000060  20.075773   2.653938   67.861102   	503.57  505.35 33
N1465640995_2 2004 06 11  10 05 47.986  020.107532  0.000053  +02.649740  0.000050  20.106595   2.653008   67.871008   	501.65  510.44 33
N1465641843_1 2004 06 11  10 19 57.080  020.123335  0.000055  +02.649811  0.000050  20.121390   2.652192   67.865391   	502.94  514.13 31
N1465641880_2 2004 06 11  10 20 31.388  020.123831  0.000051  +02.649189  0.000051  20.122013   2.652207   67.871805   	501.36  513.09 35
N1465643815_2 2004 06 11  10 52 47.968  020.160287  0.000059  +02.648644  0.000054  20.159438   2.649728   67.873224   	507.64  512.60 28
N1465644285_1 2004 06 11  11 00 39.476  020.170967  0.000072  +02.647961  0.000070  20.168414   2.650581   67.877565   	501.63  515.51 11
N1465644359_2 2004 06 11  11 01 51.284  020.171477  0.000058  +02.648127  0.000055  20.170053   2.649538   67.873271   	506.13  513.79 25
N1465644396_1 2004 06 11  11 02 28.283  020.172298  0.000056  +02.647904  0.000055  20.170886   2.649297   67.872534   	506.19  513.78 27
N1465644667_1 2004 06 11  11 07 01.121  020.178471  0.000056  +02.647897  0.000056  20.176741   2.649113   67.875391   	506.32  514.83 29
N1465644704_1 2004 06 11  11 07 35.428  020.178729  0.000053  +02.647558  0.000056  20.177300   2.649793   67.879762   	503.90  512.90 32
N1465646635_1 2004 06 11  11 39 47.949  020.222726  0.000056  +02.646451  0.000054  20.221414   2.647971   67.881226   	505.96  513.37 30
N1465647483_2 2004 06 11  11 53 57.044  020.243698  0.000059  +02.646226  0.000055  20.242135   2.648236   67.881103   	504.36  513.51 28
N1465647520_1 2004 06 11  11 54 31.351  020.244136  0.000055  +02.645762  0.000055  20.242880   2.648697   67.886195   	502.20  511.67 32
N1465649455_1 2004 06 11  12 26 47.931  020.298177  0.000058  +02.644697  0.000054  20.297349   2.645850   67.893170   	507.48  512.47 36
N1465649999_2 2004 06 11  12 35 51.247  020.315324  0.000060  +02.643575  0.000059  20.313829   2.644972   67.897365   	506.09  514.00 27
N1465650036_2 2004 06 11  12 36 28.247  020.315981  0.000061  +02.644070  0.000058  20.315008   2.645031   67.892403   	507.84  513.07 28
N1465650307_1 2004 06 11  12 41 01.084  020.324315  0.000059  +02.643658  0.000059  20.323150   2.646252   67.896283   	503.22  511.80 29
N1465650344_1 2004 06 11  12 41 35.392  020.325084  0.000060  +02.643791  0.000055  20.324017   2.646169   67.900235   	503.91  511.77 33
N1465652275_1 2004 06 11  13 13 47.913  020.391947  0.000061  +02.642442  0.000064  20.391515   2.644052   67.899729   	506.68  510.90 32
N1465652463_2 2004 06 11  13 16 57.011  020.398940  0.000062  +02.642442  0.000064  20.399705   2.641856   67.903767   	513.92  510.08 29
N1465652500_2 2004 06 11  13 17 31.319  020.400155  0.000060  +02.642159  0.000061  20.400813   2.642281   67.905534   	511.89  509.59 36
N1465661954_2 2004 06 11  15 55 06.850  021.030513  0.000141  +02.620864  0.000144  21.022114   2.639815   68.330069   	451.15  513.83 3
N1465662470_2 2004 06 11  16 03 42.166  021.089792  0.000161  +02.617790  0.000159  21.085300   2.624195   68.253681   	489.32  516.73 2
N1465662798_2 2004 06 11  16 09 12.003  021.134568  0.000172  +02.619464  0.000146  21.129803   2.624466   68.087815   	492.80  518.93 3
N1465664794_2 2004 06 11  16 42 27.431  021.446247  0.000106  +02.605226  0.000106  21.440730   2.610900   68.032347   	490.16  520.21 19
N1465665626_2 2004 06 11  16 56 21.226  021.613134  0.000115  +02.603078  0.000118  21.611070   2.601933   68.063477   	512.35  518.32 16
N1465700275_2 2004 06 12  02 33 46.000  198.750119  0.000062  -02.692206  0.000068  198.744320  -2.703269  292.119569   475.28  508.00 28
N1465700301_2 2004 06 12  02 34 14.708  198.750122  0.000059  -02.692537  0.000058  198.745773  -2.702047  292.122161   481.06  510.21 29
N1465700359_2 2004 06 12  02 35 04.011  198.751891  0.000077  -02.692497  0.000081  198.748283  -2.700279  292.054870   486.54  510.28 10
N1465700427_2 2004 06 12  02 36 18.918  198.754102  0.000062  -02.692989  0.000061  198.751498  -2.698796  292.121002   492.97  510.85 23
N1465700461_2 2004 06 12  02 36 52.918  198.755190  0.000060  -02.692911  0.000060  198.752469  -2.698662  292.108676   492.99  510.47 26
N1465701161_2 2004 06 12  02 48 33.594  198.776306  0.000059  -02.692477  0.000060  198.772957  -2.698245  292.120594   492.26  508.80 28
N1465703095_2 2004 06 12  03 20 45.982  198.829021  0.000057  -02.690751  0.000054  198.825988  -2.694718  292.105381   497.47  507.67 36
N1465703121_2 2004 06 12  03 21 14.689  198.829716  0.000055  -02.691076  0.000054  198.826949  -2.694150  292.109513   500.17  507.41 32
N1465703980_2 2004 06 12  03 35 32.576  198.850906  0.000053  -02.689976  0.000053  198.847390  -2.693928  292.106670   496.98  506.35 37
N1465705915_2 2004 06 12  04 07 45.963  198.893355  0.000055  -02.688977  0.000058  198.890345  -2.692379  292.093738   499.02  507.11 35
N1465705941_5 2004 06 12  04 08 14.671  198.894081  0.000062  -02.688609  0.000069  198.890975  -2.692217  292.101304   498.36  507.08 31
N1465705999_2 2004 06 12  04 09 03.974  198.894932  0.000075  -02.688596  0.000082  198.892075  -2.691861  292.078846   499.56  507.37 14
N1465706067_2 2004 06 12  04 10 18.882  198.896619  0.000066  -02.688203  0.000067  198.894217  -2.690910  292.104601   501.56  507.99 21
N1465706101_2 2004 06 12  04 10 52.882  198.897134  0.000059  -02.688375  0.000059  198.894864  -2.691117  292.084558   501.61  508.38 30
N1465706801_2 2004 06 12  04 22 33.557  198.910842  0.000058  -02.687795  0.000054  198.908284  -2.691643  292.096112   498.31  508.82 33
N1465708735_2 2004 06 12  04 54 45.945  198.943930  0.000050  -02.687056  0.000055  198.942910  -2.692158  292.092784   496.61  514.34 38
N1465708761_2 2004 06 12  04 55 14.652  198.944381  0.000051  -02.686647  0.000056  198.943250  -2.692459  292.088019   494.57  514.82 35
N1465709620_2 2004 06 12  05 09 32.539  198.959181  0.000050  -02.686102  0.000050  198.958712  -2.690196  292.081864   499.93  514.72 37
N1465711555_2 2004 06 12  05 41 45.926  198.989625  0.000050  -02.685403  0.000048  198.988223  -2.690252  292.086434   496.87  513.03 35
N1465711581_2 2004 06 12  05 42 14.634  198.990019  0.000052  -02.685109  0.000050  198.988708  -2.689999  292.081295   496.86  513.32 29
N1465711639_2 2004 06 12  05 43 03.938  198.990644  0.000064  -02.685118  0.000063  198.989573  -2.689817  292.086986   497.64  513.76 14
N1465711707_5 2004 06 12  05 44 18.845  198.991878  0.000052  -02.685032  0.000051  198.990969  -2.689315  292.076233   498.94  513.74 29
N1465711741_2 2004 06 12  05 44 52.845  198.992358  0.000051  -02.685106  0.000049  198.991496  -2.689538  292.079811   498.59  514.03 32
N1465712441_2 2004 06 12  05 56 33.521  199.002439  0.000050  -02.684769  0.000048  199.001044  -2.689866  292.085247   496.21  513.32 33
N1465714375_2 2004 06 12  06 28 45.908  199.028785  0.000047  -02.684096  0.000047  199.026631  -2.689700  292.078198   494.01  511.83 40
N1465714401_2 2004 06 12  06 29 14.616  199.029090  0.000048  -02.684280  0.000050  199.027168  -2.689605  292.083959   495.02  512.15 37
N1465715260_2 2004 06 12  06 43 32.502  199.039917  0.000047  -02.683925  0.000048  199.039253  -2.686563  292.080563   503.65  512.60 41
N1465717195_2 2004 06 12  07 15 45.890  199.063202  0.000047  -02.682669  0.000044  199.060171  -2.688692  292.077887   491.92  509.92 40
N1465717221_2 2004 06 12  07 16 14.597  199.063401  0.000047  -02.682591  0.000048  199.060648  -2.688642  292.076985   492.15  510.70 36
N1465717279_2 2004 06 12  07 17 03.901  199.064053  0.000055  -02.682655  0.000053  199.060882  -2.688758  292.076133   491.55  509.63 21
N1465717313_2 2004 06 12  07 17 43.905  199.063972  0.000076  -02.682195  0.000075  199.061518  -2.688855  292.061581   490.83  512.17 9
N1465717347_2 2004 06 12  07 18 18.808  199.064644  0.000048  -02.682446  0.000046  199.062067  -2.688764  292.079342   491.62  511.47 34
N1465717381_2 2004 06 12  07 18 52.808  199.065226  0.000048  -02.682549  0.000046  199.062236  -2.688833  292.081705   491.26  510.32 34
N1465717415_2 2004 06 12  07 19 27.516  199.065083  0.000066  -02.682372  0.000065  199.062110  -2.688596  292.088436   491.44  510.30 14
N1465718081_2 2004 06 12  07 30 33.484  199.073015  0.000046  -02.681950  0.000045  199.070707  -2.686321  292.067356   497.17  510.06 39
N1465720015_2 2004 06 12  08 02 45.871  199.092963  0.000045  -02.681549  0.000049  199.089603  -2.687168  292.073264   492.65  508.59 41
N1465720041_2 2004 06 12  08 03 14.579  199.093342  0.000046  -02.681211  0.000050  199.089977  -2.687091  292.065888   491.94  508.86 41
N1465720900_2 2004 06 12  08 17 32.466  199.101247  0.000050  -02.682413  0.000076  199.098803  -2.685941  292.070231   499.30  508.77 42
N1465722835_2 2004 06 12  08 49 45.853  199.119000  0.000045  -02.681070  0.000050  199.116368  -2.684826  292.061602   498.48  508.51 43
N1465722861_2 2004 06 12  08 50 14.561  199.119046  0.000047  -02.680939  0.000049  199.116824  -2.684871  292.064012   498.45  509.81 36
N1465722919_2 2004 06 12  08 51 03.864  199.119518  0.000058  -02.680949  0.000060  199.117238  -2.684784  292.073332   498.65  509.55 17
N1465722953_2 2004 06 12  08 51 43.868  199.119958  0.000073  -02.680589  0.000077  199.117589  -2.684906  292.074114   497.25  509.84 9
N1465722987_2 2004 06 12  08 52 18.772  199.120217  0.000049  -02.680954  0.000053  199.118071  -2.684843  292.067795   498.65  509.97 30
N1465723021_2 2004 06 12  08 52 52.771  199.120478  0.000046  -02.680976  0.000050  199.118197  -2.684888  292.065664   498.44  509.63 37
N1465723055_2 2004 06 12  08 53 27.479  199.121186  0.000067  -02.680705  0.000068  199.117746  -2.684563  292.054497   497.32  506.44 12
N1465723721_2 2004 06 12  09 04 33.447  199.126179  0.000045  -02.681046  0.000049  199.122007  -2.688240  292.067913   487.51  508.12 41
N1465725655_2 2004 06 12  09 36 45.835  199.141204  0.000044  -02.680751  0.000044  199.138068  -2.686557  292.076364   492.39  509.40 42
N1465725681_2 2004 06 12  09 37 14.542  199.141433  0.000045  -02.680651  0.000046  199.138267  -2.686731  292.049749   491.62  509.61 39
N1465726540_2 2004 06 12  09 51 32.429  199.148088  0.000044  -02.680392  0.000043  199.145568  -2.684585  292.057757   497.42  509.29 43
N1465728475_2 2004 06 12  10 23 45.816  199.161532  0.000045  -02.680250  0.000052  199.158375  -2.686425  292.053972   491.37  509.74 42
N1465728501_2 2004 06 12  10 24 14.524  199.161466  0.000051  -02.680943  0.000061  199.158709  -2.686285  292.065953   494.06  509.91 36
N1465728559_2 2004 06 12  10 25 03.827  199.161736  0.000062  -02.680914  0.000069  199.159236  -2.685870  292.064599   495.38  510.18 16
N1465728627_2 2004 06 12  10 26 18.735  199.162381  0.000052  -02.680374  0.000068  199.160072  -2.685386  292.073805   495.44  510.76 28
N1465728661_2 2004 06 12  10 26 52.735  199.162414  0.000051  -02.681221  0.000059  199.160384  -2.685513  292.066961   497.69  510.72 30
N1465729361_2 2004 06 12  10 38 33.410  199.167151  0.000050  -02.680578  0.000064  199.166083  -2.683182  292.059898   503.30  511.47 41
N1465731295_2 2004 06 12  11 10 45.798  199.180519  0.000035  -02.679431  0.000035  199.177892  -2.684281  292.062908   495.53  509.72 37
N1465731321_2 2004 06 12  11 11 14.506  199.180539  0.000048  -02.679176  0.000061  199.178199  -2.683964  292.063054   496.01  510.43 38
N1465732181_2 2004 06 12  11 25 33.392  199.185856  0.000057  -02.679169  0.000090  199.184197  -2.682271  292.059142   501.31  510.42 3
