2010 01 20.67942  12 20 36.45  +00 19 04.9   415  68212   16.8 V
2010 01 20.68184  12 20 36.44  +00 19 05.0   415  68212   17.1 V
2010 02 14.00320  12 18 18.66  +00 41 01.3   J37  68669   16.0 R
2010 02 14.01722  12 18 18.52  +00 41 02.0   J37  68669   16.3 R
2010 02 14.03222  12 18 18.33  +00 41 03.3   J37  68669   16.1 R
2010 02 16.38999  12 17 53.90  +00 44 17.8   691  68669   16.7 V
2010 02 16.40760  12 17 53.71  +00 44 19.2   691  68669   16.8 V
2010 02 16.42284  12 17 53.53  +00 44 20.5   691  68669   16.8 V
2010 03 07.00832  12 13 49.21  +01 14 40.9   106  69202   15.4 R
2010 03 07.01718  12 13 49.07  +01 14 41.9   106  69202   15.6 R
2010 03 07.02603  12 13 48.92  +01 14 42.9   106  69202   15.5 R
2010 03 07.03492  12 13 48.79  +01 14 43.7   106  69202   15.4 R
2010 03 11.60704  12 12 37.99  +01 23 07.4   415  69202   16.5 V
2010 03 11.60825  12 12 37.96  +01 23 07.4   415  69202   16.1 V
2010 03 16.32829  12 11 22.14  +01 31 56.8   704  69202   16.8
2010 03 16.33936  12 11 21.95  +01 31 57.6   704  69202   17.2
2010 03 16.35041  12 11 21.72  +01 31 59.5   704  69202   17.9
2010 03 16.36144  12 11 21.51  +01 32 00.7   704  69202   17.5
2010 03 16.37247  12 11 21.34  +01 32 02.0   704  69202   17.0
2010 03 17.56387  12 11 01.88  +01 34 16.1   415  69202   16.2 V
2010 03 17.56569  12 11 01.87  +01 34 16.5   415  69202   16.0 V
2010 03 17.57331  12 11 01.74  +01 34 17.2   415  69202   16.2 V
2010 03 17.57756  12 11 01.67  +01 34 17.9   415  69202   15.7 V
2010 03 18.32128  12 10 49.52  +01 35 42.9   704  69202   16.4
2010 03 18.33230  12 10 49.29  +01 35 42.4   704  69202   17.6
2010 03 18.34332  12 10 49.09  +01 35 44.1   704  69202   17.9
2010 03 18.35434  12 10 48.88  +01 35 46.9   704  69202   17.6
2010 03 18.36535  12 10 48.70  +01 35 48.9   704  69202   17.1
2010 03 18.68579  12 10 43.38  +01 36 21.2   D29  69202   15.7 R
2010 03 18.68691  12 10 43.42  +01 36 22.2   D29  69202   16.3 R
2010 03 18.69955  12 10 43.21  +01 36 22.8   D29  69202   15.9 R
2010 03 18.70064  12 10 43.17  +01 36 23.8   D29  69202   16.3 R
2010 03 18.71402  12 10 42.95  +01 36 24.5   D29  69202   15.8 R
2010 03 18.71516  12 10 42.93  +01 36 25.5   D29  69202   16.2 R
2010 03 18.72784  12 10 42.71  +01 36 26.2   D29  69202   16.0 R
2010 03 18.72898  12 10 42.70  +01 36 27.0   D29  69202   16.2 R
2010 03 21.67252  12 09 53.99  +01 42 00.9   415  69202   16.3 V
2010 03 21.67469  12 09 53.95  +01 42 01.1   415  69202   16.1 V
2010 04 07.92971  12 05 10.90  +02 13 14.8   106  69724   15.0 R
2010 04 07.94586  12 05 10.64  +02 13 16.3   106  69724   15.0 R
2010 04 07.96201  12 05 10.37  +02 13 17.9   106  69724   15.0 R
2010 04 07.97815  12 05 10.12  +02 13 19.7   106  69724   15.1 R
2010 04 08.29839  12 05 05.20  +02 13 53.9   704  69724   16.8
2010 04 08.30976  12 05 05.04  +02 13 55.5   704  69724   18.7
2010 04 08.32111  12 05 04.81  +02 13 57.7   704  69724   18.0
2010 04 08.33247  12 05 04.59  +02 13 58.9   704  69724   18.5
2010 04 08.34389  12 05 04.35  +02 14 00.2   704  69724   17.6
2010 04 12.52969  12 03 59.74  +02 20 51.0   415  69724   16.7 V
2010 04 12.53186  12 03 59.70  +02 20 51.4   415  69724   16.6 V
2010 04 14.24920  12 03 34.04  +02 23 33.6   704  69724   17.9
2010 04 14.26081  12 03 33.87  +02 23 34.8   704  69724   19.5
2010 04 14.27241  12 03 33.61  +02 23 36.3   704  69724   19.6
2010 04 14.28404  12 03 33.40  +02 23 38.2   704  69724   19.4
2010 04 14.29564  12 03 33.19  +02 23 39.8   704  69724   18.6
2010 04 16.25933  12 03 04.53  +02 26 38.0   704  69724   17.5
2010 04 16.27082  12 03 04.34  +02 26 41.2   704  69724   18.6
2010 04 16.28248  12 03 04.12  +02 26 41.1   704  69724   18.9
2010 04 16.29400  12 03 03.96  +02 26 43.4   704  69724   18.3
2010 04 16.30545  12 03 03.75  +02 26 44.2   704  69724   17.8
2010 05 12.50047  11 58 08.25  +02 55 39.7   415  70193   16.6 V
2010 05 12.50289  11 58 08.22  +02 55 39.7   415  70193   17.0 V
2010 05 15.42052  11 57 47.78  +02 57 22.9   415  70193   17.1 V
2010 05 15.42342  11 57 47.76  +02 57 23.0   415  70193   17.0 V
2010 06 23.203742 11 57 57.879 +02 48 28.84  673  71062
2011 02 10.447025 13 04 01.002 -04 00 13.52  673  73667
2011 02 10.451522 13 04 00.986 -04 00 13.28  673  73667
2011 02 23.39293  13 02 23.81  -03 47 07.7   691  74025   16.7 V
2011 02 23.41065  13 02 23.65  -03 47 05.7   691  74025   16.8 V
2011 02 23.42840  13 02 23.47  -03 47 04.5   691  74025   16.8 V
2011 02 23.57492  13 02 22.09  -03 46 52.6   E07  74025   17.0 V
2011 02 23.57673  13 02 22.06  -03 46 52.6   E07  74025   16.8 V
2011 03 02.60024  13 01 06.50  -03 37 38.9   E07  74025   16.8 V
2011 03 02.60189  13 01 06.49  -03 37 38.9   E07  74025   16.7 V
2011 03 07.55428  13 00 05.05  -03 30 25.3   E07  74025   16.7 V
2011 03 07.55645  13 00 05.01  -03 30 25.1   E07  74025   16.4 V
2011 03 10.37210  12 59 27.43  -03 26 06.0   691  74025   16.8 V
2011 03 10.38980  12 59 27.18  -03 26 04.4   691  74025   16.8 V
2011 03 10.40748  12 59 26.93  -03 26 02.7   691  74025   16.8 V
2011 03 10.70839  12 59 22.84  -03 25 34.8   D29  74025   16.4 R
2011 03 10.72052  12 59 22.67  -03 25 33.5   D29  74025   16.5 R
2011 03 10.73267  12 59 22.50  -03 25 32.4   D29  74025   16.4 R
2011 03 10.74481  12 59 22.32  -03 25 31.2   D29  74025   16.4 R
2011 03 14.36163  12 58 31.37  -03 19 44.2   691  74025   16.6 V
2011 03 14.37932  12 58 31.11  -03 19 42.5   691  74025   16.6 V
2011 03 14.39701  12 58 30.85  -03 19 40.7   691  74025   16.6 V
2011 03 15.55706  12 58 14.02  -03 17 46.0   E07  74025   16.4 V
2011 03 15.55923  12 58 13.99  -03 17 45.8   E07  74025   16.4 V
