2011 03 13.377639 12 58 45.487 -03 21 20.14  689  88462    -   -
2011 03 15.372141 12 58 16.687 -03 18 05.40  689  88462    -   -
2011 03 28.334340 12 54 55.904 -02 56 06.14  689  88462    -   -
2011 03 29.331123 12 54 39.825 -02 54 22.92  689  88462    -   -
2011 04 04.313611 12 53 02.384 -02 44 05.45  689  88462    -   -
2011 04 05.310995 12 52 46.101 -02 42 23.73  689  88462    -   -
2011 04 06.307778 12 52 29.848 -02 40 41.47  689  88462    -   -
2011 04 13.288304 12 50 37.209 -02 29 07.99  689  88462    -   -
2011 05 01.236088 12 46 13.992 -02 03 22.62  689  88462    -   -
2011 05 02.232604 12 46 01.094 -02 02 09.30  689  88462    -   -
2011 05 23.172697 12 42 34.279 -01 44 34.41  689  88462    -   -
2011 05 24.169954 12 42 27.847 -01 44 08.41  689  88462    -   -
2011 05 25.167269 12 42 21.739 -01 43 44.41  689  88462    -   -
2012 02 25.458588 13 50 35.532 -08 29 05.01  689  88462    -   -
2012 03 04.435567 13 49 21.355 -08 20 09.46  689  88462    -   -
2012 03 15.403987 13 47 06.521 -08 05 10.91  689  88462    -   -
2012 03 16.401157 13 46 52.600 -08 03 40.70  689  88462    -   -
2012 03 17.398137 13 46 38.380 -08 02 09.63  689  88462    -   -
2012 03 26.93214  13 44 11.57  -07 46 51.7   G36  84739   16.2 R
2012 03 27.09187  13 44 08.90  -07 46 35.7   G36  84739   16.1 R
2012 03 27.19874  13 44 07.13  -07 46 24.9   G36  84739   16.2 R
2012 03 27.98790  13 43 54.20  -07 45 05.4   G36  84739   16.2 R
2012 03 28.09541  13 43 52.39  -07 44 54.6   G36  84739   16.2 R
2012 03 28.19290  13 43 50.75  -07 44 44.6   G36  84739   16.0 R
2012 03 31.91755  13 42 48.18  -07 38 24.7   G36  84739   16.0 R
2012 03 31.98003  13 42 47.10  -07 38 18.3   G36  84739   16.0 R
2012 04 01.00888  13 42 46.60  -07 38 15.3   G36  84739   15.9 R
2012 04 02.10228  13 42 27.81  -07 36 22.5   G36  84739   15.9 R
2012 04 02.11807  13 42 27.53  -07 36 20.8   G36  84739   15.9 R
2012 04 02.13392  13 42 27.26  -07 36 19.2   G36  84739   16.0 R
2012 04 03.348345 13 42 06.286 -07 34 13.59  689  88462    -   -
2012 04 10.327813 13 40 03.130 -07 22 04.75  689  88462    -   -
2012 04 21.295868 13 36 46.581 -07 03 15.16  689  88462    -   -
2012 04 22.292569 13 36 28.860 -07 01 35.26  689  88462    -   -
2012 04 29.272361 13 34 27.361 -06 50 19.89  689  88462    -   -
2012 04 30.269606 13 34 10.466 -06 48 46.91  689  88462    -   -
2012 05 13.231574 13 30 46.054 -06 30 39.64  689  88462    -   -
2012 05 14.228681 13 30 31.751 -06 29 26.70  689  88462    -   -
2012 05 16.222899 13 30 03.922 -06 27 05.06  689  88462    -   -
2012 05 18.217130 13 29 37.063 -06 24 50.82  689  88462    -   -
2012 05 28.188345 13 27 39.815 -06 15 33.37  689  88462    -   -
2012 05 29.185625 13 27 29.759 -06 14 48.07  689  88462    -   -
2012 06 08.157431 13 26 07.768 -06 09 21.15  689  88462    -   -
2013 01 22.41914  14 37 36.52  -12 53 45.4   H06  82022   16.5 V
2013 01 22.42517  14 37 36.62  -12 53 46.1   H06  82022   16.5 V
2013 01 22.43126  14 37 36.73  -12 53 46.5   H06  82022   16.5 V
2013 01 22.43733  14 37 36.78  -12 53 46.7   H06  82022   16.6 V
2013 03 20.80243  14 37 48.32  -12 40 33.8   D29  82866   16.4 R
2013 03 20.81931  14 37 48.10  -12 40 32.8   D29  82866   16.5 R
2013 03 20.83619  14 37 47.87  -12 40 31.9   D29  82866   16.5 R
2013 04 20.286377 14 30 01.659 -11 58 50.40  673  83713    -   -
2013 04 20.290891 14 30 01.571 -11 58 49.97  673  83713    -   -
2013 04 20.299861 14 30 01.409 -11 58 49.11  673  83713    -   -
2013 04 20.302384 14 30 01.362 -11 58 48.91  673  83713    -   -
2013 04 20.305104 14 30 01.310 -11 58 48.68  673  83713    -   -
2013 05 01.90524  14 26 26.72  -11 40 48.1   G36  83713   15.9 R
2013 05 02.04050  14 26 24.15  -11 40 35.6   G36  83713   15.9 R
2013 05 02.09045  14 26 23.21  -11 40 31.0   G36  83713   15.9 R
2013 05 02.283854 14 26 19.638 -11 40 13.26  673  83713    -   -
2013 05 02.286227 14 26 19.593 -11 40 12.95  673  83713    -   -
2013 05 03.341100 14 25 59.913 -11 38 35.62  673  83713    -   -
2013 05 03.343472 14 25 59.869 -11 38 35.41  673  83713    -   -
2013 05 03.345833 14 25 59.823 -11 38 35.20  673  83713    -   -
2013 05 04.275567 14 25 42.545 -11 37 09.78  673  83713    -   -
2013 05 04.278831 14 25 42.486 -11 37 09.44  673  83713    -   -
2013 05 04.282882 14 25 42.408 -11 37 09.08  673  83713    -   -
2013 05 04.288981 14 25 42.292 -11 37 08.47  673  83713    -   -
2013 05 04.292315 14 25 42.232 -11 37 08.17  673  83713    -   -
2013 05 05.95554  14 25 11.34  -11 34 36.2   G36  83713   16.2 R
2013 05 06.05304  14 25 09.51  -11 34 27.3   G36  83713   16.1 R
2013 05 06.10273  14 25 08.58  -11 34 22.8   G36  83713   16.2 R
2013 05 11.28548  14 23 33.57  -11 26 38.5   704  83713   17.0 -
2013 05 11.29601  14 23 33.36  -11 26 37.5   704  83714   17.1 -
2013 05 11.30658  14 23 33.17  -11 26 36.8   704  83714   17.4 -
2013 05 11.31718  14 23 32.93  -11 26 35.8   704  83714   17.4 -
2013 05 11.32775  14 23 32.71  -11 26 34.7   704  83714   17.1 -
2013 05 20.86978  14 20 45.60  -11 13 17.1   C95  83714   16.7 V
2013 05 20.87125  14 20 45.56  -11 13 17.3   C95  83714   15.9 V
2013 05 20.87271  14 20 45.55  -11 13 17.0   C95  83714   16.3 V
2013 05 20.87417  14 20 45.49  -11 13 16.6   C95  83714   16.5 V
2013 06 16.189583 14 14 46.593 -10 46 53.61  673  83714    -   -
2013 06 16.213299 14 14 46.357 -10 46 52.63  673  83714    -   -
2013 06 16.220938 14 14 46.276 -10 46 52.39  673  83714    -   -
2013 06 17.175197 14 14 37.101 -10 46 16.94  673  84215    -   -
2013 06 17.189572 14 14 36.963 -10 46 16.39  673  84215    -   -
2014 01 29.06685  15 20 20.16  -16 03 05.4   C41  86778   16.7 R
2014 01 29.06789  15 20 20.19  -16 03 05.6   C41  86778   16.5 R
2014 01 29.09932  15 20 20.58  -16 03 06.8   C41  86778   16.9 R
2014 01 29.10036  15 20 20.62  -16 03 07.0   C41  86778   16.8 R
2014 03 11.486263 15 24 31.900 -16 11 25.45  673  87200    -   -
2014 03 11.488451 15 24 31.901 -16 11 25.42  673  87200    -   -
2014 03 11.490443 15 24 31.896 -16 11 25.49  673  87200    -   -
2014 05 10.41617  15 12 52.834 -15 22 22.85  F51  88086   16.0 i
2014 05 10.42821  15 12 52.623 -15 22 22.11  F51  88086   16.0 i
2014 05 10.44019  15 12 52.417 -15 22 21.36  F51  88086   16.0 i
2014 05 20.38169  15 10 04.735 -15 12 01.60  F51  88462   16.4 w
2014 05 20.39301  15 10 04.537 -15 12 00.92  F51  88462   16.4 w
2014 05 20.40431  15 10 04.348 -15 12 00.25  F51  88462   16.4 w
2014 05 20.41560  15 10 04.153 -15 11 59.56  F51  88462   16.4 w
2014 09 09.95209  15 08 03.15  -15 29 32.2   Y00  90446   17.9 R
2014 09 09.96166  15 08 03.42  -15 29 32.9   Y00  90446   18.4 R
2014 09 09.97128  15 08 03.72  -15 29 35.4   Y00  90446   17.8 R
2014 09 10.90267  15 08 20.03  -15 30 52.6   Y00  90446   17.4 R
2014 09 10.92410  15 08 20.42  -15 30 54.1   Y00  90446   17.3 R
2014 09 10.93804  15 08 20.68  -15 30 55.2   Y00  90446   17.4 R
