1998 08 12.02070870 02 10 44.425 +10 30 15.68 
1998 08 12.02397870 02 10 44.437 +10 30 15.68 
1998 08 12.04135870 02 10 44.485 +10 30 15.65 
1998 08 12.04439870 02 10 44.494 +10 30 15.63 
1998 08 14.02856870 02 10 49.828 +10 30 11.97 
1998 08 14.03405870 02 10 49.818 +10 30 11.84 
1998 08 14.03913870 02 10 49.825 +10 30 11.80 
1998 08 14.04217870 02 10 49.836 +10 30 11.88 
1998 08 14.04520870 02 10 49.845 +10 30 11.82 
1998 08 14.04825870 02 10 49.847 +10 30 11.82 
1998 08 14.05128870 02 10 49.855 +10 30 11.83 
1998 08 14.06712870 02 10 49.888 +10 30 11.73 
1998 08 14.07044870 02 10 49.891 +10 30 11.79 
1998 08 14.08282870 02 10 49.917 +10 30 11.75 
1998 08 14.08591870 02 10 49.921 +10 30 11.72 
1998 08 15.04711870 02 10 51.895 +10 30 06.93 
1998 08 15.06618870 02 10 51.931 +10 30 06.86 
1998 08 16.09620870 02 10 53.594 +10 29 59.30 
1998 08 16.09948870 02 10 53.592 +10 29 59.19 
1998 08 19.12399870 02 10 55.932 +10 29 23.95 
1998 08 20.13088870 02 10 55.865 +10 29 07.90 
1998 08 21.10810870 02 10 55.403 +10 28 50.19 
1998 08 21.11640870 02 10 55.396 +10 28 50.03 
1998 08 21.12019870 02 10 55.391 +10 28 49.95 
1998 08 21.12253870 02 10 55.389 +10 28 49.90 
1998 08 21.12487870 02 10 55.387 +10 28 49.86 
1998 08 21.12721870 02 10 55.385 +10 28 49.82 
1998 08 21.12954870 02 10 55.382 +10 28 49.77 
1998 08 21.13189870 02 10 55.381 +10 28 49.73 
1998 08 21.13422870 02 10 55.376 +10 28 49.64 
1998 08 21.13657870 02 10 55.376 +10 28 49.63 
1998 08 21.13891870 02 10 55.372 +10 28 49.60 
1998 12 11.94689870 01 46 39.919 +08 13 15.13 
1998 12 11.95434870 01 46 39.851 +08 13 14.83 
1998 12 11.95877870 01 46 39.820 +08 13 14.73 
1998 12 11.96320870 01 46 39.783 +08 13 14.61 
1998 12 11.97058870 01 46 39.722 +08 13 14.38 
1998 12 11.97269870 01 46 39.703 +08 13 14.25 
1998 12 11.97480870 01 46 39.685 +08 13 14.18 
1998 12 12.88696870 01 46 32.456 +08 12 47.20 
1998 12 12.89320870 01 46 32.405 +08 12 46.91 
1998 12 12.89973870 01 46 32.361 +08 12 46.75 
1998 12 12.90300870 01 46 32.327 +08 12 46.64 
1998 12 12.90627870 01 46 32.304 +08 12 46.57 
1998 12 13.97741870 01 46 24.166 +08 12 16.87 
1998 12 13.98181870 01 46 24.123 +08 12 16.93 
1998 12 13.99001870 01 46 24.061 +08 12 16.70 
1998 12 13.99386870 01 46 24.028 +08 12 16.56 
1998 12 13.99770870 01 46 24.003 +08 12 16.47 
1998 12 14.82275870 01 46 18.111 +08 11 55.83 
1998 12 14.82700870 01 46 18.078 +08 11 55.90 
1998 12 14.83105870 01 46 18.052 +08 11 55.67 
1998 12 14.83632870 01 46 18.010 +08 11 55.53 
1998 12 14.84230870 01 46 17.966 +08 11 55.35 
1998 12 14.84745870 01 46 17.927 +08 11 55.29 
1998 12 14.85195870 01 46 17.895 +08 11 55.14 
1998 12 14.85639870 01 46 17.863 +08 11 55.06 
1998 12 14.88545870 01 46 17.657 +08 11 54.54 
1998 12 14.89155870 01 46 17.603 +08 11 54.29 
1998 12 14.89766870 01 46 17.565 +08 11 54.03 
1998 12 17.87879870 01 45 58.315 +08 10 51.43 
1998 12 17.88209870 01 45 58.296 +08 10 51.36 
1999 10 11.18044713 02 54 51.899 +13 56 45.67 
1999 11 11.05207713 02 46 21.072 +13 19 27.06 
