   2455565.342257      13  3 23.9800  -4  6  49.669  
   2455565.344884      13  3 24.0059  -4  6  49.799  
   2455565.346331      13  3 24.0181  -4  6  49.891  
   2455565.347049      13  3 24.0229  -4  6  49.871  
   2455565.347766      13  3 24.0307  -4  6  49.945  
   2455565.348484      13  3 24.0364  -4  6  49.955  
   2455565.349201      13  3 24.0419  -4  6  50.012  
   2455565.349907      13  3 24.0498  -4  6  50.022  
   2455565.350625      13  3 24.0527  -4  6  50.013  
   2455565.351331      13  3 24.0602  -4  6  50.037  
   2455565.352049      13  3 24.0685  -4  6  50.133  
   2455565.352755      13  3 24.0730  -4  6  50.134  
   2455565.387072      13  3 24.3806  -4  6  51.517  
   2455565.388403      13  3 24.3921  -4  6  51.598  
   2455565.390972      13  3 24.4142  -4  6  51.713  
   2455565.391690      13  3 24.4214  -4  6  51.711  
   2455565.392407      13  3 24.4286  -4  6  51.721  
   2455565.393125      13  3 24.4319  -4  6  51.762  
   2455565.393843      13  3 24.4403  -4  6  51.806  
   2455565.394549      13  3 24.4470  -4  6  51.810  
   2455565.395266      13  3 24.4541  -4  6  51.865  
   2455565.395984      13  3 24.4616  -4  6  51.888  
   2455565.396701      13  3 24.4662  -4  6  51.927  
   2455565.397419      13  3 24.4709  -4  6  51.922  
   2455976.293403      13 52  0.3840  -8 38  48.552  
   2455976.294259      13 52  0.3812  -8 38  48.517  
   2455976.295127      13 52  0.3746  -8 38  48.507  
   2455976.295984      13 52  0.3720  -8 38  48.461  
   2455976.296852      13 52  0.3657  -8 38  48.387  
   2455976.297708      13 52  0.3609  -8 38  48.376  
   2455976.298565      13 52  0.3571  -8 38  48.348  
   2455976.299433      13 52  0.3517  -8 38  48.293  
   2455976.300289      13 52  0.3458  -8 38  48.262  
   2455976.301146      13 52  0.3422  -8 38  48.223  
   2455976.302014      13 52  0.3368  -8 38  48.176  
   2455976.302882      13 52  0.3326  -8 38  48.128  
   2455976.303738      13 52  0.3272  -8 38  48.078  
   2455976.304595      13 52  0.3231  -8 38  48.055  
   2455976.305463      13 52  0.3175  -8 38  48.026  
   2455976.306319      13 52  0.3136  -8 38  47.972  
   2455976.307187      13 52  0.3090  -8 38  47.935  
   2455976.308044      13 52  0.3020  -8 38  47.910  
   2455976.308912      13 52  0.2996  -8 38  47.862  
   2455976.309769      13 52  0.2936  -8 38  47.810  
   2455976.310637      13 52  0.2889  -8 38  47.791  
   2455976.311493      13 52  0.2835  -8 38  47.747  
   2455976.312361      13 52  0.2788  -8 38  47.684  
   2455976.313218      13 52  0.2732  -8 38  47.662  
   2455976.314074      13 52  0.2688  -8 38  47.609  
   2455976.314942      13 52  0.2644  -8 38  47.594  
   2455976.315799      13 52  0.2589  -8 38  47.550  
   2455976.316667      13 52  0.2527  -8 38  47.499  
   2455976.317523      13 52  0.2498  -8 38  47.460  
   2455976.318380      13 52  0.2438  -8 38  47.428  
   2455976.319248      13 52  0.2400  -8 38  47.353  
   2455976.407859      13 51 59.7276  -8 38  43.241  
   2455976.409155      13 51 59.7198  -8 38  43.188  
   2455976.410023      13 51 59.7152  -8 38  43.144  
   2455976.410880      13 51 59.7107  -8 38  43.114  
   2455976.411748      13 51 59.7048  -8 38  43.053  
   2455976.412604      13 51 59.7008  -8 38  43.018  
   2455976.413472      13 51 59.6958  -8 38  42.980  
   2455976.414340      13 51 59.6901  -8 38  42.925  
   2455976.415197      13 51 59.6858  -8 38  42.903  
   2455976.416065      13 51 59.6801  -8 38  42.869  
   2455976.416921      13 51 59.6753  -8 38  42.816  
   2455976.417778      13 51 59.6705  -8 38  42.775  
   2455976.418646      13 51 59.6646  -8 38  42.730  
   2455976.419502      13 51 59.6606  -8 38  42.695  
   2455976.420370      13 51 59.6554  -8 38  42.648  
   2455976.421238      13 51 59.6506  -8 38  42.617  
   2455976.422095      13 51 59.6447  -8 38  42.572  
   2455976.422963      13 51 59.6405  -8 38  42.528  
   2455976.423819      13 51 59.6355  -8 38  42.496  
   2455976.424688      13 51 59.6295  -8 38  42.447  
   2455976.425556      13 51 59.6250  -8 38  42.393  
   2455976.426412      13 51 59.6202  -8 38  42.358  
   2455976.427269      13 51 59.6146  -8 38  42.329  
   2455976.428148      13 51 59.6091  -8 38  42.268  
   2455976.429005      13 51 59.6052  -8 38  42.250  
   2455976.429873      13 51 59.6010  -8 38  42.225  
   2455976.430729      13 51 59.5948  -8 38  42.157  
   2455976.431597      13 51 59.5901  -8 38  42.134  
   2455976.432454      13 51 59.5854  -8 38  42.086  
   2455976.433322      13 51 59.5798  -8 38  42.048  
   2455976.434178      13 51 59.5741  -8 38  42.010  
   2455976.435046      13 51 59.5693  -8 38  41.968  
   2455976.435903      13 51 59.5653  -8 38  41.921  
   2455976.436771      13 51 59.5589  -8 38  41.879  
   2455976.437627      13 51 59.5540  -8 38  41.853  
   2455976.438495      13 51 59.5493  -8 38  41.795  
   2455976.439352      13 51 59.5438  -8 38  41.748  
   2455976.440208      13 51 59.5394  -8 38  41.712  
   2455976.441076      13 51 59.5335  -8 38  41.666  
   2455976.441933      13 51 59.5289  -8 38  41.619  
   2455976.442801      13 51 59.5242  -8 38  41.585  
   2455976.443669      13 51 59.5188  -8 38  41.554  
   2455976.444525      13 51 59.5139  -8 38  41.501  
   2455976.445394      13 51 59.5084  -8 38  41.472  
   2455976.446250      13 51 59.5041  -8 38  41.407  
   2455976.447118      13 51 59.4990  -8 38  41.398  
   2455976.447986      13 51 59.4933  -8 38  41.343  
   2455976.448854      13 51 59.4884  -8 38  41.283  
   2455976.449711      13 51 59.4831  -8 38  41.247  
   2455976.450579      13 51 59.4786  -8 38  41.224  
   2455976.451435      13 51 59.4740  -8 38  41.204  
   2455976.452303      13 51 59.4687  -8 38  41.122  
   2455976.453160      13 51 59.4635  -8 38  41.085  
   2455976.454028      13 51 59.4588  -8 38  41.050  
   2455976.454884      13 51 59.4534  -8 38  41.003  
   2455976.455752      13 51 59.4490  -8 38  40.946  
   2455976.456609      13 51 59.4432  -8 38  40.922  
   2455976.457477      13 51 59.4396  -8 38  40.887  
   2455976.458333      13 51 59.4339  -8 38  40.845  
   2455976.459201      13 51 59.4283  -8 38  40.823  
   2455976.460058      13 51 59.4227  -8 38  40.785  
   2455976.460926      13 51 59.4177  -8 38  40.731  
   2455976.461782      13 51 59.4133  -8 38  40.681  
   2455976.462650      13 51 59.4084  -8 38  40.637  
   2455976.463507      13 51 59.4031  -8 38  40.597  
   2455976.464375      13 51 59.3981  -8 38  40.566  
   2455976.465231      13 51 59.3922  -8 38  40.521  
   2455976.466100      13 51 59.3870  -8 38  40.480  
   2455977.319062      13 51 54.6322  -8 37  59.261  
   2455977.320266      13 51 54.6227  -8 37  59.156  
   2455977.320787      13 51 54.6209  -8 37  59.189  
   2455977.321308      13 51 54.6190  -8 37  59.158  
   2455977.321817      13 51 54.6157  -8 37  59.131  
   2455977.322338      13 51 54.6112  -8 37  59.101  
   2455977.322859      13 51 54.6081  -8 37  59.013  
   2455977.323368      13 51 54.6045  -8 37  58.943  
   2455977.323889      13 51 54.6016  -8 37  59.040  
   2455977.324410      13 51 54.5960  -8 37  58.930  
   2455977.324919      13 51 54.5967  -8 37  58.967  
   2455977.325440      13 51 54.5912  -8 37  58.962  
   2455977.325949      13 51 54.5876  -8 37  58.851  
   2455977.326470      13 51 54.5865  -8 37  58.827  
   2455977.326991      13 51 54.5817  -8 37  58.818  
   2455977.327500      13 51 54.5784  -8 37  58.816  
   2455977.328021      13 51 54.5758  -8 37  58.794  
   2455977.328542      13 51 54.5757  -8 37  58.812  
   2455977.329051      13 51 54.5720  -8 37  58.758  
   2455977.329572      13 51 54.5674  -8 37  58.728  
   2455977.330081      13 51 54.5627  -8 37  58.665  
   2455977.330602      13 51 54.5608  -8 37  58.665  
   2455977.331123      13 51 54.5575  -8 37  58.583  
   2455977.331632      13 51 54.5536  -8 37  58.619  
   2455977.332153      13 51 54.5508  -8 37  58.623  
   2455977.332674      13 51 54.5477  -8 37  58.547  
   2455977.333183      13 51 54.5430  -8 37  58.513  
   2455977.333704      13 51 54.5408  -8 37  58.545  
   2455977.334225      13 51 54.5385  -8 37  58.487  
   2455977.334734      13 51 54.5330  -8 37  58.422  
   2455977.335255      13 51 54.5328  -8 37  58.439  
   2455977.335764      13 51 54.5290  -8 37  58.426  
   2455977.336285      13 51 54.5279  -8 37  58.399  
   2455977.336806      13 51 54.5231  -8 37  58.371  
   2455977.337315      13 51 54.5184  -8 37  58.314  
   2455977.337836      13 51 54.5169  -8 37  58.340  
   2455977.338356      13 51 54.5140  -8 37  58.328  
   2455977.338866      13 51 54.5104  -8 37  58.274  
   2455977.339387      13 51 54.5089  -8 37  58.250  
   2455977.339896      13 51 54.5046  -8 37  58.239  
   2455977.340417      13 51 54.5018  -8 37  58.166  
   2455977.340937      13 51 54.4964  -8 37  58.141  
   2455977.341447      13 51 54.4932  -8 37  58.126  
   2455977.341968      13 51 54.4917  -8 37  58.150  
   2455977.342488      13 51 54.4884  -8 37  58.131  
   2455977.342998      13 51 54.4847  -8 37  58.073  
   2455977.343519      13 51 54.4807  -8 37  58.028  
   2455977.344028      13 51 54.4792  -8 37  58.015  
   2455977.344549      13 51 54.4755  -8 37  57.963  
   2455977.345069      13 51 54.4707  -8 37  57.944  
   2455977.345579      13 51 54.4687  -8 37  57.933  
   2455977.346100      13 51 54.4646  -8 37  57.921  
   2455977.346991      13 51 54.4583  -8 37  57.879  
   2455977.347859      13 51 54.4552  -8 37  57.810  
   2455977.348368      13 51 54.4507  -8 37  57.854  
   2455977.348889      13 51 54.4494  -8 37  57.822  
   2455977.349410      13 51 54.4452  -8 37  57.729  
   2455977.349919      13 51 54.4432  -8 37  57.766  
   2455977.350440      13 51 54.4380  -8 37  57.674  
   2455977.350961      13 51 54.4363  -8 37  57.688  
   2455977.351470      13 51 54.4333  -8 37  57.614  
   2455977.351991      13 51 54.4293  -8 37  57.671  
   2455977.352500      13 51 54.4265  -8 37  57.631  
   2455977.353021      13 51 54.4247  -8 37  57.595  
   2455977.354444      13 51 54.4155  -8 37  57.549  
   2455977.355035      13 51 54.4095  -8 37  57.488  
   2455977.355544      13 51 54.4081  -8 37  57.455  
   2455977.356065      13 51 54.4041  -8 37  57.420  
   2455977.356586      13 51 54.4002  -8 37  57.357  
   2455977.357095      13 51 54.3984  -8 37  57.419  
   2455977.357616      13 51 54.3935  -8 37  57.330  
   2455977.358137      13 51 54.3929  -8 37  57.363  
   2455977.358646      13 51 54.3879  -8 37  57.271  
   2455977.359155      13 51 54.3846  -8 37  57.281  
   2455977.359676      13 51 54.3821  -8 37  57.204  
   2455977.360185      13 51 54.3783  -8 37  57.272  
   2455977.360694      13 51 54.3739  -8 37  57.191  
   2455977.380243      13 51 54.2604  -8 37  56.307  
   2455977.381123      13 51 54.2492  -8 37  56.143  
   2455977.387639      13 51 54.2090  -8 37  55.942  
   2455977.392025      13 51 54.1841  -8 37  55.688  
   2455977.395845      13 51 54.1583  -8 37  55.484  
   2455977.400486      13 51 54.1318  -8 37  55.289  
   2455977.404190      13 51 54.1070  -8 37  55.062  
   2455977.407176      13 51 54.0890  -8 37  54.930  
   2456328.376634      14 40 26.2911 -13  3  41.587  
   2456328.377759      14 40 26.3002 -13  3  41.635  
   2456328.381273      14 40 26.3220 -13  3  41.705  
   2456328.384464      14 40 26.3434 -13  3  41.767  
   2456328.385377      14 40 26.3454 -13  3  41.768  
   2456328.385778      14 40 26.3506 -13  3  41.773  
   2456328.386178      14 40 26.3529 -13  3  41.803  
   2456328.386580      14 40 26.3555 -13  3  41.806  
   2456328.386980      14 40 26.3594 -13  3  41.833  
   2456328.387631      14 40 26.3623 -13  3  41.839  
   2456328.388031      14 40 26.3647 -13  3  41.848  
   2456328.388432      14 40 26.3682 -13  3  41.862  
   2456328.388832      14 40 26.3719 -13  3  41.843  
   2456328.389234      14 40 26.3722 -13  3  41.856  
   2456328.389634      14 40 26.3769 -13  3  41.831  
   2456328.390035      14 40 26.3808 -13  3  41.876  
   2456328.390441      14 40 26.3806 -13  3  41.863  
   2456328.390843      14 40 26.3830 -13  3  41.880  
   2456328.391243      14 40 26.3821 -13  3  41.843  
   2456328.391726      14 40 26.3912 -13  3  41.884  
   2456329.389655      14 40 32.8052 -13  3  56.603  
   2456329.390809      14 40 32.8106 -13  3  56.621  
   2456329.394150      14 40 32.8319 -13  3  56.679  
   2456329.396794      14 40 32.8487 -13  3  56.726  
   2456329.397313      14 40 32.8485 -13  3  56.701  
   2456329.397829      14 40 32.8546 -13  3  56.757  
   2456329.398345      14 40 32.8546 -13  3  56.757  
   2456329.398861      14 40 32.8609 -13  3  56.792  
   2456329.399425      14 40 32.8610 -13  3  56.792  
   2456329.400459      14 40 32.8700 -13  3  56.807  
   2456329.400976      14 40 32.8727 -13  3  56.810  
   2456329.401492      14 40 32.8745 -13  3  56.839  
   2456329.402041      14 40 32.8782 -13  3  56.833  
   2456329.402558      14 40 32.8835 -13  3  56.863  
   2456329.403074      14 40 32.8870 -13  3  56.842  
   2456329.403591      14 40 32.8884 -13  3  56.829  
   2456329.404109      14 40 32.8901 -13  3  56.826  
   2456329.404752      14 40 32.8964 -13  3  56.856  
   2456329.405847      14 40 32.9026 -13  3  56.870  
   2456330.403101      14 40 38.8940 -13  4   9.483  
   2456330.404593      14 40 38.9045 -13  4   9.495  
   2456330.405344      14 40 38.9106 -13  4   9.544  
   2456330.406633      14 40 38.9173 -13  4   9.505  
   2456330.407168      14 40 38.9178 -13  4   9.523  
   2456330.407701      14 40 38.9206 -13  4   9.526  
   2456330.408235      14 40 38.9243 -13  4   9.528  
   2456330.408775      14 40 38.9265 -13  4   9.530  
   2456330.409308      14 40 38.9275 -13  4   9.519  
   2456330.409847      14 40 38.9328 -13  4   9.521  
   2456330.410377      14 40 38.9389 -13  4   9.562  
   2456330.410914      14 40 38.9378 -13  4   9.563  
   2456330.411448      14 40 38.9404 -13  4   9.632  
   2456330.413110      14 40 38.9492 -13  4   9.630  
   2456330.414183      14 40 38.9579 -13  4   9.587  
   2456330.416341      14 40 38.9699 -13  4   9.657  
   2456330.416876      14 40 38.9675 -13  4   9.620  
   2456330.420662      14 40 38.9894 -13  4   9.709  
   2456330.422278      14 40 39.0031 -13  4   9.729  
   2456330.423595      14 40 39.0103 -13  4   9.789  
   2456331.405846      14 40 44.4851 -13  4  20.236  
   2456331.406545      14 40 44.4934 -13  4  20.220  
   2456331.407115      14 40 44.4962 -13  4  20.201  
   2456331.407736      14 40 44.4981 -13  4  20.274  
   2456331.408285      14 40 44.5020 -13  4  20.237  
   2456331.408884      14 40 44.5022 -13  4  20.272  
   2456331.409400      14 40 44.5041 -13  4  20.240  
   2456331.409917      14 40 44.5075 -13  4  20.227  
   2456331.410429      14 40 44.5135 -13  4  20.262  
   2456331.410943      14 40 44.5130 -13  4  20.263  
   2456331.411517      14 40 44.5199 -13  4  20.283  
   2456331.412552      14 40 44.5247 -13  4  20.294  
   2456331.413068      14 40 44.5261 -13  4  20.258  
   2456331.414134      14 40 44.5280 -13  4  20.265  
   2456331.415168      14 40 44.5348 -13  4  20.271  
   2456773.343134      15 17 44.6222 -15 40  58.961  
   2456773.344068      15 17 44.6077 -15 40  58.933  
   2456773.344948      15 17 44.5838 -15 40  58.918  
   2456773.345764      15 17 44.5779 -15 40  58.883  
   2456773.346712      15 17 44.5617 -15 40  58.793  
   2456773.347225      15 17 44.5564 -15 40  58.650  
   2456773.347741      15 17 44.5479 -15 40  58.760  
   2456773.348253      15 17 44.5365 -15 40  58.712  
   2456773.348774      15 17 44.5295 -15 40  58.702  
   2456773.349488      15 17 44.5180 -15 40  58.513  
   2456773.350006      15 17 44.5074 -15 40  58.583  
   2456773.350519      15 17 44.5001 -15 40  58.473  
   2456773.351035      15 17 44.4887 -15 40  58.504  
   2456773.351549      15 17 44.4823 -15 40  58.502  
   2456773.352252      15 17 44.4709 -15 40  58.361  
   2456773.352770      15 17 44.4568 -15 40  58.460  
   2456773.353284      15 17 44.4522 -15 40  58.306  
   2456773.353800      15 17 44.4427 -15 40  58.318  
   2456773.354313      15 17 44.4385 -15 40  58.311  
   2456773.354957      15 17 44.4295 -15 40  58.299  
   2456773.355478      15 17 44.4185 -15 40  58.242  
   2456773.356000      15 17 44.4134 -15 40  58.176  
   2456773.356514      15 17 44.3985 -15 40  58.135  
   2456773.357030      15 17 44.3857 -15 40  58.072  
   2456774.211465      15 17 30.8312 -15 40   4.967  
   2456774.213203      15 17 30.7997 -15 40   4.881  
   2456774.214182      15 17 30.7860 -15 40   4.865  
   2456774.214583      15 17 30.7788 -15 40   4.802  
   2456774.214984      15 17 30.7706 -15 40   4.762  
   2456774.215385      15 17 30.7661 -15 40   4.764  
   2456774.215787      15 17 30.7593 -15 40   4.724  
   2456774.216387      15 17 30.7486 -15 40   4.643  
   2456774.216788      15 17 30.7408 -15 40   4.649  
   2456774.217190      15 17 30.7331 -15 40   4.548  
   2456774.217591      15 17 30.7275 -15 40   4.581  
   2456774.217993      15 17 30.7184 -15 40   4.526  
   2456774.218442      15 17 30.7090 -15 40   4.552  
   2456774.218844      15 17 30.7028 -15 40   4.545  
   2456774.219245      15 17 30.6960 -15 40   4.524  
   2456774.219642      15 17 30.6877 -15 40   4.523  
   2456774.220041      15 17 30.6838 -15 40   4.523  
   2456774.220557      15 17 30.6755 -15 40   4.411  
   2456774.220957      15 17 30.6698 -15 40   4.393  
   2456774.221359      15 17 30.6616 -15 40   4.377  
   2456774.221759      15 17 30.6547 -15 40   4.335  
   2456774.222161      15 17 30.6486 -15 40   4.332  
   2456774.251196      15 17 30.1735 -15 40   2.539  
   2456774.251919      15 17 30.1628 -15 40   2.543  
   2456774.252583      15 17 30.1516 -15 40   2.460  
   2456774.252981      15 17 30.1450 -15 40   2.441  
   2456774.253380      15 17 30.1393 -15 40   2.433  
   2456774.253777      15 17 30.1334 -15 40   2.446  
   2456774.254175      15 17 30.1264 -15 40   2.386  
   2456774.254734      15 17 30.1149 -15 40   2.360  
   2456774.255131      15 17 30.1088 -15 40   2.319  
   2456774.255529      15 17 30.1026 -15 40   2.253  
   2456774.255927      15 17 30.0933 -15 40   2.244  
   2456774.256325      15 17 30.0896 -15 40   2.230  
   2456774.256843      15 17 30.0834 -15 40   2.152  
   2456774.257241      15 17 30.0759 -15 40   2.128  
   2456774.257639      15 17 30.0740 -15 40   2.114  
   2456774.258037      15 17 30.0638 -15 40   2.078  
   2456774.258437      15 17 30.0590 -15 40   2.026  
   2456774.258882      15 17 30.0491 -15 40   2.012  
