2003 12 01.62639 06 49 08.4058 +22 10 25.395
2003 12 01.62917 06 49 08.3587 +22 10 25.426
2003 12 01.63194 06 49 08.3114 +22 10 25.742
2003 12 01.63472 06 49 08.2716 +22 10 25.470
2003 12 01.63819 06 49 08.2156 +22 10 25.583
2003 12 01.70694 06 49 07.0967 +22 10 27.018
2003 12 01.70833 06 49 07.0676 +22 10 27.202
2003 12 01.71111 06 49 07.0311 +22 10 27.225
2003 12 01.71250 06 49 07.0035 +22 10 27.256
2003 12 01.71944 06 49 06.8917 +22 10 27.460
2003 12 03.66319 06 48 35.3392 +22 11 09.315
2003 12 03.67153 06 48 35.2035 +22 11 09.315
2003 12 03.67361 06 48 35.1592 +22 11 09.434
2003 12 03.67778 06 48 35.0971 +22 11 09.616
2003 12 03.67917 06 48 35.0689 +22 11 09.690
2003 12 03.68264 06 48 35.0163 +22 11 09.804
2003 12 03.68542 06 48 34.9603 +22 11 09.836
2003 12 03.73681 06 48 34.0856 +22 11 10.787
2003 12 03.74514 06 48 33.9488 +22 11 10.954
2003 12 03.75000 06 48 33.8718 +22 11 11.166
2003 12 03.75347 06 48 33.8043 +22 11 11.131
2003 12 03.75764 06 48 33.7417 +22 11 11.297
2003 12 03.76111 06 48 33.6862 +22 11 11.448
2003 12 03.76944 06 48 33.5413 +22 11 11.496
2003 12 03.77917 06 48 33.3740 +22 11 11.759
2003 12 03.78611 06 48 33.2594 +22 11 12.069
2003 12 03.79028 06 48 33.1835 +22 11 12.087
2003 12 03.80625 06 48 32.9108 +22 11 12.444
2003 12 03.81319 06 48 32.7993 +22 11 12.541
2003 12 25.68056 06 41 37.2760 +22 20 12.122
2003 12 25.68333 06 41 37.2087 +22 20 12.139
2003 12 25.76528 06 41 35.4994 +22 20 14.218
2003 12 25.77431 06 41 35.3063 +22 20 14.618
2003 12 25.77847 06 41 35.2115 +22 20 14.596
2003 12 26.54861 06 41 19.4450 +22 20 34.840
2003 12 26.55069 06 41 19.4093 +22 20 35.051
2003 12 26.55278 06 41 19.3595 +22 20 34.863
2003 12 26.55417 06 41 19.3358 +22 20 34.920
2003 12 26.56181 06 41 19.1712 +22 20 35.153
2003 12 26.56458 06 41 19.1156 +22 20 35.444
2003 12 26.57500 06 41 18.8924 +22 20 35.545
2003 12 26.57847 06 41 18.8270 +22 20 35.489
2003 12 26.58056 06 41 18.7758 +22 20 35.839
2003 12 26.58333 06 41 18.7153 +22 20 35.887
2003 12 26.59028 06 41 18.5761 +22 20 35.874
2003 12 26.59375 06 41 18.5044 +22 20 35.917
2003 12 26.59514 06 41 18.4698 +22 20 36.044
2003 12 26.59861 06 41 18.3954 +22 20 36.195
2003 12 26.60347 06 41 18.3025 +22 20 36.306
2003 12 26.60556 06 41 18.2520 +22 20 36.467
2003 12 26.60903 06 41 18.1827 +22 20 36.397
2003 12 26.61181 06 41 18.1144 +22 20 36.595
2003 12 26.61458 06 41 18.0668 +22 20 36.585
2003 12 26.61875 06 41 17.9745 +22 20 36.727
2003 12 26.62361 06 41 17.8773 +22 20 36.951
2003 12 26.62778 06 41 17.7809 +22 20 36.942
2003 12 26.63264 06 41 17.6755 +22 20 37.034
2003 12 26.71736 06 41 15.8951 +22 20 39.310
2003 12 26.72292 06 41 15.7893 +22 20 39.482
2003 12 26.72639 06 41 15.7187 +22 20 39.540
2003 12 26.72986 06 41 15.6404 +22 20 39.708
2003 12 26.73264 06 41 15.5808 +22 20 39.716
2003 12 26.73542 06 41 15.5207 +22 20 39.737
2003 12 26.74097 06 41 15.4082 +22 20 39.913
2003 12 26.74375 06 41 15.3500 +22 20 40.112
2003 12 26.74722 06 41 15.2767 +22 20 40.250
2003 12 26.76806 06 41 14.8429 +22 20 40.587
2003 12 26.77222 06 41 14.7448 +22 20 40.771
2003 12 26.77708 06 41 14.6498 +22 20 40.950
2003 12 26.77986 06 41 14.5860 +22 20 40.891
2003 12 26.78681 06 41 14.4446 +22 20 41.189
2003 12 26.79375 06 41 14.2960 +22 20 41.260
2003 12 26.79792 06 41 14.2163 +22 20 41.397
2003 12 27.55417 06 40 58.6933 +22 21 01.247
2003 12 27.56042 06 40 58.5599 +22 21 01.352
2003 12 27.56597 06 40 58.4500 +22 21 01.637
2003 12 27.57083 06 40 58.3499 +22 21 01.789
2003 12 27.57639 06 40 58.2304 +22 21 01.936
2003 12 27.58056 06 40 58.1504 +22 21 02.038
2003 12 27.58681 06 40 58.0209 +22 21 02.231
2003 12 27.59306 06 40 57.8871 +22 21 02.375
2003 12 27.59722 06 40 57.8019 +22 21 02.509
2003 12 27.60069 06 40 57.7284 +22 21 02.553
2003 12 27.60764 06 40 57.5742 +22 21 02.735
2003 12 27.61250 06 40 57.4776 +22 21 02.851
2003 12 27.62014 06 40 57.3123 +22 21 03.082
2003 12 27.62431 06 40 57.2275 +22 21 03.224
2003 12 27.63333 06 40 57.0321 +22 21 03.416
2003 12 27.63958 06 40 56.9078 +22 21 03.595
2003 12 27.74375 06 40 54.7062 +22 21 06.286
2003 12 27.76181 06 40 54.3302 +22 21 06.870
2003 12 27.76667 06 40 54.2333 +22 21 06.887
2003 12 27.77083 06 40 54.1420 +22 21 07.069
2003 12 27.77500 06 40 54.0570 +22 21 07.053
2003 12 27.77847 06 40 53.9865 +22 21 07.249
2003 12 27.78194 06 40 53.9072 +22 21 07.320
2003 12 27.78542 06 40 53.8363 +22 21 07.414
2003 12 27.78889 06 40 53.7598 +22 21 07.439
2003 12 27.79167 06 40 53.6956 +22 21 07.604
2003 12 27.79583 06 40 53.6104 +22 21 07.621
2003 12 28.58611 06 40 37.3716 +22 21 28.456
2004 03 16.47708 06 26 38.2435 +22 46 15.500
2004 03 16.48125 06 26 38.2930 +22 46 15.473
2004 03 16.49514 06 26 38.3570 +22 46 15.813
2004 03 16.52847 06 26 38.5513 +22 46 16.073
2004 03 16.57569 06 26 38.8394 +22 46 16.365
2004 03 18.50625 06 26 52.0127 +22 46 31.078
2004 03 18.50903 06 26 51.9844 +22 46 31.634
2004 03 18.54722 06 26 52.2800 +22 46 31.060
2004 03 27.55694 06 28 17.2785 +22 47 24.721
2004 03 27.55972 06 28 17.3027 +22 47 24.926
2004 03 27.56111 06 28 17.3771 +22 47 25.600
2004 03 27.56250 06 28 17.3336 +22 47 24.588
2004 03 27.57014 06 28 17.4214 +22 47 24.666
2004 03 27.58681 06 28 17.5988 +22 47 25.126
