2000 10 09.421990 03 53 48.074 +17 54 42.22  689  63362
2000 10 21.387201 03 50 52.582 +17 43 58.79  689  63362
2000 11 08.334450 03 45 16.571 +17 24 51.05  689  63362
2000 11 14.316696 03 43 13.454 +17 18 04.97  689  63362
2000 11 16.310777 03 42 31.862 +17 15 50.27  689  63362
2000 11 18.304365 03 41 50.180 +17 13 35.05  689  63362
2000 11 19.301394 03 41 29.337 +17 12 28.32  689  63362
2000 11 20.298422 03 41 08.513 +17 11 21.49  689  63362
2000 11 21.295711 03 40 47.661 +17 10 14.95  689  63362
2000 11 24.287093 03 39 45.378 +17 06 56.11  689  63362
2000 11 29.272304 03 38 03.075 +17 01 34.84  689  63362
2000 11 30.268424 03 37 42.969 +17 00 32.22  689  63362
2000 12 01.265786 03 37 22.961 +16 59 30.52  689  63362
2000 12 16.221638 03 32 46.345 +16 45 45.91  689  63362
2000 12 17.218718 03 32 29.917 +16 44 59.36  689  63362
2000 12 19.213620 03 31 57.950 +16 43 30.90  689  63362
2000 12 20.209977 03 31 42.429 +16 42 47.57  689  63362
2000 12 22.203911 03 31 12.392 +16 41 26.87  689  63362
2000 12 30.181039 03 29 26.544 +16 37 00.59  689  63362
2001 01 03.169679 03 28 42.992 +16 35 25.27  689  63362
2001 01 04.166834 03 28 33.160 +16 35 05.60  689  63362
2001 09 23.509475 04 57 48.401 +20 54 39.29  689  63362
2001 09 24.507512 04 57 49.669 +20 54 33.55  689  63362
2001 09 25.504791 04 57 50.467 +20 54 27.49  689  63362
2001 09 27.498588 04 57 50.627 +20 54 12.09  689  63362
2001 09 29.493112 04 57 48.801 +20 53 55.55  689  63362
2001 10 10.462617 04 57 05.065 +20 51 30.56  689  63362
2001 10 12.457003 04 56 50.984 +20 50 55.95  689  63362
2001 10 13.455008 04 56 43.217 +20 50 37.00  689  63362
2001 10 14.452050 04 56 35.075 +20 50 18.40  689  63362
2001 10 15.449557 04 56 26.451 +20 49 58.72  689  63362
2001 10 17.443883 04 56 07.849 +20 49 17.31  689  63362
2001 10 18.440042 04 55 57.901 +20 48 55.53  689  63362
2001 10 20.434348 04 55 36.667 +20 48 10.82  689  63362
2001 10 21.431495 04 55 25.425 +20 47 47.29  689  63362
2001 10 23.425774 04 55 01.730 +20 46 59.25  689  63362
2001 10 24.422906 04 54 49.215 +20 46 34.64  689  63362
2001 10 25.420648 04 54 36.288 +20 46 08.20  689  63362
2001 11 07.383375 04 51 15.363 +20 39 48.31  689  63362
2001 11 08.379397 04 50 57.600 +20 39 15.01  689  63362
2001 11 11.370598 04 50 02.591 +20 37 35.53  689  63362
2001 11 12.368801 04 49 43.686 +20 37 01.80  689  63362
2001 11 13.365311 04 49 24.544 +20 36 27.43  689  63362
2001 11 17.352925 04 48 05.768 +20 34 05.34  689  63362
2001 11 19.348090 04 47 25.074 +20 32 53.15  689  63362
2001 11 22.338137 04 46 22.822 +20 31 02.97  689  63362
2001 11 28.320343 04 44 14.863 +20 27 17.61  689  63362
2001 12 07.293613 04 40 58.961 +20 21 35.45  689  63362
2001 12 08.290644 04 40 37.230 +20 20 58.63  689  63362
2001 12 16.267148 04 37 45.780 +20 16 03.85  689  63362
2001 12 18.261407 04 37 04.101 +20 14 53.58  689  63362
2001 12 19.258052 04 36 43.521 +20 14 17.82  689  63362
2002 01 02.216963 04 32 18.657 +20 07 06.38  689  63362
2002 01 06.205478 04 31 13.146 +20 05 26.69  689  63362
2002 01 14.182300 04 29 19.053 +20 02 45.31  689  63362
2002 01 20.165213 04 28 10.104 +20 01 24.28  689  63362
2002 01 21.161251 04 28 00.113 +20 01 13.78  689  63362
2002 11 11.415682 05 53 11.527 +22 06 13.23  689  63362
2002 11 15.404089 05 52 20.524 +22 06 17.19  689  63362
2002 11 18.395939 05 51 38.507 +22 06 20.43  689  63362
2002 11 27.369233 05 49 15.166 +22 06 28.93  689  63362
2002 12 02.354691 05 47 46.136 +22 06 32.76  689  63362
2002 12 04.348870 05 47 08.994 +22 06 34.02  689  63362
2002 12 05.346130 05 46 50.113 +22 06 34.01  689  63362
2002 12 06.343317 05 46 31.122 +22 06 35.25  689  63362
2002 12 07.340022 05 46 11.942 +22 06 35.15  689  63362
2002 12 12.325516 05 44 34.114 +22 06 37.61  689  63362
2002 12 13.321939 05 44 14.282 +22 06 38.02  689  63362
2002 12 22.294749 05 41 13.604 +22 06 39.73  689  63362
2003 01 02.263094 05 37 37.262 +22 06 41.88  689  63362
2003 01 10.238501 05 35 11.450 +22 06 47.79  689  63362
2003 01 12.233438 05 34 37.276 +22 06 50.44  689  63362
2003 01 14.226777 05 34 04.229 +22 06 53.05  689  63362
2003 01 27.190111 05 31 00.117 +22 07 31.88  689  63362
2003 01 28.187384 05 30 48.430 +22 07 36.02  689  63362
2003 01 30.181667 05 30 26.325 +22 07 46.16  689  63362
2003 01 31.178678 05 30 15.859 +22 07 51.42  689  63362
2003 02 01.175900 05 30 05.792 +22 07 57.01  689  63362
2003 02 03.170497 05 29 46.923 +22 08 09.15  689  63362
2003 02 04.167390 05 29 38.129 +22 08 16.27  689  63362
2003 02 08.156317 05 29 07.296 +22 08 44.52  689  63362
2003 02 19.125935 05 28 19.591 +22 10 30.47  689  63362
2003 10 20.518745 06 54 25.627 +22 03 40.72  689  63362
2003 10 21.516653 06 54 27.303 +22 03 37.47  689  63362
2003 10 28.496907 06 54 25.817 +22 03 32.65  689  63362
2003 11 05.475071 06 53 56.372 +22 04 06.54  689  63362
2003 11 18.438124 06 52 08.013 +22 06 26.83  689  63362
2003 11 19.435400 06 51 56.745 +22 06 42.01  689  63362
2003 11 20.432192 06 51 45.055 +22 06 57.32  689  63362
2003 11 21.429941 06 51 32.979 +22 07 13.74  689  63362
2003 11 23.423913 06 51 07.654 +22 07 47.37  689  63362
2003 12 05.388715 06 48 06.367 +22 11 46.99  689  63362
2003 12 13.365626 06 45 42.457 +22 14 55.96  689  63362
2003 12 14.362264 06 45 23.482 +22 15 21.08  689  63362
2003 12 17.353885 06 44 25.388 +22 16 36.42  689  63362
2003 12 19.347763 06 43 45.852 +22 17 27.59  689  63362
2003 12 20.344802 06 43 25.893 +22 17 53.32  689  63362
2003 12 22.338946 06 42 45.623 +22 18 44.64  689  63362
2003 12 29.318248 06 40 22.162 +22 21 47.66  689  63362
2004 01 10.282317 06 36 17.692 +22 26 57.48  689  63362
2004 01 16.264593 06 34 21.428 +22 29 25.39  689  63363
2004 01 18.258701 06 33 44.206 +22 30 13.86  689  63363
2004 01 18.259941 06 33 44.160 +22 30 13.58  689  63363
2004 01 23.244300 06 32 15.235 +22 32 10.22  689  63363
2004 01 27.232615 06 31 09.097 +22 33 39.67  689  63363
2004 02 16.175682 06 27 05.540 +22 40 05.94  689  63363
2004 03 09.114459 06 26 05.358 +22 45 07.64  689  63363
2004 12 11.415058 07 52 26.297 +20 54 07.78  689  63363
2004 12 13.409258 07 51 54.178 +20 55 41.40  689  63363
2004 12 14.407502 07 51 37.547 +20 56 29.06  689  63363
2004 12 16.401681 07 51 03.431 +20 58 07.80  689  63363
2004 12 19.391771 07 50 10.079 +21 00 39.70  689  63363
2005 02 03.255718 07 34 09.814 +21 42 34.77  689  63363
2005 02 05.248869 07 33 31.479 +21 44 08.06  689  63363
2005 02 09.237647 07 32 17.968 +21 47 06.17  689  63363
2005 02 28.182119 07 27 43.424 +21 58 05.02  689  63363
2005 03 08.160634 07 26 32.055 +22 01 03.19  689  63363
2005 03 11.152242 07 26 12.917 +22 01 52.83  689  63363
2005 03 12.148450 07 26 07.422 +22 02 07.52  689  63363
2005 03 13.146674 07 26 02.488 +22 02 22.03  689  63363
2005 03 27.108304 07 25 43.615 +22 03 49.36  689  63363
2005 11 16.528132 08 57 00.195 +17 48 24.42  689  63363
2005 11 25.504266 08 57 14.990 +17 49 17.99  689  63363
2005 12 04.478727 08 56 51.200 +17 52 48.40  689  63363
2005 12 10.461888 08 56 14.337 +17 56 35.60  689  63363
2005 12 12.456267 08 55 58.537 +17 58 05.64  689  63363
2005 12 28.410374 08 52 52.185 +18 13 50.25  689  63363
2006 01 04.390752 08 51 01.371 +18 22 28.81  689  63363
2006 01 06.385420 08 50 27.041 +18 25 05.94  689  63363
2006 01 07.381212 08 50 09.485 +18 26 26.87  689  63363
2006 01 08.378279 08 49 51.745 +18 27 46.47  689  63363
2006 01 09.376286 08 49 33.668 +18 29 07.94  689  63363
2006 01 18.348834 08 46 42.101 +18 41 43.70  689  63363
2006 01 22.337885 08 45 21.725 +18 47 28.39  689  63363
2006 01 24.331094 08 44 40.975 +18 50 20.96  689  63363
2006 01 25.328987 08 44 20.469 +18 51 47.89  689  63363
2006 02 03.301493 08 41 14.781 +19 04 36.28  689  63363
2006 02 04.299439 08 40 54.251 +19 06 00.45  689  63363
2006 02 07.290343 08 39 53.084 +19 10 07.07  689  63363
2006 02 08.286714 08 39 32.927 +19 11 28.10  689  63363
2006 02 15.266087 08 37 15.030 +19 20 33.75  689  63363
2006 02 18.257278 08 36 18.392 +19 24 14.26  689  63363
2006 02 21.248492 08 35 23.689 +19 27 45.31  689  63363
2006 02 24.240142 08 34 31.141 +19 31 06.34  689  63363
2006 03 17.179942 08 29 42.846 +19 48 53.80  689  63363
2006 03 24.160149 08 28 43.983 +19 52 23.08  689  63363
2006 03 28.148559 08 28 19.643 +19 53 47.03  689  63363
2006 11 22.548617 09 47 48.972 +14 22 27.64  689  63363
2006 12 21.469140 09 48 11.732 +14 26 36.62  689  63363
2006 12 24.461065 09 47 54.339 +14 28 44.94  689  63363
2008 07 03.35320  10 27 29.52  +11 25 22.1   415  63363   16.2 V
2008 07 03.35541  10 27 29.55  +11 25 22.1   415  63363   16.7 V
2008 07 05.35020  10 28 14.73  +11 20 53.4   415  63363   16.3 V
2008 07 05.35240  10 28 14.76  +11 20 52.8   415  63363   16.2 V
2008 07 23.34880  10 35 40.83  +10 36 40.5   415  63584   16.3 V
2008 07 23.35446  10 35 40.96  +10 36 39.5   415  63584   16.7 V
2008 07 23.35664  10 35 41.06  +10 36 38.8   415  63584   17.0 V
2008 11 25.44332  11 29 24.44  +05 22 32.3   704  64482   17.2
2008 11 25.45612  11 29 24.63  +05 22 31.5   704  64482   17.5
2008 11 25.46877  11 29 24.78  +05 22 30.0   704  64482   18.2
2008 11 25.49413  11 29 25.21  +05 22 27.9   704  64482   17.1
2008 12 15.70458  11 32 49.66  +05 07 01.4   415  64749   16.5 V
2008 12 15.70786  11 32 49.71  +05 07 01.6   415  64749   17.1 V
2008 12 27.47905  11 33 32.84  +05 06 14.8   683  64749   16.8 R
2008 12 27.49246  11 33 32.87  +05 06 15.5   683  64749   16.8 R
2008 12 28.48976  11 33 33.85  +05 06 29.0   683  64749   16.9 R
2008 12 28.50317  11 33 33.84  +05 06 29.1   683  64749   16.8 R
2009 01 13.476794 11 32 52.397 +05 16 00.62  673  65036
2009 01 13.482505 11 32 52.370 +05 16 00.94  673  65036
2009 01 13.486978 11 32 52.335 +05 16 01.20  673  65036
2009 01 25.69006  11 31 11.58  +05 30 22.8   415  65036   16.7 V
2009 01 25.69255  11 31 11.56  +05 30 23.0   415  65036   16.5 V
2009 01 29.67547  11 30 26.80  +05 36 14.0   415  65036   16.5 V
2009 01 29.67714  11 30 26.77  +05 36 14.0   415  65036   16.6 V
2009 01 31.65410  11 30 02.54  +05 39 19.7   415  65036   16.8 V
2009 01 31.65578  11 30 02.53  +05 39 19.8   415  65036   16.3 V
2009 02 24.68597  11 23 44.44  +06 24 17.3   415  65325   16.3 V
2009 02 24.68820  11 23 44.44  +06 24 17.1   415  65325   16.9 V
2009 03 06.61157  11 20 39.97  +06 44 51.3   415  65325   16.1 V
2009 03 06.61310  11 20 39.93  +06 44 51.5   415  65325   16.0 V
