 2001 08 27.47779  04 54 16.15  +20 52 23.6  673
 2001 08 27.48140  04 54 16.20  +20 52 23.6  673
 2001 11 17.36837  04 48 05.41  +20 34 05.3  691
 2001 11 17.39207  04 48 04.92  +20 34 04.4  691
 2001 11 17.41418  04 48 04.47  +20 34 03.6  691
 2001 11 20.35992  04 47 04.20  +20 32 16.3  704
 2001 11 20.37457  04 47 03.88  +20 32 15.7  704
 2001 11 20.38924  04 47 03.56  +20 32 15.3  704
 2001 11 20.40390  04 47 03.26  +20 32 14.7  704
 2001 11 20.41859  04 47 02.94  +20 32 14.4  704
 2001 11 21.30658  04 46 44.54  +20 31 41.6  704
 2001 11 21.32124  04 46 44.21  +20 31 41.3  704
 2001 11 21.33584  04 46 43.87  +20 31 40.6  704
 2001 11 21.35044  04 46 43.56  +20 31 40.0  704
 2001 11 21.36505  04 46 43.25  +20 31 39.6  704
 2001 11 24.28664  04 45 41.57  +20 29 50.3  704
 2001 11 24.30136  04 45 41.24  +20 29 49.8  704
 2001 11 24.31610  04 45 40.92  +20 29 49.4  704
 2001 11 24.33082  04 45 40.61  +20 29 48.7  704
 2001 11 24.34553  04 45 40.28  +20 29 48.4  704