 9 1999 09  4 11 34  1.9  2 59 57.0774  14 24 14.199  0.000  0.357
 9 1999 09  5 11 30 20.7  2 59 55.3247  14 23 54.672  0.000  0.358
 9 1999 09  7 11 22 13.4  2 59 50.6562  14 23 10.082  0.000  0.360
 9 1999 09  8 11 17 58.2  2 59 47.7592  14 22 45.819  0.000  0.360
 9 1999 09 13 10 58 25.6  2 59 27.2694  14 20 20.172  0.000  0.364
 9 1999 09 21 10 26 46.9  2 58 34.7564  14 15 11.538  0.000  0.371
 9 1999 10  2  9 41 32.4  2 56 45.8691  14  5 50.377  0.000  0.379
 9 1999 10  3  9 36 55.2  2 56 34.0728  14  4 52.903  0.000  0.380
 9 1999 10  4  9 32 20.0  2 56 21.9323  14  3 53.307  0.000  0.381
 9 1999 10  5  9 28 38.9  2 56  9.5091  14  2 53.612  0.000  0.381
 9 1999 10  7  9 20 32.4  2 55 43.8318  14  0 50.034  0.000  0.383
 9 1999 10 12  8 59 50.8  2 54 34.8637  13 55 25.986  0.000  0.387
 9 1999 10 13  8 55  6.6  2 54 20.3178  13 54 19.001  0.000  0.387
 9 1999 10 14  8 51 12.4  2 54  5.5595  13 53 11.120  0.000  0.388
 9 1999 10 15  8 47  1.5  2 53 50.5664  13 52  2.473  0.000  0.389
 9 1999 10 16  8 43  2.7  2 53 35.4409  13 50 52.608  0.000  0.389
 9 1999 10 29  7 48  5.8  2 50  3.1068  13 35  8.940  0.000  0.397
 9 1999 11  5  7 19 56.8  2 48  1.6324  13 26 28.510  0.000  0.400
 9 1999 12 30  3 30 43.8  2 36  8.0927  12 43 47.209  0.000  0.393
