1982 04 18.22083  13 09 58.17  -04 23 48.2    -    -  688 141305
1982 04 18.25417  13 09 57.65  -04 23 43.5    -    -  688 141305
2004 02 08.196532 06 28 23.725 +22 37 43.58   -    -  673 141305
2004 02 08.203361 06 28 23.647 +22 37 43.70   -    -  673 141305
2004 02 08.208106 06 28 23.592 +22 37 43.77   -    -  673 141305
2004 12 12.45699  07 52 09.67  +20 54 56.5   16.5  V  691 141305
2004 12 12.48317  07 52 09.24  +20 54 57.7   16.5  V  691 141305
2004 12 12.51355  07 52 08.74  +20 54 59.0   16.5  V  691 141305
2004 12 16.47864  07 51 02.13  +20 58 11.5   16.5  V  691 141305
2004 12 16.50492  07 51 01.66  +20 58 12.8   16.5  V  691 141305
2004 12 16.53124  07 51 01.19  +20 58 14.0   16.5  V  691 141305
2006 05 16.37401  08 32 52.24  +19 36 51.7   16.8  V  415 141305
2006 05 16.37645  08 32 52.28  +19 36 51.6   16.8  V  415 141305
2012 03 22.96260  13 45 15.01  -07 53 23.9   16.3  R  G36 141305
2012 03 23.12414  13 45 12.44  -07 53 08.2   16.3  R  G36 141305
2012 03 23.21609  13 45 10.98  -07 52 59.3   16.2  R  G36 141305
2012 03 24.94725  13 44 43.65  -07 50 09.2   15.7  R  G36 141305
2012 03 25.00189  13 44 42.77  -07 50 03.9   15.7  R  G36 141305
2012 03 25.04276  13 44 42.12  -07 49 59.4   15.6  R  G36 141305
2012 03 29.92820  13 43 21.88  -07 41 48.4   16.2  R  G36 141305
2012 03 30.02050  13 43 20.30  -07 41 39.1   16.2  R  G36 141305
2012 03 30.14772  13 43 18.12  -07 41 26.1   16.1  R  G36 141305
2019 06 01.564201 19 22 40.65  -21 41 42.0   16.78 o  T08 141305
2019 06 01.565120 19 22 40.64  -21 41 42.3   16.75 o  T08 141305
2019 06 01.578398 19 22 40.43  -21 41 42.7   16.73 o  T08 141305
2019 06 01.581164 19 22 40.40  -21 41 42.6   16.70 o  T08 141305
2019 07 29.386105 19 05 11.51  -22 14 50.6   16.80 c  T05 141305
2019 07 29.386562 19 05 11.50  -22 14 50.6   16.83 c  T05 141305
2019 07 29.392201 19 05 11.40  -22 14 50.7   16.93 c  T05 141305
2019 07 29.401719 19 05 11.23  -22 14 51.0   16.89 c  T05 141305
2019 07 31.404223 19 04 36.73  -22 15 53.4   16.50 o  T08 141305
2019 07 31.409711 19 04 36.64  -22 15 53.5   16.52 o  T08 141305
2019 07 31.412974 19 04 36.57  -22 15 53.7   16.65 o  T08 141305
2019 07 31.423231 19 04 36.40  -22 15 54.1   16.66 o  T08 141305
2019 08 04.485398 19 03 29.20  -22 17 55.6   16.49 o  T08 141305
2019 08 04.488653 19 03 29.18  -22 17 55.4   16.56 o  T08 141305
2019 08 04.494267 19 03 29.06  -22 17 55.9   16.69 o  T08 141305
2019 08 04.504463 19 03 28.92  -22 17 56.0   16.70 o  T08 141305
2019 08 22.341008 18 59 30.29  -22 25 22.4   16.72 o  T05 141306
2019 08 22.342914 18 59 30.27  -22 25 22.5   16.88 o  T05 141306
2019 08 22.348434 18 59 30.21  -22 25 22.6   16.72 o  T05 141306
2019 08 22.358095 18 59 30.12  -22 25 22.9   16.84 o  T05 141306
2019 08 26.390725 18 58 51.19  -22 26 41.3   17.07 c  T05 141306
2019 08 26.395016 18 58 51.16  -22 26 41.5   16.97 c  T05 141306
2019 08 26.405299 18 58 51.06  -22 26 41.6   16.90 c  T05 141306
2019 08 26.410759 18 58 51.00  -22 26 41.8   16.81 c  T05 141306
2019 08 28.331806 18 58 34.71  -22 27 16.4   16.55 o  T08 141306
2019 08 28.335213 18 58 34.68  -22 27 16.5   16.59 o  T08 141306
2019 08 28.341909 18 58 34.63  -22 27 16.7   16.73 o  T08 141306
2019 08 28.385120 18 58 34.26  -22 27 17.3   16.57 o  T08 141306
2019 10 15.269514 19 00 16.33  -22 30 10.5   16.89 o  T08 141306
2019 10 15.273653 19 00 16.39  -22 30 10.3   16.97 o  T08 141306
2019 10 15.279338 19 00 16.43  -22 30 10.4   16.97 o  T08 141306
2019 10 15.291953 19 00 16.62  -22 30 10.0   16.86 o  T08 141306
2019 10 17.239349 19 00 41.52  -22 29 47.7   16.96 c  T05 141306
2019 10 17.243066 19 00 41.57  -22 29 47.7   17.05 c  T05 141306
2019 10 17.248650 19 00 41.63  -22 29 47.5   17.28 c  T05 141306
2019 10 17.253989 19 00 41.71  -22 29 47.5   17.08 c  T05 141306
2019 10 17.262785 19 00 41.81  -22 29 47.4   16.97 c  T05 141306
2019 10 19.223053 19 01 08.44  -22 29 22.2   16.87 o  T08 141306
2019 10 19.226320 19 01 08.49  -22 29 22.2   16.85 o  T08 141306
2019 10 19.232352 19 01 08.57  -22 29 21.9   16.91 o  T08 141306
2019 10 25.225286 19 02 39.23  -22 27 48.1   17.25 c  T05 141306
2019 10 25.240396 19 02 39.48  -22 27 48.7   17.22 c  T05 141306
2019 10 25.240852 19 02 39.48  -22 27 48.6   17.89 c  T05 141306
2019 10 25.244122 19 02 39.54  -22 27 48.5   17.35 c  T05 141306
2019 10 25.250244 19 02 39.64  -22 27 48.5   17.20 c  T05 141306
2019 11 08.222939 19 07 02.08  -22 22 37.4   16.93 o  T08 141306
2019 11 08.226745 19 07 02.16  -22 22 37.3   16.94 o  T08 141306
2019 11 08.232067 19 07 02.31  -22 22 36.9   16.94 o  T08 141306
2020 03 11.646919 20 05 49.57  -20 21 08.8   16.91 o  T08 141306
2020 03 11.650607 20 05 49.72  -20 21 08.5   17.12 o  T08 141306
2020 03 11.653415 20 05 49.76  -20 21 08.5   16.81 o  T08 141306
2020 04 22.608536 20 16 55.40  -19 51 32.1   17.09 c  T05 141306
2020 04 22.611807 20 16 55.43  -19 51 32.1   17.22 c  T05 141306
2020 04 22.618827 20 16 55.48  -19 51 32.0   17.22 c  T05 141306
2020 05 30.494634 20 17 01.86  -19 55 48.0   16.76 o  T08 141306
2020 05 30.505746 20 17 01.77  -19 55 48.3   16.77 o  T08 141306
2020 05 30.511301 20 17 01.74  -19 55 48.6   16.77 o  T08 141306
2020 05 30.514535 20 17 01.71  -19 55 48.7   16.79 o  T08 141306
2020 05 31.572497 20 16 53.47  -19 56 22.8   16.80 o  T08 141306
2020 05 31.576209 20 16 53.44  -19 56 23.0   16.76 o  T08 141306
2020 05 31.579446 20 16 53.42  -19 56 23.1   16.76 o  T08 141306
2020 05 31.614703 20 16 53.13  -19 56 24.3   16.82 o  T08 141306
2020 06 01.545532 20 16 45.57  -19 56 55.5   16.90 c  T05 141306
2020 06 01.548733 20 16 45.55  -19 56 55.5   17.45 c  T05 141306
2020 06 01.551478 20 16 45.51  -19 56 55.6   16.90 c  T05 141306
2020 06 01.557425 20 16 45.47  -19 56 55.9   16.89 c  T05 141306
2020 06 02.522792 20 16 37.25  -19 57 29.3   16.83 o  T05 141306
2020 06 02.539858 20 16 37.11  -19 57 30.0   17.66 o  T05 141306
2020 06 02.543976 20 16 37.07  -19 57 30.0   16.87 o  T05 141306
2020 06 02.549975 20 16 37.01  -19 57 30.3   16.83 o  T05 141306
2020 06 03.492982 20 16 28.67  -19 58 04.0   16.67 o  T08 141306
2020 06 03.495743 20 16 28.64  -19 58 04.1   16.64 o  T08 141306
2020 06 03.500882 20 16 28.58  -19 58 04.1   16.61 o  T08 141306
2020 06 03.512863 20 16 28.48  -19 58 04.7   17.34 o  T08 141306
2020 06 04.480414 20 16 19.56  -19 58 40.4   17.34 o  T08 141306
2020 06 04.482358 20 16 19.52  -19 58 40.3   16.75 o  T08 141306
2020 06 04.488832 20 16 19.46  -19 58 40.6   16.83 o  T08 141306
2020 06 04.495303 20 16 19.40  -19 58 40.8   16.83 o  T08 141306
2020 06 11.544080 20 15 04.26  -20 03 31.3   16.79 o  T08 141306
2020 06 11.547304 20 15 04.21  -20 03 31.2   16.76 o  T08 141306
2020 06 11.553284 20 15 04.15  -20 03 31.5   16.70 o  T08 141306
2020 06 11.576306 20 15 03.87  -20 03 32.5   16.69 o  T08 141306
2020 06 15.508969 20 14 14.64  -20 06 36.1   16.57 o  T08 141306
2020 06 15.512194 20 14 14.59  -20 06 36.3   16.60 o  T08 141306
2020 06 15.517267 20 14 14.55  -20 06 36.4   16.57 o  T08 141306
2020 06 15.526492 20 14 14.43  -20 06 36.9   16.53 o  T08 141306
2020 06 17.484891 20 13 48.08  -20 08 13.6   17.48 c  T05 141306
2020 06 17.488093 20 13 48.03  -20 08 13.8   16.72 c  T05 141306
2020 06 17.494085 20 13 47.95  -20 08 14.1   16.77 c  T05 141306
2020 06 17.511446 20 13 47.71  -20 08 15.0   16.77 c  T05 141306
2020 06 20.23302  20 13 09.14  -20 10 33.9   16.6  R  X74 141306
2020 06 20.25195  20 13 08.87  -20 10 35.0   16.8  R  X74 141306
2020 06 20.26904  20 13 08.61  -20 10 35.8   16.8  R  X74 141306
2020 06 21.475049 20 12 50.88  -20 11 40.2   16.93 c  T05 141306
2020 06 21.476878 20 12 50.85  -20 11 40.2   16.89 c  T05 141306
2020 06 21.503641 20 12 50.44  -20 11 41.7   16.88 c  T05 141306
2020 06 21.507300 20 12 50.40  -20 11 42.0   16.88 c  T05 141306
2020 06 23.424643 20 12 21.34  -20 13 25.3   16.69 o  T08 141306
2020 06 23.430636 20 12 21.24  -20 13 25.6   16.65 o  T08 141306
2020 06 23.453678 20 12 20.88  -20 13 26.9   16.51 o  T08 141306
2020 06 27.414349 20 11 17.86  -20 17 08.6   16.57 o  T08 141306
2020 06 27.418493 20 11 17.79  -20 17 08.8   16.57 o  T08 141306
2020 06 27.427284 20 11 17.65  -20 17 09.5   17.10 o  T08 141306
2020 06 27.455897 20 11 17.16  -20 17 11.0   16.48 o  T08 141306
2020 06 29.471512 20 10 43.67  -20 19 07.4   17.22 c  T05 141306
2020 06 29.475659 20 10 43.61  -20 19 07.6   16.66 c  T05 141306
2020 06 29.480240 20 10 43.53  -20 19 07.8   16.73 c  T05 141306
2020 06 29.491762 20 10 43.33  -20 19 08.5   16.69 c  T05 141306
2020 06 30.434113 20 10 27.39  -20 20 03.6   16.54 o  T05 141306
2020 06 30.435944 20 10 27.36  -20 20 03.6   16.51 o  T05 141306
2020 06 30.441479 20 10 27.27  -20 20 04.0   16.57 o  T05 141306
2020 06 30.453873 20 10 27.04  -20 20 04.7   16.77 o  T05 141306
2020 07 01.452886 20 10 09.93  -20 21 03.6   16.52 o  T08 141306
2020 07 01.455188 20 10 09.90  -20 21 03.8   16.51 o  T08 141306
2020 07 01.457948 20 10 09.84  -20 21 03.9   16.56 o  T08 141306
2020 07 01.463016 20 10 09.75  -20 21 04.2   16.54 o  T08 141306
2020 07 03.372192 20 09 36.54  -20 22 57.7   16.54 o  T05 141306
2020 07 03.374484 20 09 36.50  -20 22 57.9   16.54 o  T05 141306
2020 07 03.380382 20 09 36.40  -20 22 58.5   16.59 o  T05 141306
2020 07 03.387641 20 09 36.27  -20 22 58.6   16.57 o  T05 141306
2020 07 09.484550 20 07 45.94  -20 29 09.8   16.30 o  T08 141306
2020 07 09.487775 20 07 45.87  -20 29 09.9   16.25 o  T08 141306
2020 07 09.494220 20 07 45.75  -20 29 10.3   16.32 o  T08 141307
2020 07 09.506195 20 07 45.51  -20 29 11.1   16.36 o  T08 141307
2020 07 11.441784 20 07 09.44  -20 31 10.8   16.32 o  T05 141307
2020 07 11.443611 20 07 09.40  -20 31 10.9   16.38 o  T05 141307
2020 07 11.449622 20 07 09.28  -20 31 11.2   16.35 o  T05 141307
2020 07 11.454656 20 07 09.19  -20 31 11.5   16.34 o  T05 141307
2020 07 13.426482 20 06 31.97  -20 33 13.9   16.36 o  T08 141307
2020 07 13.432959 20 06 31.86  -20 33 14.4   16.38 o  T08 141307
2020 07 13.441270 20 06 31.69  -20 33 14.9   16.40 o  T08 141307
2020 07 17.451292 20 05 14.92  -20 37 24.6   16.34 o  T08 141307
2020 07 17.461154 20 05 14.72  -20 37 25.1   16.34 o  T08 141307
2020 07 17.464837 20 05 14.66  -20 37 25.4   16.30 o  T08 141307
2020 07 17.470246 20 05 14.54  -20 37 25.7   16.34 o  T08 141307
2020 07 19.448887 20 04 36.31  -20 39 28.8   16.50 c  T05 141307
2020 07 19.453057 20 04 36.22  -20 39 29.1   16.41 c  T05 141307
2020 07 19.459103 20 04 36.10  -20 39 29.5   16.39 c  T05 141307
2020 07 19.492195 20 04 35.49  -20 39 31.2   16.23 c  T05 141307
2020 07 19.493566 20 04 35.42  -20 39 31.6   16.43 c  T05 141307
2020 07 21.433891 20 03 57.80  -20 41 31.8   16.12 o  T08 141307
2020 07 21.467718 20 03 57.13  -20 41 33.8   16.06 o  T08 141307
2020 07 21.470938 20 03 57.06  -20 41 34.0   16.06 o  T08 141307
2020 07 21.476458 20 03 56.95  -20 41 34.4   16.07 o  T08 141307
2020 07 23.456499 20 03 18.47  -20 43 36.4   16.39 c  T05 141307
2020 07 23.461101 20 03 18.39  -20 43 36.7   16.43 c  T05 141307
2020 07 23.494048 20 03 17.74  -20 43 38.7   16.51 c  T05 141307
2020 07 23.499637 20 03 17.63  -20 43 39.0   16.50 c  T05 141307
2020 07 29.416646 20 01 23.07  -20 49 37.5   16.40 o  T08 141307
2020 07 29.419484 20 01 23.02  -20 49 37.6   16.40 o  T08 141307
2020 07 29.448109 20 01 22.45  -20 49 39.3   16.40 o  T08 141307
2020 07 29.476759 20 01 21.89  -20 49 41.1   16.41 o  T08 141307
2020 07 31.346136 20 00 46.09  -20 51 31.6   16.36 o  T05 141307
2020 07 31.348016 20 00 46.05  -20 51 31.8   16.36 o  T05 141307
2020 07 31.350761 20 00 46.02  -20 51 32.0   16.43 o  T05 141307
2020 07 31.357621 20 00 45.87  -20 51 32.3   16.42 o  T05 141307
2020 08 08.433395 19 58 14.90  -20 59 10.8   16.59 o  T05 141307
2020 08 08.436606 19 58 14.83  -20 59 10.9   16.53 o  T05 141307
2020 08 08.442155 19 58 14.74  -20 59 11.1   16.52 o  T05 141307
2020 08 08.453229 19 58 14.54  -20 59 11.7   16.54 o  T05 141307
2020 08 12.377742 19 57 04.44  -21 02 40.4   16.79 c  T05 141307
2020 08 12.381401 19 57 04.36  -21 02 40.6   16.78 c  T05 141307
2020 08 12.388326 19 57 04.24  -21 02 40.9   16.82 c  T05 141307
2020 08 12.405816 19 57 03.94  -21 02 41.8   16.77 c  T05 141307
2020 08 16.383930 19 55 55.76  -21 06 02.3   16.90 c  T05 141307
2020 08 16.387133 19 55 55.71  -21 06 02.5   16.67 c  T05 141307
2020 08 16.393547 19 55 55.59  -21 06 02.8   16.70 c  T05 141307
2020 08 16.403621 19 55 55.42  -21 06 03.2   16.87 c  T05 141307
2020 08 18.385466 19 55 22.71  -21 07 38.7   16.58 o  T08 141307
2020 08 18.388690 19 55 22.65  -21 07 38.8   16.73 o  T08 141307
2020 08 18.394679 19 55 22.56  -21 07 39.0   16.63 o  T08 141307
2020 08 18.405363 19 55 22.38  -21 07 39.6   16.61 o  T08 141307
2020 08 18.54807  19 55 20.09  -21 07 46.6   16.8  R  D29 141307
2020 08 18.56309  19 55 19.77  -21 07 47.1   17.7  R  D29 141307
2020 08 18.57812  19 55 19.59  -21 07 47.7   16.9  R  D29 141307
2020 08 22.385480 19 54 19.56  -21 10 41.2   16.67 o  T08 141307
2020 08 22.388706 19 54 19.52  -21 10 41.3   16.64 o  T08 141307
2020 08 22.394692 19 54 19.41  -21 10 41.7   16.75 o  T08 141307
2020 08 22.406203 19 54 19.24  -21 10 42.1   16.66 o  T08 141307
2020 09 02.380883 19 51 49.08  -21 17 48.3   16.55 o  T05 141307
2020 09 02.384090 19 51 49.06  -21 17 48.3   16.59 o  T05 141307
2020 09 02.392426 19 51 48.95  -21 17 48.6   16.63 o  T05 141307
2020 09 02.404348 19 51 48.80  -21 17 49.2   16.69 o  T05 141307
2020 09 03.384061 19 51 37.24  -21 18 21.4   16.76 o  T08 141307
2020 09 03.387284 19 51 37.21  -21 18 21.6   16.80 o  T08 141307
2020 09 03.392821 19 51 37.14  -21 18 21.7   16.79 o  T08 141307
2020 09 03.403063 19 51 37.02  -21 18 22.2   16.76 o  T08 141307
2020 09 03.52868  19 51 35.59  -21 18 26.0   16.9  R  D29 141307
2020 09 03.54049  19 51 35.45  -21 18 26.5   17.0  R  D29 141307
2020 09 03.55229  19 51 35.29  -21 18 27.4   17.1  R  D29 141307
2020 09 04.374408 19 51 25.87  -21 18 53.1   16.75 o  T08 141307
2020 09 04.395284 19 51 25.65  -21 18 53.6   16.76 o  T08 141307
2020 09 04.398982 19 51 25.59  -21 18 53.9   16.72 o  T08 141307
2020 09 04.406815 19 51 25.49  -21 18 53.9   16.75 o  T08 141307
2020 09 05.352609 19 51 14.98  -21 19 23.5   16.74 o  T05 141307
2020 09 05.355844 19 51 14.95  -21 19 23.8   16.80 o  T05 141307
2020 09 05.361363 19 51 14.89  -21 19 23.8   16.63 o  T05 141307
2020 09 05.372850 19 51 14.75  -21 19 24.1   16.73 o  T05 141307
2020 09 09.299926 19 50 34.44  -21 21 16.2   16.86 c  T05 141307
2020 09 09.305065 19 50 34.39  -21 21 16.2   16.86 c  T05 141307
2020 09 09.317460 19 50 34.27  -21 21 16.4   16.77 c  T05 141307
2020 09 09.320662 19 50 34.23  -21 21 16.7   16.85 c  T05 141307
2020 09 10.358753 19 50 24.48  -21 21 43.5   17.02 c  T05 141307
2020 09 10.361977 19 50 24.46  -21 21 43.5   17.08 c  T05 141307
2020 09 10.382106 19 50 24.26  -21 21 43.8   17.02 c  T05 141307
2020 09 10.394710 19 50 24.14  -21 21 44.3   17.00 c  T05 141307
2020 09 11.317678 19 50 15.87  -21 22 07.2   16.77 o  T08 141307
2020 09 11.320901 19 50 15.84  -21 22 07.3   16.68 o  T08 141307
2020 09 11.327369 19 50 15.78  -21 22 07.6   16.81 o  T08 141307
2020 09 11.340337 19 50 15.65  -21 22 07.8   16.95 o  T08 141307
2020 09 13.305827 19 49 59.05  -21 22 53.5   17.15 c  T05 141307
2020 09 13.309030 19 49 59.03  -21 22 53.6   17.03 c  T05 141307
2020 09 13.315031 19 49 58.99  -21 22 53.7   17.12 c  T05 141307
2020 09 13.348772 19 49 58.70  -21 22 54.6   17.09 c  T05 141307
2020 11 08.212107 19 53 04.80  -21 14 54.5   17.11 c  T05 141307
2020 11 08.215767 19 53 04.83  -21 14 54.7   17.07 c  T05 141307
2020 11 08.222180 19 53 04.94  -21 14 54.2   17.17 c  T05 141307
2020 11 08.236398 19 53 05.13  -21 14 53.3   17.32 c  T05 141307
2020 11 16.197512 19 55 11.52  -21 09 11.7   17.06 c  T05 141307
2020 11 16.201630 19 55 11.58  -21 09 11.3   17.12 c  T05 141307
2020 11 16.207147 19 55 11.70  -21 09 10.9   17.41 c  T05 141307
2020 11 16.219096 19 55 11.89  -21 09 10.3   17.38 c  T05 141307
2020 11 28.212865 19 59 01.70  -20 58 34.2   16.99 o  T05 141307
2020 11 28.217005 19 59 01.78  -20 58 33.8   17.13 o  T05 141307
2020 11 28.222068 19 59 01.90  -20 58 33.8   17.04 o  T05 141307
2020 11 28.236784 19 59 02.21  -20 58 33.0   16.94 o  T05 141307
2020 12 04.196945 20 01 12.04  -20 52 25.6   16.98 o  T08 141307
2020 12 04.200169 20 01 12.15  -20 52 25.4   17.11 o  T08 141307
2020 12 04.206623 20 01 12.28  -20 52 24.7   17.15 o  T08 141308
2020 12 04.218664 20 01 12.54  -20 52 24.1   17.03 o  T08 141308
2021 04 17.574915 20 58 47.71  -17 39 05.5   16.79 o  T05 141308
2021 04 17.585001 20 58 47.88  -17 39 04.8   16.77 o  T05 141308
2021 04 17.588223 20 58 47.91  -17 39 04.8   16.84 o  T05 141308
2021 04 17.595107 20 58 48.03  -17 39 04.2   16.82 o  T05 141308
2021 04 23.576126 21 00 11.50  -17 34 09.9   17.38 c  T08 141308
2021 04 23.580277 21 00 11.52  -17 34 09.5   17.13 c  T08 141308
2021 04 23.605187 21 00 11.84  -17 34 08.5   17.25 c  T08 141308
2021 06 20.480766 21 02 01.84  -17 36 25.1   16.75 o  T05 141308
2021 06 20.486319 21 02 01.79  -17 36 25.5   16.72 o  T05 141308
2021 06 20.492738 21 02 01.74  -17 36 25.7   16.70 o  T05 141308
2021 06 20.518839 21 02 01.50  -17 36 27.1   16.64 o  T05 141308
2021 06 30.509754 21 00 16.61  -17 45 33.5   16.64 o  T08 141308
2021 06 30.511628 21 00 16.57  -17 45 33.6   16.61 o  T08 141308
2021 06 30.514388 21 00 16.54  -17 45 33.8   16.60 o  T08 141308
2021 06 30.520390 21 00 16.47  -17 45 34.1   16.67 o  T08 141308
2021 07 04.487840 20 59 26.80  -17 49 42.3   16.55 o  T08 141308
2021 07 04.492015 20 59 26.75  -17 49 42.5   16.68 o  T08 141308
2021 07 04.498008 20 59 26.67  -17 49 42.9   16.53 o  T08 141308
2021 07 04.512699 20 59 26.47  -17 49 43.9   16.69 o  T08 141308
2021 07 05.580227 20 59 12.36  -17 50 53.4   16.60 o  T08 141308
2021 07 05.583452 20 59 12.31  -17 50 53.6   16.55 o  T08 141308
2021 07 05.589632 20 59 12.24  -17 50 53.9   16.63 o  T08 141308
2021 07 05.601269 20 59 12.07  -17 50 54.6   16.56 o  T08 141308
2021 07 05.615616 20 59 11.88  -17 50 55.5   16.52 o  T08 141308
2021 07 07.480388 20 58 46.64  -17 52 59.3   16.71 c  T05 141308
2021 07 07.482216 20 58 46.62  -17 52 59.5   16.76 c  T05 141308
2021 07 07.487763 20 58 46.54  -17 52 59.8   16.84 c  T05 141308
2021 07 07.492792 20 58 46.47  -17 53 00.2   16.79 c  T05 141308
2021 07 13.435407 20 57 20.71  -17 59 53.4   16.43 o  T08 141308
2021 07 13.437250 20 57 20.68  -17 59 53.4   16.32 o  T08 141308
2021 07 13.441859 20 57 20.61  -17 59 53.7   16.33 o  T08 141308
2021 07 13.446055 20 57 20.53  -17 59 54.0   16.39 o  T08 141308
2021 07 13.446976 20 57 20.52  -17 59 54.1   16.37 o  T08 141308
2021 07 13.468165 20 57 20.20  -17 59 55.6   16.36 o  T08 141308
2021 07 13.470989 20 57 20.16  -17 59 56.0   16.43 o  T08 141308
2021 07 13.473752 20 57 20.11  -17 59 56.0   16.42 o  T08 141308
2021 07 19.430428 20 55 47.46  -18 07 12.1   16.48 o  T05 141308
2021 07 19.434089 20 55 47.40  -18 07 12.4   16.42 o  T05 141308
2021 07 19.440036 20 55 47.30  -18 07 12.8   16.42 o  T05 141308
2021 07 19.457973 20 55 47.01  -18 07 14.2   16.44 o  T05 141308
2021 07 20.404128 20 55 31.82  -18 08 24.9   16.30 o  T08 141308
2021 07 20.405972 20 55 31.79  -18 08 25.0   16.24 o  T08 141308
2021 07 20.408739 20 55 31.74  -18 08 25.2   16.33 o  T08 141308
2021 07 20.414268 20 55 31.65  -18 08 25.7   16.33 o  T08 141308
2021 07 28.429534 20 53 18.81  -18 18 34.1   16.31 o  T08 141308
2021 07 28.432757 20 53 18.74  -18 18 34.5   16.31 o  T08 141308
2021 07 28.438284 20 53 18.64  -18 18 34.7   16.26 o  T08 141308
2021 07 28.443370 20 53 18.57  -18 18 35.4   16.29 o  T08 141308
2021 07 30.472344 20 52 44.10  -18 21 10.5   16.15 o  T05 141308
2021 07 30.475545 20 52 44.06  -18 21 10.7   16.14 o  T05 141308
2021 07 30.481956 20 52 43.93  -18 21 11.2   16.16 o  T05 141308
2021 07 30.517188 20 52 43.32  -18 21 13.8   16.14 o  T05 141308
2021 07 30.64225  20 52 41.23  -18 21 23.6   16.0  R  D29 141308
2021 07 30.65639  20 52 40.98  -18 21 24.8   16.0  R  D29 141308
2021 07 30.67053  20 52 40.74  -18 21 25.8   16.0  R  D29 141308
2021 07 31.381166 20 52 28.64  -18 22 20.1   16.24 o  T05 141308
2021 07 31.381363 20 52 28.64  -18 22 20.2   16.43 c  T08 141308
2021 07 31.385333 20 52 28.58  -18 22 20.5   16.21 o  T05 141308
2021 07 31.387427 20 52 28.55  -18 22 20.7   16.48 c  T08 141308
2021 07 31.388077 20 52 28.53  -18 22 20.7   16.21 o  T05 141308
2021 07 31.390827 20 52 28.49  -18 22 20.9   16.19 o  T05 141308
2021 07 31.393692 20 52 28.42  -18 22 21.2   16.42 c  T08 141308
2021 07 31.401903 20 52 28.27  -18 22 21.8   16.47 c  T08 141308
2021 08 01.381100 20 52 11.57  -18 23 36.5   16.34 c  T08 141308
2021 08 01.383864 20 52 11.52  -18 23 36.8   16.33 c  T08 141308
2021 08 01.386631 20 52 11.47  -18 23 37.0   16.33 c  T08 141308
2021 08 01.389395 20 52 11.42  -18 23 37.2   16.33 c  T08 141308
2021 08 01.443332 20 52 10.48  -18 23 41.2   16.00 o  T08 141308
2021 08 01.448574 20 52 10.39  -18 23 41.7   16.03 o  T08 141308
2021 08 01.451801 20 52 10.33  -18 23 42.0   16.03 o  T08 141308
2021 08 01.486984 20 52 09.72  -18 23 44.7   16.04 o  T08 141308
2021 08 01.490811 20 52 09.66  -18 23 44.5   16.02 o  T08 141308
2021 08 02.381155 20 51 54.45  -18 24 52.8   16.51 c  T08 141308
2021 08 02.381600 20 51 54.45  -18 24 52.9   16.26 o  T05 141308
2021 08 02.385449 20 51 54.38  -18 24 53.3   16.46 c  T08 141308
2021 08 02.387933 20 51 54.34  -18 24 53.5   16.25 o  T05 141308
2021 08 02.388689 20 51 54.33  -18 24 53.6   16.48 c  T08 141308
2021 08 02.393769 20 51 54.23  -18 24 53.9   16.44 c  T08 141308
2021 08 02.394250 20 51 54.23  -18 24 53.9   16.22 o  T05 141308
2021 08 02.403437 20 51 54.06  -18 24 54.6   16.18 o  T05 141308
2021 08 03.380817 20 51 37.35  -18 26 09.1   16.24 c  T08 141308
2021 08 03.383077 20 51 37.30  -18 26 09.2   16.44 o  T05 141308
2021 08 03.386297 20 51 37.24  -18 26 09.5   16.04 o  T05 141308
2021 08 03.386891 20 51 37.24  -18 26 09.5   16.21 c  T08 141308
2021 08 03.389052 20 51 37.20  -18 26 09.7   16.05 o  T05 141308
2021 08 03.391801 20 51 37.15  -18 26 10.1   16.04 o  T05 141308
2021 08 03.392839 20 51 37.13  -18 26 10.0   16.26 c  T08 141308
2021 08 03.398820 20 51 37.02  -18 26 10.5   16.28 c  T08 141308
2021 08 03.403241 20 51 36.95  -18 26 10.8   16.04 o  T05 141308
2021 08 03.436924 20 51 36.36  -18 26 13.4   16.07 o  T05 141308
2021 08 03.440617 20 51 36.30  -18 26 13.6   16.12 o  T05 141308
2021 08 04.381306 20 51 20.19  -18 27 25.1   16.43 c  T08 141308
2021 08 04.387544 20 51 20.10  -18 27 25.7   16.43 c  T08 141308
2021 08 04.393844 20 51 19.98  -18 27 26.1   16.37 c  T08 141308
2021 08 04.401072 20 51 19.86  -18 27 26.6   16.46 c  T08 141308
2021 08 04.584571 20 51 16.65  -18 27 40.5   16.11 o  T05 141308
2021 08 04.588230 20 51 16.58  -18 27 40.8   16.79 o  T05 141308
2021 08 04.591445 20 51 16.53  -18 27 40.9   16.12 o  T05 141308
2021 08 04.595488 20 51 16.43  -18 27 41.5   16.18 o  T05 141308
2021 08 05.396031 20 51 02.81  -18 28 42.1   16.46 c  T08 141308
2021 08 05.397874 20 51 02.77  -18 28 42.3   16.45 c  T08 141308
2021 08 05.400634 20 51 02.73  -18 28 42.4   16.45 c  T08 141309
2021 08 05.430782 20 51 02.20  -18 28 44.8   16.44 c  T08 141309
2021 08 07.397239 20 50 28.56  -18 31 13.1   16.29 o  T05 141309
2021 08 07.399067 20 50 28.53  -18 31 13.3   16.27 o  T05 141309
2021 08 07.401808 20 50 28.48  -18 31 13.4   16.32 o  T05 141309
2021 08 07.425805 20 50 28.06  -18 31 15.2   16.25 o  T05 141309
2021 08 09.382672 20 49 54.71  -18 33 41.5   16.58 c  T08 141309
2021 08 09.385906 20 49 54.65  -18 33 41.7   16.55 c  T08 141309
2021 08 09.389600 20 49 54.59  -18 33 41.9   16.48 c  T08 141309
2021 08 09.395130 20 49 54.49  -18 33 42.3   16.54 c  T08 141309
2021 08 09.63492  20 49 50.41  -18 34 00.2   16.1  R  D29 141309
2021 08 09.64906  20 49 50.17  -18 34 01.4   16.1  R  D29 141309
2021 08 09.66320  20 49 49.92  -18 34 02.4   16.0  R  D29 141309
2021 08 11.382985 20 49 20.80  -18 36 09.4   16.35 o  T05 141309
2021 08 11.385731 20 49 20.75  -18 36 09.6   16.35 o  T05 141309
2021 08 11.389393 20 49 20.69  -18 36 09.8   16.33 o  T05 141309
2021 08 11.399460 20 49 20.52  -18 36 10.5   16.26 o  T05 141309
2021 08 13.459831 20 48 45.86  -18 38 40.8   16.49 c  T08 141309
2021 08 13.463065 20 48 45.80  -18 38 41.0   16.51 c  T08 141309
2021 08 13.471881 20 48 45.66  -18 38 41.7   16.48 c  T08 141309
2021 08 13.506802 20 48 45.06  -18 38 44.1   16.63 c  T08 141309
2021 08 15.348064 20 48 14.49  -18 40 56.4   16.20 o  T05 141309
2021 08 15.351278 20 48 14.43  -18 40 56.6   16.27 o  T05 141309
2021 08 15.357277 20 48 14.33  -18 40 57.1   16.37 o  T05 141309
2021 08 15.367808 20 48 14.16  -18 40 57.8   16.27 o  T05 141309
2021 08 25.480617 20 45 33.73  -18 52 20.7   16.53 o  T08 141309
2021 08 25.483841 20 45 33.67  -18 52 20.9   16.67 o  T08 141309
2021 08 25.498271 20 45 33.46  -18 52 21.7   16.43 o  T08 141309
2021 08 25.509480 20 45 33.28  -18 52 22.4   16.54 o  T08 141309
2021 08 26.454075 20 45 19.17  -18 53 22.2   16.47 o  T08 141309
2021 08 26.456845 20 45 19.13  -18 53 22.2   16.55 o  T08 141309
2021 08 26.464293 20 45 19.02  -18 53 22.7   16.50 o  T08 141309
2021 08 26.488076 20 45 18.65  -18 53 24.3   16.50 o  T08 141309
2021 08 27.494314 20 45 03.81  -18 54 26.4   16.55 o  T05 141309
2021 08 27.499813 20 45 03.73  -18 54 26.8   16.71 o  T05 141309
2021 08 27.500271 20 45 03.71  -18 54 26.7   16.59 o  T05 141309
2021 08 27.500729 20 45 03.72  -18 54 26.9   16.56 o  T05 141309
2021 08 27.501186 20 45 03.71  -18 54 26.9   16.63 o  T05 141309
2021 08 27.501643 20 45 03.70  -18 54 26.7   16.59 o  T05 141309
2021 08 27.502100 20 45 03.69  -18 54 27.0   16.55 o  T05 141309
2021 08 27.511767 20 45 03.55  -18 54 27.4   16.54 o  T05 141309
2021 08 27.519109 20 45 03.43  -18 54 27.9   16.44 o  T05 141309
2021 08 29.369866 20 44 36.74  -18 56 20.0   16.54 o  T08 141309
2021 08 29.373093 20 44 36.69  -18 56 20.1   16.59 o  T08 141309
2021 08 29.378627 20 44 36.61  -18 56 20.5   16.59 o  T08 141309
2021 08 29.408923 20 44 36.31  -18 56 23.4   16.60 o  T08 141309
2021 08 31.370553 20 44 08.65  -18 58 17.0   16.83 c  T05 141309
2021 08 31.374211 20 44 08.60  -18 58 17.3   16.86 c  T05 141309
2021 08 31.408575 20 44 08.12  -18 58 19.2   16.77 c  T05 141309
2021 08 31.416814 20 44 08.01  -18 58 19.7   16.96 c  T05 141309
2021 09 04.352487 20 43 15.62  -19 01 57.1   16.85 c  T05 141309
2021 09 04.355688 20 43 15.58  -19 01 57.4   16.82 c  T05 141309
2021 09 04.361663 20 43 15.49  -19 01 57.6   16.86 c  T05 141309
2021 09 04.372556 20 43 15.36  -19 01 58.3   16.79 c  T05 141309
2021 09 06.375744 20 42 50.23  -19 03 41.9   16.47 o  T08 141309
2021 09 06.378970 20 42 50.19  -19 03 42.1   16.51 o  T08 141309
2021 09 06.406492 20 42 49.84  -19 03 43.4   16.51 o  T08 141309
2021 09 06.414328 20 42 49.74  -19 03 43.8   16.49 o  T08 141309
2021 09 08.349692 20 42 26.57  -19 05 19.3   16.78 c  T05 141309
2021 09 08.353352 20 42 26.52  -19 05 19.6   16.73 c  T05 141309
2021 09 08.359760 20 42 26.44  -19 05 19.9   16.77 c  T05 141309
2021 09 08.371648 20 42 26.30  -19 05 20.4   16.75 c  T05 141309
2021 09 12.190630 20 41 43.83  -19 08 15.1   16.56 r  I41 141309
2021 09 12.233260 20 41 43.37  -19 08 17.0   17.01 g  I41 141309
2021 09 12.54930  20 41 40.06  -19 08 30.5   16.2  R  D29 141309
2021 09 12.56344  20 41 39.90  -19 08 31.0   15.9  R  D29 141309
2021 09 12.57758  20 41 39.75  -19 08 31.7   15.9  R  D29 141309
2021 09 14.317924 20 41 22.12  -19 09 43.7   16.64 o  T08 141309
2021 09 14.321606 20 41 22.07  -19 09 43.7   16.71 o  T08 141309
2021 09 14.356243 20 41 21.74  -19 09 45.2   16.70 o  T08 141309
2021 09 14.362698 20 41 21.66  -19 09 45.5   16.67 o  T08 141309
2021 09 22.341669 20 40 13.81  -19 14 22.6   17.30 o  T08 141309
2021 09 22.344438 20 40 13.77  -19 14 22.7   16.73 o  T08 141309
2021 09 22.351377 20 40 13.75  -19 14 22.9   16.87 o  T08 141309
2021 09 22.363379 20 40 13.63  -19 14 23.1   16.64 o  T08 141309
2021 10 28.279459 20 40 07.14  -19 15 33.1   16.93 o  T08 141309
2021 10 28.282249 20 40 07.17  -19 15 32.8   17.05 o  T08 141309
2021 10 28.288697 20 40 07.22  -19 15 32.7   17.05 o  T08 141309
2021 10 28.299306 20 40 07.29  -19 15 32.3   16.91 o  T08 141309
2021 10 30.295140 20 40 21.90  -19 14 38.5   17.06 c  T05 141309
2021 10 30.298827 20 40 21.94  -19 14 38.6   17.31 c  T05 141309
2021 10 30.306623 20 40 21.99  -19 14 38.3   17.12 c  T05 141309
2021 10 30.320361 20 40 22.10  -19 14 38.1   17.21 c  T05 141309
2021 11 01.242038 20 40 37.68  -19 13 40.3   17.11 o  T08 141309
2021 11 01.245261 20 40 37.71  -19 13 40.2   17.02 o  T08 141309
2021 11 01.251253 20 40 37.74  -19 13 40.3   16.95 o  T08 141309
2021 11 01.261870 20 40 37.83  -19 13 39.6   16.90 o  T08 141309
2021 11 05.251665 20 41 14.68  -19 11 22.6   16.85 o  T08 141309
2021 11 05.255831 20 41 14.73  -19 11 22.3   16.97 o  T08 141309
2021 11 05.259051 20 41 14.75  -19 11 22.2   16.82 o  T08 141309
2021 11 05.262291 20 41 14.78  -19 11 22.1   16.80 o  T08 141309
2021 11 05.265515 20 41 14.82  -19 11 21.8   16.78 o  T08 141309
2021 11 13.258402 20 42 46.51  -19 05 36.9   16.91 o  T08 141309
2021 11 13.261635 20 42 46.53  -19 05 37.6   17.03 o  T08 141309
2021 11 13.268094 20 42 46.64  -19 05 37.4   17.18 o  T08 141309
2021 11 13.278245 20 42 46.75  -19 05 36.7   17.13 o  T08 141309
2021 11 17.226313 20 43 40.47  -19 02 12.9   16.81 o  T08 141309
2021 11 17.230000 20 43 40.51  -19 02 12.6   16.99 o  T08 141309
2021 11 17.235528 20 43 40.59  -19 02 12.1   16.76 o  T08 141309
2021 11 17.247066 20 43 40.73  -19 02 11.6   16.90 o  T08 141309
2021 11 19.192707 20 44 09.17  -19 00 23.5   16.64 o  T05 141309
2021 11 19.195908 20 44 09.21  -19 00 23.5   16.86 o  T05 141309
2021 11 19.203690 20 44 09.33  -19 00 23.2   16.91 o  T05 141309
2021 11 19.217017 20 44 09.54  -19 00 22.1   16.68 o  T05 141309
2021 11 23.235253 20 45 12.11  -18 56 22.5   17.07 o  T05 141309
2021 11 23.240289 20 45 12.20  -18 56 22.2   17.17 o  T05 141309
2021 11 23.253140 20 45 12.41  -18 56 21.3   16.76 o  T05 141310
2021 11 23.256341 20 45 12.46  -18 56 21.0   16.99 o  T05 141310
2021 11 27.198100 20 46 18.88  -18 52 05.2   17.05 o  T05 141310
2021 11 27.202227 20 46 18.96  -18 52 05.2   16.99 o  T05 141310
2021 11 27.210046 20 46 19.09  -18 52 04.7   16.98 o  T05 141310
2021 11 27.223875 20 46 19.34  -18 52 03.9   17.02 o  T05 141310
2021 12 03.192467 20 48 08.76  -18 44 59.2   17.11 o  T08 141310
2021 12 03.195692 20 48 08.83  -18 44 59.5   16.98 o  T08 141310
2021 12 03.203058 20 48 08.96  -18 44 58.7   16.91 o  T08 141310
2021 12 03.216455 20 48 09.24  -18 44 57.8   17.05 o  T08 141310
2021 12 15.194768 20 52 17.81  -18 28 38.9   17.17 o  T08 141310
2021 12 15.198001 20 52 17.89  -18 28 38.5   17.00 o  T08 141310
2021 12 15.206771 20 52 18.07  -18 28 37.9   17.09 o  T08 141310
2021 12 15.218772 20 52 18.33  -18 28 36.9   17.02 o  T08 141310
2011 08 01.41216  12 49 26.09  -02 46 01.4   17.4  V  E07 141305
2011 08 01.41486  12 49 26.14  -02 46 01.6   17.4  V  E07 141305
2021 07 22.997427 20 54 49.56  -18 11 40.5   17.5  G  Z80 141308
2021 07 22.999163 20 54 49.52  -18 11 40.1   16.8  G  Z80 141308
2021 07 23.000899 20 54 49.44  -18 11 40.8   16.2  G  Z80 141308
