2006 11 10.72780  09 45 59.87  +14 29 28.3   415  58097   17.5 V
2006 11 10.72998  09 45 59.88  +14 29 28.2   415  58097   17.7 V
2006 11 16.73201  09 47 02.27  +14 25 18.7   415  58097   16.6 V
2006 11 16.73350  09 47 02.28  +14 25 18.9   415  58097   17.0 V
2006 11 22.71820  09 47 50.16  +14 22 24.9   415  58097   17.2 V
2006 11 22.72039  09 47 50.20  +14 22 24.5   415  58097   17.1 V
2006 11 24.69024  09 48 02.72  +14 21 44.0   415  58097   17.7 V
2006 11 24.69246  09 48 02.75  +14 21 43.7   415  58097   17.4 V
2006 11 26.71103  09 48 13.87  +14 21 11.7   415  58097   17.1 V
2006 11 26.71269  09 48 13.94  +14 21 10.7   415  58097   16.2 V
2006 12 06.72602  09 48 44.05  +14 20 42.8   415  58523   17.3 V
2006 12 06.72816  09 48 44.06  +14 20 43.3   415  58523   17.1 V
2006 12 07.67792  09 48 44.77  +14 20 51.5   415  58523   17.5 V
2006 12 07.68160  09 48 44.75  +14 20 51.6   415  58523   16.7 V
2006 12 17.71921  09 48 28.51  +14 24 23.8   415  58523   17.3 V
2006 12 17.72166  09 48 28.57  +14 24 24.2   415  58523   17.1 V
2006 12 18.68608  09 48 24.76  +14 24 55.8   415  58523   17.0 V
2006 12 18.69038  09 48 24.73  +14 24 55.8   415  58523   16.8 V
2006 12 21.63728  09 48 10.88  +14 26 45.5   415  58523   17.1 V
2006 12 21.63911  09 48 10.78  +14 26 45.3   415  58523   15.7 V
2006 12 26.66906  09 47 39.16  +14 30 32.6   415  58523   16.7 V
2006 12 26.67073  09 47 39.14  +14 30 32.7   415  58523   16.7 V
2007 01 10.40054  09 45 12.97  +14 46 00.8   691  58764
2007 01 10.41803  09 45 12.75  +14 46 02.1   691  58764
2007 01 10.43559  09 45 12.53  +14 46 03.4   691  58764
2007 01 10.64462  09 45 10.00  +14 46 20.4   415  58764   16.8 V
2007 01 10.64646  09 45 09.98  +14 46 20.3   415  58764   16.5 V
2007 01 11.68018  09 44 56.91  +14 47 38.6   415  58764   16.7 V
2007 01 11.68202  09 44 56.88  +14 47 39.1   415  58764   16.6 V
2007 01 13.05588  09 44 39.12  +14 49 23.2   185  58764   16.1 R
2007 01 13.06263  09 44 39.04  +14 49 24.0   185  58764   15.9 R
2007 01 13.07608  09 44 38.83  +14 49 24.8   185  58764   16.2 R
2007 01 13.08337  09 44 38.76  +14 49 26.2   958  58764   15.8 R
2007 01 13.09627  09 44 38.57  +14 49 25.4   185  58764   15.9 R
2007 01 13.09736  09 44 38.57  +14 49 27.3   958  58764   15.8 R
2007 01 13.10309  09 44 38.45  +14 49 26.1   185  58764   15.9 R
2007 01 13.11134  09 44 38.39  +14 49 28.3   958  58764   15.9 R
2007 01 14.92551  09 44 14.10  +14 51 52.3   B01  58764   16.2 V
2007 01 14.93309  09 44 14.00  +14 51 52.9   B01  58764
2007 01 14.93694  09 44 13.94  +14 51 53.2   B01  58764
2007 01 16.29083  09 43 55.26  +14 53 44.1   704  58764   17.1
2007 01 16.30409  09 43 55.06  +14 53 46.9   704  58764   17.9
2007 01 16.31691  09 43 54.87  +14 53 48.6   704  58764   17.6
2007 01 16.33007  09 43 54.69  +14 53 48.6   704  58764   17.6
2007 01 16.34288  09 43 54.46  +14 53 49.7   704  58764   17.5
2007 01 20.59417  09 42 52.60  +14 59 49.5   415  58764   16.7 V
2007 01 20.59584  09 42 52.59  +14 59 49.3   415  58764   16.4 V
2007 01 26.57038  09 41 19.21  +15 08 41.8   415  58764   16.8 V
2007 01 26.71577  09 41 16.75  +15 08 55.5   415  58764   16.6 V
2007 01 26.71771  09 41 16.70  +15 08 55.5   415  58764   16.6 V
2007 01 27.59290  09 41 02.56  +15 10 15.4   415  58764   16.6 V
2007 01 27.59458  09 41 02.53  +15 10 15.8   415  58764   16.6 V
2007 01 28.61257  09 40 45.84  +15 11 49.4   415  58764   16.5 V
2007 01 28.61443  09 40 45.82  +15 11 49.5   415  58764   15.9 V
2007 01 29.60621  09 40 29.42  +15 13 21.2   415  58764   16.5 V
2007 01 29.60771  09 40 29.42  +15 13 21.4   415  58764   16.6 V
2007 02 11.63338  09 36 45.69  +15 33 45.7   415  59029   16.4 V
2007 02 16.53512  09 35 20.51  +15 41 20.4   415  59029   16.5 V
2007 02 16.53734  09 35 20.45  +15 41 20.7   415  59029   16.5 V
2007 02 17.56919  09 35 02.61  +15 42 54.1   415  59029   16.4 V
2007 02 17.57142  09 35 02.60  +15 42 55.1   415  59029   16.4 V
2007 02 22.56971  09 33 37.61  +15 50 22.5   415  59029   16.1 V
2007 02 22.57124  09 33 37.60  +15 50 23.7   415  59029   15.9 V
2007 02 23.52872  09 33 21.61  +15 51 45.8   415  59029   15.7 V
2007 02 23.53025  09 33 21.58  +15 51 46.2   415  59029   16.1 V
2007 03 07.47082  09 30 15.27  +16 07 44.2   415  59305   16.6 V
2007 03 07.47235  09 30 15.27  +16 07 44.5   415  59305   15.6 V
2007 03 09.56232  09 29 45.73  +16 10 14.3   415  59305   16.7 V
2007 03 09.56381  09 29 45.70  +16 10 14.5   415  59305   16.8 V
2007 03 10.51532  09 29 32.64  +16 11 20.6   415  59305   16.1 V
2007 03 10.51682  09 29 32.62  +16 11 20.6   415  59305   16.2 V
2007 03 13.54073  09 28 52.65  +16 14 41.5   415  59305   16.4 V
2007 03 13.54189  09 28 52.64  +16 14 41.9   415  59305   16.3 V
2007 03 14.61923  09 28 39.00  +16 15 50.0   415  59305   16.9 V
2007 03 14.62073  09 28 38.98  +16 15 50.2   415  59305   16.7 V
2007 03 16.91062  09 28 11.22  +16 18 07.6   958  59305   16.4
2007 03 16.92482  09 28 11.06  +16 18 08.5   958  59305   16.4
2007 03 16.93901  09 28 10.88  +16 18 09.1   958  59305   16.3
2007 03 21.43036  09 27 21.21  +16 22 17.9   415  59305   17.1 V
2007 03 21.43202  09 27 21.21  +16 22 17.7   415  59305   16.9 V
2007 03 22.49302  09 27 10.46  +16 23 11.0   415  59305   16.7 V
2007 03 22.49454  09 27 10.43  +16 23 11.3   415  59305   16.2 V
2007 03 23.54242  09 27 00.18  +16 24 01.5   415  59305   16.8 V
2007 03 23.54409  09 27 00.16  +16 24 01.5   415  59305   16.4 V
2007 03 26.60288  09 26 32.46  +16 26 17.8   415  59305   16.8 V
2007 03 26.60399  09 26 32.45  +16 26 18.0   415  59305   16.9 V
2007 03 27.48150  09 26 25.18  +16 26 53.7   415  59305   16.9 V
2007 03 27.48316  09 26 25.13  +16 26 53.8   415  59305   16.8 V
