 2003 02 22.174763 05 28 16.164 +22 11 06.66 673
 2003 02 22.179267 05 28 16.163 +22 11 06.71 673
 2003 02 22.183773 05 28 16.159 +22 11 06.77 673
 2003 02 22.188364 05 28 16.156 +22 11 06.82 673
 2003 02 23.165329 05 28 15.998 +22 11 19.12 673
 2003 02 23.170002 05 28 15.993 +22 11 19.20 673
 2003 02 23.174668 05 28 15.990 +22 11 19.22 673
 2003 02 23.179371 05 28 15.991 +22 11 19.28 673
 2003 03 10.166255 05 29 09.470 +22 15 03.89 673
 2003 03 10.170913 05 29 09.504 +22 15 03.93 673
 2003 03 10.175420 05 29 09.532 +22 15 04.03 673
 2003 03 10.180454 05 29 09.568 +22 15 04.10 673
 2003 03 12.147780 05 29 24.304 +22 15 38.29 673
 2003 03 12.152285 05 29 24.330 +22 15 38.30 673
 2003 03 12.156850 05 29 24.354 +22 15 38.48 673
 2003 03 12.161355 05 29 24.406 +22 15 38.45 673


