2019 06 03.534068 19 22 12.80  -21 42 38.0   16.75 c  T05 115066
2019 06 03.539792 19 22 12.72  -21 42 38.2   16.86 c  T05 115066
2019 06 03.542623 19 22 12.67  -21 42 38.3   16.89 c  T05 115066
2019 06 03.560142 19 22 12.43  -21 42 38.9   16.80 c  T05 115066
2019 06 25.495844 19 15 59.18  -21 54 50.5   16.43 o  T08 115066
2019 06 25.504030 19 15 59.02  -21 54 50.8   16.44 o  T08 115066
2019 06 25.507253 19 15 58.95  -21 54 50.9   16.68 o  T08 115066
2019 06 25.521448 19 15 58.68  -21 54 51.3   16.44 o  T08 115066
2019 07 22.63267  19 07 13.43  -22 11 09.0   16.7  R  D29 115066
2019 07 22.64858  19 07 13.18  -22 11 09.9   16.4  R  D29 115066
2019 07 22.66449  19 07 12.83  -22 11 10.4   16.5  R  D29 115066
