2452689.086319     5 28 31.5381     22 10 36.873
2452689.098472     5 28 31.5121     22 10 36.986
2452689.104525     5 28 31.5057     22 10 37.126
2452689.109688     5 28 31.4930     22 10 37.139
2452689.115394     5 28 31.4797     22 10 37.169
2452689.089190     5 28 31.5437     22 10 36.999
2452689.100521     5 28 31.5119     22 10 36.984
2452689.106157     5 28 31.4949     22 10 37.245
2452689.111852     5 28 31.4883     22 10 37.153
2452689.117176     5 28 31.4726     22 10 37.197
2452689.067222     5 28 31.5813     22 10 36.658
2452689.068252     5 28 31.5777     22 10 36.708
2452689.069317     5 28 31.5800     22 10 36.768
2452689.070382     5 28 31.5798     22 10 36.683
2452689.071539     5 28 31.5784     22 10 36.719
2452689.073137     5 28 31.5686     22 10 36.781
2452689.074769     5 28 31.5678     22 10 36.686
2452689.076007     5 28 31.5655     22 10 36.839
2452689.077477     5 28 31.5662     22 10 36.852
2452689.078623     5 28 31.5600     22 10 36.796
2452689.080220     5 28 31.5593     22 10 36.853
2452689.081516     5 28 31.5584     22 10 36.791
2452689.082697     5 28 31.5523     22 10 36.820
2452689.083866     5 28 31.5529     22 10 36.845
2452689.085139     5 28 31.5433     22 10 36.802
2452698.083611     5 28 31.6307     22 12 30.738
2452698.096157     5 28 31.6478     22 12 30.943
2452698.102523     5 28 31.6528     22 12 31.122
2452698.085903     5 28 31.6231     22 12 30.806
2452698.098044     5 28 31.6553     22 12 31.167
2452698.104942     5 28 31.6781     22 12 31.144
2452699.071088     5 28 33.9424     22 12 44.908
2452699.079687     5 28 33.9632     22 12 45.010
2452699.084653     5 28 33.9755     22 12 45.194
2452699.089780     5 28 33.9894     22 12 45.115
2452699.094560     5 28 34.0035     22 12 45.294
2452699.100637     5 28 34.0180     22 12 45.376
2452699.105243     5 28 34.0325     22 12 45.335
2452699.109537     5 28 34.0344     22 12 45.408
2452699.114282     5 28 34.0451     22 12 45.456
2452699.073877     5 28 33.9473     22 12 44.965
2452699.081424     5 28 33.9610     22 12 45.023
2452699.086435     5 28 33.9761     22 12 45.128
2452699.091481     5 28 33.9887     22 12 45.189
2452699.096470     5 28 34.0113     22 12 45.206
2452699.102384     5 28 34.0152     22 12 45.272
2452699.106944     5 28 34.0285     22 12 45.360
2452699.110880     5 28 34.0497     22 12 45.540
2452699.115729     5 28 34.0485     22 12 45.501
2453006.164404     6 39 28.1492     22 23 07.006
2453006.167737     6 39 28.0760     22 23 07.067
2453006.170388     6 39 28.0275     22 23 07.168
2453006.174427     6 39 27.9372     22 23 07.239
2453006.180093     6 39 27.8223     22 23 07.412
2453006.183368     6 39 27.7563     22 23 07.506
2453006.186921     6 39 27.6840     22 23 07.597
2453006.190660     6 39 27.6064     22 23 07.677
2453006.193484     6 39 27.5423     22 23 07.772
2453006.195185     6 39 27.5113     22 23 07.801
2453006.196539     6 39 27.4817     22 23 07.856
2453006.197917     6 39 27.4532     22 23 07.887
2453006.199317     6 39 27.4261     22 23 07.842
2453006.201204     6 39 27.3867     22 23 07.949
2453006.202940     6 39 27.3526     22 23 07.963
2453006.204213     6 39 27.3261     22 23 08.029
2453006.205764     6 39 27.2950     22 23 08.049
2453006.207164     6 39 27.2638     22 23 08.125
2453006.208519     6 39 27.2332     22 23 08.117
2453006.209838     6 39 27.2087     22 23 08.173
2453006.211215     6 39 27.1845     22 23 08.170
2453006.212639     6 39 27.1491     22 23 08.254
2453006.214248     6 39 27.1169     22 23 08.301
2453006.215556     6 39 27.0954     22 23 08.346
2453006.216806     6 39 27.0670     22 23 08.374
2453006.218044     6 39 27.0411     22 23 08.331
2453007.130995     6 39 08.2244     22 23 32.308
2453007.136887     6 39 08.1033     22 23 32.461
2453007.141806     6 39 08.0070     22 23 32.627
2453007.147118     6 39 07.8958     22 23 32.756
2453007.151875     6 39 07.7991     22 23 32.879
2453007.157928     6 39 07.6738     22 23 33.002
2453007.162940     6 39 07.5716     22 23 33.104
2453007.167535     6 39 07.4719     22 23 33.289
2453007.173137     6 39 07.3625     22 23 33.389
2453007.176505     6 39 07.2919     22 23 33.509
2453007.179931     6 39 07.2204     22 23 33.638
2453007.221042     6 39 06.3740     22 23 34.683
2453007.224560     6 39 06.3002     22 23 34.752
2453007.228380     6 39 06.2238     22 23 34.834
2453007.231690     6 39 06.1550     22 23 34.921
2453008.183623     6 38 46.5790     22 23 59.793
2453008.191111     6 38 46.4213     22 23 59.877
2453008.195972     6 38 46.3245     22 24 00.101
2453008.201238     6 38 46.2224     22 24 00.186
2453008.206586     6 38 46.1098     22 24 00.367
2453008.211655     6 38 46.0060     22 24 00.467
2453008.216690     6 38 45.9055     22 24 00.701
2453008.221343     6 38 45.8100     22 24 00.743
2453008.227627     6 38 45.6813     22 24 00.941
2453008.181539     6 38 46.6283     22 23 59.632
2453008.189329     6 38 46.4706     22 23 59.899
2453008.194421     6 38 46.3599     22 24 00.007
2453008.198924     6 38 46.2671     22 24 00.206
2453008.204502     6 38 46.1556     22 24 00.333
2453008.209907     6 38 46.0435     22 24 00.430
2453008.214722     6 38 45.9508     22 24 00.605
2453008.219537     6 38 45.8471     22 24 00.708
2453008.225752     6 38 45.7182     22 24 00.857
2453009.197581     6 38 25.7951     22 24 26.267
2453009.201389     6 38 25.7199     22 24 26.334
2453009.204560     6 38 25.6554     22 24 26.442
2453009.208218     6 38 25.5775     22 24 26.523
2453009.211678     6 38 25.5053     22 24 26.595
2453009.215544     6 38 25.4306     22 24 26.779
2453009.219340     6 38 25.3523     22 24 26.809
2453009.222280     6 38 25.2877     22 24 26.850
2453009.226481     6 38 25.2070     22 24 27.051
2453009.229907     6 38 25.1380     22 24 27.061
2453009.232951     6 38 25.0743     22 24 27.213
2453009.237025     6 38 24.9885     22 24 27.303
2453009.241921     6 38 24.8887     22 24 27.389
2453009.245312     6 38 24.8148     22 24 27.480
2453009.248970     6 38 24.7444     22 24 27.566
2453009.252303     6 38 24.6791     22 24 27.726
2453009.255868     6 38 24.6063     22 24 27.755
2453354.171620     7 51 51.3579     20 56 00.453
2453354.182558     7 51 51.1679     20 56 00.961
2453354.206563     7 51 50.7660     20 56 02.096
2453354.218079     7 51 50.5681     20 56 02.781
2453354.224826     7 51 50.4581     20 56 02.982
2453354.278819     7 51 49.5501     20 56 05.686
2453354.280694     7 51 49.5183     20 56 05.737
2453354.282662     7 51 49.4843     20 56 05.835
2453354.284514     7 51 49.4548     20 56 05.935
2453354.286377     7 51 49.4189     20 56 06.025
2453354.288218     7 51 49.3901     20 56 06.093
2453377.171146     7 44 17.6842     21 16 57.945
2453377.172361     7 44 17.6524     21 16 57.980
2453377.173750     7 44 17.6210     21 16 57.978
2453377.177234     7 44 17.5493     21 16 58.302
2453377.182338     7 44 17.4404     21 16 58.568
2453377.185949     7 44 17.3538     21 16 58.716
2453377.188727     7 44 17.2980     21 16 58.900
2453377.189873     7 44 17.2742     21 16 59.020
2453377.191181     7 44 17.2447     21 16 59.023
2453377.192373     7 44 17.2195     21 16 59.105
2453377.194097     7 44 17.1847     21 16 59.212
2453377.195752     7 44 17.1467     21 16 59.398
2453377.196887     7 44 17.1200     21 16 59.377
2453377.198275     7 44 17.0937     21 16 59.488
2453377.199201     7 44 17.0725     21 16 59.553
2453377.200174     7 44 17.0502     21 16 59.570
2453377.201250     7 44 17.0266     21 16 59.657
2453377.204525     7 44 16.9566     21 16 59.793
2453377.205683     7 44 16.9323     21 16 59.928
2453377.206701     7 44 16.9073     21 16 59.926
2453377.207894     7 44 16.8856     21 17 00.086
2453377.209039     7 44 16.8607     21 17 00.156
2453377.210139     7 44 16.8362     21 17 00.178
2453377.211296     7 44 16.8124     21 17 00.195
2453378.194907     7 43 55.4085     21 17 57.083
2453378.206470     7 43 55.1597     21 17 57.786
2453378.209618     7 43 55.0872     21 17 58.025
2453378.212523     7 43 55.0236     21 17 58.145
2453378.215417     7 43 54.9621     21 17 58.314
2453378.217616     7 43 54.9147     21 17 58.429
2453378.219942     7 43 54.8637     21 17 58.620
2453378.232083     7 43 54.5968     21 17 59.283
2453378.235046     7 43 54.5355     21 17 59.444
2453378.237743     7 43 54.4692     21 17 59.637
2453378.240289     7 43 54.4194     21 17 59.793
2453378.249259     7 43 54.2308     21 18 00.263
2453378.251806     7 43 54.1690     21 18 00.456
2453378.254363     7 43 54.1101     21 18 00.659
2453378.259282     7 43 54.0063     21 18 00.847
2453378.261933     7 43 53.9440     21 18 01.037
2453378.264630     7 43 53.8882     21 18 01.105
2453378.267350     7 43 53.8296     21 18 01.348
2453378.269838     7 43 53.7763     21 18 01.464
2453378.272361     7 43 53.7205     21 18 01.613
2453378.275845     7 43 53.6483     21 18 01.814
2453378.278530     7 43 53.5883     21 18 01.917
2453378.281238     7 43 53.5218     21 18 02.117
2453378.283831     7 43 53.4647     21 18 02.228
2453379.172477     7 43 34.0722     21 18 53.667
2453379.174572     7 43 34.0260     21 18 53.719
2453379.176644     7 43 33.9746     21 18 53.933
2453379.178484     7 43 33.9440     21 18 53.958
2453379.180671     7 43 33.8935     21 18 54.143
2453379.182014     7 43 33.8627     21 18 54.154
2453379.183229     7 43 33.8345     21 18 54.206
2453379.184699     7 43 33.8055     21 18 54.337
2453379.185891     7 43 33.7782     21 18 54.368
2453379.187477     7 43 33.7456     21 18 54.450
2453379.188727     7 43 33.7212     21 18 54.615
2453379.190440     7 43 33.6843     21 18 54.625
2453379.191863     7 43 33.6454     21 18 54.741
2453379.193600     7 43 33.6107     21 18 54.799
2453379.194954     7 43 33.5826     21 18 54.910
2453379.196319     7 43 33.5546     21 18 55.033
2453379.197905     7 43 33.5145     21 18 55.048
2453379.199537     7 43 33.4799     21 18 55.143
2453379.201644     7 43 33.4292     21 18 55.296
2453379.203588     7 43 33.3906     21 18 55.397
2453379.205394     7 43 33.3521     21 18 55.576
2453379.207558     7 43 33.3035     21 18 55.573
2453379.235833     7 43 32.6847     21 18 57.240
2453379.238368     7 43 32.6281     21 18 57.405
2453379.240972     7 43 32.5760     21 18 57.550
2453379.243414     7 43 32.5225     21 18 57.700
