 1998 10 10.42897  02 02 38.55  +09 35 10.4  699
 1998 10 10.44682  02 02 38.27  +09 35 08.8  699
 1998 10 10.47589  02 02 37.75  +09 35 05.9  699
 2001 10 24.41678  04 54 49.51  +20 46 35.4  704
 2001 10 24.43317  04 54 49.19  +20 46 34.6  704
 2001 10 24.44955  04 54 48.93  +20 46 34.3  704
 2001 10 24.46608  04 54 48.59  +20 46 34.4  704
 2001 10 24.48247  04 54 48.33  +20 46 34.3  704
 2001 11 12.36134  04 49 43.96  +20 37 03.3  704
 2001 11 12.37561  04 49 43.65  +20 37 02.8  704
 2001 11 12.38992  04 49 43.37  +20 37 02.1  704
 2001 11 12.40415  04 49 43.06  +20 37 01.6  704
 2001 11 12.41844  04 49 42.74  +20 37 01.2  704
 2002 01 09.18299  04 30 27.80  +20 04 19.8  704
 2002 01 09.19877  04 30 27.55  +20 04 19.3  704
 2002 01 09.21467  04 30 27.28  +20 04 18.8  704
 2002 01 09.23033  04 30 27.03  +20 04 18.0  704
 2002 01 09.24587  04 30 26.77  +20 04 17.5  704
 2002 09 07.41403  05 50 20.98  +22 05 32.3  704
 2002 09 07.42850  05 50 21.21  +22 05 32.2  704
 2002 09 07.44291  05 50 21.48  +22 05 31.7  704
 2002 09 07.45737  05 50 21.79  +22 05 32.1  704
 2002 11 14.34181  05 52 34.81  +22 06 16.9  704
 2002 11 14.35957  05 52 34.53  +22 06 16.9  704
 2002 11 14.37722  05 52 34.24  +22 06 17.6  704
 2002 11 14.39484  05 52 34.02  +22 06 17.0  704
 2002 11 14.41266  05 52 33.74  +22 06 18.0  704
 2003 01 08.24286  05 35 46.66  +22 06 46.2  704
 2003 01 08.25764  05 35 46.36  +22 06 46.2  704
 2003 01 08.27337  05 35 46.06  +22 06 46.0  704
 2003 01 08.28833  05 35 45.78  +22 06 46.2  704
 2003 01 08.30311  05 35 45.50  +22 06 46.1  704
 2003 01 16.33503  05 33 30.463 +22 06 57.76 673
 2003 01 16.33956  05 33 30.402 +22 06 57.13 673
 2003 01 16.34605  05 33 30.305 +22 06 57.54 673
 2003 01 17.26728  05 33 16.009 +22 06 59.64 673
 2003 01 17.27181  05 33 15.942 +22 06 59.62 673
 2003 01 17.27635  05 33 15.871 +22 06 59.75 673