2007 06 02.43341  09 31 47.74  +16 00 39.3   415  60086   16.2 V
2007 06 02.43620  09 31 47.80  +16 00 39.2   415  60086   16.1 V
2007 06 03.40060  09 32 04.16  +15 59 19.8   415  60086   17.0 V
2007 06 03.40183  09 32 04.18  +15 59 19.5   415  60086   17.1 V
2007 06 05.41031  09 32 39.21  +15 56 28.2   415  60086   16.9 V
2007 06 05.41250  09 32 39.22  +15 56 28.3   415  60086   16.8 V
2007 06 10.37102  09 34 10.60  +15 49 00.7   415  60086   16.5 V
2007 06 10.37348  09 34 10.63  +15 49 00.4   415  60086   16.7 V
2007 06 12.38874  09 34 49.63  +15 45 48.7   415  60086   17.1 V
2007 06 12.39095  09 34 49.71  +15 45 48.1   415  60086   16.5 V
2007 06 22.36014  09 38 17.56  +15 28 41.7   415  60086   16.6 V
2007 06 22.36307  09 38 17.58  +15 28 41.8   415  60086   17.0 V
2007 06 23.37980  09 38 40.09  +15 26 49.9   415  60086   17.1 V
2007 06 23.38238  09 38 40.11  +15 26 49.6   415  60086   17.3 V
