2003 09 20.462983 06 50 07.420 +22  09  48.84  673
2003 09 20.467551 06 50 07.484 +22  09  48.74  673
2003 09 20.472164 06 50 07.548 +22  09  48.65  673
2003 09 21.456622 06 50 22.049 +22  09  29.70  673
2003 09 21.461228 06 50 22.119 +22  09  29.62  673
2003 09 21.465751 06 50 22.178 +22  09  29.55  673
2003 10 10.403239 06 53 42.982 +22  04  49.80  673
2003 10 10.410760 06 53 43.037 +22  04  49.77  673
2003 10 11.447241 06 53 49.531 +22  04  39.90  673
2003 10 11.453944 06 53 49.573 +22  04  39.84  673
2003 10 12.422745 06 53 55.222 +22  04  31.11  673
2003 10 12.427298 06 53 55.247 +22  04  31.09  673
2003 10 28.456771 06 54 25.883 +22  03  32.57  673
2003 10 28.461286 06 54 25.874 +22  03  32.61  673
2003 10 28.467781 06 54 25.860 +22  03  32.62  673
2003 10 28.472307 06 54 25.852 +22  03  32.63  673
2003 11 07.336569 06 53 45.381 +22  04  19.97  673
2003 11 07.341377 06 53 45.351 +22  04  20.00  673
2003 11 08.328129 06 53 38.876 +22  04  28.22  673
2003 11 08.332995 06 53 38.838 +22  04  28.27  673
2003 11 26.347791 06 50 27.864 +22  08  39.97  673
2003 11 26.352485 06 50 27.794 +22  08  40.09  673
2003 11 26.357002 06 50 27.730 +22  08  40.16  673
2003 11 26.361518 06 50 27.659 +22  08  40.22  673
2003 12 21.33907  06 43 05.93  +22  18  18.7   704
2003 12 21.35212  06 43 05.63  +22  18  19.3   704
2003 12 21.36523  06 43 05.33  +22  18  20.4   704
2003 12 21.37868  06 43 04.94  +22  18  20.0   704
2003 12 22.416875 06 42 44.009 +22  18  46.73  673
2003 12 22.421396 06 42 43.907 +22  18  46.89  673
2003 12 22.425917 06 42 43.818 +22  18  46.89  673
2003 12 28.19836  06 40 45.35  +22  21  18.3   291
2003 12 28.22377  06 40 44.82  +22  21  19.1   291
2003 12 28.25009  06 40 44.29  +22  21  19.8   291
