2452176.009474   04 57 48.401   +20 54 39.29
2452177.007511   04 57 49.669   +20 54 33.55
2452178.004790   04 57 50.467   +20 54 27.49
2452179.998587   04 57 50.627   +20 54 12.10
2452181.993112   04 57 48.801   +20 53 55.55
2452192.962616   04 57 05.065   +20 51 30.56
2452194.957003   04 56 50.984   +20 50 55.95
2452195.955008   04 56 43.217   +20 50 37.00
2452196.952049   04 56 35.075   +20 50 18.40
2452197.949556   04 56 26.451   +20 49 58.72
2452199.943883   04 56 07.849   +20 49 17.31
2452200.940041   04 55 57.901   +20 48 55.53
2452202.934348   04 55 36.667   +20 48 10.82
2452203.931495   04 55 25.425   +20 47 47.29
2452205.925774   04 55 01.730   +20 46 59.25
2452206.922906   04 54 49.215   +20 46 34.64
2452207.920648   04 54 36.288   +20 46 08.21
2452220.883374   04 51 15.364   +20 39 48.31
2452221.879396   04 50 57.601   +20 39 15.01
2452224.870598   04 50 02.591   +20 37 35.53
2452225.868800   04 49 43.686   +20 37 01.80
2452226.865311   04 49 24.544   +20 36 27.43
2452227.862626   04 49 05.123   +20 35 52.28
2452230.852924   04 48 05.768   +20 34 05.34
2452232.848090   04 47 25.074   +20 32 53.15
2452235.838136   04 46 22.822   +20 31 02.97
2452241.820342   04 44 14.863   +20 27 17.61
2452250.793613   04 40 58.961   +20 21 35.45
2452251.790643   04 40 37.230   +20 20 58.63
2452259.767148   04 37 45.780   +20 16 03.86
2452261.761407   04 37 04.101   +20 14 53.58
2452262.758052   04 36 43.521   +20 14 17.82
2452276.716962   04 32 18.657   +20 07 06.38
2452280.705478   04 31 13.146   +20 05 26.69
2452288.682299   04 29 19.053   +20 02 45.31
2452294.665212   04 28 10.104   +20 01 24.28
2452295.661251   04 28 00.113   +20 01 13.78
2452589.915681   05 53 11.527   +22 06 13.23
2452593.904089   05 52 20.524   +22 06 17.19
2452596.895938   05 51 38.507   +22 06 20.43
2452605.869232   05 49 15.166   +22 06 28.93
2452610.854690   05 47 46.136   +22 06 32.76
2452612.848870   05 47 08.994   +22 06 34.02
2452613.846129   05 46 50.113   +22 06 34.01
2452614.843317   05 46 31.122   +22 06 35.25
2452615.840021   05 46 11.942   +22 06 35.15
2452620.825516   05 44 34.114   +22 06 37.61
2452621.821938   05 44 14.282   +22 06 38.02
2452630.794748   05 41 13.604   +22 06 39.73
2452641.763093   05 37 37.262   +22 06 41.88
2452649.738501   05 35 11.450   +22 06 47.79
2452651.733437   05 34 37.276   +22 06 50.44
2452653.726776   05 34 04.229   +22 06 53.05
2452666.690111   05 31 00.117   +22 07 31.88
2452667.687384   05 30 48.430   +22 07 36.02
2452669.681666   05 30 26.325   +22 07 46.16
2452670.678678   05 30 15.859   +22 07 51.42
2452671.675900   05 30 05.792   +22 07 57.01
2452673.670496   05 29 46.923   +22 08 09.15
2452674.667390   05 29 38.129   +22 08 16.27
2452678.656317   05 29 07.296   +22 08 44.52
2452689.625935   05 28 19.591   +22 10 30.47
2452933.018745   06 54 25.627   +22 03 40.72
2452934.016652   06 54 27.303   +22 03 37.47
2452940.996907   06 54 25.817   +22 03 32.65
2452948.975070   06 53 56.372   +22 04 06.54
2452961.938123   06 52 08.013   +22 06 26.83
2452962.935400   06 51 56.745   +22 06 42.01
2452963.932192   06 51 45.055   +22 06 57.32
2452964.929940   06 51 32.979   +22 07 13.74
2452966.923913   06 51 07.654   +22 07 47.37
2452978.888715   06 48 06.367   +22 11 46.99
2452986.865626   06 45 42.457   +22 14 55.96
2452987.862263   06 45 23.482   +22 15 21.08
2452990.853885   06 44 25.388   +22 16 36.42
2452992.847762   06 43 45.852   +22 17 27.59
2452993.844802   06 43 25.893   +22 17 53.32
2452995.838945   06 42 45.623   +22 18 44.64
2453002.818247   06 40 22.162   +22 21 47.66
2453014.782317   06 36 17.692   +22 26 57.48
2453020.764592   06 34 21.428   +22 29 25.39
2453022.758701   06 33 44.206   +22 30 13.86
2453022.759940   06 33 44.160   +22 30 13.58
2453027.744299   06 32 15.235   +22 32 10.22
2453031.732614   06 31 09.097   +22 33 39.67
2453051.675681   06 27 05.540   +22 40 05.94
2453073.614459   06 26 05.358   +22 45 07.64
2453350.915057   07 52 26.297   +20 54 07.78
2453352.909258   07 51 54.178   +20 55 41.40
2453353.907502   07 51 37.547   +20 56 29.06
2453355.901680   07 51 03.431   +20 58 07.80
2453358.891770   07 50 10.079   +21 00 39.70
2453404.755717   07 34 09.814   +21 42 34.77
2453406.748869   07 33 31.479   +21 44 08.06
2453410.737646   07 32 17.968   +21 47 06.17
2453429.682119   07 27 43.424   +21 58 05.03
2453437.660634   07 26 32.055   +22 01 03.19
2453440.652241   07 26 12.917   +22 01 52.83
2453441.648450   07 26 07.422   +22 02 07.52
2453442.646673   07 26 02.488   +22 02 22.03
2453456.608304   07 25 43.615   +22 03 49.36
