 2002 12 05.29389  05 46 51.21  +22 06 35.0  704
 2002 12 05.30937  05 46 50.90  +22 06 35.0  704
 2002 12 05.32469  05 46 50.59  +22 06 35.1  704
 2002 12 05.34010  05 46 50.28  +22 06 35.2  704
 2002 12 05.35540  05 46 49.98  +22 06 35.5  704
 2002 12 08.338768 05 45 52.601 +22 06 36.06 673
 2002 12 08.344670 05 45 52.478 +22 06 36.12 673
 2002 12 10.370365 05 45 12.814 +22 06 36.90 673
 2002 12 10.373525 05 45 12.754 +22 06 36.95 673
 2002 12 31.22575  05 38 16.48  +22 06 40.1  704
 2002 12 31.24083  05 38 16.12  +22 06 40.6  704
 2002 12 31.25575  05 38 15.78  +22 06 43.1  704
 2002 12 31.27072  05 38 15.49  +22 06 41.8  704
 2002 12 31.28706  05 38 15.13  +22 06 42.1  704
 2003 01 01.26437  05 37 56.38  +22 06 41.6  704
 2003 01 01.27930  05 37 56.08  +22 06 41.4  704
 2003 01 01.32457  05 37 55.15  +22 06 41.7  704
 2003 01 04.23351  05 37 00.12  +22 06 41.1  704
 2003 01 04.24796  05 36 59.83  +22 06 40.9  704
 2003 01 04.26255  05 36 59.54  +22 06 41.0  704
 2003 01 04.27703  05 36 59.25  +22 06 40.9  704
 2003 01 04.29176  05 36 58.93  +22 06 40.7  704