  1 1904 08  9.25000  21 23 01.0000  -16 36 08.000  1     0  754  1   1   2
  2 1904 09 13.19160  21 12 29.5000  -17 25 55.000  1     0  754  1   1   1
  3 1904 11  7.14340  21 08 22.7340  -17 40 46.860  2  1904  662  3   3   3
  4 1904 11  8.14722  21 08 29.8620  -17 40 13.160  2  1904  662  3   3   3
  5 1904 11  9.14097  21 08 37.1680  -17 39 35.580  2  1904  662  3   3   3
  6 1904 11 10.14583  21 08 44.9290  -17 38 56.660  2  1904  662  3   3   3
  7 1904 11 11.14583  21 08 53.1610  -17 38 16.000  2  1904  662  3   3   3
  8 1905 06  8.45347  22 22 37.3500  -11 38 53.600  2  1905  662  3   4   4
  9 1905 06  9.44965  22 22 40.5500  -11 38 50.000  2  1905  662  3   4   4
 10 1905 06 10.44757  22 22 43.2500  -11 38 47.200  2  1905  662  3   4   4
 11 1905 09  5.37986  22 07 28.8400  -13 19  0.500  2  1905  662  3   4   4
 12 1905 09  6.36250  22 07 12.6000  -13 20 32.600  2  1905  662  3   4   4
 13 1905 09 22.21111  22 03 12.1000  -13 42 42.700  2  1905  662  3   4   4
 14 1905 09 23.24826  22 02 57.9800  -13 43 58.500  2  1905  662  3   4   4
 15 1905 10  4.34687  22 00 44.8800  -13 55 37.900  2  1905  662  3   4   4
 16 1905 10 27.20417  21 58 16.2500  -14 07 25.200  2  1905  662  3   4   4
 17 1905 10 30.14583  21 58 11.1000  -14 07 38.900  2  1905  662  3   4   4
 18 1905 12 17.13728  22 04 25.0900  -13 30 17.600  2  1905  662  3   4   4
 19 1906 07 19.44541  23 05 11.0300   -7 59 44.900  2  1906  662  3   3   5
 20 1906 07 20.44514  23 05 03.8000   -8 00 43.100  2  1906  662  3   3   5
 21 1906 07 21.44372  23 04 56.3900   -8 01 42.500  2  1906  662  3   3   5
 22 1906 08 15.42500  23 00 19.9300   -8 34 43.100  2  1906  662  3   3   5
 23 1906 08 17.43819  22 59 51.4800   -8 37 55.600  2  1906  662  3   3   5
 24 1906 08 18.37153  22 59 38.1200   -8 39 25.100  2  1906  662  3   3   5
 25 1906 12 16.16042  22 47 46.7200   -9 42 07.000  2  1906  662  3   3   5
 26 1906 12 18.11875  22 48 13.4900   -9 39 07.400  2  1906  662  3   3   5
 27 1907  8 11.03860  23 50 53.2300   -3 34 29.700  1     0    0  2   0   6
 28 1907  8 12.02763  23 50 41.0800   -3 36 00.600  1     0    0  2   0   6
 29 1907  8 19.02720  23 49 07.8400   -3 47 44.600  1     0    0  2   0   6
 30 1907  8 20.03738  23 48 53.3600   -3 49 32.200  1     0    0  2   0   6
 31 1907  8 29.96179  23 46 19.3100   -4 08 04.700  1     0    0  2   0   6
 32 1907  9 02.95568  23 45 12.2500   -4 15 54.400  1     0    0  2   0   6
 33 1907  9 09.98979  23 43 09.4600   -4 30 01.900  1     0    0  2   0   6
 34 1907  9 10.99120  23 42 51.6800   -4 32 02.200  1     0    0  2   0   6
 35 1907 10 02.94190  23 36 21.7000   -5 14 36.100  1     0    0  2   0   6
 36 1907 10 04.95308  23 35 47.9700   -5 18 07.700  1     0    0  2   0   6
 37 1907 10 08.94755  23 34 42.9200   -5 24 51.100  1     0    0  2   0   6
 38 1907 10 12.87611  23 33 41.9900   -5 31 01.800  1     0    0  2   0   6
 39 1907 10 30.85676  23 29 55.1800   -5 52 45.300  1     0    0  2   0   6
 40 1907 12 03.77392  23 28 04.6600   -5 56 56.900  1     0    0  2   0   6
 41 1907 12 05.77441  23 28 12.8600   -5 55 35.800  1     0    0  2   0   6
 42 1907 12 06.78169  23 28 17.6900   -5 54 49.700  1     0    0  2   0   6
 43 1908 07 29.44097   0 43 29.1200    2 01 00.900  2  1908  662  3   3   5
 44 1908 07 30.44549   0 43 26.7900    2 00 28.500  2  1908  662  3   3   5
 45 1908 08 01.06091   0 43 23.7900    1 59 42.400  1     0    0  2   0   7
 46 1908 08 02.06630   0 43 20.4800    1 59 02.900  1     0    0  2   0   7
 47 1908 08 03.05552   0 43 16.8800    1 58 23.100  1     0    0  2   0   7
 48 1908 08 04.05601   0 43 12.9400    1 57 40.700  1     0    0  2   0   7
 49 1908 08 25.01422   0 40 26.3600    1 34 20.100  1     0    0  2   0   7
 50 1908 08 26.01309   0 40 14.7500    1 32 52.300  1     0    0  2   0   7
 51 1908 08 26.08414   0 40 13.8300    1 32 45.000  1     0    0  2   0   7
 52 1908 08 27.99638   0 39 50.8100    1 29 53.200  1     0    0  2   0   7
 53 1908 08 28.08920   0 39 49.6600    1 29 42.800  1     0    0  2   0   7
 54 1908 08 29.00713   0 39 38.1300    1 28 17.000  1     0    0  2   0   7
 55 1908 08 29.08558   0 39 37.1600    1 28 09.400  1     0    0  2   0   7
 56 1908 08 30.01929   0 39 25.1200    1 26 40.500  1     0    0  2   0   7
 57 1908 08 30.08091   0 39 24.3300    1 26 36.700  1     0    0  2   0   7
 58 1908 08 31.00240   0 39 12.2900    1 25 06.000  1     0    0  2   0   7
 59 1908 08 31.08022   0 39 11.2700    1 24 59.700  1     0    0  2   0   7
 60 1908 09 02.00524   0 38 45.4300    1 21 48.900  1     0    0  2   0   7
 61 1908 09 03.00419   0 38 31.4400    1 20 10.800  1     0    0  2   0   7
 62 1908 09 03.06247   0 38 30.6600    1 20 03.000  1     0    0  2   0   7
 63 1908 09 03.10800   0 38 30.0400    1 19 58.200  1     0    0  2   0   7
 64 1908 09 04.99154   0 38 03.1500    1 16 43.200  1     0    0  2   0   7
 65 1908 09 05.04975   0 38 02.3600    1 16 37.900  1     0    0  2   0   7
 66 1908 09 07.03630   0 37 33.1000    1 13 07.600  1     0    0  2   0   7
 67 1908 09 08.06497   0 37 17.6200    1 11 17.100  1     0    0  2   0   7
 68 1909 10 05.99388   1 21 10.4000    5 35 43.600  1     0    0  2   0   8
 69 1909 10 06.02642   1 21 09.7300    5 35 39.500  1     0    0  2   0   8
 70 1909 10 07.02730   1 20 53.3800    5 34 00.000  1     0    0  2   0   8
 71 1909 10 09.01747   1 20 20.2700    5 30 37.900  1     0    0  2   0   8
 76 1909 10 21.95953   1 16 42.2400    5 09 04.200  1     0    0  2   0   8
 77 1909 10 22.04056   1 16 41.0100    5 08 58.000  1     0    0  2   0   8
 78 1909 11 05.91684   1 12 44.2900    4 46 44.500  1     0    0  2   0   8
 79 1909 11 05.97951   1 12 43.2100    4 46 36.100  1     0    0  2   0   8
 80 1909 11 30.84399   1 07 56.0600    4 22 42.400  1     0    0  2   0   8
 81 1909 12 03.78485   1 07 34.9700    4 21 20.700  1     0    0  2   0   8
 82 1910 01 03.82288   1 07 15.6800    4 28 29.900  1     0    0  2   0   8
 83 1910 01 10.81028   1 08 03.6300    4 35 26.200  1     0    0  2   0   8
 84 1910 09 28.13094   2 13 48.4600   10 31 28.700  1     0    0  2   0   9
 85 1910 09 29.01507   2 13 35.8400   10 30 15.600  1     0    0  2   0   9
 86 1910 11 01.90977   2 04 08.3200    9 38 39.300  1     0    0  2   0   9
 87 1910 11 01.97832   2 04 07.1600    9 38 32.900  1     0    0  2   0   9
 88 1910 11 02.89038   2 03 51.3500    9 37 12.300  1     0    0  2   0   9
 89 1910 11 02.95686   2 03 50.0400    9 37 05.100  1     0    0  2   0   9
 90 1910 11 07.92966   2 02 25.0100    9 29 57.600  1     0    0  2   0   9
 91 1912 12 10.09815   3 52 47.5400   18 04 53.600  1     0  754  4   2  10
 92 1913 01 01.13887   3 46 42.3300   17 50 16.800  1     0  754  4   2  10
 93 1913 12 17.21888   4 51 43.4000   20 46 43.100  1     0  754  4   2  11
 94 1913 12 22.27223   4 50 10.1200   20 45 03.300  1     0  754  4   2  11
 95 1922 03 04.33920  12 23 12.9500    0 21 38.800  1     0  754  5   5  12
 96 1922 03 04.40273  12 23 11.9000    0 21 44.900  1     0  754  5   5  12
 97 1922 04 20.13214  12 10 43.2000    1 43  6.000  1     0  754  5   5  12
 98 1922 04 20.15944  12 10 42.7500    1 43  7.700  1     0  754  5   5  12
 99 1922 04 23.12039  12 10  2.4100    1 47  5.500  1     0  754  5   5  12
100 1940 09 09.48800   2 50 15.7000   13 39 15.200  2  1940  672  6   6  13
101 1942 09 14.35087   4 46 28.6900   20 31 00.100  2  1942  711  7   5  14
102 1942 09 14.45712   4 46 29.0800   20 31 00.200  2  1942  711  7   5  14
103 1942 09 15.37380   4 46 34.9200   20 31 05.100  2  1942  711  7   5  14
104 1942 09 15.43354   4 46 35.2300   20 31 05.300  2  1942  711  7   5  14
105 1942 09 16.37345   4 46 40.7100   20 31 09.600  2  1942  711  7   5  14
106 1942 10 07.31525   4 46 53.1200   20 29 42.900  2  1942  711  7   5  14
107 1942 10 07.32569   4 46 53.0100   20 29 42.900  2  1942  711  7   5  14
108 1942 10 11.30313   4 46 31.7600   20 28 48.200  2  1942  711  7   5  14
109 1952  4 01.04836  12 44 39.3600   -1 48 02.800  2  1952  822  8   7  15
110 1952  4 01.09130  12 44 38.6100   -1 47 58.800  2  1952  822  8   7  15
111 1952  4 16.01467  12 40 27.7400   -1 21 52.300  2  1952  822  8   7  15
112 1952  4 16.05761  12 40 27.0000   -1 21 47.600  2  1952  822  8   7  15
113 1952  4 25.01744  12 38 09.1700   -1 08 06.800  2  1952  822  8   7  15
114 1952  4 29.01488  12 37 12.5200   -1 02 41.200  2  1952  822  8   7  15
115 1952  4 29.05782  12 37 12.0200   -1 02 37.600  2  1952  822  8   7  15
116 1955  3 27.41790  15 13 21.2600  -15 19 54.100  2  1955  754  9   5  16
117 1955  3 28.38910  15 13 11.6500  -15 19 08.700  2  1955  754  9   5  16
118 1955  3 28.40299  15 13 11.4000  -15 19 07.700  2  1955  754  9   5  16
119 1955  3 31.40339  15 12 45.5200  -15 16 39.800  2  1955  754  9   5  16
120 1955  4 02.39882  15 12 18.4700  -15 14 54.800  2  1955  754  9   5  16
121 1955  4 17.36390  15 08 59.2400  -15 00 06.200  2  1955  754  9   5  16
122 1955  4 21.32720  15 07 58.3900  -14 55 45.500  2  1955  711  7   5  16
123 1955  4 24.29676  15 07 10.9700  -14 52 24.400  2  1955  711  7   5  16
124 1955  4 24.33218  15 07 10.4000  -14 52 22.100  2  1955  711  7   5  16
125 1955  5 18.22875  15 00 27.9900  -14 25 27.100  2  1955  754  9   5  16
126 1955  5 18.24194  15 00 27.7500  -14 25 25.400  2  1955  754  9   5  16
127 1955  5 19.22277  15 00 11.3000  -14 24 23.500  2  1955  754  9   5  16
128 1955  6 15.23046  14 53 45.9000  -14 01 37.900  2  1955  754  9   5  16
129 1955  6 16.15134  14 53 35.8500  -14 01 07.700  2  1955  754  9   5  16
130 1957  5 07.88468  16 48 16.7200  -20 35 28.000  2  1957   74 10   8  17
131 1957  5 07.91688  16 48 16.1300  -20 35 27.000  2  1957   74 10   8  17
132 1957  5 07.95618  16 48 15.4900  -20 35 25.800  2  1957   74 10   8  17
133 1957  5 08.01649  16 48 14.5000  -20 35 24.100  2  1957   74 10   8  17
134 1957  5 28.91576  16 41 53.1800  -20 24 08.100  2  1957   74 10   8  17
135 1957  5 28.99887  16 41 51.5600  -20 24 05.300  2  1957   74 10   8  17
136 1957  5 29.89710  16 41 33.9200  -20 23 33.700  2  1957   74 10   8  17
137 1957  5 29.97674  16 41 32.3400  -20 23 30.700  2  1957   74 10   8  17
138 1960  6 19.40049  19 10 59.1300  -22 03 59.600  3  1950  689  0   0  18
139 1960  6 19.43061  19 10 58.5300  -22 04 00.400  3  1950  689  0   0  18
140 1969  8 19.41313   2 27 16.8400   11 51 05.200  3  1950  695 11   5  19
141 1969  9 10.38898   2 26 28.4400   11 42 25.000  3  1950  693 12   5  19
142 1969  9 11.40729   2 26 21.9300   11 41 40.700  3  1950  693 12   5  19
143 1969 12 08.21935   2 05 54.3700   10 00 16.900  3  1950  693 12   5  19
144 1975  4 05.17604   6 49 45.5784   22 41 28.968  3  1950  711 13   9  20
145 1975  4 06.16979   6 49 56.4408   22 41 22.632  3  1950  711 13   9  20
146 1976  1 31.28646   8 03 08.5560   20 49 06.168  3  1950  711 13   9  20
148 1976  3 25.13229   7 51 03.9408   21 25 40.116  3  1950  711 13   9  20
149 1976  3 26.11736   7 51 01.5624   21 25 48.324  3  1950  711 13   9  20
150 1976  3 26.13368   7 51 01.5072   21 25 48.180  3  1950  711 13   9  20
152 1981  3 01.25214  12 31 38.5200   0 -35 33.400  3  1950  809  0  10  21
153 1981  3 01.25906  12 31 38.4200   0 -35 32.800  3  1950  809  0  10  21
154 1981  3 01.26599  12 31 38.3300   0 -35 32.200  3  1950  809  0  10  21
155 1981  3 04.34021  12 30 57.3000   0 -30 39.800  3  1950  809  0  10  21
156 1981  3 04.34713  12 30 57.2100   0 -30 38.800  3  1950  809  0  10  21
157 1981  3 04.35406  12 30 57.1100   0 -30 38.000  3  1950  809  0  10  21
158 1981  3 05.31531  12 30 43.8800   0 -29 04.400  3  1950  809  0  10  21
159 1981  3 05.32223  12 30 43.7800   0 -29 03.900  3  1950  809  0  10  21
160 1981  3 05.32916  12 30 43.6600   0 -29 03.500  3  1950  809  0  10  21
161 1981  3 06.35068  12 30 29.4300   0 -27 23.400  3  1950  809  0  10  21
162 1981  3 06.35656  12 30 29.3600   0 -27 22.900  3  1950  809  0  10  21
163 1981  3 06.36176  12 30 29.2700   0 -27 22.600  3  1950  809  0  10  21
164 1981  3 07.29704  12 30 16.0100   0 -25 49.100  3  1950  809  0  10  21
165 1981  3 07.30362  12 30 15.9100   0 -25 48.400  3  1950  809  0  10  21
166 1981  3 07.31054  12 30 15.8300   0 -25 47.500  3  1950  809  0  10  21
167 1981  3 08.33968  12 30 01.0200   0 -24 04.400  3  1950  809  0  10  21
168 1981  3 08.34660  12 30 00.9200   0 -24 03.600  3  1950  809  0  10  21
169 1981  3 08.35353  12 30 00.8100   0 -24 02.900  3  1950  809  0  10  21
170 1981  3 12.38070  12 29 01.3800   0 -17 11.300  3  1950  809  0  10  21
171 1981  3 12.38762  12 29 01.2700   0 -17 10.600  3  1950  809  0  10  21
172 1981  3 12.39455  12 29 01.1700   0 -17 10.000  3  1950  809  0  10  21
173 1981  3 30.27153  12 24 19.2000   0  14 00.300  3  1950  688 14  11  22
174 1981  3 30.31736  12 24 18.5100   0  14 05.300  3  1950  688 14  11  22
175 1981  4 01.21181  12 23 48.3100   0  17 18.800  3  1950  688 14  11  22
176 1981  4 01.25069  12 23 47.6000   0  17 22.900  3  1950  688 14  11  22
177 1981  4 05.21597  12 22 44.9100   0  24 02.100  3  1950  688 14  11  22
179 1981  4 07.20486  12 22 13.8400   0  27 17.900  3  1950  688 14  11  22
180 1981  4 07.22847  12 22 13.4200   0  27 20.800  3  1950  688 14  11  22
181 1981  4 09.22292  12 21 42.7400   0  30 33.200  3  1950  688 14  11  22
183 1982  3 17.38779  13 16 21.6620   -5 04 08.440  3  1950  809  0  10  23
184 1982  3 17.39431  13 16 21.5440   -5 04 07.480  3  1950  809  0  10  23
185 1982  3 17.40025  13 16 21.4770   -5 04 06.710  3  1950  809  0  10  23
189 1982  3 22.31596  13 15 04.0630   -4 55 37.730  3  1950  809  0  10  23
190 1982  3 22.32150  13 15 03.9490   -4 55 37.670  3  1950  809  0  10  23
191 1982  3 22.32704  13 15 03.8580   -4 55 36.840  3  1950  809  0  10  23
192 1982  3 23.28351  13 14 48.3910   -4 53 56.460  3  1950  809  0  10  23
193 1982  3 23.28905  13 14 48.2880   -4 53 56.080  3  1950  809  0  10  23
194 1982  3 23.29453  13 14 48.2110   -4 53 55.610  3  1950  809  0  10  23
195 1982  3 24.34097  13 14 31.0140   -4 52 03.370  3  1950  809  0  10  23
196 1982  3 24.34651  13 14 30.8810   -4 52 02.740  3  1950  809  0  10  23
197 1982  3 24.35205  13 14 30.8080   -4 52 01.480  3  1950  809  0  10  23
198 1982  3 28.32324  13 13 24.5090   -4 44 56.820  3  1950  809  0  10  23
199 1982  3 28.32878  13 13 24.4390   -4 44 55.560  3  1950  809  0  10  23
200 1982  3 28.33432  13 13 24.3360   -4 44 54.900  3  1950  809  0  10  23
201 1982  3 29.35917  13 13 06.8640   -4 43 03.810  3  1950  809  0  10  23
202 1982  3 29.36471  13 13 06.8400   -4 43 03.300  3  1950  809  0  10  23
203 1982  3 29.37025  13 13 06.7510   -4 43 04.170  3  1950  809  0  10  23
204 1989  6 15.07118  18 46 48.2750  -22 18 32.036  3  1950  999  0  12  24
205 1989  6 30.98958  18 41 48.7620  -22 24 34.122  3  1950  999  0  12  24
206 1989  7 27.93333  18 33 43.9530  -22 34 11.489  3  1950  999  0  12  24
207 1989  8  1.90347  18 32 29.1370  -22 35 43.860  3  1950  999  0  12  24
208 1989  9 27.80347  18 28 58.6780  -22 46 12.383  3  1950  999  0  12  24
