 9 1998 08 20 11 42 57.1  2 10 55.6877  10 29  1.698  0.000  0.417
 9 1998 08 28 11 11 13.5  2 10 39.1471  10 25 33.322  0.000  0.424
 9 1998 08 29 11  7 13.7  2 10 35.2765  10 24 57.289  0.000  0.424
 9 1998 08 30 11  3 13.5  2 10 30.9694  10 24 19.931  0.000  0.425
 9 1998 09 13 10  6 52.2  2  8 50.5176  10 12 18.848  0.000  0.437
 9 1998 09 14 10  2 46.4  2  8 40.6221  10 11 14.141  0.000  0.438
 9 1998 09 15  9 58 50.5  2  8 30.3327  10 10  7.932  0.000  0.438
 9 1998 09 18  9 46  9.4  2  7 57.4895  10  6 38.154  0.000  0.441
 9 1998 09 20  9 37 43.5  2  7 33.9441  10  4 11.175  0.000  0.442
 9 1998 09 25  9 17  0.1  2  6 29.8492   9 57 38.282  0.000  0.446
 9 1998 09 28  9  4 41.3  2  5 47.9701   9 53 27.511  0.000  0.449
 9 1998 10  1  8 52 20.2  2  5  3.8600   9 49  8.102  0.000  0.451
 9 1998 10  5  8 35 40.1  2  4  1.9213   9 43  6.572  0.000  0.454
 9 1998 10 10  8 14 54.8  2  2 40.0722   9 35 17.798  0.000  0.457
 9 1998 10 11  8 10  5.2  2  2 23.1992   9 33 42.529  0.000  0.458
 9 1998 10 12  8  6 13.5  2  2  6.1984   9 32  6.318  0.000  0.458
 9 1998 10 13  8  2  0.5  2  1 49.0410   9 30 29.240  0.000  0.459
 9 1998 10 16  7 49 41.8  2  0 56.8619   9 25 37.455  0.000  0.461
 9 1998 10 23  7 19 45.0  1 58 52.1975   9 14  9.485  0.000  0.464
 9 1998 10 24  7 15 20.7  1 58 34.1958   9 12 31.326  0.000  0.464
 9 1998 11 16  5 38 28.8  1 51 56.4313   8 37 39.927  0.000  0.468
 9 1998 11 17  5 34  1.5  1 51 40.7881   8 36 21.805  0.000  0.468
 9 1998 11 21  5 17 43.8  1 50 40.3978   8 31 22.877  0.000  0.468
 9 1998 11 22  5 13 49.2  1 50 25.8986   8 30 11.877  0.000  0.467
 9 1998 11 23  5  9 39.1  1 50 11.6564   8 29  2.574  0.000  0.467
 9 1998 11 27  4 52 19.4  1 49 17.4122   8 24 43.415  0.000  0.466
 9 1998 12 12  3 50 36.7  1 46 38.2286   8 13  8.198  0.000  0.459
 9 1998 12 13  3 46 33.0  1 46 30.3959   8 12 39.346  0.000  0.459
 9 1998 12 14  3 42 45.3  1 46 22.9054   8 12 12.437  0.000  0.458
 9 1998 12 15  3 38 47.5  1 46 15.7779   8 11 47.187  0.000  0.457
 9 1998 12 24  3  2 32.7  1 45 29.3427   8  9 48.272  0.000  0.451
 9 1998 12 26  2 54 40.1  1 45 23.3592   8  9 46.875  0.000  0.449
 9 1999 01  4  2 19 20.6  1 45 16.6553   8 11 39.116  0.000  0.441
 9 1999 01  7  2  7 53.6  1 45 21.6822   8 12 58.672  0.000  0.439
 9 1999 01  8  2  2 15.9  1 45 24.1797   8 13 29.087  0.000  0.438
 9 1999 01 10  1 55 48.3  1 45 30.3958   8 14 38.266  0.000  0.436
 9 1999 01 13  1 44 12.8  1 45 42.6996   8 16 38.565  0.000  0.433
 9 1999 01 14  1 40 42.8  1 45 47.6201   8 17 22.763  0.000  0.432