2007 04 02.52129  09 25 42.49  +16 30 20.9   415  59581   16.4 V
2007 04 02.52240  09 25 42.50  +16 30 21.0   415  59581   16.0 V
2007 04 04.46374  09 25 31.81  +16 31 12.8   415  59581   16.0 V
2007 04 04.48052  09 25 31.70  +16 31 13.4   415  59581   16.2 V
2007 04 07.39227  09 25 18.36  +16 32 17.0   415  59581   17.1 V
2007 04 07.39412  09 25 18.34  +16 32 17.7   415  59581   17.3 V
2007 04 09.41865  09 25 11.06  +16 32 52.6   415  59581   17.2 V
2007 04 09.42050  09 25 11.04  +16 32 52.7   415  59581   17.2 V
2007 04 10.50710  09 25 07.76  +16 33 08.1   415  59581   17.0 V
2007 04 10.50895  09 25 07.76  +16 33 08.1   415  59581   17.2 V
2007 04 11.38130  09 25 05.50  +16 33 18.8   415  59581   16.8 V
2007 04 11.38297  09 25 05.50  +16 33 19.1   415  59581   16.1 V
2007 04 14.45476  09 24 59.96  +16 33 44.5   415  59581   17.3 V
2007 04 14.45646  09 24 59.97  +16 33 44.7   415  59581   17.2 V
2007 04 15.45709  09 24 58.98  +16 33 49.3   415  59581   16.7 V
2007 04 15.45894  09 24 58.99  +16 33 49.2   415  59581   17.0 V
2007 04 18.47052  09 24 58.51  +16 33 50.6   415  59581   17.0 V
2007 04 18.47219  09 24 58.51  +16 33 50.5   415  59581   17.1 V
2007 05 05.42232  09 26 04.39  +16 28 28.0   415  59860   16.9 V
2007 05 05.42401  09 26 04.37  +16 28 28.2   415  59860   17.3 V
2007 05 10.38286  09 26 44.87  +16 25 11.7   415  59860   17.0 V
2007 05 10.38453  09 26 44.89  +16 25 11.6   415  59860   16.6 V
2007 05 11.42298  09 26 54.55  +16 24 24.6   415  59860   16.8 V
2007 05 11.42466  09 26 54.57  +16 24 24.5   415  59860   16.6 V
2007 05 12.46671  09 27 04.61  +16 23 35.4   415  59860   17.1 V
2007 05 12.46839  09 27 04.64  +16 23 35.6   415  59860   17.0 V
2007 05 15.38762  09 27 35.03  +16 21 08.5   415  59860   16.9 V
2007 05 24.37998  09 29 27.61  +16 12 02.5   415  59860   17.1 V
2007 05 24.38166  09 29 27.61  +16 12 01.9   415  59860   16.7 V
2007 05 25.38628  09 29 41.91  +16 10 52.8   415  59860   16.9 V
2007 05 25.38751  09 29 41.93  +16 10 52.6   415  59860   17.0 V
2007 05 26.34724  09 29 55.88  +16 09 44.9   415  59860   17.2 V
2007 05 26.34892  09 29 55.93  +16 09 45.1   415  59860   17.0 V
2007 05 27.37928  09 30 11.21  +16 08 29.9   415  59860   16.6 V
2007 05 27.38112  09 30 11.25  +16 08 30.2   415  59860   16.4 V
