2000  1  4   3 11  2.7   2 35 50.2993   12  44   0.953  9  0.389 ACT
2000  1  7   2 59  9.2   2 35 44.6344   12  44  33.735  9  0.387 ACT
2000  1 11   2 42 40.8   2 35 42.9281   12  45  46.204  9  0.384 ACT
2000  1 12   2 39 28.6   2 35 43.5726   12  46   8.868  9  0.383 ACT
2000  1 13   2 35 33.7   2 35 44.6455   12  46  34.195  9  0.382 ACT
2000 10  9  10  7 39.9   3 53 48.0741   17  54  42.526  9  0.308 Tyc-2
2000 10 21   9 17 34.2   3 50 52.5817   17  43  59.110  9  0.316 Tyc-2
2000 11  8   8  1 36.5   3 45 16.5705   17  24  51.380  9  0.326 Tyc-2
2000 11 14   7 36  2.5   3 43 13.4543   17  18   5.301  9  0.329 Tyc-2
2000 11 16   7 27 31.1   3 42 31.8619   17  15  50.595  9  0.330 Tyc-2
2000 11 18   7 18 17.1   3 41 50.1795   17  13  35.377  9  0.330 Tyc-2
2000 11 19   7 14  0.4   3 41 29.3368   17  12  28.654  9  0.331 Tyc-2
2000 11 20   7  9 43.7   3 41  8.5132   17  11  21.817  9  0.331 Tyc-2
2000 11 21   7  5 49.4   3 40 47.6611   17  10  15.284  9  0.331 Tyc-2
2000 11 24   6 53 24.8   3 39 45.3777   17   6  56.440  9  0.332 Tyc-2
2000 11 29   6 32  7.1   3 38  3.0750   17   1  35.174  9  0.334 Tyc-2
2000 11 30   6 26 31.8   3 37 42.9692   17   0  32.554  9  0.334 Tyc-2
2000 12  1   6 22 43.9   3 37 22.9613   16  59  30.856  9  0.334 Tyc-2
2000 12 16   5 19  9.5   3 32 46.3453   16  45  46.247  9  0.335 Tyc-2
2000 12 17   5 14 57.2   3 32 29.9175   16  44  59.696  9  0.335 Tyc-2
2000 12 19   5  7 36.8   3 31 57.9504   16  43  31.239  9  0.335 Tyc-2
2000 12 20   5  2 22.0   3 31 42.4287   16  42  47.901  9  0.334 Tyc-2
2000 12 22   4 53 37.9   3 31 12.3916   16  41  27.200  9  0.334 Tyc-2
2000 12 30   4 20 41.8   3 29 26.5437   16  37   0.925  9  0.332 Tyc-2
2001  1  3   4  4 20.3   3 28 42.9915   16  35  25.602  9  0.331 Tyc-2
2001  1  4   4  0 14.5   3 28 33.1596   16  35   5.936  9  0.331 Tyc-2
2001  9 23  12 13 38.6   4 57 48.4006   20  54  39.538  9  0.246 Tyc-2
2001  9 24  12 10 49.0   4 57 49.6693   20  54  33.797  9  0.247 Tyc-2
2001  9 25  12  6 53.9   4 57 50.4671   20  54  27.741  9  0.247 Tyc-2
2001  9 27  11 57 58.0   4 57 50.6270   20  54  12.343  9  0.248 Tyc-2
2001  9 29  11 50  4.9   4 57 48.8005   20  53  55.798  9  0.249 Tyc-2
2001 10 10  11  6 10.1   4 57  5.0651   20  51  30.811  9  0.254 Tyc-2
2001 10 12  10 58  5.1   4 56 50.9837   20  50  56.204  9  0.255 Tyc-2
2001 10 13  10 55 12.7   4 56 43.2167   20  50  37.256  9  0.256 Tyc-2
2001 10 14  10 50 57.1   4 56 35.0753   20  50  18.654  9  0.256 Tyc-2
2001 10 15  10 47 21.7   4 56 26.4511   20  49  58.978  9  0.257 Tyc-2
2001 10 17  10 39 11.5   4 56  7.8486   20  49  17.570  9  0.258 Tyc-2
2001 10 18  10 33 39.6   4 55 57.9014   20  48  55.788  9  0.258 Tyc-2
2001 10 20  10 25 27.7   4 55 36.6673   20  48  11.080  9  0.259 Tyc-2
2001 10 21  10 21 21.2   4 55 25.4246   20  47  47.551  9  0.259 Tyc-2
2001 10 23  10 13  6.9   4 55  1.7295   20  46  59.506  9  0.260 Tyc-2
2001 10 24  10  8 59.1   4 54 49.2148   20  46  34.904  9  0.261 Tyc-2
2001 10 25  10  5 44.0   4 54 36.2875   20  46   8.466  9  0.261 Tyc-2
2001 11  7   9 12  3.6   4 51 15.3635   20  39  48.581  9  0.267 Tyc-2
2001 11  8   9  6 19.9   4 50 57.6005   20  39  15.277  9  0.267 Tyc-2
2001 11 11   8 53 39.7   4 50  2.5910   20  37  35.801  9  0.268 Tyc-2
2001 11 12   8 51  4.4   4 49 43.6861   20  37   2.070  9  0.269 Tyc-2
2001 11 13   8 46  2.9   4 49 24.5438   20  36  27.695  9  0.269 Tyc-2
2001 11 17   8 28 12.7   4 48  5.7682   20  34   5.612  9  0.271 Tyc-2
2001 11 19   8 21 15.0   4 47 25.0739   20  32  53.419  9  0.271 Tyc-2
2001 11 22   8  6 55.0   4 46 22.8224   20  31   3.239  9  0.272 Tyc-2
2001 11 28   7 41 17.6   4 44 14.8628   20  27  17.888  9  0.274 Tyc-2
2001 12  7   7  2 48.2   4 40 58.9610   20  21  35.721  9  0.275 Tyc-2
2001 12  8   6 58 31.6   4 40 37.2297   20  20  58.905  9  0.275 Tyc-2
2001 12 16   6 24 41.6   4 37 45.7798   20  16   4.131  9  0.276 Tyc-2
2001 12 18   6 16 25.6   4 37  4.1008   20  14  53.857  9  0.276 Tyc-2
2001 12 19   6 11 35.7   4 36 43.5207   20  14  18.094  9  0.276 Tyc-2
2002  1  2   5 12 25.6   4 32 18.6572   20   7   6.651  9  0.275 Tyc-2
2002  1  6   4 55 53.3   4 31 13.1464   20   5  26.963  9  0.274 Tyc-2
2002  1 14   4 22 30.7   4 29 19.0531   20   2  45.584  9  0.272 Tyc-2
2002  1 20   3 57 54.4   4 28 10.1039   20   1  24.548  9  0.270 Tyc-2
2002  1 21   3 52 12.1   4 28  0.1125   20   1  14.053  9  0.270 Tyc-2
2002 11 11   9 58 34.9   5 53 11.5265   22   6  13.471  9  0.243 Tyc-2
2002 11 15   9 41 53.3   5 52 20.5242   22   6  17.432  9  0.244 Tyc-2
2002 11 18   9 30  9.1   5 51 38.5073   22   6  20.679  9  0.245 Tyc-2
2002 11 27   8 51 41.7   5 49 15.1660   22   6  29.177  9  0.247 Tyc-2
2002 12  2   8 30 45.3   5 47 46.1358   22   6  33.011  9  0.247 Tyc-2
2002 12  4   8 22 22.4   5 47  8.9944   22   6  34.270  9  0.248 Tyc-2
2002 12  5   8 18 25.6   5 46 50.1129   22   6  34.255  9  0.248 Tyc-2
2002 12  6   8 14 22.6   5 46 31.1216   22   6  35.495  9  0.248 Tyc-2
2002 12  7   8  9 37.9   5 46 11.9420   22   6  35.396  9  0.248 Tyc-2
2002 12 12   7 48 44.6   5 44 34.1139   22   6  37.854  9  0.248 Tyc-2
2002 12 13   7 43 35.5   5 44 14.2822   22   6  38.268  9  0.248 Tyc-2
2002 12 22   7  4 26.3   5 41 13.6040   22   6  39.979  9  0.248 Tyc-2
2003  1  2   6 18 51.3   5 37 37.2616   22   6  42.122  9  0.247 Tyc-2
2003  1 10   5 43 26.5   5 35 11.4497   22   6  48.032  9  0.245 Tyc-2
2003  1 12   5 36  9.0   5 34 37.2764   22   6  50.683  9  0.244 Tyc-2
2003  1 14   5 26 33.5   5 34  4.2286   22   6  53.298  9  0.244 Tyc-2
2003  1 27   4 33 45.6   5 31  0.1167   22   7  32.116  9  0.239 Tyc-2
2003  1 28   4 29 50.0   5 30 48.4296   22   7  36.258  9  0.239 Tyc-2
2003  1 30   4 21 36.0   5 30 26.3251   22   7  46.398  9  0.238 Tyc-2
2003  1 31   4 17 17.8   5 30 15.8587   22   7  51.655  9  0.238 Tyc-2
2003  2  1   4 13 17.8   5 30  5.7919   22   7  57.251  9  0.237 Tyc-2
2003  2  3   4  5 30.9   5 29 46.9233   22   8   9.392  9  0.237 Tyc-2
2003  2  4   4  1  2.5   5 29 38.1292   22   8  16.502  9  0.236 Tyc-2
2003  2  8   3 45  5.8   5 29  7.2959   22   8  44.751  9  0.234 Tyc-2
2003  2 19   3  1 20.8   5 28 19.5910   22  10  30.695  9  0.229 Tyc-2
2003 10 20  12 26 59.6   6 54 25.6271   22   3  40.946  9  0.227 Tyc-2
2003 10 21  12 23 58.8   6 54 27.3032   22   3  37.698  9  0.228 Tyc-2
2003 10 28  11 55 32.8   6 54 25.8167   22   3  32.877  9  0.231 Tyc-2
2003 11  5  11 24  6.1   6 53 56.3716   22   4   6.774  9  0.234 Tyc-2
2003 11 18  10 30 53.9   6 52  8.0130   22   6  27.067  9  0.238 Tyc-2
2003 11 19  10 26 58.6   6 51 56.7454   22   6  42.253  9  0.239 Tyc-2
2003 11 20  10 22 21.4   6 51 45.0548   22   6  57.554  9  0.239 Tyc-2
2003 11 21  10 19  6.9   6 51 32.9791   22   7  13.977  9  0.239 Tyc-2
2003 11 23  10 10 26.1   6 51  7.6541   22   7  47.610  9  0.240 Tyc-2
2003 12  5   9 19 45.0   6 48  6.3674   22  11  47.230  9  0.242 Tyc-2
2003 12 13   8 46 30.1   6 45 42.4573   22  14  56.206  9  0.243 Tyc-2
2003 12 14   8 41 39.6   6 45 23.4824   22  15  21.322  9  0.243 Tyc-2
2003 12 17   8 29 35.7   6 44 25.3882   22  16  36.662  9  0.243 Tyc-2
2003 12 19   8 20 46.7   6 43 45.8516   22  17  27.835  9  0.243 Tyc-2
2003 12 20   8 16 30.9   6 43 25.8925   22  17  53.566  9  0.243 Tyc-2
2003 12 22   8  8  4.9   6 42 45.6233   22  18  44.880  9  0.243 Tyc-2
2003 12 29   7 38 16.6   6 40 22.1618   22  21  47.900  9  0.243 Tyc-2
2004  1 10   6 46 32.2   6 36 17.6916   22  26  57.722  9  0.241 Tyc-2
2004  1 16   6 21  0.8   6 34 21.4282   22  29  25.629  9  0.240 Tyc-2
2004  1 18   6 12 31.8   6 33 44.2057   22  30  14.095  9  0.239 Tyc-2
2004  1 18   6 14 18.9   6 33 44.1602   22  30  13.820  9  0.239 Tyc-2
2004  1 23   5 51 47.5   6 32 15.2346   22  32  10.456  9  0.238 Tyc-2
2004  1 27   5 34 57.9   6 31  9.0970   22  33  39.904  9  0.237 Tyc-2
2004  2 16   4 12 58.9   6 27  5.5401   22  40   6.169  9  0.229 Tyc-2
2004  3  9   2 44 49.3   6 26  5.3579   22  45   7.856  9  0.219 Tyc-2
2004 12 11   9 57 41.0   7 52 26.2967   20  54   8.039  9  0.260 Tyc-2
2004 12 13   9 49 19.9   7 51 54.1778   20  55  41.658  9  0.260 Tyc-2
2004 12 14   9 46 48.2   7 51 37.5468   20  56  29.316  9  0.260 Tyc-2
2004 12 16   9 38 25.2   7 51  3.4313   20  58   8.058  9  0.260 Tyc-2
2004 12 19   9 24  9.0   7 50 10.0794   21   0  39.960  9  0.260 Tyc-2
2005  2  3   6  8 14.0   7 34  9.8135   21  42  35.018  9  0.249 Tyc-2
2005  2  5   5 58 22.3   7 33 31.4788   21  44   8.310  9  0.248 Tyc-2
2005  2  9   5 42 12.7   7 32 17.9677   21  47   6.412  9  0.247 Tyc-2
2005  2 28   4 22 15.1   7 27 43.4244   21  58   5.263  9  0.238 Tyc-2
2005  3  8   3 51 18.8   7 26 32.0550   22   1   3.422  9  0.234 Tyc-2
2005  3 11   3 39 13.7   7 26 12.9167   22   1  53.067  9  0.233 Tyc-2
2005  3 12   3 33 46.1   7 26  7.4216   22   2   7.752  9  0.232 Tyc-2
2005  3 13   3 31 12.6   7 26  2.4879   22   2  22.258  9  0.232 Tyc-2
2005  3 27   2 35 57.5   7 25 43.6154   22   3  49.590  9  0.226 Tyc-2
2005 11 16  12 40 30.6   8 57  0.1954   17  48  24.718  9  0.299 Tyc-2
2005 11 25  12  6  8.6   8 57 14.9901   17  49  18.295  9  0.303 Tyc-2
2005 12  4  11 29 22.0   8 56 51.1996   17  52  48.706  9  0.306 Tyc-2
2005 12 10  11  5  7.1   8 56 14.3370   17  56  35.904  9  0.308 Tyc-2
2005 12 12  10 57  1.5   8 55 58.5369   17  58   5.952  9  0.308 Tyc-2
2005 12 28   9 50 56.3   8 52 52.1849   18  13  50.563  9  0.310 Tyc-2
2006  1  4   9 22 41.0   8 51  1.3708   18  22  29.122  9  0.309 Tyc-2
2006  1  6   9 15  0.3   8 50 27.0408   18  25   6.244  9  0.309 Tyc-2
2006  1  7   9  8 56.7   8 50  9.4848   18  26  27.181  9  0.308 Tyc-2
2006  1  8   9  4 43.3   8 49 51.7447   18  27  46.776  9  0.308 Tyc-2
2006  1  9   9  1 51.1   8 49 33.6678   18  29   8.247  9  0.308 Tyc-2
2006  1 18   8 22 19.3   8 46 42.1005   18  41  44.005  9  0.305 Tyc-2
2006  1 22   8  6 33.3   8 45 21.7248   18  47  28.694  9  0.304 Tyc-2
2006  1 24   7 56 46.5   8 44 40.9752   18  50  21.265  9  0.303 Tyc-2
2006  1 25   7 53 44.5   8 44 20.4693   18  51  48.190  9  0.303 Tyc-2
2006  2  3   7 14  9.0   8 41 14.7808   19   4  36.579  9  0.298 Tyc-2
2006  2  4   7 11 11.5   8 40 54.2511   19   6   0.752  9  0.298 Tyc-2
2006  2  7   6 58  5.6   8 39 53.0837   19  10   7.367  9  0.296 Tyc-2
2006  2  8   6 52 52.1   8 39 32.9267   19  11  28.398  9  0.296 Tyc-2
2006  2 15   6 23  9.9   8 37 15.0297   19  20  34.040  9  0.291 Tyc-2
2006  2 18   6 10 28.8   8 36 18.3925   19  24  14.554  9  0.290 Tyc-2
2006  2 21   5 57 49.7   8 35 23.6892   19  27  45.601  9  0.288 Tyc-2
2006  2 24   5 45 48.3   8 34 31.1408   19  31   6.624  9  0.286 Tyc-2
2006  3 17   4 19  7.0   8 29 42.8460   19  48  54.075  9  0.273 Tyc-2
2006  3 24   3 50 36.9   8 28 43.9826   19  52  23.346  9  0.269 Tyc-2
2006  3 28   3 33 55.5   8 28 19.6431   19  53  47.293  9  0.266 Tyc-2
2006 11 22  13 10  0.5   9 47 48.9723   14  22  27.984  9  0.348 Tyc-2
2006 12 21  11 15 33.7   9 48 11.7323   14  26  36.985  9  0.366 Tyc-2
2006 12 24  11  3 56.0   9 47 54.3393   14  28  45.304  9  0.367 Tyc-2
2008  1 19  10 12 39.7  10 37 19.6995   10  34  54.938  9  0.430 Tyc-2
2008  1 20  10  7 59.7  10 37  7.2899   10  36  19.684  9  0.430 Tyc-2
2008  2  1   9 17 29.4  10 34 16.2025   10  55   8.006  9  0.431 Tyc-2
2008  2  6   8 56 44.8  10 32 54.8726   11   3  46.142  9  0.430 Tyc-2
2008  2 13   8 27 44.9  10 30 53.8924   11  16  21.369  9  0.429 Tyc-2
2008  2 17   8 10 41.7  10 29 42.2386   11  23  40.392  9  0.427 Tyc-2
2008  3  1   7 14 44.6  10 25 45.5117   11  47  12.467  9  0.421 Tyc-2
2008  3 10   6 37 19.0  10 23  6.6801   12   2  26.491  9  0.416 Tyc-2
2008  3 12   6 28 32.0  10 22 32.8503   12   5  36.419  9  0.414 Tyc-2
2008  3 13   6 24 14.1  10 22 16.2171   12   7  10.644  9  0.414 Tyc-2
2008  3 14   6 20  1.8  10 21 59.7495   12   8  43.139  9  0.413 Tyc-2
2008  3 25   5 34 27.6  10 19 13.3410   12  23  57.709  9  0.405 Tyc-2
2008  3 29   5 17 51.6  10 18 20.7058   12  28  37.565  9  0.402 Tyc-2
2008  3 30   5 14 10.8  10 18  8.3115   12  29  43.173  9  0.401 Tyc-2
2008  4 23   3 35 43.4  10 14 56.8585   12  45   0.725  9  0.384 Tyc-2
2008  4 24   3 31 44.3  10 14 53.7402   12  45  10.624  9  0.384 Tyc-2
2008  4 25   3 27 45.7  10 14 51.0136   12  45  18.732  9  0.383 Tyc-2
2008  4 26   3 25  1.8  10 14 48.6623   12  45  25.159  9  0.382 Tyc-2
2008  4 27   3 20 20.5  10 14 46.7665   12  45  26.461  9  0.382 Tyc-2
2009  3 26   6 26 44.9  11 14 35.6559    7  23  31.815  9  0.481 Tyc-2
2009  4 19   4 46 39.8  11  8 39.9879    7  58  18.591  9  0.461 Tyc-2
2009  5  1   3 57 24.9  11  6 47.2231    8   7  58.911  9  0.451 Tyc-2
2010  3 12   8 20 49.2  12 12 26.2541    1  24  29.861  9  0.577 Tyc-2
2010  3 16   8  3 40.9  12 11 21.9497    1  31  56.923  9  0.576 Tyc-2
2010  3 18   7 55 37.7  12 10 49.2859    1  35  42.834  9  0.575 Tyc-2
2010  3 20   7 47 12.4  12 10 16.3704    1  39  27.584  9  0.574 Tyc-2
2010  3 21   7 43 10.0  12  9 59.8724    1  41  20.713  9  0.574 Tyc-2
2010  3 24   7 30 32.7  12  9 10.1094    1  46  57.132  9  0.572 Tyc-2
2010  4  4   6 44  7.4  12  6  9.2415    2   6  56.672  9  0.564 Tyc-2
2010  4  5   6 39 44.5  12  5 53.1368    2   8  42.100  9  0.564 Tyc-2
2010  4 14   6  2 24.3  12  3 33.8786    2  23  34.553  9  0.556 Tyc-2
2010  4 17   5 49 55.4  12  2 50.2590    2  28   7.339  9  0.553 Tyc-2
2010  5  4   4 39 10.4  11 59 21.4579    2  48  59.285  9  0.536 Tyc-2
2010  5  5   4 35  4.7  11 59 11.5490    2  49  54.630  9  0.535 Tyc-2
2010  5  6   4 31 14.8  11 59  1.9717    2  50  49.186  9  0.534 Tyc-2
2010  5  8   4 23 19.5  11 58 43.6277    2  52  30.506  9  0.532 Tyc-2
2010  5 19   3 38  8.8  11 57 25.7430    2  59   5.674  9  0.521 Tyc-2
2011  3 13   9  3 48.0  12 58 45.4873   -3  21  19.508  9  0.636 Tyc-2
2011  3 15   8 55 53.0  12 58 16.6868   -3  18   4.768  9  0.636 Tyc-2
2011  3 28   8  1 27.0  12 54 55.9035   -2  56   5.506  9  0.636 Tyc-2
2011  3 29   7 56 49.0  12 54 39.8245   -2  54  22.280  9  0.635 Tyc-2
2011  4  4   7 31 36.0  12 53  2.3837   -2  44   4.814  9  0.633 Tyc-2
2011  4  5   7 27 50.0  12 52 46.1007   -2  42  23.099  9  0.633 Tyc-2
2011  4  6   7 23 12.0  12 52 29.8481   -2  40  40.842  9  0.633 Tyc-2
2011  4 13   6 55  9.5  12 50 37.2086   -2  29   7.358  9  0.629 Tyc-2
2011  5  1   5 39 58.0  12 46 13.9918   -2   3  22.008  9  0.616 Tyc-2
2011  5  2   5 34 57.0  12 46  1.0938   -2   2   8.688  9  0.615 Tyc-2
2011  5 23   4  8 41.0  12 42 34.2794   -1  44  33.814  9  0.596 Tyc-2
2011  5 24   4  4 44.0  12 42 27.8468   -1  44   7.811  9  0.595 Tyc-2
2011  5 25   4  0 52.0  12 42 21.7392   -1  43  43.819  9  0.594 Tyc-2
2012  2 25  11  0 22.0  13 50 35.5315   -8  29   4.349  9  0.664 Tyc-2
2012  3  4  10 27 13.0  13 49 21.3553   -8  20   8.790  9  0.670 Tyc-2
2012  3 15   9 41 44.5  13 47  6.5206   -8   5  10.231  9  0.676 Tyc-2
2012  3 16   9 37 40.0  13 46 52.5995   -8   3  40.024  9  0.676 Tyc-2
2012  3 17   9 33 19.0  13 46 38.3800   -8   2   8.951  9  0.677 Tyc-2
2012  4  3   8 21 37.0  13 42  6.2863   -7  34  12.906  9  0.680 Tyc-2
2012  4 10   7 52  3.0  13 40  3.1303   -7  22   4.071  9  0.679 Tyc-2
2012  4 21   7  6  3.0  13 36 46.5807   -7   3  14.484  9  0.675 Tyc-2
2012  4 22   7  1 18.0  13 36 28.8596   -7   1  34.587  9  0.675 Tyc-2
2012  4 29   6 32 12.0  13 34 27.3607   -6  50  19.217  9  0.671 Tyc-2
2012  4 30   6 28 14.0  13 34 10.4665   -6  48  46.238  9  0.671 Tyc-2
2012  5 13   5 33 28.0  13 30 46.0540   -6  30  38.980  9  0.661 Tyc-2
2012  5 14   5 29 18.0  13 30 31.7509   -6  29  26.038  9  0.661 Tyc-2
2012  5 16   5 20 58.5  13 30  3.9219   -6  27   4.403  9  0.659 Tyc-2
2012  5 18   5 12 40.0  13 29 37.0634   -6  24  50.158  9  0.657 Tyc-2
2012  5 28   4 31 13.0  13 27 39.8155   -6  15  32.725  9  0.648 Tyc-2
2012  5 29   4 27 18.0  13 27 29.7594   -6  14  47.425  9  0.647 Tyc-2
2012  6  8   3 46 42.0  13 26  7.7676   -6   9  20.513  9  0.638 Tyc-2
