2006 10 12.48910  09 37 52.84  +15 05 20.2   691  57946   17.2 V
2006 10 12.50156  09 37 53.11  +15 05 18.9   691  57946   17.2 V
2006 10 12.51402  09 37 53.37  +15 05 17.8   691  57946   17.1 V
2006 10 22.75523  09 41 15.67  +14 50 03.9   415  57946   17.4 V
2006 10 23.43682  09 41 27.97  +14 49 11.3   704  57946   17.6
2006 10 23.44890  09 41 28.14  +14 49 10.9   704  57946   18.3
2006 10 23.46109  09 41 28.46  +14 49 08.8   704  57946   18.6
2006 10 23.47297  09 41 28.73  +14 49 07.6   704  57947   18.3
2006 10 23.48490  09 41 29.14  +14 49 06.8   704  57947   17.8
2006 10 28.75791  09 42 59.15  +14 42 26.2   415  57947   16.7 V
