 02  2000 11 09.29833 03 43 33.17 +17 41 20.3  -99.9 X     696
 02  2000 11 09.30266 03 43 33.11 +17 41 20.1   21.8 R     696
 02  2000 11 09.31457 03 43 32.88 +17 41 19.4   21.2 R     696
 02  2000 11 09.31839 03 43 32.83 +17 41 20.0  -99.9 X     696
 02  2000 11 09.33019 03 43 32.55 +17 41 18.5   21.2 R     696
 02  2000 11 24.08212 03 38 45.95 +17 29 19.6   20.9 R     809
 02  2000 11 24.12496 03 38 45.12 +17 29 17.6   20.9 R     809
 02  2000 11 24.17296 03 38 44.16 +17 29 15.3   21.0 R     809
 04  2000 11 27.13758 03 41 53.30 +17 22 07.0  -99.9 X     675
 04  2000 11 27.20068 03 41 52.11 +17 22 05.2   21.8 R     675
 04  2000 11 27.23828 03 41 51.43 +17 22 03.8   21.8 R     675
 05  2000 08 07.39963 03 52 08.02 +18 20 03.0   22.6 R     809
 05  2000 08 07.41160 03 52 08.23 +18 20 03.4   22.2 R     809
 05  2000 08 07.42331 03 52 08.41 +18 20 03.9   22.7 R     809
 05  2000 09 24.44657 03 57 48.21 +18 27 23.0  -99.9 X     568
 05  2000 09 24.50859 03 57 47.96 +18 27 21.3   22.3 R     568
 05  2000 09 24.57290 03 57 47.70 +18 27 19.3   22.2 R     568
 05  2000 11 02.27282 03 50 26.67 +17 50 21.9  -99.9 X     695
 05  2000 11 02.27678 03 50 26.61 +17 50 21.4  -99.9 X     695
 05  2000 11 02.28080 03 50 26.55 +17 50 21.4  -99.9 X     695
 05  2000 11 03.29969 03 50 08.33 +17 49 01.7  -99.9 X     695
 05  2000 11 03.30370 03 50 08.25 +17 49 01.5  -99.9 X     695
 05  2000 11 04.22350 03 49 51.61 +17 47 50.0  -99.9 X     309
 05  2000 11 04.26743 03 49 50.79 +17 47 46.6  -99.9 X     309
 05  2000 11 24.11482 03 43 24.45 +17 20 41.1  -99.9 X     809
 05  2000 11 24.15629 03 43 23.59 +17 20 37.6   22.0 R     809
 05  2000 11 24.20446 03 43 22.63 +17 20 33.7   22.4 R     809
 05  2000 11 28.18746 03 42 03.16 +17 15 07.7   21.7 R     675
 05  2000 11 28.24429 03 42 02.01 +17 15 03.2   21.5 R     675
 05  2000 11 28.29289 03 42 01.03 +17 14 59.3   21.7 R     675
 06  2000 09 23.44526 03 57 45.16 +17 42 52.4   22.8 R     568
 06  2000 09 23.50233 03 57 44.94 +17 42 51.7  -99.9 X     568
 06  2000 09 23.57560 03 57 44.65 +17 42 50.2   22.6 R     568
 06  2000 09 23.63840 03 57 44.39 +17 42 49.0  -99.9 X     568
 06  2000 09 24.46410 03 57 41.36 +17 42 34.8   22.6 R     568
 06  2000 09 24.51465 03 57 41.13 +17 42 33.9   22.6 R     568
 06  2000 09 24.57914 03 57 40.84 +17 42 32.7   22.7 R     568
 06  2000 11 02.29914 03 50 17.20 +17 21 08.1  -99.9 X     695
 06  2000 11 02.30310 03 50 17.14 +17 21 07.9  -99.9 X     695
 06  2000 11 02.30758 03 50 17.06 +17 21 07.8  -99.9 X     695
 06  2000 11 03.30891 03 49 59.47 +17 20 24.2  -99.9 X     695
 06  2000 11 03.31293 03 49 59.41 +17 20 23.9  -99.9 X     695
 06  2000 11 04.23929 03 49 42.93 +17 19 44.5   22.9 R     309
 06  2000 11 04.28299 03 49 42.14 +17 19 42.6  -99.9 X     309
 06  2000 11 24.11482 03 43 24.57 +17 05 26.0   22.6 R     809
 06  2000 11 24.15629 03 43 23.72 +17 05 24.4   22.4 R     809
 06  2000 11 24.20446 03 43 22.77 +17 05 22.3   22.4 R     809
 07  2000 09 23.42883 03 54 08.54 +17 57 46.0   23.7 R     568
 07  2000 09 23.48554 03 54 08.18 +17 57 44.6   23.7 R     568
 07  2000 09 23.55431 03 54 07.73 +17 57 42.5   24.2 R     568
 07  2000 09 24.43323 03 54 02.30 +17 57 15.0  -99.9 X     568
 07  2000 09 24.49743 03 54 01.89 +17 57 13.2  -99.9 X     568
 07  2000 09 24.56052 03 54 01.45 +17 57 11.2   24.1 R     568
 07  2000 11 04.25248 03 44 35.80 +17 22 12.3  -99.9 X     309
 07  2000 11 04.29623 03 44 34.93 +17 22 09.4  -99.9 X     309
 07  2000 11 27.36905 03 36 45.55 +16 56 29.5  -99.9 X     675
 07  2000 11 27.41988 03 36 44.52 +16 56 26.0  -99.9 X     675
 08  2000 09 23.47373 03 57 42.41 +18 33 04.5  -99.9 X     568
 08  2000 09 23.52979 03 57 42.16 +18 33 03.6  -99.9 X     568
 08  2000 09 23.61053 03 57 41.82 +18 33 02.2   23.5 R     568
 08  2000 09 24.48641 03 57 38.41 +18 32 46.7   23.5 R     568
 08  2000 09 24.54793 03 57 38.13 +18 32 45.5   23.6 R     568
 08  2000 09 24.61033 03 57 37.83 +18 32 44.4   23.9 R     568
 08  2000 11 04.24298 03 49 30.02 +18 04 58.1   23.6 R     309
 08  2000 11 04.28701 03 49 29.21 +18 04 55.6  -99.9 X     309
 08  2000 11 27.28907 03 42 10.70 +17 41 28.9  -99.9 X     675
 08  2000 11 27.39100 03 42 08.72 +17 41 22.4  -99.9 X     675
 09  2000 09 23.46308 03 53 01.51 +18 03 10.6   24.2 R     568
 09  2000 09 23.51909 03 53 01.21 +18 03 09.1   23.5 R     568
 09  2000 09 23.59611 03 53 00.83 +18 03 07.1   24.3 R     568
 09  2000 09 24.47540 03 52 56.65 +18 02 43.2   23.8 R     568
 09  2000 09 24.53443 03 52 56.33 +18 02 41.7   23.8 R     568
 09  2000 09 24.59810 03 52 55.98 +18 02 39.9   24.0 R     568
 09  2000 11 04.26280 03 44 26.54 +17 29 43.6   24.0 R     309
 09  2000 11 04.30791 03 44 25.68 +17 29 40.7  -99.9 X     309
 09  2000 11 27.30408 03 37 07.92 +17 05 02.3   23.5 R     675
 09  2000 11 27.31056 03 37 07.78 +17 05 02.1  -99.9 X     675
 09  2000 11 27.35535 03 37 06.95 +17 04 59.6  -99.9 X     675
 09  2000 11 27.36185 03 37 06.79 +17 04 59.3  -99.9 X     675
 09  2000 11 27.40497 03 37 05.96 +17 04 56.2  -99.9 X     675
 09  2000 11 27.41136 03 37 05.86 +17 04 55.7  -99.9 X     675
 10  2000 09 23.47373 03 58 47.49 +18 34 49.6   23.1 R     568
 10  2000 09 23.52979 03 58 47.19 +18 34 48.9   23.2 R     568
 10  2000 09 23.61053 03 58 46.75 +18 34 48.0   22.9 R     568
 10  2000 09 24.48641 03 58 42.24 +18 34 36.7   23.2 R     568
 10  2000 09 24.54793 03 58 41.88 +18 34 35.8   23.3 R     568
 10  2000 09 24.61033 03 58 41.50 +18 34 34.9   23.0 R     568
 10  2000 11 24.20963 03 42 42.59 +17 51 40.7   23.0 R     809
 10  2000 11 24.23184 03 42 42.16 +17 51 39.5   22.7 R     809
 10  2000 11 24.25284 03 42 41.68 +17 51 38.4   22.7 R     809
 10  2000 11 27.18394 03 41 40.47 +17 48 53.4  -99.9 X     675
 10  2000 11 27.22202 03 41 39.65 +17 48 51.1   22.5 R     675
 10  2000 11 27.25987 03 41 38.84 +17 48 49.0   22.8 R     675