419  2004 12 12.44635 07 55 16.34 +21 00 58.0   *   *
419  2004 12 12.46294 07 55 16.02 +21 00 59.0   *   *
419  2004 12 12.50214 07 55 15.55 +21 00 59.6   *   *
419  2004 12 12.50818 07 55 15.41 +21 00 59.8   *   *
419  2004 12 14.60215 07 54 45.12 +21 02 21.9  23.8 R
419  2004 12 14.60516 07 54 44.86 +21 02 22.3  23.5 R
419  2004 12 14.62638 07 54 44.65 +21 02 22.3  23.5 R
419  2004 12 14.62939 07 54 44.58 +21 02 22.6   *   *
419  2005 01 05.59417 07 48 12.58 +21 19 05.2  22.9 R
419  2005 01 05.61650 07 48 12.17 +21 19 06.2   *   *
419  2005 02 07.40892 07 37 24.82 +21 43 43.8   *   *
419  2005 02 07.42444 07 37 24.57 +21 43 44.4   *   *
419  2005 02 08.34470 07 37 08.72 +21 44 17.5   *   *
419  2005 02 08.38095 07 37 08.09 +21 44 18.6   *   *
419  2005 03 09.27204 07 31 20.38 +21 55 12.6   *   *
419  2005 03 09.30494 07 31 20.16 +21 55 12.9   *   *
419  2006 01 05.59392 08 45 20.63 +18 48 14.0   *   *
419  2006 01 05.65046 08 45 19.62 +18 48 19.0   *   *
419  2006 01 06.62163 08 45 02.58 +18 49 42.6  23.5 R
419  2006 01 06.64310 08 45 02.17 +18 49 44.9  23.5 R
419  2006 02 01.32633 08 36 43.10 +19 28 31.0  23.5 R
419  2006 02 01.35072 08 36 42.54 +19 28 33.6  23.5 R
419  2006 03 06.27120 08 27 20.39 +20 08 56.9   *   *
419  2006 03 06.29603 08 27 20.07 +20 08 58.2   *   *
419  2006 04 30.24076 08 26 53.07 +20 16 35.3   *   *
419  2006 04 30.26424 08 26 53.30 +20 16 34.4   *   *
