20  2014 05 08.41829  15 14 27.854 -14 46 09.88  21.0  i  F51 100689
20  2014 05 08.43051  15 14 27.624 -14 46 08.84  21.0  i  F51 100689
20  2014 05 08.44275  15 14 27.392 -14 46 07.97  21.0  i  F51 100689
20  2014 05 08.45495  15 14 27.154 -14 46 06.97  21.0  i  F51 100689
20  2014 05 10.41617  15 13 50.077 -14 43 35.08  20.8  i  F51 100689
20  2014 05 10.42821  15 13 49.843 -14 43 34.22  20.7  i  F51 100689
20  2014 05 10.44019  15 13 49.599 -14 43 33.31  20.9  i  F51 100689
20  2014 05 22.41107  15 10 04.986 -14 28 40.80  21.6  w  F51 100689
20  2014 05 22.42488  15 10 04.729 -14 28 39.62  21.6  w  F51 100689
20  2014 05 22.43833  15 10 04.480 -14 28 38.86  21.6  w  F51 100689
20  2014 05 24.36440  15 09 29.299 -14 26 23.54  21.5  w  F51 100689
20  2014 05 24.37705  15 09 29.072 -14 26 22.76  21.6  w  F51 100689
20  2014 05 24.43111  15 09 28.060 -14 26 18.88  21.5  w  F51 100689
20  2014 05 24.44373  15 09 27.827 -14 26 18.00  21.6  w  F51 100689
20  2015 05 25.37966  15 58 58.461 -18 31 05.03  21.1  i  F51  93768
20  2015 05 25.39093  15 58 58.262 -18 31 04.56  21.1  i  F51  93768
20  2015 05 25.40229  15 58 58.076 -18 31 03.81  21.0  i  F51  93768
20  2015 05 25.41359  15 58 57.911 -18 31 03.07  21.0  i  F51  93768
26  2014 03 12.59655  15 26 23.808 -16 48 38.79  21.4  w  F51 100689
26  2014 03 12.60848  15 26 23.756 -16 48 38.43  21.6  w  F51 100689
26  2014 03 12.62040  15 26 23.689 -16 48 38.03  21.2  w  F51 100689
26  2014 03 12.63232  15 26 23.640 -16 48 37.57  21.8  w  F51 100689
26  2014 03 28.58816  15 24 21.350 -16 37 34.27  21.3  w  F51 100689
26  2014 03 28.59876  15 24 21.239 -16 37 34.02  21.6  w  F51 100689
26  2014 03 28.60932  15 24 21.132 -16 37 32.96  21.3  w  F51 100689
26  2014 03 28.61988  15 24 21.017 -16 37 32.51  21.3  w  F51 100689
26  2014 05 04.44577  15 14 41.990 -15 54 25.89  21.0  w  F51 100689
26  2014 05 04.45771  15 14 41.762 -15 54 24.89  21.0  w  F51 100689
26  2014 05 04.46965  15 14 41.534 -15 54 23.95  21.0  w  F51 100689
26  2014 05 04.48157  15 14 41.300 -15 54 22.99  21.0  w  F51 100689
26  2014 05 08.41829  15 13 26.362 -15 49 02.37  20.5  i  F51 100689
26  2014 05 08.43051  15 13 26.121 -15 49 01.37  20.8  i  F51 100689
26  2014 05 08.44275  15 13 25.881 -15 49 00.38  20.4  i  F51 100689
26  2014 05 08.45495  15 13 25.649 -15 48 59.33  20.5  i  F51 100689
26  2014 06 21.34265  15 01 10.456 -14 57 48.10  21.1  w  F51 100689
26  2014 06 21.35530  15 01 10.296 -14 57 47.45  21.1  w  F51 100689
26  2014 06 21.36791  15 01 10.147 -14 57 46.86  21.1  w  F51 100689
26  2014 06 21.38053  15 01 09.989 -14 57 46.25  21.2  w  F51 100689
26  2015 05 25.37966  16 00 50.677 -18 42 04.49  20.5  i  F51  93768
26  2015 05 25.39093  16 00 50.478 -18 42 03.83  20.7  i  F51  93768
26  2015 05 25.40229  16 00 50.272 -18 42 03.60  20.7  i  F51  93768
26  2015 05 25.41359  16 00 50.045 -18 42 02.85  20.7  i  F51  93768
26  2015 06 11.32209  15 55 57.518 -18 31 53.99  21.3  w  F51  94438
26  2015 06 11.33328  15 55 57.313 -18 31 53.35  21.2  w  F51  94438
26  2015 06 11.34450  15 55 57.142 -18 31 53.11  21.2  w  F51  94438
26  2015 06 21.62863  15 53 18.45  -18 26 45.6   21.1  V  E07  94438
26  2015 06 21.64601  15 53 18.17  -18 26 45.7   20.7  V  E07  94438
29  2015 04 24.63499  16 09 08.48  -19 12 22.8   21.0  V  E07  93768
29  2015 04 24.64579  16 09 08.36  -19 12 22.8   21.3  V  E07  93768
29  2015 05 18.42678  16 02 07.943 -18 47 29.95  20.1  w  F52  93768
29  2015 05 18.44056  16 02 07.666 -18 47 29.08  20.3  w  F52  93768
29  2015 05 18.45435  16 02 07.403 -18 47 28.08  20.3  w  F52  93768
29  2015 05 18.46812  16 02 07.127 -18 47 26.93  20.3  w  F52  93768
29  2015 05 20.43339  16 01 29.271 -18 45 15.25  20.4  w  F51  93768
29  2015 05 20.44551  16 01 29.019 -18 45 14.48  20.2  w  F51  93768
29  2015 05 20.45762  16 01 28.795 -18 45 13.62  20.3  w  F51  93768
29  2015 05 20.46974  16 01 28.555 -18 45 12.76  20.3  w  F51  93768
29  2015 05 25.37966  15 59 53.542 -18 39 42.18  20.0  i  F51  93768
29  2015 05 25.39093  15 59 53.324 -18 39 41.40  20.0  i  F51  93768
29  2015 05 25.40229  15 59 53.092 -18 39 40.56  20.0  i  F51  93768
29  2015 05 25.41359  15 59 52.877 -18 39 39.84  20.0  i  F51  93768
29  2015 06 05.51432  15 56 21.13  -18 27 23.1   20.6  V  E07  94438
29  2015 06 05.53825  15 56 20.59  -18 27 21.3   21.8  V  E07  94438
29  2015 06 10.62665  15 54 47.54  -18 21 56.9   21.8  V  E07  94438
29  2015 06 10.64101  15 54 47.26  -18 21 55.6   20.8  V  E07  94438
29  2015 06 21.59379  15 51 42.52  -18 11 09.5   22.0  V  E07  94438
29  2015 06 21.60538  15 51 42.33  -18 11 08.9   20.4  V  E07  94438
39  2015 05 27.181672 16 01 04.91  -18 30 10.7    -    -  W84  99414
39  2015 05 27.203307 16 01 04.41  -18 30 09.4   24.3  r  W84  99414
39  2015 05 27.224947 16 01 03.95  -18 30 08.1   24.0  r  W84  99414
45  2015 05 27.181672 16 02 34.85  -18 44 17.4   23.4  r  W84  99414
45  2015 05 27.203307 16 02 34.35  -18 44 16.3   22.8  r  W84  99414
45  2015 05 27.224947 16 02 34.00  -18 44 15.0   23.4  r  W84  99414
45  2015 05 27.281837 16 02 32.89  -18 44 12.1   24.4  r  W84  99415
45  2015 05 27.303478 16 02 32.48  -18 44 10.7   22.2  r  W84  99415
45  2015 05 28.302312 16 02 14.22  -18 43 17.5   23.2  r  W84  99415
45  2015 05 28.324034 16 02 13.90  -18 43 16.7   24.5  r  W84  99415
