020  2005 01 08.36227 07 42 09.65 +22 02 14.4  568   68212   21.0 r
020  2005 01 08.40011 07 42 08.87 +22 02 16.7  568   68212   21.0 r
020  2005 01 08.43797 07 42 08.09 +22 02 19.0  568   68212   21.0 r
023  2007 02 14.46984 09 32 24.19 +15 54 08.7  568   68212   23.4 r
023  2007 02 14.50376 09 32 23.54 +15 54 11.8  568   68212   24.2 r
023  2007 02 14.53694 09 32 22.91 +15 54 15.0  568   68212   24.0 r
023  2007 02 15.48068 09 32 05.23 +15 55 44.6  568   68212   24.0 r
026  2005 01 08.36417 07 41 51.45 +20 51 25.2  568   68212   20.5 r
026  2005 01 08.40202 07 41 50.61 +20 51 27.2  568   68212   20.5 r
026  2005 01 08.43988 07 41 49.78 +20 51 29.3  568   68212   20.4 r
026  2011 03 14.36410 13 02 34.14 -04 08 47.9  691   74025   20.9 V
026  2011 03 14.38180 13 02 33.87 -04 08 46.9  691   74025   21.2 V
026  2011 03 14.39946 13 02 33.59 -04 08 45.2  691   74025   21.1 V
028  2005 01 08.36417 07 42 55.27 +21 09 16.0  568   68212   23.0 r
028  2005 01 08.40202 07 42 54.44 +21 09 18.0  568   68212   23.0 r
028  2005 01 08.43988 07 42 53.62 +21 09 19.8  568   68212   22.6 r
029  2010 02 14.36849 12 17 14.43 +00 05 06.9  691   68669   20.5 V
029  2010 02 14.38955 12 17 14.19 +00 05 08.8  691   68669   20.7 V
029  2010 02 14.40468 12 17 14.00 +00 05 10.4  691   68669   20.4 V
029  2010 02 15.40557 12 17 01.77 +00 06 47.1  691   68669   20.6 V
029  2010 02 15.42319 12 17 01.54 +00 06 48.6  691   68669   20.5 V
029  2010 02 15.43832 12 17 01.32 +00 06 50.5  691   68669   20.4 V
029  2010 02 16.38999 12 16 49.45 +00 08 23.9  691   68669   20.4 V
029  2010 02 16.40760 12 16 49.22 +00 08 25.7  691   68669   20.4 V
029  2010 02 16.42284 12 16 49.04 +00 08 27.4  691   68669   20.4 V
029  2010 03 12.30850 12 10 38.30 +00 54 46.1  291   69202   20.2 V
029  2010 03 12.32114 12 10 38.08 +00 54 47.8  291   69202   20.1 V
029  2010 03 12.33344 12 10 37.86 +00 54 49.4  291   69202   20.2 V
029  2011 03 02.61563 13 03 35.12 -03 40 03.0  E07   74025   20.3 V
029  2011 03 02.63313 13 03 34.86 -03 40 00.7  E07   74025   20.0 V
029  2011 03 07.57628 13 02 36.36 -03 34 04.2  E07   74025   21.4 V
029  2011 03 07.60427 13 02 36.01 -03 34 02.1  E07   74025   20.4 V
029  2011 03 07.63836 13 02 35.56 -03 33 59.0  E07   74025   20.9 V
029  2011 03 14.36410 13 01 06.37 -03 25 10.4  691   74025   20.5 V
029  2011 03 14.38180 13 01 06.08 -03 25 08.7  691   74025   21.1 V
029  2011 03 14.39946 13 01 05.84 -03 25 07.3  691   74025   20.6 V
030  2007 02 14.46984 09 32 43.32 +15 50 42.1  568   68212   23.7 r
030  2007 02 14.50376 09 32 42.66 +15 50 45.5  568   68212   23.0 r
030  2007 02 14.53694 09 32 42.02 +15 50 48.6  568   68212   23.6 r
030  2007 02 15.48068 09 32 24.30 +15 52 19.3  568   68212   23.7 r
