 1   2002 09 06.10387 05 45 43.35 +22  04 12.0   493
 1   2002 09 06.12247 05 45 43.64 +22  04 12.5   493
 1   2002 09 06.14097 05 45 43.93 +22  04 12.0   493
 1   2002 09 06.16027 05 45 44.19 +22  04 12.2   493
 1   2002 09 07.11833 05 45 58.30 +22  04 12.1   493
 1   2002 09 07.14033 05 45 58.59 +22  04 11.4   493
 1   2002 09 07.16173 05 45 58.90 +22  04 11.9   493
 1   2002 09 08.13713 05 46 12.85 +22  04 11.4   493
 1   2002 09 08.16073 05 46 13.15 +22  04 11.7   493
 2   2002 09 06.11307 05 47 56.17 +22  20 26.1   493
 2   2002 09 06.13167 05 47 56.44 +22  20 26.4   493
 2   2002 09 06.15097 05 47 56.74 +22  20 27.0   493
 2   2002 09 07.14743 05 48 11.89 +22  20 41.1   493
 2   2002 09 07.16883 05 48 12.24 +22  20 41.6   493
 2   2002 09 08.12233 05 48 26.41 +22  20 55.0   493
 2   2002 09 08.14433 05 48 26.72 +22  20 55.4   493
 2   2002 09 08.16783 05 48 27.02 +22  20 55.7   493
 3   2002 09 05.10018 05 48 22.32 +21  22 25.6   493
 3   2002 09 05.11608 05 48 22.57 +21  22 25.7   493
 3   2002 09 05.13208 05 48 22.81 +21  22 25.7   493
 3   2002 09 05.14838 05 48 23.08 +21  22 25.5   493
 3   2002 09 05.16418 05 48 23.33 +21  22 25.7   493
 3   2002 09 05.17998 05 48 23.56 +21  22 25.7   493
 4   2002 09 10.11773 05 53 32.96 +22  24 41.1   493
 4   2002 09 10.14023 05 53 33.22 +22  24 40.7   493
 4   2002 09 10.16273 05 53 33.53 +22  24 40.9   493
 4   2002 09 10.18443 05 53 33.82 +22  24 40.6   493
 5   2002 09 10.11033 05 50 35.19 +21  51 23.3   493
 5   2002 09 10.13293 05 50 35.47 +21  51 23.6   493
 5   2002 09 10.15563 05 50 35.76 +21  51 24.0   493
 5   2002 09 10.17713 05 50 36.02 +21  51 23.8   493
 6   2002 11 05.28013 05 51 08.18 +21  42 07.1   675
 6   2002 11 05.30884 05 51 07.86 +21  42 07.1   675
 6   2002 11 05.33616 05 51 07.55 +21  42 06.4   675
 6   2002 11 06.29465 05 50 56.67 +21  41 50.6   675
 6   2002 11 06.34767 05 50 56.04 +21  41 49.3   675
 7   2002 11 05.30225 05 55 15.47 +22  06 52.8   675
 7   2002 11 05.35700 05 55 14.91 +22  06 52.7   675
 7   2002 11 06.30885 05 55 04.68 +22  06 52.5   675
 7   2002 11 06.31540 05 55 04.61 +22  06 52.8   675
 7   2002 11 06.32229 05 55 04.50 +22  06 52.8   675
 7   2002 11 06.32853 05 55 04.44 +22  06 52.6   675
 7   2002 11 06.33479 05 55 04.39 +22  06 52.6   675
 7   2002 11 06.34109 05 55 04.30 +22  06 52.8   675
 8   2002 11 05.29568 05 56 15.94 +22  29 49.3   675
 8   2002 11 06.36738 05 56 03.86 +22  29 46.9   675
 8   2002 11 06.39575 05 56 03.52 +22  29 47.2   675
 9   2002 11 05.28841 05 49 10.91 +22  15 22.5   675
 9   2002 11 05.36384 05 49 10.00 +22  15 22.5   675
 9   2002 11 06.36083 05 48 57.98 +22  15 18.1   675
11   2002 09 05.10808 05 48 08.53 +21  50 07.5   493
11   2002 09 05.12408 05 48 08.78 +21  50 07.4   493
11   2002 09 05.14048 05 48 09.03 +21  50 07.3   493
11   2002 09 05.15628 05 48 09.27 +21  50 07.2   493
11   2002 09 05.17208 05 48 09.51 +21  50 07.1   493
11   2002 09 05.18808 05 48 09.75 +21  50 06.9   493
11   2002 09 07.13263 05 48 39.12 +21  49 48.7   493
11   2002 09 07.15453 05 48 39.44 +21  49 48.6   493
11   2002 09 07.17603 05 48 39.74 +21  49 48.4   493
11   2002 09 08.10793 05 48 53.26 +21  49 39.5   493
11   2002 09 08.12973 05 48 53.58 +21  49 39.3   493
11   2002 09 08.15163 05 48 53.91 +21  49 38.9   493
11   2002 11 05.28013 05 49 57.99 +21  37 01.4   675
11   2002 11 05.30884 05 49 57.64 +21  37 01.0   675
11   2002 11 05.33616 05 49 57.29 +21  37 00.8   675
11   2002 11 06.29465 05 49 45.36 +21  36 47.5   675
11   2002 11 06.34767 05 49 44.67 +21  36 46.9   675
12   2002 11 05.30225 05 55 31.47 +22  06 36.2   675
12   2002 11 05.35700 05 55 30.91 +22  06 36.1   675
12   2002 11 06.30885 05 55 21.04 +22  06 35.9   675
12   2002 11 06.32229 05 55 20.86 +22  06 35.9   675