026  2009 02 19.26029 11 26 18.08 +05 36 37.5  691   65325   20.4 V
026  2009 02 19.27602 11 26 17.75 +05 36 39.8  691   65325   20.6 V
026  2009 02 19.29175 11 26 17.53 +05 36 41.1  691   65325   20.7 V
026  2009 02 20.35358 11 25 59.48 +05 38 37.3  291   65325   20.7 V
026  2009 02 20.36548 11 25 59.27 +05 38 38.5  291   65325   20.6 V
026  2009 02 20.37438 11 25 59.13 +05 38 39.8  291   65325   20.8 V
029  2009 02 19.27602 11 27 50.72 +05 27 40.2  691   65325   20.0 V
029  2009 02 19.29175 11 27 50.53 +05 27 42.0  691   65325   19.8 V
029  2009 02 19.40784 11 27 48.61 +05 27 53.2  H01   65325   19.7 R
029  2009 02 19.41444 11 27 48.51 +05 27 53.8  H01   65325   19.6 R
029  2009 02 19.42183 11 27 48.38 +05 27 54.6  H01   65325   19.7 R
029  2009 02 19.43059 11 27 48.24 +05 27 55.4  H01   65325   19.6 R
029  2009 02 20.35466 11 27 33.41 +05 29 27.2  291   65325   20.1 V
029  2009 02 20.36656 11 27 33.21 +05 29 28.4  291   65325   20.1 V
029  2009 02 20.37546 11 27 33.07 +05 29 29.1  291   65325   20.2 V
029  2009 02 21.26866 11 27 18.63 +05 30 58.6  291   65325
029  2009 02 21.28175 11 27 18.41 +05 30 59.8  291   65325
029  2009 02 21.29437 11 27 18.15 +05 31 00.8  291   65325
029  2009 02 22.26375 11 27 02.30 +05 32 38.3  291   65325
029  2009 02 22.27454 11 27 02.11 +05 32 39.4  291   65325
029  2009 02 22.28699 11 27 01.90 +05 32 40.7  291   65325
029  2009 02 24.26902 11 26 28.95 +05 36 02.6  291   65325   20.6 V
029  2009 02 24.28165 11 26 28.74 +05 36 03.8  291   65325   21.3 V
029  2009 02 24.29077 11 26 28.58 +05 36 04.9  291   65325   21.0 V
