26 2013 04 12.62972 14 33 18.88  -12 34 53.9   E07  83281  21.1 V
26 2013 04 12.64132 14 33 18.74  -12 34 53.0   E07  83281  21.0 V
26 2014 03 30.60191 15 23 59.18  -16 35 44.9   E07  87618  21.1 V
26 2014 03 30.61073 15 23 59.05  -16 35 44.2   E07  87618  21.4 V
26 2014 03 31.60908 15 23 47.49  -16 34 49.1   E07  87618  21.6 V
26 2014 03 31.62358 15 23 47.31  -16 34 48.0   E07  87618  21.2 V
26 2014 04 24.62136 15 17 43.47  -16 07 28.6   E07  88086  21.1 V
26 2014 04 24.67800 15 17 42.45  -16 07 23.8   E07  88086  21.6 V
26 2014 05 04.44577 15 14 41.987 -15 54 25.92  F51  88086  20.9 w
26 2014 05 04.45771 15 14 41.761 -15 54 25.09  F51  88086  21.0 w
26 2014 05 04.46965 15 14 41.543 -15 54 23.89  F51  88086  21.0 w
26 2014 05 04.48157 15 14 41.304 -15 54 22.92  F51  88086  21.1 w
26 2014 05 08.58769 15 13 23.10  -15 48 47.4   E07  88086  20.9 V
26 2014 05 08.59929 15 13 22.88  -15 48 45.9   E07  88086  20.4 V
26 2014 05 21.56123 15 09 16.66  -15 31 22.8   E07  88462  21.3 V
26 2014 05 21.57136 15 09 16.43  -15 31 21.4   E07  88462  21.8 V
26 2014 06 03.42040 15 05 28.311 -15 15 26.73  F51  88462  21.1 w
26 2014 06 03.43310 15 05 28.088 -15 15 25.74  F51  88462  21.3 w
26 2014 06 03.44578 15 05 27.881 -15 15 24.91  F51  88462  21.2 w
26 2014 06 17.46440 15 01 58.63  -15 01 02.3   E07  88806  21.4 V
26 2014 06 17.47540 15 01 58.49  -15 01 01.8   E07  88806  20.8 V
29 2013 04 12.60052 14 29 55.67  -11 41 54.6   E07  83281  20.2 V
29 2013 04 12.60932 14 29 55.51  -11 41 53.7   E07  83281  20.8 V
29 2013 04 13.46435 14 29 40.991 -11 40 28.72  F51  83281  20.5 w
29 2013 04 13.47824 14 29 40.749 -11 40 27.35  F51  83281  20.4 w
29 2013 04 13.50602 14 29 40.270 -11 40 24.73  F51  83281  20.4 w
29 2013 06 04.53873 14 15 40.70  -10 29 14.5   E07  83714  19.5 V
29 2013 06 04.55082 14 15 40.61  -10 29 13.1   E07  83714  21.5 V
29 2014 03 30.60191 15 24 08.36  -16 41 49.4   E07  87618  20.8 V
29 2014 03 30.61073 15 24 08.27  -16 41 49.1   E07  87618  21.4 V
29 2014 03 31.60908 15 23 58.13  -16 41 12.7   E07  87618  21.8 V
29 2014 03 31.62358 15 23 57.95  -16 41 12.0   E07  87618  20.8 V
29 2014 04 24.69646 15 18 28.90  -16 21 54.1   E07  88086  20.9 V
29 2014 04 24.70515 15 18 28.78  -16 21 54.3   E07  88086  19.9 V
29 2014 05 08.62628 15 14 30.62  -16 08 04.5   E07  88086  20.1 V
29 2014 05 08.63788 15 14 30.41  -16 08 03.7   E07  88086  20.6 V
29 2014 05 10.41617 15 13 59.104 -16 06 16.12  F51  88086  20.2 i
29 2014 05 10.42821 15 13 58.880 -16 06 15.41  F51  88086  19.8 i
29 2014 05 10.44019 15 13 58.669 -16 06 14.53  F51  88086  20.1 i
29 2014 05 10.45217 15 13 58.439 -16 06 13.68  F51  88086  20.1 i
29 2014 05 19.51243 15 11 19.37  -15 57 05.9   E07  88462  22.2 V
29 2014 05 19.52403 15 11 19.18  -15 57 05.6   E07  88462  21.0 V
29 2014 05 21.63290 15 10 42.65  -15 55 01.0   E07  88462  20.1 V
29 2014 05 21.64741 15 10 42.40  -15 55 00.3   E07  88462  20.5 V
29 2014 06 18.45867 15 03 47.65  -15 32 33.5   E07  88806  21.1 V
29 2014 06 18.47317 15 03 47.48  -15 32 33.1   E07  88806  20.8 V
29 2014 06 22.41243 15 03 03.75  -15 30 27.2   E07  88806  21.3 V
29 2014 06 22.42421 15 03 03.63  -15 30 26.8   E07  88806  20.8 V
