 20  2012 03 24.62644 13 47 57.24  -07 40 19.8   E07 78784   21.6
 20  2012 03 24.63965 13 47 57.02  -07 40 19.0   E07 78784   21.3
 20  2012 03 28.27569 13 46 59.17  -07 33 45.4   691 78784   21.2
 20  2012 03 28.29340 13 46 58.88  -07 33 42.7   691 78784   21.4
 20  2012 03 28.31112 13 46 58.60  -07 33 41.4   691 78784   21.7
 20  2012 04 13.41914 13 42 19.636 -07 03 28.78  F51 79140   21.4
 20  2012 04 13.43147 13 42 19.402 -07 03 27.38  F51 79140   21.2
 20  2012 04 13.44246 13 42 19.202 -07 03 26.10  F51 79140   21.1
 26  2012 03 24.58688 13 45 50.05  -08 28 27.9   E07 78784   20.6
 26  2012 03 24.59348 13 45 49.97  -08 28 27.1   E07 78784   20.7
 26  2012 05 14.48054 13 31 18.94  -06 58 21.1   E07 79473   21.3
 26  2012 05 14.48385 13 31 18.90  -06 58 21.2   E07 79473   21.6
 26  2012 05 14.49156 13 31 18.79  -06 58 20.2   E07 79473   20.0
 26  2012 05 19.57772 13 30 08.50  -06 51 25.3   E07 79473   21.9
 26  2012 05 19.59093 13 30 08.28  -06 51 23.8   E07 79473   21.4
 26  2012 05 20.51214 13 29 56.28  -06 50 13.4   E07 79473   21.1
 26  2012 05 20.52096 13 29 56.18  -06 50 12.3   E07 79473   21.2
 26  2012 05 23.48473 13 29 19.25  -06 46 37.4   E07 79473   21.0
 26  2012 05 23.50435 13 29 18.97  -06 46 34.9   E07 79473   20.3
 26  2012 06 07.36781 13 26 55.79  -06 32 57.1   E07 79746   21.4
 26  2012 06 07.38324 13 26 55.72  -06 32 56.1   E07 79746   21.7
 26  2012 06 08.46351 13 26 48.17  -06 32 15.8   E07 79746   21.7
 26  2012 06 08.48241 13 26 48.03  -06 32 15.1   E07 79746   21.0
 26  2012 06 09.47058 13 26 41.55  -06 31 39.8   E07 79746   20.9
 26  2012 06 09.48379 13 26 41.44  -06 31 39.3   E07 79746   21.5
 29  2012 02 22.66385 13 53 57.05  -09 39 01.0   E07 78327   20.6
 29  2012 02 22.67045 13 53 56.99  -09 39 01.1   E07 78327   20.4
 29  2012 02 23.62139 13 53 51.54  -09 38 21.6   E07 78327   20.8
 29  2012 02 23.63009 13 53 51.50  -09 38 20.8   E07 78327   19.9
 29  2012 03 16.33075 13 50 19.22  -09 15 43.9   691 78784   20.8
 29  2012 03 16.34850 13 50 19.01  -09 15 42.5   691 78784   20.7
 29  2012 03 16.36625 13 50 18.75  -09 15 40.9   691 78784   20.8
 29  2012 03 20.63288 13 49 19.93  -09 09 43.0   E07 78784   20.7
 29  2012 03 20.64168 13 49 19.85  -09 09 42.2   E07 78784   20.8
 29  2012 03 24.56939 13 48 21.79  -09 03 53.7   E07 78784   20.8
 29  2012 03 24.57600 13 48 21.69  -09 03 53.0   E07 78784   20.6
 29  2012 04 13.40688 13 42 49.589 -08 31 24.11  F51 79140   21.0
 29  2012 04 13.41851 13 42 49.388 -08 31 22.92  F51 79140   20.7
 29  2012 04 13.42986 13 42 49.177 -08 31 21.74  F51 79140   20.3
 29  2012 04 13.44186 13 42 48.966 -08 31 20.45  F51 79140   20.4
 29  2012 04 16.55076 13 41 53.77  -08 26 01.0   E07 79140   19.8
 29  2012 04 16.55958 13 41 53.62  -08 26 00.2   E07 79140   20.3
 29  2012 05 14.40923 13 34 09.05  -07 42 17.4   E07 79473   21.0
 29  2012 05 14.42024 13 34 08.87  -07 42 16.5   E07 79473   20.7
 29  2012 05 17.54815 13 33 24.59  -07 38 13.9   E07 79473   20.2
 29  2012 05 17.55788 13 33 24.49  -07 38 13.3   E07 79473   20.8
 29  2012 05 19.54106 13 32 57.66  -07 35 47.8   E07 79473   21.0
 29  2012 05 19.54986 13 32 57.57  -07 35 47.2   E07 79473   21.0
 29  2012 05 20.54559 13 32 44.45  -07 34 36.6   E07 79473   20.5
 29  2012 05 20.55660 13 32 44.33  -07 34 35.6   E07 79473   20.7
 29  2012 05 23.52505 13 32 06.96  -07 31 14.9   E07 79473   20.7
 29  2012 05 23.53606 13 32 06.85  -07 31 13.9   E07 79473   20.8
 29  2012 06 07.40711 13 29 40.09  -07 18 35.7   E07 79746   20.6
 29  2012 06 07.42033 13 29 40.03  -07 18 35.4   E07 79746   20.5
 29  2012 06 08.50389 13 29 32.11  -07 17 56.8   E07 79746   20.7
 29  2012 06 08.51840 13 29 32.02  -07 17 56.8   E07 79746   20.8
 29  2012 06 09.51464 13 29 25.13  -07 17 24.1   E07 79746   21.8
 29  2012 06 09.52566 13 29 25.08  -07 17 23.9   E07 79746   20.3
 29  2012 07 06.47535 13 28 37.59  -07 16 19.0   E07 79971   21.3
 29  2012 07 06.48747 13 28 37.71  -07 16 21.0   E07 79971   21.4
 29  2012 07 21.44199 13 30 07.41  -07 26 58.3   E07 79971   20.9
 29  2012 07 21.45649 13 30 07.50  -07 26 59.1   E07 79971   20.8













