 20  2011 03 02.38656 13 01 57.25 -03 11 53.9  691   74811   21.4 V
 20  2011 03 02.40425 13 01 57.03 -03 11 52.0  691   74811   21.6 V
 20  2011 03 02.42197 13 01 56.82 -03 11 51.1  691   74811   21.4 V
 20  2011 03 10.37210 13 00 09.82 -03 00 48.9  691   74811   21.7 V
 20  2011 03 10.38980 13 00 09.57 -03 00 47.3  691   74811   21.1 V
 20  2011 03 10.40748 13 00 09.28 -03 00 45.5  691   74811   21.3 V
 26  2009 02 21.26756 11 25 43.91 +05 40 18.2  291   76732
 26  2009 02 21.28065 11 25 43.68 +05 40 19.7  291   76732
 26  2009 02 21.29327 11 25 43.47 +05 40 21.2  291   76732
 26  2009 02 22.23224 11 25 27.26 +05 42 05.3  691   76732
 26  2009 02 22.25033 11 25 26.95 +05 42 07.1  691   76732
 26  2009 02 22.26843 11 25 26.60 +05 42 09.1  691   76732
 26  2009 02 24.26789 11 24 51.64 +05 45 53.7  291   76732   21.3 V
 26  2009 02 24.28052 11 24 51.38 +05 45 54.6  291   76732   21.7 V
 26  2009 02 24.28964 11 24 51.21 +05 45 55.7  291   76732   21.8 V
 26  2009 03 02.22976 11 23 04.22 +05 57 15.0  691   76732   20.6 V
 26  2009 03 02.24826 11 23 03.88 +05 57 16.9  691   76732   20.6 V
 26  2009 03 02.26592 11 23 03.61 +05 57 17.9  691   76732   20.2 V
 26  2011 03 02.39412 13 05 22.28 -04 26 29.0  691   74811   20.7 V
 26  2011 03 02.41184 13 05 22.06 -04 26 27.2  691   74811   20.8 V
 26  2011 03 02.42953 13 05 21.85 -04 26 26.0  691   74811   21.0 V
 26  2011 03 06.38844 13 04 30.30 -04 20 57.0  691   74811   21.1 V
 26  2011 03 06.40611 13 04 30.02 -04 20 55.6  691   74811   21.1 V
 26  2011 03 06.42379 13 04 29.79 -04 20 54.1  691   74811   20.9 V
 26  2011 03 27.65408 12 58 54.15 -03 46 21.3  E07   74380   20.2 V
 26  2011 03 27.66808 12 58 53.85 -03 46 20.7  E07   74380   20.4 V
 26  2011 04 05.62707 12 56 15.35 -03 30 34.3  E07   74380   21.2 V
 26  2011 04 05.65506 12 56 14.96 -03 30 31.1  E07   74380   19.6 V
 26  2011 04 28.15705 12 49 51.49 -02 53 50.7  691   74811   21.1 V
 26  2011 04 28.19696 12 49 50.84 -02 53 46.6  691   74811   20.9 V
 26  2011 04 28.23686 12 49 50.25 -02 53 43.8  691   74811   20.6 V
 29  2011 03 06.38844 13 02 50.99 -03 35 32.9  691   74811   21.2 V
 29  2011 03 06.40611 13 02 50.76 -03 35 31.8  691   74811   20.8 V
 29  2011 03 06.42379 13 02 50.55 -03 35 30.4  691   74811   20.8 V
 29  2011 03 10.37210 13 02 00.51 -03 30 29.3  691   74811   20.7 V
 29  2011 03 10.38980 13 02 00.28 -03 30 28.3  691   74811   20.8 V
 29  2011 03 10.40748 13 02 00.02 -03 30 27.1  691   74811   20.6 V
 29  2011 03 27.60640 12 57 47.44 -03 06 16.1  E07   74380   20.5 V
 29  2011 03 27.62564 12 57 47.18 -03 06 15.3  E07   74380   19.8 V
 29  2011 04 05.58662 12 55 22.97 -02 53 07.6  E07   74380   20.6 V
 29  2011 04 05.60061 12 55 22.77 -02 53 06.2  E07   74380   20.7 V
 29  2011 04 22.14510 12 51 01.12 -02 30 41.9  691   74811   20.6 V
 29  2011 04 22.18773 12 51 00.48 -02 30 38.7  691   74811   20.5 V
 29  2011 04 22.23039 12 50 59.83 -02 30 35.4  691   74811   20.6 V
 29  2011 04 24.14168 12 50 31.42 -02 28 17.1  691   74811
 29  2011 04 24.18151 12 50 30.83 -02 28 14.1  691   74812
 29  2011 04 24.22138 12 50 30.23 -02 28 11.2  691   74812
 29  2011 04 26.14702 12 50 02.18 -02 25 56.8  691   74812   20.6 V
 29  2011 04 26.18686 12 50 01.60 -02 25 54.1  691   74812   20.8 V
 29  2011 04 26.22672 12 50 01.00 -02 25 50.7  691   74812   20.4 V
 29  2011 04 28.15705 12 49 33.57 -02 23 41.5  691   74812   20.7 V
 29  2011 04 28.19696 12 49 33.02 -02 23 39.0  691   74812   20.7 V
 29  2011 04 28.23686 12 49 32.43 -02 23 36.1  691   74812   20.4 V
 29  2011 04 28.61675 12 49 27.07 -02 23 09.9  E07   74812   20.8 V
 29  2011 04 28.63250 12 49 26.86 -02 23 08.7  E07   74812   20.8 V
 29  2011 04 30.51334 12 49 01.07 -02 21 09.0  E07   74812   21.0 V
 29  2011 04 30.54454 12 49 00.59 -02 21 06.9  E07   74812   21.8 V
 29  2011 05 04.56706 12 48 07.59 -02 17 10.1  E07   74812   20.8 V
 29  2011 05 04.59735 12 48 07.24 -02 17 07.3  E07   74812   20.9 V
 29  2011 05 11.15058 12 46 49.32 -02 11 41.1  691   74812   20.6 V
 29  2011 05 11.17265 12 46 49.09 -02 11 40.4  691   74812   20.7 V
 29  2011 05 11.19126 12 46 48.86 -02 11 39.3  691   74812   20.8 V
 29  2011 07 23.40556 12 48 12.66 -02 53 37.1  E07   75593   21.7 V
 29  2011 07 23.42357 12 48 12.91 -02 53 39.6  E07   75593   21.4 V
 29  2011 07 26.38978 12 48 54.45 -02 59 11.8  E07   75593   21.4 V
 29  2011 07 26.41182 12 48 54.77 -02 59 14.4  E07   75593   21.7 V
 29  2011 07 27.41991 12 49 09.50 -03 01 10.5  E07   75593   21.3 V
 29  2011 07 27.44105 12 49 09.82 -03 01 13.1  E07   75593   21.4 V
 29  2011 07 28.41234 12 49 24.29 -03 03 06.8  E07   75593   21.2 V
 29  2011 07 28.43060 12 49 24.59 -03 03 09.6  E07   75593   20.9 V
