    19  2019 07 03.38705  19 14 17.61  -21 54 52.9   22.2  w  568 125599
    19  2019 07 03.41279  19 14 17.15  -21 54 53.8    -    -  568 125599
    19  2019 07 03.49863  19 14 15.62  -21 54 56.9    -    -  568 125599
    19  2019 07 04.40411  19 13 59.80  -21 55 29.5   22.2  w  568 125599
    19  2019 07 04.42988  19 13 59.34  -21 55 30.5   22.3  w  568 125599
    19  2019 07 04.47006  19 13 58.62  -21 55 31.9   22.2  w  568 125599
    19  2019 07 04.49871  19 13 58.12  -21 55 33.0   22.2  w  568 125599
    20  2019 07 01.38103  19 18 30.27  -21 39 55.3   21.5  w  568 125599
    20  2019 07 01.40107  19 18 29.91  -21 39 55.8   21.6  w  568 125599
    20  2019 07 01.42110  19 18 29.55  -21 39 56.4   21.6  w  568 125599
    20  2019 07 01.43544  19 18 29.29  -21 39 56.8   21.6  w  568 125599
    20  2019 07 01.46409  19 18 28.77  -21 39 57.5   21.7  w  568 125599
    20  2019 07 01.48412  19 18 28.41  -21 39 58.0   21.7  w  568 125599
    20  2019 07 01.50132  19 18 28.10  -21 39 58.5   21.7  w  568 125599
    20  2019 07 02.38620  19 18 12.33  -21 40 21.3    -    -  568 125599
    20  2019 07 02.40624  19 18 11.97  -21 40 21.8    -    -  568 125599
    20  2019 07 02.42625  19 18 11.61  -21 40 22.4    -    -  568 125599
    20  2019 07 02.44630  19 18 11.24  -21 40 22.9    -    -  568 125599
    20  2019 07 02.46695  19 18 10.86  -21 40 23.4    -    -  568 125599
    20  2019 07 02.48700  19 18 10.50  -21 40 23.9    -    -  568 125599
    20  2019 07 02.50135  19 18 10.24  -21 40 24.3    -    -  568 125599
    22  2019 07 03.39277  19 14 33.60  -22 04 19.0    -    -  568 125599
    22  2019 07 03.41854  19 14 33.08  -22 04 19.4    -    -  568 125599
    22  2019 07 03.47002  19 14 32.02  -22 04 20.4    -    -  568 125599
    22  2019 07 03.49004  19 14 31.61  -22 04 20.9   23.2  w  568 125599
    22  2019 07 04.39266  19 14 13.60  -22 04 37.7   23.1  w  568 125599
    22  2019 07 04.43563  19 14 12.70  -22 04 38.5   23.3  w  568 125599
    22  2019 07 04.46432  19 14 12.12  -22 04 39.1   23.3  w  568 125599
    22  2019 07 04.49010  19 14 11.61  -22 04 39.5   23.0  w  568 125599
    23  2019 07 03.40422  19 12 54.90  -22 01 23.6    -    -  568 125599
    23  2019 07 03.43285  19 12 54.33  -22 01 24.7   24.5  w  568 125599
    23  2019 07 03.49290  19 12 53.12  -22 01 26.8    -    -  568 125599
    23  2019 07 04.40696  19 12 35.35  -22 02 00.6   24.5  w  568 125599
    23  2019 07 04.42416  19 12 34.99  -22 02 01.3   24.3  w  568 125599
    23  2019 07 04.43849  19 12 34.71  -22 02 01.9   24.5  w  568 125599
    23  2019 07 04.47006  19 12 34.08  -22 02 03.0   24.2  w  568 125599
    23  2019 07 04.49871  19 12 33.51  -22 02 04.2   24.8  w  568 125599
    24  2019 07 03.40136  19 13 36.62  -22 20 23.6   22.4  w  568 125599
    24  2019 07 03.45000  19 13 35.72  -22 20 26.0    -    -  568 125599
    24  2019 07 03.47861  19 13 35.19  -22 20 27.4    -    -  568 125599
    24  2019 07 04.38694  19 13 18.75  -22 21 11.6   22.3  w  568 125599
    24  2019 07 04.40125  19 13 18.49  -22 21 12.3   22.4  w  568 125599
    24  2019 07 04.42130  19 13 18.12  -22 21 13.3   22.3  w  568 125599
    24  2019 07 04.47006  19 13 17.21  -22 21 15.6   22.3  w  568 125599
    24  2019 07 04.49871  19 13 16.68  -22 21 17.0    -    -  568 125599
    25  2019 07 03.40708  19 13 01.52  -22 07 31.4   24.8  w  568 125599
    25  2019 07 03.46430  19 13 00.39  -22 07 33.7    -    -  568 125599
    25  2019 07 03.49290  19 12 59.83  -22 07 34.9   24.2  w  568 125599
    25  2019 07 04.38694  19 12 42.55  -22 08 11.6   24.8  w  568 125599
    25  2019 07 04.39838  19 12 42.32  -22 08 12.2   24.5  w  568 125599
    25  2019 07 04.41269  19 12 42.04  -22 08 12.8   24.4  w  568 125599
    25  2019 07 04.47006  19 12 40.91  -22 08 15.1    -    -  568 125599
    26  2015 06 21.17497  15 53 25.00  -18 26 58.0   21.3  V  W84 125599
    26  2015 06 21.18641  15 53 24.83  -18 26 57.7    -    -  W84 125599
    26  2015 06 21.20947  15 53 24.49  -18 26 57.1    -    -  W84 125599
    26  2015 06 21.22090  15 53 24.32  -18 26 56.7    -    -  W84 125599
    26  2015 06 21.24395  15 53 23.98  -18 26 56.1    -    -  W84 125599
    26  2015 06 21.25541  15 53 23.81  -18 26 55.8    -    -  W84 125599
    27  2019 07 01.39249  19 17 52.90  -22 09 21.5   24.4  w  568 125599
    27  2019 07 01.46123  19 17 51.65  -22 09 24.5   24.4  w  568 125599
    27  2019 07 02.38907  19 17 34.93  -22 10 03.1   24.4  w  568 125599
    27  2019 07 02.40909  19 17 34.56  -22 10 04.1   24.4  w  568 125599
    28  2019 07 01.38103  19 17 11.03  -22 10 33.4   23.4  w  568 125599
    28  2019 07 01.43830  19 17 09.89  -22 10 35.2    -    -  568 125599
    28  2019 07 02.38620  19 16 51.09  -22 11 04.9    -    -  568 125599
    28  2019 07 02.40909  19 16 50.62  -22 11 05.7    -    -  568 125599
    28  2019 07 02.46695  19 16 49.46  -22 11 07.4    -    -  568 125599
    28  2019 07 02.48413  19 16 49.12  -22 11 08.0    -    -  568 125599
    29  2013 05 31.07386  14 16 35.15  -10 32 52.8   20.6  r  W84 125599
    29  2013 05 31.08850  14 16 34.96  -10 32 52.1    -    -  W84 125600
    29  2013 05 31.10336  14 16 34.76  -10 32 51.3    -    -  W84 125600
    29  2013 05 31.11813  14 16 34.57  -10 32 50.5    -    -  W84 125600
    29  2013 05 31.13290  14 16 34.37  -10 32 49.7    -    -  W84 125600
    29  2013 05 31.14749  14 16 34.18  -10 32 48.9    -    -  W84 125600
    29  2013 05 31.16206  14 16 33.99  -10 32 48.1    -    -  W84 125600
    29  2015 06 21.17497  15 51 49.11  -18 11 32.8   20.8  V  W84 125600
    29  2015 06 21.20947  15 51 48.56  -18 11 30.8    -    -  W84 125600
    29  2015 06 21.24395  15 51 48.01  -18 11 28.9    -    -  W84 125600
    29  2019 07 04.04286  19 16 00.72  -22 43 54.0   20.3  G  W84 125600
    29  2019 07 04.04356  19 16 00.71  -22 43 54.2   20.3  G  W84 125600
    29  2019 07 04.04482  19 16 00.69  -22 43 54.1   20.3  G  W84 125600
    29  2019 07 04.04549  19 16 00.66  -22 43 54.1   20.3  G  W84 125600
    29  2019 07 04.17083  19 15 58.40  -22 43 59.2    -    -  W84 125600
    29  2019 07 04.17150  19 15 58.39  -22 43 59.2    -    -  W84 125600
    29  2019 07 04.17218  19 15 58.38  -22 43 59.3    -    -  W84 125600
    29  2019 07 04.17285  19 15 58.37  -22 43 59.3    -    -  W84 125600
    29  2019 07 04.29987  19 15 56.07  -22 44 04.2    -    -  W84 125600
    29  2019 07 04.35661  19 15 55.03  -22 44 06.5    -    -  W84 125600
    29  2019 07 04.35728  19 15 55.02  -22 44 06.4    -    -  W84 125600
    29  2019 07 04.35795  19 15 55.00  -22 44 06.3    -    -  W84 125600
    29  2019 07 04.35863  19 15 54.98  -22 44 06.2    -    -  W84 125600
    29  2019 07 04.41438  19 15 53.99  -22 44 08.8    -    -  W84 125600
    29  2019 07 04.41508  19 15 53.97  -22 44 08.8    -    -  W84 125600
    29  2019 07 06.04251  19 15 24.99  -22 45 12.5   20.4  G  W84 125600
    29  2019 07 06.04401  19 15 24.97  -22 45 12.6   20.2  G  W84 125600
    29  2019 07 06.15542  19 15 22.93  -22 45 17.1    -    -  W84 125600
    29  2019 07 06.15610  19 15 22.91  -22 45 17.2    -    -  W84 125600
    29  2019 07 06.27057  19 15 20.83  -22 45 21.6    -    -  W84 125600
    29  2019 07 06.27212  19 15 20.81  -22 45 21.6    -    -  W84 125600
    29  2019 07 06.38050  19 15 18.84  -22 45 25.7    -    -  W84 125600
    30  2019 07 01.47267  19 19 56.59  -21 57 15.9    -    -  568 125600
    30  2019 07 01.48412  19 19 56.37  -21 57 16.4    -    -  568 125600
    30  2019 07 01.49558  19 19 56.15  -21 57 16.7    -    -  568 125600
    30  2019 07 02.41482  19 19 38.90  -21 57 53.9    -    -  568 125600
    30  2019 07 02.44630  19 19 38.28  -21 57 55.1   24.1  w  568 125600
    30  2019 07 02.49557  19 19 37.33  -21 57 57.2   24.3  w  568 125600
    31  2019 07 03.39277  19 10 51.74  -22 11 46.4   24.5  w  568 125600
    31  2019 07 03.41568  19 10 51.30  -22 11 46.9   24.6  w  568 125600
    31  2019 07 03.42999  19 10 51.03  -22 11 47.4   24.2  w  568 125600
    31  2019 07 03.45572  19 10 50.52  -22 11 48.1   24.6  w  568 125600
    31  2019 07 04.38694  19 10 32.73  -22 12 14.1    -    -  568 125600
    31  2019 07 04.40411  19 10 32.42  -22 12 14.6    -    -  568 125600
    31  2019 07 04.41269  19 10 32.23  -22 12 14.8   24.6  w  568 125600
    31  2019 07 04.43563  19 10 31.80  -22 12 15.5   24.6  w  568 125600
    31  2019 07 04.47864  19 10 30.96  -22 12 16.7   24.2  w  568 125600
    31  2019 07 04.50458  19 10 30.45  -22 12 17.4    -    -  568 125600
    36  2019 07 03.38705  19 13 23.39  -21 47 27.9   25.3  w  568 125600
    36  2019 07 03.43856  19 13 22.44  -21 47 29.7    -    -  568 125600
    36  2019 07 04.44997  19 13 04.09  -21 48 06.0    -    -  568 125600
    36  2019 07 04.49295  19 13 03.29  -21 48 07.5   25.1  w  568 125600
    37  2019 07 03.38705  19 13 21.29  -22 06 29.0   24.7  w  568 125600
    37  2019 07 03.44143  19 13 20.23  -22 06 30.3    -    -  568 125600
    37  2019 07 03.46144  19 13 19.84  -22 06 30.8   24.7  w  568 125600
    37  2019 07 04.38694  19 13 01.98  -22 06 50.6   25.0  w  568 125600
    37  2019 07 04.39838  19 13 01.76  -22 06 50.9   24.6  w  568 125600
    37  2019 07 04.40982  19 13 01.53  -22 06 51.2   24.5  w  568 125600
    37  2019 07 04.44135  19 13 00.91  -22 06 51.8    -    -  568 125600
    37  2019 07 04.47293  19 13 00.29  -22 06 52.6   24.5  w  568 125600
    40  2019 07 01.38103  19 19 49.98  -21 36 06.6    -    -  568 125600
    40  2019 07 01.40966  19 19 49.45  -21 36 07.9    -    -  568 125600
    40  2019 07 01.43830  19 19 48.91  -21 36 09.0    -    -  568 125600
    40  2019 07 01.44402  19 19 48.81  -21 36 09.4   26.2  w  568 125600
    40  2019 07 02.38620  19 19 31.63  -21 36 51.0   26.2  w  568 125600
    40  2019 07 02.46981  19 19 30.05  -21 36 54.4    -    -  568 125600
    41  2019 07 01.38103  19 16 32.01  -21 49 38.4   25.5  w  568 125600
    41  2019 07 01.42110  19 16 31.31  -21 49 40.1    -    -  568 125600
    41  2019 07 02.38620  19 16 14.44  -21 50 20.4   26.3  w  568 125600
    42  2019 07 03.38705  19 11 40.60  -21 54 13.3    -    -  568 125600
    42  2019 07 03.42999  19 11 39.80  -21 54 14.9   25.5  w  568 125600
    42  2019 07 03.45572  19 11 39.32  -21 54 15.9   25.5  w  568 125600
    42  2019 07 04.38694  19 11 22.21  -21 54 51.7   25.6  w  568 125600
    42  2019 07 04.41555  19 11 21.67  -21 54 52.7    -    -  568 125600
    42  2019 07 04.48724  19 11 20.33  -21 54 55.4   24.9  w  568 125600
    43  2019 07 03.38705  19 12 07.48  -22 04 36.6    -    -  568 125600
    43  2019 07 03.40993  19 12 07.05  -22 04 37.5   25.7  w  568 125600
    43  2019 07 04.38694  19 11 48.96  -22 05 17.6   25.3  w  568 125600
    43  2019 07 04.43563  19 11 48.05  -22 05 19.6    -    -  568 125600
    43  2019 07 04.49295  19 11 46.95  -22 05 21.9   25.0  w  568 125600
    45  2019 07 03.38705  19 14 38.88  -21 45 27.1    -    -  568 125600
    45  2019 07 03.42713  19 14 38.09  -21 45 28.5   24.7  w  568 125600
    45  2019 07 04.38694  19 14 19.77  -21 46 00.6    -    -  568 125600
    45  2019 07 04.40982  19 14 19.32  -21 46 01.2   24.9  w  568 125600
    45  2019 07 04.45569  19 14 18.43  -21 46 02.7   24.6  w  568 125600
    45  2019 07 04.47293  19 14 18.09  -21 46 03.3   24.6  w  568 125600
    46  2019 07 03.38705  19 11 12.67  -22 08 12.6    -    -  568 125600
    46  2019 07 03.41854  19 11 12.08  -22 08 14.0    -    -  568 125600
    46  2019 07 03.47861  19 11 10.95  -22 08 16.3   25.3  w  568 125600
    46  2019 07 03.49576  19 11 10.62  -22 08 17.1   24.8  w  568 125600
    46  2019 07 04.38694  19 10 54.14  -22 08 52.8    -    -  568 125600
    46  2019 07 04.41269  19 10 53.65  -22 08 53.8    -    -  568 125600
    46  2019 07 04.43849  19 10 53.16  -22 08 54.7   25.1  w  568 125600
    46  2019 07 04.44997  19 10 52.94  -22 08 55.3    -    -  568 125600
    47  2019 07 01.38103  19 18 15.55  -22 01 54.3    -    -  568 125600
    47  2019 07 01.44402  19 18 14.34  -22 01 56.4   25.4  w  568 125600
    47  2019 07 02.38620  19 17 56.64  -22 02 29.9    -    -  568 125600
    47  2019 07 02.44979  19 17 55.41  -22 02 32.2   25.3  w  568 125600
    51  2019 07 01.38103  19 20 25.06  -21 52 56.7   25.3  w  568 125600
    51  2019 07 01.39534  19 20 24.80  -21 52 57.3    -    -  568 125600
    51  2019 07 01.44116  19 20 23.94  -21 52 59.2    -    -  568 125600
    51  2019 07 01.46409  19 20 23.51  -21 53 00.2    -    -  568 125600
    51  2019 07 01.49558  19 20 22.92  -21 53 01.3    -    -  568 125600
    51  2019 07 02.38620  19 20 06.52  -21 53 36.2    -    -  568 125600
    51  2019 07 02.39193  19 20 06.42  -21 53 36.4    -    -  568 125600
    51  2019 07 02.40909  19 20 06.10  -21 53 36.9    -    -  568 125600
    51  2019 07 02.44630  19 20 05.41  -21 53 38.4    -    -  568 125600
    51  2019 07 02.46409  19 20 05.07  -21 53 39.4    -    -  568 125601
    51  2019 07 02.50420  19 20 04.31  -21 53 40.8   24.8  w  568 125601
200420  2019 07 03.45286  19 12 17.88  -21 47 55.3    -    -  568 125595
200420  2019 07 03.48147  19 12 17.33  -21 47 56.3    -    -  568 125595
200420  2019 07 04.38694  19 11 59.78  -21 48 31.7    -    -  568 125595
200420  2019 07 04.41269  19 11 59.31  -21 48 32.6   25.7  w  568 125595
200420  2019 07 04.45283  19 11 58.49  -21 48 34.4    -    -  568 125595
200422  2019 07 01.38103  19 17 52.71  -21 55 46.9   26    w  568 125595
200422  2019 07 01.40966  19 17 52.15  -21 55 48.1    -    -  568 125595
200422  2019 07 02.38620  19 17 33.23  -21 56 27.4   26.0  w  568 125595
200423  2019 07 01.38103  19 19 04.68  -21 53 21.7    -    -  568 125595
200423  2019 07 01.43830  19 19 03.62  -21 53 23.9    -    -  568 125595
200423  2019 07 02.38620  19 18 46.24  -21 54 02.3   25.8  w  568 125595
200423  2019 07 02.47267  19 18 44.63  -21 54 06.0    -    -  568 125595
200425  2019 07 01.38103  19 18 14.23  -21 55 42.0   25.1  w  568 125595
200425  2019 07 01.46409  19 18 12.71  -21 55 45.1    -    -  568 125595
200425  2019 07 02.38620  19 17 55.95  -21 56 23.1    -    -  568 125595
200425  2019 07 02.46981  19 17 54.40  -21 56 26.4    -    -  568 125595
200426  2019 07 03.38705  19 13 38.23  -21 53 00.1    -    -  568 125595
200426  2019 07 03.45286  19 13 36.95  -21 53 02.8   25.4  w  568 125595
200426  2019 07 03.48719  19 13 36.26  -21 53 04.1    -    -  568 125595
200426  2019 07 04.44997  19 13 17.44  -21 53 42.3    -    -  568 125595
200426  2019 07 04.47293  19 13 16.98  -21 53 43.1    -    -  568 125595
200427  2019 07 03.38705  19 14 30.91  -22 03 20.8   25.1  w  568 125595
200427  2019 07 03.41568  19 14 30.38  -22 03 21.7   25.2  w  568 125595
200427  2019 07 03.46716  19 14 29.44  -22 03 23.5   25.2  w  568 125595
200427  2019 07 04.38694  19 14 12.92  -22 03 54.4   25.1  w  568 125595
200427  2019 07 04.44420  19 14 11.88  -22 03 56.3   25.3  w  568 125595
200429  2019 07 03.38705  19 14 04.38  -21 57 27.0    -    -  568 125595
200429  2019 07 03.42999  19 14 03.50  -21 57 27.9    -    -  568 125595
200429  2019 07 03.47002  19 14 02.70  -21 57 28.5   25.7  w  568 125595
200429  2019 07 04.38694  19 13 44.11  -21 57 45.9   25.5  w  568 125595
200429  2019 07 04.42988  19 13 43.21  -21 57 46.6    -    -  568 125595
200430  2019 07 03.38705  19 12 00.01  -21 50 08.2   25.8  w  568 125595
200430  2019 07 03.42999  19 11 59.18  -21 50 09.7    -    -  568 125595
200430  2019 07 03.46430  19 11 58.50  -21 50 10.6    -    -  568 125595
200432  2019 07 01.38103  19 19 53.59  -22 14 03.7   25.2  w  568 125595
200432  2019 07 01.43830  19 19 52.52  -22 14 06.0    -    -  568 125595
200432  2019 07 02.39766  19 19 34.98  -22 14 45.1   24.9  w  568 125595
200432  2019 07 02.46123  19 19 33.80  -22 14 47.5   24.8  w  568 125595
200432  2019 07 02.46409  19 19 33.75  -22 14 47.5   24.7  w  568 125595
200433  2019 07 01.38103  19 16 42.07  -21 47 06.5   26.0  w  568 125595
200433  2019 07 01.42110  19 16 41.31  -21 47 08.1    -    -  568 125595
200433  2019 07 02.38620  19 16 23.13  -21 47 49.3    -    -  568 125595
200433  2019 07 02.41768  19 16 22.52  -21 47 50.6    -    -  568 125595
200434  2019 07 03.40422  19 13 28.16  -21 52 33.4    -    -  568 125595
200434  2019 07 03.45000  19 13 27.24  -21 52 35.3    -    -  568 125595
200434  2019 07 04.38694  19 13 08.65  -21 53 09.6   26.2  w  568 125595
200434  2019 07 04.44997  19 13 07.39  -21 53 11.7   26.2  w  568 125595
200435  2019 07 03.45572  19 13 37.62  -21 58 47.2    -    -  568 125595
200435  2019 07 03.47002  19 13 37.33  -21 58 47.7   25.2  w  568 125595
200435  2019 07 04.38694  19 13 19.59  -21 59 23.2    -    -  568 125595
200435  2019 07 04.45856  19 13 18.16  -21 59 26.0   26.6  w  568 125595
200438  2019 07 03.38705  19 13 21.72  -22 07 38.0   25.2  w  568 125595
200438  2019 07 03.46144  19 13 20.37  -22 07 40.0   25.4  w  568 125595
200438  2019 07 04.38694  19 13 03.84  -22 08 02.6   25.8  w  568 125595
200438  2019 07 04.39552  19 13 03.67  -22 08 02.9    -    -  568 125595
200438  2019 07 04.44420  19 13 02.79  -22 08 04.2   25.5  w  568 125595
200603  2019 07 03.38705  19 10 03.34  -21 59 19.1    -    -  568 125595
200603  2019 07 03.45572  19 10 02.00  -21 59 21.4   25.7  w  568 125595
200603  2019 07 04.40982  19 09 43.77  -21 59 51.7   24.4  w  568 125595
200603  2019 07 04.47578  19 09 42.51  -21 59 53.7    -    -  568 125595
200702  2019 07 03.38705  19 12 56.43  -22 05 49.8    -    -  568 125595
200702  2019 07 03.44143  19 12 55.33  -22 05 52.1    -    -  568 125595
200702  2019 07 03.47002  19 12 54.78  -22 05 53.1   25.0  w  568 125595
200702  2019 07 04.41269  19 12 36.40  -22 06 30.4   25.2  w  568 125595
200702  2019 07 04.42988  19 12 36.05  -22 06 31.0   25.0  w  568 125595
200702  2019 07 04.48724  19 12 34.91  -22 06 33.3   25.1  w  568 125595
