701  2006 01 05.53559 08 46 21.26 +18 31 50.9   *   *
701  2006 01 05.57829 08 46 20.55 +18 31 54.4   *   *
701  2006 01 06.52229 08 46 05.39 +18 33 17.8  24.1 R
701  2006 01 06.53451 08 46 05.21 +18 33 18.3  24.2 R
701  2006 02 01.34765 08 38 22.98 +19 13 22.5  23.9 R
701  2006 02 02.28970 08 38 05.64 +19 14 49.6   *   *
701  2006 02 02.31227 08 38 05.23 +19 14 51.8   *   *
701  2007 01 16.38087 09 47 51.63 +14 44 43.3  23.8 R
701  2007 01 16.40097 09 47 51.30 +14 44 44.7  23.9 R
701  2007 01 16.41545 09 47 51.07 +14 44 46.0  23.9 R
701  2007 01 17.38393 09 47 35.50 +14 46 01.2   *   *
701  2007 01 17.39840 09 47 35.26 +14 46 02.4   *   *
701  2007 01 17.41290 09 47 35.00 +14 46 03.4   *   *
701  2007 02 18.30396 09 37 30.19 +15 32 18.2  23.9 R
701  2007 02 18.31917 09 37 29.88 +15 32 19.4  23.9 R
701  2007 02 18.33446 09 37 29.57 +15 32 20.5  23.8 R
701  2007 02 20.34880 09 36 49.70 +15 35 14.6   *   *
701  2007 02 20.40491 09 36 48.52 +15 35 19.4  24.0 R
701  2007 02 20.42251 09 36 48.18 +15 35 20.7   *   *
701  2007 03 21.24931 09 28 35.03 +16 08 27.2  24.2 R
701  2007 03 21.27027 09 28 34.73 +16 08 28.2   *   *
701  2007 03 21.29486 09 28 34.41 +16 08 29.2   *   *
701  2007 03 22.28463 09 28 21.42 +16 09 15.8   *   *
702  2007 01 18.38555 09 47 44.52 +14 36 35.4   *   *
702  2007 01 18.40004 09 47 44.29 +14 36 36.6  24.2 R
702  2007 01 18.41451 09 47 44.08 +14 36 37.8  24.4 R
702  2007 01 25.37361 09 45 51.22 +14 47 13.3   *   *
702  2007 01 25.38750 09 45 50.98 +14 47 14.0   *   *
702  2007 02 18.31612 09 38 33.05 +15 26 14.2   *   *
702  2007 02 18.33143 09 38 32.76 +15 26 15.8   *   *
702  2007 02 20.39815 09 37 54.32 +15 29 31.9  24.6 R
702  2007 02 20.41900 09 37 53.93 +15 29 33.7   *   *
702  2007 02 20.43657 09 37 53.58 +15 29 35.7  24.6 R
702  2007 03 18.39305 09 30 51.42 +16 04 18.9   *   *
702  2007 03 18.40763 09 30 51.25 +16 04 18.5   *   *
702  2007 04 19.27187 09 27 01.71 +16 21 07.7   *   *
702  2007 04 19.35000 09 27 01.63 +16 21 07.9   *   *
703  2007 01 18.39281 09 42 03.81 +15 11 45.2  25.0 R
703  2007 01 18.40731 09 42 03.61 +15 11 46.4   *   *
703  2007 01 18.42175 09 42 03.32 +15 11 47.8   *   *
703  2007 01 19.39851 09 41 47.81 +15 13 14.7  25.0 R
703  2007 01 19.41302 09 41 47.58 +15 13 15.7   *   *
703  2007 01 19.42754 09 41 47.31 +15 13 17.1   *   *
703  2007 02 20.39115 09 32 20.60 +16 03 45.8  24.8 R
703  2007 02 20.41199 09 32 20.23 +16 03 47.7   *   *
703  2007 02 20.42957 09 32 19.88 +16 03 49.3   *   *
703  2007 03 21.23181 09 25 05.99 +16 38 48.7   *   *
703  2007 03 21.25280 09 25 05.73 +16 38 49.5   *   *
703  2007 03 21.27734 09 25 05.48 +16 38 50.8   *   *
703  2007 03 22.23567 09 24 55.07 +16 39 38.5   *   *
703  2007 03 22.24966 09 24 54.89 +16 39 39.1  25   R
703  2007 04 19.26423 09 22 32.87 +16 49 12.0   *   *
703  2007 04 19.34444 09 22 32.91 +16 49 11.3   *   *
