08   2006 02 25.38904 08 36 17.65 +19  26 34.7   568
08   2006 02 25.39704 08 36 17.53 +19  26 35.7   568
10   2006 02 01.27976 08 41 50.99 +18  48 43.1   568
10   2006 02 01.28587 08 41 50.88 +18  48 43.9   568
10   2006 02 01.30515 08 41 50.48 +18  48 45.5   568
10   2006 02 01.31124 08 41 50.44 +18  48 46.0   568
15   2006 02 01.32024 08 36 48.11 +19  18 27.4   568
15   2006 02 01.34459 08 36 47.59 +19  18 29.9   568
15   2006 02 02.28374 08 36 28.60 +19  19 36.8   568
15   2006 02 02.30664 08 36 28.10 +19  19 37.5   568
15   2006 03 08.29865 08 26 52.58 +19  51 14.8   568
15   2006 03 08.33527 08 26 52.20 +19  51 15.8   568
