07   2004 12 12.37964 07 47 55.10 +20  53 03.9   568
07   2004 12 12.41589 07 47 54.48 +20  53 06.1   568
07   2004 12 14.59009 07 47 22.08 +20  54 49.4   568
07   2004 12 14.61432 07 47 21.72 +20  54 50.5   568
07   2005 01 05.63598 07 40 46.34 +21  14 53.5   568
07   2005 01 05.65824 07 40 45.90 +21  14 54.7   568
07   2005 02 16.46263 07 28 02.87 +21  51 21.1   568
07   2005 02 16.48645 07 28 02.56 +21  51 22.0   568
07   2005 03 08.24733 07 24 56.75 +22  01 26.2   568
07   2005 03 08.28392 07 24 56.55 +22  01 26.8   568
08   2004 12 12.37964 07 47 57.07 +20  51 24.4   568
08   2004 12 12.41589 07 47 56.56 +20  51 25.4   568
08   2004 12 14.59009 07 47 23.29 +20  53 00.1   568
08   2004 12 14.61432 07 47 22.94 +20  53 01.3   568
08   2005 01 05.63598 07 40 38.50 +21  11 33.3   568
08   2005 01 05.65824 07 40 38.03 +21  11 34.7   568
08   2005 02 07.42161 07 29 56.36 +21  39 20.7   568
08   2005 02 07.43759 07 29 56.03 +21  39 21.4   568
08   2005 02 08.33823 07 29 41.08 +21  39 59.6   568
08   2005 02 08.37601 07 29 40.45 +21  40 01.3   568
08   2005 03 05.36920 07 24 40.15 +21  53 25.3   568
08   2005 03 05.40237 07 24 39.91 +21  53 26.0   568
08   2005 03 11.23723 07 24 08.09 +21  55 13.1   568
08   2005 03 11.32977 07 24 07.67 +21  55 14.7   568
09   2004 12 12.38869 07 49 15.96 +21  11 46.0   568
09   2004 12 12.42515 07 49 15.35 +21  11 47.2   568
09   2004 12 14.59311 07 48 42.69 +21  13 15.3   568
09   2004 12 14.61734 07 48 42.26 +21  13 15.7   568
09   2005 01 05.39030 07 42 06.09 +21  30 12.7   568
09   2005 01 05.44775 07 42 04.91 +21  30 16.1   568
09   2005 02 07.44084 07 31 19.49 +21  55 11.3   568
09   2005 02 07.46030 07 31 19.15 +21  55 11.8   568
09   2005 02 10.44725 07 30 30.29 +21  56 57.4   568
09   2005 02 10.47147 07 30 29.89 +21  56 58.2   568
09   2005 03 09.31642 07 25 40.97 +22  06 53.1   568
09   2005 03 09.34824 07 25 40.79 +22  06 53.3   568
10   2004 12 12.38869 07 49 46.21 +21  11 38.1   568
10   2004 12 12.42515 07 49 45.65 +21  11 39.7   568
10   2004 12 14.59311 07 49 11.16 +21  13 19.0   568
10   2004 12 14.61734 07 49 10.76 +21  13 18.7   568
10   2005 01 05.39030 07 42 17.42 +21  32 09.1   568
10   2005 01 05.44775 07 42 16.14 +21  32 12.2   568
10   2005 02 14.40819 07 29 09.14 +22  04 01.7   568
10   2005 02 14.44591 07 29 08.54 +22  04 02.7   568
10   2005 03 09.33487 07 24 58.62 +22  13 18.9   568
10   2005 03 09.36697 07 24 58.42 +22  13 19.2   568
10   2005 03 11.24888 07 24 48.12 +22  13 42.6   568
10   2005 03 11.34101 07 24 47.63 +22  13 43.6   568
11   2004 12 12.39170 07 48 49.41 +20  39 46.1   568
11   2004 12 12.42815 07 48 48.90 +20  39 47.9   568
11   2004 12 14.59612 07 48 16.86 +20  41 04.2   568
11   2004 12 14.62035 07 48 16.48 +20  41 05.1   568
11   2005 01 05.60252 07 41 46.88 +20  56 46.8   568
11   2005 01 05.62486 07 41 46.43 +20  56 47.7   568
11   2005 02 07.45339 07 31 28.34 +21  21 17.7   568
11   2005 02 07.47289 07 31 28.02 +21  21 18.6   568
11   2005 02 10.46344 07 30 41.32 +21  23 09.7   568
11   2005 02 10.48801 07 30 40.94 +21  23 10.6   568
11   2005 03 09.32935 07 26 09.21 +21  34 50.0   568
11   2005 03 09.36122 07 26 09.06 +21  34 50.6   568
12   2004 12 12.39170 07 49 15.66 +20  50 36.1   568
12   2004 12 12.42815 07 49 15.12 +20  50 38.0   568
12   2004 12 14.59612 07 48 43.69 +20  52 21.8   568
12   2004 12 14.62035 07 48 43.31 +20  52 23.0   568
12   2005 01 05.60252 07 42 16.41 +21  12 39.2   568
12   2005 01 05.62486 07 42 15.95 +21  12 40.4   568
12   2005 02 08.33118 07 31 41.31 +21  43 54.8   568
12   2005 02 08.37024 07 31 40.68 +21  43 57.0   568
12   2005 03 09.32299 07 26 35.07 +22  00 31.2   568
12   2005 03 09.35479 07 26 34.92 +22  00 31.9   568
13   2004 12 12.46294 07 55 28.49 +20  48 44.7   568
13   2004 12 12.50818 07 55 27.83 +20  48 47.6   568
13   2004 12 13.49872 07 55 12.99 +20  49 39.7   568
13   2004 12 13.51926 07 55 12.65 +20  49 40.3   568
13   2004 12 14.60516 07 54 55.51 +20  50 40.7   568
13   2005 01 05.59417 07 48 06.30 +21  13 02.0   568
13   2005 01 05.61650 07 48 05.84 +21  13 03.4   568
13   2005 02 16.47726 07 34 11.76 +21  53 21.7   568
13   2005 02 16.49985 07 34 11.45 +21  53 22.8   568
13   2005 03 09.26546 07 30 09.64 +22  04 43.3   568
13   2005 03 09.29799 07 30 09.39 +22  04 44.2   568
14   2004 12 12.46294 07 56 42.52 +20  52 44.0   568
14   2004 12 12.50818 07 56 41.85 +20  52 46.0   568
14   2004 12 14.60516 07 56 10.60 +20  54 20.6   568
14   2004 12 14.62939 07 56 10.22 +20  54 21.6   568
14   2005 01 05.59417 07 49 29.98 +21  13 33.6   568
14   2005 01 05.61650 07 49 29.52 +21  13 34.9   568
14   2005 02 15.44987 07 36 14.09 +21  47 35.4   568
14   2005 02 15.48074 07 36 13.60 +21  47 36.6   568
14   2005 03 09.27822 07 32 07.36 +21  57 13.8   568
14   2005 03 09.31054 07 32 07.13 +21  57 14.5   568
14   2005 03 11.29905 07 31 54.63 +21  57 43.4   568
14   2005 03 11.35384 07 31 54.29 +21  57 44.2   568
15   2004 12 12.46294 07 57 04.01 +20  42 49.0   568
15   2004 12 12.50818 07 57 03.42 +20  42 52.0   568
15   2004 12 13.38655 07 56 50.50 +20  43 40.1   568
15   2004 12 13.45539 07 56 49.47 +20  43 44.3   568
15   2004 12 14.60516 07 56 32.13 +20  44 46.2   568
15   2004 12 14.62939 07 56 31.78 +20  44 48.8   568
15   2005 01 05.48235 07 49 53.64 +21  07 37.1   568
15   2005 01 05.51875 07 49 52.90 +21  07 39.1   568
15   2005 01 05.59417 07 49 51.42 +21  07 43.9   568
15   2005 01 05.61650 07 49 50.94 +21  07 45.5   568
15   2005 02 15.49970 07 36 29.73 +21  49 11.0   568
15   2005 02 15.53159 07 36 29.22 +21  49 12.4   568
15   2005 03 09.25984 07 32 20.28 +22  02 22.9   568
15   2005 03 09.29243 07 32 20.04 +22  02 23.7   568
16   2004 12 13.38655 07 56 54.22 +20  53 55.1   568
16   2004 12 13.45539 07 56 53.18 +20  53 58.7   568
16   2004 12 14.49684 07 56 37.19 +20  54 54.2   568
16   2004 12 14.51836 07 56 36.88 +20  54 55.5   568
16   2005 01 05.48235 07 49 48.70 +21  16 53.0   568
16   2005 01 05.51875 07 49 47.94 +21  16 55.2   568
16   2005 01 05.59417 07 49 46.37 +21  17 00.5   568
16   2005 01 05.61650 07 49 45.91 +21  17 01.8   568
16   2005 02 08.32352 07 38 13.46 +21  50 17.2   568
16   2005 02 08.36119 07 38 12.77 +21  50 19.4   568
16   2005 03 05.34264 07 32 27.17 +22  05 55.8   568
16   2005 03 05.37479 07 32 26.88 +22  05 56.5   568
17   2004 12 13.48120 07 48 19.02 +20  57 21.4   568
17   2004 12 13.50183 07 48 18.68 +20  57 22.7   568
17   2004 12 14.59009 07 48 01.23 +20  58 17.1   568
17   2004 12 14.61432 07 48 00.88 +20  58 18.6   568
17   2005 01 05.63598 07 41 04.86 +21  19 04.4   568
17   2005 01 05.65824 07 41 04.42 +21  19 06.2   568
17   2005 02 07.44498 07 30 04.36 +21  49 41.3   568
17   2005 02 07.46447 07 30 03.99 +21  49 42.3   568
17   2005 02 10.45278 07 29 13.42 +21  52 00.4   568
17   2005 02 10.47711 07 29 13.01 +21  52 01.6   568
17   2005 03 05.35624 07 24 33.94 +22  05 23.4   568
17   2005 03 05.38760 07 24 33.71 +22  05 23.9   568
18   2004 12 13.57545 07 46 33.50 +20  19 38.7   568
18   2004 12 13.63013 07 46 32.68 +20  19 40.7   568
18   2004 12 14.56559 07 46 17.72 +20  20 18.5   568
18   2004 12 14.58074 07 46 17.50 +20  20 19.2   568
18   2005 01 05.63042 07 39 22.12 +20  37 41.8   568
18   2005 01 05.65269 07 39 21.58 +20  37 42.8   568
18   2005 02 07.41174 07 28 26.31 +21  04 50.4   568
18   2005 02 07.42727 07 28 26.04 +21  04 51.0   568
18   2005 02 08.35050 07 28 10.31 +21  05 30.6   568
18   2005 02 08.38627 07 28 09.69 +21  05 32.0   568
18   2005 03 05.35039 07 22 58.70 +21  19 27.5   568
18   2005 03 05.38212 07 22 58.45 +21  19 28.3   568
