2009 04 26   9.9311  1  47.842  47.055  0.76   0.1231   0.0033   -0.0103   0.0020   250     
2010 08 03   6.5746  2  47.687  47.215  1.09  -0.0921   0.0020   -0.1086   0.0020   568  
2010 08 03   8.3464  2  47.687  47.216  1.09  -0.0801   0.0020   -0.1115   0.0020   568 
2010 08 31   5.3457  3  47.677  47.631  1.21  -0.13093  0.00097  -0.0017   0.0025   250
2010 09 01  13.0307  3  47.677  47.652  1.21  -0.0223   0.0013   -0.1332   0.0014   250
2010 09 27  14.1742  3  47.668  48.047  1.11  -0.0056   0.0047    0.1380   0.0017   250
2011 07 09  18.9640  3  47.571  46.795  0.80   0.0824   0.0086   -0.1117   0.0041   250
2012 04 02  12.9388  4  47.480  47.016  1.07  -0.1131   0.0030    0.0776   0.0030   568
2012 05 06  11.2338  4  47.469  46.626  0.68  -0.0503   0.0030    0.1307   0.0030   568 
2012 08 02   8.5709  4  47.439  46.931  1.07  -0.101    0.014    -0.0778   0.0062   568 
2013 04 22  11.5694  4  47.350  46.651  0.88  -0.0840   0.0030    0.098    0.0011   568
2013 07 13   6.1370  4  47.322  46.562  0.82  -0.1220   0.0033   -0.0810   0.0079   568