2016 11 07 06 48  184.9  0.684
2016 11 09 08 54    5.1  0.432
2016 11 10 08 46  182.1  0.740
2016 11 10 10 38  182.8  0.756
2016 11 14 06 40  183.7  0.776
2016 11 15 06 39  352.2  0.261
2016 11 16 07 11    4.1  0.691
2016 12 06 06 14  188.1  0.565
2017 01 12 04 56  350.2  0.824
2017 01 12 04 57  350.6  0.780
2017 01 26 03 40  322.3  0.369
2017 02 09 07 29  254.7  0.194
2017 02 09 08 01  266.5  0.200
2017 02 10 04 31  353.7  0.757
2017 02 10 07 13  356.7  0.750
2017 02 10 04 32  354.2  0.744
2017 02 10 07 14  357.1  0.721
