2453397.162 2005 01 26  1    0.03506   -0.63055   0.01394   0.01394   1    568
2453431.009 2005 03 01  1    0.29390   -1.00626   0.02291   0.02291   1    568
2453433.984 2005 03 04  1    0.33974   -1.26530   0.01992   0.01992   1    568
2453518.816 2005 05 28  1   -0.06226    0.60575   0.00996   0.00996   1    568
2453551.810 2005 06 30  1   -0.19727    0.52106   0.00498   0.00996   1    568
2453746.525 2006 01 11  1   -0.20637    0.30013   0.00256   0.00256   2    250
2453746.554 2006 01 11  1   -0.20832    0.30582   0.00257   0.00257   2    250
2454138.287 2007 02 06  1   -0.21088    0.22019   0.00252   0.00197   3    250
2454138.304 2007 02 06  1   -0.21132    0.22145   0.00095   0.00204   3    250
2454138.351 2007 02 06  1   -0.21515    0.23185   0.00301   0.00206   3    250
2454138.368 2007 02 06  1   -0.21402    0.23314   0.00192   0.00230   3    250
2454138.418 2007 02 06  1   -0.21705    0.24202   0.00103   0.00282   3    250
2454138.435 2007 02 06  1   -0.21449    0.24450   0.00323   0.00254   3    250
2454138.484 2007 02 06  1   -0.21818    0.25301   0.00153   0.00224   3    250
2454138.501 2007 02 07  1   -0.21807    0.25639   0.00310   0.00291   3    250
2454138.551 2007 02 07  1   -0.22173    0.26308   0.00146   0.00230   3    250
2454138.567 2007 02 07  1   -0.21978    0.26791   0.00202   0.00226   3    250
2454469.653 2008 01 04  1    0.23786   -1.27383   0.00404   0.00824   3    250
2454552.897 2008 03 27  1    0.19974   -0.10941   0.00930   0.00956   1    568
2454556.929 2008 03 31  1    0.32988   -0.77111   0.00455   0.00557   1    568
2454556.948 2008 03 31  1    0.33367   -0.77427   0.00890   0.00753   1    568
2454556.964 2008 03 31  1    0.33267   -0.77874   0.00676   0.00485   1    568
2454557.004 2008 03 31  1    0.33543   -0.78372   0.00404   0.00592   1    568
2454557.020 2008 03 31  1    0.33491   -0.78368   0.00374   0.00473   1    568
2454557.039 2008 03 31  1    0.33712   -0.78464   0.00740   0.00936   1    568
2454557.058 2008 03 31  1    0.33549   -0.78692   0.00868   0.00852   1    568
2454557.074 2008 03 31  1    0.33128   -0.78867   0.01431   0.01411   1    568
2454557.091 2008 03 31  1    0.33687   -0.79462   0.00803   0.00717   1    568
2454593.726 2008 05 07  1   -0.18297    1.08994   0.00354   0.00425   4    250
2454600.192 2008 05 13  1    0.10847    0.17074   0.00508   0.00427   3    250
2454601.990 2008 05 15  1    0.18374   -0.13041   0.00729   0.00504   3    250
2454603.788 2008 05 17  1    0.24918   -0.43962   0.00207   0.00574   3    250
2454605.788 2008 05 19  1    0.29818   -0.75412   0.00467   0.00966   3    250
2453431.009 2005 03 01  2    0.00992    0.52801   0.02986   0.02986   1    568
2453551.810 2005 06 30  2   -0.03988   -0.65739   0.03978   0.03978   1    568
2453746.525 2006 01 11  2    0.04134   -0.18746   0.00267   0.00267   2    250
2453746.554 2006 01 11  2    0.03867   -0.19174   0.00267   0.00267   2    250
2454138.287 2007 02 06  2   -0.02627   -0.57004   0.00702   0.00351   3    250
2454138.304 2007 02 06  2   -0.03107   -0.56624   0.00210   0.00782   3    250
2454138.351 2007 02 06  2   -0.03009   -0.55811   0.00527   0.00564   3    250
2454138.368 2007 02 06  2   -0.03133   -0.56000   0.00482   0.00663   3    250
2454138.418 2007 02 06  2   -0.03134   -0.54559   0.00385   0.00376   3    250
2454138.435 2007 02 06  2   -0.02791   -0.54794   0.00571   0.00524   3    250
2454138.484 2007 02 06  2   -0.02972   -0.53385   0.00797   0.01330   3    250
2454138.501 2007 02 07  2   -0.03226   -0.53727   0.00531   0.00400   3    250
2454138.551 2007 02 07  2   -0.03429   -0.53079   0.00497   0.00582   3    250
2454138.567 2007 02 07  2   -0.03576   -0.52712   0.00270   0.00479   3    250
2454469.653 2008 01 04  2   -0.02399   -0.28555   0.00670   0.00831   3    250
2454556.929 2008 03 31  2    0.00439   -0.76848   0.01239   0.01280   1    568
2454556.948 2008 03 31  2    0.01363   -0.76500   0.01976   0.01252   1    568
2454556.964 2008 03 31  2    0.00576   -0.77375   0.01212   0.01283   1    568
2454557.004 2008 03 31  2    0.00854   -0.77313   0.01199   0.00897   1    568
2454557.020 2008 03 31  2    0.00075   -0.76974   0.00907   0.01015   1    568
2454557.039 2008 03 31  2    0.00988   -0.77084   0.01793   0.01543   1    568
2454557.058 2008 03 31  2    0.01533   -0.76117   0.00765   0.01571   1    568
2454557.074 2008 03 31  2    0.00645   -0.76297   0.01639   0.01390   1    568
2454557.091 2008 03 31  2    0.00708   -0.76986   0.01532   0.00787   1    568
2454593.726 2008 05 07  2    0.00243   -0.75878   0.00576   0.00761   4    250
2454600.192 2008 05 13  2   -0.02325    0.19934   0.00480   0.01161   3    250
2454601.990 2008 05 15  2   -0.02293    0.50217   0.00618   0.00614   3    250
2454603.788 2008 05 17  2   -0.01174    0.59613   0.00366   0.00485   3    250
2454605.788 2008 05 19  2    0.00006    0.29915   0.00425   0.00613   3    250
