1  2457000.56407    298.0  4.3   567.0  4.3   640  4.3    7.52  0.2   6.24
1  2457000.56446    297.0  4.3   567.0  4.3   640  4.3    7.56  0.2   6.12
1  2457000.56485    297.0  4.3   567.0  4.3   639  4.3    7.62  0.2   5.95
1  2457000.56525    296.0  4.3   566.0  4.3   639  4.3    7.60  0.2   6.01
1  2457000.56564    295.0  4.3   566.0  4.3   639  4.3    7.66  0.2   5.85
1  2457000.56609    295.0  4.3   566.0  4.3   639  4.3    7.65  0.2   5.87
1  2457000.56648    294.0  4.3   566.0  4.3   638  4.3    7.65  0.2   5.87
1  2457000.56688    294.0  4.3   566.0  4.3   638  4.3    7.66  0.2   5.85
1  2457000.56727    293.0  4.3   566.0  4.3   638  4.3    7.67  0.2   5.82
1  2457000.56766    293.0  4.3   566.0  4.3   637  4.3    7.66  0.2   5.85
1  2457000.56814    292.0  4.3   566.0  4.3   637  4.3    7.66  0.2   5.85
1  2457000.56853    292.0  4.3   566.0  4.3   637  4.3    7.67  0.2   5.82
1  2457000.56893    291.0  4.3   566.0  4.3   637  4.3    7.64  0.2   5.90
1  2457000.56932    291.0  4.3   566.0  4.3   636  4.3    7.66  0.2   5.85
1  2457000.56971    290.0  4.3   566.0  4.3   636  4.3    7.68  0.2   5.79
1  2457000.57016    290.0  4.3   566.0  4.3   636  4.3    7.65  0.2   5.87
1  2457000.57056    289.0  4.3   566.0  4.3   635  4.3    7.66  0.2   5.85
1  2457000.57095    288.0  4.3   566.0  4.3   635  4.3    7.68  0.2   5.79
1  2457000.57134    288.0  4.3   566.0  4.3   635  4.3    7.66  0.2   5.85
1  2457000.57174    287.0  4.3   566.0  4.3   635  4.3    7.65  0.2   5.87
1  2457000.57219    287.0  4.3   566.0  4.3   634  4.3    7.67  0.2   5.82
1  2457000.57258    286.0  4.3   566.0  4.3   634  4.3    7.63  0.2   5.93
1  2457000.57297    286.0  4.3   566.0  4.3   634  4.3    7.63  0.2   5.93
1  2457000.57337    285.0  4.3   565.0  4.3   633  4.3    7.63  0.2   5.93
1  2457000.57376    285.0  4.3   565.0  4.3   633  4.3    7.59  0.2   6.04
1  2457000.57422    284.0  4.3   565.0  4.3   633  4.3    7.57  0.2   6.09
1  2457000.57461    284.0  4.3   565.0  4.3   632  4.3    7.66  0.2   5.85
1  2457000.57500    283.0  4.3   565.0  4.3   632  4.3    7.61  0.2   5.98
1  2457000.57540    283.0  4.3   565.0  4.3   632  4.3    7.59  0.2   6.04
1  2457000.57579    282.0  4.3   565.0  4.3   632  4.3    7.60  0.2   6.01
1  2457000.57624    281.0  4.3   565.0  4.3   631  4.3    7.59  0.2   6.04
1  2457000.57663    281.0  4.3   565.0  4.3   631  4.3    7.60  0.2   6.01
1  2457000.57703    280.0  4.3   565.0  4.3   631  4.3    7.60  0.2   6.01
1  2457000.57742    280.0  4.3   565.0  4.3   630  4.3    7.59  0.2   6.04
1  2457000.57781    279.0  4.3   565.0  4.3   630  4.3    7.55  0.2   6.15
1  2457000.57826    279.0  4.3   565.0  4.3   630  4.3    7.59  0.2   6.04
1  2457000.57865    278.0  4.3   565.0  4.3   630  4.3    7.56  0.2   6.12
1  2457000.57904    278.0  4.3   565.0  4.3   629  4.3    7.58  0.2   6.07
1  2457000.57944    277.0  4.3   565.0  4.3   629  4.3    7.58  0.2   6.07
1  2457000.57983    277.0  4.3   565.0  4.3   629  4.3    7.56  0.2   6.12
1  2457000.58029    276.0  4.3   564.0  4.3   628  4.3    7.58  0.2   6.07
1  2457000.58068    276.0  4.3   564.0  4.3   628  4.3    7.53  0.2   6.21
1  2457000.58107    275.0  4.3   564.0  4.3   628  4.3    7.56  0.2   6.12
1  2457000.58147    275.0  4.3   564.0  4.3   628  4.3    7.55  0.2   6.15
1  2457000.58186    274.0  4.3   564.0  4.3   627  4.3    7.55  0.2   6.15
1  2457000.58232    274.0  4.3   564.0  4.3   627  4.3    7.58  0.2   6.07
1  2457000.58271    273.0  4.3   564.0  4.3   627  4.3    7.53  0.2   6.21
1  2457000.58310    272.0  4.3   564.0  4.3   626  4.3    7.54  0.2   6.18
1  2457000.58350    272.0  4.3   564.0  4.3   626  4.3    7.51  0.2   6.26
1  2457000.58389    271.0  4.3   564.0  4.3   626  4.3    7.54  0.2   6.18
1  2457021.54396    473.0  4.4   472.0  4.4   668  4.4    7.52  0.2   6.24
1  2457021.54435    473.0  4.4   472.0  4.4   668  4.4    7.49  0.2   6.32
1  2457021.54475    472.0  4.4   472.0  4.4   667  4.4    7.50  0.2   6.29
1  2457021.54514    471.0  4.4   472.0  4.4   667  4.4    7.52  0.2   6.24
1  2457021.54553    470.0  4.4   472.0  4.4   666  4.4    7.53  0.2   6.21
1  2457021.54592    470.0  4.4   472.0  4.4   666  4.4    7.49  0.2   6.32
1  2457021.54632    469.0  4.4   472.0  4.4   665  4.4    7.49  0.2   6.32
1  2457021.54671    468.0  4.4   472.0  4.4   665  4.4    7.51  0.2   6.26
1  2457021.54710    467.0  4.4   472.0  4.4   664  4.4    7.53  0.2   6.21
1  2457021.54749    467.0  4.4   472.0  4.4   664  4.4    7.52  0.2   6.24
1  2457021.55448    466.0  4.4   472.0  4.4   663  4.4    7.52  0.2   6.24
1  2457021.55488    465.0  4.4   472.0  4.4   663  4.4    7.49  0.2   6.32
1  2457021.55527    464.0  4.4   472.0  4.4   662  4.4    7.54  0.2   6.18
1  2457021.55566    464.0  4.4   473.0  4.4   662  4.4    7.52  0.2   6.24
1  2457021.55605    463.0  4.4   473.0  4.4   661  4.4    7.51  0.2   6.26
1  2457021.55645    462.0  4.4   473.0  4.4   661  4.4    7.47  0.2   6.38
1  2457021.55684    461.0  4.4   473.0  4.4   660  4.4    7.48  0.2   6.35
1  2457021.55723    460.0  4.4   473.0  4.4   660  4.4    7.53  0.2   6.21
1  2457021.55762    460.0  4.4   473.0  4.4   660  4.4    7.44  0.2   6.47
1  2457021.55802    459.0  4.4   473.0  4.4   659  4.4    7.48  0.2   6.35
1  2457021.56081    458.0  4.4   473.0  4.4   659  4.4    7.51  0.2   6.26
1  2457021.56120    457.0  4.4   473.0  4.4   658  4.4    7.48  0.2   6.35
1  2457021.56159    457.0  4.4   473.0  4.4   658  4.4    7.49  0.2   6.32
1  2457021.56198    456.0  4.4   473.0  4.4   657  4.4    7.44  0.2   6.47
1  2457021.56238    455.0  4.4   473.0  4.4   657  4.4    7.51  0.2   6.26
1  2457021.56277    454.0  4.4   473.0  4.4   656  4.4    7.48  0.2   6.35
1  2457021.56316    454.0  4.4   473.0  4.4   656  4.4    7.50  0.2   6.29
1  2457021.56355    453.0  4.4   473.0  4.4   655  4.4    7.46  0.2   6.41
1  2457021.56395    452.0  4.4   473.0  4.4   655  4.4    7.48  0.2   6.35
1  2457021.56434    451.0  4.4   473.0  4.4   654  4.4    7.51  0.2   6.26
1  2457021.56709    451.0  4.4   474.0  4.4   654  4.4    7.54  0.2   6.18
1  2457021.56748    450.0  4.4   474.0  4.4   653  4.4    7.52  0.2   6.24
1  2457021.56788    449.0  4.4   474.0  4.4   653  4.4    7.49  0.2   6.32
1  2457021.56827    448.0  4.4   474.0  4.4   652  4.4    7.48  0.2   6.35
1  2457021.56866    448.0  4.4   474.0  4.4   652  4.4    7.49  0.2   6.32
1  2457021.56905    447.0  4.4   474.0  4.4   651  4.4    7.48  0.2   6.35
1  2457021.56945    446.0  4.4   474.0  4.4   651  4.4    7.51  0.2   6.26
1  2457021.56984    445.0  4.4   474.0  4.4   650  4.4    7.50  0.2   6.29
1  2457021.57023    445.0  4.4   474.0  4.4   650  4.4    7.48  0.2   6.35
1  2457021.57062    444.0  4.4   474.0  4.4   649  4.4    7.48  0.2   6.35
1  2457021.68937    309.0  4.4   478.0  4.4   569  4.4    7.71  0.2   5.71
1  2457021.68976    309.0  4.4   478.0  4.4   569  4.4    7.66  0.2   5.85
1  2457021.69016    308.0  4.4   478.0  4.4   568  4.4    7.58  0.2   6.07
1  2457021.69055    307.0  4.4   478.0  4.4   568  4.4    7.59  0.2   6.04
1  2457021.69094    307.0  4.4   478.0  4.4   568  4.4    7.53  0.2   6.21
1  2457021.69133    306.0  4.4   478.0  4.4   567  4.4    7.57  0.2   6.09
1  2457021.69173    305.0  4.4   477.0  4.4   567  4.4    7.57  0.2   6.09
1  2457021.69212    305.0  4.4   477.0  4.4   566  4.4    7.58  0.2   6.07
1  2457021.69251    304.0  4.4   477.0  4.4   566  4.4    7.57  0.2   6.09
1  2457021.69290    303.0  4.4   477.0  4.4   566  4.4    7.46  0.2   6.41
1  2457021.69563    303.0  4.4   477.0  4.4   565  4.4    7.56  0.2   6.12
1  2457021.69602    302.0  4.4   477.0  4.4   565  4.4    7.53  0.2   6.21
1  2457021.69642    301.0  4.4   477.0  4.4   564  4.4    7.52  0.2   6.24
1  2457021.69681    301.0  4.4   477.0  4.4   564  4.4    7.46  0.2   6.41
1  2457021.69720    300.0  4.4   477.0  4.4   564  4.4    7.52  0.2   6.24
1  2457021.69759    300.0  4.4   477.0  4.4   563  4.4    7.49  0.2   6.32
1  2457021.69799    299.0  4.4   477.0  4.4   563  4.4    7.44  0.2   6.47
1  2457021.69838    298.0  4.4   477.0  4.4   562  4.4    7.48  0.2   6.35
1  2457021.69877    298.0  4.4   477.0  4.4   562  4.4    7.46  0.2   6.41
1  2457021.69916    297.0  4.4   477.0  4.4   561  4.4    7.73  0.2   5.66
1  2457021.70188    296.0  4.4   476.0  4.4   561  4.4    7.66  0.2   5.85
1  2457021.70228    296.0  4.4   476.0  4.4   561  4.4    7.58  0.2   6.07
1  2457021.70267    295.0  4.4   476.0  4.4   560  4.4    7.60  0.2   6.01
1  2457021.70306    294.0  4.4   476.0  4.4   560  4.4    7.53  0.2   6.21
1  2457021.70345    294.0  4.4   476.0  4.4   559  4.4    7.57  0.2   6.09
1  2457021.70385    293.0  4.4   476.0  4.4   559  4.4    7.57  0.2   6.09
1  2457021.70424    292.0  4.4   476.0  4.4   559  4.4    7.56  0.2   6.12
1  2457021.70463    292.0  4.4   476.0  4.4   558  4.4    7.57  0.2   6.09
1  2457021.70502    291.0  4.4   476.0  4.4   558  4.4    7.49  0.2   6.32
1  2457021.70541    291.0  4.4   476.0  4.4   557  4.4    7.56  0.2   6.12
1  2457022.65498   -688.0  4.4    99.0  4.4   695  4.4    7.67  0.2   5.82
1  2457022.65537   -688.0  4.4    99.0  4.4   695  4.4    7.72  0.2   5.69
1  2457022.65576   -688.0  4.4    98.0  4.4   695  4.4    7.67  0.2   5.82
1  2457022.65615   -689.0  4.4    98.0  4.4   696  4.4    7.71  0.2   5.71
1  2457022.65655   -689.0  4.4    98.0  4.4   696  4.4    7.71  0.2   5.71
1  2457022.65694   -689.0  4.4    97.0  4.4   696  4.4    7.70  0.2   5.74
1  2457022.65733   -689.0  4.4    97.0  4.4   696  4.4    7.74  0.2   5.63
1  2457022.65772   -690.0  4.4    96.0  4.4   696  4.4    7.74  0.2   5.63
1  2457022.65812   -690.0  4.4    96.0  4.4   697  4.4    7.65  0.2   5.87
1  2457022.65851   -690.0  4.4    95.0  4.4   697  4.4    7.73  0.2   5.66
1  2457022.66125   -691.0  4.4    95.0  4.4   697  4.4    7.66  0.2   5.85
1  2457022.66164   -691.0  4.4    94.0  4.4   697  4.4    7.58  0.2   6.07
1  2457022.66204   -691.0  4.4    94.0  4.4   698  4.4    7.60  0.2   6.01
1  2457022.66243   -692.0  4.4    94.0  4.4   698  4.4    7.53  0.2   6.21
1  2457022.66282   -692.0  4.4    93.0  4.4   698  4.4    7.57  0.2   6.09
1  2457022.66321   -692.0  4.4    93.0  4.4   698  4.4    7.57  0.2   6.09
1  2457022.66361   -693.0  4.4    92.0  4.4   699  4.4    7.58  0.2   6.07
1  2457022.66400   -693.0  4.4    92.0  4.4   699  4.4    7.57  0.2   6.09
1  2457022.66439   -693.0  4.4    91.0  4.4   699  4.4    7.49  0.2   6.32
1  2457022.66478   -693.0  4.4    91.0  4.4   699  4.4    7.56  0.2   6.12
1  2457022.66750   -694.0  4.4    90.0  4.4   700  4.4    7.53  0.2   6.21
1  2457022.66789   -694.0  4.4    90.0  4.4   700  4.4    7.52  0.2   6.24
1  2457022.66828   -694.0  4.4    89.0  4.4   700  4.4    7.46  0.2   6.41
1  2457022.66867   -695.0  4.4    89.0  4.4   700  4.4    7.52  0.2   6.24
1  2457022.66907   -695.0  4.4    88.0  4.4   701  4.4    7.49  0.2   6.32
1  2457022.66946   -695.0  4.4    88.0  4.4   701  4.4    7.42  0.2   6.53
1  2457022.66985   -696.0  4.4    88.0  4.4   701  4.4    7.48  0.2   6.35
1  2457022.67024   -696.0  4.4    87.0  4.4   701  4.4    7.46  0.2   6.41
1  2457022.67064   -696.0  4.4    87.0  4.4   702  4.4    7.48  0.2   6.35
1  2457022.67103   -696.0  4.4    86.0  4.4   702  4.4    7.48  0.2   6.35
2  2457000.56407    356.3  4.3     8.7  4.3   356  4.3    9.76  0.3   2.22
2  2457000.56446    356.5  4.3     9.2  4.3   357  4.3    9.82  0.3   2.16
2  2457000.56485    356.6  4.3     9.8  4.3   357  4.3    9.98  0.3   2.01
2  2457000.56525    356.8  4.3    10.3  4.3   357  4.3    9.80  0.3   2.18
2  2457000.56564    357.0  4.3    10.9  4.3   357  4.3   10.12  0.3   1.88
2  2457000.56609    357.2  4.3    11.4  4.3   357  4.3   10.00  0.3   1.99
2  2457000.56648    357.4  4.3    12.0  4.3   358  4.3   10.03  0.3   1.96
2  2457000.56688    357.6  4.3    12.5  4.3   358  4.3   10.32  0.3   1.72
2  2457000.56727    357.8  4.3    13.1  4.3   358  4.3   10.07  0.3   1.93
2  2457000.56766    358.0  4.3    13.6  4.3   358  4.3    9.97  0.3   2.02
2  2457000.56814    358.2  4.3    14.2  4.3   359  4.3   10.06  0.3   1.94
2  2457000.56853    358.4  4.3    14.8  4.3   359  4.3   10.02  0.3   1.97
2  2457000.56893    358.6  4.3    15.3  4.3   359  4.3    9.96  0.3   2.03
2  2457000.56932    358.7  4.3    15.9  4.3   359  4.3    9.86  0.3   2.12
2  2457000.56971    358.9  4.3    16.4  4.3   359  4.3    9.93  0.3   2.06
2  2457000.57016    359.1  4.3    17.0  4.3   360  4.3    9.97  0.3   2.02
2  2457000.57056    359.3  4.3    17.5  4.3   360  4.3   10.12  0.3   1.88
2  2457000.57095    359.5  4.3    18.1  4.3   360  4.3   10.06  0.3   1.94
2  2457000.57134    359.7  4.3    18.6  4.3   360  4.3    9.99  0.3   2.00
2  2457000.57174    359.8  4.3    19.2  4.3   360  4.3   10.06  0.3   1.94
2  2457000.57219    360.0  4.3    19.8  4.3   361  4.3    9.96  0.3   2.03
2  2457000.57258    360.2  4.3    20.3  4.3   361  4.3   10.24  0.3   1.78
2  2457000.57297    360.4  4.3    20.9  4.3   361  4.3   10.03  0.3   1.96
2  2457000.57337    360.5  4.3    21.4  4.3   361  4.3   10.10  0.3   1.90
2  2457000.57376    360.7  4.3    22.0  4.3   361  4.3   10.10  0.3   1.90
2  2457000.57422    360.9  4.3    22.6  4.3   362  4.3   10.03  0.3   1.96
2  2457000.57461    361.1  4.3    23.1  4.3   362  4.3   10.21  0.3   1.81
2  2457000.57500    361.2  4.3    23.7  4.3   362  4.3    9.98  0.3   2.01
2  2457000.57540    361.4  4.3    24.2  4.3   362  4.3    9.93  0.3   2.06
2  2457000.57579    361.6  4.3    24.8  4.3   362  4.3   10.05  0.3   1.94
2  2457000.57624    361.8  4.3    25.4  4.3   363  4.3   10.17  0.3   1.84
2  2457000.57663    361.9  4.3    25.9  4.3   363  4.3   10.01  0.3   1.98
2  2457000.57703    362.1  4.3    26.5  4.3   363  4.3    9.95  0.3   2.04
2  2457000.57742    362.3  4.3    27.1  4.3   363  4.3   10.23  0.3   1.79
2  2457000.57781    362.4  4.3    27.6  4.3   364  4.3   10.07  0.3   1.93
2  2457000.57826    362.6  4.3    28.2  4.3   364  4.3   10.13  0.3   1.87
2  2457000.57865    362.8  4.3    28.8  4.3   364  4.3   10.10  0.3   1.90
2  2457000.57904    362.9  4.3    29.3  4.3   364  4.3   10.12  0.3   1.88
2  2457000.57944    363.1  4.3    29.9  4.3   364  4.3    9.97  0.3   2.02
2  2457000.57983    363.3  4.3    30.5  4.3   365  4.3   10.00  0.3   1.99
2  2457000.58029    363.4  4.3    31.1  4.3   365  4.3    9.88  0.3   2.10
2  2457000.58068    363.6  4.3    31.6  4.3   365  4.3   10.00  0.3   1.99
2  2457000.58107    363.8  4.3    32.2  4.3   365  4.3    9.96  0.3   2.03
2  2457000.58147    363.9  4.3    32.8  4.3   365  4.3    9.77  0.3   2.21
2  2457000.58186    364.1  4.3    33.3  4.3   366  4.3   10.01  0.3   1.98
2  2457000.58232    364.2  4.3    33.9  4.3   366  4.3   10.02  0.3   1.97
2  2457000.58271    364.4  4.3    34.5  4.3   366  4.3   10.17  0.3   1.84
2  2457000.58310    364.5  4.3    35.1  4.3   366  4.3   10.03  0.3   1.96
2  2457000.58350    364.7  4.3    35.6  4.3   366  4.3   10.11  0.3   1.89
2  2457000.58389    364.8  4.3    36.2  4.3   367  4.3    9.94  0.3   2.05
2  2457021.54396   -317.9  4.5  -112.2  4.5   337  4.5    9.82  0.4   2.16
2  2457021.54435   -317.5  4.5  -113.1  4.5   337  4.5   10.31  0.4   1.73
2  2457021.54475   -317.2  4.5  -113.9  4.5   337  4.5   10.24  0.4   1.78
2  2457021.54514   -316.8  4.5  -114.8  4.5   337  4.5   10.06  0.4   1.94
2  2457021.54553   -316.4  4.5  -115.6  4.5   337  4.5   10.06  0.4   1.94
2  2457021.54592   -316.1  4.5  -116.5  4.5   337  4.5   10.17  0.4   1.84
2  2457021.54632   -315.7  4.5  -117.3  4.5   337  4.5   10.17  0.4   1.84
2  2457021.54671   -315.3  4.5  -118.1  4.5   337  4.5   10.09  0.4   1.91
2  2457021.54710   -315.0  4.5  -119.0  4.5   337  4.5   10.06  0.4   1.94
2  2457021.54749   -314.6  4.5  -119.8  4.5   337  4.5   10.15  0.4   1.86
2  2457021.55448   -314.2  4.5  -120.6  4.5   337  4.5   10.36  0.4   1.69
2  2457021.55488   -313.8  4.5  -121.5  4.5   337  4.5   10.07  0.4   1.93
2  2457021.55527   -313.4  4.5  -122.3  4.5   336  4.5   10.38  0.4   1.67
2  2457021.55566   -313.1  4.5  -123.1  4.5   336  4.5    9.99  0.4   2.00
2  2457021.55605   -312.7  4.5  -124.0  4.5   336  4.5   10.07  0.4   1.93
2  2457021.55645   -312.3  4.5  -124.8  4.5   336  4.5   10.14  0.4   1.87
2  2457021.55684   -311.9  4.5  -125.6  4.5   336  4.5    9.94  0.4   2.05
2  2457021.55723   -311.5  4.5  -126.4  4.5   336  4.5   10.35  0.4   1.69
2  2457021.55762   -311.1  4.5  -127.3  4.5   336  4.5   10.24  0.4   1.78
2  2457021.55802   -310.7  4.5  -128.1  4.5   336  4.5   10.19  0.4   1.82
2  2457021.56081   -310.3  4.5  -128.9  4.5   336  4.5   10.14  0.4   1.87
2  2457021.56120   -309.9  4.5  -129.7  4.5   336  4.5   10.38  0.4   1.67
2  2457021.56159   -309.5  4.5  -130.5  4.5   336  4.5   10.04  0.4   1.95
2  2457021.56198   -309.1  4.5  -131.4  4.5   336  4.5   10.13  0.4   1.87
2  2457021.56238   -308.7  4.5  -132.2  4.5   336  4.5   10.10  0.4   1.90
2  2457021.56277   -308.3  4.5  -133.0  4.5   336  4.5   10.31  0.4   1.73
2  2457021.56316   -307.9  4.5  -133.8  4.5   336  4.5   10.04  0.4   1.95
2  2457021.56355   -307.4  4.5  -134.6  4.5   336  4.5   10.13  0.4   1.87
2  2457021.56395   -307.0  4.5  -135.4  4.5   336  4.5    9.89  0.4   2.09
2  2457021.56434   -306.6  4.5  -136.2  4.5   336  4.5    9.93  0.4   2.06
2  2457021.56709   -306.2  4.5  -137.1  4.5   335  4.5    9.86  0.4   2.12
2  2457021.56748   -305.8  4.5  -137.9  4.5   335  4.5   10.03  0.4   1.96
2  2457021.56788   -305.3  4.5  -138.7  4.5   335  4.5    9.72  0.4   2.26
2  2457021.56827   -304.9  4.5  -139.5  4.5   335  4.5    9.65  0.4   2.34
2  2457021.56866   -304.5  4.5  -140.3  4.5   335  4.5    9.64  0.4   2.35
2  2457021.56905   -304.1  4.5  -141.1  4.5   335  4.5    9.62  0.4   2.37
2  2457021.56945   -303.6  4.5  -141.9  4.5   335  4.5    9.84  0.4   2.14
2  2457021.56984   -303.2  4.5  -142.7  4.5   335  4.5    9.77  0.4   2.21
2  2457021.57023   -302.7  4.5  -143.5  4.5   335  4.5    9.77  0.4   2.21
2  2457021.57062   -302.3  4.5  -144.3  4.5   335  4.5    9.79  0.4   2.19
2  2457022.65498   -314.1  5.2   -37.8  5.2   316  5.2   10.44  0.4   1.62
2  2457022.65537   -314.2  5.2   -38.3  5.2   317  5.2   10.43  0.4   1.63
2  2457022.65576   -314.4  5.2   -38.7  5.2   317  5.2   10.39  0.4   1.66
2  2457022.65615   -314.6  5.2   -39.2  5.2   317  5.2   10.33  0.4   1.71
2  2457022.65655   -314.8  5.2   -39.7  5.2   317  5.2   10.19  0.4   1.82
2  2457022.65694   -315.0  5.2   -40.2  5.2   318  5.2   10.00  0.4   1.99
2  2457022.65733   -315.2  5.2   -40.7  5.2   318  5.2   10.26  0.4   1.77
2  2457022.65772   -315.3  5.2   -41.2  5.2   318  5.2   10.11  0.4   1.89
2  2457022.65812   -315.5  5.2   -41.6  5.2   318  5.2   10.64  0.4   1.48
2  2457022.65851   -315.7  5.2   -42.1  5.2   318  5.2   10.13  0.4   1.87
2  2457022.66125   -315.9  5.2   -42.6  5.2   319  5.2    9.86  0.4   2.12
2  2457022.66164   -316.0  5.2   -43.1  5.2   319  5.2    9.95  0.4   2.04
2  2457022.66204   -316.2  5.2   -43.6  5.2   319  5.2    9.96  0.4   2.03
2  2457022.66243   -316.4  5.2   -44.1  5.2   319  5.2    9.85  0.4   2.13
2  2457022.66282   -316.6  5.2   -44.6  5.2   320  5.2   10.09  0.4   1.91
2  2457022.66321   -316.7  5.2   -45.1  5.2   320  5.2   10.05  0.4   1.94
2  2457022.66361   -316.9  5.2   -45.6  5.2   320  5.2   10.02  0.4   1.97
2  2457022.66400   -317.1  5.2   -46.0  5.2   320  5.2    9.93  0.4   2.06
2  2457022.66439   -317.3  5.2   -46.5  5.2   321  5.2    9.95  0.4   2.04
2  2457022.66478   -317.4  5.2   -47.0  5.2   321  5.2   10.02  0.4   1.97
2  2457022.66750   -317.6  5.2   -47.5  5.2   321  5.2   10.17  0.4   1.84
2  2457022.66789   -317.8  5.2   -48.0  5.2   321  5.2   10.47  0.4   1.60
2  2457022.66828   -317.9  5.2   -48.5  5.2   322  5.2    9.95  0.4   2.04
2  2457022.66867   -318.1  5.2   -49.0  5.2   322  5.2   10.49  0.4   1.59
2  2457022.66907   -318.3  5.2   -49.5  5.2   322  5.2    9.94  0.4   2.05
2  2457022.66946   -318.4  5.2   -50.0  5.2   322  5.2   10.03  0.4   1.96
2  2457022.66985   -318.6  5.2   -50.5  5.2   323  5.2   10.11  0.4   1.89
2  2457022.67024   -318.8  5.2   -51.0  5.2   323  5.2   10.05  0.4   1.94
2  2457022.67064   -318.9  5.2   -51.5  5.2   323  5.2   10.27  0.4   1.76
2  2457022.67103   -319.1  5.2   -52.0  5.2   323  5.2    9.71  0.4   2.27
3  2457000.56407     55.8  6.0  -253.4  6.0   259  6.0   10.26  0.5   1.77
3  2457000.56446     56.4  6.0  -253.2  6.0   259  6.0   10.45  0.5   1.62
3  2457000.56485     57.0  6.0  -253.0  6.0   259  6.0   10.69  0.5   1.45
3  2457000.56525     57.6  6.0  -252.9  6.0   259  6.0   10.39  0.5   1.66
3  2457000.56564     58.2  6.0  -252.7  6.0   259  6.0   10.66  0.5   1.47
3  2457000.56609     58.8  6.0  -252.5  6.0   259  6.0   10.56  0.5   1.54
3  2457000.56648     59.4  6.0  -252.3  6.0   259  6.0   10.36  0.5   1.69
3  2457000.56688     60.0  6.0  -252.1  6.0   259  6.0   10.43  0.5   1.63
3  2457000.56727     60.7  6.0  -251.9  6.0   259  6.0   10.60  0.5   1.51
3  2457000.56766     61.3  6.0  -251.7  6.0   259  6.0   10.41  0.5   1.65
3  2457000.56814     61.8  6.0  -251.5  6.0   259  6.0   10.54  0.5   1.55
3  2457000.56853     62.4  6.0  -251.3  6.0   259  6.0   10.65  0.5   1.48
3  2457000.56893     63.0  6.0  -251.1  6.0   259  6.0   10.39  0.5   1.66
3  2457000.56932     63.6  6.0  -250.9  6.0   259  6.0   10.39  0.5   1.66
3  2457000.56971     64.2  6.0  -250.7  6.0   259  6.0    9.80  0.5   2.18
3  2457000.57016     64.8  6.0  -250.5  6.0   259  6.0   10.64  0.5   1.48
3  2457000.57056     65.4  6.0  -250.3  6.0   259  6.0   10.54  0.5   1.55
3  2457000.57095     66.0  6.0  -250.1  6.0   259  6.0   10.76  0.5   1.40
3  2457000.57134     66.6  6.0  -249.9  6.0   259  6.0   10.64  0.5   1.48
3  2457000.57174     67.2  6.0  -249.7  6.0   259  6.0   10.75  0.5   1.41
3  2457000.57219     67.8  6.0  -249.5  6.0   259  6.0   10.41  0.5   1.65
3  2457000.57258     68.4  6.0  -249.2  6.0   258  6.0   10.56  0.5   1.54
3  2457000.57297     69.0  6.0  -249.0  6.0   258  6.0   10.27  0.5   1.76
3  2457000.57337     69.6  6.0  -248.8  6.0   258  6.0   10.52  0.5   1.57
3  2457000.57376     70.2  6.0  -248.6  6.0   258  6.0   10.61  0.5   1.50
3  2457000.57422     70.8  6.0  -248.4  6.0   258  6.0   10.43  0.5   1.63
3  2457000.57461     71.4  6.0  -248.2  6.0   258  6.0   10.48  0.5   1.60
3  2457000.57500     72.0  6.0  -247.9  6.0   258  6.0   10.40  0.5   1.66
3  2457000.57540     72.5  6.0  -247.7  6.0   258  6.0   10.37  0.5   1.68
3  2457000.57579     73.1  6.0  -247.5  6.0   258  6.0   10.46  0.5   1.61
3  2457000.57624     73.7  6.0  -247.3  6.0   258  6.0   10.51  0.5   1.57
3  2457000.57663     74.3  6.0  -247.0  6.0   258  6.0   10.28  0.5   1.75
3  2457000.57703     74.9  6.0  -246.8  6.0   258  6.0   10.56  0.5   1.54
3  2457000.57742     75.5  6.0  -246.6  6.0   258  6.0   10.47  0.5   1.60
3  2457000.57781     76.1  6.0  -246.3  6.0   258  6.0   10.33  0.5   1.71
3  2457000.57826     76.6  6.0  -246.1  6.0   258  6.0   10.64  0.5   1.48
3  2457000.57865     77.2  6.0  -245.9  6.0   258  6.0   10.39  0.5   1.66
3  2457000.57904     77.8  6.0  -245.6  6.0   258  6.0   10.67  0.5   1.46
3  2457000.57944     78.4  6.0  -245.4  6.0   258  6.0   10.54  0.5   1.55
3  2457000.57983     79.0  6.0  -245.2  6.0   258  6.0   10.41  0.5   1.65
3  2457000.58029     79.5  6.0  -244.9  6.0   258  6.0   10.20  0.5   1.81
3  2457000.58068     80.1  6.0  -244.7  6.0   257  6.0   10.49  0.5   1.59
3  2457000.58107     80.7  6.0  -244.5  6.0   257  6.0   10.76  0.5   1.40
3  2457000.58147     81.3  6.0  -244.2  6.0   257  6.0   11.07  0.5   1.22
3  2457000.58186     81.9  6.0  -244.0  6.0   257  6.0   10.59  0.5   1.52
3  2457000.58232     82.4  6.0  -243.7  6.0   257  6.0   10.61  0.5   1.50
3  2457000.58271     83.0  6.0  -243.5  6.0   257  6.0   10.48  0.5   1.60
3  2457000.58310     83.6  6.0  -243.2  6.0   257  6.0   10.86  0.5   1.34
3  2457000.58350     84.2  6.0  -243.0  6.0   257  6.0   10.59  0.5   1.52
3  2457000.58389     84.7  6.0  -242.7  6.0   257  6.0   10.68  0.5   1.45
3  2457021.54396    -70.7  7.1  -233.3  7.1   244  7.1   10.51  0.5   1.57
3  2457021.54435    -69.4  7.1  -232.9  7.1   243  7.1   10.60  0.5   1.51
3  2457021.54475    -68.1  7.1  -232.5  7.1   242  7.1    9.89  0.5   2.09
3  2457021.54514    -66.8  7.1  -232.1  7.1   242  7.1   11.25  0.5   1.12
3  2457021.54553    -65.5  7.1  -231.7  7.1   241  7.1   10.47  0.5   1.60
3  2457021.54592    -64.2  7.1  -231.3  7.1   240  7.1   10.39  0.5   1.66
3  2457021.54632    -62.9  7.1  -230.8  7.1   239  7.1   10.89  0.5   1.32
3  2457021.54671    -61.7  7.1  -230.4  7.1   239  7.1   10.66  0.5   1.47
3  2457021.54710    -60.4  7.1  -230.0  7.1   238  7.1   10.44  0.5   1.62
3  2457021.54749    -59.1  7.1  -229.5  7.1   237  7.1   10.50  0.5   1.58
3  2457021.55448    -57.9  7.1  -229.1  7.1   236  7.1    9.95  0.5   2.04
3  2457021.55488    -56.6  7.1  -228.6  7.1   236  7.1   10.20  0.5   1.81
3  2457021.55527    -55.4  7.1  -228.2  7.1   235  7.1   10.17  0.5   1.84
3  2457021.55566    -54.1  7.1  -227.7  7.1   234  7.1   10.30  0.5   1.73
3  2457021.55605    -52.9  7.1  -227.2  7.1   233  7.1   10.32  0.5   1.72
3  2457021.55645    -51.6  7.1  -226.7  7.1   233  7.1   10.26  0.5   1.77
3  2457021.55684    -50.4  7.1  -226.2  7.1   232  7.1   10.35  0.5   1.69
3  2457021.55723    -49.2  7.1  -225.7  7.1   231  7.1   10.43  0.5   1.63
3  2457021.55762    -48.0  7.1  -225.2  7.1   230  7.1   10.23  0.5   1.79
3  2457021.55802    -46.8  7.1  -224.7  7.1   230  7.1    9.98  0.5   2.01
3  2457021.56081    -45.6  7.1  -224.2  7.1   229  7.1   10.26  0.5   1.77
3  2457021.56120    -44.4  7.1  -223.7  7.1   228  7.1    9.79  0.5   2.19
3  2457021.56159    -43.2  7.1  -223.2  7.1   227  7.1   10.08  0.5   1.92
3  2457021.56198    -42.0  7.1  -222.6  7.1   227  7.1    9.99  0.5   2.00
3  2457021.56238    -40.8  7.1  -222.1  7.1   226  7.1   10.29  0.5   1.74
3  2457021.56277    -39.6  7.1  -221.5  7.1   225  7.1    9.71  0.5   2.27
3  2457021.56316    -38.5  7.1  -221.0  7.1   224  7.1    9.96  0.5   2.03
3  2457021.56355    -37.3  7.1  -220.4  7.1   224  7.1   10.23  0.5   1.79
3  2457021.56395    -36.1  7.1  -219.9  7.1   223  7.1   10.32  0.5   1.72
3  2457021.56434    -35.0  7.1  -219.3  7.1   222  7.1    9.99  0.5   2.00
3  2457021.56709    -33.8  7.1  -218.7  7.1   221  7.1   10.24  0.5   1.78
3  2457021.56748    -32.7  7.1  -218.1  7.1   221  7.1    9.98  0.5   2.01
3  2457021.56788    -31.6  7.1  -217.5  7.1   220  7.1    9.41  0.5   2.61
3  2457021.56827    -30.4  7.1  -216.9  7.1   219  7.1    9.56  0.5   2.44
3  2457021.56866    -29.3  7.1  -216.3  7.1   218  7.1    9.67  0.5   2.32
3  2457021.56905    -28.2  7.1  -215.7  7.1   218  7.1   10.30  0.5   1.73
3  2457021.56945    -27.1  7.1  -215.1  7.1   217  7.1   10.02  0.5   1.97
3  2457021.56984    -26.0  7.1  -214.5  7.1   216  7.1    9.98  0.5   2.01
3  2457021.57023    -24.9  7.1  -213.9  7.1   215  7.1    9.94  0.5   2.05
3  2457021.57062    -23.8  7.1  -213.3  7.1   215  7.1   10.02  0.5   1.97
3  2457022.65498   -312.8  6.2    14.0  6.2   313  6.2   11.10  0.5   1.20
3  2457022.65537   -313.2  6.2    13.8  6.2   314  6.2   10.67  0.5   1.46
3  2457022.65576   -313.6  6.2    13.6  6.2   314  6.2   10.21  0.5   1.81
3  2457022.65615   -314.0  6.2    13.4  6.2   314  6.2   10.74  0.5   1.42
3  2457022.65655   -314.4  6.2    13.2  6.2   315  6.2   10.05  0.5   1.94
3  2457022.65694   -314.8  6.2    13.0  6.2   315  6.2   10.37  0.5   1.68
3  2457022.65733   -315.2  6.2    12.7  6.2   316  6.2   10.53  0.5   1.56
3  2457022.65772   -315.7  6.2    12.5  6.2   316  6.2   10.15  0.5   1.86
3  2457022.65812   -316.1  6.2    12.3  6.2   316  6.2   10.85  0.5   1.35
3  2457022.65851   -316.5  6.2    12.1  6.2   317  6.2   10.83  0.5   1.36
3  2457022.66125   -316.9  6.2    11.9  6.2   317  6.2   10.36  0.5   1.69
3  2457022.66164   -317.3  6.2    11.7  6.2   318  6.2   10.24  0.5   1.78
3  2457022.66204   -317.7  6.2    11.4  6.2   318  6.2   10.36  0.5   1.69
3  2457022.66243   -318.1  6.2    11.2  6.2   318  6.2   10.34  0.5   1.70
3  2457022.66282   -318.5  6.2    11.0  6.2   319  6.2   10.15  0.5   1.86
3  2457022.66321   -318.9  6.2    10.8  6.2   319  6.2   10.13  0.5   1.87
3  2457022.66361   -319.3  6.2    10.6  6.2   320  6.2   10.28  0.5   1.75
3  2457022.66400   -319.7  6.2    10.3  6.2   320  6.2   10.17  0.5   1.84
3  2457022.66439   -320.1  6.2    10.1  6.2   320  6.2   10.38  0.5   1.67
3  2457022.66478   -320.5  6.2     9.9  6.2   321  6.2   10.45  0.5   1.62
3  2457022.66750   -321.0  6.2     9.7  6.2   321  6.2   10.62  0.5   1.50
3  2457022.66789   -321.4  6.2     9.4  6.2   322  6.2   10.30  0.5   1.73
3  2457022.66828   -321.8  6.2     9.2  6.2   322  6.2   10.20  0.5   1.81
3  2457022.66867   -322.2  6.2     9.0  6.2   322  6.2   10.28  0.5   1.75
3  2457022.66907   -322.6  6.2     8.8  6.2   323  6.2   10.22  0.5   1.80
3  2457022.66946   -323.0  6.2     8.5  6.2   323  6.2   10.31  0.5   1.73
3  2457022.66985   -323.4  6.2     8.3  6.2   324  6.2   10.98  0.5   1.27
3  2457022.67024   -323.8  6.2     8.1  6.2   324  6.2   11.55  0.5   0.97
3  2457022.67064   -324.2  6.2     7.9  6.2   324  6.2   10.56  0.5   1.54
3  2457022.67103   -324.6  6.2     7.6  6.2   325  6.2   10.56  0.5   1.54
