2003 10 23  1.2142   1  44.973  44.557  1.16    0.336     0.026    -0.235    0.032   -99.9    0.0    -99.9    0.0   304
2004 09 13  2.8685   1  44.973  44.065  0.56    0.329     0.013    -0.190    0.018   -99.9    0.0    -99.9    0.0   304
2005 06 08  9.4375   1  44.973  44.615  1.22    0.2321    0.0099   -0.1566   0.0098  -99.9    0.0    -99.9    0.0   304
2005 06 09  8.1182   1  44.973  44.600  1.21    0.238     0.020    -0.166    0.020   -99.9    0.0    -99.9    0.0   304
2005 07 09  7.9363   1  44.973  44.192  0.84    0.318     0.013    -0.169    0.017   -99.9    0.0    -99.9    0.0   304
2005 07 25  2.2740   2  44.973  44.050  0.55    0.32118   0.00058  -0.1700   0.0025   24.124  0.036   24.14   0.12  250
2005 08 09  4.6944   1  44.973  43.976  0.23    0.3188    0.0044   -0.1420   0.0058  -99.9    0.0    -99.9    0.0   304
2005 08 14  23.2042  2  44.973  43.964  0.12    0.3217    0.0011   -0.15645  0.00064  24.134  0.053   24.02   0.32  250
2005 09 04  11.7314  2  44.973  44.002  0.35    0.3076    0.0015   -0.1380   0.0011   24.122  0.019   24.53   0.11  250
2006 09 17  21.0077  2  44.972  44.079  0.59    0.1905    0.0011   -0.0402   0.0018   24.106  0.019   24.28   0.12  250
2007 10 11  9.4519   3  44.971  44.317  0.97   -0.0644    0.0015    0.0755   0.0018   24.395  0.036   24.305  0.025 250
2009 05 10  2.1464   3  44.966  45.177  1.26    0.1044    0.0010    0.0312   0.0039  -99.9    0.0    -99.9    0.0   250