1998 11 01 12 58 39   1   3   568   0.461  0.070  0.609  0.070  0.0 135.2  13.8
1998 11 06 14 55 13   1   3   568   0.207  0.070  0.740  0.070  0.0 140.5  12.4
1998 11 06 15 23 43   1   3   568   0.176  0.070  0.714  0.070  0.0 140.5  12.4
2003 12 06 12 42 32   1   2   568  -0.638  0.070  0.435  0.070   7  124.7  16.7
2003 12 06 14 20 10   1   2   568  -0.673  0.070  0.365  0.070   5  124.7  16.7
2004 01 04 07 03 54   1   1   309  -0.827  0.009 -0.012  0.009   9  156.8   7.9
2004 01 05 05 56 03   1   1   309  -0.118  0.009 -0.709  0.009  10  158.0   7.6
2004 01 06 05 10 22   1   1   309   0.788  0.009 -0.410  0.009   9  159.2   7.2
2004 01 07 05 43 15   1   1   309   0.522  0.009  0.522  0.009  10  160.3   6.8
2004 02 11 03 11 20   1   1   309  -0.822  0.009 -0.192  0.009   9  155.5   8.5
2004 02 11 03 20 05   1   1   309  -0.826  0.009 -0.197  0.009   5  155.5   8.5
2004 02 11 03 43 53   1   1   309  -0.834  0.009 -0.210  0.009   5  155.5   8.5
2004 02 12 02 52 35   1   1   309   0.081  0.009 -0.725  0.009   5  154.3   8.9
2004 02 12 03 00 54   1   1   309   0.084  0.009 -0.727  0.009  10  154.3   8.9
2004 02 12 03 33 25   1   1   309   0.115  0.009 -0.723  0.009   6  154.3   8.9
2004 02 12 04 09 55   1   1   309   0.131  0.009 -0.720  0.009   8  154.3   8.9
2004 02 14 03 41 49   1   1   309   0.317  0.009  0.658  0.009  11  151.9   9.6
2004 02 15 03 30 32   1   1   309  -0.714  0.009  0.426  0.009  10  150.8  10.0
2004 02 16 03 42 16   1   1   309  -0.622  0.009 -0.456  0.009  10  149.6  10.4
2004 03 01 04 03 50   1   1   309  -0.672  0.009 -0.342  0.009   3  133.9  15.0
2004 03 03 04 10 27   1   1   309   0.826  0.009  0.052  0.009   4  131.8  15.5
2004 03 04 03 32 56   1   1   309   0.139  0.009  0.626  0.009   8  130.7  15.8
2004 03 04 03 49 08   1   1   309   0.140  0.009  0.627  0.009   3  130.8  15.8
2004 03 07 03 17 19   1   1   309   0.517  0.009 -0.508  0.009   6  127.6  16.6
2004 03 07 03 30 42   1   1   309   0.533  0.009 -0.498  0.009   4  127.6  16.6
2004 03 08 00 56 15   1   1   309   0.770  0.009  0.172  0.009   7  126.6  16.8
2004 03 08 01 06 29   1   1   309   0.763  0.009  0.185  0.009   5  126.6  16.8
2004 03 09 02 09 22   1   1   309  -0.105  0.009  0.624  0.009  10  125.6  17.1
2004 03 10 01 26 36   1   1   309  -0.771  0.009  0.089  0.009   8  124.6  17.3
2004 03 11 00 45 46   1   1   309  -0.289  0.009 -0.560  0.009   3  123.6  17.5
2005 07 17 07 25 44   1   2   568   0.328  0.006  0.095  0.006   8  116.2  21.2
2006 08 03 14 07 40   1   2   568   0.149  0.006 -0.636  0.006   4  100.3  23.4
2007 09 09 14 31 52   1   2   568   0.412  0.006  0.229  0.006   8   85.4  20.0
2007 09 09 15 20 50   1   2   568   0.420  0.006  0.265  0.006   7   85.4  20.0
2007 10 19 12 05 30   1   2   568  -0.564  0.006 -0.177  0.006   9  119.7  17.2
2007 10 19 12 54 38   1   2   568  -0.558  0.006 -0.199  0.006   9  119.7  17.2
2007 10 19 13 29 59   1   2   568  -0.567  0.006 -0.226  0.006   9  119.7  17.2
2007 12 13 07 59 08   1   2   568   0.433  0.006  0.731  0.006   6  170.1   3.3
2004 02 14 03 41 49   2   1   309   0.127  0.020 -0.326  0.020   6  155.5   8.5
2004 02 15 03 30 32   2   1   309  -0.216  0.020  0.261  0.020   6  150.8  10.0
2004 02 16 03 42 16   2   1   309   0.385  0.020 -0.231  0.020   5  149.6  10.4
2007 10 19 12 05 30   2   2   568  -0.089  0.017 -0.286  0.017   6  119.7  17.2
2007 10 19 12 54 38   2   2   568  -0.073  0.017 -0.276  0.017   6  119.7  17.2
2007 10 19 13 29 59   2   2   568  -0.065  0.017 -0.295  0.017   3  119.7  17.2
