1         2014 12 06   03 25 22   -0.351     0.002  -0.625    0.004   0.717   8.2   4.4
1         2014 12 06   03 36 20   -0.339     0.002  -0.624    0.002   0.710   8.0   4.7
1         2014 12 06   03 47 43   -0.327     0.003  -0.623    0.004   0.703   8.0   4.8
1         2014 12 09   01 33 19    0.317     0.001   0.555    0.003   0.639   7.6   5.8
1         2014 12 09   01 36 13    0.315     0.001   0.557    0.003   0.640   7.7   5.8
1         2014 12 09   01 39 11    0.313     0.001   0.557    0.003   0.639   7.7   5.7
1         2014 12 09   01 42 05    0.309     0.001   0.554    0.005   0.635   7.6   5.8
1         2014 12 09   01 45 00    0.307     0.001   0.557    0.002   0.637   7.6   5.9
1         2014 12 09   01 47 56    0.305     0.001   0.558    0.001   0.636   7.6   6.0
1         2014 12 09   01 50 50    0.302     0.001   0.554    0.004   0.631   7.6   5.9
1         2014 12 09   01 53 45    0.301     0.001   0.558    0.001   0.634   7.6   6.1
1         2014 12 09   01 56 40    0.298     0.001   0.556    0.003   0.631   7.6   6.0
1         2014 12 09   01 59 36    0.299     0.003   0.565    0.006   0.639   7.6   6.0
1         2014 12 30   01 05 42    0.491     0.002   0.456    0.003   0.670   7.5   6.1
1         2014 12 30   01 29 57    0.475     0.002   0.458    0.004   0.660   7.6   6.1
1         2014 12 30   01 39 00    0.467     0.002   0.458    0.003   0.654   7.6   6.0
1         2014 12 31   03 45 33   -0.683     0.002   0.120    0.003   0.693   7.8   5.4
1         2014 12 31   03 54 35   -0.688     0.001   0.117    0.005   0.698   7.7   5.6
1         2014 12 31   04 03 35   -0.691     0.002   0.112    0.003   0.700   7.6   5.8                  
2         2014 12 06   03 25 22   -0.374     0.005  -0.062    0.006   0.379   9.99  1.7
2         2014 12 06   03 36 20   -0.369     0.005  -0.073    0.005   0.376   9.95  1.8
2         2014 12 06   03 47 43   -0.359     0.007  -0.080    0.008   0.367  10.71  1.3
2         2014 12 09   01 33 19    0.361     0.005  -0.002    0.005   0.361   9.74  2.2
2         2014 12 09   01 36 13    0.361     0.004   0.001    0.005   0.361   9.74  2.2
2         2014 12 09   01 39 11    0.363     0.003   0.004    0.004   0.363   9.77  2.2
2         2014 12 09   01 42 05    0.362     0.003   0.003    0.006   0.362   9.66  2.3
2         2014 12 09   01 45 00    0.365     0.003   0.010    0.003   0.365   9.66  2.3
2         2014 12 09   01 47 56    0.366     0.003   0.011    0.003   0.366   9.76  2.2
2         2014 12 09   01 50 50    0.365     0.003   0.013    0.004   0.365   9.75  2.2
2         2014 12 09   01 53 45    0.367     0.003   0.018    0.003   0.368   9.77  2.2
2         2014 12 09   01 56 40    0.370     0.003   0.020    0.004   0.371   9.78  2.2
2         2014 12 09   01 59 36    0.375     0.004   0.032    0.007   0.377   9.90  2.1
2         2014 12 30   01 05 42   -0.322     0.004  -0.103    0.005   0.338   9.70  2.3
2         2014 12 30   01 29 57   -0.320     0.006  -0.130    0.007   0.337   9.59  2.4
2         2014 12 30   01 39 00   -0.307     0.003  -0.141    0.004   0.338   9.25  2.8
2         2014 12 31   03 45 33   -0.315     0.011  -0.017    0.011   0.316  10.46  1.6
2         2014 12 31   03 54 35   -0.316     0.009  -0.018    0.010   0.317  10.76  1.4
2         2014 12 31   04 03 35   -0.316     0.004  -0.034    0.005   0.318  10.17  1.9