2008 09 19    6 17    1   -0.25    0.50    6.05    8.3
2008 09 19    8 44    1   -0.34    0.54    6.01    8.5
2008 09 19   11 38    1   -0.44    0.57    5.5    10.6
2008 09 19   11 51    1   -0.44    0.57    5.5    10.6
2008 09 19   12 02    1   -0.44    0.58    6.2     7.8
2008 10 05    9 13    1   -0.29    0.46    6.3     7.5
2008 10 05    9 49    1   -0.31    0.47    5.3    11.4
2008 10 05   10 03    1   -0.32    0.46    6.5     6.7
2008 10 09    9 36    1    0.28   -0.44    5.8     9.4
2008 09 19   11 38    2   -0.18    0.35    6.4     6.9
2008 09 19    1 51    2   -0.20    0.36    6.7     6.2
2008 10 05    9 13    2   -0.27    0.37    6.8     5.9
2008 10 05    9 49    2   -0.29    0.39    5.7     9.9
2008 10 05   10 03    2   -0.32    0.39    6.9     5.6
2008 10 09    5 46    2   -0.32    0.29    6.3     7.4
