2453856.90471    1.3156     289.2622     0.1114 
2453856.93512    1.3066     283.2971     0.2132 
2453856.96799    1.3590     290.7071     0.2629 
2453857.84066    1.2798     289.2893     0.2084 
2453912.77315    1.4961     291.2031     0.2360 
2453915.77197    1.4250     289.7045     0.1908        
2453915.78491    1.3228     282.0846     0.2888 
2453916.75242    1.3363     288.9860     0.4462             
2454152.97200    1.2358     302.3404     0.2384
2454153.01909    1.5177     290.0317     0.2160                            
2454236.69683    1.3593     288.7779     0.2506 
2454236.73190    1.3382     291.4778     0.1854     
2454236.73668    1.2851     290.5166     0.3521
2454479.15878    0.6706     291.7819     0.1113
2454479.16157    0.8546     294.1931     0.1638 
2455007.86103    0.7079     276.2073     0.0249 
2455007.86671    0.7291     276.3158     0.0242 
2455007.87239    0.7049     276.0378     0.0266 
2455007.87808    0.7013     274.6332     0.0268
2455007.88376    0.6969     278.8505     0.0290 
2455007.88945    0.7271     276.6795     0.0291 
2455007.89516    0.6904     275.6735     0.0294 
2455214.10950    0.9438     281.0231     0.0360 
2455214.11577    0.9056     280.3404     0.0374 
2455214.12202    0.9162     281.0892     0.0398 
2455214.12827    0.9134     280.3830     0.0407
2455214.13453    0.9293     280.9325     0.0311 
2455214.14081    0.9293     280.5006     0.0344 
2455214.14708    0.9412     282.0959     0.0315
2455296.57644    1.0445     285.1459     0.0558 
2455296.58830    1.0309     283.3735     0.0595 
2455296.59221    1.1433     283.4513     0.1008 
2455296.59483    1.0448     281.0095     0.0783 
2455296.59744    1.0620     283.9327     0.0837 
2455296.60267    1.0029     279.7449     0.0891 
2455296.60543    1.0438     285.1215     0.0562 
2455304.87736    1.1232     284.7839     0.0212 
2455304.88361    1.1192     283.0541     0.0212 
2455304.88988    1.1004     283.6428     0.0191 
2455304.89615    1.1073     283.4990     0.0197 
2455304.90242    1.1089     283.9449     0.0208 
2455327.67578    1.1388     285.1530     0.0186 
2455327.68005    1.1404     284.0408     0.0332 
2455327.68382    1.1382     286.4087     0.0362 
2455327.68809    1.1254     284.8994     0.0153 
2455335.83483    1.1308     285.0150     0.0227 
2455335.84108    1.1303     285.1422     0.0287 
2455335.84734    1.1578     284.9560     0.0306 
2455335.85360    1.1701     283.8841     0.0426 
2455335.85987    1.1770     284.5264     0.0430 
2455634.03812    1.2282     287.3077     0.0354 
2455634.04358    1.2411     289.2183     0.0328 
2455634.04904    1.2311     289.2078     0.0289 
2455634.05449    1.2530     288.4934     0.0348 
2455634.05994    1.2382     288.8708     0.0391 
2455634.06540    1.2277     289.8248     0.0395