2001 07 12 21.5835  +0.4808    0.0024  +0.7393     0.0032  250
2001 08 09 18.9614  +0.3725    0.0054  +0.6702     0.0071  250
2001 09 10 16.4014  +0.2121    0.0058  +0.5479     0.0029  250
2001 12 30 11.6838  +0.4128    0.0057  +0.0595     0.0025  250
2002 01 19 12.5671  +0.5404    0.0047  +0.1579     0.0051  250
2002 02 24  5.5281  +0.6953    0.0074  +0.3200     0.0039  250
2002 07 13  2.1190  +0.9049    0.0061  +0.7330     0.0068  250
2002 08 14  1.6690  +0.9013    0.0037  +0.7931     0.0051  250
2002 09 13 17.2395  +0.8949    0.0037  +0.8360     0.0050  250
2002 10 14 11.8026  +0.8598    0.0043  +0.8652     0.0020  250
2002 11 13  1.4742  +0.8055    0.0037  +0.8720     0.0032  250
2002 12 13 16.6394  +0.7220    0.0037  +0.8635     0.0020  250
2003 01 14 20.3510  +0.6134    0.0053  +0.8286     0.0056  250
2003 02 13  9.8693  +0.5120    0.0043  +0.7656     0.0023  250
2012 11 03 12.5142  +0.499     0.050   +0.625      0.050   568
2013 10 25  9.6302  +0.9431    0.0036  +0.6864     0.0017  568
