2001 09 22 14 42 34   -0.198    0.027   -0.068  -0.0012  1
2001 10 13 11 25 48   -0.0755   0.0226  -0.093   0.0161  1
2002 02 06 06 13 09   -0.099   -0.0105  -0.11   -0.0189  1
2002 02 07 06 54 11   -0.1598   0.0142  -0.01   -0.03    1
2004 11 02 15 23 55    0.0203   0.0106  -0.0539  0.0056  2
2004 11 02 15 29 51    0.0194   0.0106  -0.0519  0.0077  2
2005 02 26 09 46 06   -0.0075  -0.0279  -0.0825  0.0061  2
2005 03 01 10 22 53    0.186    0.02     0.05   -0.0127  2
2005 03 01 10 31 42    0.1855   0.0188   0.0425 -0.0195  2
2005 04 30 06 45 45    0.1419   0.0189   0.0523 -0.0143  2
2005 04 30 06 56 21    0.1469   0.0228   0.0553 -0.0108  2
2005 05 28 06 32 54   -0.1459  -0.0105  -0.0324  0.02    2
2005 05 28 06 38 21   -0.1469  -0.0111  -0.0313  0.0208  2
2005 05 28 06 44 15   -0.1482  -0.012   -0.0311  0.0208  2
