2003 1 13 06 09 60 -0.0112  0.0773  0.0005  0.0001  1   309
2004 2 12 09 03 53  0.0214  0.0663 -0.0100  0.0032  1   309
2004 2 12 09 24 40  0.0074  0.0650 -0.0134 -0.0020  1   309
2004 2 12 09 41 25 -0.0019  0.0679 -0.0140 -0.0015  1   309
2004 2 13 07 31 41 -0.0774 -0.0267  0.0032 -0.0122  1   309
2004 2 13 07 50 19 -0.0716 -0.0337  0.0053 -0.0110  1   309
2004 2 13 08 06 57 -0.0690 -0.0400  0.0037 -0.0102  1   309
2004 2 14 06 58 11  0.0846 -0.0062  0.0011  0.0151  1   309
2004 2 14 07 15 13  0.0849  0.0016  0.0002  0.0153  1   309
2004 2 15 06 47 40 -0.0791  0.0320 -0.0057 -0.0122  1   309
2004 2 17 08 41 15 -0.0838  0.0226 -0.0041 -0.0133  1   309
2004 2 17 08 41 40 -0.0838  0.0226 -0.0040 -0.0130  1   309
2004 2 17 09 01 00 -0.0861  0.0138 -0.0028 -0.0137  1   309
2004 2 17 09 16 28 -0.0862  0.0071 -0.0011 -0.0136  1   309
2004 2 17 10 01 13 -0.0850 -0.0122  0.0009 -0.0123  1   309
2004 3 0  05 16 23 -0.0721  0.0566  0.0022  0.0004  1   309
2004 3 0  05 31 39 -0.0793  0.0529  0.0001  0.0025  1   309
2004 3 0  05 47 20 -0.0838  0.0464  0.0001  0.0025  1   309
2004 3 10 06 37 26 -0.0237  0.0821  0.0003  0.0001  1   309
2004 3 10 06 52 37 -0.0346  0.0808 -0.0019  0.0011  1   309
2004 3 10 07 07 38 -0.0432  0.0790 -0.0021  0.0014  1   309
2004 3 11 07 00 38  0.0099 -0.0793 -0.0003  0.0029  1   309
2004 3 12 06 04 47  0.0538  0.0662  0.0048  0.0015  1   309
2004 3 13 06 56 13 -0.0472 -0.0644 -0.0004  0.0022  1   309
2005 5 31 12 59 18  0.0592  0.1098  0.0015 -0.0012  2   568
2005 7 17 10 08 00  0.0395  0.0595  0.0076 -0.0042  2   568
