2452117.92296     3.6056     290.0270     0.2030       1       568   
2452145.74085     3.8915     291.3190     0.1722       1       568 
2452145.76181     3.8683     287.1030     0.1845       1       568
2452145.78289     3.9600     290.0990     0.1168       1       568
2452146.75689     3.7377     292.2420     0.2255       1       568    
2452146.77753     3.8297     288.6390     0.0881       1       568
2452170.66406     4.0916     287.9890     0.3490       2       675
2452170.67234     4.2286     292.5260     0.3490       2       675    
2452170.67648     3.9523     292.9450     0.3490       2       675
2452171.68914     4.1626     286.7890     0.2464       2       675
2452433.02857     3.6188     294.3210     0.1244       1       568
2452433.03979     3.5352     294.9990     0.1244       1       568
2452520.50102     3.4724     295.0240     0.0540       3       309
2452521.49922     3.2715     296.8190     0.2400       3       309
2452849.55982     3.2637     299.7610     0.3325       4       809
2452851.79834     3.2125     302.6930     0.1035       4       809
2452940.50556     2.9319     304.6460     0.0554       3       309
2452940.51013     2.9171     304.8470     0.0428       3       309
2452940.51355     2.9274     305.1360     0.0605       3       309
2453264.63690     2.6249     316.0560     0.3530       2       675 
2453264.66437     2.5469     311.8490     0.3530       2       675 
2453290.49947     2.3530     319.0940     0.0378       3       309 
2453290.64095     2.3681     318.0190     0.0403       3       309 
2453291.63509     2.2237     317.0340     0.1008       3       309 
2453293.66448     2.3039     317.7870     0.1134       3       309
2453559.94718     1.9999     334.4040     0.0423       5       568
2453559.97006     2.0595     332.4050     0.0657       5       568
2453584.62595     1.9180     332.1360     0.1008       3       309
2453639.67135     2.0016     336.0170     0.1208       7       695
2453639.73657     1.9596     332.5410     0.1180       7       695
2453647.61739     1.8903     336.9020     0.1544       2       675
2453647.65318     1.8744     332.3030     0.1439       2       675
2454030.39960     1.6025       4.1220     0.2366       8       950
2454036.54920     1.6370       9.1100     0.0570       6      1811
2454036.55355     1.6636       5.4640     0.0541       6      1811
2454359.69381     1.8416      32.3850     0.1785       2       675  
2454359.70003     1.8579      26.7140     0.1505       2       675  
2454359.73572     1.8334      32.8160     0.1400       2       675 
2454360.51976     1.7945      32.7970     0.0701       6      1811
2454360.52459     1.8825      32.5050     0.0380       6      1811 
2454383.51232     1.8043      37.0530     0.0706       3       309
2454383.52030     1.8193      34.1930     0.0529       3       309
2454383.53712     1.8013      34.1660     0.0529       3       309
2454407.58849     1.8330      35.4070     0.0928       9       696
2454407.59269     1.9204      40.4380     0.1056       9       696
2454416.53120     1.8484      37.5620     0.0857       3       309    
2454680.93163     2.0754      52.1160     0.0991      10       568   
2454763.59645     2.1813      60.4310     0.1120      10       568 
2455030.00906     2.1923      68.9915     0.0837      10       568    
2455030.01335     2.2206      70.4208     0.0918      10       568    
2455030.01764     2.2621      71.3261     0.0993      10       568    
2455030.02193     2.2138      71.0744     0.0860      10       568    
2455030.02623     2.1432      70.9181     0.0968      10       568    
2455030.03051     2.2069      70.1438     0.0993      10       568    
2455124.62667     2.1712      74.5465     0.0715      10       568
2455124.63090     2.2065      75.5702     0.1195      10       568    
2455124.63467     2.0425      75.3523     0.1275      10       568    
2455124.63889     2.1378      76.7978     0.0900      10       568    
2455307.81794     1.8671      82.1885     0.3021      10       568    
2455307.83909     1.8518      89.0683     0.5723      10       568    
2455307.84409     1.6087      90.1923     0.2924      10       568
2455307.84909     1.8336      90.7567     0.1924      10       568    
2455307.85409     1.8339      90.4505     0.1891      10       568    
2455307.85908     1.7757      93.2667     0.3094      10       568    
2455359.87401     1.7971      90.6037     0.0347      10       568 
2455359.87825     1.7734      89.7012     0.0385      10       568
2455359.88202     1.7710      89.7320     0.0450      10       568
2455359.88625     1.7618      89.9208     0.0438      10       568
2455417.72470     1.6493      94.6947     0.0214      10       568
2455417.72893     1.6293      95.4091     0.0428      10       568
2455417.73248     1.6378      94.2881     0.0390      10       568
2455417.73648     1.6494      94.4436     0.0160      10       568
2455417.74037     1.6541      93.3484     0.0282      10       568
2455417.74299     1.6577      94.6218     0.0230      10       568
2455417.74560     1.6566      94.5574     0.0208      10       568 
2455417.74822     1.6574      94.4399     0.0236      10       568
2455417.75083     1.6402      95.2445     0.0244      10       568
2455417.75356     1.6384      94.6428     0.0167      10       568    
2455440.80099     1.6304      96.3111     0.0332      10       568    
2455440.80574     1.6045      95.5709     0.0496      10       568    
2455440.81050     1.6126      97.4981     0.0512      10       568    
2455440.81527     1.5981      96.3413     0.0446      10       568    
2455440.82001     1.5806      96.7287     0.0513      10       568    
2455440.82476     1.6005      97.3658     0.0372      10       568    
2455445.72949     1.5835      96.9112     0.0259      10       568    
2455445.73372     1.5585      97.3766     0.0442      10       568    
2455445.73750     1.5784      97.0857     0.0323      10       568    
2455445.74174     1.5769      96.9213     0.0230      10       568                                                                                                 