2453440.93703     2.8813     107.3659      0.1910    2     695
2453441.89056     2.6600     107.2769      0.3324    2     695
2453441.98852     2.4562      99.8458      0.5162    2     695 
2453475.65806     2.6733     106.7403      0.0990    2     695
2453475.68248     2.6850     103.5704      0.1556    2     695
2453528.53737     2.5132     102.8750      0.0424    2     695
2453528.62898     2.5319     101.6206      0.0849    2     695
2454890.00165     1.4143     298.3715      0.0734    1     568
2454890.00729     1.5057     300.0857      0.0836    1     568
2454890.01859     1.4342     297.7192      0.0636    1     568
2454890.02424     1.4001     299.2814      0.0690    1     568
2454890.03409     1.4464     296.6082      0.0749    1     568
2454890.03974     1.5101     295.1926      0.0651    1     568
2454952.88033     1.6188     293.0866      0.0271    1     568
2454952.88684     1.6241     293.5828      0.0262    1     568
2454952.89250     1.6368     294.0531      0.0304    1     568
2454952.89815     1.6460     293.4506      0.0302    1     568
2454952.90484     1.6540     293.7417      0.0306    1     568
2454952.91051     1.6190     293.5436      0.0346    1     568
2454952.91616     1.6408     293.4188      0.0243    1     568
2455003.76452     1.7667     291.5800      0.0514    1     568
2455003.77077     1.8059     291.0398      0.0724    1     568
2455003.77646     1.7876     291.3467      0.0561    1     568
2455003.78217     1.7375     292.6532      0.0803    1     568
2455003.78788     1.7675     293.5739      0.0798    1     568
2455003.79356     1.6983     292.1590      0.0863    1     568
2455003.79924     1.7761     292.5221      0.0766    1     568
2455192.11167     1.7476     284.2573      0.0378    1     568
2455192.11712     1.6784     282.5687      0.0384    1     568
2455192.12258     1.7013     282.0117      0.0398    1     568
2455192.12804     1.6975     283.1847      0.0328    1     568
2455192.13349     1.7277     283.1571      0.0332    1     568
2455192.13895     1.7142     283.2215      0.0337    1     568
2455192.14447     1.6861     282.8387      0.0338    1     568
2455239.99204     1.7139     283.3020      0.0582    1     568
2455239.99749     1.7104     282.4487      0.0627    1     568
2455240.00294     1.6764     280.9652      0.0491    1     568
2455240.00840     1.6417     281.6576      0.0406    1     568
2455240.01387     1.6969     281.2070      0.0428    1     568
2455296.61260     1.5536     277.5484      0.0458    1     568
2455296.62445     1.6005     278.8386      0.0424    1     568
2455296.62837     1.5972     279.5418      0.0475    1     568
2455296.63360     1.5847     277.4299      0.0483    1     568
2455296.63622     1.5749     277.5738      0.0566    1     568
2455296.64158     1.6133     278.7676      0.0335    1     568  
2455324.75133     1.5598     276.7022      0.0711    1     568
2455324.76365     1.5440     277.8583      0.0949    1     568        
2455663.99897     0.6813     242.0844      0.0317    1     568
2455664.00547     0.7042     240.0213      0.0349    1     568
2455664.01197     0.6812     239.2321      0.0383    1     568
2455664.01849     0.7031     242.2702      0.0316    1     568
2455664.02500     0.6775     239.1496      0.0348    1     568                                                                                  