2001 11 01  2.2502  1  43.580  43.441   1.29   0.025   0.010   -0.065   0.010   -99.9   0.0  -99.9   0.0  
2001 11 04 13.6999  1  43.579  43.382   1.28  -0.023   0.010    0.082   0.010   -99.9   0.0  -99.9   0.0
2002 10 22 23.6723  2  43.572  43.617   1.31  -0.0303  0.0044   0.0680  0.0021  -99.9   0.0  -99.9   0.0
2005 11 30 12.4176  3  43.544  43.012   1.10   0.0064  0.0019   0.0118  0.0012  -99.9   0.0  -99.9   0.0
2007 10 09 21.3686  4  43.525  43.900   1.21  -0.0206  0.0015   0.0853  0.0014   22.83  0.03  22.93  0.04  
2007 10 10  2.2353  4  43.525  43.896   1.22  -0.0226  0.0024   0.0842  0.0013   22.82  0.03  22.91  0.04 
2007 10 11 16.5311  4  43.525  43.871   1.23  -0.0199  0.0011   0.0493  0.0017   22.78  0.03  23.13  0.04
2007 11 22 10.5520  4  43.524  43.164   1.22   0.0252  0.0010  -0.0820  0.0016   22.86  0.05  22.89  0.02
2007 12 23 13.9242  4  43.523  42.737   0.78  -0.0230  0.0010   0.0851  0.0010   22.70  0.03  22.88  0.02
2010 02 27 17.1597  5  43.507  42.638   0.63   0.0134  0.0044  -0.0255  0.0025  -99.9   0.0  -99.9   0.0                     
2010 02 28 16.7486  5  43.507  42.646   0.65   0.009   0.0010   0.0072  0.0050  -99.9   0.0  -99.9   0.0                     
2010 04 03 16.0096  5  43.506  43.062   1.19   0.0237  0.0014  -0.0864  0.0013   22.50  0.04  22.44  0.04  
2010 04 26 18.1613  5  43.506  43.440   1.32   0.0046  0.0038  -0.0455  0.0022   22.57  0.03  22.56  0.03 
2010 05 28 18.7658  5  43.505  43.965   1.18  -0.0082  0.0032   0.0677  0.0025   22.50  0.04  22.59  0.04