2001 03 01   05 48 13.0  250   1     -573   -84 
2001 03 01   06 00 12.9  250   1     -565   -70 
2002 05 08   10 46 01.0  568   3      472  -189 
2003 06 06   14 03 06.0  568   3      402  -214 
2003 06 06   14 08 23.2  568   3      406  -213 
2003 06 06   14 13 30.2  568   3      402  -218 
2003 07 15   07 32 50.4  309   2     -540   216 
2003 07 15   07 37 26.2  309   2     -536   222 
2003 08 14   10 35 08.0  568   3     -183   227 
2003 08 15   08 35 22.2  568   3      554   -62 
2003 08 15   08 39 27.2  568   3      550   -66 
2003 08 17   10 50 08.0  568   3     -568   146 
2003 08 17   10 53 39.3  568   3     -567   144 
2004 09 01   05 07 38.3  309   2      504  -164 
2004 09 01   05 17 22.2  309   2      510  -165 
2004 09 01   08 06 43.4  309   2      576  -169 
2004 09 03   06 51 57.5  309   2     -623   166 
2004 09 05   04 28 20.2  309   2      624  -163 
2004 09 08   06 41 20.1  309   2      211  -120 
2004 09 11   04 34 26.2  309   2     -539    87 
2004 09 13   03 42 52.5  309   2      470   -75 
2004 09 13   05 47 28.2  309   2      386   -46 
2004 09 14   04 09 30.3  309   2     -500   153 
2004 09 15   04 18 34.3  309   2     -321    35 
2004 09 15   04 26 56.5  309   2     -315    36 
2004 10 07   02 02 03.0  309   2     -540   123 
2004 10 08   02 22 38.3  309   2      356  -106 
2004 10 08   04 47 21.2  309   2      435  -125 
2004 10 20   00 39 22.2  309   2      553  -136 
2004 11 02   07 36 13.0  568   4     -344    88 
2004 11 02   07 38 36.9  568   4     -340    90 
2004 11 05   08 09 18.1  568   4     -538   138 
2005 12 21   09 05 51.5  568   4      684     0 
2006 01 01   10 17 12.1  568   4      651   -35 
2006 01 09   05 20 11.1  568   4      557   116 
2006 01 16   05 16 51.5  568   4      619   -17 
2009 06 07   10 29 14.1  568   3      510    54 
2009 06 07   10 32 18.1  568   3      511    55 
2009 06 07   10 54 08.0  568   3      516    55 
2009 06 07   11 23 04.0  568   3      530    44 
2009 06 07   11 25 56.5  568   3      530    39 
2009 08 16   06 47 02.0  568   3      -36   239 
2010 08 15   08 07 02.0  568   4     -421   182 
2010 08 15   08 16 53.5  568   4     -412   181 
2010 08 28   08 49 11.1  568   4      379  -189 
2010 08 28   08 54 01.0  568   4      378  -186 
2010 09 02   06 45 32.3  568   4     -588   157 
2010 10 31   05 58 48.4  568   4     -271    -8 
2010 10 31   06 03 23.2  568   4     -290    -2 
2011 09 27   05 04 41.0  309   2     -287   236 
2011 09 29   05 21 18.0  309   2      440  -217 
2011 11 08   03 21 35.3  309   2     -438   -61 
2011 11 10   01 22 04.0  309   2      386    93 
2015 05 29   04 38 46.4  309   5     -188   240 
2015 05 29   04 38 46.4  309   5     -184   237 
2015 05 29   04 51 27.2  309   5     -176   239 
2015 05 29   04 51 27.2  309   5     -180   241 
2015 05 29   05 07 36.3  309   5     -166   245 
2015 05 29   05 07 36.3  309   5     -164   241 
2015 05 29   05 15 13.1  309   5     -157   242 
2015 05 29   05 15 13.1  309   5     -158   245 
2015 05 29   05 25 55.5  309   5     -152   245 
2015 05 29   05 28 59.5  309   5     -148   243 
2015 05 29   05 28 59.5  309   5     -150   247 
2015 05 29   05 32 04.0  309   5     -148   245 
2015 05 29   05 32 04.0  309   5     -146   243 
2016 07 02   08 47 22.2  309   5     -279   -90 
2016 07 12   05 04 19.4  309   5      601  -129 
2016 07 12   05 11 41.7  309   5      601  -130 
2016 07 12   05 19 03.9  309   5      601  -129 
2016 07 28   05 50 56.0  309   5     -208  -138 
2016 07 28   05 57 12.3  309   5     -212  -137 
2016 07 28   06 03 30.1  309   5     -216  -135 
2016 07 30   01 37 12.1  309   5      192   141 
2016 07 30   01 44 17.2  309   5      194   135 
2016 07 30   01 51 22.2  309   5      199   135 
2016 08 11   00 18 43.4  309   5      579  -159 
2016 08 11   02 41 34.1  309   5      559  -189 
2016 08 11   02 48 41.5  309   5      560  -189 
2016 08 11   02 55 50.8  309   5      556  -194 