2002 10 04 14.3591  -0.0353    0.0042  +0.071      0.010   250
2005 07 24 16.9878  +0.09392   0.00056 +0.03652    0.00057 250
2007 07 05 23.3058  -0.0152    0.0022  -0.1444     0.0013  250
2007 07 07 10.5933  -0.0209    0.0017  -0.1448     0.0010  250
2007 07 12 21.1017  -0.0515    0.0028  -0.1356     0.0010  250
2007 08 01 22.2017  -0.0735    0.0023  +0.0034     0.0045  250
2007 08 24  9.4206  +0.1070    0.0025  +0.0093     0.0014  250
2012 08 06 12.0153  -0.043     0.050   -0.090      0.050   568
2013 10 25  5.5169  -0.0373    0.0010  +0.0505     0.0010  568
2015 09 05 11.9608  +0.0472    0.0026  +0.0772     0.0031  568
