1980 10 10   07 00 00   0.2711  0.4564   1
2017 07 14   05 00 59  -0.4158  0.2952   1
2017 07 22   04 18 07  -0.4262  0.2444   1
2017 07 22   05 00 55  -0.4291  0.2614   1
2017 08 22   01 42 34   0.1843 -0.3150   1
2018 12 10   06 47 17  -0.4894 -0.0958   1
2018 12 19   06 45 02   0.1871 -0.2869   1
2018 12 22   05 58 43  -0.2540 -0.3438   1
2018 12 26   08 14 42  -0.4973 -0.0428   1
2019 01 14   04 57 43  -0.5319 -0.1177   1
2017 07 14   05 01 00   0.3070 -0.2600   2
2017 07 22   04 18 07  -0.2714  0.2941   2
2017 07 22   05 00 55  -0.2621  0.2963   2
2017 08 22   01 42 34   0.4423 -0.2401   2
2018 12 10   06 47 17   0.1949 -0.1505   2
2018 12 19   06 45 02   0.3763  0.0929   2
2018 12 22   05 58 43   0.4555 -0.0119   2
2018 12 26   08 14 42   0.3937  0.1271   2
2019 01 14   04 57 43  -0.1008 -0.3298   2
