2003 01 13 01 01 31   1  309   0.244   0.023   0.321   0.038
2003 01 14 00 52 32   1  309  -0.300   0.025  -0.083   0.004
2003 01 15 01 91 15   1  309   0.276   0.006  -0.173   0.006
2003 01 16 01 06 02   1  309  -0.105   0.001   0.358   0.023
2003 01 17 00 57 18   1  309  -0.098   0.022  -0.344   0.012
2003 01 18 01 40 21   1  309   0.306   0.046   0.235   0.005
2003 12 06 12 30 05   2  568  -0.024   0.012   0.222   0.017
2003 12 06 14 02 53   2  568  -0.006   0.001   0.260   0.024
2004 01 04 05 05 39   1  309   0.147   0.008   0.385   0.005
2004 01 04 05 36 06   1  309   0.162   0.004   0.360   0.022
2004 01 04 06 46 52   1  309   0.152   0.011   0.359   0.001
2004 01 05 05 20 36   1  309  -0.080   0.010  -0.383   0.013
2004 01 05 05 28 54   1  309  -0.090   0.003  -0.383   0.014
2004 01 06 04 56 35   1  309  -0.033   0.004  -0.214   0.011
