 2003 07 15 08 23 30  1  309  -0.271   0.027  0.0110  0.0099  0.272  -4.2   34.4
 2004 10 30 11 55 18  2  568  -0.329  -0.198  0.0119  0.0105  0.383  -6.5   9.31
 2004 10 30 13 45 57  2  568  -0.358  -0.225  0.0108  0.0103  0.423  -5.2   18.3
 2004 10 30 15 29 56  2  568  -0.356  -0.232  0.0082  0.0071  0.425  -6.0   15.3
 2006 03 18 12 43 54  2  568  -0.182  -0.351  0.0098  0.0102  0.395  -4.6   20.7
 2006 04 28 08 32 21  2  568  -0.428  -0.078  0.0     0.0     0.435 -99.9    0.0
 2006 05 16 06 12 35  2  568   0.332  -0.215  0.0155  0.0130  0.396  -6.3   17.4
 2006 05 18 07 17 47  2  568  -0.321   0.281  0.0139  0.0128  0.427  -6.7   12.8
 2006 05 19 08 26 58  2  568  -0.258  -0.215  0.0143  0.0132  0.336  -5.7   19.1
 2006 06 23 06 18 55  2  568   0.269   0.133  0.0166  0.0123  0.300  -5.8   19.2
