2001 12 27  10 10 54.83   −370.8  10.0    12.6  10.0    568  1
2001 12 27  10 14 02.43   −372.5  10.0    15.7  10.0    568  1
2001 12 27  10 23 07.08   −379.8  10.0    12.7  10.0    568  1
2001 12 27  10 39 56.87   −385.3  10.0    49.9  10.0    568  1
2002 12 29  14 15 16.72    517.1  10.0   133.6  10.0    568  1
2002 12 29  16 14 26.41    479.7  10.0   214.0  10.0    568  1
2002 12 29  16 17 42.19    494.0  10.0   206.9  10.0    568  1
2003 01 14  08 53 58.49   −526.3  13.3   249.6  13.3    309  2
2003 01 14  09 00 18.55   −527.9  13.3   245.2  13.3    309  2
2003 01 14  09 07 38.26   −529.9  13.3   240.0  13.3    309  2
2003 02 14  08 22 00.84    645.7  27.1   165.1  27.1    309  2
2003 06 05  08 01 52.16    449.3  10.0  −274.2  10.0    568  1
2003 06 06  08 49 52.28    190.1  10.0   495.5  10.0    568  1
2003 06 06  08 56 45.99    186.6  10.0   492.7  10.0    568  1
2003 07 14  06 54 55.06    −29.1  10.0  −460.0  10.0    568  1
2003 07 15  00 58 12.96    427.0  27.1  −129.4  27.1    309  2
2003 07 16  00 01 27.97    106.0  27.1   442.1  27.1    309  2
2004 03 03  10 08 24.53   −184.5  13.3  −350.9  13.3    309  2
2004 03 04  10 14 04.55    155.7  13.3  −250.9  13.3    309  2
2004 06 04  09 45 47.30   −339.3  21.9    −8.8  21.9    568  5
2004 06 04  09 47 58.05   −332.6  21.9   −12.5  21.9    568  5
2004 06 05  08 21 22.80    −62.5  21.9  −670.1  21.9    568  5
2004 06 05  11 03 50.60      0.4  21.9  −639.9  21.9    568  5
2004 06 05  12 07 32.15     33.2  21.9  −630.0  21.9    568  5
2004 06 05  13 22 56.93     65.5  21.9  −606.7  21.9    568  5
2004 06 09  09 32 15.35    197.5  21.9  −436.0  21.9    568  5
2004 06 28  02 20 45.88    377.5  13.3   347.2  13.3    309  2
2004 07 03  09 52 52.63   −393.8  10.0  −253.4  10.0    568  1
2004 07 03  09 54 23.50   −395.7  10.0  −253.2  10.0    568  1
2004 07 04  08 19 04.08     74.0  10.0  −561.7  10.0    568  1
2004 07 04  08 28 54.13     75.8  10.0  −557.7  10.0    568  1
2004 07 11  09 04 38.59    −37.3  10.0  −605.2  10.0    568  1
2004 07 11  09 06 17.61    −31.4  10.0  −594.0  10.0    568  1
2004 07 24  04 06 15.08   −102.4  13.3   494.0  13.3    309  2
2004 07 26  01 26 46.89    161.2  13.3  −436.9  13.3    309  2
2004 07 26  03 22 05.69    214.8  13.3  −384.2  13.3    309  2
2004 07 26  04 51 30.92    243.1  13.3  −333.7  13.3    309  2
2004 10 07  00 20 01.16    156.7  13.3   359.1  13.3    309  2
2004 10 07  00 30 14.12    151.2  13.3   357.4  13.3    309  2
2004 10 07  00 45 06.38    159.2  13.3   375.5  13.3    309  2
2005 05 31  14 59 17.38   −368.8  10.0  −216.9  10.0    568  1
2006 12 12  13 42 00.42    124.4  10.0  −873.1  10.0    568  1
2008 01 21  11 36 28.68     57.2  10.0   579.7  10.0    568  1
2008 01 21  11 43 51.91     48.9  10.0   572.6  10.0    568  1
2008 01 21  12 31 09.49     11.2  10.0   572.4  10.0    568  1
2008 01 21  13 12 50.82    −19.3  10.0   568.6  10.0    568  1
2008 01 21  13 54 28.00    −43.7  10.0   565.0  10.0    568  1
2008 01 21  14 55 05.79    −82.2  10.0   564.2  10.0    568  1
2008 01 21  15 57 45.30   −131.6  10.0   555.7  10.0    568  1
2008 01 21  16 06 05.01   −139.6  10.0   556.0  10.0    568  1
2009 06 07  11 34 45.65    191.1  10.0   634.3  10.0    568  1
2010 06 28  12 44 51.55    567.3  10.0   −49.7  10.0    568  1
2010 08 26  12 25 53.86   −565.3  10.0  −307.4  10.0    568  1
2010 08 26  13 22 31.41   −597.3  21.9  −268.7  21.9    568  5
2010 08 26  13 33 09.44   −601.2  21.9  −262.2  21.9    568  5
2010 08 30  06 42 20.85   −668.5  13.3  −120.8  13.3    309  2
2010 08 30  06 47 40.78   −668.6  13.3  −116.7  13.3    309  2
2010 08 30  06 52 58.60   −669.4  13.3  −115.6  13.3    309  2
2010 08 30  06 57 55.00   −675.6  13.3  −112.8  13.3    309  2
2010 08 30  07 03 01.82   −677.5  13.3  −104.9  13.3    309  2
2010 08 30  07 09 26.05   −677.3  13.3   −99.5  13.3    309  2
2010 09 15  10 31 57.01    647.6  21.9   116.4  21.9    568  5
2010 09 16  09 18 06.38    239.1  21.9  −699.6  21.9    568  5
2010 09 17  09 52 44.88   −703.6  21.9   102.7  21.9    568  5
2010 10 30  07 15 04.22   −475.1  21.9  −173.9  21.9    568  5
2010 10 30  08 22 28.80   −495.0  21.9  −128.5  21.9    568  5
2010 10 31  07 17 43.32   −230.8  21.9   613.2  21.9    568  5
2011 11 10  14 56 31.94     40.6  10.0  −639.7  10.0    568  1
2015 08 05  06 12 36.29   −255.5  12.3  −583.7  12.3    309  3
2015 08 06  08 50 19.71   −536.8  12.3   508.1  12.3    309  3
2015 08 06  08 55 55.18   −531.9  12.3   511.3  12.3    309  3
2015 08 06  09 03 38.30   −527.1  12.3   514.9  12.3    309  3
2015 08 22  07 32 01.75    712.2  12.3  −318.7  12.3    309  3
2015 08 25  04 45 18.09    450.0  12.3   481.0  12.3    309  3
2015 08 25  04 51 33.71    455.6  12.3   476.2  12.3    309  3
2015 08 28  06 19 53.45   −213.3  12.3   697.6  12.3    309  3
2015 08 28  06 26 23.81   −208.0  12.3   699.2  12.3    309  3
2015 09 06  03 38 54.27    334.6  12.3  −683.4  12.3    309  3
2015 09 06  03 45 23.25    327.0  12.3  −681.3  12.3    309  3
2015 09 06  03 51 39.55    322.4  12.3  −682.3  12.3    309  3
2018 03 15  08 03 46.46    486.4   7.2  −512.0   7.2    309  4
2018 03 15  08 28 25.25    501.0   7.2  −494.3   7.2    309  4
2018 04 20  05 11 36.58    400.1   7.2  −549.6   7.2    309  4
2018 04 20  05 36 16.45    416.3   7.2  −538.9   7.2    309  4
2018 05 04  23 30 43.20    640.4   7.2  −177.0   7.2    309  4
2018 05 04  23 55 24.19    645.2   7.2  −155.1   7.2    309  4
2018 05 05  02 34 13.23    656.0   7.2   −37.6   7.2    309  4
2018 05 05  02 58 53.71    660.4   7.2   −19.8   7.2    309  4
2019 06 09  08 50 43.39   −133.0   7.2   459.3   7.2    309  4
2019 06 09  09 08 08.97   −138.5   7.2   445.1   7.2    309  4
2019 06 27  03 38 22.22    −39.9   7.2   599.3   7.2    309  4
2019 06 27  03 55 48.28    −45.0   7.2   593.3   7.2    309  4
2019 07 08  00 30 49.73    −89.1   7.2   530.2   7.2    309  4
2019 07 08  00 48 15.01    −94.6   7.2   521.1   7.2    309  4
2021 12 30  20 15 00.00     58.0   8.1  −368.0   8.1    020  6
2021 12 30  20 53 40.00     60.0   7.8  −425.0   7.8    020  6
2021 12 30  21 41 04.00     65.0   9.2  −456.0   9.2    020  6
2021 12 30  22 18 43.00     47.0  10.8  −494.0  10.8    020  6
2021 12 30  23 12 37.00     43.0   5.8  −553.0   5.8    020  6
2021 12 31  00 23 13.00     50.0   5.8  −585.0   5.8    020  6
2021 12 31  01 13 00.00     48.0  10.3  −645.0  10.3    020  6
2021 12 31  01 43 00.00     49.0  10.0  −662.0  10.0    020  6
2021 12 31  02 10 00.00     42.0  20.6  −662.0  20.6    020  6
2021 12 31  19 17 59.00    −63.0   5.8  −744.0   5.8    020  6
2021 12 31  20 23 42.00    −69.0   6.7  −695.0   6.7    020  6
2021 12 31  20 48 33.00    −74.0   5.8  −674.0   5.8    020  6
2021 12 31  21 42 32.00    −74.0   6.4  −643.0   6.4    020  6
2021 12 31  22 36 33.00    −85.0   6.4  −601.0   6.4    020  6
2021 12 31  23 30 31.00    −87.0   6.7  −556.0   6.7    020  6
2022 01 01  00 24 54.00    −70.0  13.6  −528.0  13.6    020  6
2022 01 01  01 17 39.00    −91.0  13.5  −471.0  13.5    020  6
2022 01 01  02 11 38.00    103.0   8.6  −413.0   8.6    020  6
2022 01 01  03 03 20.00    108.0   5.4  −399.0   5.4    020  6
