 2003 07 15 07 37 26  1  309  -0.555   0.188  0.0216  0.0167  0.586  -5.9   37
 2004 09 01 05 07 39  1  309   0.490  -0.162  0.0049  0.0045  0.516  -5.3   19
 2004 09 01 05 17 23  1  309   0.488  -0.160  0.0085  0.0067  0.514  -6.4   13
 2004 09 01 08 06 44  1  309   0.557  -0.161  0.0079  0.0056  0.580  -7.0   11
 2004 09 03 06 51 57  1  309  -0.631   0.171  0.0035  0.0034  0.653  -6.9   13
 2004 09 05 04 28 20  1  309   0.611  -0.142  0.0074  0.0056  0.627  -7.5    9
 2004 09 07 02 20 10  1  309  -0.646   0.157  0.0071  0.0053  0.665  -5.9   18
 2004 09 11 04 34 25  1  309  -0.539   0.092  0.0078  0.0055  0.547  -7.1   11
 2004 09 13 03 42 52  1  309   0.461  -0.086  0.0087  0.0053  0.469  -6.9   12
 2004 09 13 05 47 29  1  309   0.393  -0.048  0.0135  0.0047  0.395  -99.9  0.0
 2004 09 14 04 09 30  1  309  -0.496   0.145  0.0034  0.0029  0.517  -5.4   22
 2004 09 14 07 06 44  1  309  -0.567   0.159  0.0034  0.0033  0.589  -6.1   16
 2004 09 14 07 14 32  1  309  -0.570   0.171  0.0061  0.0052  0.595  -6.7   12
 2004 09 15 04 18 35  1  309  -0.304   0.036  0.0164  0.0058  0.306  -5.3   22
 2004 09 15 04 26 56  1  309  -0.343   0.063  0.0124  0.0067  0.349  -5.9   18
 2004 09 16 04 48 18  1  309   0.583  -0.179  0.0058  0.0049  0.610  -5.3   22
 2004 10 07 02 02 04  1  309  -0.536   0.105  0.0115  0.0073  0.546  -7.1   11
 2004 10 20 00 39 22  1  309   0.554  -0.140  0.0098  0.0068  0.572  -6.2   14
 2004 10 25 06 52 46  2  568  -0.571   0.150  0.0042  0.0038  0.590  -7.1    9
 2005 12 21 09 05 52  3  568   0.705   0.011  0.0115  0.0096  0.705  -6.0   16
 2006 01 01 10 17 13  3  568   0.664  -0.039  0.0114  0.0094  0.665  -6.4   13
 2006 01 09 05 20 13  3  568   0.576   0.153  0.0109  0.0091  0.596  -5.7   18
 2006 01 16 05 16 50  3  568   0.606  -0.013  0.0150  0.0105  0.606  -6.8   13

