 2004 11 14 06 03 30    0.068   0.013   0.069   -99.9   -99.9   0.0
 2004 11 22 03 09 25   -0.108   0.054   0.121   -99.9   -99.9   0.0
 2003 07 15 05 30 15   -0.081  -0.012   0.082   -99.9   -99.9   0.0
 2003 07 16 04 22 13   -0.081  -0.020   0.083   -99.9   -99.9   0.0
 2004 12 03 04 02 53   -0.315   0.083   0.326   -1.35   -3.42   3.4
 2004 12 07 03 02 08   -0.321   0.106   0.338   -1.50   -5.68   3.2
 2004 12 09 03 32 49   -0.348   0.054   0.352   -1.80   -6.35   2.9
 2004 12 10 02 44 19   -0.371   0.078   0.379   -2.38   -4.03   2.3
 2004 12 14 03 25 21   -0.372   0.055   0.376   -1.90   -4.23   2.8
 2004 12 20 01 12 00   -0.372   0.053   0.375   -2.20   -4.91   2.5
 2004 12 20 03 57 54   -0.345   0.054   0.349   -2.02   -4.99   2.6

















