1         2009 08 16  13 38 24    60.0683333    -0.404    0.034    4.1
1         2009 08 16  13 45 02    60.0729398    -0.401    0.020    4.0
1         2009 08 16  13 56 12    60.0806944    -0.407    0.015    3.6
1         2009 08 16  14 24 01    60.1007175    -0.400   -0.002    2.6
1         2009 08 16  14 40 54    60.1117361    -0.397   -0.017    2.7
1         2009 08 16  15 30 58    60.1456590    -0.407   -0.059    2.5
1         2009 09 06  15 30 58    81.1465082     0.005    0.441    2.7
1         2009 09 12  15 10 47    87.1324920    -0.069   -0.435    3.7
1         2009 09 15  15 11 48    90.1331924     0.428   -0.027    4.9
1         2009 09 28  13 34 08   103.0653659    -0.308    0.365    5.1
2         2009 08 16  13 56 12    60.0806944    -0.148   -0.204    4.1
2         2009 08 16  14 40 54    60.1117360    -0.118   -0.216    3.2
2         2009 09  6  15 30 58    81.1465082    -0.261   -0.094    1.6
2         2009 09 12  15 10 47    87.1324920     0.220   -0.102    3.2
2         2009 09 15  15 11 48    90.1331924    -0.214   -0.191    4.0
2         2009 09 28  13 34 08   103.0653659     0.026    0.280    3.2  
 
