2006 06 19  8.8562  -0.0165    0.0016   +0.0469    0.0014  250
2009 09 15 16.5885  +0.0475    0.0017   -0.0128    0.0024  250
2009 09 16  0.9557  +0.0470    0.0030   -0.0046    0.0044  250
2009 09 17  3.3179  -0.0397    0.0017   -0.0292    0.0024  250
2010 04 15  0.4671  +0.0320    0.0034   -0.0360    0.0030  250
2010 04 19  1.9379  +0.0124    0.0031   -0.0472    0.0029  250
2014 08 19 10.8596  -0.0393    0.0030   +0.0264    0.0030  568
2015 09 05  9.8275  +0.0206    0.0030   +0.0441    0.0030  568
2016 08 06 11.7155  -0.0389    0.0030   +0.0303    0.0030  568
2017 08 25  8.9776  -0.0433    0.0030   +0.0205    0.0030  568
2017 08 26  9.8115  -0.0492    0.0045   -0.0061    0.0030  568