2453766.85725     0.7723      159.7233     0.0704    
2453767.89579     0.8427      148.1957     0.1342     
2453767.94218     0.6820      153.9256     0.1165
2454064.11844     0.6998      229.2711     0.0803
2454234.74417     0.5541      304.6236     0.1856
2454414.10492     0.5425        2.5777     0.0966 
2454414.10583     0.6412      358.2915     0.1306 
2454414.10674     0.5723        8.5651     0.0413 
2454414.11077     0.5717        5.9801     0.0412 
2454421.07536     0.5437       13.2345     0.0696 
2454421.08138     0.5545       14.3238     0.0533 
2454421.08754     0.5717       11.3920     0.0190 
2454421.09362     0.5760        8.9159     0.0192 
2454421.09983     0.5744       12.1792     0.0270 
2454421.10591     0.5748       10.1102     0.0264 
2454529.67858     0.8028       48.5987     0.1050 
2454530.71845     0.7030       45.6244     0.0714 
2454807.03198     0.9973       94.6462     0.0280 
2454807.03724     1.0329       94.7701     0.0307
2454807.04249     1.0355       94.9314     0.0378 
2454807.04775     1.0603       96.0516     0.0476 
2454821.98479     0.9800      101.5113     0.1429 
2454822.04476     1.1307       96.7732     0.1096 
2454822.89593     1.0078       98.8168     0.0479 
2454822.90149     1.0549       96.7266     0.0407 
2454879.89884     1.0661      102.6329     0.0972    
2454879.90474     1.0187      109.1986     0.0822 
2454879.91061     0.9623      108.1897     0.0867 
2454879.92239     1.0932      105.9639     0.0864 
2454879.92826     1.0609      102.8128     0.0860 
2454879.93414     1.0752      104.3768     0.0771                                  
2454934.78054     1.0217      110.1313     0.0710 
2454934.78580     1.0806      109.7670     0.0648 
2454934.79103     1.0573      112.2573     0.0775 
2454934.79629     1.0563      108.4529     0.0702 
2454934.80214     1.1129      109.4338     0.0902 
2454934.80740     1.0578      110.9976     0.0644 
2454963.75128     1.0192      113.2503     0.0394 
2454963.75655     1.0426      111.3609     0.0369 
2454963.76179     1.0341      112.3903     0.0508 
2454963.76707     1.0146      114.3629     0.0548 
2455153.06862     0.8814      137.3393     0.0896  
2455153.07547     0.8999      137.4971     0.0785
2455178.93268     0.9093      142.5119     0.0716 
2455189.98452     0.8998      143.4893     0.0411 
2455189.99823     0.9187      143.2384     0.0426 
2455190.00507     0.9363      143.4870     0.0367 
2455190.01192     0.9019      142.2909     0.0331 
2455298.74785     0.8178      162.0613     0.0234
2455298.75470     0.8040      162.4001     0.0250 
2455298.76155     0.8147      162.4883     0.0330 
2455298.76840     0.8214      161.5842     0.0282 
2455298.77523     0.8253      161.5142     0.0289 
2455298.78209     0.8275      161.5125     0.0290 
2455506.07911     0.6273      217.2079     0.0259 
2455506.08595     0.6195      216.2109     0.0308 
2455506.09279     0.6280      218.4824     0.0284 
2455506.09963     0.6258      217.0733     0.0338 
2455506.10648     0.6231      216.2372     0.0261 
2455506.11332     0.6247      213.4842     0.0242 
2455506.12017     0.5981      215.6729     0.0277 
2455652.79916     0.6717      267.8437     0.0397 
2455652.80601     0.6518      265.5563     0.0318 
2455652.81969     0.5956      262.8799     0.0358 
2455652.82652     0.6016      269.2272     0.0348 
2455652.83337     0.6341      267.9156     0.0361              
