2009  5 19 2o1 KOU 22 41 57.94  -0.0187   0.0465   0.0748   0.1611   0.0139  -0.1167   0.0501 338.076 0 0.5894
2009  5 19 2o1 KOU 22 42  6.73  -0.0600   0.1486   0.0586   0.0801   0.0371   0.0114   0.1603 338.018 0 0.6411
2009  5 23 2o3 TER  0 37 54.19   0.1941  -0.4832   0.0283   0.0252   0.0028  -0.0102   0.5208 158.114 0 0.8235
2009  5 27 2o1 TER  0 53 10.05   0.0028  -0.0069   0.0090   0.1781  -0.0834   0.0727   0.0075 157.603 0 0.5844
2009  6  1 3o1 GAS 22 48 15.30   0.2744  -0.6962   0.0338   0.0235  -0.0568   0.1276   0.7483 158.488 0 0.8109
2009  6  1 3o1 TER 22 48 36.26   0.3213  -0.8154   0.0309   0.0203  -0.1092  -0.0307   0.8765 158.491 0 0.8721
2009  6  2 4e2 CRI  1 56 36.56   0.1164  -0.3104   0.0055   0.0063   0.0357  -0.0312   0.3315 159.441 0 0.2128
2009  6  3 4e2 GAS 22 43 55.47  -0.1609   0.4790   0.0132   0.0107   0.0162   0.0149   0.5053 341.427 0 0.4322
2009  6  3 4e2 TER 22 43 47.15  -0.1722   0.5126   0.0145   0.0108  -0.0220   0.0393   0.5407 341.429 0 0.4703
2009  6  7 1o2 GAS 23  4 17.11   0.1563  -0.3914   0.0362   0.0304   0.0210  -0.0435   0.4215 158.228 0 0.7529
2009  6  7 1o2 TER 23  4 12.26   0.1298  -0.3250   0.0238   0.0230  -0.0326   0.0120   0.3500 158.222 0 0.7101
2009  6  8 3o2 GAS 21 33 35.44   0.2532  -0.6174   0.0339   0.0256   0.0275   0.0321   0.6673 157.699 0 0.7577
2009  6  8 3o2 TER 21 33 15.62   0.2557  -0.6234   0.0457   0.0353  -0.0562  -0.0092   0.6738 157.699 0 0.7640
2009  6 16 3e1 CRI  1 29 47.18  -0.3055   0.8575   0.0190   0.0107   0.0142  -0.0063   0.9103 340.386 0 0.7898
2009  6 16 3e1 CRI  1 29 44.93  -0.3033   0.8511   0.0273   0.0158   0.0122  -0.0143   0.9035 340.386 0 0.7829
2009  6 16 3o2 CRI  0 46 42.88   0.3700  -0.9010   0.0583   0.0333   0.0295  -0.0590   0.9740 157.673 0 0.9064
2009  6 16 3o2 TER  0 46 42.58   0.3494  -0.8510   0.0197   0.0118   0.0081  -0.0096   0.9200 157.674 0 0.8851
2009  6 16 3e1 VOR 23 17 39.27  -0.2854   0.7993   0.1228   0.0761   0.2352   0.1222   0.8487 340.348 0 0.7263
2009  6 19 4e3 CRM 23 21 53.49  -0.0332   0.0932   0.0711   0.1690   0.0874  -0.0991   0.0989 340.356 0 0.4569
2009  6 19 4e3 CRM 23 21 45.69  -0.0318   0.0892   0.0775   0.1861   0.0509  -0.1166   0.0947 340.364 0 0.4565
2009  6 19 4e3 GAS 23 21 46.54  -0.0692   0.1941   0.0098   0.0176   0.0176  -0.0102   0.2060 340.370 0 0.4751
2009  6 19 4e3 TER 23 21 50.48  -0.0602   0.1688   0.0073   0.0142   0.0458  -0.0287   0.1792 340.374 0 0.4694
2009  6 27 2e4 VOR 22 15 57.27  -0.1473   0.4083   0.0842   0.0872  -0.2813   0.0972   0.4341 340.161 0 0.7499
2009  7 12 2e1 GAS  1 14 43.49  -0.3167   0.8603   0.2885   0.1305  -0.4986  -0.3206   0.9168 339.786 2 0.9796
2009  7 16 1e2 KOU 21 50 18.08  -0.0935   0.2576   0.0172   0.0190   0.0699  -0.3066   0.2740 340.035 0 0.6854
2009  7 16 1e2 KOU 21 50 24.01  -0.0981   0.2700   0.0174   0.0188   0.0896  -0.2853   0.2873 340.034 0 0.6935
2009  7 16 1o2 KOU 23  3 24.01   0.2051  -0.5291   0.0194   0.0174  -0.0069   0.0033   0.5675 158.804 0 0.8034
2009  7 24 1e2 PNA  0 15  6.85  -0.1612   0.4413   0.0255   0.0184  -0.0059  -0.0427   0.4698 339.928 0 0.5544
2009  7 23 4e2 GAS 23 10 53.02   0.4137  -1.1254   0.0789   0.0354   0.0150   0.0093   1.1991 159.813 0 0.9574
2009  7 23 4e2 P26 23 10 50.27   0.3933  -1.0698   0.1451   0.0681  -0.0180   0.0602   1.1398 159.815 0 0.9385
2009  7 24 1e2 CRI  0 15  9.60  -0.1726   0.4726   0.0100   0.0068  -0.0070  -0.0076   0.5032 339.929 0 0.6019
2009  7 24 1e2 CRI  0 15 10.81  -0.1727   0.4729   0.0103   0.0070  -0.0025  -0.0056   0.5035 339.939 0 0.6019
2009  7 24 1e2 P26  0 15  9.50  -0.1736   0.4754   0.0152   0.0104  -0.0083  -0.0050   0.5061 339.934 0 0.6058
2009  7 24 1o2 CRI  1 13 34.52   0.1941  -0.5066   0.0237   0.0184   0.0159  -0.0272   0.5425 159.031 0 0.7887
2009  7 24 1o2 CRI  1 13 29.97   0.1872  -0.4885   0.0230   0.0184  -0.0101  -0.0165   0.5232 159.027 0 0.7785
2009  7 24 1o2 P26  1 12 46.55   0.2370  -0.6183   0.0873   0.0662  -0.1438  -0.2163   0.6622 159.024 0 0.8498
2009  8  4 3e2 TER 21 53  4.25  -0.1045   0.2688   0.0043   0.0062   0.0377  -0.0096   0.2884 338.745 0 0.6569
2009  8  4 3o2 TER 22 52 50.15   0.4325  -1.0918   0.0225   0.0113   0.0509   0.0298   1.1744 158.387 0 0.9480
2009  8  8 1e3 PNA 20 43  3.73   0.1720  -0.4548   0.0363   0.0318  -0.0670  -0.0361   0.4863 159.276 0 0.8026
2009  8 10 1e2 TER 18 32 26.46  -0.1468   0.3979   0.0149   0.0119  -0.0440   0.0157   0.4242 339.750 0 0.7942
2009  8 10 1o2 TER 18 45  5.95   0.0979  -0.2653   0.0104   0.0124  -0.0053  -0.0431   0.2828 159.741 0 0.6715
2009  8 15 1e3 P26 23 53 31.40   0.2617  -0.6883   0.0758   0.0466   0.0715  -0.1513   0.7364 159.184 0 0.8876
2009  8 15 1e3 PUL 23 53 39.27   0.2280  -0.5998   0.0368   0.0264   0.0686  -0.0510   0.6416 159.185 0 0.8559
2009  8 15 1o2 TER  0 43 43.79  -0.3364   0.7633   0.0191   0.0122  -0.0339  -0.0140   0.8341 336.212 0 0.9192
2009  8 16 1e3 PNA 20 49  8.99   0.1203  -0.2969   0.0391   0.0705   0.0847   0.1512   0.3203 157.935 0 0.7453
2009  8 16 1o3 PNA 20 21 12.54   0.5359  -1.1980   0.5378   0.2226   0.2881   0.3071   1.3124 155.900 2 0.9755
2009  8 17 1e2 CRI 21 15 22.03  -0.1155   0.3135   0.0135   0.0129   0.0108  -0.0604   0.3341 339.769 0 0.7388
2009  8 17 1e2 CRM 21 15  7.18  -0.1200   0.3256   0.0144   0.0130  -0.0263  -0.0603   0.3471 339.762 0 0.7442
2009  8 17 1e2 CRM 21 15 21.14  -0.1186   0.3218   0.0182   0.0166   0.0058  -0.0528   0.3430 339.767 0 0.7442
2009  8 24 1o2 TER 23 30 51.01  -0.0302   0.0856   0.0054   0.0168  -0.0149   0.0118   0.0907 340.530 0 0.5834
2009  8 24 1o2 TER 23 30 52.11  -0.0160   0.0454   0.0053   0.0340   0.0016  -0.0273   0.0482 340.523 0 0.5829
2009  8 25 1e2 TER  0 13 53.52  -0.1551   0.4250   0.0099   0.0079  -0.0097   0.0092   0.4524 339.947 0 0.8012
2009  8 25 1e2 TER  0 13 56.71  -0.1514   0.4151   0.0095   0.0077  -0.0010   0.0012   0.4419 339.953 0 0.7948
2009  8 25 1e2 CRI 18 14  6.07  -0.2847   0.7044   0.0438   0.0211  -0.0095   0.0599   0.7598 337.987 0 0.9043
2009  8 25 1o2 CRI 17 29  6.84  -0.2243   0.5645   0.0242   0.0183   0.0079  -0.0179   0.6074 338.326 0 0.8022
2009  8 25 1o2 TER 17 28 52.37  -0.2260   0.5686   0.0165   0.0108  -0.0226  -0.0253   0.6119 338.322 0 0.8180
2009  9  1 1e2 GAS 21  3 47.05  -0.1986   0.4906   0.0130   0.0086   0.0228   0.0126   0.5292 337.956 0 0.6364
2009  9  1 1e2 TER 21  4 16.56  -0.2143   0.5297   0.0159   0.0101   0.0788   0.0808   0.5714 337.967 0 0.8640
2009  9  1 1o2 TER 20  1 26.13  -0.2091   0.5389   0.0115   0.0088  -0.0309  -0.0198   0.5780 338.788 0 0.7985
2009  9  8 1e2 GAS 23 42 27.45  -0.1228   0.3022   0.0190   0.0166   0.0136  -0.0250   0.3262 337.877 0 0.3410
2009  9  8 1e2 TER 23 42  9.64  -0.1323   0.3256   0.0270   0.0241  -0.0474  -0.0226   0.3514 337.875 0 0.7196
2009  9  8 1o2 CRM 22 26  7.91  -0.2098   0.5507   0.0501   0.0367   0.0356   0.0300   0.5893 339.147 0 0.7817
2009  9  8 1o2 CRM 22 26  2.66  -0.1949   0.5117   0.0469   0.0363   0.0343  -0.0151   0.5476 339.144 0 0.7817
2009  9  8 1o2 TER 22 26  3.00  -0.2089   0.5484   0.0171   0.0127   0.0216   0.0218   0.5868 339.144 0 0.8031
2009  9 26 1e2 CRI 17 57 22.25   0.0292  -0.0710   0.0129   0.0243   0.0033   0.0110   0.0768 157.614 0 0.0527
2009  9 26 1e2 CRI 17 57 21.79   0.0294  -0.0715   0.0171   0.0323   0.0017   0.0098   0.0774 157.623 0 0.0527
2009  9 26 1e2 TER 17 57 21.61   0.0355  -0.0863   0.0081   0.0121   0.0071  -0.0052   0.0933 157.625 0 0.0682
2009 10  3 1o2 PNA 18 29 48.44  -0.1795   0.4902   0.0481   0.0411   0.0152  -0.0869   0.5220 339.885 0 0.7743
2009 10  3 1e2 VOR 20 21 54.40   0.1116  -0.2696   0.0435   0.0485  -0.0423  -0.0421   0.2918 157.501 0 0.2915
2009 10  8 3o1 GAS 17 49 49.03   0.3558  -0.9963   0.1168   0.0535  -0.1355   0.1097   1.0579 160.346 2 0.9259
2009 10  9 3o2 CRI 17 52 47.61   0.3034  -0.8602   0.0309   0.0162   0.0021   0.0258   0.9122 160.570 0 0.8905
2009 10  9 3o2 GAS 17 53  0.12   0.3001  -0.8511   0.0257   0.0132   0.0436   0.0505   0.9025 160.576 0 0.8913
2009 10 15 3o1 GAS 20 29 35.00   0.3670  -1.0293   0.1727   0.0817   0.0723  -0.0457   1.0928 160.372 2 0.9456
2009 10 16 3o2 GAS 21 13 39.09   0.2682  -0.7598   0.1074   0.0610   0.0171  -0.0062   0.8057 160.554 2 0.8572
2009 10 26 2o3 KOU 15 40 45.74   0.4008   0.7045   0.0676   0.0765  -0.1910   0.2200   0.8106  29.634 2 0.8196
2009 10 26 2o3 TER 15 42 24.76  -0.0623   0.1730   0.0166   0.0337  -0.0043  -0.0775   0.1839 340.193 0 0.7446
2009 10 28 1o2 GAS 14 29 41.14  -0.1548   0.4236   0.0182   0.0160  -0.1817  -0.1831   0.4510 339.927 1 0.7531
2009 10 28 1o2 TER 14 30 43.35  -0.1902   0.5207   0.0348   0.0271   0.0989   0.0294   0.5544 339.931 0 0.8202
2009 11  4 1o2 GAS 16 48 59.70  -0.1758   0.4787   0.0175   0.0128  -0.0411  -0.0142   0.5099 339.833 0 0.7993
2009 11 11 1o2 TER 19  8 28.74  -0.1347   0.3639   0.0198   0.0172   0.0040  -0.0513   0.3880 339.681 0 0.7229
2009 11 21 3o2 TER 14 18 42.42   0.1831  -0.4974   0.0119   0.0096   0.0065   0.0610   0.5300 159.790 0 0.7553
2009 11 28 3o2 CRM 17 48  4.88   0.2249  -0.6025   0.0371   0.0239  -0.0562  -0.0029   0.6431 159.527 0 0.8312
2009 11 28 3o2 CRM 17 48 26.71   0.2309  -0.6187   0.0397   0.0249   0.0472   0.0171   0.6604 159.530 0 0.8312
2009 11 28 3o2 TER 17 48  9.13   0.2321  -0.6217   0.0154   0.0093  -0.0298  -0.0152   0.6636 159.525 0 0.8328
2009 12 15 2o3 GAS 15  2 41.63   0.2138  -0.5461   0.0500   0.0307  -0.0353   0.0151   0.5864 158.611 0 0.8731
2009 12 15 2o3 P26 15  2 43.74   0.2326  -0.5942   0.0514   0.0314  -0.0068  -0.0285   0.6381 158.617 0 0.8926
