1 2 2016 01 09.05640  196.209  -92.685 -0.079  0.012   0.022    0.030
1 4 2016 01 09.05640 -296.113  124.436 -0.030 -0.043   0.028    0.030
2 4 2016 01 09.05640 -492.340  217.131  0.028 -0.046   0.036    0.037
1 2 2016 02 16.96792  -32.827 -139.689  0.076  0.110   0.039    0.026
1 2 2016 02 16.97486  241.914 -114.982  0.061  0.132   0.025    0.037
1 2 2016 02 16.98181  242.517 -115.113  0.026  0.098   0.016    0.016
1 2 2016 02 16.98875  243.007 -115.297 -0.030  0.000   0.011    0.018
1 2 2016 02 16.99569  243.506 -115.322  0.000  0.021   0.019    0.018
1 2 2016 02 17.00264  243.911 -115.366  0.003 -0.012   0.019    0.016
1 2 2016 02 17.00958  244.170 -115.313 -0.054 -0.013   0.026    0.012
1 2 2016 02 17.01653  244.414 -115.222 -0.039  0.005   0.036    0.023
1 2 2016 02 17.05819  244.156 -113.994  0.023 -0.064   0.006    0.030
1 2 2016 02 17.06514  243.773 -113.680  0.035 -0.115   0.037    0.042
1 2 2016 02 17.07903  242.878 -112.891  0.044 -0.099   0.025    0.059
1 3 2016 02 17.00958   12.961  -19.603 -0.017  0.153   0.011    0.030
1 3 2016 02 17.01653   16.332  -21.211 -0.005  0.044   0.020    0.010
1 4 2016 02 16.96792  215.600 -266.051 -0.025  0.089   0.067    0.064
1 4 2016 02 16.97486  581.545 -282.402  0.057  0.090   0.034    0.034
1 4 2016 02 16.98181  583.824 -283.345 -0.012  0.053   0.021    0.015
1 4 2016 02 16.98875  586.047 -284.404 -0.058 -0.067   0.020    0.025
1 4 2016 02 16.99569  588.336 -285.223  0.001 -0.001   0.021    0.026
1 4 2016 02 17.00264  590.485 -286.163  0.000 -0.049   0.021    0.019
1 4 2016 02 17.00958  592.516 -286.976 -0.087 -0.035   0.027    0.015
1 4 2016 02 17.01653  594.655 -287.748  0.028  0.005   0.050    0.048
2 3 2016 02 16.96792 -170.672  111.309  0.069  0.124   0.045    0.022
2 3 2016 02 16.97486 -246.459  103.447 -0.003  0.098   0.027    0.022
2 3 2016 02 17.00958 -231.226   95.678  0.019  0.098   0.026    0.040
2 3 2016 02 17.01653 -228.120   93.991  0.013  0.029   0.037    0.024
2 4 2016 02 16.97486  339.625 -167.389 -0.015 -0.051   0.015    0.013
2 4 2016 02 16.98181  341.307 -168.232 -0.038 -0.045   0.017    0.007
2 4 2016 02 16.98875  343.042 -169.117 -0.024 -0.083   0.017    0.017
2 4 2016 02 16.99569  344.795 -169.931 -0.028 -0.046   0.016    0.012
2 4 2016 02 17.00264  346.567 -170.814 -0.009 -0.053   0.020    0.011
2 4 2016 02 17.00958  348.355 -171.667 -0.013 -0.031   0.022    0.015
2 4 2016 02 17.01653  350.210 -172.519  0.033  0.008   0.035    0.027
2 4 2016 02 17.05125  359.526 -177.121 -0.030 -0.076   0.036    0.047
2 4 2016 02 17.05819  361.391 -178.039  0.069 -0.013   0.049    0.032
2 4 2016 02 17.06514  363.309 -179.031 -0.005 -0.081   0.023    0.025
2 4 2016 02 17.07208  365.263 -180.007  0.002 -0.093   0.014    0.030
2 4 2016 02 17.07903  367.286 -180.858  0.046  0.005   0.017    0.018
2 4 2016 02 17.08597  369.266 -181.862  0.043 -0.034   0.014    0.020
2 4 2016 02 17.09292  371.267 -182.840  0.041 -0.040   0.009    0.025
3 4 2016 02 16.97486  586.104 -270.784  0.014 -0.093   0.052    0.018
3 4 2016 02 17.00958  579.556 -267.366 -0.036 -0.131   0.036    0.044
3 4 2016 02 17.01653  578.311 -266.534  0.006 -0.031   0.051    0.042
1 2 2016 02 17.90954 -215.455  111.516 -0.003  0.053   0.029    0.017
1 2 2016 02 17.93731 -227.967  116.854  0.033  0.122   0.020    0.016
1 2 2016 02 17.94426 -230.872  118.053  0.069  0.081   0.017    0.021
1 2 2016 02 17.95120 -233.662  119.257  0.096  0.081   0.025    0.023
1 2 2016 02 17.95815 -236.526  120.358 -0.004  0.075   0.027    0.026
1 2 2016 02 17.96509 -239.165  121.485  0.036  0.078   0.030    0.037
1 2 2016 02 17.97204 -241.789  122.544 -0.009  0.078   0.020    0.026
1 2 2016 02 17.97898 -244.229  123.547  0.058  0.078   0.020    0.022
1 2 2016 02 17.98593 -246.662  124.455  0.022  0.016   0.014    0.033
1 2 2016 02 17.99287 -248.941  125.456  0.055  0.086   0.018    0.025
1 2 2016 02 17.99981 -251.191  126.312  0.040  0.059   0.027    0.018
1 2 2016 02 18.00676 -253.349  127.097  0.013  0.005   0.023    0.027
1 2 2016 02 18.01370 -255.380  127.982  0.046  0.094   0.028    0.020
1 2 2016 02 18.02065 -257.270  128.635  0.071  0.009   0.026    0.025
1 2 2016 02 18.02759 -259.197  129.393  0.031  0.061   0.023    0.029
1 2 2016 02 18.03454 -260.947  129.997  0.037  0.012   0.017    0.028
1 2 2016 02 18.04148 -262.598  130.635  0.046  0.021   0.024    0.034
1 2 2016 02 18.04843 -264.240  131.204 -0.004  0.047   0.025    0.029
1 2 2016 02 18.05537 -265.679  131.731  0.036  0.048   0.022    0.031
1 2 2016 02 18.06231 -266.983  132.112  0.131 -0.038   0.021    0.025
1 2 2016 02 18.07620 -269.583  132.932  0.037 -0.011   0.038    0.034
1 2 2016 02 18.08315 -270.607  133.139  0.052 -0.043   0.051    0.045
1 2 2016 02 18.09009 -271.667  133.673  0.049  0.062   0.032    0.029
1 2 2016 02 18.09704 -272.539  133.872  0.099  0.016   0.029    0.046
1 3 2016 02 17.90954   45.237  -29.281 -0.050  0.060   0.017    0.017
1 3 2016 02 17.93731   45.992  -29.968 -0.069  0.018   0.012    0.013
1 3 2016 02 17.94426   46.314  -30.217 -0.090 -0.000   0.011    0.012
1 3 2016 02 17.95120   46.745  -30.510 -0.059 -0.033   0.008    0.015
1 3 2016 02 17.95815   47.204  -30.783 -0.055 -0.006   0.011    0.013
1 3 2016 02 17.96509   47.695  -31.087 -0.084  0.021   0.011    0.014
1 3 2016 02 17.97204   48.307  -31.435 -0.057  0.023   0.008    0.014
1 3 2016 02 17.97898   48.944  -31.832 -0.068  0.005   0.008    0.016
1 3 2016 02 17.98593   49.645  -32.223 -0.070  0.024   0.008    0.014
1 3 2016 02 17.99287   50.419  -32.677 -0.067  0.011   0.010    0.020
1 3 2016 02 17.99981   51.260  -33.170 -0.058  0.001   0.011    0.009
1 3 2016 02 18.00676   52.162  -33.672 -0.051  0.006   0.009    0.013
1 3 2016 02 18.01370   53.122  -34.185 -0.050  0.025   0.014    0.021
1 3 2016 02 18.02065   54.124  -34.767 -0.074  0.006   0.011    0.014
1 3 2016 02 18.02759   55.214  -35.374 -0.072  0.001   0.014    0.022
1 3 2016 02 18.03454   56.364  -35.997 -0.079  0.002   0.010    0.021
1 3 2016 02 18.04148   57.591  -36.655 -0.071 -0.002   0.010    0.020
1 3 2016 02 18.04843   58.900  -37.348 -0.046 -0.000   0.009    0.024
1 3 2016 02 18.05537   60.216  -38.062 -0.072  0.001   0.016    0.013
1 3 2016 02 18.06231   61.650  -38.789 -0.064  0.016   0.017    0.019
1 3 2016 02 18.06926   63.084  -39.670 -0.099 -0.088   0.017    0.027
1 3 2016 02 18.07620   64.590  -40.390 -0.132  0.003   0.015    0.017
1 3 2016 02 18.08315   66.203  -41.225 -0.120 -0.001   0.022    0.016
1 3 2016 02 18.09009   67.962  -42.113 -0.028 -0.024   0.019    0.029
1 3 2016 02 18.09704   69.650  -43.002 -0.082 -0.009   0.019    0.031
1 4 2016 02 17.90954  284.142 -155.056  0.038  0.091   0.029    0.054
1 4 2016 02 17.93731  416.253 -191.358 -0.038  0.026   0.034    0.042
1 4 2016 02 17.94426  414.925 -190.742 -0.096  0.028   0.027    0.023
1 4 2016 02 17.95120  413.679 -190.258 -0.107  0.009   0.032    0.031
1 4 2016 02 17.95815  412.647 -189.754  0.002 -0.007   0.037    0.033
1 4 2016 02 17.96509  411.451 -189.262 -0.105  0.029   0.033    0.037
1 4 2016 02 17.97204  410.549 -188.857  0.030  0.027   0.024    0.033
1 4 2016 02 17.97898  409.463 -188.481 -0.102 -0.014   0.025    0.033
1 4 2016 02 17.98593  408.627 -188.062 -0.029  0.034   0.035    0.022
1 4 2016 02 17.99287  407.748 -187.755 -0.082  0.022   0.033    0.025
1 4 2016 02 17.99981  407.036 -187.423 -0.023  0.038   0.028    0.029
1 4 2016 02 18.00676  406.335 -187.172 -0.026  0.020   0.028    0.030
1 4 2016 02 18.01370  405.648 -186.938 -0.075  0.032   0.026    0.035
1 4 2016 02 18.02065  405.028 -186.666 -0.115  0.068   0.031    0.031
1 4 2016 02 18.02759  404.598 -186.524 -0.043  0.048   0.024    0.035
1 4 2016 02 18.03454  404.164 -186.452 -0.062 -0.011   0.047    0.043
1 4 2016 02 18.04148  403.777 -186.292 -0.058  0.025   0.021    0.031
1 4 2016 02 18.04843  403.557 -186.159 -0.004  0.077   0.047    0.027
1 4 2016 02 18.05537  403.299 -186.173 -0.011  0.035   0.031    0.021
1 4 2016 02 18.06231  403.117 -186.068 -0.029  0.031   0.038    0.062
1 4 2016 02 18.07620  402.995 -186.174 -0.051  0.012   0.032    0.068
1 4 2016 02 18.09009  403.201 -186.410 -0.037  0.029   0.063    0.028
1 4 2016 02 18.09704  403.361 -186.536 -0.016  0.045   0.054    0.034
2 3 2016 02 17.90954  260.706 -140.806 -0.018 -0.013   0.032    0.022
2 3 2016 02 17.93731  273.984 -146.812 -0.076 -0.092   0.023    0.021
2 3 2016 02 17.94426  277.222 -148.258 -0.113 -0.071   0.020    0.026
2 3 2016 02 17.95120  280.406 -149.726 -0.132 -0.081   0.021    0.037
2 3 2016 02 17.95815  283.791 -151.111 -0.004 -0.059   0.029    0.026
2 3 2016 02 17.96509  286.881 -152.575 -0.080 -0.084   0.041    0.027
2 3 2016 02 17.97204  290.145 -153.927 -0.015 -0.017   0.019    0.033
2 3 2016 02 17.97898  293.187 -155.369 -0.109 -0.058   0.021    0.031
2 3 2016 02 17.98593  296.322 -156.711 -0.079 -0.016   0.015    0.034
2 3 2016 02 17.99287  299.403 -158.115 -0.086 -0.042   0.024    0.023
2 3 2016 02 17.99981  302.461 -159.482 -0.090 -0.058   0.033    0.019
2 3 2016 02 18.00676  305.547 -160.774 -0.018  0.000   0.025    0.023
2 3 2016 02 18.01370  308.491 -162.141 -0.101 -0.036   0.030    0.034
2 3 2016 02 18.02065  311.424 -163.394 -0.124 -0.002   0.026    0.031
2 3 2016 02 18.02759  314.457 -164.787 -0.041 -0.086   0.030    0.026
2 3 2016 02 18.03454  317.331 -165.991 -0.093 -0.004   0.028    0.028
2 3 2016 02 18.04148  320.177 -167.272 -0.111  0.008   0.026    0.047
2 3 2016 02 18.04843  323.141 -168.502 -0.041 -0.005   0.026    0.024
2 3 2016 02 18.05537  325.940 -169.759 -0.056 -0.018   0.023    0.034
2 3 2016 02 18.06231  328.696 -171.019 -0.082 -0.009   0.034    0.053
2 3 2016 02 18.07620  334.224 -173.408 -0.139  0.009   0.052    0.032
2 3 2016 02 18.09009  339.755 -175.770  0.021 -0.068   0.045    0.031
2 3 2016 02 18.09704  342.289 -176.828 -0.070  0.015   0.080    0.055
2 4 2016 02 17.90954  499.601 -266.570  0.049  0.036   0.025    0.052
2 4 2016 02 17.93731  644.128 -308.015 -0.019 -0.011   0.043    0.034
2 4 2016 02 17.94426  645.864 -308.749 -0.092 -0.020   0.038    0.019
2 4 2016 02 17.95815  649.206 -310.076  0.032 -0.022   0.048    0.021
2 4 2016 02 17.97204  652.409 -311.243  0.073  0.045   0.041    0.032
2 4 2016 02 17.97898  653.767 -311.973 -0.066 -0.036   0.042    0.046
2 4 2016 02 17.98593  655.273 -312.542 -0.059 -0.010   0.049    0.028
2 4 2016 02 17.99287  656.822 -313.185 -0.016 -0.050   0.043    0.021
2 4 2016 02 17.99981  658.311 -313.694 -0.002  0.018   0.047    0.040
2 4 2016 02 18.00676  659.717 -314.319 -0.013 -0.035   0.036    0.047
2 4 2016 02 18.01370  661.075 -314.930 -0.059 -0.028   0.032    0.039
2 4 2016 02 18.02759  663.884 -315.942  0.003 -0.044   0.030    0.027
2 4 2016 02 18.03454  665.132 -316.391 -0.092  0.045   0.048    0.061
2 4 2016 02 18.04148  666.428 -317.135 -0.008 -0.085   0.024    0.037
2 4 2016 02 18.04843  667.747 -317.385 -0.009  0.001   0.053    0.034
2 4 2016 02 18.05537  668.963 -317.920 -0.026 -0.028   0.044    0.039
2 4 2016 02 18.06231  670.299 -318.353  0.043 -0.034   0.042    0.049
3 4 2016 02 17.90954  244.001 -127.253  0.028  0.119   0.038    0.030
3 4 2016 02 17.93731  370.195 -161.396 -0.031 -0.015   0.029    0.028
3 4 2016 02 17.94426  368.568 -160.525 -0.045  0.028   0.026    0.015
3 4 2016 02 17.95120  366.902 -159.801 -0.073 -0.012   0.028    0.031
3 4 2016 02 17.95815  365.398 -159.009  0.019 -0.034   0.034    0.029
3 4 2016 02 17.96509  363.720 -158.171 -0.048  0.022   0.035    0.026
3 4 2016 02 17.97204  362.178 -157.430  0.037  0.020   0.025    0.042
3 4 2016 02 17.97898  360.520 -156.645 -0.037 -0.017   0.025    0.020
3 4 2016 02 17.98593  358.972 -155.826  0.030  0.025   0.031    0.025
3 4 2016 02 17.99287  357.345 -155.039 -0.002  0.050   0.025    0.027
3 4 2016 02 17.99981  355.750 -154.252  0.009  0.038   0.028    0.030
3 4 2016 02 18.00676  354.170 -153.507  0.024  0.009   0.020    0.032
3 4 2016 02 18.01370  352.507 -152.793 -0.042 -0.038   0.030    0.027
3 4 2016 02 18.02065  350.903 -151.875 -0.051  0.081   0.027    0.021
3 4 2016 02 18.02759  349.339 -151.188 -0.012  0.016   0.029    0.030
3 4 2016 02 18.03454  347.752 -150.420 -0.030  0.014   0.037    0.033
3 4 2016 02 18.04148  346.199 -149.639  0.012  0.037   0.021    0.032
3 4 2016 02 18.04843  344.640 -148.807  0.023  0.087   0.029    0.028
3 4 2016 02 18.05537  343.012 -148.113 -0.027  0.017   0.029    0.028
3 4 2016 02 18.06231  341.473 -147.310 -0.005  0.078   0.029    0.033
3 4 2016 02 18.07620  338.349 -145.749 -0.004  0.041   0.046    0.053
3 4 2016 02 18.09009  335.207 -144.326 -0.015  0.005   0.052    0.028
3 4 2016 02 18.09704  333.688 -143.543  0.051  0.042   0.052    0.036
1 2 2016 02 29.87741   29.469  -16.869 -0.005  0.067   0.054    0.046
1 2 2016 02 29.94685   24.435  -14.437 -0.111  0.008   0.084    0.017
1 2 2016 02 29.95380   23.965  -14.178 -0.020  0.026   0.054    0.045
1 2 2016 02 29.98157   21.447  -12.907 -0.002  0.078   0.043    0.033
1 3 2016 02 29.82185 -229.890  113.060  0.013  0.110   0.017    0.006
1 3 2016 02 29.82880 -232.250  114.201  0.032  0.111   0.009    0.015
1 3 2016 02 29.83574 -234.692  115.366  0.009  0.137   0.006    0.012
1 3 2016 02 29.84268 -237.151  116.486  0.000  0.120   0.008    0.011
1 3 2016 02 29.84963 -239.609  117.637  0.020  0.099   0.006    0.011
1 3 2016 02 29.85657 -242.112  118.827  0.016  0.134   0.004    0.012
1 3 2016 02 29.86352 -244.661  120.013 -0.008  0.134   0.007    0.013
1 3 2016 02 29.87046 -247.240  121.200 -0.038  0.139   0.006    0.010
1 3 2016 02 29.87741 -249.855  122.425 -0.087  0.168   0.011    0.014
1 3 2016 02 29.88435 -252.527  123.583 -0.099  0.124   0.061    0.023
1 4 2016 02 29.82185  -26.918   -4.493 -0.038  0.026   0.004    0.006
1 4 2016 02 29.82880  -27.931   -3.953 -0.048  0.028   0.005    0.004
1 4 2016 02 29.83574  -28.979   -3.398 -0.051  0.026   0.004    0.005
1 4 2016 02 29.84268  -30.042   -2.829 -0.047  0.026   0.004    0.005
1 4 2016 02 29.84963  -31.196   -2.236 -0.062  0.030   0.003    0.003
1 4 2016 02 29.85657  -32.349   -1.627 -0.058  0.036   0.004    0.004
1 4 2016 02 29.86352  -33.570   -1.013 -0.085  0.035   0.004    0.004
1 4 2016 02 29.87046  -34.831   -0.373 -0.118  0.044   0.006    0.003
1 4 2016 02 29.87741  -36.143    0.297 -0.174  0.074   0.011    0.005
1 4 2016 02 29.88435  -37.502    0.961 -0.200  0.076   0.014    0.004
2 3 2016 02 29.87741 -279.361  139.164 -0.087 -0.033   0.056    0.080
2 3 2016 02 29.88435 -281.482  139.993  0.037 -0.115   0.025    0.049
2 3 2016 02 29.89824 -285.923  142.042 -0.076 -0.035   0.024    0.062
2 3 2016 02 29.97463 -309.116  152.375  0.003 -0.023   0.055    0.068
2 4 2016 02 29.87741  -65.514   17.140 -0.010 -0.003   0.055    0.048
2 4 2016 02 29.93296  -72.738   20.744  0.009  0.010   0.069    0.071
2 4 2016 02 29.94685  -74.531   21.439 -0.000 -0.022   0.063    0.066
3 4 2016 02 29.82185  202.972 -117.554 -0.051 -0.083   0.017    0.008
3 4 2016 02 29.82880  204.319 -118.155 -0.080 -0.083   0.011    0.013
3 4 2016 02 29.83574  205.713 -118.764 -0.060 -0.111   0.007    0.012
3 4 2016 02 29.84268  207.109 -119.315 -0.047 -0.094   0.009    0.009
3 4 2016 02 29.84963  208.412 -119.873 -0.081 -0.070   0.005    0.013
3 4 2016 02 29.85657  209.762 -120.454 -0.074 -0.098   0.005    0.014
3 4 2016 02 29.86352  211.091 -121.027 -0.077 -0.099   0.006    0.013
3 4 2016 02 29.87046  212.409 -121.573 -0.080 -0.094   0.006    0.009
3 4 2016 02 29.87741  213.715 -122.139 -0.089 -0.104   0.007    0.013
3 4 2016 02 29.88435  215.023 -122.656 -0.076 -0.075   0.008    0.019
3 4 2016 02 29.89130  216.313 -123.192 -0.090 -0.069   0.012    0.017
3 4 2016 02 29.89824  217.570 -123.711 -0.093 -0.057   0.013    0.013
3 4 2016 02 29.90518  218.862 -124.238 -0.079 -0.064   0.010    0.014
3 4 2016 02 29.91213  220.161 -124.808 -0.041 -0.109   0.012    0.008
3 4 2016 02 29.91907  221.376 -125.333 -0.075 -0.115   0.009    0.012
3 4 2016 02 29.92602  222.590 -125.847 -0.092 -0.109   0.010    0.013
3 4 2016 02 29.93296  223.969 -126.330  0.046 -0.118   0.015    0.021
3 4 2016 02 29.93991  225.106 -126.777 -0.069 -0.068   0.026    0.020
3 4 2016 02 29.94685  226.288 -127.217 -0.073 -0.018   0.014    0.020
3 4 2016 02 29.95380  227.457 -127.713 -0.101 -0.030   0.008    0.024
3 4 2016 02 29.96074  228.674 -128.199 -0.071 -0.018   0.008    0.021
3 4 2016 02 29.96768  229.841 -128.635 -0.078  0.021   0.012    0.016
3 4 2016 02 29.97463  231.012 -129.114 -0.069  0.034   0.009    0.020
3 4 2016 02 29.98157  232.171 -129.588 -0.064  0.016   0.013    0.020
3 4 2016 02 29.98852  233.327 -130.083 -0.046 -0.008   0.006    0.017
3 4 2016 02 29.99546  234.476 -130.538 -0.024  0.001   0.018    0.021
3 4 2016 03 01.00241  235.587 -130.988 -0.030 -0.005   0.018    0.027
3 4 2016 03 01.00935  236.754 -131.469  0.021 -0.028   0.020    0.024
3 4 2016 03 01.01630  237.878 -131.983  0.042 -0.079   0.014    0.025
3 4 2016 03 01.02324  238.983 -132.363  0.062 -0.029   0.016    0.016
3 4 2016 03 01.03018  240.089 -132.815  0.081 -0.037   0.024    0.018
3 4 2016 03 01.03713  241.164 -133.205  0.098 -0.009   0.014    0.031
2 3 2016 03 01.80647 -382.377  174.239  0.044 -0.002   0.022    0.027
2 3 2016 03 01.81341 -381.076  173.494  0.030  0.017   0.014    0.020
2 3 2016 03 01.84119 -375.497  170.354  0.006  0.097   0.009    0.021
2 3 2016 03 01.84814 -374.010  169.639  0.009  0.133   0.019    0.050
2 3 2016 03 01.85508 -372.512  168.658  0.003  0.069   0.022    0.033
2 3 2016 03 01.86202 -370.899  167.865  0.022  0.152   0.018    0.016
2 3 2016 03 01.86897 -369.332  166.933  0.004  0.132   0.022    0.018
2 3 2016 03 01.87591 -367.658  166.047  0.024  0.164   0.024    0.018
2 3 2016 03 01.88286 -366.029  165.116 -0.000  0.136   0.014    0.021
2 3 2016 03 01.88980 -364.333  164.124 -0.014  0.071   0.015    0.023
2 3 2016 03 01.89675 -362.595  163.199 -0.010  0.128   0.013    0.016
2 3 2016 03 01.90369 -360.821  162.231 -0.006  0.131   0.013    0.019
2 3 2016 03 01.91064 -359.027  161.218 -0.008  0.109   0.011    0.012
2 3 2016 03 01.91758 -357.166  160.238 -0.002  0.138   0.013    0.021
2 3 2016 03 01.92452 -355.307  159.197 -0.018  0.119   0.013    0.016
2 3 2016 03 01.93147 -353.415  158.151 -0.029  0.116   0.012    0.015
2 3 2016 03 01.93841 -351.454  157.120 -0.014  0.133   0.009    0.011
2 3 2016 03 01.94536 -349.452  156.000  0.014  0.088   0.026    0.011
2 3 2016 03 01.95230 -347.499  154.940 -0.034  0.110   0.008    0.015
2 3 2016 03 01.95925 -345.438  153.852 -0.034  0.131   0.011    0.018
2 3 2016 03 01.96619 -343.372  152.707 -0.046  0.106   0.009    0.015
2 4 2016 03 01.80647  -86.410   23.009 -0.029  0.004   0.012    0.012
2 4 2016 03 01.81341  -85.101   22.313 -0.013 -0.008   0.010    0.011
2 4 2016 03 01.82730  -82.471   20.990 -0.051  0.095   0.020    0.012
2 4 2016 03 01.83425  -81.086   20.315 -0.028  0.114   0.011    0.012
2 4 2016 03 01.84119  -79.725   19.496 -0.074  0.027   0.022    0.013
2 4 2016 03 01.84814  -78.277   18.740 -0.044  0.022   0.010    0.008
2 4 2016 03 01.85508  -76.780   17.975 -0.011  0.017   0.011    0.010
2 4 2016 03 01.86202  -75.322   17.179 -0.030 -0.007   0.005    0.011
2 4 2016 03 01.86897  -73.813   16.428 -0.026  0.024   0.009    0.009
2 4 2016 03 01.87591  -72.266   15.619 -0.022  0.017   0.007    0.006
2 4 2016 03 01.88286  -70.723   14.816 -0.043  0.032   0.006    0.019
2 4 2016 03 01.88980  -69.113   14.004 -0.023  0.034   0.008    0.021
2 4 2016 03 01.89675  -67.496   13.128 -0.028  0.002   0.006    0.005
2 4 2016 03 01.90369  -65.845   12.274 -0.022 -0.002   0.004    0.008
2 4 2016 03 01.91064  -64.178   11.396 -0.030 -0.015   0.005    0.009
2 4 2016 03 01.91758  -62.469   10.530 -0.024 -0.003   0.003    0.007
2 4 2016 03 01.92452  -60.746    9.630 -0.030 -0.012   0.004    0.006
2 4 2016 03 01.93147  -58.990    8.726 -0.027 -0.016   0.003    0.006
2 4 2016 03 01.93841  -57.207    7.828 -0.028 -0.000   0.003    0.004
2 4 2016 03 01.94536  -55.387    6.891 -0.016 -0.007   0.006    0.008
2 4 2016 03 01.95230  -53.556    5.957 -0.031 -0.012   0.007    0.008
2 4 2016 03 01.95925  -51.700    4.997 -0.032 -0.006   0.004    0.007
2 4 2016 03 01.96619  -49.793    4.035 -0.016 -0.006   0.005    0.005
3 4 2016 03 01.80647  295.961 -151.217 -0.082  0.020   0.015    0.025
3 4 2016 03 01.81341  295.975 -151.181 -0.043 -0.025   0.014    0.018
3 4 2016 03 01.84119  295.794 -150.912 -0.050 -0.108   0.008    0.016
3 4 2016 03 01.84814  295.745 -150.917 -0.041 -0.151   0.012    0.034
3 4 2016 03 01.85508  295.737 -150.731 -0.036 -0.051   0.023    0.031
3 4 2016 03 01.86202  295.551 -150.689 -0.067 -0.157   0.018    0.020
3 4 2016 03 01.86897  295.544 -150.548 -0.003 -0.145   0.020    0.018
3 4 2016 03 01.87591  295.410 -150.448 -0.027 -0.173   0.022    0.017
3 4 2016 03 01.88286  295.303 -150.318 -0.044 -0.131   0.008    0.022
3 4 2016 03 01.88980  295.220 -150.156 -0.011 -0.074   0.015    0.024
3 4 2016 03 01.89675  295.102 -150.069 -0.016 -0.125   0.012    0.015
3 4 2016 03 01.90369  294.976 -149.957 -0.017 -0.134   0.013    0.018
3 4 2016 03 01.91064  294.849 -149.822 -0.021 -0.124   0.010    0.013
3 4 2016 03 01.91758  294.700 -149.698 -0.019 -0.132   0.012    0.016
3 4 2016 03 01.92452  294.560 -149.567 -0.012 -0.131   0.011    0.016
3 4 2016 03 01.93147  294.426 -149.426  0.002 -0.132   0.011    0.014
3 4 2016 03 01.93841  294.247 -149.292 -0.014 -0.134   0.009    0.012
3 4 2016 03 01.94536  294.062 -149.130 -0.034 -0.113   0.023    0.013
3 4 2016 03 01.95230  293.918 -149.014 -0.002 -0.132   0.006    0.013
3 4 2016 03 01.95925  293.738 -148.847  0.002 -0.129   0.009    0.021
3 4 2016 03 01.96619  293.579 -148.674  0.030 -0.113   0.011    0.015
1 2 2016 03 17.92756 -127.727   55.683 -0.039  0.016   0.015    0.010
1 3 2016 03 17.92756  294.109 -149.031 -0.059 -0.100   0.017    0.019
2 3 2016 03 17.92756  421.836 -204.715 -0.020 -0.116   0.023    0.024
1 3 2016 03 18.86877  221.007  -98.274  0.134  0.139   0.030    0.029
3 4 2016 03 18.80627 -116.616   35.533  0.012 -0.210   0.025    0.011
3 4 2016 03 18.84794 -107.023   30.857  0.065 -0.205   0.017    0.008
3 4 2016 03 19.03544  -60.098    7.843 -0.016 -0.175   0.026    0.037
3 4 2016 03 19.04238  -58.205    6.919 -0.023 -0.172   0.012    0.014
3 4 2016 03 19.04933  -56.324    6.006 -0.017 -0.164   0.009    0.018
3 4 2016 03 19.05627  -54.434    5.148 -0.013 -0.122   0.012    0.023
3 4 2016 03 19.06322  -52.525    4.245 -0.005 -0.093   0.011    0.024
3 4 2016 03 19.07016  -50.603    3.360  0.009 -0.046   0.019    0.023
1 2 2016 03 19.81205  260.943 -123.812 -0.040  0.070   0.037    0.023
1 2 2016 03 19.98566  255.354 -116.505  0.016 -0.025   0.006    0.014
1 2 2016 03 20.00649  250.847 -113.711 -0.003  0.051   0.025    0.029
1 2 2016 03 20.01344  249.170 -112.781 -0.021 -0.003   0.019    0.022
1 2 2016 03 20.02038  247.308 -111.644 -0.049  0.098   0.010    0.019
1 2 2016 03 20.02733  245.480 -110.629  0.003  0.073   0.012    0.025
1 2 2016 03 20.03427  243.494 -109.525 -0.022  0.041   0.014    0.016
1 2 2016 03 20.04121  241.464 -108.362 -0.005  0.026   0.016    0.027
1 2 2016 03 20.05510  236.987 -105.928 -0.073  0.047   0.033    0.025
1 2 2016 03 20.06205  234.251 -104.447 -0.039  0.064   0.030    0.036
1 2 2016 03 20.83983 -237.176  118.215  0.038  0.038   0.021    0.016
1 2 2016 03 20.84677 -239.334  119.138  0.078  0.073   0.009    0.014
1 2 2016 03 20.85371 -241.463  119.979  0.083  0.075   0.013    0.014
1 2 2016 03 20.86066 -243.490  120.775  0.088  0.068   0.011    0.014
1 2 2016 03 20.86760 -245.435  121.549  0.066  0.057   0.015    0.009
1 2 2016 03 20.87455 -247.324  122.274  0.029  0.066   0.014    0.015
1 2 2016 03 20.88149 -249.084  122.985  0.038  0.094   0.013    0.017
1 2 2016 03 20.88844 -250.764  123.534  0.015  0.046   0.021    0.016
1 2 2016 03 20.89538 -252.317  124.147  0.051  0.078   0.018    0.013
1 2 2016 03 20.90233 -253.782  124.680  0.063  0.079   0.014    0.009
1 2 2016 03 20.90927 -255.171  125.168  0.063  0.074   0.019    0.016
1 2 2016 03 20.91621 -256.521  125.658  0.019  0.123   0.020    0.025
1 2 2016 03 20.92316 -257.657  126.003  0.084  0.071   0.017    0.017
1 2 2016 03 20.93010 -258.689  126.393  0.158  0.100   0.010    0.013
1 2 2016 03 20.93705 -259.786  126.696  0.080  0.088   0.028    0.019
1 3 2016 03 19.81205  250.292 -111.242  0.021 -0.074   0.040    0.022
1 3 2016 03 19.98566  236.480 -101.275  0.041 -0.054   0.015    0.014
1 3 2016 03 20.00649  231.717  -98.600 -0.011  0.024   0.037    0.040
1 3 2016 03 20.01344  230.026  -97.614  0.030 -0.023   0.018    0.019
1 3 2016 03 20.02038  228.155  -96.557 -0.002  0.045   0.012    0.020
1 3 2016 03 20.02733  226.305  -95.584  0.046  0.031   0.011    0.026
1 3 2016 03 20.03427  224.327  -94.516  0.019  0.008   0.011    0.016
1 3 2016 03 20.04121  222.315  -93.393  0.040  0.074   0.017    0.041
1 3 2016 03 20.04816  220.215  -92.392  0.027  0.001   0.022    0.050
1 3 2016 03 20.05510  217.967  -91.116  0.002  0.021   0.026    0.019
1 3 2016 03 20.06205  215.317  -89.754 -0.008  0.048   0.014    0.025
1 3 2016 03 20.83983 -217.176  112.719  0.005  0.077   0.019    0.016
1 3 2016 03 20.84677 -219.296  113.674  0.040  0.147   0.012    0.014
1 3 2016 03 20.85371 -221.421  114.519  0.018  0.138   0.015    0.016
1 3 2016 03 20.86066 -223.426  115.322  0.037  0.142   0.013    0.015
1 3 2016 03 20.86760 -225.367  116.139  0.022  0.142   0.015    0.014
1 3 2016 03 20.87455 -227.265  116.875 -0.012  0.136   0.016    0.019
1 3 2016 03 20.88149 -229.081  117.638  0.007  0.153   0.020    0.026
1 3 2016 03 20.88844 -230.768  118.240 -0.008  0.132   0.018    0.017
1 3 2016 03 20.89538 -232.399  118.870  0.023  0.141   0.019    0.015
1 3 2016 03 20.90233 -233.958  119.523  0.013  0.187   0.017    0.013
1 3 2016 03 20.90927 -235.444  120.067  0.002  0.157   0.016    0.022
1 3 2016 03 20.92316 -238.169  121.014  0.036  0.107   0.016    0.014
1 3 2016 03 20.93010 -239.341  121.470  0.126  0.120   0.018    0.020
1 3 2016 03 20.93705 -240.585  121.899  0.066  0.119   0.031    0.016
1 3 2016 03 20.94399 -241.787  122.334  0.118  0.080   0.036    0.053
1 3 2016 03 20.95094 -242.673  122.555  0.150  0.086   0.021    0.032
1 4 2016 03 19.81205  445.199 -224.533 -0.024 -0.035   0.048    0.023
1 4 2016 03 19.98566  497.022 -245.094  0.049 -0.143   0.023    0.020
1 4 2016 03 20.00649  500.248 -245.962  0.030  0.028   0.044    0.038
1 4 2016 03 20.01344  501.208 -246.344  0.012 -0.072   0.043    0.054
1 4 2016 03 20.02038  501.870 -246.431 -0.063  0.048   0.035    0.037
1 4 2016 03 20.02733  502.719 -246.656  0.028  0.051   0.025    0.036
1 4 2016 03 20.03427  503.391 -246.826 -0.009  0.011   0.028    0.018
1 4 2016 03 20.04121  504.050 -246.961  0.032  0.005   0.014    0.012
1 4 2016 03 20.05510  504.832 -247.279 -0.067 -0.028   0.036    0.045
1 4 2016 03 20.06205  505.012 -246.928 -0.065  0.064   0.056    0.044
1 4 2016 03 20.83983  359.847 -173.682 -0.040  0.047   0.014    0.025
1 4 2016 03 20.84677  359.914 -173.876 -0.103 -0.015   0.014    0.018
1 4 2016 03 20.85371  360.169 -174.036 -0.040 -0.011   0.019    0.022
1 4 2016 03 20.86066  360.415 -174.197 -0.082  0.013   0.020    0.022
1 4 2016 03 20.86760  360.734 -174.439 -0.101  0.036   0.016    0.019
1 4 2016 03 20.87455  361.162 -174.714 -0.071  0.024   0.018    0.015
1 4 2016 03 20.88149  361.639 -175.045 -0.079 -0.002   0.016    0.021
1 4 2016 03 20.88844  362.216 -175.300 -0.052  0.029   0.027    0.020
1 4 2016 03 20.89538  362.817 -175.691 -0.075 -0.009   0.019    0.023
1 4 2016 03 20.90233  363.533 -176.076 -0.056 -0.014   0.018    0.010
1 4 2016 03 20.90927  364.277 -176.489 -0.057 -0.009   0.022    0.020
1 4 2016 03 20.91621  365.180 -176.980 -0.002 -0.057   0.039    0.033
1 4 2016 03 20.92316  365.975 -177.372 -0.088  0.008   0.023    0.016
1 4 2016 03 20.93010  366.873 -177.947 -0.147 -0.042   0.022    0.024
1 4 2016 03 20.93705  367.953 -178.472 -0.095 -0.024   0.038    0.032
2 3 2016 03 19.81205  -10.577   12.591  0.100 -0.124   0.015    0.014
2 3 2016 03 19.98566  -18.874   15.231  0.025 -0.028   0.010    0.005
2 3 2016 03 19.99955  -19.017   15.166  0.057 -0.057   0.008    0.003
2 3 2016 03 20.00649  -19.067   15.156  0.051 -0.055   0.009    0.010
2 3 2016 03 20.01344  -19.117   15.139  0.050 -0.032   0.004    0.004
2 3 2016 03 20.02038  -19.152   15.086  0.048 -0.053   0.003    0.006
2 3 2016 03 20.02733  -19.174   15.045  0.043 -0.041   0.005    0.005
2 3 2016 03 20.03427  -19.167   15.008  0.042 -0.034   0.006    0.008
2 3 2016 03 20.04121  -19.150   14.965  0.047 -0.033   0.005    0.016
2 3 2016 03 20.04816  -19.126   14.890  0.036 -0.038   0.005    0.005
2 3 2016 03 20.05510  -19.020   14.812  0.075 -0.026   0.009    0.011
2 3 2016 03 20.06205  -18.934   14.694  0.031 -0.017   0.020    0.031
2 3 2016 03 20.83983   19.986   -5.482 -0.045  0.050   0.012    0.008
2 3 2016 03 20.84677   20.038   -5.463 -0.037  0.075   0.006    0.008
2 3 2016 03 20.85371   20.049   -5.464 -0.058  0.063   0.008    0.007
2 3 2016 03 20.86066   20.077   -5.442 -0.044  0.078   0.010    0.010
2 3 2016 03 20.86760   20.067   -5.410 -0.045  0.085   0.008    0.009
2 3 2016 03 20.87455   20.060   -5.393 -0.041  0.078   0.007    0.010
2 3 2016 03 20.88149   20.039   -5.326 -0.025  0.098   0.007    0.011
2 3 2016 03 20.88844   19.988   -5.290 -0.036  0.090   0.011    0.012
2 3 2016 03 20.89538   19.924   -5.242 -0.034  0.092   0.009    0.012
2 3 2016 03 20.90233   19.827   -5.148 -0.048  0.115   0.006    0.010
2 3 2016 03 20.90927   19.729   -5.083 -0.046  0.108   0.008    0.011
2 3 2016 03 20.91621   19.598   -5.041 -0.062  0.076   0.008    0.014
2 3 2016 03 20.92316   19.486   -4.969 -0.046  0.060   0.003    0.008
2 3 2016 03 20.93010   19.347   -4.914 -0.034  0.024   0.013    0.010
2 3 2016 03 20.93705   19.187   -4.809 -0.032  0.018   0.009    0.008
2 3 2016 03 20.94399   19.012   -4.690 -0.022  0.022   0.006    0.007
2 3 2016 03 20.95094   18.795   -4.590 -0.036  0.004   0.005    0.006
2 3 2016 03 20.95788   18.581   -4.458 -0.035  0.004   0.006    0.005
2 3 2016 03 20.96483   18.353   -4.335 -0.036 -0.012   0.011    0.010
2 4 2016 03 19.81205  184.243 -100.718  0.010 -0.112   0.018    0.010
2 4 2016 03 19.98566  241.668 -128.588  0.032 -0.118   0.021    0.012
2 4 2016 03 19.99955  246.687 -130.947 -0.067  0.037   0.048    0.018
2 4 2016 03 20.00649  249.335 -132.286 -0.019  0.014   0.041    0.041
2 4 2016 03 20.01344  251.991 -133.519  0.027 -0.058   0.021    0.030
2 4 2016 03 20.02038  254.571 -134.733 -0.007 -0.015   0.022    0.029
2 4 2016 03 20.02733  257.240 -136.027  0.025 -0.021   0.015    0.017
2 4 2016 03 20.03427  259.897 -137.301  0.013 -0.030   0.017    0.013
2 4 2016 03 20.04121  262.584 -138.602 -0.003 -0.086   0.025    0.036
2 4 2016 03 20.05510  267.959 -141.178 -0.013 -0.044   0.034    0.025
2 4 2016 03 20.06205  270.761 -142.481 -0.027 -0.000   0.046    0.034
2 4 2016 03 20.83983  597.000 -291.940 -0.101 -0.024   0.027    0.032
2 4 2016 03 20.84677  599.305 -292.943 -0.138 -0.012   0.030    0.029
2 4 2016 03 20.85371  601.674 -293.982 -0.092 -0.060   0.023    0.039
2 4 2016 03 20.86066  603.942 -294.957 -0.125 -0.038   0.020    0.026
2 4 2016 03 20.86760  606.246 -296.010 -0.124  0.013   0.024    0.032
2 4 2016 03 20.87455  608.497 -296.984 -0.088 -0.038   0.029    0.031
2 4 2016 03 20.88149  610.748 -297.994 -0.098 -0.056   0.024    0.039
2 4 2016 03 20.88844  612.995 -298.801 -0.064  0.020   0.030    0.028
2 4 2016 03 20.89538  615.170 -299.798 -0.086 -0.031   0.031    0.026
2 4 2016 03 20.90233  617.338 -300.756 -0.094 -0.099   0.028    0.017
2 4 2016 03 20.90927  619.507 -301.629 -0.022 -0.051   0.043    0.032
2 4 2016 03 20.92316  623.801 -303.429 -0.066 -0.093   0.044    0.034
3 4 2016 03 19.81205  194.820 -113.309 -0.090  0.012   0.019    0.017
3 4 2016 03 19.98566  260.542 -143.819  0.008 -0.090   0.016    0.008
3 4 2016 03 20.00649  268.480 -147.407 -0.013  0.022   0.025    0.020
3 4 2016 03 20.01344  271.162 -148.712 -0.014 -0.043   0.023    0.035
3 4 2016 03 20.02038  273.723 -149.819 -0.054  0.038   0.020    0.027
3 4 2016 03 20.02733  276.414 -151.073 -0.018  0.020   0.017    0.017
3 4 2016 03 20.03427  279.064 -152.310 -0.029  0.004   0.020    0.014
3 4 2016 03 20.04121  281.735 -153.567 -0.040 -0.064   0.022    0.036
3 4 2016 03 20.05510  287.030 -155.970 -0.048 -0.003   0.022    0.039
3 4 2016 03 20.06205  289.695 -157.174 -0.058  0.016   0.045    0.022
3 4 2016 03 20.83983  577.008 -286.386 -0.058 -0.021   0.022    0.040
3 4 2016 03 20.84677  579.271 -287.487 -0.080 -0.100   0.026    0.034
3 4 2016 03 20.85371  581.595 -288.512 -0.057 -0.112   0.024    0.034
3 4 2016 03 20.86066  583.849 -289.463 -0.105 -0.077   0.028    0.031
3 4 2016 03 20.86760  586.161 -290.541 -0.086 -0.057   0.033    0.026
3 4 2016 03 20.87455  588.449 -291.544 -0.039 -0.071   0.033    0.038
3 4 2016 03 20.88149  590.752 -292.657 -0.089 -0.074   0.020    0.038
3 4 2016 03 20.88844  593.002 -293.489 -0.036 -0.050   0.031    0.026
3 4 2016 03 20.89538  595.230 -294.520 -0.062 -0.103   0.027    0.012
3 4 2016 03 20.90233  597.463 -295.550 -0.064 -0.161   0.035    0.026
3 4 2016 03 20.90927  599.769 -296.507  0.008 -0.096   0.040    0.041
3 4 2016 03 20.92316  604.165 -298.381 -0.103 -0.091   0.037    0.018
1 2 2016 03 23.79839  135.817  -54.048 -0.047  0.005   0.017    0.021
1 2 2016 03 23.81228  126.687  -49.516 -0.110  0.049   0.011    0.015
1 2 2016 03 23.81922  122.081  -47.230 -0.103  0.068   0.008    0.013
1 2 2016 03 23.82617  117.414  -44.925 -0.118  0.083   0.012    0.012
1 2 2016 03 23.83311  112.671  -42.669 -0.141  0.026   0.013    0.015
1 2 2016 03 23.84006  107.834  -40.334 -0.152  0.045   0.050    0.034
1 3 2016 03 23.79839   15.764  -14.024 -0.066  0.180   0.017    0.034
1 3 2016 03 23.81228   14.765  -13.412 -0.026  0.200   0.019    0.015
1 3 2016 03 23.81922   14.141  -13.089  0.012  0.167   0.007    0.015
1 3 2016 03 23.82617   13.550  -12.707  0.071  0.199   0.025    0.017
1 4 2016 03 23.79839  481.180 -206.679 -0.000 -0.034   0.017    0.026
1 4 2016 03 23.81228  474.754 -203.379 -0.016 -0.037   0.018    0.033
1 4 2016 03 23.81922  471.477 -201.710  0.002  0.011   0.015    0.020
1 4 2016 03 23.82617  468.171 -200.079  0.023 -0.016   0.020    0.022
1 4 2016 03 23.83311  464.720 -198.414 -0.043 -0.026   0.024    0.024
1 4 2016 03 23.84006  461.279 -196.708 -0.069  0.004   0.019    0.026
1 4 2016 03 23.85395  454.287 -193.190 -0.099  0.076   0.015    0.030
1 4 2016 03 23.86089  450.735 -191.452 -0.129  0.074   0.017    0.041
2 3 2016 03 23.79839 -120.041   40.005 -0.005  0.157   0.027    0.044
2 3 2016 03 23.81228 -111.921   36.085  0.073  0.121   0.027    0.023
2 3 2016 03 23.81922 -107.935   34.123  0.120  0.086   0.010    0.022
2 3 2016 03 23.82617 -103.887   32.229  0.142  0.134   0.023    0.020
2 4 2016 03 23.79839  345.363 -152.631  0.047 -0.040   0.010    0.018
2 4 2016 03 23.81228  348.059 -153.851  0.088 -0.075   0.014    0.023
2 4 2016 03 23.81922  349.385 -154.475  0.093 -0.052   0.010    0.013
2 4 2016 03 23.82617  350.737 -155.145  0.119 -0.090   0.012    0.014
2 4 2016 03 23.83311  352.051 -155.768  0.094 -0.079   0.024    0.018
2 4 2016 03 23.84006  353.446 -156.424  0.089 -0.070   0.056    0.032
2 4 2016 03 23.93728  372.601 -165.407  0.134 -0.130   0.052    0.045
3 4 2016 03 23.81228  460.015 -189.931  0.002 -0.178   0.038    0.010
3 4 2016 03 23.81922  457.330 -188.589 -0.015 -0.131   0.012    0.024
3 4 2016 03 23.93034  413.940 -167.604 -0.009  0.017   0.054    0.082
1 2 2016 03 24.82405 -203.623   93.124 -0.014  0.049   0.045    0.032
1 2 2016 03 24.87961 -181.491   81.941 -0.071 -0.056   0.058    0.066
1 2 2016 03 24.91433 -166.557   74.938  0.028  0.098   0.015    0.067
1 4 2016 03 24.82405  236.429  -96.179  0.041 -0.009   0.058    0.041
1 4 2016 03 24.83099  238.069  -96.873  0.053  0.028   0.067    0.053
1 4 2016 03 24.91433  258.046 -105.913  0.022  0.053   0.019    0.030
2 3 2016 03 24.82405  381.974 -189.114 -0.040  0.144   0.015    0.022
2 3 2016 03 24.83099  383.576 -189.694 -0.015  0.179   0.009    0.015
2 3 2016 03 24.83794  385.078 -190.252 -0.048  0.213   0.007    0.012
2 3 2016 03 24.84488  386.575 -190.827 -0.044  0.200   0.013    0.012
2 3 2016 03 24.85183  388.021 -191.473 -0.082  0.099   0.016    0.022
2 3 2016 03 24.85877  389.465 -192.003 -0.070  0.121   0.022    0.018
2 3 2016 03 24.86572  390.869 -192.538 -0.055  0.142   0.015    0.030
2 3 2016 03 24.87266  392.262 -193.014 -0.020  0.137   0.017    0.040
2 3 2016 03 24.87961  393.569 -193.561 -0.034  0.104   0.011    0.038
2 3 2016 03 24.88655  394.837 -194.024 -0.047  0.088   0.018    0.021
2 3 2016 03 24.89349  396.097 -194.437 -0.039  0.137   0.014    0.025
2 3 2016 03 24.90044  397.299 -194.809 -0.053  0.159   0.010    0.023
2 3 2016 03 24.90738  398.470 -195.276 -0.064  0.158   0.017    0.016
2 3 2016 03 24.91433  399.593 -195.645 -0.081  0.178   0.014    0.012
2 3 2016 03 24.92127  400.749 -196.047 -0.031  0.153   0.012    0.016
2 3 2016 03 24.92822  401.770 -196.424 -0.077  0.136   0.019    0.017
2 3 2016 03 24.93516  402.842 -196.794 -0.044  0.123   0.017    0.014
2 3 2016 03 24.94211  403.836 -197.116 -0.054  0.108   0.019    0.025
2 3 2016 03 24.94905  404.808 -197.424 -0.047  0.133   0.015    0.021
2 3 2016 03 24.95599  405.737 -197.660 -0.038  0.190   0.015    0.015
2 4 2016 03 24.82405  440.019 -189.314  0.022 -0.059   0.014    0.019
2 4 2016 03 24.83099  439.055 -188.789  0.064 -0.098   0.007    0.014
2 4 2016 03 24.83794  438.002 -188.160  0.045 -0.066   0.013    0.014
2 4 2016 03 24.84488  436.909 -187.564  0.027 -0.075   0.010    0.016
2 4 2016 03 24.85183  435.830 -186.882  0.036 -0.002   0.012    0.016
2 4 2016 03 24.85877  434.682 -186.227  0.016  0.009   0.016    0.017
2 4 2016 03 24.86572  433.545 -185.672  0.034 -0.063   0.012    0.013
2 4 2016 03 24.87266  432.380 -184.970  0.047 -0.024   0.015    0.015
2 4 2016 03 24.87961  431.137 -184.274  0.030  0.000   0.010    0.021
2 4 2016 03 24.88655  429.887 -183.596  0.027 -0.020   0.020    0.013
2 4 2016 03 24.89349  428.620 -182.909  0.030 -0.032   0.012    0.012
2 4 2016 03 24.90044  427.321 -182.233  0.034 -0.074   0.012    0.015
2 4 2016 03 24.90738  425.967 -181.447  0.021 -0.015   0.012    0.017
2 4 2016 03 24.91433  424.587 -180.752  0.003 -0.060   0.014    0.016
2 4 2016 03 24.92127  423.242 -180.041  0.058 -0.107   0.017    0.018
2 4 2016 03 24.92822  421.772 -179.250  0.007 -0.084   0.016    0.014
2 4 2016 03 24.93516  420.321 -178.400  0.004 -0.010   0.018    0.034
2 4 2016 03 24.94211  418.878 -177.662  0.044 -0.094   0.017    0.020
2 4 2016 03 24.94905  417.345 -176.845  0.020 -0.086   0.020    0.022
2 4 2016 03 24.95599  415.831 -175.998  0.050 -0.062   0.018    0.029
3 4 2016 03 24.82405   58.030   -0.132  0.048 -0.135   0.010    0.024
3 4 2016 03 24.85183   47.785    4.573  0.095 -0.145   0.005    0.018
3 4 2016 03 24.85877   45.238    5.813  0.096 -0.111   0.009    0.025
3 4 2016 03 24.86572   42.664    6.890  0.074 -0.170   0.011    0.022
3 4 2016 03 24.87266   40.125    8.089  0.093 -0.153   0.011    0.036
3 4 2016 03 24.87961   37.578    9.306  0.069 -0.073   0.011    0.020
3 4 2016 03 24.88655   35.050   10.425  0.073 -0.112   0.014    0.019
3 4 2016 03 24.89349   32.530   11.515  0.079 -0.175   0.008    0.020
3 4 2016 03 24.90044   29.997   12.613  0.074 -0.176   0.011    0.018
3 4 2016 03 24.90738   27.511   13.811  0.095 -0.167   0.015    0.025
3 4 2016 03 24.91433   24.983   14.913  0.073 -0.209   0.007    0.009
3 4 2016 03 24.92822   19.990   17.201  0.086 -0.164   0.005    0.026
3 4 2016 03 24.93516   17.498   18.363  0.070 -0.169   0.010    0.019
3 4 2016 03 24.94211   15.036   19.479  0.085 -0.187   0.011    0.018
3 4 2016 03 24.94905   12.547   20.634  0.077 -0.155   0.015    0.024
1 2 2016 03 27.80402 -184.181   95.079 -0.042  0.035   0.010    0.010
1 2 2016 03 27.81096 -187.787   96.734 -0.046  0.074   0.011    0.009
1 2 2016 03 27.81791 -191.155   98.146 -0.018  0.031   0.013    0.011
1 2 2016 03 27.82485 -194.540   99.631 -0.017  0.055   0.009    0.012
1 2 2016 03 27.83179 -197.851  101.026 -0.015  0.019   0.011    0.013
1 2 2016 03 27.83874 -201.103  102.397 -0.030  0.008   0.018    0.017
1 2 2016 03 27.84568 -204.240  103.759 -0.020  0.033   0.013    0.019
1 2 2016 03 27.85263 -207.310  105.070 -0.013  0.031   0.008    0.010
1 2 2016 03 27.85957 -210.313  106.358 -0.022  0.051   0.014    0.009
1 2 2016 03 27.86652 -213.217  107.557 -0.017  0.025   0.009    0.011
1 2 2016 03 27.87346 -216.045  108.753 -0.027  0.044   0.010    0.012
1 2 2016 03 27.88041 -218.784  109.940 -0.026  0.086   0.015    0.014
1 2 2016 03 27.88735 -221.439  111.030 -0.016  0.067   0.014    0.012
1 2 2016 03 27.89429 -223.979  112.086  0.002  0.073   0.008    0.014
1 2 2016 03 27.90124 -226.464  113.106  0.005  0.071   0.014    0.011
1 2 2016 03 27.90818 -228.875  114.082 -0.017  0.080   0.017    0.030
1 2 2016 03 27.91513 -231.163  114.963  0.018  0.015   0.018    0.025
1 2 2016 03 27.92207 -233.384  115.899  0.007  0.065   0.019    0.017
1 2 2016 03 27.92902 -235.521  116.761 -0.006  0.075   0.011    0.021
1 2 2016 03 27.93596 -237.562  117.601 -0.016  0.108   0.014    0.013
1 2 2016 03 27.94291 -239.519  118.300 -0.018  0.065   0.014    0.020
1 4 2016 03 27.80402 -402.238  204.369 -0.034 -0.077   0.019    0.018
1 4 2016 03 27.81096 -404.995  205.468 -0.037 -0.080   0.025    0.011
1 4 2016 03 27.81791 -407.328  206.571  0.008 -0.079   0.011    0.019
1 4 2016 03 27.82485 -409.807  207.622  0.004 -0.055   0.013    0.017
1 4 2016 03 27.83179 -412.235  208.602  0.001 -0.077   0.012    0.024
1 4 2016 03 27.83874 -414.628  209.509 -0.043 -0.126   0.014    0.018
1 4 2016 03 27.84568 -416.844  210.479  0.015 -0.075   0.016    0.019
1 4 2016 03 27.85263 -419.104  211.394 -0.014 -0.069   0.013    0.021
1 4 2016 03 27.85957 -421.250  212.259 -0.014 -0.048   0.016    0.016
1 4 2016 03 27.86652 -423.337  213.103 -0.029 -0.029   0.013    0.018
1 4 2016 03 27.87346 -425.316  213.877 -0.009 -0.042   0.014    0.024
1 4 2016 03 27.88041 -427.276  214.688 -0.022 -0.010   0.012    0.030
1 4 2016 03 27.88735 -429.107  215.358  0.017 -0.064   0.018    0.021
1 4 2016 03 27.89429 -430.869  216.095  0.040 -0.008   0.011    0.024
1 4 2016 03 27.90124 -432.628  216.733  0.006 -0.042   0.019    0.027
1 4 2016 03 27.90818 -434.271  217.329  0.002 -0.062   0.018    0.035
1 4 2016 03 27.91513 -435.823  217.964  0.035 -0.027   0.020    0.036
1 4 2016 03 27.92207 -437.339  218.561  0.019  0.027   0.018    0.020
1 4 2016 03 27.92902 -438.786  219.110  0.003  0.053   0.016    0.033
1 4 2016 03 27.93596 -440.139  219.626  0.010  0.078   0.017    0.021
1 4 2016 03 27.94291 -441.447  220.023 -0.022  0.051   0.014    0.023
2 4 2016 03 27.80402 -218.057  109.290  0.009 -0.112   0.013    0.018
2 4 2016 03 27.81096 -217.208  108.737  0.009 -0.155   0.014    0.011
2 4 2016 03 27.81791 -216.183  108.411  0.014 -0.124   0.009    0.016
2 4 2016 03 27.82485 -215.267  107.991  0.021 -0.110   0.010    0.013
2 4 2016 03 27.83179 -214.384  107.576  0.016 -0.096   0.012    0.017
2 4 2016 03 27.83874 -213.525  107.113 -0.012 -0.134   0.017    0.019
2 4 2016 03 27.84568 -212.604  106.720  0.035 -0.108   0.015    0.015
2 4 2016 03 27.85263 -211.794  106.325 -0.001 -0.100   0.009    0.016
2 4 2016 03 27.85957 -210.937  105.901  0.008 -0.099   0.011    0.014
2 4 2016 03 27.86652 -210.120  105.546 -0.012 -0.054   0.009    0.012
2 4 2016 03 27.87346 -209.270  105.123  0.019 -0.086   0.012    0.019
2 4 2016 03 27.88041 -208.491  104.748  0.004 -0.096   0.012    0.026
2 4 2016 03 27.88735 -207.667  104.328  0.033 -0.131   0.011    0.016
2 4 2016 03 27.89429 -206.891  104.009  0.039 -0.081   0.011    0.018
2 4 2016 03 27.90124 -206.165  103.635  0.000 -0.099   0.015    0.023
2 4 2016 03 27.90818 -205.390  103.261  0.020 -0.110   0.027    0.028
2 4 2016 03 27.91513 -204.671  103.017  0.013 -0.039   0.015    0.040
2 4 2016 03 27.92207 -203.956  102.662  0.012 -0.038   0.020    0.021
2 4 2016 03 27.92902 -203.265  102.349  0.008 -0.021   0.014    0.015
2 4 2016 03 27.93596 -202.577  102.025  0.027 -0.030   0.014    0.015
2 4 2016 03 27.94291 -201.927  101.724 -0.005 -0.014   0.008    0.015
3 4 2016 03 27.93596 -233.364  112.420  0.065 -0.188   0.024    0.018
1 2 2016 03 28.74448  -47.292   18.311  0.026 -0.075   0.017    0.031
1 2 2016 03 28.75142  -45.110   17.368 -0.004 -0.023   0.014    0.012
1 2 2016 03 28.75837  -42.892   16.350  0.029 -0.043   0.008    0.011
1 2 2016 03 28.76531  -40.762   15.371  0.019 -0.045   0.011    0.012
1 2 2016 03 28.77226  -38.676   14.426  0.019 -0.049   0.015    0.014
1 2 2016 03 28.78614  -34.670   12.637  0.000 -0.025   0.027    0.027
1 2 2016 03 28.80003  -30.763   10.839  0.048 -0.062   0.011    0.017
1 2 2016 03 28.81392  -27.107    9.190  0.046 -0.053   0.010    0.011
1 2 2016 03 28.82087  -25.342    8.402  0.051 -0.057   0.009    0.010
1 2 2016 03 28.82781  -23.629    7.646  0.060 -0.044   0.011    0.012
1 2 2016 03 28.83476  -21.978    6.884  0.063 -0.068   0.007    0.012
1 2 2016 03 28.84170  -20.369    6.186  0.062 -0.044   0.012    0.008
1 2 2016 03 28.84864  -18.799    5.449  0.085 -0.089   0.008    0.009
1 2 2016 03 28.85559  -17.252    4.793  0.130 -0.078   0.005    0.011
1 2 2016 03 28.86253  -15.785    4.151  0.151 -0.086   0.011    0.012
1 2 2016 03 28.86948  -14.338    3.494  0.200 -0.108   0.008    0.010
1 3 2016 03 28.74448 -143.062   71.375 -0.020  0.207   0.029    0.022
1 3 2016 03 28.75142 -142.957   71.391  0.057  0.184   0.024    0.016
1 3 2016 03 28.75837 -142.967   71.481  0.046  0.206   0.012    0.012
1 3 2016 03 28.76531 -143.026   71.513  0.040  0.166   0.034    0.012
1 3 2016 03 28.77226 -143.090   71.632  0.055  0.202   0.028    0.022
1 3 2016 03 28.84170 -147.808   74.321  0.024  0.180   0.039    0.030
1 4 2016 03 28.74448 -322.140  158.136  0.013  0.047   0.027    0.046
1 4 2016 03 28.75142 -322.080  157.876 -0.018  0.003   0.027    0.021
1 4 2016 03 28.75837 -321.878  157.854  0.032  0.004   0.023    0.027
1 4 2016 03 28.76531 -321.833  157.921 -0.022  0.042   0.022    0.023
1 4 2016 03 28.77226 -321.739  157.944  0.053  0.005   0.026    0.043
1 4 2016 03 28.78614 -321.939  158.183  0.009  0.049   0.038    0.047
1 4 2016 03 28.80003 -322.278  158.385  0.096 -0.034   0.024    0.024
1 4 2016 03 28.81392 -323.004  158.859  0.054 -0.011   0.023    0.024
1 4 2016 03 28.82087 -323.507  159.124 -0.009 -0.007   0.022    0.019
1 4 2016 03 28.82781 -323.986  159.443  0.037 -0.010   0.016    0.030
1 4 2016 03 28.83476 -324.548  159.760  0.047 -0.017   0.031    0.024
1 4 2016 03 28.84170 -325.228  160.106  0.034 -0.029   0.030    0.024
1 4 2016 03 28.84864 -325.958  160.490  0.020 -0.034   0.018    0.017
1 4 2016 03 28.85559 -326.762  160.978  0.010  0.017   0.018    0.026
1 4 2016 03 28.86253 -327.566  161.428  0.053 -0.005   0.018    0.024
1 4 2016 03 28.86948 -328.454  161.796  0.096 -0.107   0.016    0.022
1 4 2016 03 28.87642 -329.417  162.269  0.143 -0.125   0.021    0.027
1 4 2016 03 28.88337 -330.514  162.998  0.077  0.003   0.043    0.026
1 4 2016 03 28.89031 -331.594  163.559  0.137 -0.014   0.017    0.012
2 4 2016 03 28.74448 -274.947  139.700 -0.006  0.080   0.013    0.031
2 4 2016 03 28.75142 -276.970  140.508 -0.013  0.026   0.027    0.017
2 4 2016 03 28.75837 -278.985  141.504  0.004  0.046   0.022    0.021
2 4 2016 03 28.76531 -281.070  142.550 -0.041  0.087   0.018    0.020
2 4 2016 03 28.77226 -283.076  143.465  0.023  0.018   0.039    0.022
2 4 2016 03 28.78614 -287.269  145.546  0.009  0.074   0.024    0.030
2 4 2016 03 28.80003 -291.515  147.546  0.048  0.028   0.029    0.032
2 4 2016 03 28.81392 -295.891  149.666  0.021  0.034   0.022    0.017
2 4 2016 03 28.82087 -298.149  150.714 -0.057  0.050   0.026    0.024
2 4 2016 03 28.82781 -300.351  151.792 -0.018  0.033   0.018    0.020
2 4 2016 03 28.83476 -302.551  152.869  0.008  0.043   0.024    0.021
2 4 2016 03 28.84170 -304.859  153.920 -0.028  0.016   0.025    0.017
2 4 2016 03 28.84864 -307.159  155.041 -0.065  0.055   0.019    0.013
2 4 2016 03 28.85559 -309.504  156.173 -0.114  0.086   0.017    0.022
2 4 2016 03 28.86253 -311.771  157.273 -0.082  0.078   0.022    0.017
2 4 2016 03 28.86948 -314.135  158.294 -0.128 -0.007   0.017    0.016
2 4 2016 03 28.87642 -316.495  159.431 -0.140  0.018   0.015    0.015
3 4 2016 03 28.75142 -179.150   86.466 -0.071 -0.187   0.031    0.016
3 4 2016 03 28.75837 -178.898   86.479 -0.013 -0.140   0.036    0.027
3 4 2016 03 28.76531 -178.790   86.357 -0.045 -0.161   0.020    0.021
3 4 2016 03 28.77226 -178.565   86.275  0.012 -0.158   0.028    0.028
3 4 2016 03 28.82087 -177.689   85.864 -0.031 -0.201   0.022    0.014
3 4 2016 03 28.82781 -177.649   85.820 -0.022 -0.184   0.020    0.022
3 4 2016 03 28.88337 -177.176   85.749 -0.091 -0.113   0.022    0.033
3 4 2016 03 28.89031 -177.140   85.708 -0.092 -0.140   0.015    0.026
3 4 2016 03 28.89726 -176.979   85.637 -0.031 -0.162   0.024    0.026
3 4 2016 03 28.90420 -177.038   85.698 -0.044 -0.163   0.023    0.031
1 2 2017 04 21.86022  207.660  -95.856 -0.032  0.010   0.008    0.026
1 2 2017 04 21.86716  209.378  -96.442  0.005 -0.024   0.007    0.035
1 2 2017 04 21.87411  211.034  -96.977  0.029 -0.048   0.006    0.028
1 2 2017 04 21.88105  212.537  -97.186  0.012  0.018   0.021    0.046
1 3 2017 04 21.86022  -29.515  -11.127 -0.079  0.055   0.007    0.017
1 3 2017 04 21.86716  -24.960  -13.200 -0.049 -0.016   0.007    0.023
1 3 2017 04 21.87411  -20.454  -15.228 -0.048 -0.054   0.006    0.013
1 3 2017 04 21.88105  -15.936  -17.089 -0.027 -0.030   0.003    0.026
1 4 2017 04 21.86022 -315.235  110.540 -0.062  0.060   0.017    0.025
1 4 2017 04 21.86716 -311.440  108.791 -0.040  0.008   0.011    0.028
1 4 2017 04 21.87411 -307.644  107.105 -0.006 -0.004   0.007    0.031
2 3 2017 04 21.86022 -237.176   84.729 -0.047  0.045   0.008    0.020
2 3 2017 04 21.86716 -234.338   83.242 -0.053  0.009   0.008    0.028
2 3 2017 04 21.87411 -231.487   81.762 -0.075  0.011   0.008    0.031
2 3 2017 04 21.88105 -228.473   80.099 -0.039 -0.048   0.022    0.022
2 4 2017 04 21.86022 -522.909  206.326 -0.038 -0.015   0.019    0.030
2 4 2017 04 21.86716 -520.821  205.201 -0.048  0.016   0.013    0.034
2 4 2017 04 21.87411 -518.676  204.096 -0.033  0.054   0.010    0.039
3 4 2017 04 21.86022 -285.720  121.643  0.017 -0.016   0.015    0.033
3 4 2017 04 21.86716 -286.488  121.970  0.003  0.009   0.011    0.028
3 4 2017 04 21.87411 -287.189  122.315  0.043  0.030   0.008    0.041
1 2 2017 04 26.86115 -264.295  116.258 -0.073 -0.010   0.010    0.022
1 2 2017 04 26.86809 -262.268  115.106 -0.067  0.031   0.043    0.024
1 2 2017 04 26.90976 -248.809  107.387 -0.031 -0.103   0.021    0.029
1 2 2017 04 26.91670 -246.341  106.051 -0.028 -0.083   0.012    0.017
1 2 2017 04 26.92365 -243.745  104.711  0.025 -0.034   0.013    0.023
1 2 2017 04 26.93059 -241.119  103.292  0.034 -0.044   0.010    0.026
1 3 2017 04 26.86115 -333.799  155.367 -0.088  0.093   0.011    0.022
1 3 2017 04 26.90976 -324.021  149.600 -0.045  0.035   0.023    0.034
1 3 2017 04 26.91670 -322.478  148.712 -0.069  0.058   0.018    0.033
1 3 2017 04 26.92365 -320.798  147.823 -0.017  0.097   0.015    0.029
1 3 2017 04 26.93059 -319.099  146.848 -0.010  0.053   0.015    0.026
1 4 2017 04 26.86115  406.660 -198.424  0.104 -0.028   0.013    0.023
1 4 2017 04 26.90976  426.204 -207.587  0.006 -0.021   0.029    0.037
1 4 2017 04 26.91670  429.266 -208.928  0.059 -0.024   0.028    0.025
1 4 2017 04 26.92365  432.285 -210.238  0.066  0.017   0.017    0.033
1 4 2017 04 26.93059  435.368 -211.599  0.105  0.054   0.017    0.015
2 3 2017 04 26.86115  -69.515   39.090 -0.027  0.083   0.007    0.024
2 3 2017 04 26.86809  -70.288   39.470 -0.036  0.063   0.019    0.024
2 3 2017 04 26.90976  -75.227   42.164 -0.021  0.136   0.008    0.023
2 3 2017 04 26.91670  -76.123   42.618 -0.032  0.107   0.011    0.023
2 3 2017 04 26.92365  -77.061   43.088 -0.046  0.114   0.005    0.021
2 3 2017 04 26.93059  -77.979   43.545 -0.042  0.090   0.006    0.018
2 4 2017 04 26.86115  670.926 -314.647  0.148 -0.011   0.013    0.026
2 4 2017 04 26.90976  674.962 -315.010  0.020  0.015   0.047    0.029
2 4 2017 04 26.91670  675.573 -315.023  0.073  0.011   0.035    0.022
2 4 2017 04 26.92365  676.009 -314.915  0.026  0.105   0.032    0.033
2 4 2017 04 26.93059  676.491 -314.900  0.072  0.092   0.017    0.020
3 4 2017 04 26.86115  740.404 -353.717  0.143 -0.058   0.012    0.034
3 4 2017 04 26.90976  750.260 -357.108  0.072 -0.092   0.036    0.050
3 4 2017 04 26.91670  751.593 -357.641  0.068 -0.113   0.062    0.022
3 4 2017 04 26.92365  753.067 -358.026  0.073 -0.034   0.031    0.027
3 4 2017 04 26.93059  754.444 -358.420  0.103  0.017   0.016    0.024
1 2 2017 05 03.89690 -269.631  121.256 -0.038  0.010   0.025    0.022
1 2 2017 05 03.90384 -268.142  120.330 -0.005  0.022   0.025    0.023
1 3 2017 05 03.89690 -325.992  154.328 -0.054  0.060   0.030    0.039
1 3 2017 05 03.90384 -325.124  153.834 -0.003  0.154   0.029    0.023
1 4 2017 05 03.89690 -414.020  205.305  0.035  0.075   0.022    0.025
1 4 2017 05 03.90384 -413.100  204.701  0.059  0.032   0.053    0.023
2 3 2017 05 03.89690  -56.344   33.111 -0.006  0.101   0.020    0.015
2 3 2017 05 03.90384  -56.998   33.471  0.002  0.109   0.027    0.017
2 4 2017 05 03.89690 -144.394   84.017  0.069  0.029   0.023    0.022
2 4 2017 05 03.90384 -145.021   84.421  0.102  0.060   0.031    0.025
3 4 2017 05 03.89690  -88.051   50.909  0.074 -0.065   0.014    0.023
3 4 2017 05 03.90384  -88.031   50.966  0.076 -0.034   0.026    0.024
1 3 2017 05 04.85863 -221.476  103.381 -0.030  0.145   0.016    0.023
1 3 2017 05 04.86558 -223.443  104.289  0.001  0.154   0.029    0.019
1 3 2017 05 04.87252 -225.471  105.201  0.000  0.164   0.021    0.021
1 3 2017 05 04.87947 -227.492  106.094  0.030  0.125   0.018    0.022
1 3 2017 05 04.88641 -229.588  107.077  0.019  0.200   0.010    0.018
1 3 2017 05 04.89336 -231.647  107.934  0.073  0.112   0.010    0.019
1 3 2017 05 04.90030 -233.798  108.856  0.069  0.106   0.021    0.024
1 4 2017 05 04.85863 -380.538  191.697 -0.030  0.076   0.021    0.021
1 4 2017 05 04.86558 -383.577  193.134 -0.010  0.084   0.035    0.022
1 4 2017 05 04.87252 -386.598  194.564  0.074  0.091   0.023    0.024
1 4 2017 05 04.87947 -389.690  195.965  0.135  0.068   0.018    0.022
1 4 2017 05 04.88641 -392.925  197.464  0.066  0.104   0.017    0.019
1 4 2017 05 04.89336 -396.077  198.901  0.118  0.066   0.015    0.024
2 3 2017 05 04.87947 -283.621  137.902 -0.063  0.068   0.043    0.050
3 4 2017 05 04.85863 -159.039   88.324  0.023 -0.059   0.026    0.026
3 4 2017 05 04.86558 -160.083   88.830  0.045 -0.079   0.023    0.032
3 4 2017 05 04.87252 -161.143   89.291  0.067 -0.138   0.016    0.016
3 4 2017 05 04.87947 -162.228   89.788  0.073 -0.131   0.019    0.029
3 4 2017 05 04.88641 -163.348   90.403  0.057 -0.060   0.017    0.021
3 4 2017 05 04.89336 -164.405   91.025  0.063  0.002   0.015    0.020
3 4 2017 05 04.90030 -165.481   91.613  0.113  0.064   0.024    0.033
1 2 2017 05 06.88140 -100.647   64.092  0.162  0.032   0.017    0.019
1 2 2017 05 06.88834 -105.611   66.206  0.095  0.007   0.022    0.021
1 2 2017 05 06.89529 -110.469   68.388  0.052  0.100   0.011    0.020
1 2 2017 05 06.90223 -115.253   70.414  0.046  0.067   0.015    0.023
1 2 2017 05 06.90918 -120.028   72.488  0.004  0.106   0.016    0.018
1 2 2017 05 06.91612 -124.815   74.509 -0.066  0.128   0.018    0.025
1 3 2017 05 06.88140   87.071  -49.086  0.096  0.021   0.019    0.024
1 3 2017 05 06.88834   85.926  -48.566  0.052  0.029   0.014    0.026
1 3 2017 05 06.89529   84.801  -48.088  0.014  0.028   0.013    0.019
1 3 2017 05 06.90223   83.773  -47.614  0.040  0.050   0.012    0.017
1 3 2017 05 06.90918   82.715  -47.187  0.020  0.035   0.012    0.014
1 3 2017 05 06.91612   81.686  -46.737  0.011  0.059   0.011    0.016
1 4 2017 05 06.83279 -519.937  234.471  0.032 -0.041   0.038    0.050
1 4 2017 05 06.88140 -537.263  241.699  0.120  0.001   0.041    0.041
1 4 2017 05 06.88834 -539.763  242.644  0.058 -0.019   0.020    0.035
1 4 2017 05 06.89529 -542.169  243.615  0.043  0.023   0.027    0.040
1 4 2017 05 06.90223 -544.485  244.510  0.079 -0.026   0.025    0.040
1 4 2017 05 06.90918 -546.822  245.389  0.063 -0.070   0.033    0.042
1 4 2017 05 06.91612 -549.199  246.326  0.015  0.016   0.034    0.014
2 3 2017 05 06.83279  161.156 -101.661 -0.047 -0.082   0.015    0.015
2 3 2017 05 06.83973  164.981 -103.306 -0.036 -0.031   0.022    0.017
2 3 2017 05 06.84668  168.908 -104.912  0.021  0.021   0.025    0.018
2 3 2017 05 06.85362  172.685 -106.578 -0.020  0.027   0.019    0.018
2 3 2017 05 06.86057  176.521 -108.241  0.008  0.017   0.017    0.026
2 3 2017 05 06.86751  180.240 -109.843 -0.058  0.061   0.019    0.027
2 3 2017 05 06.87446  183.978 -111.495 -0.102  0.037   0.019    0.015
2 3 2017 05 06.88140  187.761 -113.180 -0.073  0.001   0.019    0.025
2 3 2017 05 06.88834  191.536 -114.772 -0.043  0.022   0.023    0.031
2 3 2017 05 06.89529  195.270 -116.476 -0.038 -0.072   0.018    0.030
2 3 2017 05 06.90223  199.047 -118.062  0.014 -0.052   0.019    0.033
2 3 2017 05 06.90918  202.755 -119.680  0.029 -0.080   0.020    0.020
2 3 2017 05 06.91612  206.500 -121.246  0.077 -0.069   0.010    0.013
2 4 2017 05 06.83279 -453.690  185.669  0.076 -0.016   0.032    0.034
2 4 2017 05 06.83973 -451.250  184.514  0.028 -0.028   0.020    0.033
2 4 2017 05 06.84668 -448.825  183.282 -0.009 -0.066   0.026    0.024
2 4 2017 05 06.85362 -446.343  182.114  0.005 -0.069   0.034    0.024
2 4 2017 05 06.86057 -443.914  180.967 -0.007 -0.068   0.033    0.026
2 4 2017 05 06.86751 -441.463  179.767 -0.013 -0.103   0.029    0.019
2 4 2017 05 06.87446 -439.018  178.713 -0.014 -0.018   0.031    0.035
2 4 2017 05 06.88140 -436.548  177.583 -0.002 -0.008   0.018    0.027
2 4 2017 05 06.88834 -434.126  176.464 -0.011  0.005   0.028    0.031
2 4 2017 05 06.89529 -431.634  175.261  0.035 -0.029   0.025    0.036
2 4 2017 05 06.90223 -429.228  174.103  0.036 -0.088   0.032    0.025
2 4 2017 05 06.90918 -426.750  173.003  0.109 -0.073   0.018    0.034
2 4 2017 05 06.91612 -424.385  171.948  0.060 -0.081   0.022    0.055
3 4 2017 05 06.83279 -614.886  287.241  0.078 -0.019   0.028    0.037
3 4 2017 05 06.83973 -616.236  287.827  0.031 -0.020   0.038    0.042
3 4 2017 05 06.84668 -617.725  288.233 -0.031 -0.064   0.042    0.032
3 4 2017 05 06.85362 -619.076  288.694 -0.028 -0.096   0.031    0.024
3 4 2017 05 06.86057 -620.334  289.252  0.051 -0.077   0.025    0.033
3 4 2017 05 06.86751 -621.834  289.750 -0.088 -0.029   0.037    0.050
3 4 2017 05 06.87446 -622.936  290.307  0.127  0.000   0.013    0.040
3 4 2017 05 06.88140 -624.320  290.759  0.059 -0.011   0.025    0.032
3 4 2017 05 06.88834 -625.684  291.219  0.017 -0.034   0.029    0.039
3 4 2017 05 06.89529 -626.981  291.695  0.013  0.020   0.039    0.046
3 4 2017 05 06.90223 -628.282  292.172  0.015 -0.028   0.035    0.041
3 4 2017 05 06.90918 -629.482  292.636  0.110 -0.045   0.030    0.039
3 4 2017 05 06.91612 -630.896  293.203 -0.016 -0.002   0.021    0.046
1 2 2017 05 08.84605   23.574  -17.226 -0.043  0.055   0.005    0.020
1 3 2017 05 08.84605  147.898  -54.726 -0.032  0.076   0.020    0.027
1 4 2017 05 08.84605 -383.752  152.498 -0.013 -0.034   0.029    0.035
2 3 2017 05 08.84605  124.308  -37.502 -0.004  0.018   0.021    0.026
2 4 2017 05 08.84605 -407.354  169.764 -0.011 -0.040   0.027    0.039
3 4 2017 05 08.84605 -531.712  207.315 -0.059 -0.019   0.039    0.035
1 2 2017 05 12.87729  139.603  -71.513  0.074 -0.076   0.005    0.014
1 3 2017 05 12.87729 -203.086   72.601  0.097  0.007   0.010    0.013
1 4 2017 05 12.87729  373.118 -191.233  0.079 -0.046   0.011    0.020
2 3 2017 05 12.87729 -342.690  144.114  0.024  0.084   0.011    0.018
2 4 2017 05 12.87729  233.514 -119.735  0.003  0.017   0.007    0.021
3 4 2017 05 12.87729  576.199 -263.821 -0.016 -0.038   0.017    0.022
