1994 07 15 20 00 16       1  548    69.127  -21.021
1994 07 15 20 03 17       1  410    68.442  -20.787
1994 07 15 20 21 24       1  953    64.679  -19.184
1994 07 15 20 21 24       2  953    12.159  -15.143
1994 07 15 20 24 16       1  548    64.105  -18.942
1994 07 17 17 03 24       1  953    33.508  -06.605
1994 07 17 17 06 16       1  548    32.816  -06.356
1994 07 17 17 09 17       1  410    32.115  -06.043
1994 07 17 17 28 24       1  953    27.226  -04.138
1994 07 17 17 31 16       1  548    26.517  -03.859
1994 07 22 09 43 20       1  953    62.845  -28.285
1994 07 22 09 43 20       3  953   -20.713  -06.822
1994 07 23 06 32 18       4  720    44.987   09.003
1994 07 23 06 35 20       4  953    44.597   09.153
1994 07 23 06 38 16       4  548    44.299   09.264
1994 07 23 06 41 17       4  410    43.923   09.391
1994 07 23 06 58 18       4  720    41.825   10.170
1994 07 23 07 01 20       4  953    41.432   10.331
1994 07 23 07 04 16       4  548    41.116   10.448
1994 07 30 04 34 20       2  953    48.545  -27.190
1994 07 30 04 37 16       2  548    49.162  -27.403
1994 07 30 04 40 17       2  410    49.720  -27.604
1994 07 30 05 48 23    1001  720   -02.699   07.124
1994 07 30 05 53 20       1  953   -20.231   13.228
1994 07 30 05 53 20    1001  953   -04.036   07.606
1994 07 30 05 56 16       1  548   -20.895   13.535
1994 07 30 05 56 16    1001  548   -04.706   07.911
1994 07 30 06 02 23    1001  720   -06.020   08.331
1994 07 30 06 04 18    1001  720   -06.335   08.363
1994 07 30 06 07 20    1001  953   -07.247   08.814
1994 07 30 06 10 16    1001  548   -07.902   09.049
1994 07 30 06 13 17    1001  410   -08.529   09.279
1994 08 24 23 35 20       1  953    41.331  -19.532
1994 08 24 23 38 16       1  548    41.979  -19.739
1994 08 24 23 41 17       1  410    42.593  -19.964
1994 08 24 23 59 20       1  953    46.358  -21.164
1994 08 25 00 02 16       1  548    46.952  -21.368
1994 08 25 01 11 20       1  953    60.343  -25.595
1994 08 25 01 14 16       1  548    60.899  -25.772
1994 08 25 01 17 17       1  410    61.479  -25.978
1995 03 04 21 32 23    1001  720    12.632   04.128
1995 03 04 21 38 16    1001  548    11.177   04.408
1995 03 04 21 41 17    1001  410    10.455   04.501
1995 03 04 21 59 23    1001  720    05.840   05.002
1995 03 04 22 04 20       1  953    21.712   03.223
1995 03 04 22 04 20    1001  953    04.685   05.227
1995 03 04 22 07 17       1  410    20.914   03.309
1995 03 04 22 07 17    1001  410    03.861   05.311
1995 03 05 00 46 20       1  953   -21.558   08.090
1995 03 05 00 49 16       1  548   -22.378   08.168
1995 03 05 00 52 17       1  410   -23.175   08.232
1995 03 05 01 15 20       1  953   -29.213   08.845
1995 03 05 01 18 17       1  410   -29.966   08.902
1996 03 01 22 58 19       1  953   -58.962  -03.594
1996 03 01 22 58 19       4  953   -50.196   09.324
1996 03 01 23 19 16       1  410   -63.141  -04.153
1996 03 01 23 19 16       4  410   -52.645   09.077
1996 03 01 23 25 19       1  953   -64.339  -04.314
1996 03 01 23 25 19       4  953   -53.351   08.985
1996 05 15 13 14 20    1003  953   -07.827   10.369
1996 05 15 13 17 23    1003  720   -08.566   10.253
1996 05 15 13 35 17    1003  410   -12.405   09.735
1996 05 15 13 38 23    1003  720   -13.202   09.455
1996 05 15 13 41 20    1003  953   -13.778   09.508
1997 09 18 21 48 14       1  410    63.567   21.409
1997 09 18 22 11 18       1  953    56.987   19.205
