1 2 1891 08 17 20 56 24.8  9 25.13 10 109.567   0  0  0
1 2 1891 08 19 21 11 31.7  9 32.42 10 311.809   0  0  0
1 2 1891 08 20 20 44 51.0  9 01.93 10 316.377   0  0  0
1 2 1891 08 21 19 46 01.1  7 59.36 10   4.601   0  0  0
1 2 1891 08 21 20 45 16.8  8 58.46 10   4.577   0  0  0
1 2 1891 08 24 21 10 35.2  9 12.00 10 153.989   0  0  0
1 2 1891 08 25 20 53 12.2  8 50.76 10  39.208   0  0  0
1 2 1891 08 25 21 03 42.7  9 01.24 10  38.749   0  0  0
1 2 1891 08 29 21 08 04.8  8 49.95 10 128.904   0  0  0
1 2 1891 08 31 21 24 44.4  8 58.74 10 197.171   0  0  0
1 2 1891 09 01 21 25 02.6  8 55.12 10  50.053   0  0  0
1 2 1891 09 05 19 42 48.1  6 57.44 10  39.612   0  0  0
1 2 1891 09 07 20 04 32.9  7 11.26 10 261.755   0  0  0
1 2 1891 09 10 20 30 01.9  7 24.85 10 196.354   0  0  0
1 2 1891 09 13 20 16 54.0  6 59.91 10 267.782   0  0  0
1 2 1891 09 14 19 59 37.6  6 38.73 10 286.448   0  0  0
1 2 1891 09 18 19 51 51.8  6 15.15 10 103.747   0  0  0
1 2 1891 09 19 19 32 22.9  5 51.76 10  48.875   0  0  0
1 2 1891 09 20 19 53 30.7  6 08.86 10 324.750   0  0  0
1 2 1891 09 21 20 52 27.2  7 03.67 10 289.417   0  0  0
1 2 1891 09 22 20 05 50.9  6 13.22 10  44.305   0  0  0
1 2 1891 09 24 19 44 26.0  5 43.91 10  10.015   0  0  0
1 2 1891 09 28 20 25 33.0  6 09.00 10 280.225   0  0  0
1 2 1891 09 29 19 43 33.2  5 23.12 10  44.208   0  0  0
1 2 1891 10 04 20 24 49.8  5 44.30 10 348.782   0  0  0
1 2 1891 10 09  0 12 17.5  9 11.10 10 141.348   0  0  0
1 2 1891 10 13  0 06 04.3  8 48.84 10  56.008   0  0  0
1 2 1891 10 14  0 09 31.3  8 48.26 10 108.601   0  0  0
1 2 1891 10 16  0 42 46.9  9 13.39 10 165.427   0  0  0
1 2 1891 10 19  0 48 14.1  9 06.75 10 222.657   0  0  0
1 2 1891 11 05  0 12 40.7  7 22.61 10 295.979   0  0  0
1 2 1891 11 06  0 33 33.8  7 39.38 10 217.932   0  0  0
1 2 1891 11 09  0 12 06.6  7 05.83 10   7.141   0  0  0
1 2 1891 11 22  0 43 34.8  6 44.47 10  57.194   0  0  0
1 2 1891 11 30  0 58 38.5  6 26.99 10 198.557   0  0  0
1 2 1891 12 08  1 22 12.2  6 18.00 10 154.647   0  0  0
1 3 1891 08 17 21 47 18.0 10 15.84 10 174.812   0  0  0
1 3 1891 08 19 22 06 34.3 10 27.32 10  22.655   0  0  0
1 3 1891 08 20 19 39 39.9  7 56.92 10  22.588   0  0  0
1 3 1891 08 24 21 00 40.1  9 02.11 10 182.100   0  0  0
1 3 1891 08 25 20 08 11.1  8 05.86 10 474.607   0  0  0
1 3 1891 08 29 20 57 05.7  8 39.00 10 251.808   0  0  0
1 3 1891 08 31 21 32 17.5  9 06.27 10 182.797   0  0  0
1 3 1891 09 01 20 20 20.9  7 50.60 10 440.453   0  0  0
1 3 1891 09 05 21 21 35.4  8 35.96 10 240.534   0  0  0
1 3 1891 09 07 20 20 04.0  7 26.74 10 197.862   0  0  0
1 3 1891 09 10 19 48 55.4  6 43.86 10 141.907   0  0  0
1 3 1891 09 13 20 32 06.7  7 15.08 10 309.949   0  0  0
1 3 1891 09 14 19 45 43.2  6 24.85 10 196.820   0  0  0
1 3 1891 09 18 20 30 21.8  6 53.54 10 364.686   0  0  0
1 3 1891 09 19 19 52 05.6  6 11.41 10 225.176   0  0  0
1 3 1891 09 20 20 03 25.8  6 18.75 10 378.834   0  0  0
1 3 1891 09 21 20 38 37.5  6 49.88 10 178.977   0  0  0
1 3 1891 09 22 20 21 00.2  6 28.34 10 255.675   0  0  0
1 3 1891 09 29 20 29 51.2  6 09.29 10 191.158   0  0  0
1 3 1891 10 04 21 09 53.0  6 29.23 10 428.783   0  0  0
1 3 1891 10 06 21 21 05.8  6 32.41 10 145.287   0  0  0
1 3 1891 10 09  0 00 36.8  8 59.46 10 220.539   0  0  0
1 3 1891 10 10  0 02 39.9  8 57.49 10 220.400   0  0  0
1 3 1891 10 13  0 26 27.9  9 09.18 10 146.044   0  0  0
1 3 1891 10 14  0 51 56.3  9 30.56 10 404.017   0  0  0
1 3 1891 10 16  1 22 06.9  9 52.61 10 170.310   0  0  0
1 3 1891 10 17  0 05 44.0  8 32.42 10 228.154   0  0  0
1 3 1891 10 19  0 20 54.4  8 39.50 10  56.047   0  0  0
1 3 1891 11 05 23 55 37.7  7 05.94 10 171.424   0  0  0
1 3 1891 11 06  0 22 00.1  7 27.86 10 140.336   0  0  0
1 3 1891 11 27  1 03 06.9  6 43.64 10 302.208   0  0  0
1 3 1891 11 30  1 14 52.0  6 43.17 10 321.966   0  0  0
1 3 1891 12 08  1 11 05.5  6 06.92 10  81.352   0  0  0
1 3 1891 12 14  2 45 43.4  7 16.92 10 375.956   0  0  0
1 4 1891 08 17 20 36 02.6  9 04.81 10  22.344   0  0  0
1 4 1891 08 19 20 45 40.8  9 06.64 10 519.377   0  0  0
1 4 1891 08 20 21 10 32.6  9 27.55 10 417.836   0  0  0
1 4 1891 08 24 20 49 49.2  8 51.29 10 440.281   0  0  0
1 4 1891 08 25 21 15 16.1  9 12.76 10  31.369   0  0  0
1 4 1891 08 27 19 50 10.5  7 40.09 10 463.311   0  0  0
1 4 1891 08 29 20 03 52.5  7 45.92 10 724.290   0  0  0
1 4 1891 08 31 21 41 18.4  9 15.26 10 547.161   0  0  0
1 4 1891 09 01 20 08 27.5  7 38.74 10 520.345   0  0  0
1 4 1891 09 05 20 33 35.9  7 48.10 10 322.893   0  0  0
1 4 1891 09 10 20 41 53.8  7 36.68 10 171.716   0  0  0
1 4 1891 09 13 21 23 07.5  8 05.95 10 301.134   0  0  0
1 4 1891 09 14 20 36 49.8  7 15.83 10 633.634   0  0  0
1 4 1891 09 19 20 45 39.7  7 04.83 10 300.442   0  0  0
1 4 1891 09 20 19 40 27.8  5 55.85 10 220.303   0  0  0
1 4 1891 09 21 21 01 49.1  7 13.00 10 219.859   0  0  0
1 4 1891 09 22 21 04 07.5  7 11.34 10 556.275   0  0  0
1 4 1891 10 04 20 10 42.1  5 30.21 10 355.255   0  0  0
1 4 1891 10 06 20 42 42.9  5 54.13 10  56.289   0  0  0
1 4 1891 10 09  1 00 08.6  9 58.83 10 650.233   0  0  0
1 4 1891 10 13  1 25 55.3 10 08.14 10 396.193   0  0  0
1 4 1891 10 14  0 37 34.6  9 16.24 10  35.981   0  0  0
1 4 1891 10 16  0 54 05.1  9 24.66 10 296.979   0  0  0
1 4 1891 10 17  0 19 46.0  8 46.41 10 602.148   0  0  0
1 4 1891 10 19  1 17 31.2  9 35.95 10 744.079   0  0  0
1 4 1891 11 05  1 33 58.9  8 43.68 10 462.100   0  0  0
1 4 1891 11 06  1 06 15.3  8 11.97 10 541.546   0  0  0
1 4 1891 11 22  1 51 33.6  7 52.26 10 561.619   0  0  0
1 4 1891 11 27  0 51 14.7  6 31.80 10 198.094   0  0  0
1 4 1891 12 08  1 35 14.0  6 30.99 10 560.333   0  0  0
1 4 1891 12 14  2 30 01.9  7 01.27 10 430.564   0  0  0
2 3 1891 08 17 22 10 01.4 10 38.54 10  88.374   0  0  0
2 3 1891 08 19 21 34 12.2  9 55.04 10 331.985   0  0  0
2 3 1891 08 20 20 59 34.4  9 16.61 10 325.346   0  0  0
2 3 1891 08 24 19 55 18.0  7 56.92 10  13.628   0  0  0
2 3 1891 08 25 20 18 12.7  8 15.86 10 436.649   0  0  0
2 3 1891 08 29 21 23 42.7  9 05.54 10 122.139   0  0  0
2 3 1891 08 31 19 46 15.4  7 20.52 10  30.630   0  0  0
2 3 1891 09 01 21 15 01.0  8 45.12 10 408.184   0  0  0
2 3 1891 09 05 21 10 40.2  8 25.07 10 167.141   0  0  0
2 3 1891 09 07 20 52 44.4  7 59.32 10  56.130   0  0  0
2 3 1891 09 08 19 36 28.0  6 39.32 10 322.573   0  0  0
2 3 1891 09 10 19 37 09.9  6 32.13 10  33.108   0  0  0
2 3 1891 09 13 20 01 44.2  6 44.79 10  47.920   0  0  0
2 3 1891 09 14 19 33 50.5  6 13.02 10  92.806   0  0  0
2 3 1891 09 18 20 45 37.1  7 08.76 10 459.494   0  0  0
2 3 1891 09 19 20 06 58.6  6 26.26 10 266.398   0  0  0
2 3 1891 09 20 20 42 14.1  6 57.45 10  57.041   0  0  0
2 3 1891 09 21 19 57 22.8  6 08.78 10 113.215   0  0  0
2 3 1891 09 22 20 30 09.1  6 37.46 10 213.457   0  0  0
2 3 1891 09 23 20 24 47.5  6 28.14 10 560.974   0  0  0
2 3 1891 10 04 19 57 18.2  5 16.85 10  82.333   0  0  0
2 3 1891 10 09  1 09 43.4 10 08.38 10 378.338   0  0  0
2 3 1891 10 13  0 15 28.6  8 58.22 10  85.934   0  0  0
2 3 1891 10 14  1 17 07.1  9 55.66 10 535.635   0  0  0
2 3 1891 10 15  0 38 42.1  9 13.34 10 281.163   0  0  0
2 3 1891 10 16  0 31 43.9  9 02.37 10 312.528   0  0  0
2 3 1891 10 19  0 36 00.6  8 54.56 10 160.625   0  0  0
2 3 1891 10 23  0 16 03.1  8 18.53 10 238.511   0  0  0
2 3 1891 11 06  0 11 05.1  7 16.97 10  75.152   0  0  0
2 3 1891 11 08  0 20 09.2  7 17.91 10 147.790   0  0  0
2 3 1891 11 22  0 56 30.0  6 57.35 10 177.678   0  0  0
2 3 1891 12 08  2 34 56.8  7 30.53 10 238.078   0  0  0
2 4 1891 08 17 21 17 04.5  9 45.73 10 131.038   0  0  0
2 4 1891 08 19 21 54 54.7 10 15.69 10 225.317   0  0  0
2 4 1891 08 20 20 01 41.5  8 18.85 10 715.802   0  0  0
2 4 1891 08 24 20 40 18.2  8 41.80 10 603.311   0  0  0
2 4 1891 08 25 20 41 51.2  8 39.44 10  80.588   0  0  0
2 4 1891 08 27 20 31 00.0  8 20.80 10 170.694   0  0  0
2 4 1891 08 29 20 17 35.7  7 59.60 10 829.140   0  0  0
2 4 1891 08 31 20 33 38.1  8 07.77 10 361.622   0  0  0
2 4 1891 09 01 21 03 54.7  8 34.04 10 480.813   0  0  0
2 4 1891 09 05 21 32 03.5  8 46.40 10 262.403   0  0  0
2 4 1891 09 07 20 29 51.9  7 36.51 10 873.501   0  0  0
2 4 1891 09 08 19 50 21.0  6 53.16 10 649.168   0  0  0
2 4 1891 09 10 20 18 58.0  7 13.82 10 370.161   0  0  0
2 4 1891 09 13 21 12 42.3  7 55.56 10 539.591   0  0  0
2 4 1891 09 14 20 13 22.4  6 52.44 10 354.465   0  0  0
2 4 1891 09 14 21 02 28.5  7 41.41 10 352.525   0  0  0
2 4 1891 09 19 21 00 02.7  7 19.18 10 267.659   0  0  0
2 4 1891 09 20 20 32 59.4  6 48.23 10  91.505   0  0  0
2 4 1891 09 21 20 17 53.4  6 29.20 10 494.086   0  0  0
2 4 1891 09 22 21 12 55.1  7 20.10 10 603.609   0  0  0
2 4 1891 09 23 20 38 36.6  6 41.92 10 394.600   0  0  0
2 4 1891 10 04 21 00 51.0  6 20.22 10 693.504   0  0  0
2 4 1891 10 06 20 26 18.7  5 37.77 10 105.185   0  0  0
2 4 1891 10 09  0 50 06.4  9 48.81 10 777.967   0  0  0
2 4 1891 10 13  1 05 55.2  9 48.19 10 462.561   0  0  0
2 4 1891 10 14  0 22 10.6  9 00.88 10  83.749   0  0  0
2 4 1891 10 15  0 24 13.9  8 58.92 10 224.175   0  0  0
2 4 1891 10 16  0 20 46.5  8 51.44 10 131.505   0  0  0
2 4 1891 10 19  1 42 41.9 10 01.06 10 508.219   0  0  0
2 4 1891 10 23  0 03 40.6  8 06.19 10 232.245   0  0  0
2 4 1891 11 05  1 15 31.5  8 25.28 10 736.997   0  0  0
2 4 1891 11 08  0 32 24.5  7 30.13 10 298.272   0  0  0
2 4 1891 11 22  1 42 22.9  7 43.10 10 648.316   0  0  0
2 4 1891 12 08  2 23 42.8  7 19.33 10 397.950   0  0  0
2 4 1891 12 14  2 00 47.5  6 32.11 10 162.972   0  0  0
3 4 1891 08 17 21 33 40.8 10 02.29 10 211.302   0  0  0
3 4 1891 08 19 20 32 40.8  8 53.68 10 553.184   0  0  0
3 4 1891 08 20 21 23 39.6  9 40.66 10 403.585   0  0  0
3 4 1891 08 21 20 06 49.1  8 20.08 10 284.673   0  0  0
3 4 1891 08 24 20 10 31.5  8 12.10 10 622.575   0  0  0
3 4 1891 08 25 19 56 20.6  7 54.05 10 528.232   0  0  0
3 4 1891 08 27 20 12 21.3  8 02.20 10 400.218   0  0  0
3 4 1891 08 29 20 33 53.1  8 15.85 10 965.126   0  0  0
3 4 1891 08 31 20 18 46.9  7 52.96 10 387.902   0  0  0
3 4 1891 09 01 19 43 58.3  7 14.32 10  88.825   0  0  0
3 4 1891 09 05 19 57 38.6  7 12.24 10  83.296   0  0  0
3 4 1891 09 07 20 41 00.7  7 47.62 10 817.234   0  0  0
3 4 1891 09 08 20 03 53.3  7 06.66 10 976.357   0  0  0
3 4 1891 09 08 20 28 51.1  7 31.56 10 976.221   0  0  0
3 4 1891 09 10 19 56 20.9  6 51.26 10 329.856   0  0  0
3 4 1891 09 13 21 02 28.8  7 45.36 10 590.203   0  0  0
3 4 1891 09 14 20 25 31.5  7 04.56 10 442.684   0  0  0
3 4 1891 09 14 20 54 57.6  7 33.91 10 438.834   0  0  0
3 4 1891 09 18 21 02 47.6  7 25.88 10 616.435   0  0  0
3 4 1891 09 19 20 31 28.1  6 50.68 10 525.691   0  0  0
3 4 1891 09 20 20 23 52.4  6 39.14 10 151.492   0  0  0
3 4 1891 09 21 20 28 11.1  6 39.47 10 385.918   0  0  0
3 4 1891 09 22 20 41 09.5  6 48.43 10 825.653   0  0  0
3 4 1891 09 23 20 08 15.5  6 11.65 10 956.620   0  0  0
3 4 1891 09 23 20 49 48.6  6 53.09 10 955.278   0  0  0
3 4 1891 09 29 19 55 54.8  5 35.44 10  35.080   0  0  0
3 4 1891 10 04 20 50 17.5  6 09.69 10 775.634   0  0  0
3 4 1891 10 06 20 10 45.7  5 22.27 10 178.342   0  0  0
3 4 1891 10 09  0 23 04.3  9 21.85 10 406.788   0  0  0
3 4 1891 10 10  0 17 37.2  9 12.40 10 276.433   0  0  0
3 4 1891 10 13  0 50 00.6  9 32.32 10 564.694   0  0  0
3 4 1891 10 14  1 04 48.6  9 43.39 10 438.584   0  0  0
3 4 1891 10 15  0 05 01.6  8 39.76 10  71.766   0  0  0
3 4 1891 10 16  1 32 38.0 10 03.10 10 465.637   0  0  0
3 4 1891 10 17  0 32 16.9  8 58.89 10 830.261   0  0  0
3 4 1891 10 19  1 30 36.2  9 49.00 10 674.211   0  0  0
3 4 1891 10 23  0 35 43.0  8 38.14 10   4.588   0  0  0
3 4 1891 11 05  1 45 55.2  8 55.59 10 285.200   0  0  0
3 4 1891 11 06  1 20 26.2  8 26.12 10 422.903   0  0  0
3 4 1891 11 08  1 02 34.2  8 00.20 10 439.852   0  0  0
3 4 1891 11 09  0 26 57.2  7 20.64 10 112.554   0  0  0
3 4 1891 11 22  1 11 58.8  7 12.79 10 820.040   0  0  0
3 4 1891 11 27  1 12 50.6  6 53.34 10 500.821   0  0  0
3 4 1891 12 08  2 11 13.5  7 07.04 10 638.356   0  0  0
3 4 1891 12 14  1 25 48.4  5 57.22 10  44.250   0  0  0
1 2 1891 08 17 21 05 54.9  9 34.60  1   0.000  66 57 10
1 2 1891 08 19 21 09 44.9  9 30.65  1   0.000 245 35 08
1 2 1891 08 20 20 43 37.1  9 00.70  1   0.000  64 32 12
1 2 1891 08 21 19 46 01.1  7 59.36  1   0.000  84 22 42
1 2 1891 08 21 20 45 28.3  8 58.65  1   0.000  81 41 57
1 2 1891 08 24 21 11 06.0  9 12.51  1   0.000  66 19 37
1 2 1891 08 25 20 54 26.8  8 52.00  1   0.000  69 47 02
1 2 1891 08 29 21 09 02.0  8 50.90  1   0.000 241 51 14
1 2 1891 08 31 21 24 06.8  8 58.11  1   0.000  66 00 19
1 2 1891 09 01 21 25 31.6  8 55.60  1   0.000  67 48 43
1 2 1891 09 05 19 42 39.2  6 57.30  1   0.000 235 19 27
1 2 1891 09 07 20 05 36.9  7 12.32  1   0.000  65 30 53
1 2 1891 09 10 20 29 33.9  7 24.38  1   0.000  62 59 00
1 2 1891 09 13 20 17 36.2  7 00.61  1   0.000 246 29 40
1 2 1891 09 14 19 57 44.2  6 36.84  1   0.000  65 16 19
1 2 1891 09 18 19 51 35.1  6 14.87  1   0.000  66 40 41
1 2 1891 09 19 19 32 15.1  5 51.62  1   0.000  70 36 30
1 2 1891 09 20 19 53 01.8  6 08.38  1   0.000 245 57 15
1 2 1891 09 21 20 52 11.0  7 03.40  1   0.000  65 11 43
1 2 1891 09 22 20 05 02.5  6 12.42  1   0.000  65 38 34
1 2 1891 09 24 19 44 26.0  5 43.91  1   0.000 353 54 21
1 2 1891 09 28 20 25 18.2  6 08.75  1   0.000  64 51 59
1 2 1891 09 29 19 44 06.2  5 23.66  1   0.000  65 52 35
1 2 1891 10 04 20 24 52.2  5 44.34  1   0.000 245 21 41
1 2 1891 10 09  0 12 09.5  9 10.97  1   0.000  66 17 05
1 2 1891 10 13  0 06 04.3  8 48.84  1   0.000  65 38 04
1 2 1891 10 14  0 09 32.1  8 48.28  1   0.000 242 03 47
1 2 1891 10 16  0 42 38.0  9 13.24  1   0.000  66 06 17
1 2 1891 10 19  0 48 16.6  9 06.79  1   0.000  64 38 38
1 2 1891 11 05  0 12 30.7  7 22.44  1   0.000 246 14 48
1 2 1891 11 06  0 32 24.3  7 38.23  1   0.000  65 31 49
1 2 1891 11 09  0 12 06.6  7 05.83  1   0.000  10 52 05
1 2 1891 11 22  0 43 07.5  6 44.02  1   0.000 239 35 14
1 2 1891 11 30  0 59 17.7  6 27.64  1   0.000 246 42 26
1 2 1891 12 08  1 22 19.5  6 18.12  1   0.000  65 15 37
1 3 1891 08 17 21 47 47.2 10 16.36  1   0.000  63 27 08
1 3 1891 08 19 22 06 14.6 10 26.99  1   0.000  87 28 43
1 3 1891 08 20 19 38 32.0  7 55.79  1   0.000  96 49 05
1 3 1891 08 24 21 00 29.2  9 01.93  1   0.000  63 28 38
1 3 1891 08 25 20 07 31.1  8 05.20  1   0.000  64 39 13
1 3 1891 08 29 20 57 23.6  8 39.30  1   0.000 245 08 32
1 3 1891 08 31 21 32 21.5  9 06.33  1   0.000  63 30 26
1 3 1891 09 01 20 19 02.9  7 49.30  1   0.000  64 24 47
1 3 1891 09 05 21 21 13.4  8 35.60  1   0.000 245 07 47
1 3 1891 09 07 20 19 31.3  7 26.19  1   0.000  63 32 02
1 3 1891 09 10 19 48 56.0  6 43.86  1   0.000  68 33 28
1 3 1891 09 13 20 31 59.4  7 14.96  1   0.000 247 22 12
1 3 1891 09 14 19 45 36.5  6 24.75  1   0.000  63 20 24
1 3 1891 09 18 20 30 05.5  6 53.27  1   0.000 243 44 29
1 3 1891 09 19 19 52 10.3  6 11.49  1   0.000 245 18 38
1 3 1891 09 20 20 03 05.5  6 18.42  1   0.000 246 39 55
1 3 1891 09 21 20 37 59.2  6 49.24  1   0.000  63 03 11
1 3 1891 09 22 20 21 06.5  6 28.44  1   0.000  63 19 45
1 3 1891 09 29 20 28 11.5  6 07.63  1   0.000  62 44 16
1 3 1891 10 04 21 09 36.5  6 28.96  1   0.000 246 08 28
1 3 1891 10 06 21 21 26.6  6 32.75  1   0.000  61 57 58
1 3 1891 10 09  0 00 03.2  8 58.90  1   0.000 242 31 00
1 3 1891 10 10  0 02 09.8  8 56.99  1   0.000 245 16 59
1 3 1891 10 13  0 26 26.6  9 09.16  1   0.000  62 01 57
1 3 1891 10 14  0 51 47.1  9 30.41  1   0.000  66 11 29
1 3 1891 10 16  1 21 33.6  9 52.06  1   0.000 241 40 35
1 3 1891 10 17  0 05 44.8  8 32.43  1   0.000 245 17 37
1 3 1891 10 19  0 21 10.6  8 39.76  1   0.000  57 07 25
1 3 1891 11 05 23 56 20.7  7 06.32  1   0.000  66 23 58
1 3 1891 11 06  0 21 38.8  7 27.50  1   0.000  69 54 23
1 3 1891 11 27  1 01 59.6  6 42.52  1   0.000  66 41 08
1 3 1891 11 30  1 15 06.3  6 43.41  1   0.000 246 33 10
1 3 1891 12 08  1 11 00.5  6 06.83  1   0.000 247 55 18
1 3 1891 12 14  2 44 52.4  7 16.07  1   0.000 245 48 22
1 4 1891 08 17 20 43 57.4  9 12.70  1   0.000 190 48 51
1 4 1891 08 19 20 45 16.5  9 06.24  1   0.000 243 42 15
1 4 1891 08 20 21 11 25.0  9 28.42  1   0.000 243 46 32
1 4 1891 08 24 20 49 50.7  8 51.32  1   0.000 246 23 07
1 4 1891 08 25 21 15 30.3  9 13.00  1   0.000 281 32 07
1 4 1891 08 27 19 50 27.1  7 40.36  1   0.000  63 27 40
1 4 1891 08 29 20 03 44.0  7 45.78  1   0.000  65 09 18
1 4 1891 08 31 21 41 14.8  9 15.20  1   0.000  66 32 15
1 4 1891 09 01 20 08 07.5  7 38.41  1   0.000  66 09 36
1 4 1891 09 05 20 33 29.6  7 48.00  1   0.000 242 59 57
1 4 1891 09 07 19 54 19.3  7 01.06  1   0.000 244 58 34
1 4 1891 09 10 20 41 35.9  7 36.38  1   0.000 250 55 20
1 4 1891 09 13 21 22 50.8  8 05.68  1   0.000  62 42 45
1 4 1891 09 14 20 36 31.2  7 15.52  1   0.000  65 07 04
1 4 1891 09 19 20 44 38.7  7 03.82  1   0.000  68 16 47
1 4 1891 09 20 19 40 33.8  5 55.95  1   0.000 241 46 36
1 4 1891 09 21 21 01 45.9  7 12.95  1   0.000 241 35 42
1 4 1891 09 22 21 03 09.1  7 10.36  1   0.000 245 05 03
1 4 1891 10 04 20 11 08.8  5 30.66  1   0.000  67 35 17
1 4 1891 10 06 20 42 27.2  5 53.87  1   0.000 233 13 36
1 4 1891 10 09  1 00 17.9  9 58.98  1   0.000 245 04 05
1 4 1891 10 13  1 22 28.1 10 04.69  1   0.000 247 51 58
1 4 1891 10 14  0 37 24.1  9 16.06  1   0.000 261 30 03
1 4 1891 10 16  0 54 02.7  9 24.62  1   0.000  64 33 36
1 4 1891 10 17  0 19 49.6  8 46.47  1   0.000  64 57 18
1 4 1891 10 19  1 17 24.7  9 35.84  1   0.000  66 04 55
1 4 1891 11 05  1 33 08.9  8 42.85  1   0.000  66 11 10
1 4 1891 11 06  1 04 03.4  8 09.79  1   0.000  66 57 23
1 4 1891 11 27  0 50 41.4  6 31.25  1   0.000 243 47 53
1 4 1891 12 08  1 36 15.2  6 32.00  1   0.000  66 02 24
1 4 1891 12 14  2 29 44.4  7 00.98  1   0.000 244 52 18
2 3 1891 08 17 22 07 17.2 10 35.41  1   0.000  59 17 11
2 3 1891 08 19 21 34 25.2  9 55.25  1   0.000  67 14 37
2 3 1891 08 20 20 57 40.4  9 14.71  1   0.000 242 20 58
2 3 1891 08 24 19 55 18.0  7 56.92  1   0.000  28 56 45
2 3 1891 08 25 20 18 06.0  8 15.75  1   0.000  64 13 38
2 3 1891 08 29 21 23 18.9  9 05.15  1   0.000 248 45 48
2 3 1891 08 31 19 46 21.0  7 20.61  1   0.000 258 44 31
2 3 1891 09 01 21 14 26.0  8 44.54  1   0.000  64 08 26
2 3 1891 09 05 21 10 27.6  8 24.86  1   0.000 247 31 49
2 3 1891 09 07 20 52 53.9  7 59.48  1   0.000 252 44 53
2 3 1891 09 08 19 36 19.7  6 39.18  1   0.000  63 38 09
2 3 1891 09 10 19 37 51.9  6 32.86  1   0.000 216 00 31
2 3 1891 09 13 20 01 26.2  6 44.49  1   0.000 251 44 06
2 3 1891 09 14 19 33 33.7  6 12.74  1   0.000 249 10 25
2 3 1891 09 18 20 45 28.3  7 08.63  1   0.000 244 22 40
2 3 1891 09 19 20 06 32.1  6 25.82  1   0.000 246 19 12
2 3 1891 09 20 20 42 19.6  6 57.54  1   0.000 250 31 54
2 3 1891 09 21 19 57 05.1  6 08.45  1   0.000 247 58 17
2 3 1891 09 22 20 29 50.5  6 37.15  1   0.000  62 53 18
2 3 1891 09 23 20 24 28.0  6 27.81  1   0.000  65 28 55
2 3 1891 10 04 19 56 57.2  5 16.50  1   0.000 248 45 52
2 3 1891 10 09  1 10 30.3 10 09.16  1   0.000 244 09 49
2 3 1891 10 13  0 16 00.6  8 58.75  1   0.000  59 31 55
2 3 1891 10 14  1 17 16.3  9 55.82  1   0.000  65 22 29
2 3 1891 10 15  0 40 03.3  9 14.69  1   0.000  67 52 28
2 3 1891 10 16  0 31 13.5  9 01.86  1   0.000 243 41 55
2 3 1891 10 19  0 35 30.1  8 54.05  1   0.000 247 09 13
2 3 1891 10 23  0 15 29.8  8 17.98  1   0.000 242 59 22
2 3 1891 11 05  0 33 45.7  7 43.63  1   0.000  66 15 08
2 3 1891 11 06  0 11 15.1  7 17.13  1   0.000 237 11 00
2 3 1891 11 08  0 20 06.5  7 17.86  1   0.000 246 31 55
2 3 1891 11 22  0 56 23.1  6 57.24  1   0.000 245 56 10
2 3 1891 12 08  2 35 12.2  7 30.79  1   0.000 246 16 19
2 4 1891 08 17 21 16 26.8  9 45.11  1   0.000 238 11 37
2 4 1891 08 19 21 53 54.9 10 14.70  1   0.000 241 20 03
2 4 1891 08 20 20 01 20.5  8 18.54  1   0.000 244 03 49
2 4 1891 08 24 20 39 32.5  8 41.04  1   0.000 246 22 24
2 4 1891 08 25 20 41 22.2  8 38.96  1   0.000 260 52 33
2 4 1891 08 27 20 34 18.9  8 24.10  1   0.000  62 29 51
2 4 1891 08 29 20 17 49.6  7 59.84  1   0.000  64 39 01
2 4 1891 08 31 20 33 14.1  8 07.37  1   0.000  66 47 56
2 4 1891 09 01 21 04 00.0  8 34.13  1   0.000  66 02 00
2 4 1891 09 05 21 31 33.6  8 45.90  1   0.000 244 00 34
2 4 1891 09 07 20 30 11.4  7 36.83  1   0.000 245 09 36
2 4 1891 09 08 19 49 09.5  6 51.97  1   0.000 246 19 28
2 4 1891 09 10 20 19 01.0  7 13.87  1   0.000 246 43 15
2 4 1891 09 13 21 12 45.3  7 55.61  1   0.000  64 33 39
2 4 1891 09 14 20 12 43.0  6 51.78  1   0.000  64 56 04
2 4 1891 09 19 20 58 43.7  7 17.86  1   0.000  67 33 39
2 4 1891 09 20 20 32 33.4  6 47.80  1   0.000  76 05 05
2 4 1891 09 21 20 16 50.4  6 28.15  1   0.000 243 33 01
2 4 1891 09 22 21 12 53.8  7 20.08  1   0.000 245 08 03
2 4 1891 09 23 20 39 00.4  6 42.31  1   0.000 245 33 22
2 4 1891 10 04 21 00 34.0  6 19.94  1   0.000  66 31 07
2 4 1891 10 06 20 25 58.7  5 37.44  1   0.000 239 12 35
2 4 1891 10 09  0 49 08.2  9 47.84  1   0.000 245 15 38
2 4 1891 10 13  1 04 26.5  9 46.72  1   0.000 247 31 38
2 4 1891 10 14  0 22 01.6  9 00.73  1   0.000  54 14 07
2 4 1891 10 15  0 21 31.6  8 56.21  1   0.000  63 32 58
2 4 1891 10 16  0 17 33.2  8 48.23  1   0.000  62 34 21
2 4 1891 10 19  1 43 04.9 10 01.44  1   0.000  66 41 45
2 4 1891 10 23  0 03 46.1  8 06.28  1   0.000 242 04 33
2 4 1891 11 05  1 15 05.9  8 24.86  1   0.000  66 16 21
2 4 1891 11 08  0 32 27.4  7 30.18  1   0.000  67 28 10
2 4 1891 11 22  1 42 26.6  7 43.16  1   0.000  65 53 04
2 4 1891 12 08  2 23 43.8  7 19.35  1   0.000  66 22 37
2 4 1891 12 14  2 00 45.5  6 32.08  1   0.000 243 25 42
3 4 1891 08 17 21 33 27.7 10 02.08  1   0.000 238 33 08
3 4 1891 08 19 20 32 07.1  8 53.12  1   0.000 244 44 28
3 4 1891 08 20 21 23 43.5  9 40.72  1   0.000 245 34 33
3 4 1891 08 21 20 06 15.8  8 19.55  1   0.000 245 41 42
3 4 1891 08 24 20 10 47.7  8 12.37  1   0.000 245 31 35
3 4 1891 08 25 19 55 52.3  7 53.58  1   0.000 246 45 10
3 4 1891 08 27 20 12 14.7  8 02.10  1   0.000  61 43 49
3 4 1891 08 29 20 34 01.0  8 15.98  1   0.000  65 10 54
3 4 1891 08 31 20 18 11.0  7 52.36  1   0.000  67 52 03
3 4 1891 09 01 19 45 07.4  7 15.47  1   0.000  75 02 29
3 4 1891 09 05 19 58 40.6  7 13.28  1   0.000 236 48 03
3 4 1891 09 07 20 41 00.4  7 47.62  1   0.000 244 38 54
3 4 1891 09 08 20 37 25.1  7 40.10  1   0.000 245 29 23
3 4 1891 09 13 21 02 30.3  7 45.39  1   0.000  65 07 26
3 4 1891 09 14 20 25 20.4  7 04.37  1   0.000  65 53 55
3 4 1891 09 18 21 02 42.9  7 25.81  1   0.000  65 50 46
3 4 1891 09 19 20 30 37.7  6 49.84  1   0.000  66 58 04
3 4 1891 09 20 20 23 16.1  6 38.53  1   0.000  73 47 23
3 4 1891 09 21 20 27 32.8  6 38.83  1   0.000 242 07 57
3 4 1891 09 22 20 40 39.5  6 47.93  1   0.000 244 33 00
3 4 1891 09 23 20 07 56.7  6 11.34  1   0.000 245 29 14
3 4 1891 09 29 19 56 45.0  5 36.28  1   0.000 254 25 13
3 4 1891 10 04 20 49 48.0  6 09.20  1   0.000  66 45 55
3 4 1891 10 06 20 11 42.1  5 23.20  1   0.000 238 43 20
3 4 1891 10 09  0 22 54.2  9 21.68  1   0.000 246 19 17
3 4 1891 10 10  0 18 02.9  9 12.83  1   0.000 246 33 01
3 4 1891 10 13  0 50 35.6  9 32.90  1   0.000 246 15 12
3 4 1891 10 14  1 05 16.1  9 43.85  1   0.000 247 26 49
3 4 1891 10 15  0 04 31.6  8 39.26  1   0.000 261 18 03
3 4 1891 10 16  1 33 15.3 10 03.72  1   0.000  63 32 31
3 4 1891 10 17  0 32 55.2  8 59.53  1   0.000  65 04 46
3 4 1891 10 19  1 30 18.7  9 48.70  1   0.000  66 50 02
3 4 1891 10 23  0 35 29.5  8 37.92  1   0.000 103 08 46
3 4 1891 11 05  1 46 01.7  8 55.70  1   0.000  66 04 11
3 4 1891 11 06  1 21 13.6  8 26.91  1   0.000  65 53 51
3 4 1891 11 08  1 01 17.8  7 58.94  1   0.000  67 12 13
3 4 1891 11 22  1 10 48.9  7 11.62  1   0.000  65 53 34
3 4 1891 11 27  1 12 25.4  6 52.92  1   0.000 245 30 27
3 4 1891 12 08  2 11 22.0  7 07.02  1   0.000  66 18 20
3 4 1891 12 14  1 24 09.8  5 55.58  1   0.000 237 25 07