15126 1 1986 10 17.859248   -24.863    -16.134   -0.013   -0.138 
15126 2 1986 10 17.859248   189.617     86.938    0.066   -0.212 
15126 3 1986 10 17.859248   109.434     40.564    0.029   -0.204 
15126 4 1986 10 17.859248   561.363    259.934    0.082   -0.439 
15144 4 1986 10 18.822046   547.013    246.421    0.000   -0.243 
15150 1 1986 10 19.852124  -105.507    -51.592   -0.046   -0.353 
15150 2 1986 10 19.852124  -144.716    -63.675   -0.042   -0.344 
15161 2 1986 10 25.732265   -29.519    -20.746   -0.161   -0.082 
15161 3 1986 10 25.732265   -90.938    -51.035   -0.298   -0.074 
15161 4 1986 10 25.732265  -530.186   -248.312   -0.347    0.371 
15172 1 1986 11 13.712292  -113.451    -53.590   -0.003   -0.316 
15172 2 1986 11 13.712292  -133.842    -58.901   -0.180   -0.346 
15172 3 1986 11 13.712292   282.834    132.275   -0.168   -0.275 
15172 4 1986 11 13.712292  -440.029   -192.939   -0.116   -0.362 
15176 1 1986 11 15.739394   -91.601    -40.127    0.012   -0.269 
15176 2 1986 11 15.739394    68.194     26.136   -0.064   -0.303 
15176 3 1986 11 15.739394    31.249      5.541   -0.045   -0.282 
15177 1 1986 11 15.751090   -88.811    -38.453   -0.260   -0.132 
15177 2 1986 11 15.751090    64.607     24.608   -0.059   -0.093 
15177 3 1986 11 15.751090    28.155      4.166   -0.119   -0.262  
15191 3 1986 12 07.657453   -72.598    -41.340    0.011   -0.303 
15191 2 1986 12 07.657453  -109.102    -56.382   -0.040   -0.372 
15191 1 1986 12 07.657453   107.839     50.001   -0.122   -0.241  
15192 3 1986 12 07.669432   -75.442    -42.560   -0.058   -0.265 
15192 2 1986 12 07.669432  -111.936    -57.578   -0.084   -0.325 
15192 1 1986 12 07.669432   107.951     50.083   -0.165   -0.081 
15236 1 1986 12 31.681352   -93.150    -42.819   -0.084   -0.413 
15236 2 1986 12 31.681352   119.101     53.517   -0.264   -0.040 
15236 3 1986 12 31.681352  -159.242    -69.035   -0.083   -0.464 
15244 1 1987 01 03.612806    21.401      6.678   -0.242   -0.190
15256 1 1987 01 06.662568    91.538     44.105   -0.035   -0.215 
15256 2 1987 01 06.662568    42.374     25.497    0.032   -0.234  
15256 3 1987 01 06.662568  -246.949   -117.261    0.109   -0.347  
15268 1 1987 01 08.632809    93.177     42.727   -0.171   -0.140
15268 2 1987 01 08.632809   -93.023    -49.515   -0.087   -0.414
15268 4 1987 01 08.632809   392.580    190.298   -0.342    0.097
15675 1 1987 09 30.966848   119.731     53.093    0.045   -0.171  
15675 2 1987 09 30.966848   209.217     90.711    0.037   -0.283  
15675 4 1987 09 30.966848  -115.938    -10.802    0.003   -0.076  
15692 4 1987 10 01.933676   103.223     79.308    0.166   -0.221 
15692 3 1987 10 01.933676   224.597    108.557    0.112   -0.173 
15692 1 1987 10 01.933676  -133.085    -56.359    0.125    0.082 
15729 1 1987 10 03.935206  -106.720    -38.678    0.133    0.098 
15729 2 1987 10 03.935206    67.559     43.162    0.191   -0.078 
15729 3 1987 10 03.935206   210.386     70.305    0.043   -0.327 
15729 4 1987 10 03.935206   483.809    221.260    0.194   -0.566 
15786 1 1987 10 12.926586   -49.605    -12.196    0.221    0.417
15786 2 1987 10 12.926586  -103.912    -57.334    0.071    0.441
15786 3 1987 10 12.926586  -283.969   -130.577    0.094    0.481
15804 2 1987 10 13.900614  -164.401    -59.572   -0.035    0.098 
15804 3 1987 10 13.900614  -331.585   -133.597   -0.095    0.276 
15804 4 1987 10 13.900614  -601.566   -251.748   -0.126    0.563 
15822 1 1987 10 29.880299   -26.758    -19.917   -0.105   -0.062 
15822 2 1987 10 29.880299   164.325     60.883   -0.046   -0.220 
15822 3 1987 10 29.880299    65.432     48.066   -0.070   -0.003 
15822 4 1987 10 29.880299  -577.790   -255.250   -0.049    0.237 
15829 1 1987 10 30.792112    37.559     24.218    0.062   -0.039 
15829 3 1987 10 30.792112   285.449    133.040    0.087   -0.298 
15829 2 1987 10 30.792112  -143.856    -73.283    0.038    0.161 
15862 1 1987 12 17.722011    94.405     45.382   -0.046   -0.302 
15862 2 1987 12 17.722011   135.494     68.921    0.002   -0.261 
15862 3 1987 12 17.722011  -223.974    -87.719   -0.113   -0.183 
15862 4 1987 12 17.722011  -419.699   -202.332   -0.090   -0.268 
15869 3 1987 12 31.693244  -262.006   -108.962    0.042   -0.328 
15870 3 1987 12 31.704844  -260.630   -108.317    0.169   -0.372 
15879 2 1988 01 23.686711   -28.585    -23.003   -0.122   -0.104 
15879 4 1988 01 23.686711  -372.108   -144.585   -0.154   -0.123 
15880 2 1988 01 23.702071   -33.063    -25.022   -0.094   -0.184 
15880 4 1988 01 23.702071  -370.349   -143.888   -0.085   -0.269 
15904 1 1988 01 25.630632    76.590     36.823   -0.093   -0.151 
15904 2 1988 01 25.630632    74.549     42.048   -0.109   -0.095 
15904 3 1988 01 25.630632   255.303    106.307   -0.294    0.149 
15904 4 1988 01 25.630632   -83.448    -11.109   -0.295    0.045 
15929 4 1988 01 26.652149    95.881     65.387    0.295    0.205 
15929 1 1988 01 26.652149  -101.425    -45.147   -0.490   -0.149 
15968 2 1988 01 28.673967   -70.113    -20.495   -0.338    0.060 
15968 1 1988 01 28.673967   -85.276    -33.103   -0.292    0.010 
15968 3 1988 01 28.673967  -260.123   -114.309   -0.186   -0.150 
15981 3 1988 01 29.647236  -205.807    -80.110   -0.070   -0.237 
15981 1 1988 01 29.647236    61.566     21.593   -0.083   -0.131 
15981 2 1988 01 29.647236   157.623     71.436   -0.111   -0.078 
15981 4 1988 01 29.647236   451.987    198.656   -0.073    0.047 
16341 1 1988 10 06.112185  -102.632    -13.458    0.207   -0.101 
16341 2 1988 10 06.112185  -138.636    -34.736    0.187   -0.170 
16341 3 1988 10 06.112185  -334.284    -60.811    0.278   -0.288 
16341 4 1988 10 06.112185   352.711     88.604    0.015    0.145 
16364 1 1988 10 13.879154   134.302     23.869    0.182   -0.319 
16364 2 1988 10 13.879154  -199.379    -30.546    0.166    0.048 
16364 4 1988 10 13.879154  -235.877    -73.223    0.157    0.041 
16425 1 1988 10 30.991926   -61.912     -4.639    0.130   -0.125 
16425 2 1988 10 30.991926  -157.562    -40.220    0.169   -0.206 
16425 4 1988 10 30.991926  -344.990    -95.277    0.281   -0.339 
16425 3 1988 10 30.991926   350.012     70.430   -0.024    0.087 
16436 1 1989 01 09.708652   -63.161     -9.522   -0.215   -0.246 
16436 2 1989 01 09.708652   -76.709    -31.118   -0.151   -0.273 
16436 3 1989 01 09.708652   245.139     72.917   -0.298    0.185 
16439 1 1989 01 24.691951    77.901     14.163   -0.121   -0.035 
16439 3 1989 01 24.691951   308.718     79.804   -0.232    0.237 
16439 2 1989 01 24.691951  -189.383    -44.381   -0.051   -0.356 
16448 1 1989 01 27.730430    74.552     23.743   -0.109   -0.001 
16448 2 1989 01 27.730430  -146.137    -43.966   -0.049   -0.267 
16448 4 1989 01 27.730430  -210.177    -26.880   -0.073   -0.336 
16448 3 1989 01 27.730430  -255.265    -73.354   -0.033   -0.327 
16451 2 1989 02 02.709368   173.529     37.088    0.167   -0.307 
16451 4 1989 02 02.709368   518.104    119.965    0.103   -0.135 
16456 1 1989 02 09.709906    41.598      4.264   -0.129   -0.073 
16456 3 1989 02 09.709906    60.708      0.213   -0.100   -0.145 
16456 2 1989 02 09.709906   181.044     40.964   -0.099    0.007 
16456 4 1989 02 09.709906  -500.551   -129.169    0.005   -0.462 
16480 2 1989 02 10.702453   -77.586    -29.073   -0.117   -0.205 
16480 3 1989 02 10.702453  -181.997    -56.865   -0.144   -0.333 
16480 4 1989 02 10.702453  -511.094   -121.860   -0.132   -0.598 
16497 2 1989 02 13.735717    86.920     10.958   -0.019   -0.044 
16497 1 1989 02 13.735717  -112.699    -28.816   -0.055   -0.172 
16497 4 1989 02 13.735717  -149.086    -11.855   -0.056   -0.300 
16878 2 1989 12 05.977263    67.037    -14.508    0.016   -0.057
16878 3 1989 12 05.977263   316.500    -20.184   -0.010    0.071
16878 4 1989 12 05.977263  -102.824    -12.207    0.038   -0.129
16928 1 1990 01 12.889378   -58.047      7.083   -0.301   -0.132  
16928 2 1990 01 12.889378   172.427     -3.503   -0.121   -0.086  
16928 4 1990 01 12.889378  -560.266     31.659   -0.072   -0.349  
16945 2 1990 01 22.850452   -64.996     10.700   -0.002   -0.178  
16945 1 1990 01 22.850452   -55.306     -2.836   -0.065   -0.214  
16945 3 1990 01 22.850452  -218.727     16.240    0.023   -0.082  
16945 4 1990 01 22.850452   320.646    -28.611   -0.037   -0.226  
16970 1 1990 02 22.809714    51.347      2.979    0.063   -0.045  
16970 2 1990 02 22.809714  -172.732      0.998    0.049    0.002  
16970 3 1990 02 22.809714   312.190     -3.543   -0.049   -0.053  
16977 1 1990 02 23.769667   -81.207     -1.814   -0.085   -0.086  
16977 2 1990 02 23.769667   -68.037      9.065   -0.100   -0.070  
16977 3 1990 02 23.769667   248.439    -11.237   -0.179   -0.106  
16977 4 1990 02 23.769667   491.981    -18.868   -0.136   -0.114  
16991 1 1990 03 11.800122  -104.858      0.492   -0.218   -0.021  
16991 2 1990 03 11.800122    56.830     -8.746   -0.193   -0.066  
16991 3 1990 03 11.800122  -171.050     -5.138   -0.198   -0.067  
16991 4 1990 03 11.800122   516.092    -16.561   -0.288   -0.359  
17075 2 1990 04 03.749362   -90.268      9.294   -0.129   -0.403  
17075 1 1990 04 03.749362   -83.867      0.531   -0.149   -0.305  
17075 3 1990 04 03.749362  -267.304     11.826   -0.154   -0.347  
17114 2 1990 04 10.745848  –116.262     10.487   -0.234   -0.280        
17114 1 1990 04 10.745848   -57.648     -0.667   -0.234   -0.233 
17114 3 1990 04 10.745848  -271.349     12.495   -0.279   -0.260  
17114 4 1990 04 10.745848   229.569      2.247   -0.259   -0.389  
17426 1 1990 12 16.020435    80.931    -27.793    0.158   -0.029  
17426 4 1990 12 16.020435  -296.016    100.584    0.191   -0.155  
17477 2 1991 01 14.976398   109.288    -36.313   -0.046   -0.032  
17477 1 1991 01 14.976398   114.211    -36.924    0.038    0.003  
17477 3 1991 01 14.976398  -310.227     97.145    0.126   -0.020  
17477 4 1991 01 14.976398  -549.690    173.007    0.104   -0.120  
17531 1 1991 02 11.924633    94.355    -27.457    0.080   -0.001  
17531 2 1991 02 11.924633   198.012    -60.587   -0.104   -0.061  
17531 3 1991 02 11.924633  -221.485     62.566    0.039   -0.004  
17531 4 1991 02 11.924633   365.368   -109.973   -0.168   -0.116  
17550 2 1991 02 28.886748    87.626    -24.855   -0.123   -0.201  
17550 1 1991 02 28.886748  -124.379     35.114   -0.114   -0.127  
17550 4 1991 02 28.886748   295.049    -86.383   -0.105   -0.259  
17571 1 1991 03 01.840397   124.263    -35.544   -0.222   -0.049  
17571 2 1991 03 01.840397   168.755    -49.864   -0.204   -0.015  
17571 3 1991 03 01.840397   227.108    -61.459   -0.184   -0.029  
17571 4 1991 03 01.840397   106.108    -33.407   -0.241   -0.054  
17589 4 1991 03 02.822316  -101.795     24.926   -0.168   -0.035  
17589 2 1991 03 02.822316  -130.266     36.974   -0.163    0.000  
17589 3 1991 03 02.822316   315.699    -88.580   -0.177   -0.015  
17589 1 1991 03 02.822316  -113.566     32.570   -0.185   -0.019  
17607 1 1991 03 03.820785    82.602    -24.232   -0.234   -0.019 
17607 2 1991 03 03.820785  -118.186     35.073   -0.239   -0.021 
17607 3 1991 03 03.820785   178.421    -52.491   -0.224   -0.076 
17607 4 1991 03 03.820785  -297.760     80.014   -0.223   -0.074 
17644 1 1991 03 16.863160  -121.191     33.387   -0.132   -0.263 
17644 2 1991 03 16.863160   -81.706     22.110   -0.062   -0.038 
17644 3 1991 03 16.863160   303.950    -83.051   -0.211   -0.347 
17644 4 1991 03 16.863160   389.771   -109.941   -0.149   -0.345 
17650 1 1991 03 26.781600    88.125    -25.007    0.158   -0.066 
17650 2 1991 03 26.781600   140.885    -40.721    0.124   -0.100 
17650 3 1991 03 26.781600  -201.267     51.995   -0.205   -0.106 
17650 4 1991 03 26.781600   -95.010     29.386   -0.298   -0.078 
18124 3 1992 03 07.905751    66.911    -37.726    0.024   -0.246 
18124 4 1992 03 07.905751  -470.681    217.691    0.122   -0.101 
18132 1 1992 03 10.904687   106.121    -49.730    0.008   -0.270 
18132 2 1992 03 10.904687  -147.201     62.096    0.043   -0.234 
18132 3 1992 03 10.904687    82.467    -29.940   -0.007   -0.259 
18132 4 1992 03 10.904687  -428.549    181.641    0.019   -0.231 
18156 1 1992 03 16.850975   -27.259     15.616   -0.132    0.058 
18156 2 1992 03 16.850975   -44.693     26.998   -0.085    0.024 
18156 3 1992 03 16.850975   293.003   -128.941   -0.205    0.025 
18156 4 1992 03 16.850975   513.757   -232.492   -0.241   -0.005 
18174 1 1992 03 17.874490    78.796    -38.060   -0.088   -0.111 
18174 2 1992 03 17.874490  -169.098     72.975   -0.129   -0.206 
18174 3 1992 03 17.874490   123.828    -48.701   -0.099   -0.133 
18174 4 1992 03 17.874490   528.593   -233.011   -0.134    0.106 
18183 1 1992 03 19.868878   118.540    -53.303   -0.136   -0.073 
18183 2 1992 03 19.868878   120.323    -48.937   -0.101    0.011 
18183 3 1992 03 19.868878  -293.596    132.183   -0.078    0.029 
18183 4 1992 03 19.868878   340.169   -139.579   -0.120    0.001 
18202 2 1992 03 31.869526  -183.908     81.380   -0.108   -0.039 
18202 3 1992 03 31.869526   184.532    -76.408   -0.115   -0.190 
18202 4 1992 03 31.869526   337.980   -159.410   -0.275   -0.125 
18792 1 1993 04 10.932048   -41.687     12.907   -0.248    0.006 
18792 2 1993 04 10.932048   177.825    -79.117   -0.335   -0.106 
18792 3 1993 04 10.932048  -295.369    140.818   -0.133    0.046 
18792 4 1993 04 10.932048    12.975     22.935   -0.204    0.081 
18801 1 1993 04 15.948495  -115.139     52.107   -0.234   -0.343 
18801 2 1993 04 15.948495  -182.334     87.434   -0.255   -0.444 
18801 3 1993 04 15.948495   131.547    -47.965   -0.164   -0.154 
18810 1 1993 04 16.917798   104.090    -45.772   -0.218   -0.100 
18810 3 1993 04 16.917798  -114.771     67.847   -0.217   -0.233 
18810 4 1993 04 16.917798  -411.390    173.004   -0.337   -0.382 
18819 1 1993 04 20.875062   -45.898     27.537   -0.133    0.009 
18819 2 1993 04 20.875062   106.165    -59.228   -0.075    0.069 
18819 3 1993 04 20.875062   197.438   -104.034   -0.060    0.088 
18819 4 1993 04 20.875062   285.984   -156.963   -0.124    0.037 
18856 2 1993 04 27.859999    73.754    -45.608   -0.162   -0.375 
18856 3 1993 04 27.859999   163.839    -89.881   -0.174   -0.388 
18856 4 1993 04 27.859999   -50.938     50.729   -0.104   -0.279 
20713 2 1998 09 02.009797  -123.438    -66.335    0.137   -0.294  
20713 3 1998 09 02.009797  -231.819   -121.172    0.195   -0.298  
20713 1 1998 09 02.009797    49.333     29.137   -0.002   -0.109  
20730 1 1998 09 13.946340  -122.677    -56.185   -0.122   -0.221  
20730 2 1998 09 13.946340   -39.978     -8.528   -0.108   -0.172  
20730 3 1998 09 13.946340   322.794    149.828   -0.217   -0.113  
20730 4 1998 09 13.946340  -564.560   -258.784   -0.146   -0.322  
20740 1 1998 10 03.864749    62.519     34.141    0.101   -0.499  
20740 2 1998 10 03.864749  -104.038    -56.828   -0.187   -0.124  
20761 2 1998 11 20.748863    82.024     44.780   -0.312   -0.260  
20761 1 1998 11 20.748863    94.432     46.955   -0.303   -0.243  
20770 1 1998 12 22.702764   100.970     48.493    0.363   -0.250  
20770 3 1998 12 22.702764   265.285    125.846   -0.041   -0.195  
20900 1 1999 08 25.037039  -123.272    -46.099    0.220   -0.171  
20900 2 1999 08 25.037039    37.422     25.053    0.134   -0.240  
20900 3 1999 08 25.037039   164.545     45.348    0.098   -0.243  
20900 4 1999 08 25.037039   425.412    136.394    0.021   -0.370  
20911 1 1999 09 02.000435   125.401     46.446   -0.021   -0.160  
20911 2 1999 09 02.000435   201.347     72.370   -0.029   -0.223  
20911 3 1999 09 02.000435   -50.837    -39.464   -0.066   -0.163  
20911 4 1999 09 02.000435  -475.831   -159.792   -0.112    0.086  
20925 1 1999 09 06.996357    63.523     31.111    0.194   -0.087  
20925 2 1999 09 06.996357  -180.762    -72.560    0.266   -0.154  
20925 3 1999 09 06.996357   320.229    124.862    0.084   -0.128  
20925 4 1999 09 06.996357   440.738    187.353    0.107   -0.468  
20948 1 1999 10 23.866530   -74.715    -37.200   -0.013    0.271  
20948 2 1999 10 23.866530  -135.200    -42.301    0.056    0.266  
20948 3 1999 10 23.866530  -334.629   -129.262    0.009    0.262  
20948 4 1999 10 23.866530  -146.997    -21.256    0.028    0.257  
20952 1 1999 11 18.840457   128.638     51.363   -0.177   -0.108  
20952 2 1999 11 18.840457   205.780     86.387   -0.180   -0.125  
20952 3 1999 11 18.840457   146.493     42.473   -0.172   -0.175  
20952 4 1999 11 18.840457   -87.595    -71.895   -0.214   -0.122  
21081 1 2000 09 29.055386   110.713     11.241    0.290   -0.207 
21081 2 2000 09 29.055386  -159.398    -15.971    0.493   -0.210 
21081 3 2000 09 29.055386   244.904     21.993    0.116   -0.227 
21081 4 2000 09 29.055386   555.974     67.469    0.219   -0.241 
21094 1 2000 10 20.962826  –133.311    -20.309    0.256   -0.016    
21094 2 2000 10 20.962826    38.458     15.362    0.267   -0.161  
21094 3 2000 10 20.962826   150.499      4.189    0.271   -0.215  
21094 4 2000 10 20.962826  -366.355    -77.390    0.289    0.072  
21101 1 2000 11 17.931372   -33.449    -13.227    0.110   -0.060  
21101 2 2000 11 17.931372  -117.062    -10.075    0.149   -0.110  
21101 3 2000 11 17.931371   296.112     38.249    0.087   -0.020  
21101 4 2000 11 17.931371   616.229     92.680    0.020    0.019  
21255 4 2001 12 09.024899   542.934    -75.363   -0.123   -0.338    
21255 3 2001 12 09.024899   333.508    -38.181   -0.113   -0.297 
21255 2 2001 12 09.024899   -42.674     -0.600   -0.250   -0.107
21255 1 2001 12 09.024899  -122.170     13.089   -0.417   -0.086 
21260 1 2001 12 18.024941  -136.613     16.117    0.073   -0.130   
21260 3 2001 12 18.024941    58.326    -18.731    0.051   -0.228   
21260 2 2001 12 18.024941    97.231     -5.910    0.070   -0.180   
21260 4 2001 12 18.024941  -442.799     62.635    0.189   -0.129   
21269 2 2002 02 22.767915  –131.326     11.567   -0.285    0.336
21269 3 2002 02 22.767915  -289.548     21.818   -0.278    0.407  
21269 4 2002 02 22.767915  -362.673     34.236   -0.342    0.333  
21276 1 2002 02 26.792436  -122.335      8.138   -0.217   -0.039 
21276 3 2002 02 26.792436   212.435    -20.319   -0.294   -0.089 
21276 4 2002 02 26.792436   403.526    -12.886   -0.224   -0.041 
21284 2 2002 03 12.777303   -50.314      7.264    0.216   -0.183
21284 3 2002 03 12.777303   258.750    -20.737   -0.228   -0.077
21284 1 2002 03 12.777303  -111.090      5.430   -0.164   -0.009  
21297 1 2002 03 19.804196   -98.852      4.188   -0.126   -0.220 
21297 2 2002 03 19.804196   -73.819      8.444   -0.148   -0.167 
21297 3 2002 03 19.804196   269.227    -20.589   -0.106    0.216 
21297 4 2002 03 19.804196   351.353    -32.856   -0.019    0.499 
21304 1 2002 03 30.807129   -79.818      8.008   -0.118   -0.046 
21304 3 2002 03 30.807129  -227.061     21.018   -0.143   -0.159 
21304 4 2002 03 30.807129   136.451      3.901   -0.160    0.039 
21310 1 2002 04 02.831099   -57.149      1.058   -0.184   -0.211 
21310 2 2002 04 02.831099  -120.089     11.077   -0.150   -0.316 
21310 3 2002 04 02.831099   278.935    -21.291   -0.185    0.038 
21310 4 2002 04 02.831099   492.857    -33.245   -0.113    0.212 
21318 1 2002 04 04.835200  -108.915      7.261   -0.288   -0.153 
21318 2 2002 04 04.835200    65.296     -8.507   -0.244    0.041 
21318 3 2002 04 04.835200   -95.774     -1.780   -0.278   -0.144 
21318 4 2002 04 04.835200   419.671    -38.049   -0.181    0.492 
21571 2 2004 03 04.903348   116.264    -48.853   -0.009   -0.390 
21571 1 2004 03 04.903348   119.335    -55.879    0.099   -0.439 
21571 3 2004 03 04.903348   296.150   -139.707    0.128   -0.352 
21571 4 2004 03 04.903348   320.598   -162.447    0.041   -0.380 
21586 1 2004 03 11.942273   117.668    -54.983    0.018   -0.038 
21586 2 2004 03 11.942273   130.107    -54.995    0.006   -0.056 
21586 3 2004 03 11.942273   289.393   -136.517   -0.049   -0.058 
21586 4 2004 03 11.942273   -91.036     59.281   -0.020   -0.087 
21611 2 2004 04 08.808953   182.583    -81.618    0.026    0.186 
21611 3 2004 04 08.808953   182.016    -88.900   -0.017    0.151 
21611 4 2004 04 08.808953   493.518   -226.278    0.274    0.440 
21620 2 2004 04 16.775253    24.419     -6.419   -0.168    0.007 
21620 3 2004 04 16.775253   281.289   -129.039   -0.123   -0.053 
21620 4 2004 04 16.775253  -462.950    213.574   -0.164    0.141 
21762 1 2005 03 29.944639   –84.476     43.166   -0.045   -0.309    
21762 2 2005 03 29.944639   144.925    -71.86    -0.012   -0.283  
21762 3 2005 03 29.944639  -242.126    120.864   -0.010   -0.286  
21762 4 2005 03 29.944639   344.395   -131.930    0.036   -0.252  
21773 1 2005 03 31.994485  –115.108     50.565    0.055   -0.231
21773 2 2005 03 31.994485  -187.062     86.352   -0.113   -0.225  
21773 3 2005 03 31.994485  -119.330     38.215   -0.107   -0.134  
21773 4 2005 03 31.994485   -40.677     48.985   -0.064   -0.167  
21780 1 2005 04 01.937770   107.965    -46.638   -0.082   -0.432   
21780 3 2005 04 01.937770   123.251    -72.887    0.080   -0.457   
21780 4 2005 04 01.937770  -224.748    129.058   -0.092   -0.392   
