BUC 2o3 1990 11 13  1 47 52.76  -0.2343  -0.6958   0.0464   0.0272   0.0873   0.1138   0.7342 198.612 0 0.9076
PIC 2o3 1990 11 13  1 47 46.31  -0.2771  -0.8231   0.0318   0.0148   0.0203  -0.0055   0.8685 198.608 0 0.9495
MOL 2o3 1990 11 13  1 47 49.07  -0.2679  -0.7960   0.0214   0.0117   0.0396   0.0182   0.8399 198.604 0 0.9412
OH3 2o3 1990 11 20  5 10 41.15  -0.1631  -0.4830   0.0132   0.0115   0.1094   0.0505   0.5098 198.656 0 0.8205
OH4 2o3 1990 11 20  5 10 31.42  -0.2616  -0.7746   0.0127   0.0065  -0.0231  -0.2296   0.8176 198.660 1 0.9286
PIE 2o3 1990 11 20  5 10 13.66  -0.1941  -0.5750   0.0021   0.0018  -0.0178  -0.0092   0.6069 198.651 0 0.8564
TER 2o3 1990 11 20  5 10 27.53  -0.1957  -0.5794   0.0035   0.0030   0.0295  -0.0299   0.6116 198.658 0 0.8581
TIM 2o3 1990 12 25 22  7 11.83   0.0817   0.2509   0.0143   0.0282   0.0256   0.0248   0.2639  18.041 0 0.7438
ES2 2o1 1991  1  1  6 28  0.32   0.1673   0.5430   0.0034   0.0029   0.0113   0.0268   0.5682  17.126 0 0.8344
BOW 2o1 1991  1  1  6 27 56.34   0.1617   0.5247   0.0037   0.0036   0.0087   0.0085   0.5491  17.131 0 0.8247
OH3 2e3 1991  1  1 22 53 44.26  -0.2110  -0.7182   0.0417   0.0232   0.0997  -0.0016   0.7486 196.372 0 0.8813
PIC 2e3 1991  1  1 22 53  1.93  -0.2147  -0.7311   0.0076   0.0046   0.0077   0.0116   0.7619 196.368 0 0.8879
PIE 2e3 1991  1  1 22 53  9.15  -0.2142  -0.7291   0.0086   0.0052   0.0233   0.0091   0.7599 196.373 0 0.8869
CAT 2o3 1991  1  2  1 39 20.62   0.1050   0.3287   0.0045   0.0062  -0.0334   0.0844   0.3450  17.714 0 0.7502
SAB 2o3 1991  1  2  1 39 20.98   0.1020   0.3193   0.0048   0.0074  -0.0360   0.0749   0.3352  17.716 0 0.7487
PIC 2o3 1991  1  2  1 39 47.69   0.1161   0.3632   0.0048   0.0064   0.0329   0.1014   0.3813  17.718 0 0.7576
BUC 2o1 1991  1  5  0 21 48.30   0.1825   0.5548   0.0146   0.0120   0.0900  -0.0989   0.5840  18.212 0 0.8391
REG 2o1 1991  1  5  0 20 40.70   0.2011   0.6112   0.0044   0.0031   0.0122  -0.0110   0.6434  18.213 0 0.8680
ZOE 2o1 1991  1  5  0 20 10.54   0.1920   0.5834   0.0181   0.0142  -0.0397  -0.0245   0.6142  18.218 0 0.8540
CAT 2o1 1991  1  5  0 21 56.88   0.1764   0.5359   0.0040   0.0033   0.0959  -0.1219   0.5642  18.214 0 0.8291
PIE 2o1 1991  1  5  0 20 37.80   0.2096   0.6369   0.0051   0.0037   0.0164   0.0161   0.6705  18.217 0 0.8806
TER 2o1 1991  1  5  0 21 16.33   0.2253   0.6848   0.0083   0.0050   0.0870   0.0461   0.7209  18.212 0 0.9030
CAT 2e3 1991  1  9  3  2  6.16  -0.1637  -0.5552   0.0030   0.0024  -0.0597  -0.0048   0.5788 196.427 0 0.7908
ES2 2e3 1991  1  9  3  2  9.56  -0.1158  -0.3926   0.0065   0.0064  -0.0060   0.1561   0.4093 196.427 0 0.6987
TER 2e3 1991  1  9  3  2 39.92  -0.1702  -0.5774   0.0095   0.0073  -0.0088  -0.0440   0.6020 196.427 0 0.8037
ES2 2o3 1991  1  9  5 24 37.02   0.0764   0.2460   0.0045   0.0097  -0.0505   0.0030   0.2576  17.252 0 0.7443
ZOE 2o3 1991  1  9  5 23 42.06   0.2241   0.7217   0.0136   0.0121   0.0072   0.5101   0.7557  17.255 1 0.8719
BAR 2e1 1991  1 12  1 53 49.22   0.0101   0.0342   0.0240   0.0605  -0.0158   0.0340   0.0357  16.429 0 0.2505
CAT 2e1 1991  1 12  1 54 21.22   0.0630   0.2138   0.0012   0.0022   0.0791   0.2012   0.2229  16.418 0 0.6687
TER 2e1 1991  1 12  1 54 54.76   0.0763   0.2589   0.0032   0.0042   0.1364   0.2334   0.2699  16.416 1 0.6999
CAT 2o1 1991  1 12  3  5 57.50   0.1973   0.6108   0.0035   0.0025   0.0159   0.0609   0.6419  17.900 0 0.8626
ES2 2o1 1991  1 12  3  6 14.36   0.2137   0.6614   0.0087   0.0056   0.0663   0.0986   0.6951  17.906 0 0.8872
TER 2o1 1991  1 12  3  6  8.57   0.1943   0.6015   0.0117   0.0089   0.0362   0.0442   0.6321  17.900 0 0.8584
TOK 2o1 1991  1 15 16 19 17.51   0.1170   0.3653   0.0070   0.0086  -0.2456  -0.0820   0.3836  17.754 3 0.7253
ES2 2e3 1991  1 16  7 42 26.75  -0.1375  -0.4696   0.0027   0.0028  -0.0380  -0.0810   0.4893 196.318 0 0.8195
TOK 2o1 1991  1 18 17 25 15.70  -0.0969  -0.3467   0.0021   0.0024  -0.0568  -0.1974   0.3600 195.621 0 0.7124
TOK 2e1 1991  1 18 18 15 11.16  -0.0971  -0.3570   0.0037   0.0036  -0.0250  -0.0732   0.3700 195.223 0 0.5822
KOR 2e1 1991  1 18 18 14 57.24  -0.1025  -0.3768   0.0098   0.0106  -0.0178  -0.0964   0.3905 195.221 0 0.6090
OH1 2e1 1991  1 19  4 54  4.99  -0.1030  -0.3434   0.0090   0.0083  -0.7045  -0.1216   0.3585 196.703 3 0.7547
GR1 2e1 1991  1 19  4 59 53.21  -0.1195  -0.3982   0.0052   0.0043  -0.0401  -0.3807   0.4157 196.702 1 0.7919
GR2 2e1 1991  1 19  4 59 21.94  -0.0615  -0.2050   0.0036   0.0046  -0.0439  -0.1690   0.2140 196.696 1 0.6586
GR3 2e1 1991  1 19  4 59 28.58  -0.0760  -0.2534   0.0033   0.0037  -0.0453  -0.2213   0.2646 196.699 1 0.6921
BOW 2e1 1991  1 19  4 59 26.89  -0.0808  -0.2692   0.0066   0.0075  -0.0534  -0.2361   0.2811 196.702 1 0.7036
ES2 2e1 1991  1 19  4 53 31.72   0.6278  -0.5574   0.0020   0.0019  -0.0379  -0.3164   0.8395 131.602 1 0.7514
JUN 2e1 1991  1 19  4 59 40.69  -0.0921  -0.3069   0.0046   0.0048  -0.0374  -0.2820   0.3204 196.700 1 0.7294
NI1 2e1 1991  1 19  4 59 33.96  -0.1063  -0.3542   0.0071   0.0063  -0.0649  -0.3253   0.3698 196.701 1 0.7622
NI2 2e1 1991  1 19  4 59 19.69  -0.0720  -0.2400   0.0076   0.0083  -0.0588  -0.2027   0.2506 196.699 1 0.6828
TER 2e1 1991  1 19  4 58 41.93  -0.0821  -0.2736   0.0057   0.0064  -0.1434  -0.2138   0.2856 196.701 1 0.7062
BRE 2e1 1991  1 19  4 59 45.43  -0.0808  -0.2692   0.0111   0.0134  -0.0168  -0.2470   0.2810 196.706 1 0.7031
ES2 2o1 1991  1 19  5 29 26.18   0.9307   0.3851   0.0040   0.0027   0.1061   0.1338   1.0073  67.523 1 0.8612
BRE 2o1 1991  1 19  5 34 55.15   0.1638   0.5164   0.0221   0.0180   0.2078  -0.0080   0.5417  17.594 1 0.8079
JUN 2o1 1991  1 19  5 33 49.57   0.2015   0.6351   0.0122   0.0086   0.0711   0.1660   0.6663  17.601 1 0.8696
OH2 2o1 1991  1 19  5 33 31.45   0.2451   0.7726   0.0185   0.0096   0.0667   0.3187   0.8106  17.598 1 0.9314
ES2 2o1 1991  1 22  4 57  9.77  -0.1469  -0.5852   0.0044   0.0031  -0.0439  -0.2278   0.6033 194.088 1 0.8384
TER 2o1 1991  1 22  4 47 34.17  -0.0536  -0.2192   0.0038   0.0063   0.3926   0.0545   0.2257 193.738 3 0.6340
ES2 2e1 1991  1 22  5 46 54.68  -0.1525  -0.5886   0.0054   0.0031  -0.1148  -0.1365   0.6081 194.528 1 0.9039
GR1 2e1 1991  1 22 18 23 46.33  -0.1188  -0.3928   0.0073   0.0058  -0.0070  -0.3698   0.4104 196.824 1 0.7867
GR3 2e1 1991  1 22 18 23 10.54  -0.0522  -0.1726   0.0043   0.0058  -0.0207  -0.1253   0.1803 196.825 0 0.6346
JUN 2e1 1991  1 22 18 21 51.29  -0.0614  -0.2030   0.0156   0.0213  -0.2071  -0.1021   0.2120 196.830 0 0.6554
NI1 2e1 1991  1 22 18 23 30.76  -0.0493  -0.1630   0.0070   0.0098   0.0275  -0.1294   0.1703 196.829 0 0.6283
KV1 2e1 1991  1 22 18 23 11.40  -0.0204  -0.0675   0.0010   0.0023   0.0130  -0.0208   0.0705 196.827 0 0.2740
JUN 2o1 1991  1 22 18 42  9.97   0.0809   0.2573   0.0250   0.0352  -0.3167  -0.0735   0.2697  17.447 0 0.6603
NI1 2o1 1991  1 22 18 44  1.77   0.1474   0.4692   0.0126   0.0105   0.0720   0.0372   0.4918  17.443 0 0.7789
OH3 2o1 1991  1 22 18 43 45.83   0.1377   0.4382   0.0088   0.0079   0.0161   0.0206   0.4593  17.442 0 0.7613
KV1 2o1 1991  1 22 18 43 57.74   0.1216   0.3870   0.0069   0.0210   0.0354  -0.0425   0.4056  17.443 0 0.7318
MA1 2e3 1991  1 23 14  3 48.26  -0.1205  -0.4570   0.0014   0.0015  -0.0146  -0.0566   0.4726 194.767 0 0.8112
KA1 2e3 1991  1 23 14  4 15.95  -0.1264  -0.4798   0.0039   0.0045  -0.0074  -0.0829   0.4962 194.763 0 0.8203
KV3 2o3 1991  1 23 16 40 48.78  -0.0039  -0.1188   0.0386   0.0376   0.0530   0.1311   0.1189 181.866 0 0.7450
OH3 2e3 1991  1 23 20 25 33.87  -0.3563  -0.9239   0.0269   0.0124  -0.0079  -0.0093   0.9902 201.087 0 0.9853
OH2 2e3 1991  1 23 20 35 17.21  -0.3450  -0.9009   0.0197   0.0095  -0.2281   0.1027   0.9647 200.956 2 0.9710
PIC 2e3 1991  1 23 20 26  3.14  -0.3509  -0.9102   0.0685   0.0374  -0.0139   0.0088   0.9755 201.081 0 0.9823
MA2 2o1 1991  1 26  7 52 54.59   0.1108   0.3557   0.0055   0.0058  -0.0296   0.0044   0.3726  17.294 0 0.7115
HOL 2e1 1991  1 26  7 44 58.23  -0.0472  -0.1547   0.0111   0.0167   0.0151  -0.1043   0.1617 196.955 0 0.6225
HOL 2o1 1991  1 26  7 52  7.99   0.1215   0.3904   0.0248   0.0355  -0.1616   0.0850   0.4089  17.285 0 0.7322
BOW 2e1 1991  1 26  7 44 50.19  -0.0189  -0.0620   0.0054   0.0140   0.0233  -0.0056   0.0648 196.967 0 0.5818
BOW 2o1 1991  1 26  7 53  8.64   0.1129   0.3628   0.0272   0.0283   0.0181  -0.0017   0.3799  17.282 0 0.7160
PIC 2e1 1991  1 29 21  3 21.35  -0.0081  -0.0263   0.0194   0.0563   0.0402   0.0345   0.0275 197.062 0 0.5769
PIC 2o1 1991  1 29 20 59 44.68   0.0711   0.2307   0.0124   0.0154  -0.1490  -0.0318   0.2414  17.130 0 0.6424
ZOE 2e1 1991  1 29 21  3 12.78  -0.0340  -0.1106   0.0139   0.0241  -0.0090  -0.0426   0.1157 197.073 0 0.6041
ZOE 2o1 1991  1 29 21  0 39.43   0.1044   0.3389   0.0204   0.0206   0.0663   0.0205   0.3546  17.124 0 0.7051
BRE 2e1 1991  1 29 21  3 11.23  -0.0225  -0.0733   0.0050   0.0108  -0.0018  -0.0040   0.0767 197.072 0 0.5886
GR1 2e1 1991  1 29 21  4 18.62  -0.0803  -0.2614   0.0056   0.0060   0.1237  -0.2484   0.2734 197.074 1 0.6989
GR2 2e1 1991  1 29 21  3 20.49  -0.0188  -0.0613   0.0028   0.0067   0.0270   0.0002   0.0641 197.074 0 0.5848
GR3 2e1 1991  1 29 21  3 29.66  -0.0173  -0.0563   0.0049   0.0119   0.0535  -0.0024   0.0589 197.078 0 0.5833
KV2 2e1 1991  1 29 21  3 15.33   0.0082   0.0267   0.0076   0.0217   0.0401   0.0925   0.0279  17.097 0 0.5771
BRE 2o1 1991  1 29 21  0 25.45   0.1134   0.3680   0.0073   0.0071   0.0288   0.0638   0.3850  17.126 0 0.7220
GR1 2o1 1991  1 29 21  2 23.45   0.0475   0.1542   0.0083   0.0131   0.3561  -0.2713   0.1613  17.121 1 0.5999
GR2 2o1 1991  1 29 21  0 32.34   0.0878   0.2848   0.0035   0.0040   0.0260  -0.0265   0.2980  17.127 0 0.6737
GR3 2o1 1991  1 29 21  0 23.91   0.0751   0.2436   0.0051   0.0064  -0.0147  -0.0591   0.2549  17.128 0 0.6499
KV2 2o1 1991  1 29 21  0 32.75   0.0863   0.2801   0.0055   0.0068   0.0276  -0.0326   0.2931  17.136 0 0.6709
ESS 2e1 1991  1 29 21  3 14.67  -0.0977  -0.3181   0.0044   0.0042  -0.0676  -0.2517   0.3328 197.075 1 0.7380
PAR 2e1 1991  1 29 21  3 27.52   0.0007   0.0023   0.0639   0.2076   0.0657   0.0580   0.0025  17.347 0 0.5751
ESS 2o1 1991  1 29 21  0 55.74   0.1197   0.3886   0.0064   0.0061   0.1359   0.0536   0.4067  17.124 0 0.7337
PAR 2o1 1991  1 29 21  0 54.59   0.0569   0.1846   0.0068   0.0099   0.0691  -0.1494   0.1931  17.127 0 0.6164
REU 2e1 1991  1 29 21  3 12.75  -0.0075  -0.0245   0.0164   0.0494   0.0173   0.0435   0.0256 197.064 0 0.5766
REU 2o1 1991  1 29 21  0 23.83   0.1055   0.3423   0.0125   0.0136   0.0155   0.0399   0.3582  17.124 0 0.7070
KA1 2o1 1991  2  2 10  7 43.77   0.0681   0.2231   0.0070   0.0084   0.0262  -0.0244   0.2332  16.968 0 0.6351
KA1 2e1 1991  2  2 10 20 55.91  -0.0186  -0.0602   0.0053   0.0126   0.0307   0.0039   0.0630 197.188 0 0.5817
KV1 2o1 1991  2  5 23 13 28.00   0.0392   0.1298   0.0212   0.0656   0.0081  -0.0513   0.1356  16.814 0 0.5878
OH3 2o1 1991  2  5 23 13 28.49   0.0503   0.1667   0.0043   0.0066   0.0194  -0.0145   0.1741  16.799 0 0.6073
MEU 2o1 1991  2  5 23 13 33.01   0.0502   0.1663   0.0099   0.0177   0.0360  -0.0197   0.1738  16.807 0 0.6072
MOL 2o1 1991  2  5 23 13 22.28   0.0456   0.1511   0.0021   0.0034  -0.0084  -0.0231   0.1579  16.794 0 0.5989
PAR 2o1 1991  2  5 23 13 35.88   0.0645   0.2136   0.0046   0.0064   0.0609   0.0243   0.2231  16.803 0 0.6335
STQ 2o1 1991  2  5 23 13 38.32   0.0399   0.1320   0.0027   0.0044   0.0453  -0.0602   0.1379  16.806 0 0.5897
BA1 2o1 1991  2  5 23 12 35.41   0.0520   0.1722   0.0357   0.0576  -0.1757   0.0503   0.1798  16.804 0 0.6105
MO1 2o1 1991  2  5 23 13 37.43   0.0816   0.2702   0.0028   0.0035   0.0838   0.0790   0.2823  16.809 0 0.6663
MO1 2e1 1991  2  5 23 36 31.25  -0.0535  -0.1718   0.0032   0.0044   0.0054  -0.1123   0.1799 197.308 0 0.6410
STQ 2e1 1991  2  5 23 36 32.05  -0.0147  -0.0472   0.0030   0.0079   0.0467   0.0115   0.0495 197.310 0 0.5839
BA1 2e1 1991  2  5 23 36 26.53  -0.0630  -0.2022   0.0115   0.0142  -0.0189  -0.1381   0.2118 197.303 0 0.4123
PAR 2e1 1991  2  5 23 36 34.20  -0.0227  -0.0729   0.0046   0.0102   0.0454  -0.0163   0.0763 197.313 0 0.5911
BA3 2e1 1991  2  5 23 36 25.95  -0.0034  -0.0109   0.0651   0.2038   0.0389   0.0538   0.0114 197.319 0 0.2630
KA1 2o1 1991  2  9 12 19 28.40   0.0307   0.1026   0.0022   0.0042   0.0277  -0.0120   0.1071  16.655 0 0.5793
KA1 2e1 1991  2  9 12 51 34.52  -0.0230  -0.0732   0.0018   0.0040   0.0223  -0.0135   0.0767 197.418 0 0.5964
MO1 2o1 1991  2 13  1 24 29.15   0.0481   0.1623   0.0034   0.0051   0.0927   0.1080   0.1693  16.501 0 0.6128
OH3 2o1 1991  2 13  1 24 24.58   0.0545   0.1840   0.0059   0.0084   0.0806   0.1352   0.1919  16.489 0 0.6246
NI1 2o1 1991  2 13  1 24 28.02   0.0737   0.2485   0.0050   0.0061   0.1138   0.1956   0.2592  16.510 1 0.6612
BOR 2o1 1991  2 13  1 24  6.22   0.0031   0.0104   0.0208   0.0698  -0.0453  -0.0163   0.0109  16.636 0 0.5706
ES2 2o1 1991  2 13  1 24 25.52   0.0533   0.1801   0.0024   0.0037   0.0815   0.1280   0.1878  16.491 0 0.6224
NI2 2e1 1991  2 13  2  5 11.06  -0.0219  -0.0693   0.0099   0.0221   0.0239  -0.0188   0.0727 197.513 0 0.5998
ES2 2e1 1991  2 13  2  5 11.71  -0.0586  -0.1856   0.0021   0.0026  -0.0105  -0.1357   0.1946 197.519 0 0.6582
OH3 2e1 1991  2 13  2  5 17.31  -0.1366  -0.4327   0.0068   0.0048  -0.0689  -0.3891   0.4538 197.526 1 0.8222
MO1 2e1 1991  2 13  2  5 13.75  -0.0587  -0.1859   0.0028   0.0037  -0.0035  -0.1383   0.1949 197.521 0 0.6586
BOW 2e1 1991  2 13  2  5  9.92  -0.0256  -0.0811   0.0058   0.0118   0.0162  -0.0292   0.0850 197.535 0 0.2890
NI1 2e1 1991  2 13  2  5 14.77  -0.0660  -0.2090   0.0040   0.0056  -0.0072  -0.1626   0.2192 197.530 0 0.6734
KV1 2o1 1991  2 16 14 29 38.84  -0.0302  -0.1028   0.0059   0.0178   0.0064  -0.0790   0.1072 196.360 0 0.5863
KV1 2e1 1991  2 16 15 18 35.24  -0.0085  -0.0266   0.0025   0.0071   0.0311   0.0148   0.0279 197.665 0 0.2639
ES2 2o1 1991  2 20  3 34 21.90  -0.1045  -0.3595   0.0036   0.0036   0.0039  -0.2814   0.3744 196.208 0 0.7310
MEU 2o1 1991  2 20  3 34 11.66  -0.0277  -0.0955   0.0077   0.0152   0.0371  -0.0017   0.0995 196.190 0 0.5856
PIC 2o1 1991  2 20  3 34  9.20  -0.0260  -0.0894   0.0064   0.0129   0.0283   0.0074   0.0931 196.199 0 0.5835
RI1 2o1 1991  2 20  3 34  8.37  -0.0490  -0.1685   0.0018   0.0028   0.0013  -0.0730   0.1755 196.205 0 0.6222
ES1 2e1 1991  2 20  4 30 40.83  -0.0433  -0.1354   0.0185   0.0286  -0.0445  -0.0966   0.1422 197.737 0 0.6358
OH3 2e1 1991  2 20  4 31  5.36  -0.0229  -0.0717   0.0244   0.0552   0.0701  -0.0631   0.0753 197.723 0 0.6084
PIC 3o4 1991  2 21  1 59 56.91  -0.1978  -0.8202   0.0099   0.0084   0.0131  -0.0356   0.8437 193.561 0 0.8870
KV1 2o1 1991  2 23 16 39 11.16  -0.0348  -0.1208   0.0059   0.0179   0.0431   0.0445   0.1257 196.082 0 0.5993
OH3 2e1 1991  2 23 17 43  4.63  -0.0292  -0.0905   0.0025   0.0047   0.0099  -0.0825   0.0951 197.857 0 0.2958
KAL 2e1 1991  2 23 17 42 38.83  -0.0556  -0.1726   0.0214   0.0307  -0.1197  -0.1314   0.1814 197.850 0 0.3720
BOW 2o1 1991  2 27  5 43 41.20  -0.0764  -0.2673   0.0081   0.0093   0.0240  -0.0322   0.2780 195.955 0 0.6852
KA1 4e2 1991  3  1 16 30 58.29  -0.1768  -0.5492   0.0041   0.0031  -0.0423  -0.2127   0.5769 197.844 0 0.7139
BER 2o1 1991  3  2 18 48 16.28  -0.1237  -0.4358   0.0248   0.0210  -0.1249  -0.0978   0.4530 195.848 0 0.7821
CLU 2o1 1991  3  2 18 48 32.71  -0.1180  -0.4157   0.0300   0.0219  -0.0410  -0.1000   0.4321 195.843 0 0.7724
NI1 2o1 1991  3  2 18 48 17.66  -0.1163  -0.4099   0.0068   0.0070  -0.1112  -0.0740   0.4261 195.841 0 0.7675
NI2 2o1 1991  3  2 18 48 36.31  -0.0835  -0.2941   0.0054   0.0066   0.0102   0.0167   0.3057 195.847 0 0.7008
GR1 2e1 1991  3  2 20  5 30.43  -0.0948  -0.2908   0.0025   0.0030  -0.0926  -0.3165   0.3059 198.061 1 0.7393
TOK 2e1 1991  3  6  9 16  7.74   0.0540   0.1648   0.0047   0.0075   0.0779   0.1046   0.1734  18.143 0 0.6607
CAT 2o1 1991  3  9 20 58 25.26  -0.1347  -0.4805   0.0033   0.0025  -0.0242  -0.0354   0.4991 195.663 0 0.8125
KV3 2o1 1991  3  9 20 58 32.48  -0.1263  -0.4506   0.0059   0.0048   0.0217  -0.0159   0.4680 195.662 0 0.7958
MEU 2o1 1991  3  9 20 58 25.36  -0.0770  -0.2750   0.0145   0.0166   0.0337   0.1704   0.2856 195.652 0 0.6941
BA2 2o1 1991  3  9 20 59 18.36  -0.0771  -0.2749   0.0503   0.0650   0.2973   0.0963   0.2855 195.665 3 0.6963
OH3 2o1 1991  3  9 20 58  9.31  -0.0797  -0.2845   0.0173   0.0199  -0.0487   0.1831   0.2955 195.656 0 0.6997
PAR 2o1 1991  3  9 20 58 36.57  -0.0937  -0.3344   0.0078   0.0081   0.0727   0.0954   0.3473 195.661 0 0.7290
TER 2o1 1991  3  9 20 58 32.82  -0.1312  -0.4681   0.0094   0.0078   0.0169  -0.0333   0.4862 195.658 0 0.8056
BOR 2o1 1991  3  9 20 57 44.35  -0.1435  -0.5119   0.0223   0.0190  -0.2368  -0.0095   0.5317 195.658 3 0.8295
LAP 2o1 1991  3  9 20 58 28.24  -0.1329  -0.4742   0.0094   0.0079  -0.0079  -0.0328   0.4924 195.653 0 0.8089
KV1 2o1 1991  3  9 20 58 35.39  -0.0290  -0.1034   0.0069   0.0137   0.1335   0.3273   0.1074 195.653 1 0.5976
MOL 2o1 1991  3  9 20 58 30.99  -0.1326  -0.4731   0.0033   0.0029   0.0061  -0.0358   0.4913 195.655 0 0.8083
MEU 2e1 1991  3  9 22 26 35.45   0.0315   0.0956   0.0024   0.0040   0.0311   0.0135   0.1007  18.238 0 0.3004
BOR 2e1 1991  3  9 22 26 36.80   0.0334   0.1013   0.0014   0.0026   0.0392   0.0171   0.1067  18.238 0 0.3049
TER 2e1 1991  3  9 22 26 36.86   0.0393   0.1192   0.0020   0.0033   0.0454   0.0349   0.1255  18.252 0 0.3192
OH3 2e1 1991  3  9 22 26 39.60   0.0302   0.0917   0.0041   0.0078   0.0489   0.0033   0.0966  18.240 0 0.2976
PAR 2e4 1991  3 10  3 43  8.73  -0.1810  -0.5454   0.0519   0.0369  -0.1830   0.1674   0.5746 198.360 2 0.8091
ES2 2e4 1991  3 10  3 44 39.58  -0.1614  -0.4862   0.0118   0.0102   0.1756   0.1140   0.5123 198.360 2 0.7782
ESS 2o1 1991  3 16 23  6 22.76   0.6944  -0.7137   0.0055   0.0044   0.0225   0.0743   0.9958 135.788 0 0.8197
BRA 2o1 1991  3 16 23  9  9.39  -0.1585  -0.5702   0.0067   0.0049   0.0284  -0.0235   0.5918 195.531 0 0.8660
JUN 2o1 1991  3 16 23  9 22.31  -0.1760  -0.6333   0.0062   0.0043   0.0790  -0.1029   0.6573 195.528 0 0.8972
MIL 2o1 1991  3 16 23  9  8.15  -0.2277  -0.8195   0.0290   0.0129  -0.0459  -0.2687   0.8505 195.526 1 0.9712
NI1 2e1 1991  3 17  0 46 25.34   0.0443   0.1328   0.0047   0.0073   0.0173  -0.0086   0.1400  18.442 0 0.3321
NI2 2e1 1991  3 17  0 46 25.41   0.0425   0.1275   0.0053   0.0084   0.0158  -0.0140   0.1344  18.438 0 0.3273
BOW 2e1 1991  3 17  0 46 27.22   0.0425   0.1276   0.0023   0.0033   0.0247  -0.0168   0.1345  18.431 0 0.3274
BRA 2e1 1991  3 17  0 46 27.17   0.0404   0.1211   0.0014   0.0024   0.0223  -0.0232   0.1277  18.456 0 0.3218
MIL 2e1 1991  3 17  0 46 22.90   0.2164   0.6488   0.0283   0.0156   0.1775   0.5114   0.6839  18.443 1 0.9472
HOL 2e1 1991  3 17  0 46 32.12   0.0529   0.1589   0.0126   0.0231   0.0588   0.0065   0.1675  18.430 0 0.3576
PIC 2e1 1991  3 17  0 46 25.58   0.0435   0.1305   0.0069   0.0106   0.0177  -0.0112   0.1376  18.436 0 0.3301
OH2 4o3 1991  3 18  0  0 58.63  -0.1995  -1.1057   0.0187   0.0093  -0.1816   0.0938   1.1235 190.227 2 0.9106
TEN 4o3 1991  3 17 23 51 16.72  -0.1721  -0.9849   0.0056   0.0052  -0.0493   0.1950   0.9998 189.912 0 0.8612
PIC 4e2 1991  3 18 19 43 21.52  -0.2401  -0.7131   0.0068   0.0039  -0.0066   0.0564   0.7524 198.607 0 0.7289
OH2 4e2 1991  3 18 19 43 34.93  -0.2746  -0.8156   0.0128   0.0069   0.0220  -0.0674   0.8606 198.609 0 0.8908
BER 4e2 1991  3 18 19 43 33.37  -0.2305  -0.6845   0.0205   0.0119   0.0588   0.0662   0.7223 198.607 0 0.7010
GR1 4e2 1991  3 18 19 43 28.81  -0.2652  -0.7878   0.0050   0.0030   0.0026  -0.0299   0.8313 198.607 0 0.7960
GR3 4e2 1991  3 18 19 43 30.54  -0.2652  -0.7878   0.0059   0.0035   0.0107  -0.0326   0.8312 198.607 0 0.7960
KV3 4e2 1991  3 18 19 43 29.59  -0.2494  -0.7407   0.0060   0.0039   0.0220   0.0160   0.7816 198.608 0 0.7548
OH1 4e2 1991  3 18 19 43 13.98  -0.2109  -0.6265   0.0097   0.0067  -0.0129   0.1549   0.6611 198.602 0 0.6416
OH3 4e2 1991  3 18 19 43 28.17  -0.2641  -0.7843   0.0112   0.0066   0.0007  -0.0253   0.8276 198.611 0 0.7930
MOL 4e2 1991  3 18 19 43 26.59  -0.2527  -0.7506   0.0029   0.0019   0.0046   0.0108   0.7920 198.607 0 0.7637
TER 4e2 1991  3 18 19 43 19.32  -0.2643  -0.7851   0.0076   0.0047  -0.0412  -0.0121   0.8284 198.608 0 0.7937
KV1 2e1 1991  3 20 13 55 48.79   0.0537   0.1600   0.0019   0.0026   0.0093  -0.0134   0.1688  18.539 0 0.3591
SID 2e1 1991  3 20 13 55 45.27   0.0749   0.2234   0.0102   0.0114   0.0130   0.0559   0.2356  18.540 0 0.4301
CAT 3e2 1991  3 25 19 42  6.12  -0.3374  -0.9972   0.0060   0.0026  -0.0122  -0.0017   1.0527 198.692 0 0.9345
TIM 3e2 1991  3 25 19 42 20.74  -0.3191  -0.9431   0.0329   0.0140   0.0884   0.0246   0.9956 198.696 0 0.9025
REG 3e2 1991  3 25 19 42 20.31  -0.3367  -0.9951   0.0115   0.0050   0.0684  -0.0266   1.0505 198.693 0 0.9333
SID 2e4 1991  3 27 11 56  9.26  -0.3278  -0.9619   0.0878   0.0455  -0.0588   0.0736   1.0163 198.820 0 0.9624
KV1 2o1 1991  3 27 14 26 31.94  -0.1668  -0.6038   0.0124   0.0080   0.0473   0.0893   0.6264 195.440 0 0.8926
KV1 2e1 1991  3 27 16 14 18.58   0.0807   0.2378   0.0024   0.0027   0.0266  -0.0153   0.2511  18.737 0 0.4480
BOW 2o1 1991  3 31  3 33  1.68  -0.2102  -0.7613   0.0661   0.0296   0.0112  -0.0286   0.7898 195.435 0 0.9632
BOW 2e1 1991  3 31  5 23 15.43   0.0814   0.2387   0.0178   0.0197  -0.0170  -0.0442   0.2522  18.820 0 0.4536
VER 3e2 1991  4  1 22 57 10.95  -0.2423  -0.7092   0.0978   0.0522   0.2391  -0.0997   0.7494 198.861 2 0.8718
GR3 3e2 1991  4  1 22 56 29.80  -0.2400  -0.7028   0.0020   0.0012   0.0138  -0.0156   0.7427 198.855 0 0.6543
CA2 3e2 1991  4  1 22 56 18.89  -0.2230  -0.6529   0.0818   0.0505  -0.0294   0.0549   0.6899 198.855 0 0.5911
MEU 3e2 1991  4  1 22 56 28.16  -0.2254  -0.6598   0.0101   0.0061   0.0195   0.0305   0.6973 198.856 0 0.5942
OH3 3e2 1991  4  1 22 56 37.12  -0.2381  -0.6972   0.0088   0.0051   0.0563  -0.0238   0.7367 198.854 0 0.6465
PAR 3e2 1991  4  1 22 56 39.30  -0.2282  -0.6681   0.0090   0.0053   0.0782   0.0011   0.7060 198.854 0 0.6060
GR1 3e2 1991  4  1 22 56 31.59  -0.2291  -0.6708   0.0020   0.0012   0.0347   0.0130   0.7088 198.854 0 0.6098
GR2 3e2 1991  4  1 22 56 30.76  -0.2350  -0.6880   0.0020   0.0012   0.0242  -0.0026   0.7271 198.856 0 0.6339
HOS 3e2 1991  4  1 22 56 23.13  -0.2550  -0.7469   0.0036   0.0020  -0.0380  -0.0471   0.7892 198.853 0 0.7121
JUN 3e2 1991  4  1 22 56  5.50  -0.2405  -0.7046   0.0058   0.0034  -0.1210   0.0285   0.7445 198.849 0 0.6568
MOL 3e2 1991  4  1 22 56 29.24  -0.2399  -0.7024   0.0064   0.0037   0.0109  -0.0141   0.7422 198.855 0 0.6536
TER 3e2 1991  4  1 22 56 30.02  -0.2421  -0.7091   0.0085   0.0049   0.0129  -0.0223   0.7493 198.854 0 0.6627
BOR 3e2 1991  4  1 22 56 32.67  -0.2411  -0.7059   0.0037   0.0023   0.0287  -0.0241   0.7459 198.855 0 0.6585
MO1 3e2 1991  4  1 22 56 38.21  -0.2390  -0.6998   0.0074   0.0044   0.0614  -0.0285   0.7395 198.856 0 0.6502
BE1 2e1 1991  4  3 18 31 38.70   0.1464   0.4273   0.0109   0.0074  -0.0520   0.1316   0.4517  18.910 0 0.6795
TER 2e1 1991  4  3 18 31 55.53   0.1367   0.3988   0.0027   0.0022   0.0298   0.0717   0.4216  18.918 0 0.6458
KV3 2e1 1991  4  3 18 31 57.93   0.1209   0.3528   0.0057   0.0054   0.0270   0.0213   0.3730  18.915 0 0.5903
BE2 2e1 1991  4  3 18 31 56.23   0.1781   0.5195   0.0075   0.0053   0.0750   0.1911   0.5492  18.920 0 0.8865
SID 1e3 1991  4  5 10 52 38.24  -0.3036  -0.8944   0.0489   0.0222  -0.0371   0.0046   0.9445 198.748 0 0.9402
TO2 2e1 1991  4  7  7 39 56.13   0.1452   0.4217   0.0527   0.0433  -0.1984   0.1269   0.4460  19.003 2 0.6732
TER 2o1 1991  4 10 18 54  2.36  -0.2192  -0.7896   0.0485   0.0186   0.2059  -0.0283   0.8195 195.515 2 0.9804
BRE 2e1 1991  4 10 20 49  0.55   0.1440   0.4161   0.0100   0.0074   0.0261  -0.0077   0.4403  19.089 0 0.6680
TIM 2e1 1991  4 10 20 48 41.84   0.1263   0.3648   0.0263   0.0220  -0.0973  -0.0224   0.3860  19.095 0 0.6056
GR1 2e1 1991  4 10 20 49 42.46   0.1411   0.4075   0.0089   0.0072   0.2600  -0.0983   0.4312  19.098 1 0.8223
REG 2e1 1991  4 10 20 48 55.56   0.1516   0.4379   0.0038   0.0028   0.0055   0.0239   0.4634  19.093 0 0.6924
ZOE 2e1 1991  4 10 20 49  3.10   0.2306   0.6658   0.0174   0.0089   0.1271   0.2370   0.7046  19.101 1 0.9552
TER 2e1 1991  4 10 20 48 59.69   0.1374   0.3968   0.0046   0.0038   0.0147  -0.0253   0.4199  19.100 0 0.6442
JUN 2e1 1991  4 10 20 48 54.81   0.1861   0.5376   0.0178   0.0114   0.0358   0.1251   0.5689  19.094 0 0.8970
BA3 2e1 1991  4 10 20 49 27.07   0.1398   0.4039   0.0506   0.0401   0.1718  -0.0717   0.4274  19.097 0 0.6531
BOR 2e1 1991  4 10 20 48 59.99   0.1470   0.4243   0.0028   0.0023   0.0260   0.0016   0.4491  19.109 0 0.6767
ESS 2e1 1991  4 10 20 49  2.52   0.1529   0.4416   0.0018   0.0014   0.0461   0.0140   0.4673  19.100 0 0.6967
MEU 2e1 1991  4 10 20 49  8.88   0.1613   0.4658   0.0123   0.0093   0.0905   0.0258   0.4930  19.100 0 0.7242
MOL 2e1 1991  4 10 20 49  1.15   0.1504   0.4343   0.0023   0.0018   0.0359   0.0094   0.4596  19.101 0 0.6883
OH3 2e1 1991  4 10 20 48 58.98   0.1443   0.4168   0.0053   0.0042   0.0176  -0.0039   0.4411  19.101 0 0.6679
PAR 2e1 1991  4 10 20 49 28.58   0.1259   0.3636   0.0103   0.0088   0.1663  -0.1151   0.3847  19.098 0 0.6041
GR3 2e1 1991  4 10 20 49 22.47   0.1403   0.4053   0.0046   0.0039   0.1463  -0.0613   0.4289  19.098 0 0.8210
KA1 2e1 1991  4 14  9 57 20.87   0.1570   0.4510   0.0045   0.0035   0.0129  -0.0171   0.4775  19.192 0 0.8489
ZOE 3e4 1991  4 15  1 34 34.80  -0.3117  -0.9238   0.0220   0.0120  -0.0589  -0.1614   0.9750 198.646 0 0.8377
ZOE 2e1 1991  4 17 23  5 30.84   0.2198   0.6287   0.0335   0.0185   0.0819   0.1034   0.6660  19.274 0 0.9408
BOR 2e1 1991  4 17 23  5 24.13   0.1830   0.5232   0.0100   0.0066   0.0059   0.0117   0.5543  19.279 0 0.7871
OH3 2e1 1991  4 17 23  5 23.93   0.1793   0.5128   0.0154   0.0107   0.0011   0.0017   0.5432  19.277 0 0.7761
ES2 2e1 1991  4 17 23  5 36.49   0.1560   0.4461   0.0107   0.0086   0.0511  -0.0907   0.4726  19.272 0 0.8466
KOR 4e1 1991  4 21 18 52 55.24  -0.1986  -0.5692   0.2016   0.1707  -0.0767   0.0443   0.6029 199.236 0 0.7507
CAT 4e1 1991  4 21 18 54  2.84  -0.1973  -0.5655   0.0059   0.0046   0.3426  -0.0978   0.5989 199.237 3 0.5857
TIM 4e1 1991  4 21 18 53 49.64  -0.2420  -0.6933   0.0280   0.0221   0.2163  -0.1972   0.7344 199.239 3 0.8254
OH3 1e2 1991  4 22 18 56 56.75  -0.2113  -0.5960   0.0083   0.0045  -0.2194  -0.3530   0.6323 199.525 1 0.9143
MEU 1e2 1991  4 22 18 57  8.35  -0.0698  -0.1968   0.0028   0.0033  -0.0014   0.0190   0.2088 199.519 0 0.2189
MAS 1e2 1991  4 22 18 57 23.90  -0.0629  -0.1772   0.0168   0.0188   0.1079   0.0024   0.1880 199.542 0 0.1939
BOW 2e1 1991  4 25  1 21 16.21   0.2174   0.6157   0.0729   0.0432  -0.0193   0.0096   0.6530  19.452 0 0.8757
MIL 1e4 1991  4 29 20 57 15.59  -0.0735  -0.2084   0.0285   0.0540  -0.1508  -0.0892   0.2210 199.433 0 0.5582
NI2 1e2 1991  4 29 21 11 47.20  -0.0828  -0.2313   0.0068   0.0072  -0.0272  -0.1478   0.2456 199.694 0 0.2652
NI1 1e2 1991  4 29 21 11 43.21  -0.0662  -0.1850   0.0045   0.0057  -0.0362  -0.0924   0.1965 199.683 0 0.2020
BA2 1e2 1991  4 29 21 11 44.88  -0.0592  -0.1653   0.0192   0.0246  -0.0185  -0.0765   0.1756 199.694 0 0.1778
CA1 1e2 1991  4 29 21 11 54.32  -0.0415  -0.1161   0.0616   0.0973   0.0598  -0.0490   0.1233 199.686 0 0.1394
CAT 2e4 1991  4 29 22 17 10.47  -0.0347  -0.0914   0.0397   0.0921  -0.0165   0.0196   0.0978 200.802 0 0.8187
ES2 1e2 1991  5  6 23 26 32.12   0.0864   0.2393   0.0078   0.0082   0.0398   0.2274   0.2544  19.845 0 0.2730
BOR 1e2 1991  5  6 23 25 38.01  -0.0686  -0.1902   0.0033   0.0042  -0.4532  -0.0801   0.2022 199.845 3 0.2070
GR1 3e1 1991  5  7 20 29 14.97  -0.2861  -0.8052   0.0136   0.0069  -0.0363  -0.1574   0.8545 199.560 0 0.7778
GR3 3e1 1991  5  7 20 29 13.38  -0.1959  -0.5513   0.0073   0.0054   0.0445   0.0998   0.5850 199.561 0 0.7824
NI1 3e1 1991  5  7 20 29 13.30  -0.2384  -0.6710   0.0037   0.0023   0.0015  -0.0197   0.7121 199.564 0 0.6172
NI2 3e1 1991  5  7 20 29 14.70  -0.2389  -0.6723   0.0030   0.0019   0.0093  -0.0240   0.7135 199.563 0 0.6189
CAT 3e1 1991  5  7 20 29 11.41  -0.2407  -0.6774   0.0025   0.0015  -0.0119  -0.0221   0.7189 199.564 0 0.6255
REG 3e1 1991  5  7 20 29  5.83  -0.2602  -0.7321   0.0093   0.0032  -0.0643  -0.0652   0.7770 199.564 0 0.6941
OH3 3e1 1991  5  7 20 29 11.14  -0.2623  -0.7383   0.0082   0.0050  -0.0351  -0.0825   0.7835 199.558 0 0.8804
BOR 3e1 1991  5  7 20 29 10.80  -0.2460  -0.6924   0.0057   0.0038  -0.0208  -0.0359   0.7348 199.562 0 0.6447
BOW 4e1 1991  5  8  1 25 19.60   0.1525   0.4289   0.0035   0.0034   0.0097   0.0060   0.4553  19.574 0 0.4098
TO1 4e3 1991  5 10  4 44 29.10  -0.1106  -0.3162   0.0240   0.0294  -0.0402  -0.2837   0.3350 199.274 0 0.4125
BOR 1e3 1991  5 11 22 39  8.37  -0.3540  -0.9901   0.0553   0.0244  -0.0433   0.0203   1.0515 199.675 0 0.9672
MOL 3e1 1991  5 14 23 20 13.46  -0.1504  -0.4201   0.0066   0.0059   0.0251   0.0089   0.4462 199.698 0 0.2813
KV1 1e2 1991  5 17 14 49 46.22   0.0767   0.2097   0.0011   0.0013   0.0098   0.0166   0.2232  20.090 0 0.2284
BOR 3e2 1991  5 21 21 53 11.96   0.3944   1.0919   0.1007   0.0447   0.0519  -0.0215   1.1610  19.860 0 0.9833
OH3 3e2 1991  5 21 21 53 25.28   0.3760   1.0408   0.0853   0.0405   0.0944  -0.0946   1.1067  19.861 0 0.9682
MEU 1e2 1991  5 24 17  5 38.53   0.2308   0.6258   0.0137   0.0079   0.1049   0.3367   0.6670  20.244 2 0.9321
BOR 2o1 1991  5 26 21 45 34.69  -0.0658  -0.2132   0.0230   0.0280  -0.1954   0.4476   0.2231 197.153 3 0.6979
RI2 2o1 1991  5 26 21 46 29.25  -0.1745  -0.5652   0.0067   0.0037   0.0312  -0.0101   0.5915 197.156 0 0.9293
MOL 2o1 1991  5 26 21 46 31.52  -0.1854  -0.6005   0.0439   0.0223   0.0345  -0.0476   0.6284 197.158 0 0.9466
OH3 2o1 1991  5 26 21 46 24.65  -0.1532  -0.4962   0.0271   0.0203   0.0244   0.0699   0.5193 197.158 0 0.8911
KOR 1e2 1991  5 31 19 22 12.63   0.1617   0.4349   0.0218   0.0160   0.0482   0.0300   0.4640  20.392 0 0.5878
TER 1e2 1991  5 31 19 22 13.76   0.1341   0.3607   0.0033   0.0032   0.0269  -0.0465   0.3849  20.398 0 0.7632
PIE 1e2 1991  6  7 21 39 21.35   0.1876   0.5003   0.0247   0.0170   0.0893  -0.0145   0.5343  20.551 0 0.8612
BOR 4e1 1991  6 11 17  8 42.04   0.2895   0.7776   0.0387   0.0247   0.1666  -0.1643   0.8297  20.424 0 0.8816
PIC 4e1 1991  6 11 17  8 13.16   0.3007   0.8075   0.0434   0.0289   0.0820  -0.0987   0.8617  20.423 0 0.8966
CLU 2e3 1991  6 16 20 42 55.02   0.0060   0.0158   0.5858   1.5409  -0.3464  -0.1154   0.0169  20.698 3 0.6290
BOR 2e3 1991  6 16 20 43 48.77   0.1365   0.3610   0.0078   0.0094   0.0826   0.1168   0.3859  20.711 0 0.7134
OH3 2o1 1991  6 27 20 18 58.33   0.1471   0.4281   0.0330   0.0216   0.0810   0.3441   0.4526  18.967 0 0.8700
OH3 4e2 1991  6 28 19 28  7.81   0.2691   0.6939   0.0388   0.0243  -0.0940   0.1496   0.7442  21.195 0 0.7308
ROM 4e2 1991  6 28 19 28 59.61   0.2212   0.5707   0.0311   0.0271   0.0042  -0.0302   0.6121  21.185 0 0.5849
OH3 3o2 1991  7  3 15 52 28.46   0.1820   0.5278   0.0423   0.0280   0.0253   0.0990   0.5583  19.022 0 0.8124
OH3 3e1 1991  7  4 19 42 40.27   0.2020   0.5279   0.0219   0.0174   0.2091   0.3545   0.5652  20.937 3 0.4311
CAT 3e1 1991  7  4 19 43 10.55   0.1524   0.3982   0.0041   0.0041   0.3144   0.1655   0.4263  20.940 3 0.2589
MA1 2e3 1992  3 22  8 53 55.79   0.0646   0.1634   0.0064   0.0123  -0.0022   0.0491   0.1757  21.560 0 0.6281
SID 2o3 1992  3 29 10  8 32.36   0.0741   0.1903   0.0029   0.0065  -0.0409   0.0045   0.2043  21.282 0 0.7551
