1976 01 05.693910  1    +63.562    +23.833
1976 02 19.671840  1    -91.350    -38.028
1976 09 19.086570  1   -126.000    -25.670
1976 09 19.097800  1   -125.250    -25.223
1976 09 21.088390  1    -75.242     -9.675
1976 09 21.106550  1    -68.587     -7.986
1976 09 27.107650  1   +122.751    +23.414
1976 09 28.071910  1   -107.013    -18.162
1976 10 13.925890  1   -125.562    -24.200
1976 10 17.015840  1    -50.386    -18.897
1975 10 19.007480  1   -126.374    -31.201
1976 10 19.982380  1   +136.398    +30.803
1977 01 22.742050  1   -109.690    -27.936
1977 02 12.677030  1    -92.228    -28.985
1977 02 13.694630  1   +111.005    +30.690
1977 02 14.696240  1   -109.231    -28.151
1977 03 22.756730  1   + 85.564    +23.002
1977 12 27.954220  1    +38.340     -6.070
1978 01 20.781080  1    -58.179     +4.523
1978 01 31.837900  1   +119.441     +3.526
1978 01 31.856830  1   +122.785     +3.281
1978 02 02.865360  1   +115.063     -1.033
1978 02 04.846280  1    +40.654     -4.217
1978 02 19.776010  1    -81.772     +2.150
1978 02 19.792850  1    -76.774     +2.405
1978 02 22.841040  1    -85.695     -4.928
1978 02 23.777250  1    +98.500     +4.322
1978 03 12.755860  1   -117.214     -1.525
1978 03 20.785390  1   +111.335     -0.328
1978 10 14.147380  1    +69.907    -21.520
1978 10 30.107170  1    +63.953    -20.600
1978 11 02.180920  1    +89.629    -24.321
1978 12 20.033960  1   +114.953    -34.640
1978 12 28.062770  1   -125.378    +37.220
1978 12 28.078190  1   -126.132    +37.530
1979 01 08.895190  1    +62.122    -19.142
1979 01 19.067300  1   +115.455    -31.893
1979 01 21.762190  1   -124.027    +34.148
1979 01 21.804520  1   -128.423    +35.844
1979 01 21.831040  1   -129.942    +36.374
1979 02 05.899980  1   +129.822    -34.548
1979 02 05.942360  1   +127.236    -33.858
1979 02 12.909150  1   +127.346    -32.868
1979 02 12.924200  1   +128.239    -33.244
1979 02 21.970990  1   +110.840    -28.827
1979 02 21.957870  1   +106.898    -27.935
1979 02 22.701330  1   -127.105    +32.111
1979 02 22.758890  1   -122.371    +31.243
1979 02 22.780900  1   -119.256    +30.589
1979 02 22.846790  1   -105.646    +27.714
1979 02 22.901390  1    -89.637    +23.814
1979 02 22.936000  1    -78.185    +21.045
1979 02 22.951600  1    -42.359    +19.437
1979 02 22.966660  1    -66.867    +18.114
1979 02 22.982810  1    -60.432    +16.486
1979 02 22.998950  1    -54.077    +14.864
1979 02 23.027940  1    -41.998    +11.841
1979 02 23.057870  1    -28.953     +8.577
1979 03 01.798830  1   -123.968    +31.056
1979 03 01.814490  1   -122.685    +30.738
1979 03 01.828270  1   -121.343    +30.488
1979 03 07.956120  1   +117.144    -28.520
1979 03 07.873590  1   +119.344    -29.000
1979 03 16.727460  1   +117.721    -28.543
1979 03 16.767470  1   +120.075    -29.313
1979 03 18.736050  1    +96.568    -24.520
1979 03 18.768070  1    +87.857    -22.466
1979 03 18.825460  1    +69.339    -18.138
1979 03 18.854230  1    +59.000    -15.675
1979 03 18.907490  1    +38.119    -10.736
1979 03 19.734330  1    -61.215    +16.177
1979 03 23.744560  1   +107.101    -25.394
1979 03 27.730100  1    +46.183    -12.494
1979 03 27.742780  1    +41.359    -11.306
1980 01 30.944740  1    +73.917    -35.900
1980 02 17.975360  1    +13.890    -49.358
1980 03 09.955580  1   +106.078    -47.410
1980 03 13.853210  1    +84.559    -34.714
1980 03 14.868420  1    -36.384    +12.988
1980 03 16.844540  1    +49.498    -24.013
1980 03 20.795180  1   +112.592    -47.624
1980 03 25.795960  1    +85.788    -38.513
1980 04 13.852560  1    -63.315    +24.770
1980 04 17.884630  1   +101.920    -44.022
1980 04 18.773930  1   -102.865    +44.336
1980 04 22.789070  1    -29.762    +10.429
1980 04 25.789230  1    -89.578    +38.961
1981 01 27.080760  1   -103.380    +49.160
1981 02 27.020340  1   +111.203    -53.815
1981 02 28.013770  1   -114.247    +52.666
1981 03 06.979320  1   -111.918    +53.879
1981 03 16.963270  1    +94.343    -40.479
1981 03 27.958610  1    -51.698    +29.992
1981 04 04.911310  1    +51.485    -30.362
1981 04 06.919720  1   +113.704    -55.661
1981 04 16.902340  1    -92.242    +39.804
1981 04 17.885670  1    +63.636    -25.147
1981 04 21.878130  1    -99.702    +50.247
1981 04 23.874230  1   -109.824    +50.318
1981 04 24.832350  1    +98.413    -43.578
1981 05 08.852470  1   +111.177    -52.612
1976 01 05.693910  2   +175.097    +79.563
1976 02 19.671840  2    -99.072    -37.856
1976 09 19.086570  2   -114.627    -34.170
1976 09 19.097800  2   -117.821    -34.712
1976 09 21.088390  2   +174.244    +43.689
1976 09 21.106550  2   +177.522    +44.039
1976 09 27.107650  2   -160.363    -28.202
1976 09 28.071910  2   +151.622    +40.839
1976 10 04.046490  2   -193.300    -38.384
1976 10 13.925890  2   -119.363    -36.863
1976 10 16.018170  2   +200.953    +49.901
1976 10 17.015840  2    +47.089     -1.130
1975 10 19.007480  2    +41.562    +21.157
1976 10 19.982380  2   +207.322    +43.153
1976 12 20.845140  2   -209.769    -59.811
1976 12 20.859280  2   -210.189    -59.213
1977 02 12.677030  2   -101.958    -21.260
1977 02 13.694630  2   +166.465    +49.328
1977 02 14.696240  2    +37.320     +1.851
1977 03 12.736580  2   -159.253    -38.777
1977 03 22.756730  2   -102.543    -30.840
1977 12 27.954220  2   +102.954     -9.089
1978 01 08.803280  2   -217.816     -0.141
1978 01 20.781080  2   +170.156     +7.706
1978 01 21.766780  2   +106.433     -5.989
1978 01 31.837900  2   +211.283     +3.886
1978 01 31.856830  2   +210.739     +3.632
1978 02 02.865360  2   -182.190     -0.255
1978 02 04.846280  2   +137.844     -3.111
1978 02 19.776010  2   -105.402     -9.313
1978 02 19.792850  2   -110.311     -9.336
1978 02 22.841040  2   + 58.297     -5.818
1978 02 23.777250  2   -190.657     -6.592
1978 03 20.785390  2   -179.041     -2.438
1978 10 14.147380  2    +39.257     -7.713
1978 10 30.107170  2    -35.820     +7.129
1978 10 31.100640  2   -160.975    +49.432
1978 10 31.115530  2   -159.274    +48.772
1978 11 02.180920  2   +102.281    -33.492
1978 12 20.033960  2   -144.020    +45.327
1978 12 25.031500  2   +195.631    -58.714
1978 12 25.045300  2   +194.528    -58.498
1978 12 28.062770  2   +151.421    -42.615
1978 12 28.078190  2   +154.788    -43.642
1979 01 08.895190  2    +36.189    -13.874
1979 01 19.067300  2   +174.748    -50.305
1979 01 21.762190  2   +122.154    -30.670
1979 01 21.804520  2   +134.390    -34.285
1979 02 05.899980  2   +153.051    -42.340
1979 02 05.942360  2   +142.309    -39.508
1979 02 12.909150  2   +171.187    -45.672
1979 02 12.924200  2   +168.012    -45.007
1979 02 21.970990  2   -129.933    +35.106
1979 02 21.957870  2   -125.231    +33.649
1979 02 22.701330  2   +124.514    -28.030
1979 02 22.758890  2   +140.319    -32.021
1979 02 22.780900  2   +145.872    -33.506
1979 02 22.846790  2   +161.279    -37.300
1979 02 22.901390  2   +172.625    -40.633
1979 02 22.936000  2   +178.681    -42.430
1979 02 22.951600  2   +181.491    -43.140
1979 02 22.966660  2   +183.703    -43.732
1979 02 22.982810  2   +186.258    -44.340
1979 02 22.998950  2   +188.315    -45.163
1979 02 23.027940  2   +192.014    -45.961
1979 02 23.057870  2   +195.349    -47.178
1979 03 01.798830  2   +123.219    -27.019
1979 03 01.814490  2   +127.579    -28.148
1979 03 01.828270  2   +131.177    -29.081
1979 03 07.956120  2   -182.568    +45.186
1979 03 07.873590  2   -180.241    +44.828
1979 03 16.727460  2   +179.744    -44.399
1979 03 16.767470  2   +174.225    -43.297
1979 03 18.736050  2   -134.143    +34.282
1979 03 18.768070  2   -126.214    +32.445
1979 03 18.825460  2   -110.946    +29.110
1979 03 18.907490  2    -87.164    +23.702
1979 03 18.977730  2    -65.252    +18.695
1979 03 19.000480  2    -57.970    +16.879
1979 03 19.734330  2   +160.481    -36.299
1979 03 20.732680  2    +73.968    -21.338
1979 03 23.744560  2   +184.541    -44.605
1979 03 27.730100  2   +103.121    -27.447
1979 03 27.742780  2    +99.683    -26.671
1979 03 28.726660  2   -170.466    +39.332
1979 04 05.745300  2    -58.382    +17.134
1980 01 30.944740  2   +132.771    -57.936
1980 02 17.975360  2    +50.801    -19.690
1980 03 17.940470  2   -182.792    +78.594
1980 03 09.955580  2   +136.900    -57.685
1980 03 13.853210  2    +34.666    -12.585
1980 03 14.868420  2   -191.106    +82.418
1980 03 16.844540  2   +173.886    -74.294
1980 03 20.795180  2    +82.408    -33.441
1980 03 23.815940  2   +184.096    -78.900
1980 03 25.795960  2   -162.119    +68.181
1980 04 13.852560  2   +172.693    -73.780
1980 04 17.884630  2   +148.424    -61.881
1980 04 18.773930  2    -95.706    +42.086
1980 04 22.789070  2   -172.258    +73.107
1980 04 25.789230  2    -70.442    +31.308
1981 01 27.080760  2   +168.041    -78.808
1981 02 28.013770  2   +181.336    -85.782
1981 03 06.979320  2   +179.509    -87.268
1981 03 16.963270  2    +34.444    -25.691
1981 03 27.958610  2   +136.424    -71.406
1981 04 04.911310  2   +129.504    -55.858
1981 04 16.902340  2   -186.036    +88.951
1981 04 17.885670  2    +34.711    -25.213
1981 04 21.878130  2   +151.981    -77.757
1981 04 23.874230  2   -180.717    +88.506
1981 05 04.852940  2   -165.808    +76.882
1981 05 08.852470  2    -66.117    +24.395
1976 01 05.693910  3   -146.281    -53.543
1976 02 19.671840  3   +222.395   +101.394
1976 09 19.086570  3   -320.444    -66.785
1976 09 19.097800  3   -320.143    -66.337
1976 09 21.088390  3    +86.016    +36.013
1976 09 21.106550  3    +90.899    +37.012
1976 09 27.107650  3   -218.006    -32.649
1976 09 28.071910  3    +39.465    +24.061
1976 10 04.046490  3   -264.350    -45.138
1976 10 13.925890  3   +342.492    +76.815
1976 10 16.018170  3    -67.023    -34.202
1976 10 17.015840  3   -304.361    -76.741
1976 10 19.007480  3   -108.466     -5.212
1976 10 19.982380  3   +178.251    +56.864
1976 12 20.845140  3   -339.524    -93.348
1976 12 20.859280  3   -339.508    -92.979
1977 01 22.742050  3   +244.502    +59.172
1977 02 12.677030  3   +283.143    +74.694
1977 02 13.694630  3   +140.742    +25.347
1977 02 14.696240  3   -101.854    -41.397
1977 03 12.736580  3   +244.903    +66.250
1977 03 22.756730  3   -130.660    -42.065
1977 12 27.954220  3   -299.942     -2.886
1978 01 08.803280  3   +318.108     -6.385
1978 01 21.766780  3   +256.765    +10.773
1978 01 31.837900  3    -94.860    -13.360
1978 01 31.856830  3   -100.274    -13.326
1978 02 02.865360  3   -293.512     +0.918
1978 02 04.846280  3   +203.630    +12.992
1978 02 19.776010  3   +296.501    +10.029
1978 02 19.792850  3   +298.116     +9.779
1978 02 22.841040  3   -218.632    -12.687
1978 02 23.777250  3   -313.468     -6.273
1978 03 12.755860  3   +206.876    +10.565
1978 03 20.785390  3   +288.215     +2.809
1978 10 14.147380  3   +178.780    -48.492
1978 10 30.107170  3   +224.666    -69.567
1978 10 31.100640  3    +25.790    -11.639
1978 10 31.115530  3    +22.302    -10.518
1978 11 02.180920  3   -271.831    +82.420
1978 12 20.033960  3    +69.881    -24.456
1978 12 25.031500  3   +273.343    -79.521
1978 12 25.045300  3   +275.255    -80.261
1978 12 28.062770  3   -170.645    +47.419
1978 12 28.078190  3   -174.385    +48.661
1979 01 08.895190  3   +327.357    -93.623
1979 01 19.067300  3   -292.291    +79.357
1979 01 21.762190  3   +100.173    -24.263
1979 01 21.804520  3   +111.782    -27.573
1979 01 21.831040  3   +118.944    -29.502
1979 02 05.899980  3   +289.529    -73.872
1979 02 12.909150  3   +267.670    -66.319
1979 02 12.924200  3   +270.088    -67.116
1979 02 21.970990  3   +160.002    -43.374
1979 02 21.957870  3   +155.793    -42.345
1979 02 22.701330  3    -49.565     +8.373
1979 02 22.758890  3    -65.709    +12.450
1979 02 22.780900  3    -71.877    +14.027
1979 02 22.846790  3    -90.153    +18.873
1979 02 22.901390  3   -104.805    +22.572
1979 02 22.936000  3   -114.214    +24.924
1979 02 22.951600  3   -118.182    +25.691
1979 02 22.966660  3   -122.331    +26.879
1979 02 22.982810  3   -126.460    +27.807
1979 02 22.998950  3   -130.826    +28.851
1979 02 23.027940  3   -138.381    +30.637
1979 02 23.057870  3   -145.854    +32.599
1979 03 01.798830  3    -36.235     +4.931
1979 03 01.814490  3    -40.606     +6.049
1979 03 01.828270  3    -44.559     +6.934
1979 03 07.956120  3   +234.773    -59.743
1979 03 07.873590  3   +231.598    -58.843
1979 03 16.727460  3   -191.001    +42.584
1979 03 16.767470  3   -199.262    +44.835
1979 03 18.736050  3   -198.828    +50.439
1979 03 18.768070  3   -192.256    +48.842
1979 03 18.825460  3   -180.111    +46.021
1979 03 18.907490  3   -161.923    +41.811
1979 03 18.977730  3   -145.692    +38.040
1979 03 19.000480  3   -140.408    +36.617
1979 03 23.744560  3   -157.868    +34.491
1979 03 27.730100  3   +233.117    -53.270
1979 03 27.742780  3   +235.136    -53.957
1980 01 30.944740  3   +288.783    -70.533
1980 02 17.975360  3   +163.461    -42.428
1980 03 17.940470  3   +117.917    -44.849
1980 03 09.955580  3   -300.519   +130.335
1980 03 13.853210  3   +303.058   -129.422
1980 03 14.868420  3   +166.783    -66.158
1980 03 16.844540  3   -278.860   +121.521
1980 03 20.795180  3   +300.491   -128.553
1980 03 23.815940  3   -255.291   +111.599
1980 03 25.795960  3   -113.721    +42.732
1980 04 13.852560  3   -176.777    +78.109
1980 04 17.884630  3   +247.138   -106.001
1980 04 18.773930  3   +272.081   -113.004
1980 04 22.789070  3   -221.364    +89.690
1980 04 25.789230  3   +273.762   -114.090
1981 01 27.080760  3   -267.341   +120.786
1981 02 27.020340  3   +182.912    -97.066
1981 02 28.013770  3   +293.080   -136.628
1981 03 06.979320  3   +291.771   -138.612
1981 03 16.963270  3   -206.583   +107.840
1981 03 27.958610  3   +255.212   -127.537
1981 04 04.911310  3   +294.788   -136.746
1981 04 06.919720  3   -106.361    +63.848
1981 04 16.902340  3    -80.014    +23.671
1981 04 17.885670  3   +164.046    -89.472
1981 04 21.878130  3   -241.156   +121.873
1981 04 23.874230  3   -119.741    +43.660
1981 04 24.832350  3   +118.655    -68.738
1981 05 04.852940  3    +53.500    -12.031
1981 05 08.852470  3    +51.813    -37.664
1976 09 19.086570  4   +134.730     -3.157
1976 09 19.097800  4   +132.440     -3.896
1976 09 21.088390  4   -280.103    -88.134
1976 09 21.106550  4   -283.425    -88.690
1976 09 27.107650  4   -187.300     -8.520
1976 09 28.071910  4    +19.010    +37.360
1976 10 13.925890  4   -158.600     -1.081
1976 10 16.018170  4   +303.958    +97.297
1976 10 17.015840  4   +477.438   +127.319
1976 10 19.007480  4   +614.164   +133.601
1976 10 19.982380  4   +560.416   +109.216
1977 01 22.742050  4    +77.625    +50.270
1977 02 14.696240  4   +320.728    +66.382
1977 03 12.736580  4   -156.973    -17.491
1977 03 22.756730  4   -104.006    -46.666
1977 12 27.954220  4   +626.926     -8.423
1978 01 08.803280  4   -166.984    +22.703
1978 01 20.781080  4   -535.810    -14.271
1978 01 21.766780  4   -597.037     -6.774
1978 01 31.837900  4   +504.036     -4.523
1978 01 31.856830  4   +501.701     -4.702
1978 02 02.865360  4   +147.482    -18.946
1978 02 04.846280  4   -277.897    -23.163
1978 02 19.776010  4    +90.094    -18.405
1978 02 19.792850  4    +86.610    -18.555
1978 02 22.841040  4   -462.769    -19.692
1978 02 23.777250  4   -534.873    -14.482
1978 03 12.755860  4   -514.238     -9.200
1978 03 20.785390  4   +495.917     +7.968
1978 10 14.147380  4    -79.292    +16.415
1978 10 30.107170  4    +63.236    -25.300
1978 10 31.100640  4   -116.165    +29.014
1978 10 31.115530  4   -118.747    +29.698
1978 11 02.180920  4   -414.609   +122.122
1978 12 20.033960  4   -106.142    +26.547
1978 12 25.031500  4   -483.587   +147.000
1978 12 25.045300  4   -482.120   +146.702
1978 12 28.062770  4    +55.322    -11.187
1978 12 28.078190  4    +58.496    -12.156
1979 01 08.895190  4   -568.903   +162.784
1979 02 05.899980  4   +301.253    -84.393
1979 02 12.909150  4   -486.080   +128.333
1979 02 12.924200  4   -484.344   +128.097
1979 02 21.970990  4   +392.065   -103.008
1979 02 21.957870  4   +389.478   -102.473
1979 02 22.701330  4   +257.091    -70.430
1979 02 22.758890  4   +246.009    -67.428
1979 02 22.780900  4   +241.641    -66.375
1979 02 22.846790  4   +228.501    -62.760
1979 02 22.901390  4   +217.683    -60.278
1979 02 22.936000  4   +210.647    -58.729
1979 02 22.951600  4   +207.729    -57.940
1979 02 22.966660  4   +204.524    -57.030
1979 02 22.982810  4   +201.350    -56.224
1979 02 22.998950  4   +197.878    -55.585
1979 02 23.027940  4   +192.032    -53.866
1979 02 23.057870  4   +185.974    -52.614
1979 03 07.956120  4   +543.002   -131.490
1979 03 07.873590  4   +543.859   -131.432
1979 03 16.767470  4   -536.586   +129.767
1979 03 18.736050  4   -381.698    +96.317
1979 03 18.768070  4   -377.200    +95.012
1979 03 18.825460  4   -368.930    +93.200
1979 03 18.907490  4   -356.790    +90.245
1979 03 18.977730  4   -346.127    +87.788
1979 03 19.734330  4   -217.470    +58.265
1979 03 20.732680  4    -24.364    +11.960
1979 03 20.748540  4    -21.016    +11.458
1979 03 23.744560  4   +467.019   -109.312
1979 03 27.730100  4   +284.321    -73.463
1979 03 27.742780  4   +282.222    -73.161
1979 03 28.726660  4   +102.026    -30.971
1979 04 05.745300  4   -150.525    +42.112
1980 01 28.933760  4   -506.816   +230.251
1980 01 30.944740  4   -463.049   +200.215
1980 03 17.940470  4   +189.016    -93.504
1980 03 09.955580  4   +483.028   -213.726
1980 03 13.853210  4   +279.164   -109.789
1980 03 14.868420  4    +85.534    -24.955
1980 03 16.844540  4   -299.256   +137.746
1980 03 25.795960  4   +388.182   -172.702
1980 04 13.852560  4   +497.457   -207.753
1980 04 18.773930  4   -223.068   +102.389
1981 01 27.080760  4   +184.972    -62.172
1981 02 27.020340  4   +493.957   -221.829
1981 03 16.963270  4   +370.815   -153.524
1981 03 27.958610  4   +121.010    -84.097
1981 04 04.911310  4    -61.988    +56.483
1981 04 17.885670  4   +493.649   -225.191
1981 04 21.878130  4   -131.618    +87.136
1981 04 23.874230  4   -437.788   +219.928
1981 05 08.852470  4   -189.245   +111.322