1 2018 01 16.21840 15 07 44.421 -16 27 19.27  0.0912  0.0833  0.039  0.022
1 2018 02 28.07686 15 23 04.305 -17 20 27.39 -0.0142 -0.0195  0.033  0.043
1 2018 02 28.09075 15 23 04.047 -17 20 26.06 -0.0472  0.0594  0.040  0.064
1 2018 02 28.09770 15 23 03.919 -17 20 25.36 -0.0046  0.1275  0.031  0.059
1 2018 03 01.11368 15 23 08.698 -17 20 46.20  0.1428  0.1607  0.060  0.030
1 2018 03 01.12062 15 23 08.917 -17 20 47.31 -0.0420 -0.1379  0.066  0.066
1 2018 03 02.10354 15 23 10.174 -17 20 28.64  0.0581 -0.0392  0.042  0.024
1 2018 03 04.10673 15 23 15.700 -17 20 33.48  0.1216  0.0608  0.046  0.040
1 2018 03 04.11367 15 23 15.676 -17 20 33.54  0.1199  0.0147  0.018  0.031
1 2018 03 12.05144 15 23 38.710 -17 20 50.45  0.0381 -0.0214  0.028  0.056
1 2018 03 12.05838 15 23 38.746 -17 20 50.40 -0.0609 -0.0243  0.045  0.025
1 2018 03 12.06532 15 23 38.788 -17 20 50.28  0.0006  0.0231  0.021  0.036
1 2018 03 12.07227 15 23 38.823 -17 20 50.15  0.0275  0.0604  0.025  0.038
1 2018 03 12.07921 15 23 38.851 -17 20 50.10  0.0215 -0.0020  0.034  0.040
1 2018 03 12.08616 15 23 38.873 -17 20 49.99 -0.0033 -0.0245  0.029  0.049
1 2018 03 12.09310 15 23 38.894 -17 20 49.85  0.0295 -0.0367  0.032  0.035
1 2018 03 12.10005 15 23 38.904 -17 20 49.61 -0.0307  0.0311  0.049  0.014
1 2018 03 24.02983 15 22 10.371 -17 13 42.22  0.0000  0.0156  0.061  0.033
1 2018 03 24.05066 15 22 10.737 -17 13 43.76 -0.0524 -0.1009  0.050  0.056
1 2018 03 27.04347 15 21 27.776 -17 10 27.67 -0.0361  0.0600  0.021  0.049
1 2018 03 27.05042 15 21 27.593 -17 10 27.16  0.0227 -0.0198  0.035  0.034
1 2018 03 27.05736 15 21 27.419 -17 10 26.48  0.1439  0.0907  0.035  0.020
1 2018 03 28.04483 15 21 30.007 -17 10 35.00  0.0136  0.0268  0.047  0.043
1 2018 03 28.05177 15 21 29.917 -17 10 34.39  0.0258  0.0707  0.040  0.021
1 2018 03 30.01830 15 20 59.444 -17 08 20.60  0.0174 -0.0016  0.068  0.041
1 2018 03 30.03219 15 20 58.965 -17 08 18.39  0.0808 -0.0143  0.023  0.073
1 2018 04 10.95386 15 17 10.611 -16 52 52.08  0.0127 -0.0051  0.035  0.037
1 2018 04 10.96080 15 17 10.619 -16 52 51.90  0.0706  0.0807  0.036  0.027
1 2018 04 10.96775 15 17 10.621 -16 52 51.89  0.0897 -0.0215  0.030  0.028
1 2018 04 10.97469 15 17 10.614 -16 52 51.70  0.0265  0.0384  0.023  0.046
1 2018 04 10.98164 15 17 10.605 -16 52 51.53 -0.0126  0.0597  0.018  0.044
1 2018 04 10.98858 15 17 10.599 -16 52 51.35  0.0484  0.0725  0.020  0.025
1 2018 04 10.99553 15 17 10.582 -16 52 51.22  0.0013  0.0161  0.020  0.028
1 2018 04 11.00247 15 17 10.567 -16 52 51.07  0.0417 -0.0393  0.016  0.037
1 2018 04 11.00941 15 17 10.543 -16 52 50.75  0.0060  0.0559  0.024  0.038
1 2018 04 11.01636 15 17 10.516 -16 52 50.53 -0.0140  0.0310  0.015  0.038
1 2018 04 11.93856 15 16 35.330 -16 50 19.50  0.0322 -0.0138  0.033  0.031
1 2018 04 11.94550 15 16 35.055 -16 50 18.49 -0.0132  0.0820  0.028  0.046
1 2018 04 11.95245 15 16 34.793 -16 50 17.64  0.0745  0.0368  0.026  0.037
1 2018 04 11.95939 15 16 34.527 -16 50 16.76  0.0276  0.0432  0.028  0.031
1 2018 04 11.96634 15 16 34.264 -16 50 15.95 -0.0383 -0.0010  0.028  0.025
1 2018 04 11.97328 15 16 34.010 -16 50 15.15 -0.0456 -0.0334  0.046  0.032
1 2018 04 11.98622 15 16 33.550 -16 50 13.65 -0.0469 -0.0298  0.021  0.031
1 2018 04 11.99316 15 16 33.307 -16 50 12.91 -0.0965 -0.0624  0.028  0.044
1 2018 04 12.00011 15 16 33.077 -16 50 12.15 -0.0200 -0.0551  0.015  0.050
1 2018 04 12.00705 15 16 32.847 -16 50 11.35 -0.0233  0.0144  0.051  0.037
1 2018 04 12.01400 15 16 32.629 -16 50 10.76  0.0827 -0.1059  0.025  0.023
1 2018 04 12.93231 15 16 27.979 -16 49 55.24  0.0444 -0.0690  0.052  0.039
1 2018 04 12.93925 15 16 27.841 -16 49 54.46  0.0334 -0.0175  0.032  0.033
1 2018 04 12.94620 15 16 27.689 -16 49 53.61 -0.1059  0.0809  0.028  0.020
1 2018 04 12.95314 15 16 27.548 -16 49 52.92 -0.0046 -0.0018  0.043  0.043
1 2018 04 12.96009 15 16 27.391 -16 49 52.09 -0.0610  0.0325  0.065  0.060
1 2018 04 12.96703 15 16 27.242 -16 49 51.33  0.0781 -0.0241  0.037  0.046
1 2018 04 12.97397 15 16 27.076 -16 49 50.51  0.0411 -0.0424  0.029  0.036
1 2018 04 12.98092 15 16 26.909 -16 49 49.61  0.0717 -0.0037  0.037  0.041
1 2018 04 12.98786 15 16 26.728 -16 49 48.65 -0.0327  0.0746  0.028  0.054
1 2018 04 13.93594 15 15 47.094 -16 47 11.14  0.0792  0.0499  0.037  0.031
1 2018 04 13.94289 15 15 46.985 -16 47 10.97  0.1051 -0.0208  0.021  0.030
1 2018 04 13.94983 15 15 46.878 -16 47 10.67  0.0835  0.0573  0.026  0.057
1 2018 04 13.95678 15 15 46.776 -16 47 10.51  0.0645  0.0135  0.026  0.033
1 2018 04 13.96372 15 15 46.675 -16 47 10.29 -0.0157  0.0478  0.041  0.032
1 2018 04 13.97067 15 15 46.591 -16 47 10.07  0.0876  0.0996  0.043  0.030
1 2018 04 13.97761 15 15 46.499 -16 47 10.04 -0.0038 -0.0211  0.039  0.043
1 2018 04 14.00539 15 15 46.205 -16 47 09.51  0.0311  0.0723  0.039  0.030
1 2018 04 14.93962 15 15 37.563 -16 46 26.20 -0.0049  0.0101  0.052  0.023
1 2018 04 14.95351 15 15 36.934 -16 46 23.41 -0.0054 -0.0014  0.065  0.036
1 2018 04 14.96046 15 15 36.617 -16 46 22.06  0.0494 -0.0731  0.034  0.044
1 2018 04 14.96740 15 15 36.282 -16 46 20.50 -0.1152  0.0545  0.023  0.042
1 2018 04 14.97435 15 15 35.949 -16 46 19.23 -0.1867 -0.1222  0.048  0.061
1 2018 04 19.94615 15 13 29.867 -16 38 02.58  0.1266  0.0337  0.026  0.025
1 2018 04 19.96004 15 13 29.627 -16 38 01.25  0.0869  0.0868  0.003  0.061
1 2018 04 19.97393 15 13 29.364 -16 38 00.12  0.0046 -0.1508  0.071  0.062
1 2018 04 19.98087 15 13 29.234 -16 37 59.27  0.0991 -0.0182  0.015  0.041
1 2018 04 19.98782 15 13 29.091 -16 37 58.57  0.0785 -0.0595  0.026  0.044
1 2018 04 22.90381 15 11 54.141 -16 31 40.43 -0.0112 -0.1249  0.047  0.027
1 2018 04 22.91076 15 11 54.085 -16 31 40.26 -0.0819  0.0240  0.057  0.044
1 2018 04 22.92465 15 11 53.998 -16 31 40.27 -0.0210  0.0082  0.033  0.048
1 2018 04 22.93159 15 11 53.954 -16 31 40.35 -0.0817 -0.0576  0.044  0.060
1 2018 04 22.93854 15 11 53.916 -16 31 40.32 -0.1051 -0.0025  0.030  0.050
1 2018 04 22.94548 15 11 53.888 -16 31 40.35 -0.0314  0.0029  0.033  0.060
1 2018 04 22.95937 15 11 53.836 -16 31 40.38  0.0257  0.0726  0.043  0.027
1 2018 04 22.97326 15 11 53.788 -16 31 40.59 -0.0484 -0.0024  0.056  0.039
1 2018 04 26.90313 15 10 12.855 -16 24 58.13 -0.1254  0.0339  0.035  0.058
1 2018 04 26.91702 15 10 12.745 -16 24 57.42 -0.0136  0.0729  0.036  0.039
1 2018 05 04.87142 15 06 01.903 -16 08 01.68  0.0470  0.1126  0.048  0.029
1 2018 05 04.89919 15 06 00.491 -16 07 56.61 -0.0398  0.0793  0.044  0.048
1 2018 05 04.90614 15 06 00.153 -16 07 55.38  0.0106  0.0840  0.049  0.029
1 2018 05 04.92697 15 05 59.151 -16 07 52.01 -0.0735 -0.0902  0.021  0.052
1 2018 05 05.85442 15 05 46.597 -16 07 13.53 -0.0604 -0.0531  0.070  0.030
1 2018 05 05.86136 15 05 46.464 -16 07 12.91  0.0128 -0.1281  0.031  0.018
1 2018 05 05.86830 15 05 46.318 -16 07 12.17 -0.0335 -0.1067  0.026  0.041
1 2018 05 05.88219 15 05 46.019 -16 07 10.56  0.0005 -0.0061  0.050  0.037
1 2018 05 05.88914 15 05 45.854 -16 07 09.68 -0.0978  0.0830  0.019  0.034
1 2018 05 05.89608 15 05 45.694 -16 07 08.86 -0.0472  0.0894  0.046  0.042
1 2018 05 05.90303 15 05 45.533 -16 07 08.14  0.0699 -0.0292  0.043  0.042
1 2018 05 05.90997 15 05 45.353 -16 07 07.22 -0.0234  0.0295  0.028  0.029
1 2018 05 05.91692 15 05 45.173 -16 07 06.35 -0.0345  0.0131  0.031  0.039
1 2018 05 05.92386 15 05 44.992 -16 07 05.40  0.0143  0.0542  0.037  0.017
1 2018 05 06.86440 15 04 58.780 -16 03 54.73 -0.0034  0.0503  0.028  0.043
1 2018 05 09.90673 15 03 35.243 -15 58 15.89 -0.0068 -0.0424  0.037  0.072
2 2018 02 28.07686 15 22 51.134 -17 19 35.10  0.0624 -0.1105  0.026  0.044
2 2018 02 28.08381 15 22 51.087 -17 19 34.78  0.0431  0.0924  0.027  0.034
2 2018 02 28.09075 15 22 51.040 -17 19 34.63  0.0014  0.1317  0.017  0.078
2 2018 02 28.09770 15 22 51.005 -17 19 34.69  0.1190 -0.0329  0.046  0.014
2 2018 02 28.10464 15 22 50.958 -17 19 34.67  0.0338 -0.1110  0.025  0.048
2 2018 02 28.11159 15 22 50.920 -17 19 34.47  0.0622 -0.0029  0.016  0.073
2 2018 02 28.12547 15 22 50.839 -17 19 34.35 -0.0252 -0.0473  0.033  0.041
2 2018 03 01.08590 15 23 02.134 -17 20 25.72  0.0739  0.0222  0.033  0.052
2 2018 03 01.09285 15 23 02.305 -17 20 26.43 -0.0062 -0.0000  0.042  0.050
2 2018 03 01.09979 15 23 02.485 -17 20 27.10  0.0413  0.0175  0.034  0.034
2 2018 03 01.10674 15 23 02.663 -17 20 27.79  0.0439  0.0168  0.040  0.034
2 2018 03 01.11368 15 23 02.844 -17 20 28.42  0.0846  0.0756  0.016  0.037
2 2018 03 01.12062 15 23 03.021 -17 20 29.13  0.0548  0.0550  0.024  0.043
2 2018 03 01.12757 15 23 03.200 -17 20 29.87  0.0407  0.0058  0.028  0.033
2 2018 03 01.13451 15 23 03.380 -17 20 30.50  0.0354  0.0659  0.060  0.031
2 2018 03 02.05493 15 23 25.124 -17 21 36.91  0.1315  0.0693  0.023  0.053
2 2018 03 02.06882 15 23 25.278 -17 21 37.20 -0.0345  0.0008  0.042  0.061
2 2018 03 02.10354 15 23 25.665 -17 21 37.63  0.0739 -0.0189  0.030  0.051
2 2018 03 04.09979 15 23 10.814 -17 20 18.79  0.0900  0.0140  0.054  0.040
2 2018 03 04.11367 15 23 10.913 -17 20 19.36  0.0026  0.0330  0.037  0.035
2 2018 03 04.12062 15 23 10.978 -17 20 19.76  0.1501 -0.0630  0.036  0.061
2 2018 03 12.05144 15 23 32.079 -17 20 35.85  0.0715 -0.1470  0.055  0.052
2 2018 03 12.07227 15 23 32.496 -17 20 37.01  0.1006  0.0959  0.064  0.034
2 2018 03 16.07023 15 23 26.701 -17 19 35.93 -0.0580  0.0841  0.043  0.022
2 2018 03 16.09106 15 23 26.877 -17 19 36.09  0.0517  0.0434  0.014  0.047
2 2018 03 17.08465 15 23 16.027 -17 18 26.57 -0.0570 -0.1019  0.074  0.055
2 2018 03 23.98816 15 22 21.296 -17 14 07.77  0.0757 -0.0602  0.037  0.050
2 2018 03 23.99510 15 22 21.087 -17 14 06.74 -0.0854  0.0544  0.027  0.043
2 2018 03 24.00205 15 22 20.889 -17 14 05.84 -0.0553  0.0331  0.033  0.047
2 2018 03 24.00899 15 22 20.691 -17 14 05.01 -0.0078 -0.0612  0.038  0.050
2 2018 03 24.01594 15 22 20.487 -17 14 03.90 -0.0247  0.1189  0.030  0.046
2 2018 03 24.02288 15 22 20.285 -17 14 03.04  0.0048  0.0460  0.067  0.032
2 2018 03 24.02983 15 22 20.077 -17 14 02.13 -0.0307  0.0176  0.033  0.045
2 2018 03 24.03677 15 22 19.879 -17 14 01.19  0.0995  0.0166  0.058  0.031
2 2018 03 24.05066 15 22 19.454 -17 13 59.23 -0.0118  0.0813  0.031  0.077
2 2018 03 27.04347 15 21 48.335 -17 11 52.46  0.0044  0.0806  0.022  0.034
2 2018 03 27.05042 15 21 48.256 -17 11 52.06  0.0681 -0.0412  0.049  0.051
2 2018 03 27.05736 15 21 48.178 -17 11 51.41  0.1760  0.0790  0.045  0.018
2 2018 03 31.03172 15 20 47.047 -17 07 23.32  0.0003 -0.0972  0.038  0.058
2 2018 03 31.03866 15 20 46.828 -17 07 22.26  0.0590 -0.0612  0.023  0.035
2 2018 03 31.04561 15 20 46.601 -17 07 21.17  0.0262 -0.0020  0.028  0.047
2 2018 04 10.95386 15 17 09.941 -16 52 29.93 -0.0942 -0.0008  0.038  0.039
2 2018 04 10.96080 15 17 09.627 -16 52 28.60 -0.0257 -0.0016  0.030  0.016
2 2018 04 10.96775 15 17 09.305 -16 52 27.23 -0.0588  0.0343  0.031  0.039
2 2018 04 10.97469 15 17 08.982 -16 52 25.95 -0.1027 -0.0193  0.030  0.043
2 2018 04 10.98164 15 17 08.657 -16 52 24.61 -0.1591 -0.0161  0.018  0.040
2 2018 04 10.98858 15 17 08.339 -16 52 23.18 -0.1074  0.0779  0.025  0.031
2 2018 04 10.99553 15 17 08.010 -16 52 21.91 -0.2040  0.0089  0.015  0.027
2 2018 04 11.93161 15 16 29.263 -16 49 56.17 -0.0863  0.0294  0.035  0.026
2 2018 04 11.93856 15 16 29.069 -16 49 55.59 -0.0395  0.0001  0.033  0.037
2 2018 04 11.94550 15 16 28.881 -16 49 55.02  0.0641 -0.0304  0.031  0.046
2 2018 04 11.95245 15 16 28.685 -16 49 54.26  0.0228  0.1361  0.021  0.035
2 2018 04 11.95939 15 16 28.496 -16 49 53.75  0.0531  0.0613  0.026  0.021
2 2018 04 11.96634 15 16 28.304 -16 49 53.20  0.0132  0.0335  0.033  0.038
2 2018 04 11.97328 15 16 28.116 -16 49 52.70 -0.0003 -0.0357  0.038  0.032
2 2018 04 11.98622 15 16 27.770 -16 49 51.68 -0.0366 -0.0562  0.029  0.031
2 2018 04 11.99316 15 16 27.589 -16 49 51.16 -0.0303 -0.0831  0.023  0.039
2 2018 04 12.00011 15 16 27.413 -16 49 50.55  0.0249 -0.0131  0.025  0.049
2 2018 04 12.00705 15 16 27.231 -16 49 50.02 -0.0438 -0.0146  0.027  0.029
2 2018 04 12.93231 15 16 19.017 -16 49 32.04  0.0719  0.0947  0.035  0.047
2 2018 04 12.95314 15 16 19.024 -16 49 32.13  0.1158  0.0735  0.046  0.076
2 2018 04 13.94289 15 16 08.560 -16 48 32.88  0.1812  0.1158  0.052  0.017
2 2018 04 13.95678 15 16 08.132 -16 48 30.98  0.0123  0.0205  0.037  0.051
2 2018 04 13.96372 15 16 07.929 -16 48 30.09  0.1384 -0.0992  0.017  0.023
2 2018 04 13.97067 15 16 07.721 -16 48 29.02  0.2256 -0.0487  0.036  0.030
2 2018 04 13.97761 15 16 07.499 -16 48 27.95  0.1297 -0.0052  0.013  0.056
2 2018 04 14.00539 15 16 06.596 -16 48 23.84 -0.1594 -0.0868  0.049  0.035
2 2018 04 14.93962 15 15 25.189 -16 45 27.80 -0.0674  0.0827  0.037  0.053
2 2018 04 14.96046 15 15 24.203 -16 45 24.21 -0.0951 -0.0382  0.034  0.030
2 2018 04 14.96740 15 15 23.874 -16 45 22.94 -0.1396  0.0060  0.027  0.035
2 2018 04 19.97393 15 13 19.220 -16 37 30.43  0.0831  0.1466  0.074  0.040
2 2018 04 19.98087 15 13 19.197 -16 37 30.48  0.0459  0.0642  0.072  0.043
2 2018 04 22.90381 15 11 47.549 -16 31 12.87 -0.0250  0.0139  0.047  0.065
2 2018 04 22.92465 15 11 47.152 -16 31 11.86 -0.0129 -0.0009  0.040  0.037
2 2018 04 22.93854 15 11 46.895 -16 31 11.31 -0.0297 -0.1016  0.064  0.032
2 2018 04 22.94548 15 11 46.766 -16 31 10.89 -0.0884  0.0028  0.050  0.064
2 2018 04 23.90050 15 11 39.903 -16 30 52.48  0.0406  0.0810  0.036  0.052
2 2018 04 23.90745 15 11 39.849 -16 30 52.33  0.0382 -0.0409  0.029  0.051
2 2018 04 23.91439 15 11 39.793 -16 30 51.91  0.0225  0.1004  0.041  0.050
2 2018 04 23.92828 15 11 39.681 -16 30 51.35  0.0469  0.0809  0.030  0.033
2 2018 04 23.93523 15 11 39.620 -16 30 51.13  0.0125 -0.0002  0.034  0.028
2 2018 04 23.94217 15 11 39.561 -16 30 50.80  0.0257  0.0218  0.043  0.042
2 2018 04 26.91702 15 10 00.826 -16 24 15.69  0.0337  0.0483  0.055  0.024
2 2018 04 26.92396 15 10 00.774 -16 24 15.82 -0.0548 -0.1542  0.061  0.035
2 2018 05 04.87142 15 06 21.006 -16 09 35.19 -0.0341 -0.0145  0.055  0.051
2 2018 05 04.87836 15 06 20.864 -16 09 34.46  0.0024  0.0099  0.028  0.046
2 2018 05 04.88531 15 06 20.716 -16 09 33.73 -0.0177  0.0234  0.033  0.029
2 2018 05 04.89919 15 06 20.414 -16 09 32.22 -0.0633  0.0727  0.028  0.037
2 2018 05 04.90614 15 06 20.269 -16 09 31.55  0.0527 -0.0036  0.038  0.035
2 2018 05 04.91308 15 06 20.102 -16 09 30.74 -0.1340  0.0511  0.033  0.025
2 2018 05 04.92003 15 06 19.952 -16 09 29.96 -0.0318  0.0648  0.060  0.024
2 2018 05 04.92697 15 06 19.799 -16 09 29.21  0.0526  0.0395  0.021  0.022
2 2018 05 04.93392 15 06 19.633 -16 09 28.38 -0.0238  0.0831  0.017  0.039
2 2018 05 05.90303 15 06 19.467 -16 09 27.63 -0.0731  0.0379  0.064  0.057
2 2018 05 06.86440 15 04 53.404 -16 03 30.45 -0.0474  0.0315  0.031  0.033
2 2018 05 06.87829 15 04 52.961 -16 03 29.06 -0.1412  0.0603  0.034  0.055
2 2018 05 09.90673 15 03 25.521 -15 57 29.86 -0.1563  0.0058  0.020  0.029
2 2018 05 09.91367 15 03 25.172 -15 57 28.54 -0.1338 -0.0023  0.017  0.043
2 2018 05 09.92062 15 03 24.826 -15 57 27.18 -0.0784  0.0345  0.020  0.023
2 2018 05 09.92756 15 03 24.481 -15 57 25.88 -0.0355  0.0201  0.042  0.092
2 2018 05 10.91623 15 02 53.952 -15 55 46.05 -0.0387  0.0108  0.022  0.032
2 2018 05 10.92318 15 02 53.870 -15 55 45.79  0.0246  0.1022  0.021  0.018
3 2018 02 28.07686 15 23 01.005 -17 20 38.48  0.0530  0.0515  0.051  0.044
3 2018 02 28.09075 15 23 01.333 -17 20 39.63 -0.0048  0.0670  0.061  0.050
3 2018 02 28.12547 15 23 02.167 -17 20 42.65  0.0782 -0.0630  0.068  0.040
3 2018 03 01.08590 15 23 22.965 -17 21 46.55  0.0189  0.0138  0.035  0.035
3 2018 03 01.09285 15 23 23.084 -17 21 46.81  0.0495  0.0614  0.029  0.041
3 2018 03 01.09979 15 23 23.202 -17 21 47.22  0.0770 -0.0447  0.026  0.043
3 2018 03 01.10674 15 23 23.316 -17 21 47.40  0.0513  0.0763  0.037  0.028
3 2018 03 01.11368 15 23 23.433 -17 21 47.70  0.0823  0.0737  0.017  0.030
3 2018 03 01.12062 15 23 23.548 -17 21 48.01  0.0926  0.0577  0.033  0.035
3 2018 03 01.12757 15 23 23.654 -17 21 48.30 -0.0255  0.0589  0.026  0.038
3 2018 03 02.05493 15 23 32.906 -17 22 00.38  0.0343  0.1140  0.027  0.029
3 2018 03 02.09660 15 23 32.983 -17 21 59.89 -0.0503 -0.0864  0.023  0.059
3 2018 03 02.10354 15 23 32.998 -17 21 59.77  0.0093 -0.0930  0.030  0.031
3 2018 03 02.11049 15 23 33.013 -17 21 59.60  0.0801 -0.0531  0.025  0.035
3 2018 03 04.09979 15 23 15.504 -17 20 17.67 -0.0406  0.1940  0.055  0.039
3 2018 03 04.11367 15 23 15.334 -17 20 17.13  0.0091  0.0227  0.039  0.044
3 2018 03 12.05144 15 23 12.904 -17 18 59.51  0.1093  0.0322  0.025  0.044
3 2018 03 12.05838 15 23 12.823 -17 18 59.36  0.0018 -0.0528  0.030  0.034
3 2018 03 12.06532 15 23 12.755 -17 18 59.05  0.0801  0.0245  0.029  0.034
3 2018 03 12.07227 15 23 12.684 -17 18 58.85  0.1057 -0.0062  0.041  0.032
3 2018 03 12.07921 15 23 12.609 -17 18 58.62  0.0602 -0.0043  0.046  0.030
3 2018 03 12.08616 15 23 12.536 -17 18 58.38  0.0367  0.0095  0.046  0.034
3 2018 03 12.09310 15 23 12.469 -17 18 58.26  0.0920 -0.0940  0.032  0.032
3 2018 03 12.10005 15 23 12.396 -17 18 57.99  0.0490 -0.0455  0.036  0.024
3 2018 03 16.06329 15 23 37.091 -17 20 10.21  0.0287  0.1196  0.035  0.030
3 2018 03 16.07023 15 23 37.057 -17 20 10.08 -0.0831 -0.0115  0.051  0.052
3 2018 03 16.08412 15 23 36.994 -17 20 09.54 -0.1948 -0.0052  0.035  0.057
3 2018 03 17.08465 15 23 25.249 -17 19 01.02 -0.0695 -0.0272  0.040  0.056
3 2018 03 23.98816 15 22 29.776 -17 14 40.26 -0.0762 -0.0166  0.034  0.049
3 2018 03 23.99510 15 22 29.636 -17 14 39.53  0.0846 -0.0009  0.039  0.052
3 2018 03 24.00205 15 22 29.481 -17 14 38.86  0.0348 -0.0491  0.033  0.061
3 2018 03 24.00899 15 22 29.328 -17 14 38.20  0.0226 -0.1090  0.034  0.033
3 2018 03 24.01594 15 22 29.177 -17 14 37.44  0.0544 -0.0727  0.036  0.041
3 2018 03 24.02288 15 22 29.018 -17 14 36.65 -0.0263 -0.0082  0.063  0.049
3 2018 03 24.02983 15 22 28.866 -17 14 35.86  0.0118  0.0526  0.024  0.031
3 2018 03 24.03677 15 22 28.719 -17 14 35.24  0.1320 -0.0584  0.056  0.012
3 2018 03 24.04371 15 22 28.558 -17 14 34.42  0.0524  0.0279  0.035  0.069
3 2018 03 24.05066 15 22 28.397 -17 14 33.69 -0.0135  0.0203  0.036  0.055
3 2018 03 27.04347 15 21 14.140 -17 09 39.83 -0.0045  0.0119  0.036  0.037
3 2018 03 27.05042 15 21 14.066 -17 09 39.52  0.0473  0.1106  0.024  0.046
3 2018 03 27.05736 15 21 13.997 -17 09 39.30  0.1613  0.1219  0.039  0.058
3 2018 03 28.04483 15 21 10.316 -17 09 33.90  0.0581 -0.0513  0.027  0.053
3 2018 03 28.05177 15 21 10.329 -17 09 33.88  0.0976  0.0506  0.047  0.043
3 2018 03 30.01830 15 21 12.502 -17 09 24.60 -0.0061  0.0517  0.054  0.047
3 2018 03 30.03219 15 21 12.396 -17 09 23.91  0.1769  0.0200  0.036  0.045
3 2018 03 31.03172 15 20 55.781 -17 07 57.71 -0.0430 -0.0701  0.027  0.044
3 2018 03 31.03866 15 20 55.606 -17 07 57.00 -0.0264 -0.1773  0.035  0.053
3 2018 03 31.04561 15 20 55.433 -17 07 56.03  0.0350 -0.0288  0.040  0.040
3 2018 04 10.95386 15 16 48.197 -16 51 28.07  0.0535 -0.0217  0.033  0.019
3 2018 04 10.96080 15 16 48.123 -16 51 27.88  0.0833 -0.0280  0.030  0.060
3 2018 04 10.96775 15 16 48.048 -16 51 27.66  0.0911 -0.0032  0.026  0.025
3 2018 04 10.97469 15 16 47.965 -16 51 27.42 -0.0313  0.0434  0.020  0.035
3 2018 04 10.98164 15 16 47.890 -16 51 27.30 -0.0408 -0.0289  0.019  0.040
3 2018 04 10.98858 15 16 47.821 -16 51 27.03  0.0295  0.0505  0.029  0.022
3 2018 04 10.99553 15 16 47.744 -16 51 26.88 -0.0274  0.0110  0.012  0.040
3 2018 04 11.00247 15 16 47.674 -16 51 26.75  0.0103 -0.0469  0.016  0.038
3 2018 04 11.00941 15 16 47.598 -16 51 26.42 -0.0507  0.0966  0.028  0.048
3 2018 04 11.01636 15 16 47.533 -16 51 26.27  0.0460  0.0612  0.020  0.045
3 2018 04 11.93161 15 16 42.115 -16 51 11.28 -0.0124 -0.0760  0.048  0.028
3 2018 04 11.95939 15 16 41.992 -16 51 10.67 -0.0492  0.1312  0.028  0.039
3 2018 04 11.97328 15 16 41.938 -16 51 10.53  0.0491  0.0619  0.061  0.053
3 2018 04 12.00705 15 16 41.780 -16 51 10.04 -0.1014  0.0196  0.044  0.040
3 2018 04 12.93231 15 16 35.819 -16 50 39.54  0.0021 -0.0379  0.049  0.027
3 2018 04 12.93925 15 16 35.743 -16 50 39.14  0.0430 -0.0289  0.068  0.030
3 2018 04 12.94620 15 16 35.660 -16 50 38.67 -0.0092  0.0459  0.037  0.036
3 2018 04 12.95314 15 16 35.574 -16 50 38.28 -0.0978  0.0377  0.038  0.028
3 2018 04 12.96009 15 16 35.500 -16 50 37.82  0.0055  0.0953  0.032  0.042
3 2018 04 12.96703 15 16 35.423 -16 50 37.32  0.0722  0.1898  0.026  0.067
3 2018 04 12.97397 15 16 35.338 -16 50 37.14  0.0290 -0.0393  0.048  0.048
3 2018 04 12.98092 15 16 35.254 -16 50 36.68  0.0127  0.0072  0.044  0.033
3 2018 04 12.98786 15 16 35.168 -16 50 36.20 -0.0253  0.0707  0.040  0.055
3 2018 04 13.94983 15 16 16.633 -16 49 05.77  0.0056 -0.0772  0.055  0.073
3 2018 04 13.95678 15 16 16.443 -16 49 04.91  0.0734 -0.1078  0.049  0.041
3 2018 04 13.97067 15 16 16.051 -16 49 02.96  0.0636  0.0508  0.022  0.037
3 2018 04 13.97761 15 16 15.862 -16 49 02.02  0.1808  0.0900  0.043  0.039
3 2018 04 14.00539 15 16 15.053 -16 48 58.45 -0.0118  0.0168  0.038  0.045
3 2018 04 14.93962 15 15 41.829 -16 46 31.14 -0.0730  0.0243  0.040  0.033
3 2018 04 14.94657 15 15 41.545 -16 46 29.89  0.0333  0.0503  0.032  0.056
3 2018 04 14.95351 15 15 41.250 -16 46 28.75 -0.0247 -0.0336  0.044  0.058
3 2018 04 14.96046 15 15 40.961 -16 46 27.46  0.0204  0.0291  0.023  0.055
3 2018 04 14.96740 15 15 40.662 -16 46 26.26 -0.0840  0.0020  0.025  0.045
3 2018 04 19.94615 15 13 36.526 -16 38 42.62  0.1033  0.1545  0.007  0.033
3 2018 04 19.96004 15 13 36.344 -16 38 41.84  0.0738  0.0994  0.045  0.048
3 2018 04 19.96698 15 13 36.249 -16 38 41.60  0.0113 -0.0831  0.066  0.035
3 2018 04 19.97393 15 13 36.157 -16 38 41.13  0.0046 -0.0397  0.066  0.059
3 2018 04 19.98087 15 13 36.071 -16 38 40.74  0.0948 -0.0792  0.034  0.044
3 2018 04 19.98782 15 13 35.979 -16 38 40.17  0.1057  0.0572  0.022  0.050
3 2018 04 22.90381 15 11 56.141 -16 31 23.11 -0.0243 -0.2202  0.036  0.023
3 2018 04 22.91076 15 11 55.808 -16 31 21.65 -0.0722 -0.0611  0.056  0.034
3 2018 04 22.92465 15 11 55.152 -16 31 19.04 -0.0304 -0.0486  0.033  0.049
3 2018 04 22.93159 15 11 54.813 -16 31 17.76 -0.1810 -0.0650  0.066  0.015
3 2018 04 22.93854 15 11 54.485 -16 31 16.42 -0.1617 -0.0224  0.029  0.047
3 2018 04 22.94548 15 11 54.159 -16 31 15.20 -0.1218 -0.0971  0.033  0.049
3 2018 04 22.97326 15 11 52.843 -16 31 10.01 -0.1545 -0.0796  0.058  0.048
3 2018 04 22.98020 15 11 52.523 -16 31 08.65 -0.0386 -0.0094  0.092  0.047
3 2018 04 23.90050 15 11 13.063 -16 28 38.18  0.1044  0.0373  0.032  0.040
3 2018 04 23.90745 15 11 12.796 -16 28 37.34  0.0395 -0.0591  0.015  0.049
3 2018 04 23.91439 15 11 12.536 -16 28 36.28  0.0639  0.0687  0.037  0.027
3 2018 04 23.92134 15 11 12.265 -16 28 35.44 -0.0813 -0.0219  0.017  0.047
3 2018 04 23.92828 15 11 12.012 -16 28 34.43  0.0275  0.0616  0.040  0.043
3 2018 04 23.93523 15 11 11.748 -16 28 33.47 -0.0335  0.0966  0.029  0.030
3 2018 04 23.94217 15 11 11.493 -16 28 32.60  0.0243  0.0458  0.029  0.047
3 2018 04 26.91702 15 10 18.491 -16 25 33.72  0.0548  0.0502  0.039  0.031
3 2018 04 26.93785 15 10 18.207 -16 25 32.54 -0.0253  0.0224  0.078  0.062
3 2018 05 04.87142 15 06 29.901 -16 10 13.30  0.0575 -0.1440  0.026  0.035
3 2018 05 04.87836 15 06 29.717 -16 10 12.37 -0.0069 -0.0260  0.041  0.034
3 2018 05 04.88531 15 06 29.539 -16 10 11.53  0.0354 -0.0035  0.039  0.037
3 2018 05 04.89225 15 06 29.354 -16 10 10.56 -0.0185  0.1461  0.041  0.040
3 2018 05 04.89919 15 06 29.170 -16 10 09.93 -0.0448 -0.0486  0.025  0.057
3 2018 05 04.90614 15 06 28.991 -16 10 09.09  0.0204 -0.0386  0.025  0.024
3 2018 05 04.91308 15 06 28.804 -16 10 08.12 -0.0258  0.0983  0.041  0.038
3 2018 05 04.92003 15 06 28.616 -16 10 07.37 -0.0706  0.0097  0.040  0.045
3 2018 05 04.92697 15 06 28.431 -16 10 06.57 -0.0620 -0.0318  0.026  0.030
3 2018 05 04.93392 15 06 28.248 -16 10 05.73 -0.0071 -0.0388  0.024  0.062
3 2018 05 04.94086 15 06 28.058 -16 10 04.81 -0.0490  0.0312  0.026  0.048
3 2018 05 05.85442 15 05 56.692 -16 07 42.49  0.0926  0.0279  0.056  0.056
3 2018 05 05.86136 15 05 56.389 -16 07 41.24 -0.0585 -0.0043  0.025  0.041
3 2018 05 05.86830 15 05 56.096 -16 07 39.98 -0.0485 -0.0295  0.041  0.063
3 2018 05 05.88219 15 05 55.507 -16 07 37.37 -0.0344 -0.0010  0.029  0.045
3 2018 05 05.88914 15 05 55.208 -16 07 36.08 -0.0755 -0.0072  0.031  0.051
3 2018 05 05.89608 15 05 54.918 -16 07 34.69  0.0226  0.0855  0.032  0.029
3 2018 05 05.90303 15 05 54.619 -16 07 33.63  0.0025 -0.1567  0.028  0.061
3 2018 05 05.90997 15 05 54.317 -16 07 32.15 -0.0587  0.0200  0.036  0.038
3 2018 05 05.91692 15 05 54.018 -16 07 30.92 -0.0582 -0.0581  0.038  0.030
3 2018 05 05.92386 15 05 53.721 -16 07 29.60 -0.0242 -0.0473  0.032  0.032
3 2018 05 09.90673 15 03 22.742 -15 57 46.76 -0.1208  0.1082  0.025  0.021
3 2018 05 09.91367 15 03 22.646 -15 57 46.53 -0.0717  0.0628  0.025  0.039
3 2018 05 09.92062 15 03 22.549 -15 57 46.22 -0.0417  0.0976  0.020  0.033
3 2018 05 09.92756 15 03 22.452 -15 57 46.05 -0.0203 -0.0065  0.027  0.079
3 2018 05 10.91623 15 03 10.787 -15 57 08.22 -0.0336  0.0064  0.027  0.038
3 2018 05 10.92318 15 03 10.701 -15 57 07.80  0.0049  0.0913  0.018  0.029
4 2018 01 16.21840 15 07 49.944 -16 27 19.11  0.0564 -0.0581  0.050  0.030
4 2018 03 01.08590 15 23 18.264 -17 21 43.81  0.0689  0.0389  0.022  0.039
4 2018 03 01.09285 15 23 18.390 -17 21 44.24  0.0538  0.0128  0.032  0.049
4 2018 03 01.09979 15 23 18.520 -17 21 44.69  0.1032 -0.0349  0.026  0.044
4 2018 03 01.10674 15 23 18.644 -17 21 45.04  0.0616  0.0169  0.034  0.035
4 2018 03 01.11368 15 23 18.769 -17 21 45.43  0.0394  0.0270  0.029  0.041
4 2018 03 01.12062 15 23 18.900 -17 21 45.84  0.1089  0.0160  0.026  0.053
4 2018 03 01.12757 15 23 19.026 -17 21 46.18  0.1022  0.0745  0.031  0.039
4 2018 03 02.06882 15 23 35.311 -17 22 33.94  0.0590  0.0299  0.034  0.050
4 2018 03 02.07576 15 23 35.412 -17 22 34.25 -0.0252  0.0223  0.070  0.021
4 2018 03 02.08965 15 23 35.631 -17 22 35.01  0.0685 -0.1366  0.028  0.062
4 2018 03 02.11049 15 23 35.950 -17 22 35.87  0.0878 -0.1049  0.039  0.041
4 2018 03 02.12437 15 23 36.148 -17 22 36.43 -0.1022 -0.0778  0.039  0.073
4 2018 03 04.09979 15 23 57.798 -17 23 20.51 -0.0088 -0.0409  0.050  0.063
4 2018 03 04.11367 15 23 57.868 -17 23 20.43 -0.0643  0.0502  0.028  0.055
4 2018 03 04.12062 15 23 57.901 -17 23 20.46 -0.1167  0.0233  0.030  0.048
4 2018 03 12.05144 15 22 56.125 -17 17 57.22  0.0454 -0.0027  0.046  0.069
4 2018 03 12.05838 15 22 56.082 -17 17 57.12  0.0174 -0.0346  0.029  0.044
4 2018 03 12.06532 15 22 56.043 -17 17 56.98  0.0468 -0.0262  0.031  0.048
4 2018 03 12.07227 15 22 56.007 -17 17 56.80  0.1194  0.0224  0.034  0.047
4 2018 03 12.07921 15 22 55.964 -17 17 56.64  0.0832  0.0514  0.053  0.028
4 2018 03 12.08616 15 22 55.918 -17 17 56.51  0.0000  0.0505  0.049  0.055
4 2018 03 12.09310 15 22 55.885 -17 17 56.47  0.1080 -0.0398  0.022  0.039
4 2018 03 12.10005 15 22 55.843 -17 17 56.38  0.0787 -0.0801  0.030  0.035
4 2018 03 16.04940 15 23 04.715 -17 18 32.28  0.1233 -0.0822  0.061  0.039
4 2018 03 16.06329 15 23 04.803 -17 18 32.56 -0.0723 -0.0121  0.033  0.061
4 2018 03 16.07023 15 23 04.859 -17 18 32.79  0.0097 -0.0679  0.041  0.028
4 2018 03 23.98816 15 22 28.993 -17 14 19.28 -0.0258 -0.0267  0.031  0.058
4 2018 03 23.99510 15 22 28.827 -17 14 18.77 -0.0217 -0.2267  0.031  0.063
4 2018 03 24.00205 15 22 28.662 -17 14 17.83  0.0039  0.0013  0.065  0.044
4 2018 03 24.00899 15 22 28.498 -17 14 17.07  0.0439  0.0495  0.027  0.037
4 2018 03 24.01594 15 22 28.336 -17 14 16.36  0.1203  0.0457  0.029  0.037
4 2018 03 24.02288 15 22 28.163 -17 14 15.70  0.0308 -0.0079  0.043  0.050
4 2018 03 24.02983 15 22 27.998 -17 14 14.97  0.0676  0.0064  0.026  0.035
4 2018 03 24.03677 15 22 27.837 -17 14 14.28  0.1634 -0.0191  0.048  0.034
4 2018 03 24.05066 15 22 27.494 -17 14 12.73  0.0508  0.0961  0.041  0.063
4 2018 03 27.04347 15 21 11.309 -17 09 03.11 -0.0080  0.0094  0.051  0.038
4 2018 03 27.05042 15 21 11.141 -17 09 02.42  0.0367  0.0576  0.018  0.064
4 2018 03 27.05736 15 21 10.974 -17 09 01.85  0.0906 -0.0131  0.041  0.031
4 2018 03 28.05177 15 20 48.519 -17 07 37.72  0.0612  0.1260  0.049  0.053
4 2018 03 30.04608 15 20 15.731 -17 05 42.27  0.0581  0.1160  0.024  0.052
4 2018 03 31.03172 15 20 06.044 -17 05 10.31 -0.0312  0.0599  0.045  0.043
4 2018 03 31.03866 15 20 05.988 -17 05 10.20 -0.0103 -0.0084  0.062  0.042
4 2018 03 31.04561 15 20 05.928 -17 05 09.99 -0.0508  0.0231  0.031  0.046
4 2018 03 31.05255 15 20 05.875 -17 05 09.86  0.0095 -0.0251  0.016  0.044
4 2018 04 11.01636 15 17 01.370 -16 51 36.28  0.1497 -0.0647  0.016  0.036
4 2018 04 11.93161 15 16 27.426 -16 49 21.98 -0.1370  0.0814  0.032  0.032
4 2018 04 11.93856 15 16 27.177 -16 49 21.08 -0.0128 -0.0050  0.018  0.056
4 2018 04 11.94550 15 16 26.923 -16 49 20.23  0.0304 -0.1399  0.014  0.037
4 2018 04 11.95245 15 16 26.668 -16 49 19.06  0.0635  0.0437  0.024  0.038
4 2018 04 11.95939 15 16 26.413 -16 49 18.11  0.0904  0.0087  0.032  0.034
4 2018 04 11.96634 15 16 26.148 -16 49 17.18 -0.0280 -0.0477  0.034  0.041
4 2018 04 11.97328 15 16 25.895 -16 49 16.21  0.0272 -0.0627  0.020  0.037
4 2018 04 11.98622 15 16 25.412 -16 49 14.29 -0.0415  0.0208  0.027  0.037
4 2018 04 11.99316 15 16 25.155 -16 49 13.40 -0.0493 -0.0742  0.051  0.067
4 2018 04 12.00011 15 16 24.901 -16 49 12.29 -0.0078  0.0494  0.020  0.042
4 2018 04 12.00705 15 16 24.642 -16 49 11.29 -0.0482  0.0644  0.044  0.052
4 2018 04 12.01400 15 16 24.389 -16 49 10.46  0.0055 -0.0920  0.023  0.085
4 2018 04 12.93925 15 15 51.681 -16 47 04.85 -0.1083  0.1310  0.055  0.064
4 2018 04 12.94620 15 15 51.453 -16 47 04.19  0.0601 -0.0972  0.034  0.022
4 2018 04 12.95314 15 15 51.205 -16 47 03.14 -0.0784  0.0661  0.045  0.059
4 2018 04 12.96703 15 15 50.730 -16 47 01.33 -0.0415  0.1024  0.042  0.019
4 2018 04 12.97397 15 15 50.497 -16 47 00.47  0.0387  0.0766  0.030  0.043
4 2018 04 12.98092 15 15 50.259 -16 46 59.69  0.0468 -0.0302  0.031  0.059
4 2018 04 12.98786 15 15 50.020 -16 46 58.73  0.0324  0.0446  0.037  0.054
4 2018 04 13.93594 15 15 19.692 -16 45 05.99 -0.0032  0.0856  0.050  0.037
4 2018 04 13.94983 15 15 19.273 -16 45 04.51  0.0398  0.0521  0.058  0.037
4 2018 04 13.95678 15 15 19.059 -16 45 03.68 -0.0081  0.1255  0.013  0.057
4 2018 04 13.97067 15 15 18.644 -16 45 02.28  0.0777  0.0147  0.025  0.038
4 2018 04 13.97761 15 15 18.427 -16 45 01.52 -0.0287  0.0205  0.075  0.036
4 2018 04 14.00539 15 15 17.586 -16 44 58.46 -0.0729  0.0659  0.039  0.049
4 2018 04 14.01233 15 15 17.375 -16 44 57.79 -0.1060 -0.0161  0.070  0.012
4 2018 04 14.93962 15 14 51.985 -16 43 26.41 -0.1138  0.0065  0.037  0.018
4 2018 04 14.95351 15 14 51.637 -16 43 25.27 -0.0183 -0.0806  0.068  0.073
4 2018 04 19.94615 15 13 32.249 -16 38 41.35  0.1427  0.0029  0.033  0.047
4 2018 04 19.96004 15 13 32.064 -16 38 40.39  0.1220  0.2230  0.018  0.047
4 2018 04 19.96698 15 13 31.976 -16 38 40.32  0.1804 -0.0783  0.022  0.056
4 2018 04 19.97393 15 13 31.873 -16 38 39.94  0.0173 -0.0713  0.051  0.066
4 2018 04 19.98087 15 13 31.792 -16 38 39.51  0.1835 -0.0148  0.025  0.032
4 2018 04 19.98782 15 13 31.693 -16 38 39.18  0.0830 -0.0601  0.014  0.044
4 2018 04 22.90381 15 12 38.898 -16 34 44.91  0.0208 -0.0236  0.040  0.037
4 2018 04 22.91076 15 12 38.719 -16 34 44.24  0.0223 -0.1361  0.026  0.069
4 2018 04 22.91770 15 12 38.537 -16 34 43.21 -0.0200  0.1109  0.029  0.034
4 2018 04 22.92465 15 12 38.357 -16 34 42.56 -0.0237 -0.0250  0.035  0.047
4 2018 04 22.93159 15 12 38.179 -16 34 41.75  0.0035 -0.0014  0.054  0.046
4 2018 04 22.93854 15 12 37.998 -16 34 40.96 -0.0057 -0.0008  0.054  0.039
4 2018 04 22.94548 15 12 37.815 -16 34 40.19 -0.0443 -0.0207  0.069  0.047
4 2018 04 22.95242 15 12 37.639 -16 34 39.36  0.0266  0.0176  0.032  0.066
4 2018 04 22.95937 15 12 37.454 -16 34 38.53 -0.0291  0.0530  0.050  0.060
4 2018 04 22.96631 15 12 37.277 -16 34 37.70  0.0356  0.0879  0.034  0.021
4 2018 04 22.97326 15 12 37.092 -16 34 37.06 -0.0116 -0.0702  0.020  0.033
4 2018 04 23.90050 15 12 10.688 -16 32 39.91  0.0124  0.0147  0.040  0.035
4 2018 04 23.90745 15 12 10.472 -16 32 38.94  0.0769  0.0338  0.056  0.051
4 2018 04 23.91439 15 12 10.248 -16 32 38.01  0.0215  0.0126  0.028  0.051
4 2018 04 23.92134 15 12 10.025 -16 32 37.12 -0.0092 -0.0516  0.049  0.054
4 2018 04 23.92828 15 12 09.806 -16 32 36.15  0.0200 -0.0360  0.024  0.046
4 2018 04 23.93523 15 12 09.584 -16 32 35.18  0.0136 -0.0235  0.055  0.019
4 2018 04 23.94217 15 12 09.369 -16 32 34.17  0.1120  0.0287  0.026  0.038
4 2018 04 26.91702 15 10 14.169 -16 24 25.06  0.0234  0.0796  0.053  0.014
4 2018 04 26.92396 15 10 13.866 -16 24 23.88  0.0730  0.0158  0.057  0.043
4 2018 05 04.87142 15 05 54.849 -16 08 08.97  0.0817  0.0945  0.032  0.028
4 2018 05 04.89919 15 05 54.369 -16 08 07.39 -0.0196  0.0600  0.035  0.055
4 2018 05 04.90614 15 05 54.255 -16 08 07.02  0.0448  0.0250  0.044  0.046
4 2018 05 04.92697 15 05 53.894 -16 08 05.80 -0.0581  0.0289  0.023  0.033
4 2018 05 05.85442 15 05 39.058 -16 07 11.68  0.1286  0.0394  0.039  0.069
4 2018 05 05.87525 15 05 38.706 -16 07 10.46 -0.0781  0.0333  0.031  0.044
4 2018 05 05.88219 15 05 38.601 -16 07 09.89  0.0388  0.1933  0.050  0.072
4 2018 05 05.88914 15 05 38.493 -16 07 09.68  0.1138 -0.0081  0.050  0.052
4 2018 05 05.89608 15 05 38.386 -16 07 09.12  0.2020  0.1404  0.023  0.020
4 2018 05 05.90303 15 05 38.259 -16 07 08.82 -0.0068  0.0274  0.037  0.069
4 2018 05 06.86440 15 05 22.627 -16 06 07.61 -0.0070 -0.0042  0.037  0.039
4 2018 05 06.87135 15 05 22.498 -16 06 07.11 -0.1231  0.0203  0.045  0.059
4 2018 05 06.87829 15 05 22.381 -16 06 06.60 -0.0596  0.0543  0.012  0.064
4 2018 05 09.90673 15 04 13.168 -16 01 07.95  0.0034  0.0159  0.028  0.048
4 2018 05 09.91367 15 04 12.958 -16 01 07.01  0.0695  0.0269  0.025  0.040
4 2018 05 09.92062 15 04 12.738 -16 01 06.16 -0.0057 -0.0552  0.030  0.041
4 2018 05 09.92756 15 04 12.522 -16 01 04.99 -0.0216  0.1823  0.050  0.028
4 2018 05 10.91623 15 03 39.579 -15 58 40.83  0.0104 -0.0223  0.045  0.036
4 2018 05 10.92318 15 03 39.328 -15 58 39.59  0.0505  0.1237  0.015  0.021
