 1   4  2442271.43995 1974 08 11.939950   362.72   175.92  1950.0  2  1
 1   4  2442281.48480 1974 08 21.984800  -627.27  -293.44  1950.0  2  1
 1   4  2442292.42065 1974 09  1.920651   546.78   243.59  1950.0  2  1
 1   4  2442292.43346 1974 09  1.933463   550.10   244.75  1950.0  2  1
 1   4  2442300.45627 1974 09  9.956273  -608.80  -271.11  1950.0  2  1
 1   4  2442302.41879 1974 09 11.918790  -304.13  -120.80  1950.0  2  1
 1   4  2442312.34790 1974 09 21.847900   -89.05   -59.92  1950.0  2  1
 1   4  2442421.15364 1975 01  8.653642    79.74    49.44  1950.0  2  1
 1   4  2442422.14108 1975 01  9.641078   349.19   168.04  1950.0  2  1
 1   4  2442632.45708 1975 08  7.957083  -236.93  -170.61  1950.0  2  1
 1   4  2442634.45371 1975 08  9.953712  -419.63  -183.35  1950.0  2  1
 1   4  2442638.49612 1975 08 13.996120  -167.81   -45.23  1950.0  2  1
 1   4  2442646.45839 1975 08 21.958390   235.50   -25.54  1950.0  2  1
 1   4  2442662.53239 1975 09  7.032387   407.57    27.28  1950.0  2  1
 1   4  2442664.44129 1975 09  8.941286    19.27   -27.10  1950.0  2  1
 1   4  2442665.49174 1975 09  9.991737  -427.95  -207.19  1950.0  2  1
 1   4  2442666.44828 1975 09 10.948280  -333.64  -190.28  1950.0  2  1
 1   4  2442667.41065 1975 09 11.910650  -617.85  -264.67  1950.0  2  1
 1   4  2442668.48289 1975 09 12.982890  -617.68  -266.52  1950.0  2  1
 1   4  2442669.49825 1975 09 13.998250  -424.60  -156.52  1950.0  2  1
 1   4  2442674.47979 1975 09 18.979790   377.84   194.96  1950.0  2  1
 1   4  2442680.43981 1975 09 24.939810   149.93    24.79  1950.0  2  1
 1   4  2442682.40944 1975 09 26.909440  -322.82  -175.19  1950.0  2  1
 1   4  2442683.36622 1975 09 27.866220  -558.69  -250.94  1950.0  2  1
 1   4  2442686.45141 1975 09 30.951410  -608.97  -243.78  1950.0  2  1
 1   4  2442690.40993 1975 10  4.909930   276.09   159.97  1950.0  2  1
 1   4  2442696.36253 1975 10 10.862530   298.81    92.71  1950.0  2  1
 1   4  2442697.43812 1975 10 11.938120  -134.26   -87.94  1950.0  2  1
 1   4  2442712.46978 1975 10 26.969780   335.40   110.14  1950.0  2  1
 1   4  2442713.37999 1975 10 27.879990    25.45   -16.28  1950.0  2  1
 1   4  2442717.41310 1975 10 31.913100  -454.84  -207.12  1950.0  2  1
 1   4  2442719.31491 1975 11  2.814912  -383.30  -155.43  1950.0  2  1
 1   4  2442728.37047 1975 11 11.870470   457.49   174.47  1950.0  2  1
 1   4  2442771.22351 1975 12 24.723510  -245.64   -89.58  1950.0  2  1
 1   4  2442775.29015 1975 12 28.790150   422.88   206.29  1950.0  2  1
 1   4  2442776.14355 1975 12 29.643550   552.80   245.59  1950.0  2  1
 1   4  2442814.16953 1976 02  5.669534   -95.46   -60.79  1950.0  2  1
 1   4  2442819.18132 1976 02 10.681320  -511.81  -115.96  1950.0  2  1
 1   4  2442821.18031 1976 02 12.680310  -274.33   -95.41  1950.0  2  1
 1   4  2442822.18208 1976 02 13.682080     5.70    20.63  1950.0  2  1
 1   4  2442829.18429 1976 02 20.684290   311.56   112.25  1950.0  2  1
 1   4  2443019.51943 1976 08 29.019430  -637.20  -134.75  1950.0  2  1
 1   2  2443019.51943 1976 08 29.019430    75.18    26.12  1950.0  2  1
 1   3  2443019.51943 1976 08 29.019430   190.72    36.86  1950.0  2  1
 1   4  2443027.48380 1976 09  5.983797   613.30   132.86  1950.0  2  1
 1   2  2443027.48380 1976 09  5.983797   208.44    29.33  1950.0  2  1
 1   3  2443027.48380 1976 09  5.983797   232.38    26.44  1950.0  2  1
 1   4  2443030.50548 1976 09  9.005481   493.21    85.83  1950.0  2  1
 1   2  2443030.50548 1976 09  9.005481   259.68    59.72  1950.0  2  1
 1   3  2443030.50548 1976 19  9.005481  -467.44   -24.81  1950.0  2  1
 1   4  2443039.43529 1976 09 17.935290  -283.56   -25.61  1950.0  2  1
 1   2  2443039.43529 1976 09 17.935290  -121.11   -18.00  1950.0  2  1
 1   3  2443039.43529 1976 09 17.935290   294.07    79.05  1950.0  2  1
 1   4  2443041.49502 1976 09 19.995020   193.66    69.50  1950.0  2  1
 1   2  2443041.49502 1976 09 19.995020   301.06    52.92  1950.0  2  1
 1   3  2443041.49502 1976 09 19.995020   348.84    54.12  1950.0  2  1
 1   4  2443042.58602 1976 19 21.086020   214.02    77.68  1950.0  2  1
 1   2  2443042.58602 1976 09 21.086020  -265.51   -53.49  1950.0  2  1
 1   3  2443042.58602 1976 09 21.086020  -171.50   -45.69  1950.0  2  1
 1   4  2443048.53996 1976 09 27.039960   350.54    38.46  1950.0  2  1
 1   2  2443048.53996 1976 09 27.039960   322.20    59.27  1950.0  2  1
 1   3  2443048.53996 1976 09 27.039960   383.31    63.19  1950.0  2  1
 1   4  2443049.50814 1976 09 28.008140  -133.23   -57.38  1950.0  2  1
 1   2  2443049.50814 1976 09 28.008140  -270.51   -60.73  1950.0  2  1
 1   3  2443049.50814 1976 09 28.008140  -150.56   -46.30  1950.0  2  1
 1   4  2443092.48732 1976 11  9.987322   426.48   135.03  1950.0  2  1
 1   2  2443092.48732 1976 11  9.987322  -135.75   -27.98  1950.0  2  1
 1   3  2443092.48732 1976 11  9.987322    31.65    -6.89  1950.0  2  1
 1   4  2443133.43483 1976 12 20.934830   -71.98   -51.97  1950.0  2  1
 1   2  2443133.43483 1976 12 20.934830   356.07    91.68  1950.0  2  1
 1   3  2443133.43483 1976 12 20.934830   491.13   125.65  1950.0  2  1
 1   4  2443187.24990 1977 02 12.749900  -637.85  -163.72  1950.0  2  1
 1   2  2443187.24990 1977 02 12.749900   -24.87   -15.34  1950.0  2  1
 1   3  2443187.24990 1977 02 12.749900  -404.25  -104.31  1950.0  2  1
 1   4  2443188.22712 1977 02 13.727120  -342.99   -75.73  1950.0  2  1
 1   2  2443188.22712 1977 02 13.727120   -60.78   -70.01  1950.0  2  1
 1   3  2443188.22712 1977 02 13.727120   -22.34     7.15  1950.0  2  1
 1   4  2443189.29992 1977 02 14.799920  -416.58    36.53  1950.0  2  1
 1   3  2443189.29992 1977 02 14.799920    35.87    26.07  1950.0  2  1
 1   4  2443204.24954 1977 03  1.749538  -385.55   -90.95  1950.0  2  1
 1   2  2443204.24954 1977 03  1.749538   279.64    70.64  1950.0  2  1
 1   3  2443204.24954 1977 03  1.749538   348.19    92.02  1950.0  2  1
 1   4  2443206.24067 1977 03  3.740666  -227.43   -40.81  1950.0  2  1
 1   2  2443206.24067 1977 03  3.740666  -125.28   -36.47  1950.0  2  1
 1   3  2443206.24067 1977 03  3.740666   168.87    24.09  1950.0  2  1
 1   4  2443209.26335 1977 03  6.763352   334.81   105.34  1950.0  2  1
 1   2  2443209.26335 1977 03  6.763352   -36.88   -11.94  1950.0  2  1
 1   3  2443209.26335 1977 03  6.763352  -144.07   -23.04  1950.0  2  1
 1   4  2443394.53450 1977 09  8.034500   150.71    11.74  1950.0  2  1
 1   2  2443394.53450 1977 09  8.034500  -289.19     5.38  1950.0  2  1
 1   3  2443394.53450 1977 09  8.034500  -360.05     5.29  1950.0  2  1
 1   4  2443395.49657 1977 19  8.996566   528.78    -7.11  1950.0  2  1
 1   2  2443395.49657 1977 19  8.996566    60.63     3.32  1950.0  2  1
 1   3  2443395.49657 1977 09  8.996566  -180.41     6.68  1950.0  2  1
 1   4  2443395.56300 1977 09  9.063002   528.04    -7.82  1950.0  2  1
 1   2  2443395.56300 1977 09  9.063002    72.84     3.04  1950.0  2  1
 1   3  2443395.56300 1977 09  9.063002  -186.56     6.99  1950.0  2  1
 1   0  2443395.56300 1977 09  9.063002   105.67     5.30  1950.0  2  1
 1   2  2443426.57087 1977 10 10.070870  -301.39    15.96  1950.0  2  1
 1   3  2443426.57087 1977 10 10.070870   119.00     5.48  1950.0  2  1
 1   3  2443426.58261 1977 10 10.082610   125.23     6.02  1950.0  2  1
 1   3  2443426.58400 1977 10 10.084000   125.50     5.84  1950.0  2  1
 1   0  2443426.58400 1977 10 10.084000  -102.69     9.52  1950.0  2  1
 1   2  2443426.58746 1977 10 10.087460  -298.65    16.88  1950.0  2  1
 1   3  2443426.58746 1977 10 10.087460   127.68     5.13  1950.0  2  1
 1   0  2443426.58746 1977 10 10.087460  -101.88     9.03  1950.0  2  1
 1   2  2443426.58884 1977 10 10.088840  -298.23    16.79  1950.0  2  1
 1   0  2443426.58884 1977 10 10.088840  -101.14     9.29  1950.0  2  1
 1   4  2443446.54626 1977 10 30.046260   685.17   -28.74  1950.0  2  1
 1   2  2443446.54626 1977 10 30.046260   307.32   -16.84  1950.0  2  1
 1   2  2443476.61716 1977 11 29.117160  -112.03     9.18  1950.0  2  1
 1   3  2443476.61716 1977 11 29.117160   375.38    -2.61  1950.0  2  1
 1   0  2443476.61716 1977 11 29.117160  -117.56    -1.70  1950.0  2  1
 1   4  2443480.44418 1977 12  2.944180   801.71   -30.93  1950.0  2  1
 1   2  2443480.44418 1977 12  2.944180   -31.71     4.31  1950.0  2  1
 1   3  2443480.44418 1977 12  2.944180  -174.45    -3.36  1950.0  2  1
 1   0  2443480.44418 1977 12  2.944180   139.49    -7.51  1950.0  2  1
 1   4  2443480.46461 1977 12  2.964610   798.09   -33.29  1950.0  2  1
 1   2  2443480.46461 1977 12  2.964610   -29.66     4.15  1950.0  2  1
 1   3  2443480.46461 1977 12  2.964610  -182.37    -2.99  1950.0  2  1
 1   4  2443496.43855 1977 12 18.938550   757.23   -13.80  1950.0  2  1
 1   2  2443496.43855 1977 12 18.938550   281.55   -16.22  1950.0  2  1
 1   3  2443496.43855 1977 12 18.938550  -115.19     9.33  1950.0  2  1
 1   0  2443496.43855 1977 12 18.938550   119.97    -6.31  1950.0  2  1
 1   4  2443515.39222 1978 01  6.892219   632.40   -10.78  1950.0  2  1
 1   2  2443515.39222 1978 01  6.892219  -171.48     3.05  1950.0  2  1
 1   0  2443515.39222 1978 01  6.892219    68.42     4.89  1950.0  2  1
 1   4  2443528.28912 1978 01 19.789120   540.03    16.45  1950.0  2  1
 1   2  2443528.28912 1978 01 19.789120   284.55    -7.00  1950.0  2  1
 1   3  2443528.28912 1978 01 19.789120   398.63    -9.45  1950.0  2  1
 1   0  2443528.28912 1978 01 19.789120   107.70    -2.96  1950.0  2  1
 1   4  2443531.33657 1978 01 22.836570   699.12     2.58  1950.0  2  1
 1   3  2443531.33657 1978 01 22.836570  -283.29     4.17  1950.0  2  1
 1   0  2443531.33657 1978 01 22.836570    79.92     4.34  1950.0  2  1
 1   4  2443539.34285 1978 01 30.842850  -736.61    -8.62  1950.0  2  1
 1   4  2443539.34285 1978 01 30.842850  -302.89     2.82  1950.0  2  1
 1   0  2443539.34285 1978 01 30.842850   -98.64    -4.40  1950.0  2  1
 1   4  2443540.32524 1978 01 31.825240  -422.81     8.79  1950.0  2  1
 1   2  2443540.32524 1978 01 31.825240  -102.99    -0.09  1950.0  2  1
 1   3  2443540.32524 1978 01 31.825240   226.63    17.25  1950.0  2  1
 1   0  2443540.32524 1978 01 31.825240   127.74     4.25  1950.0  2  1
 1   3  2443540.32524 1978 01 31.825240    98.89    13.00  1950.0  2  1
 1   4  2443545.24391 1978 02  5.743906   430.15    25.93  1950.0  2  1
 1   2  2443545.24391 1978 02  5.743906   131.28    13.09  1950.0  2  1
 1   3  2443545.24391 1978 02  5.743906  -396.48    -2.84  1950.0  2  1
 1   1  2443545.24391 1978 02  5.743906    39.00     4.53  1950.0  2  1
 1   1  2443545.24391 1978 02  5.743906   -39.00    -4.53  1950.0  2  1
 1   4  2443550.47537 1978 02 10.975370   114.67   -13.81  1950.0  2  1
 1   2  2443550.47537 1978 02 10.975370  -221.34    -6.22  1950.0  2  1
 1   3  2443550.47537 1978 02 10.975370     8.41    -7.18  1950.0  2  1
 1   0  2443550.47537 1978 02 10.975370   -72.06     3.36  1950.0  2  1
 1   2  2443551.29092 1978 02 11.790920   -88.69    -2.15  1950.0  2  1
 1   3  2443551.29092 1978 02 11.790920  -143.72   -15.03  1950.0  2  1
 1   0  2443551.29092 1978 02 11.790920    98.85    -1.78  1950.0  2  1
 1   4  2443554.34241 1978 02 14.842410  -482.94   -13.03  1950.0  2  1
 1   2  2443554.34241 1978 02 14.842410  -132.06    -1.99  1950.0  2  1
 1   0  2443554.34241 1978 02 14.842410    80.89     5.50  1950.0  2  1
 1   4  2443559.23576 1978 02 19.735760  -209.67    19.58  1950.0  2  1
 1   2  2443559.23576 1978 02 19.735760    -1.05    10.31  1950.0  2  1
 1   3  2443559.23576 1978 02 19.735760  -421.27    -8.93  1950.0  2  1
 1   0  2443559.23576 1978 02 19.735760  -101.95     1.68  1950.0  2  1
 1   4  2443562.40221 1978 02 22.902210   398.61    14.99  1950.0  2  1
 1   2  2443562.40221 1978 02 22.902210  -153.10     1.97  1950.0  2  1
 1   3  2443562.40221 1978 02 22.902210    66.98   -15.42  1950.0  2  1
 1   0  2443562.40221 1978 02 22.902210  -111.21    -4.06  1950.0  2  1
 1   4  2443563.25685 1978 02 23.756850   682.56    19.40  1950.0  2  1
 1   2  2443563.25685 1978 02 23.756850   307.14    11.10  1950.0  2  1
 1   3  2443563.25685 1978 02 23.756850   442.45    10.87  1950.0  2  1
 1   0  2443563.25685 1978 02 23.756850   102.15     4.51  1950.0  2  1
 1   4  2443588.25085 1978 03 20.750850  -415.41    -8.42  1950.0  2  1
 1   2  2443588.25085 1978 03 20.750850   318.52     3.19  1950.0  2  1
 1   0  2443588.25085 1978 03 20.750850   123.81     0.10  1950.0  2  1
 1   2  2443589.31358 1978 03 21.813580  -155.04    -5.15  1950.0  2  1
 1   3  2443589.31358 1978 03 21.813580  -300.06     8.06  1950.0  2  1
 1   0  2443589.31358 1978 03 21.813580   -95.06     2.21  1950.0  2  1
 1   2  2443590.26412 1978 03 22.764120  -110.39    -2.87  1950.0  2  1
 1   3  2443590.26412 1978 03 22.764120   113.42     7.38  1950.0  2  1
 1   0  2443590.26412 1978 03 22.764120    73.50    -2.91  1950.0  2  1
 1   4  2443591.26521 1978 03 23.765210  -389.64    15.25  1950.0  2  1
 1   2  2443591.26521 1978 03 23.765210    77.00    10.87  1950.0  2  1
 1   3  2443591.26521 1978 03 23.765210   234.22    11.12  1950.0  2  1
 1   0  2443591.26521 1978 03 23.765210   -29.23     4.10  1950.0  2  1
 1   4  2443594.27014 1978 03 26.770140  -114.92    14.77  1950.0  2  1
 1   2  2443594.27014 1978 03 26.770140  -178.53     3.06  1950.0  2  1
 1   3  2443594.27014 1978 03 26.770140  -250.43   -11.16  1950.0  2  1
 1   0  2443594.27014 1978 03 26.770140  -103.81    -2.15  1950.0  2  1
 1   2  2453084.43637 2004 03 19.936373    20.88   -11.96  2000.0  1  2
 1   4  2453093.36425 2004 03 28.864252    40.41   -35.00  2000.0  1  2
 1   3  2453093.36425 2004 03 28.864252    25.01   -20.19  2000.0  1  2
 1   3  2453100.36148 2004 04  4.861479   -14.18    -1.37  2000.0  1  2
 1   4  2453100.36148 2004 04  4.861479   -16.28    23.86  2000.0  1  2
 1   4  2453101.36496 2004 04  5.864961    11.00    12.10  2000.0  1  2
 1   2  2453133.33859 2004 05  7.838590   -25.99     9.91  2000.0  1  2
 2   4  2442271.43995 1974 08 11.939950   407.66   188.30  1950.0  2  1
 2   4  2442281.48480 1974 08 21.984800  -480.55  -223.60  1950.0  2  1
 2   4  2442292.42065 1974 09  1.920651   638.81   284.91  1950.0  2  1
 2   4  2442292.43346 1974 09  1.933463   640.18   285.20  1950.0  2  1
 2   4  2442300.45627 1974 09  9.956273  -382.38  -169.89  1950.0  2  1
 2   4  2442302.41879 1974 09 11.918790  -376.64   -79.54  1950.0  2  1
 2   4  2442312.34790 1974 09 21.847900  -399.46  -196.82  1950.0  2  1
 2   4  2442421.15364 1975 01  8.653642   265.72   131.03  1950.0  2  1
 2   4  2442422.14108 1975 01  9.641078   162.85    83.03  1950.0  2  1
 2   4  2442632.45708 1975 08  7.957083  -528.12  -296.07  1950.0  2  1
 2   4  2442634.45371 1975 08  9.953712  -366.51  -163.49  1950.0  2  1
 2   4  2442638.49612 1975 08 13.996120   -66.07    -5.83  1950.0  2  1
 2   4  2442646.45839 1975 08 21.958390   -19.86   -42.80  1950.0  2  1
 2   4  2442661.55852 1975 09  6.058517   355.14   124.52  1950.0  2  1
 2   4  2442662.53239 1975 09  7.032387   499.94   -63.38  1950.0  2  1
 2   4  2442664.44129 1975 09  8.941286  -310.79  -165.56  1950.0  2  1
 2   4  2442665.49174 1975 09  9.991737  -223.06  -114.72  1950.0  2  1
 2   4  2442666.44828 1975 09 10.948280  -301.50  -155.63  1950.0  2  1
 2   4  2442667.41065 1975 09 11.910650  -703.09  -317.49  1950.0  2  1
 2   4  2442668.48289 1975 09 12.982890  -679.16  -274.76  1950.0  2  1
 2   4  2442669.49825 1975 09 13.998250  -308.76  -110.23  1950.0  2  1
 2   4  2442674.47979 1975 09 18.979790   300.50   144.95  1950.0  2  1
 2   4  2442680.43981 1975 09 24.939810   232.37    60.39  1950.0  2  1
 2   4  2442682.40944 1975 09 26.909440  -559.45  -263.60  1950.0  2  1
 2   4  2442683.36622 1975 09 27.866220  -379.98  -173.58  1950.0  2  1
 2   4  2442690.40993 1975 10  4.909930   454.12  -201.00  1950.0  2  1
 2   4  2442691.38594 1975 10  5.885935   636.32   295.03  1950.0  2  1
 2   4  2442696.36253 1975 10 10.862530   -33.60   -47.61  1950.0  2  1
 2   4  2442697.43812 1975 10 11.938120    42.59    -7.62  1950.0  2  1
 2   4  2442712.46978 1975 10 26.969780   466.53   171.35  1950.0  2  1
 2   4  2442713.37999 1975 10 27.879990   -18.71   -53.51  1950.0  2  1
 2   4  2442717.41310 1975 10 31.913100  -787.66  -360.30  1950.0  2  1
 2   4  2442719.31491 1975 11  2.814912  -298.34  -115.26  1950.0  2  1
 2   4  2442728.37047 1975 11 11.870470   199.55    68.82  1950.0  2  1
 2   4  2442771.22351 1975 12 24.723510  -285.25   -97.16  1950.0  2  1
 2   4  2442776.14355 1975 12 29.643550   677.29   306.87  1950.0  2  1
 2   4  2442814.16953 1976 02  5.669534   -81.14   -51.75  1950.0  2  1
 2   4  2442819.18132 1976 02 10.681320  -293.22    36.30  1950.0  2  1
 2   4  2442821.18031 1976 02 12.680310  -268.85   -90.16  1950.0  2  1
 2   4  2442822.18208 1976 02 13.682080   109.06    72.56  1950.0  2  1
 2   4  2442829.18429 1976 02 20.684290   378.95   148.61  1950.0  2  1
 2   4  2443019.51943 1976 08 29.019430  -712.38  -160.87  1950.0  2  1
 2   1  2443019.51943 1976 08 29.019430   -75.18   -26.12  1950.0  2  1
 2   3  2443019.51943 1976 08 29.019430   115.55    10.74  1950.0  2  1
 2   4  2443027.48380 1976 09  5.983797   404.87   103.53  1950.0  2  1
 2   1  2443027.48380 1976 09  5.983797  -208.44   -29.33  1950.0  2  1
 2   3  2443027.48380 1976 09  5.983797    23.94    -2.89  1950.0  2  1
 2   4  2443030.50548 1976 09  9.005481   233.53    26.11  1950.0  2  1
 2   1  2443030.50548 1976 09  9.005481  -259.68   -59.72  1950.0  2  1
 2   3  2443030.50548 1976 09  9.005481   233.53   -84.53  1950.0  2  1
 2   4  2443039.43529 1976 09 17.935290  -162.45    -7.61  1950.0  2  1
 2   1  2443039.43529 1976 09 17.935290   121.11    18.00  1950.0  2  1
 2   3  2443039.43529 1976 09 17.935290   415.19    97.05  1950.0  2  1
 2   4  2443041.49502 1976 09 19.995020  -107.40    16.58  1950.0  2  1
 2   1  2443041.49502 1976 09 19.995020  -301.06   -52.92  1950.0  2  1
 2   3  2443041.49502 1976 09 19.995020    47.77     1.20  1950.0  2  1
 2   4  2443042.58602 1976 09 21.086020   479.54   131.17  1950.0  2  1
 2   1  2443042.58602 1976 09 21.086020   265.51    53.49  1950.0  2  1
 2   3  2443042.58602 1976 09 21.086020    94.02     7.80  1950.0  2  1
 2   4  2443048.53996 1976 09 27.039960    28.35   -20.81  1950.0  2  1
 2   1  2443048.53996 1976 09 27.039960  -322.20   -59.27  1950.0  2  1
 2   3  2443048.53996 1976 09 27.039960    61.13     3.92  1950.0  2  1
 2   4  2443049.50814 1976 09 28.008140   137.28    -3.35  1950.0  2  1
 2   1  2443049.50814 1976 09 28.008140   270.51    60.73  1950.0  2  1
 2   3  2443049.50814 1976 09 28.008140   119.95    14.43  1950.0  2  1
 2   4  2443092.48732 1976 11  9.987322   562.23   163.01  1950.0  2  1
 2   1  2443092.48732 1976 11  9.987322   135.75    27.98  1950.0  2  1
 2   3  2443092.48732 1976 11  9.987322   167.40    21.09  1950.0  2  1
 2   4  2443133.43483 1976 12 20.934830  -428.06  -143.65  1950.0  2  1
 2   1  2443133.43483 1976 12 20.934830  -356.07   -91.68  1950.0  2  1
 2   3  2443133.43483 1976 12 20.934830   135.06    33.97  1950.0  2  1
 2   4  2443187.24990 1977 02 12.749900  -612.98  -147.88  1950.0  2  1
 2   1  2443187.24990 1977 02 12.749900    24.87    15.34  1950.0  2  1
 2   3  2443187.24990 1977 02 12.749900  -379.38   -88.47  1950.0  2  1
 2   4  2443188.22712 1977 02 13.727120  -282.21   -56.30  1950.0  2  1
 2   1  2443188.22712 1977 02 13.727120    60.78    70.01  1950.0  2  1
 2   3  2443188.22712 1977 02 13.727120    38.45    26.58  1950.0  2  1
 2   4  2443204.24954 1977 03  1.749538  -665.19  -161.59  1950.0  2  1
 2   1  2443204.24954 1977 03  1.749538  -279.64   -70.64  1950.0  2  1
 2   3  2443204.24954 1977 03  1.749538  -831.45    21.38  1950.0  2  1
 2   4  2443206.24067 1977 03  3.740666  -102.15    -4.34  1950.0  2  1
 2   1  2443206.24067 1977 03  3.740666   125.28    36.47  1950.0  2  1
 2   3  2443206.24067 1977 03  3.740666   294.15    60.56  1950.0  2  1
 2   4  2443209.26335 1977 03  6.763352   371.70   117.28  1950.0  2  1
 2   1  2443209.26335 1977 03  6.763352    36.88    11.94  1950.0  2  1
 2   3  2443209.26335 1977 03  6.763352  -107.19   -11.10  1950.0  2  1
 2   4  2443394.53450 1977 09  8.034500   439.80     6.36  1950.0  2  1
 2   1  2443394.53450 1977 09  8.034500   289.19    -5.38  1950.0  2  1
 2   3  2443394.53450 1977 09  8.034500   -70.95    -0.09  1950.0  2  1
 2   4  2443395.49657 1977 09  8.996566   468.15   -10.43  1950.0  2  1
 2   1  2443395.49657 1977 09  8.996566   -60.63    -3.32  1950.0  2  1
 2   3  2443395.49657 1977 09  8.996566  -241.03     3.36  1950.0  2  1
 2   4  2443395.56300 1977 09  9.063002   455.20   -10.86  1950.0  2  1
 2   1  2443395.56300 1977 09  9.063002   -72.84    -3.04  1950.0  2  1
 2   3  2443395.56300 1977 09  9.063002  -259.39     3.95  1950.0  2  1
 2   0  2443395.56300 1977 09  9.063002    32.84    -8.34  1950.0  2  1
 2   1  2443426.57087 1977 10 10.070870   301.39   -15.96  1950.0  2  1
 2   3  2443426.57087 1977 10 10.070870   420.39   -10.48  1950.0  2  1
 2   1  2443426.58746 1977 10 10.087460   298.65   -16.88  1950.0  2  1
 2   3  2443426.58746 1977 10 10.087460   426.33   -11.75  1950.0  2  1
 2   0  2443426.58746 1977 10 10.087460   196.66    -7.85  1950.0  2  1
 2   1  2443426.58884 1977 10 10.088840   298.23   -16.79  1950.0  2  1
 2   0  2443426.58884 1977 10 10.088840   196.75    -7.50  1950.0  2  1
 2   4  2443444.43726 1977 10 27.937260   466.43    -4.46  1950.0  2  1
 2   3  2443444.43726 1977 10 27.937260   -13.70    -6.58  1950.0  2  1
 2   3  2443444.46150 1977 10 27.961500   -17.85    -6.42  1950.0  2  1
 2   0  2443444.46150 1977 10 27.961500   219.01   -11.01  1950.0  2  1
 2   4  2443446.54626 1977 10 30.046260   377.85   -11.90  1950.0  2  1
 2   1  2443446.54626 1977 10 30.046260  -307.32    16.84  1950.0  2  1
 2   4  2443446.55507 1977 10 30.055070   380.04   -12.12  1950.0  2  1
 2   0  2443446.55507 1977 10 30.055070  -198.38    13.70  1950.0  2  1
 2   4  2443446.57013 1977 10 30.070130   383.58   -11.34  1950.0  2  1
 2   0  2443446.57013 1977 10 30.070130  -196.75    13.93  1950.0  2  1
 2   1  2443476.61716 1977 11 29.117160   112.03    -9.18  1950.0  2  1
 2   3  2443476.61716 1977 11 29.117160   487.41   -11.79  1950.0  2  1
 2   0  2443476.61716 1977 11 29.117160   229.60   -10.88  1950.0  2  1
 2   4  2443480.44418 1977 12  2.944180   833.41   -35.24  1950.0  2  1
 2   1  2443480.44418 1977 12  2.944180    31.71    -4.31  1950.0  2  1
 2   3  2443480.44418 1977 12  2.944180  -142.74    -7.67  1950.0  2  1
 2   0  2443480.44418 1977 12  2.944180   171.24   -11.82  1950.0  2  1
 2   4  2443480.46461 1977 12  2.964610   827.75   -37.44  1950.0  2  1
 2   1  2443480.46461 1977 12  2.964610    29.66    -4.15  1950.0  2  1
 2   3  2443480.46461 1977 12  2.964610  -152.72    -7.14  1950.0  2  1
 2   4  2443496.43855 1977 12 18.938550   475.68     2.42  1950.0  2  1
 2   1  2443496.43855 1977 12 18.938550  -281.55    16.22  1950.0  2  1
 2   3  2443496.43855 1977 12 18.938550  -396.74    25.55  1950.0  2  1
 2   0  2443496.43855 1977 12 18.938550  -161.58     9.91  1950.0  2  1
 2   4  2443498.47293 1977 12 20.972930   677.89   -32.92  1950.0  2  1
 2   3  2443498.47293 1977 12 20.972930   419.38   -11.29  1950.0  2  1
 2   0  2443498.47293 1977 12 20.972930    67.61    -9.40  1950.0  2  1
 2   4  2443515.39222 1978 01  6.892219   803.88   -13.83  1950.0  2  1
 2   1  2443515.39222 1978 01  6.892219   171.48    -3.05  1950.0  2  1
 2   0  2443515.39222 1978 01  6.892219   239.90     1.85  1950.0  2  1
 2   4  2443528.28912 1978 01 19.789120   255.48    23.45  1950.0  2  1
 2   1  2443528.28912 1978 01 19.789120  -284.55     7.00  1950.0  2  1
 2   3  2443528.28912 1978 01 19.789120   114.08    -2.45  1950.0  2  1
 2   0  2443528.28912 1978 01 19.789120  -176.85     4.04  1950.0  2  1
 2   4  2443531.33657 1978 01 22.836570   391.21    -6.86  1950.0  2  1
 2   3  2443531.33657 1978 01 22.836570  -591.19    -5.27  1950.0  2  1
 2   0  2443531.33657 1978 01 22.836570  -227.99    -5.10  1950.0  2  1
 2   4  2443537.41109 1978 01 28.911090  -462.15   -23.54  1950.0  2  1
 2   3  2443537.41109 1978 01 28.911090  -178.50   -17.57  1950.0  2  1
 2   0  2443537.41109 1978 01 28.911090    97.50    -5.60  1950.0  2  1
 2   4  2443537.41338 1978 01 28.913380  -463.10   -23.26  1950.0  2  1
 2   3  2443537.41338 1978 01 28.913380  -180.01   -17.55  1950.0  2  1
 2   4  2443540.32524 1978 01 31.825240  -319.81     8.88  1950.0  2  1
 2   1  2443540.32524 1978 01 31.825240   102.99     0.09  1950.0  2  1
 2   3  2443540.32524 1978 01 31.825240   329.63    17.34  1950.0  2  1
 2   0  2443540.32524 1978 01 31.825240   230.73     4.34  1950.0  2  1
 2   4  2443545.24391 1978 02  5.743906   298.88    12.84  1950.0  2  1
 2   1  2443545.24391 1978 02  5.743906  -131.28   -13.09  1950.0  2  1
 2   3  2443545.24391 1978 02  5.743906  -527.76   -15.93  1950.0  2  1
 2   0  2443545.24391 1978 02  5.743906  -170.28    -8.56  1950.0  2  1
 2   4  2443550.47537 1978 02 10.975370   336.01    -7.59  1950.0  2  1
 2   1  2443550.47537 1978 02 10.975370   221.34     6.22  1950.0  2  1
 2   3  2443550.47537 1978 02 10.975370   229.75    -0.96  1950.0  2  1
 2   0  2443550.47537 1978 02 10.975370   149.28     9.58  1950.0  2  1
 2   1  2443551.29092 1978 02 11.790920    88.69     2.15  1950.0  2  1
 2   3  2443551.29092 1978 02 11.790920    22.61   -13.42  1950.0  2  1
 2   0  2443551.29092 1978 02 11.790920   187.54     0.37  1950.0  2  1
 2   4  2443554.34241 1978 02 14.842410  -350.88   -11.04  1950.0  2  1
 2   1  2443554.34241 1978 02 14.842410   132.06     1.99  1950.0  2  1
 2   0  2443554.34241 1978 02 14.842410   212.96     7.49  1950.0  2  1
 2   4  2443559.23576 1978 02 19.735760  -208.62     9.27  1950.0  2  1
 2   1  2443559.23576 1978 02 19.735760     1.05   -10.31  1950.0  2  1
 2   3  2443559.23576 1978 02 19.735760  -420.23   -19.24  1950.0  2  1
 2   0  2443559.23576 1978 02 19.735760  -100.91    -8.63  1950.0  2  1
 2   4  2443561.21685 1978 02 21.716850   493.29    32.05  1950.0  2  1
 2   3  2443561.21685 1978 02 21.716850    92.63    18.65  1950.0  2  1
 2   0  2443561.21685 1978 02 21.716850   167.70     9.26  1950.0  2  1
 2   4  2443562.40221 1978 02 22.902210   551.72    13.02  1950.0  2  1
 2   1  2443562.40221 1978 02 22.902210   153.10    -1.97  1950.0  2  1
 2   3  2443562.40221 1978 02 22.902210  -291.80     5.94  1950.0  2  1
 2   0  2443562.40221 1978 02 22.902210    41.90    -6.03  1950.0  2  1
 2   4  2443563.25685 1978 02 23.756850   375.42     8.30  1950.0  2  1
 2   1  2443563.25685 1978 02 23.756850  -307.14   -11.10  1950.0  2  1
 2   3  2443563.25685 1978 02 23.756850   135.31    -0.23  1950.0  2  1
 2   0  2443563.25685 1978 02 23.756850  -204.99    -6.59  1950.0  2  1
 2   4  2443588.25085 1978 03 20.750850  -733.93   -11.61  1950.0  2  1
 2   1  2443588.25085 1978 03 20.750850  -318.52    -3.19  1950.0  2  1
 2   3  2443588.25085 1978 03 20.750850  -508.92    -6.34  1950.0  2  1
 2   0  2443588.25085 1978 03 20.750850  -194.72    -3.09  1950.0  2  1
 2   1  2443589.31358 1978 03 21.813580   155.04     5.15  1950.0  2  1
 2   3  2443589.31358 1978 03 21.813580  -145.02    13.21  1950.0  2  1
 2   0  2443589.31358 1978 03 21.813580    59.98     7.36  1950.0  2  1
 2   1  2443590.26412 1978 03 22.764120   110.39     2.87  1950.0  2  1
 2   3  2443590.26412 1978 03 22.764120   223.80    10.25  1950.0  2  1
 2   0  2443590.26412 1978 03 22.764120   183.88    -0.04  1950.0  2  1
 2   4  2443591.26521 1978 03 23.765210  -466.63     4.38  1950.0  2  1
 2   1  2443591.26521 1978 03 23.765210   -77.00   -10.87  1950.0  2  1
 2   3  2443591.26521 1978 03 23.765210   157.23     0.25  1950.0  2  1
 2   0  2443591.26521 1978 03 23.765210  -106.23    -6.77  1950.0  2  1
 2   4  2443594.27014 1978 03 26.770140   293.44    11.71  1950.0  2  1
 2   1  2443594.27014 1978 03 26.770140   178.53    -3.06  1950.0  2  1
 2   3  2443594.27014 1978 03 26.770140   -71.89   -14.22  1950.0  2  1
 2   0  2443594.27014 1978 03 26.770140    74.72    -5.21  1950.0  2  1
 2   1  2453069.52946 2004 03  5.029456   -29.34    17.75  2000.0  1  2
 2   3  2453074.47113 2004 03  9.971128   -40.67    23.32  2000.0  1  2
 2   4  2453075.43623 2004 03 10.936233    -5.98   -19.04  2000.0  1  2
 2   3  2453075.43623 2004 03 10.936233   -10.61    10.00  2000.0  1  2
 2   1  2453084.43637 2004 03 19.936373   -20.88    11.96  2000.0  1  2
 2   3  2453103.39066 2004 04  7.890655     9.12    -1.13  2000.0  1  2
 2   1  2453133.33859 2004 05  7.838590    25.99    -9.91  2000.0  1  2
 3   4  2442271.43995 1974 08 11.939950   489.33   229.96  1950.0  2  1
 3   4  2442281.48480 1974 08 21.984800  -785.67  -362.01  1950.0  2  1
 3   4  2442292.42065 1974 09  1.920651   663.01   283.52  1950.0  2  1
 3   4  2442292.43346 1974 09  1.933463   658.05   281.02  1950.0  2  1
 3   4  2442300.45627 1974 09  9.956273  -581.78  -265.95  1950.0  2  1
 3   4  2442302.41879 1974 09 11.918790  -485.07  -198.52  1950.0  2  1
 3   4  2442312.34790 1974 09 21.847900   128.00    43.10  1950.0  2  1
 3   4  2442421.15364 1975 01  8.653642   309.91   148.85  1950.0  2  1
 3   4  2442422.14108 1975 01  9.641078   241.40   114.13  1950.0  2  1
 3   4  2442632.45708 1975 08  7.957083  -615.36  -326.57  1950.0  2  1
 3   4  2442634.45371 1975 08  9.953712  -357.91  -140.47  1950.0  2  1
 3   4  2442638.49612 1975 08 13.996120  -366.25  -131.48  1950.0  2  1
 3   4  2442646.45839 1975 08 21.958390  -139.74   -87.75  1950.0  2  1
 3   4  2442661.55852 1975 09  6.058517   239.60    95.38  1950.0  2  1
 3   4  2442662.53239 1975 09  7.032387   342.99   135.15  1950.0  2  1
 3   4  2442664.44129 1975 09  8.941286   208.04    48.29  1950.0  2  1
 3   4  2442665.49174 1975 09  9.991737  -199.34  -133.33  1950.0  2  1
 3   4  2442666.44828 1975 09 10.948280  -621.28  -303.74  1950.0  2  1
 3   4  2442667.41065 1975 09 11.910650  -886.11  -391.96  1950.0  2  1
 3   4  2442668.48289 1975 09 12.982890  -840.18  -340.70  1950.0  2  1
 3   4  2442674.47979 1975 09 18.979790   113.51    67.41  1950.0  2  1
 3   4  2442680.43981 1975 09 24.939810   -44.93   -76.50  1950.0  2  1
 3   4  2442682.40944 1975 09 26.909440  -703.38  -324.31  1950.0  2  1
 3   4  2442683.36622 1975 09 27.866220  -643.74  -277.00  1950.0  2  1
 3   4  2442686.45141 1975 09 30.951410  -238.87   -95.26  1950.0  2  1
 3   4  2442690.40993 1975 10  4.909930   177.92  -110.39  1950.0  2  1
 3   4  2442691.38594 1975 10  5.885935   621.92   311.92  1950.0  2  1
 3   4  2442696.36253 1975 10 10.862530  -165.67  -105.91  1950.0  2  1
 3   4  2442697.43812 1975 10 11.938120  -241.83  -125.06  1950.0  2  1
 3   4  2442712.46978 1975 10 26.969780   318.20   129.67  1950.0  2  1
 3   4  2442713.37999 1975 10 27.879990   349.79   131.96  1950.0  2  1
 3   4  2442717.41310 1975 10 31.913100  -911.32  -417.46  1950.0  2  1
 3   4  2442719.31491 1975 11  2.814912  -551.48  -209.10  1950.0  2  1
 3   4  2442728.37047 1975 11 11.870470   720.08   299.37  1950.0  2  1
 3   4  2442771.22351 1975 12 24.723510   130.30    85.61  1950.0  2  1
 3   4  2442775.29015 1975 12 28.790150   201.90   106.05  1950.0  2  1
 3   4  2442776.14355 1975 12 29.643550   373.49   183.29  1950.0  2  1
 3   4  2442819.18132 1976 02 10.681320  -523.44  -108.65  1950.0  2  1
 3   4  2442821.18031 1976 02 12.680310    43.60    42.83  1950.0  2  1
 3   4  2442822.18208 1976 02 13.682080   165.35    87.62  1950.0  2  1
 3   4  2442829.18429 1976 02 20.684290   465.63   176.89  1950.0  2  1
 3   4  2443019.51943 1976 08 29.019430  -827.92  -171.61  1950.0  2  1
 3   1  2443019.51943 1976 08 29.019430  -190.72   -36.86  1950.0  2  1
 3   2  2443019.51943 1976 08 29.019430  -115.55   -10.74  1950.0  2  1
 3   4  2443027.48380 1976 09  5.983797   380.93   106.42  1950.0  2  1
 3   1  2443027.48380 1976 09  5.983797  -232.38   -26.44  1950.0  2  1
 3   2  2443027.48380 1976 09  5.983797   -23.94     2.89  1950.0  2  1
 3   4  2443030.50548 1976 09  9.005481   700.98   110.64  1950.0  2  1
 3   1  2443030.50548 1976 09  9.005481   467.44    24.81  1950.0  2  1
 3   2  2443030.50548 1976 09  9.005481  -233.53    84.53  1950.0  2  1
 3   4  2443039.43529 1976 09 17.935290  -577.63  -104.66  1950.0  2  1
 3   1  2443039.43529 1976 09 17.935290  -294.07   -79.05  1950.0  2  1
 3   2  2443039.43529 1976 09 17.935290  -415.19   -97.05  1950.0  2  1
 3   4  2443041.49502 1976 09 19.995020  -155.18    15.38  1950.0  2  1
 3   1  2443041.49502 1976 09 19.995020  -348.84   -54.12  1950.0  2  1
 3   2  2443041.49502 1976 09 19.995020   -47.77    -1.20  1950.0  2  1
 3   4  2443042.58602 1976 09 21.086020   385.51   123.37  1950.0  2  1
 3   1  2443042.58602 1976 09 21.086020   171.50    45.69  1950.0  2  1
 3   2  2443042.58602 1976 09 21.086020   -94.02    -7.80  1950.0  2  1
 3   4  2443048.53996 1976 09 27.039960   -32.77   -24.73  1950.0  2  1
 3   1  2443048.53996 1976 09 27.039960  -383.31   -63.19  1950.0  2  1
 3   2  2443048.53996 1976 09 27.039960   -61.13    -3.92  1950.0  2  1
 3   4  2443049.50814 1976 09 28.008140    23.32   -11.08  1950.0  2  1
 3   1  2443049.50814 1976 09 28.008140   150.56    46.30  1950.0  2  1
 3   2  2443049.50814 1976 09 28.008140  -119.95   -14.43  1950.0  2  1
 3   4  2443092.48732 1976 11  9.987322  -558.76   141.92  1950.0  2  1
 3   1  2443092.48732 1976 11  9.987322   -31.65     6.89  1950.0  2  1
 3   2  2443092.48732 1976 11  9.987322  -167.40   -21.09  1950.0  2  1
 3   4  2443133.43483 1976 12 20.934830  -563.12  -177.62  1950.0  2  1
 3   1  2443133.43483 1976 12 20.934830  -491.13  -125.65  1950.0  2  1
 3   2  2443133.43483 1976 12 20.934830  -135.06   -33.97  1950.0  2  1
 3   4  2443187.24990 1977 02 12.749900  -233.59   -59.41  1950.0  2  1
 3   1  2443187.24990 1977 02 12.749900   404.25   104.31  1950.0  2  1
 3   2  2443187.24990 1977 02 12.749900   379.38    88.47  1950.0  2  1
 3   4  2443188.22712 1977 02 13.727120  -320.65   -82.88  1950.0  2  1
 3   1  2443188.22712 1977 02 13.727120    22.34    -7.15  1950.0  2  1
 3   2  2443188.22712 1977 02 13.727120   -38.45   -26.58  1950.0  2  1
 3   4  2443189.29992 1977 02 14.799920  -452.44    10.46  1950.0  2  1
 3   1  2443189.29992 1977 02 14.799920   -35.87   -26.07  1950.0  2  1
 3   4  2443204.24954 1977 03  1.749538  -733.74  -182.97  1950.0  2  1
 3   1  2443204.24954 1977 03  1.749538  -348.19   -92.02  1950.0  2  1
 3   2  2443204.24954 1977 03  1.749538   831.45   -21.38  1950.0  2  1
 3   4  2443206.24067 1977 03  3.740666  -396.30   -64.90  1950.0  2  1
 3   1  2443206.24067 1977 03  3.740666  -168.87   -24.09  1950.0  2  1
 3   2  2443206.24067 1977 03  3.740666  -294.15   -60.56  1950.0  2  1
 3   4  2443209.26335 1977 03  6.763352   478.89   128.38  1950.0  2  1
 3   1  2443209.26335 1977 03  6.763352   144.07    23.04  1950.0  2  1
 3   2  2443209.26335 1977 03  6.763352   107.19    11.10  1950.0  2  1
 3   4  2443394.53450 1977 09  8.034500   510.75     6.45  1950.0  2  1
 3   1  2443394.53450 1977 09  8.034500   360.05    -5.29  1950.0  2  1
 3   2  2443394.53450 1977 09  8.034500    70.95     0.09  1950.0  2  1
 3   4  2443395.49657 1977 09  8.996566   709.18   -13.79  1950.0  2  1
 3   1  2443395.49657 1977 09  8.996566   180.41    -6.68  1950.0  2  1
 3   2  2443395.49657 1977 09  8.996566   241.03    -3.36  1950.0  2  1
 3   4  2443395.56300 1977 09  9.063002   714.60   -14.81  1950.0  2  1
 3   1  2443395.56300 1977 09  9.063002   186.56    -6.99  1950.0  2  1
 3   2  2443395.56300 1977 09  9.063002   259.39    -3.95  1950.0  2  1
 3   0  2443395.56300 1977 09  9.063002   292.23   -12.29  1950.0  2  1
 3   1  2443426.57087 1977 10 10.070870  -119.00    -5.48  1950.0  2  1
 3   2  2443426.57087 1977 10 10.070870  -420.39    10.48  1950.0  2  1
 3   1  2443426.58261 1977 10 10.082610  -125.23    -6.02  1950.0  2  1
 3   1  2443426.58400 1977 10 10.084000  -125.50    -5.84  1950.0  2  1
 3   0  2443426.58400 1977 10 10.084000  -228.19     3.68  1950.0  2  1
 3   1  2443426.58746 1977 10 10.087460  -127.68    -5.13  1950.0  2  1
 3   2  2443426.58746 1977 10 10.087460  -426.33    11.75  1950.0  2  1
 3   0  2443426.58746 1977 10 10.087460  -229.66     3.90  1950.0  2  1
 3   4  2443444.43726 1977 10 27.937260   480.12     2.12  1950.0  2  1
 3   2  2443444.43726 1977 10 27.937260    13.70     6.58  1950.0  2  1
 3   0  2443444.45734 1977 10 27.957340   235.09    -4.23  1950.0  2  1
 3   2  2443444.46150 1977 10 27.961500    17.85     6.42  1950.0  2  1
 3   0  2443444.46150 1977 10 27.961500   236.87    -4.59  1950.0  2  1
 3   1  2443476.61716 1977 11 29.117160  -375.38     2.61  1950.0  2  1
 3   2  2443476.61716 1977 11 29.117160  -487.41    11.79  1950.0  2  1
 3   0  2443476.61716 1977 11 29.117160  -257.81     0.91  1950.0  2  1
 3   4  2443480.44418 1977 12  2.944180   976.15   -27.57  1950.0  2  1
 3   1  2443480.44418 1977 12  2.944180   174.45     3.36  1950.0  2  1
 3   2  2443480.44418 1977 12  2.944180   142.74     7.67  1950.0  2  1
 3   0  2443480.44418 1977 12  2.944180   313.94    -4.15  1950.0  2  1
 3   4  2443480.46461 1977 12  2.964610   980.46   -30.30  1950.0  2  1
 3   1  2443480.46461 1977 12  2.964610   182.37     2.99  1950.0  2  1
 3   2  2443480.46461 1977 12  2.964610   152.72     7.14  1950.0  2  1
 3   4  2443481.48096 1977 12  3.980963  1001.31   -48.65  1950.0  2  1
 3   0  2443481.48096 1977 12  3.980963   362.30   -17.55  1950.0  2  1
 3   4  2443481.48131 1977 12  3.981310  1002.12   -49.12  1950.0  2  1
 3   0  2443481.48131 1977 12  3.981310   363.18   -18.08  1950.0  2  1
 3   4  2443496.43855 1977 12 18.938550   872.41   -23.13  1950.0  2  1
 3   1  2443496.43855 1977 12 18.938550   115.19    -9.33  1950.0  2  1
 3   2  2443496.43855 1977 12 18.938550   396.74   -25.55  1950.0  2  1
 3   0  2443496.43855 1977 12 18.938550   235.16   -15.64  1950.0  2  1
 3   4  2443498.47293 1977 12 20.972930   258.51   -21.63  1950.0  2  1
 3   2  2443498.47293 1977 12 20.972930  -419.38    11.29  1950.0  2  1
 3   0  2443498.47293 1977 12 20.972930  -351.78     1.89  1950.0  2  1
 3   4  2443528.28912 1978 01 19.789120   141.41    25.90  1950.0  2  1
 3   1  2443528.28912 1978 01 19.789120  -398.63     9.45  1950.0  2  1
 3   2  2443528.28912 1978 01 19.789120  -114.08     2.45  1950.0  2  1
 3   0  2443528.28912 1978 01 19.789120  -290.93     6.49  1950.0  2  1
 3   4  2443531.33657 1978 01 22.836570   982.41    -1.59  1950.0  2  1
 3   1  2443531.33657 1978 01 22.836570   283.29    -4.17  1950.0  2  1
 3   2  2443531.33657 1978 01 22.836570   591.19     5.27  1950.0  2  1
 3   0  2443531.33657 1978 01 22.836570   363.21     0.17  1950.0  2  1
 3   4  2443537.41109 1978 01 28.911090  -283.65    -5.97  1950.0  2  1
 3   2  2443537.41109 1978 01 28.911090   178.50    17.57  1950.0  2  1
 3   0  2443537.41109 1978 01 28.911090   276.09    11.97  1950.0  2  1
 3   4  2443537.41338 1978 01 28.913380  -283.08    -5.71  1950.0  2  1
 3   2  2443537.41338 1978 01 28.913380   180.01    17.55  1950.0  2  1
 3   4  2443539.34285 1978 01 30.842850  -433.71   -11.44  1950.0  2  1
 3   0  2443539.34285 1978 01 30.842850  -695.75    -7.22  1950.0  2  1
 3   4  2443540.32524 1978 01 31.825240  -649.44    -8.46  1950.0  2  1
 3   1  2443540.32524 1978 01 31.825240  -226.63   -17.25  1950.0  2  1
 3   2  2443540.32524 1978 01 31.825240  -329.63   -17.34  1950.0  2  1
 3   1  2443540.32524 1978 01 31.825240   -98.89   -13.00  1950.0  2  1
 3   4  2443545.24391 1978 02  5.743906   826.63    28.77  1950.0  2  1
 3   1  2443545.24391 1978 02  5.743906   396.48     2.84  1950.0  2  1
 3   2  2443545.24391 1978 02  5.743906   527.76    15.93  1950.0  2  1
 3   0  2443545.24391 1978 02  5.743906   357.48     7.37  1950.0  2  1
 3   4  2443550.47537 1978 02 10.975370   106.26    -6.63  1950.0  2  1
 3   1  2443550.47537 1978 02 10.975370    -8.41     7.18  1950.0  2  1
 3   2  2443550.47537 1978 02 10.975370  -229.75     0.96  1950.0  2  1
 3   0  2443550.47537 1978 02 10.975370   -80.47    10.54  1950.0  2  1
 3   1  2443551.29092 1978 02 11.790920   143.72    15.03  1950.0  2  1
 3   2  2443551.29092 1978 02 11.790920   -22.61    13.42  1950.0  2  1
 3   0  2443551.29092 1978 02 11.790920   179.94    13.79  1950.0  2  1
 3   4  2443559.23576 1978 02 19.735760   211.60    28.51  1950.0  2  1
 3   1  2443559.23576 1978 02 19.735760   421.27     8.93  1950.0  2  1
 3   2  2443559.23576 1978 02 19.735760   420.23    19.24  1950.0  2  1
 3   0  2443559.23576 1978 02 19.735760   319.32    10.61  1950.0  2  1
 3   4  2443561.21685 1978 02 21.716850   400.67    13.40  1950.0  2  1
 3   2  2443561.21685 1978 02 21.716850   -92.63   -18.65  1950.0  2  1
 3   0  2443561.21685 1978 02 21.716850    75.08    -9.39  1950.0  2  1
 3   4  2443562.40221 1978 02 22.902210   259.92     7.08  1950.0  2  1
 3   1  2443562.40221 1978 02 22.902210   -66.98    15.42  1950.0  2  1
 3   2  2443562.40221 1978 02 22.902210   291.80    -5.94  1950.0  2  1
 3   0  2443562.40221 1978 02 22.902210  -249.75   -11.97  1950.0  2  1
 3   4  2443563.25685 1978 02 23.756850   240.10     8.53  1950.0  2  1
 3   1  2443563.25685 1978 02 23.756850  -442.45   -10.87  1950.0  2  1
 3   2  2443563.25685 1978 02 23.756850  -135.31     0.23  1950.0  2  1
 3   0  2443563.25685 1978 02 23.756850  -340.31    -6.36  1950.0  2  1
 3   4  2443588.25085 1978 03 20.750850  -225.01    -5.27  1950.0  2  1
 3   2  2443588.25085 1978 03 20.750850   508.92     6.34  1950.0  2  1
 3   0  2443588.25085 1978 03 20.750850   314.20     3.25  1950.0  2  1
 3   1  2443589.31358 1978 03 21.813580   300.06    -8.06  1950.0  2  1
 3   2  2443589.31358 1978 03 21.813580   145.02   -13.21  1950.0  2  1
 3   0  2443589.31358 1978 03 21.813580   205.00    -5.85  1950.0  2  1
 3   1  2443590.26412 1978 03 22.764120  -113.42    -7.38  1950.0  2  1
 3   2  2443590.26412 1978 03 22.764120  -223.80   -10.25  1950.0  2  1
 3   0  2443590.26412 1978 03 22.764120   -39.55   -10.28  1950.0  2  1
 3   4  2443591.26521 1978 03 23.765210  -623.87     4.13  1950.0  2  1
 3   1  2443591.26521 1978 03 23.765210  -234.22   -11.12  1950.0  2  1
 3   2  2443591.26521 1978 03 23.765210  -157.23    -0.25  1950.0  2  1
 3   0  2443591.26521 1978 03 23.765210  -263.46    -7.02  1950.0  2  1
 3   4  2443594.27014 1978 03 26.770140   365.34    25.93  1950.0  2  1
 3   1  2443594.27014 1978 03 26.770140   250.43    11.16  1950.0  2  1
 3   2  2443594.27014 1978 03 26.770140    71.89    14.22  1950.0  2  1
 3   0  2443594.27014 1978 03 26.770140   146.61     9.02  1950.0  2  1
 3   4  2453069.51043 2004 03  5.010428   -37.03    28.86  2000.0  1  2
 3   2  2453074.47113 2004 03  9.971128    40.67   -23.32  2000.0  1  2
 3   2  2453075.43623 2004 03 10.936233    10.61   -10.00  2000.0  1  2
 3   4  2453075.43623 2004 03 10.936233     4.63   -29.04  2000.0  1  2
 3   4  2453093.36425 2004 03 28.864252    15.40   -14.81  2000.0  1  2
 3   1  2453093.36425 2004 03 28.864252   -25.01    20.19  2000.0  1  2
 3   1  2453100.36148 2004 04  4.861479    14.18     1.37  2000.0  1  2
 3   4  2453100.36148 2004 04  4.861479    -2.10    25.23  2000.0  1  2
 3   2  2453103.39066 2004 04  7.890655    -9.12     1.13  2000.0  1  2
 4   1  2442271.43995 1974 08 11.939950  -362.72  -175.92  1950.0  2  1
 4   2  2442271.43995 1974 08 11.939950  -407.66  -188.30  1950.0  2  1
 4   3  2442271.43995 1974 08 11.939950  -489.33  -229.96  1950.0  2  1
 4   1  2442281.48480 1974 08 21.984800   627.27   293.44  1950.0  2  1
 4   2  2442281.48480 1974 08 21.984800   480.55   223.60  1950.0  2  1
 4   3  2442281.48480 1974 08 21.984800   785.67   362.01  1950.0  2  1
 4   1  2442292.42065 1974 09  1.920651  -546.78  -243.59  1950.0  2  1
 4   2  2442292.42065 1974 09  1.920651  -638.81  -284.91  1950.0  2  1
 4   3  2442292.42065 1974 09  1.920651  -663.01  -283.52  1950.0  2  1
 4   1  2442292.43346 1974 09  1.933463  -550.10  -244.75  1950.0  2  1
 4   2  2442292.43346 1974 09  1.933463  -640.18  -285.20  1950.0  2  1
 4   3  2442292.43346 1974 09  1.933463  -658.05  -281.02  1950.0  2  1
 4   1  2442300.45627 1974 09  9.956273   608.80   271.11  1950.0  2  1
 4   2  2442300.45627 1974 09  9.956273   382.38   169.89  1950.0  2  1
 4   3  2442300.45627 1974 09  9.956273   581.78   265.95  1950.0  2  1
 4   1  2442302.41879 1974 09 11.918790   304.13   120.80  1950.0  2  1
 4   2  2442302.41879 1974 09 11.918790   376.64    79.54  1950.0  2  1
 4   3  2442302.41879 1974 09 11.918790   485.07   198.52  1950.0  2  1
 4   1  2442312.34790 1974 09 21.847900    89.05    59.92  1950.0  2  1
 4   2  2442312.34790 1974 09 21.847900   399.46   196.82  1950.0  2  1
 4   3  2442312.34790 1974 09 21.847900  -128.00   -43.10  1950.0  2  1
 4   1  2442421.15364 1975 01  8.653642   -79.74   -49.44  1950.0  2  1
 4   2  2442421.15364 1975 01  8.653642  -265.72  -131.03  1950.0  2  1
 4   3  2442421.15364 1975 01  8.653642  -309.91  -148.85  1950.0  2  1
 4   1  2442422.14108 1975 01  9.641078  -349.19  -168.04  1950.0  2  1
 4   2  2442422.14108 1975 01  9.641078  -162.85   -83.03  1950.0  2  1
 4   3  2442422.14108 1975 01  9.641078  -241.40  -114.13  1950.0  2  1
 4   1  2442632.45708 1975 08  7.957083   236.93   170.61  1950.0  2  1
 4   2  2442632.45708 1975 08  7.957083   528.12   296.07  1950.0  2  1
 4   3  2442632.45708 1975 08  7.957083   615.36   326.57  1950.0  2  1
 4   1  2442634.45371 1975 08  9.953712   419.63   183.35  1950.0  2  1
 4   2  2442634.45371 1975 08  9.953712   366.51   163.49  1950.0  2  1
 4   3  2442634.45371 1975 08  9.953712   357.91   140.47  1950.0  2  1
 4   1  2442638.49612 1975 08 13.996120   167.81    45.23  1950.0  2  1
 4   2  2442638.49612 1975 08 13.996120    66.07     5.83  1950.0  2  1
 4   3  2442638.49612 1975 08 13.996120   366.25   131.48  1950.0  2  1
 4   1  2442646.45839 1975 08 21.958390  -235.50    25.54  1950.0  2  1
 4   2  2442646.45839 1975 08 21.958390    19.86    42.80  1950.0  2  1
 4   3  2442646.45839 1975 08 21.958390   139.74    87.75  1950.0  2  1
 4   2  2442661.55852 1975 09  6.058517  -355.14  -124.52  1950.0  2  1
 4   3  2442661.55852 1975 09  6.058517  -239.60   -95.38  1950.0  2  1
 4   1  2442662.53239 1975 09  7.032387  -407.57   -27.28  1950.0  2  1
 4   2  2442662.53239 1975 09  7.032387  -499.94    63.38  1950.0  2  1
 4   3  2442662.53239 1975 09  7.032387  -342.99  -135.15  1950.0  2  1
 4   1  2442664.44129 1975 09  8.941286   -19.27    27.10  1950.0  2  1
 4   2  2442664.44129 1975 09  8.941286   310.79   165.56  1950.0  2  1
 4   3  2442664.44129 1975 09  8.941286  -208.04   -48.29  1950.0  2  1
 4   1  2442665.49174 1975 09  9.991737   427.95   207.19  1950.0  2  1
 4   2  2442665.49174 1975 09  9.991737   223.06   114.72  1950.0  2  1
 4   3  2442665.49174 1975 09  9.991737   199.34   133.33  1950.0  2  1
 4   1  2442666.44828 1975 09 10.948280   333.64   190.28  1950.0  2  1
 4   2  2442666.44828 1975 09 10.948280   301.50   155.63  1950.0  2  1
 4   3  2442666.44828 1975 09 10.948280   621.28   303.74  1950.0  2  1
 4   1  2442667.41065 1975 09 11.910650   617.85   264.67  1950.0  2  1
 4   2  2442667.41065 1975 09 11.910650   703.09   317.49  1950.0  2  1
 4   3  2442667.41065 1975 09 11.910650   886.11   391.96  1950.0  2  1
 4   1  2442668.48289 1975 09 12.982890   617.68   266.52  1950.0  2  1
 4   2  2442668.48289 1975 09 12.982890   679.16   274.76  1950.0  2  1
 4   3  2442668.48289 1975 09 12.982890   840.18   340.70  1950.0  2  1
 4   1  2442669.49825 1975 09 13.998250   424.60   156.52  1950.0  2  1
 4   2  2442669.49825 1975 09 13.998250   308.76   110.23  1950.0  2  1
 4   1  2442674.47979 1975 09 18.979790  -377.84  -194.96  1950.0  2  1
 4   2  2442674.47979 1975 09 18.979790  -300.50  -144.95  1950.0  2  1
 4   3  2442674.47979 1975 09 18.979790  -113.51   -67.41  1950.0  2  1
 4   1  2442680.43981 1975 09 24.939810  -149.93   -24.79  1950.0  2  1
 4   2  2442680.43981 1975 09 24.939810  -232.37   -60.39  1950.0  2  1
 4   3  2442680.43981 1975 09 24.939810    44.93    76.50  1950.0  2  1
 4   1  2442682.40944 1975 09 26.909440   322.82   175.19  1950.0  2  1
 4   2  2442682.40944 1975 09 26.909440   559.45   263.60  1950.0  2  1
 4   3  2442682.40944 1975 09 26.909440   703.38   324.31  1950.0  2  1
 4   1  2442683.36622 1975 09 27.866220   558.69   250.94  1950.0  2  1
 4   2  2442683.36622 1975 09 27.866220   379.98   173.58  1950.0  2  1
 4   3  2442683.36622 1975 09 27.866220   643.74   277.00  1950.0  2  1
 4   1  2442686.45141 1975 09 30.951410   608.97   243.78  1950.0  2  1
 4   3  2442686.45141 1975 09 30.951410   238.87    95.26  1950.0  2  1
 4   1  2442690.40993 1975 10  4.909930  -276.09  -159.97  1950.0  2  1
 4   2  2442690.40993 1975 10  4.909930  -454.12   201.00  1950.0  2  1
 4   3  2442690.40993 1975 10  4.909930  -177.92   110.39  1950.0  2  1
 4   2  2442691.38594 1975 10  5.885935  -636.32  -295.03  1950.0  2  1
 4   3  2442691.38594 1975 10  5.885935  -621.92  -311.92  1950.0  2  1
 4   1  2442696.36253 1975 10 10.862530  -298.81   -92.71  1950.0  2  1
 4   2  2442696.36253 1975 10 10.862530    33.60    47.61  1950.0  2  1
 4   3  2442696.36253 1975 10 10.862530   165.67   105.91  1950.0  2  1
 4   1  2442697.43812 1975 10 11.938120   134.26    87.94  1950.0  2  1
 4   2  2442697.43812 1975 10 11.938120   -42.59     7.62  1950.0  2  1
 4   3  2442697.43812 1975 10 11.938120   241.83   125.06  1950.0  2  1
 4   1  2442712.46978 1975 10 26.969780  -335.40  -110.14  1950.0  2  1
 4   2  2442712.46978 1975 10 26.969780  -466.53  -171.35  1950.0  2  1
 4   3  2442712.46978 1975 10 26.969780  -318.20  -129.67  1950.0  2  1
 4   1  2442713.37999 1975 10 27.879990   -25.45    16.28  1950.0  2  1
 4   2  2442713.37999 1975 10 27.879990    18.71    53.51  1950.0  2  1
 4   3  2442713.37999 1975 10 27.879990  -349.79  -131.96  1950.0  2  1
 4   1  2442717.41310 1975 10 31.913100   454.84   207.12  1950.0  2  1
 4   2  2442717.41310 1975 10 31.913100   787.66   360.30  1950.0  2  1
 4   3  2442717.41310 1975 10 31.913100   911.32   417.46  1950.0  2  1
 4   1  2442719.31491 1975 11  2.814912   383.30   155.43  1950.0  2  1
 4   2  2442719.31491 1975 11  2.814912   298.34   115.26  1950.0  2  1
 4   3  2442719.31491 1975 11  2.814912   551.48   209.10  1950.0  2  1
 4   1  2442728.37047 1975 11 11.870470  -457.49  -174.47  1950.0  2  1
 4   2  2442728.37047 1975 11 11.870470  -199.55   -68.82  1950.0  2  1
 4   3  2442728.37047 1975 11 11.870470  -720.08  -299.37  1950.0  2  1
 4   1  2442771.22351 1975 12 24.723510   245.64    89.58  1950.0  2  1
 4   2  2442771.22351 1975 12 24.723510   285.25    97.16  1950.0  2  1
 4   3  2442771.22351 1975 12 24.723510  -130.30   -85.61  1950.0  2  1
 4   1  2442775.29015 1975 12 28.790150  -422.88  -206.29  1950.0  2  1
 4   3  2442775.29015 1975 12 28.790150  -201.90  -106.05  1950.0  2  1
 4   1  2442776.14355 1975 12 29.643550  -552.80  -245.59  1950.0  2  1
 4   2  2442776.14355 1975 12 29.643550  -677.29  -306.87  1950.0  2  1
 4   3  2442776.14355 1975 12 29.643550  -373.49  -183.29  1950.0  2  1
 4   1  2442814.16953 1976 02  5.669534    95.46    60.79  1950.0  2  1
 4   2  2442814.16953 1976 02  5.669534    81.14    51.75  1950.0  2  1
 4   1  2442819.18132 1976 02 10.681320   511.81   115.96  1950.0  2  1
 4   2  2442819.18132 1976 02 10.681320   293.22   -36.30  1950.0  2  1
 4   3  2442819.18132 1976 02 10.681320   523.44   108.65  1950.0  2  1
 4   1  2442821.18031 1976 02 12.680310   274.33    95.41  1950.0  2  1
 4   2  2442821.18031 1976 02 12.680310   268.85    90.16  1950.0  2  1
 4   3  2442821.18031 1976 02 12.680310   -43.60   -42.83  1950.0  2  1
 4   1  2442822.18208 1976 02 13.682080    -5.70   -20.63  1950.0  2  1
 4   2  2442822.18208 1976 02 13.682080  -109.06   -72.56  1950.0  2  1
 4   3  2442822.18208 1976 02 13.682080  -165.35   -87.62  1950.0  2  1
 4   1  2442829.18429 1976 02 20.684290  -311.56  -112.25  1950.0  2  1
 4   2  2442829.18429 1976 02 20.684290  -378.95  -148.61  1950.0  2  1
 4   3  2442829.18429 1976 02 20.684290  -465.63  -176.89  1950.0  2  1
 4   1  2443019.51943 1976 08 29.019430   637.20   134.75  1950.0  2  1
 4   2  2443019.51943 1976 08 29.019430   712.38   160.87  1950.0  2  1
 4   3  2443019.51943 1976 08 29.019430   827.92   171.61  1950.0  2  1
 4   1  2443027.48380 1976 09  5.983797  -613.30  -132.86  1950.0  2  1
 4   2  2443027.48380 1976 09  5.983797  -404.87  -103.53  1950.0  2  1
 4   3  2443027.48380 1976 09  5.983797  -380.93  -106.42  1950.0  2  1
 4   1  2443030.50548 1976 09  9.005481  -493.21   -85.83  1950.0  2  1
 4   2  2443030.50548 1976 09  9.005481  -233.53   -26.11  1950.0  2  1
 4   3  2443030.50548 1976 09  9.005481  -700.98  -110.64  1950.0  2  1
 4   1  2443039.43529 1976 09 17.935290   283.56    25.61  1950.0  2  1
 4   2  2443039.43529 1976 09 17.935290   162.45     7.61  1950.0  2  1
 4   3  2443039.43529 1976 09 17.935290   577.63   104.66  1950.0  2  1
 4   1  2443041.49502 1976 09 19.995020  -193.66   -69.50  1950.0  2  1
 4   2  2443041.49502 1976 09 19.995020   107.40   -16.58  1950.0  2  1
 4   3  2443041.49502 1976 09 19.995020   155.18   -15.38  1950.0  2  1
 4   1  2443042.58602 1976 09 21.086020  -214.02   -77.68  1950.0  2  1
 4   2  2443042.58602 1976 09 21.086020  -479.54  -131.17  1950.0  2  1
 4   3  2443042.58602 1976 09 21.086020  -385.51  -123.37  1950.0  2  1
 4   1  2443048.53996 1976 09 27.039960  -350.54   -38.46  1950.0  2  1
 4   2  2443048.53996 1976 09 27.039960   -28.35    20.81  1950.0  2  1
 4   3  2443048.53996 1976 09 27.039960    32.77    24.73  1950.0  2  1
 4   1  2443049.50814 1976 09 28.008140   133.23    57.38  1950.0  2  1
 4   2  2443049.50814 1976 09 28.008140  -137.28     3.35  1950.0  2  1
 4   3  2443049.50814 1976 09 28.008140   -23.32    11.08  1950.0  2  1
 4   1  2443092.48732 1976 11  9.987322  -426.48  -135.03  1950.0  2  1
 4   2  2443092.48732 1976 11  9.987322  -562.23  -163.01  1950.0  2  1
 4   3  2443092.48732 1976 11  9.987322   558.76  -141.92  1950.0  2  1
 4   1  2443133.43483 1976 12 20.934830    71.98    51.97  1950.0  2  1
 4   2  2443133.43483 1976 12 20.934830   428.06   143.65  1950.0  2  1
 4   3  2443133.43483 1976 12 20.934830   563.12   177.62  1950.0  2  1
 4   1  2443187.24990 1977 02 12.749900   637.85   163.72  1950.0  2  1
 4   2  2443187.24990 1977 02 12.749900   612.98   147.88  1950.0  2  1
 4   3  2443187.24990 1977 02 12.749900   233.59    59.41  1950.0  2  1
 4   1  2443188.22712 1977 02 13.727120   342.99    75.73  1950.0  2  1
 4   2  2443188.22712 1977 02 13.727120   282.21    56.30  1950.0  2  1
 4   3  2443188.22712 1977 02 13.727120   320.65    82.88  1950.0  2  1
 4   1  2443189.29992 1977 02 14.799920   416.58   -36.53  1950.0  2  1
 4   3  2443189.29992 1977 02 14.799920   452.44   -10.46  1950.0  2  1
 4   1  2443204.24954 1977 03  1.749538   385.55    90.95  1950.0  2  1
 4   2  2443204.24954 1977 03  1.749538   665.19   161.59  1950.0  2  1
 4   3  2443204.24954 1977 03  1.749538   733.74   182.97  1950.0  2  1
 4   1  2443206.24067 1977 03  3.740666   227.43    40.81  1950.0  2  1
 4   2  2443206.24067 1977 03  3.740666   102.15     4.34  1950.0  2  1
 4   3  2443206.24067 1977 03  3.740666   396.30    64.90  1950.0  2  1
 4   1  2443209.26335 1977 03  6.763352  -334.81  -105.34  1950.0  2  1
 4   2  2443209.26335 1977 03  6.763352  -371.70  -117.28  1950.0  2  1
 4   3  2443209.26335 1977 03  6.763352  -478.89  -128.38  1950.0  2  1
 4   1  2443394.53450 1977 09  8.034500  -150.71   -11.74  1950.0  2  1
 4   2  2443394.53450 1977 09  8.034500  -439.80    -6.36  1950.0  2  1
 4   3  2443394.53450 1977 09  8.034500  -510.75    -6.45  1950.0  2  1
 4   1  2443395.49657 1977 09  8.996566  -528.78     7.11  1950.0  2  1
 4   2  2443395.49657 1977 09  8.996566  -468.15    10.43  1950.0  2  1
 4   3  2443395.49657 1977 09  8.996566  -709.18    13.79  1950.0  2  1
 4   1  2443395.56300 1977 09  9.063002  -528.04     7.82  1950.0  2  1
 4   2  2443395.56300 1977 09  9.063002  -455.20    10.86  1950.0  2  1
 4   3  2443395.56300 1977 09  9.063002  -714.60    14.81  1950.0  2  1
 4   0  2443395.56300 1977 09  9.063002  -422.37     2.52  1950.0  2  1
 4   2  2443444.43726 1977 10 27.937260  -466.43     4.46  1950.0  2  1
 4   3  2443444.43726 1977 10 27.937260  -480.12    -2.12  1950.0  2  1
 4   1  2443446.54626 1977 10 30.046260  -685.17    28.74  1950.0  2  1
 4   2  2443446.54626 1977 10 30.046260  -377.85    11.90  1950.0  2  1
 4   2  2443446.55507 1977 10 30.055070  -380.04    12.12  1950.0  2  1
 4   0  2443446.55507 1977 10 30.055070  -578.41    25.82  1950.0  2  1
 4   2  2443446.57013 1977 10 30.070130  -383.58    11.34  1950.0  2  1
 4   0  2443446.57013 1977 10 30.070130  -580.34    25.77  1950.0  2  1
 4   1  2443480.44418 1977 12  2.944180  -801.71    30.93  1950.0  2  1
 4   2  2443480.44418 1977 12  2.944180  -833.41    35.24  1950.0  2  1
 4   3  2443480.44418 1977 12  2.944180  -976.15    27.57  1950.0  2  1
 4   0  2443480.44418 1977 12  2.944180  -662.22    23.42  1950.0  2  1
 4   1  2443480.46461 1977 12  2.964610  -798.09    33.29  1950.0  2  1
 4   2  2443480.46461 1977 12  2.964610  -827.75    37.44  1950.0  2  1
 4   3  2443480.46461 1977 12  2.964610  -980.46    30.30  1950.0  2  1
 4   3  2443481.48096 1977 12  3.980963 -1001.31    48.65  1950.0  2  1
 4   0  2443481.48096 1977 12  3.980963  -639.01    31.10  1950.0  2  1
 4   3  2443481.48131 1977 12  3.981310 -1002.12    49.12  1950.0  2  1
 4   0  2443481.48131 1977 12  3.981310  -638.94    31.04  1950.0  2  1
 4   1  2443496.43855 1977 12 18.938550  -757.23    13.80  1950.0  2  1
 4   2  2443496.43855 1977 12 18.938550  -475.68    -2.42  1950.0  2  1
 4   3  2443496.43855 1977 12 18.938550  -872.41    23.13  1950.0  2  1
 4   0  2443496.43855 1977 12 18.938550  -642.66     7.49  1950.0  2  1
 4   2  2443498.47293 1977 12 20.972930  -677.89    32.92  1950.0  2  1
 4   3  2443498.47293 1977 12 20.972930  -258.51    21.63  1950.0  2  1
 4   0  2443498.47293 1977 12 20.972930  -610.29    23.52  1950.0  2  1
 4   1  2443515.39222 1978 01  6.892219  -632.40    10.78  1950.0  2  1
 4   2  2443515.39222 1978 01  6.892219  -803.88    13.83  1950.0  2  1
 4   0  2443515.39222 1978 01  6.892219  -563.96    15.67  1950.0  2  1
 4   1  2443528.28912 1978 01 19.789120  -540.03   -16.45  1950.0  2  1
 4   2  2443528.28912 1978 01 19.789120  -255.48   -23.45  1950.0  2  1
 4   3  2443528.28912 1978 01 19.789120  -141.41   -25.90  1950.0  2  1
 4   0  2443528.28912 1978 01 19.789120  -432.33   -19.41  1950.0  2  1
 4   1  2443531.33657 1978 01 22.836570  -699.12    -2.58  1950.0  2  1
 4   2  2443531.33657 1978 01 22.836570  -391.21     6.86  1950.0  2  1
 4   3  2443531.33657 1978 01 22.836570  -982.41     1.59  1950.0  2  1
 4   0  2443531.33657 1978 01 22.836570  -619.20     1.76  1950.0  2  1
 4   2  2443537.41109 1978 01 28.911090   462.15    23.54  1950.0  2  1
 4   3  2443537.41109 1978 01 28.911090   283.65     5.97  1950.0  2  1
 4   0  2443537.41109 1978 01 28.911090   559.74    17.94  1950.0  2  1
 4   2  2443537.41338 1978 01 28.913380   463.10    23.26  1950.0  2  1
 4   3  2443537.41338 1978 01 28.913380   283.08     5.71  1950.0  2  1
 4   1  2443539.34285 1978 01 30.842850   736.61     8.62  1950.0  2  1
 4   3  2443539.34285 1978 01 30.842850   433.71    11.44  1950.0  2  1
 4   1  2443539.34285 1978 01 30.842850   302.89    -2.82  1950.0  2  1
 4   0  2443539.34285 1978 01 30.842850   637.97     4.22  1950.0  2  1
 4   1  2443540.32524 1978 01 31.825240   422.81    -8.79  1950.0  2  1
 4   2  2443540.32524 1978 01 31.825240   319.81    -8.88  1950.0  2  1
 4   3  2443540.32524 1978 01 31.825240   649.44     8.46  1950.0  2  1
 4   0  2443540.32524 1978 01 31.825240   550.54    -4.54  1950.0  2  1
 4   1  2443545.24391 1978 02  5.743906  -430.15   -25.93  1950.0  2  1
 4   2  2443545.24391 1978 02  5.743906  -298.88   -12.84  1950.0  2  1
 4   3  2443545.24391 1978 02  5.743906  -826.63   -28.77  1950.0  2  1
 4   0  2443545.24391 1978 02  5.743906  -469.15   -21.40  1950.0  2  1
 4   1  2443550.47537 1978 02 10.975370  -114.67    13.81  1950.0  2  1
 4   2  2443550.47537 1978 02 10.975370  -336.01     7.59  1950.0  2  1
 4   3  2443550.47537 1978 02 10.975370  -106.26     6.63  1950.0  2  1
 4   0  2443550.47537 1978 02 10.975370  -186.74    17.17  1950.0  2  1
 4   1  2443554.34241 1978 02 14.842410   482.94    13.03  1950.0  2  1
 4   2  2443554.34241 1978 02 14.842410   350.88    11.04  1950.0  2  1
 4   0  2443554.34241 1978 02 14.842410   563.85    18.53  1950.0  2  1
 4   1  2443559.23576 1978 02 19.735760   209.67   -19.58  1950.0  2  1
 4   2  2443559.23576 1978 02 19.735760   208.62    -9.27  1950.0  2  1
 4   3  2443559.23576 1978 02 19.735760  -211.60   -28.51  1950.0  2  1
 4   0  2443559.23576 1978 02 19.735760   107.72   -17.94  1950.0  2  1
 4   2  2443561.21685 1978 02 21.716850  -493.29   -32.05  1950.0  2  1
 4   3  2443561.21685 1978 02 21.716850  -400.67   -13.40  1950.0  2  1
 4   0  2443561.21685 1978 02 21.716850  -325.59   -22.79  1950.0  2  1
 4   1  2443562.40221 1978 02 22.902210  -398.61   -14.99  1950.0  2  1
 4   2  2443562.40221 1978 02 22.902210  -551.72   -13.02  1950.0  2  1
 4   3  2443562.40221 1978 02 22.902210  -259.92    -7.08  1950.0  2  1
 4   0  2443562.40221 1978 02 22.902210  -509.82   -19.05  1950.0  2  1
 4   1  2443563.25685 1978 02 23.756850  -682.56   -19.40  1950.0  2  1
 4   2  2443563.25685 1978 02 23.756850  -375.42    -8.30  1950.0  2  1
 4   3  2443563.25685 1978 02 23.756850  -240.10    -8.53  1950.0  2  1
 4   0  2443563.25685 1978 02 23.756850  -580.41   -14.89  1950.0  2  1
 4   1  2443588.25085 1978 03 20.750850   415.41     8.42  1950.0  2  1
 4   2  2443588.25085 1978 03 20.750850   733.93    11.61  1950.0  2  1
 4   3  2443588.25085 1978 03 20.750850   225.01     5.27  1950.0  2  1
 4   0  2443588.25085 1978 03 20.750850   539.22     8.52  1950.0  2  1
 4   1  2443591.26521 1978 03 23.765210   389.64   -15.25  1950.0  2  1
 4   2  2443591.26521 1978 03 23.765210   466.63    -4.38  1950.0  2  1
 4   3  2443591.26521 1978 03 23.765210   623.87    -4.13  1950.0  2  1
 4   0  2443591.26521 1978 03 23.765210   360.40   -11.15  1950.0  2  1
 4   1  2443594.27014 1978 03 26.770140   114.92   -14.77  1950.0  2  1
 4   2  2443594.27014 1978 03 26.770140  -293.44   -11.71  1950.0  2  1
 4   3  2443594.27014 1978 03 26.770140  -365.34   -25.93  1950.0  2  1
 4   0  2443594.27014 1978 03 26.770140  -218.73   -16.92  1950.0  2  1
 4   3  2453069.51043 2004 03  5.010428    37.03   -28.86  2000.0  1  2
 4   2  2453075.43623 2004 03 10.936233     5.98    19.04  2000.0  1  2
 4   3  2453075.43623 2004 03 10.936233    -4.63    29.04  2000.0  1  2
 4   3  2453093.36425 2004 03 28.864252   -15.40    14.81  2000.0  1  2
 4   1  2453093.36425 2004 03 28.864252   -40.41    35.00  2000.0  1  2
 4   3  2453100.36148 2004 04  4.861479     2.10   -25.23  2000.0  1  2
 4   1  2453100.36148 2004 04  4.861479    16.28   -23.86  2000.0  1  2
 4   1  2453101.36496 2004 04  5.864961   -11.00   -12.10  2000.0  1  2
