1  2456631.46435  2013 12  4.964355  7 22 24.817  +22  8 48.32
1  2456631.47290  2013 12  4.972902  7 22 24.781  +22  8 48.48
1  2456631.48151  2013 12  4.981508  7 22 24.759  +22  8 48.64
1  2456631.49009  2013 12  4.990087  7 22 24.741  +22  8 48.86
1  2456979.65673  2014 11 18.156730  9 37 17.016  +14 54 43.51
1  2456980.56442  2014 11 19.064421  9 37 37.170  +14 53 12.35
1  2456980.56751  2014 11 19.067512  9 37 37.290  +14 53 12.15
1  2456980.57176  2014 11 19.071762  9 37 37.447  +14 53 11.28
1  2456980.57561  2014 11 19.075614  9 37 37.590  +14 53 10.56
1  2456980.57966  2014 11 19.079664  9 37 37.747  +14 53  9.80
1  2456980.58372  2014 11 19.083715  9 37 37.893  +14 53  9.04
1  2456980.58777  2014 11 19.087766  9 37 38.049  +14 53  8.27
1  2456980.59161  2014 11 19.091614  9 37 38.185  +14 53  7.63
1  2456980.59607  2014 11 19.096071  9 37 38.347  +14 53  6.81
1  2456980.60032  2014 11 19.100324  9 37 38.498  +14 53  5.99
1  2456980.60458  2014 11 19.104578  9 37 38.649  +14 53  5.28
1  2457043.47312  2015  1 20.973116  9 29  2.602  +15 49 59.32
1  2457043.47675  2015  1 20.976750  9 29  2.430  +15 50  0.22
1  2457043.51054  2015  1 21.010544  9 29  0.902  +15 50  7.90
1  2457043.51352  2015  1 21.013524  9 29  0.766  +15 50  8.69
1  2457043.51839  2015  1 21.018391  9 29  0.557  +15 50  9.72
1  2457043.55808  2015  1 21.058084  9 28 58.919  +15 50 18.04
1  2457043.56525  2015  1 21.065255  9 28 58.640  +15 50 19.47
1  2457063.33849  2015  2  9.838495  9 18 57.013  +16 40  2.05
1  2457069.48961  2015  2 15.989612  9 15 57.743  +16 54  1.45
1  2457069.49332  2015  2 15.993316  9 15 57.554  +16 54  2.25
1  2457069.49704  2015  2 15.997044  9 15 57.363  +16 54  3.25
1  2457070.45849  2015  2 16.958490  9 15 16.532  +16 57 17.25
1  2457086.30253  2015  3  4.802534  9  7 53.111  +17 30 29.56
1  2457086.30740  2015  3  4.807402  9  7 53.099  +17 30 29.53
1  2457091.41806  2015  3  9.918062  9  5 53.188  +17 39  6.41
1  2457091.42253  2015  3  9.922529  9  5 53.104  +17 39  6.77
1  2457093.37072  2015  3 11.870718  9  5 14.487  +17 41 48.72
1  2457098.28988  2015  3 16.789878  9  3 41.914  +17 48 14.93
1  2457098.29488  2015  3 16.794884  9  3 41.736  +17 48 15.68
1  2457100.36754  2015  3 18.867540  9  3  6.994  +17 50 37.93
1  2457121.31617  2015  4  8.816174  9  0 21.684  +18  0 48.15
2  2456358.29242  2013  3  6.792419  4 25 43.392  +21 11 54.97
2  2456631.46435  2013 12  4.964355  7 22 23.125  +22  8 43.97
2  2456631.47290  2013 12  4.972902  7 22 22.752  +22  8 44.91
2  2456631.48151  2013 12  4.981508  7 22 22.388  +22  8 45.83
2  2456631.49009  2013 12  4.990087  7 22 22.018  +22  8 46.86
2  2456979.64847  2014 11 18.148472  9 37 14.973  +14 54 54.22
2  2456979.65572  2014 11 18.155718  9 37 14.950  +14 54 54.48
2  2456979.65977  2014 11 18.159768  9 37 14.938  +14 54 54.63
2  2456980.56211  2014 11 19.062106  9 37 23.303  +14 54 31.33
2  2456980.56751  2014 11 19.067512  9 37 23.439  +14 54 30.73
2  2456980.57156  2014 11 19.071562  9 37 23.527  +14 54 30.29
2  2456980.57561  2014 11 19.075614  9 37 23.627  +14 54 29.81
2  2456980.57966  2014 11 19.079664  9 37 23.725  +14 54 29.35
2  2456980.58372  2014 11 19.083715  9 37 23.823  +14 54 28.95
2  2456980.58777  2014 11 19.087766  9 37 23.926  +14 54 28.45
2  2456980.59182  2014 11 19.091817  9 37 24.025  +14 54 28.05
2  2456980.59607  2014 11 19.096071  9 37 24.125  +14 54 27.50
2  2456980.60032  2014 11 19.100324  9 37 24.230  +14 54 27.00
2  2456980.60458  2014 11 19.104578  9 37 24.337  +14 54 26.54
2  2457043.47312  2015  1 20.973116  9 29  5.553  +15 49 42.99
2  2457043.47675  2015  1 20.976750  9 29  5.367  +15 49 43.94
2  2457043.55808  2015  1 21.058084  9 29  1.221  +15 50  5.64
2  2457043.56525  2015  1 21.065255  9 29  0.857  +15 50  7.61
2  2457043.57947  2015  1 21.079468  9 29  0.143  +15 50 11.16
2  2457063.33849  2015  2  9.838495  9 19 14.280  +16 38 32.60
2  2457069.48943  2015  2 15.989428  9 15 41.733  +16 55 24.07
2  2457069.49313  2015  2 15.993131  9 15 41.686  +16 55 24.12
2  2457069.49686  2015  2 15.996858  9 15 41.648  +16 55 24.34
2  2457070.45886  2015  2 16.958860  9 15 32.989  +16 55 53.42
2  2457071.46976  2015  2 17.969762  9 14 55.682  +16 58 48.27
2  2457086.30253  2015  3  4.802534  9  7 50.105  +17 30 44.65
2  2457086.30740  2015  3  4.807402  9  7 49.904  +17 30 45.50
2  2457091.42253  2015  3  9.922529  9  6  7.287  +17 37 58.21
2  2457093.37072  2015  3 11.870718  9  5 12.142  +17 42  0.14
2  2457094.31668  2015  3 12.816684  9  4 52.907  +17 43 23.05
2  2457095.46010  2015  3 13.960104  9  4 52.805  +17 43  6.34
2  2457100.36654  2015  3 18.866540  9  3  7.925  +17 50 32.98
3  2456358.29242  2013  3  6.792419  4 26 13.641  +21 13  7.57
3  2456631.46435  2013 12  4.964355  7 22 56.771  +22  7 32.19
3  2456631.47290  2013 12  4.972902  7 22 56.575  +22  7 32.46
3  2456631.48151  2013 12  4.981508  7 22 56.389  +22  7 32.88
3  2456631.49009  2013 12  4.990087  7 22 56.189  +22  7 33.32
3  2456979.64847  2014 11 18.148472  9 37  3.094  +14 56  0.93
3  2456979.65572  2014 11 18.155718  9 37  3.261  +14 56  0.09
3  2456979.65977  2014 11 18.159768  9 37  3.351  +14 55 59.69
3  2456980.56211  2014 11 19.062106  9 37 27.819  +14 54  5.06
3  2456980.56751  2014 11 19.067512  9 37 27.988  +14 54  4.38
3  2456980.57156  2014 11 19.071562  9 37 28.105  +14 54  3.80
3  2456980.57561  2014 11 19.075614  9 37 28.224  +14 54  3.21
3  2456980.57966  2014 11 19.079664  9 37 28.347  +14 54  2.62
3  2456980.58372  2014 11 19.083715  9 37 28.468  +14 54  2.04
3  2456980.58756  2014 11 19.087564  9 37 28.590  +14 54  1.45
3  2456980.59182  2014 11 19.091817  9 37 28.712  +14 54  0.92
3  2456980.59607  2014 11 19.096071  9 37 28.841  +14 54  0.28
3  2456980.60032  2014 11 19.100324  9 37 28.971  +14 53 59.60
3  2456980.60458  2014 11 19.104578  9 37 29.098  +14 53 59.02
3  2457043.47294  2015  1 20.972936  9 28 47.588  +15 51 19.83
3  2457043.47639  2015  1 20.976386  9 28 47.485  +15 51 20.25
3  2457063.33849  2015  2  9.838495  9 18 58.576  +16 39 54.60
3  2457069.48943  2015  2 15.989428  9 16  4.821  +16 53 25.17
3  2457069.49276  2015  2 15.992760  9 16  4.658  +16 53 25.80
3  2457069.49686  2015  2 15.996858  9 16  4.475  +16 53 26.73
3  2457070.45923  2015  2 16.959230  9 15 17.182  +16 57 14.31
3  2457071.46976  2015  2 17.969762  9 14 30.960  +17  0 54.77
3  2457086.30205  2015  3  4.802048  9  7 37.559  +17 31 45.98
3  2457086.30692  2015  3  4.806916  9  7 37.458  +17 31 46.51
3  2457091.41806  2015  3  9.918062  9  6  6.453  +17 38  1.41
3  2457091.42253  2015  3  9.922529  9  6  6.268  +17 38  2.27
3  2457093.37072  2015  3 11.870718  9  4 59.281  +17 43  2.56
3  2457094.31693  2015  3 12.816932  9  4 46.351  +17 43 53.36
3  2457095.45989  2015  3 13.959890  9  4 43.936  +17 43 50.54
3  2457098.29514  2015  3 16.795139  9  3 57.993  +17 46 56.90
3  2457100.36654  2015  3 18.866540  9  2 53.672  +17 51 41.79
3  2457121.31617  2015  4  8.816174  9  0 12.330  +18  1 31.83 
4  2456631.46435  2013 12  4.964355  7 21 53.119  +22  9 53.25
4  2456631.47290  2013 12  4.972902  7 21 52.887  +22  9 53.95
4  2456631.48151  2013 12  4.981508  7 21 52.639  +22  9 54.51
4  2456631.49009  2013 12  4.990087  7 21 52.397  +22  9 55.18
4  2456979.64847  2014 11 18.148472  9 37 26.885  +14 53 50.30
4  2456979.65572  2014 11 18.155718  9 37 26.913  +14 53 50.21
4  2456979.65977  2014 11 18.159768  9 37 26.927  +14 53 50.22
4  2456980.56211  2014 11 19.062106  9 37 29.699  +14 53 55.63
4  2456980.56751  2014 11 19.067512  9 37 29.713  +14 53 55.67
4  2456980.57156  2014 11 19.071562  9 37 29.717  +14 53 55.70
4  2456980.57561  2014 11 19.075614  9 37 29.726  +14 53 55.74
4  2456980.57966  2014 11 19.079664  9 37 29.734  +14 53 55.78
4  2456980.58372  2014 11 19.083715  9 37 29.741  +14 53 55.85
4  2456980.58756  2014 11 19.087564  9 37 29.757  +14 53 55.84
4  2456980.59182  2014 11 19.091817  9 37 29.760  +14 53 56.00
4  2456980.59607  2014 11 19.096071  9 37 29.769  +14 53 55.98
4  2456980.60032  2014 11 19.100324  9 37 29.777  +14 53 56.00
4  2456980.60458  2014 11 19.104578  9 37 29.782  +14 53 56.09
4  2457043.47330  2015  1 20.973302  9 29 46.489  +15 46  5.69
4  2457043.47693  2015  1 20.976930  9 29 46.381  +15 46  6.34
4  2457043.50935  2015  1 21.009352  9 29 45.310  +15 46 11.65
4  2457043.51234  2015  1 21.012338  9 29 45.215  +15 46 12.20
4  2457043.51472  2015  1 21.014716  9 29 45.138  +15 46 12.65
4  2457043.51839  2015  1 21.018391  9 29 45.016  +15 46 13.23
4  2457043.52406  2015  1 21.024062  9 29 44.831  +15 46 14.20
4  2457043.55808  2015  1 21.058084  9 29 43.710  +15 46 20.18
4  2457043.56525  2015  1 21.065255  9 29 43.474  +15 46 21.39
4  2457043.57947  2015  1 21.079468  9 29 43.008  +15 46 23.75
4  2457044.46075  2015  1 21.960752  9 29 12.113  +15 49  5.81
4  2457069.48961  2015  2 15.989612  9 15 22.152  +16 56 58.39
4  2457069.49332  2015  2 15.993316  9 15 22.073  +16 56 58.72
4  2457069.49686  2015  2 15.996858  9 15 21.999  +16 56 59.05
4  2457070.45904  2015  2 16.959045  9 15  3.773  +16 58 18.69
4  2457086.30253  2015  3  4.802534  9  7 33.228  +17 32  4.20
4  2457086.30740  2015  3  4.807402  9  7 33.163  +17 32  4.42
4  2457091.41828  2015  3  9.918276  9  6 37.100  +17 35 33.65
4  2457091.42253  2015  3  9.922529  9  6 37.032  +17 35 33.92
4  2457093.37072  2015  3 11.870718  9  5 57.189  +17 38 24.22
4  2457094.31668  2015  3 12.816684  9  5 31.640  +17 40 16.75
4  2457095.46010  2015  3 13.960104  9  4 56.566  +17 42 51.66
4  2457098.28988  2015  3 16.789878  9  3 26.819  +17 49 27.82
4  2457098.29488  2015  3 16.794884  9  3 26.674  +17 49 28.45
4  2457100.36679  2015  3 18.866788  9  2 37.655  +17 52 56.88