 1  2442264.45141 1974 08  4.951407  23 12  2.157  -6 36 35.67
 1  2442271.43995 1974 08 11.939949  23 10 55.142  -6 12  9.35
 1  2442280.44873 1974 08 20.948726  23  5 29.513  -7 22 30.36
 1  2442281.48480 1974 08 21.984797  23  4 48.525  -7 27  1.05
 1  2442292.42065 1974 09  1.920651  22 59 48.468  -7 59 27.87
 1  2442292.43346 1974 09  1.933463  22 59 48.458  -7 59 28.06
 1  2442300.45627 1974 09  9.956273  22 55 40.205  -8 25 48.13
 1  2442302.41879 1974 09 11.918788  22 54 40.268  -8 31 58.57
 1  2442312.34790 1974 09 21.847900  22 50 14.897  -8 58 44.62
 1  2442421.15364 1975 01  8.653642  23  3 51.845  -7 14 49.33
 1  2442422.14108 1975 01  9.641078  23  4 41.105  -7  9 31.69
 1  2442632.45708 1975 08  7.957083   1 32  6.492   8  5 25.18
 1  2442634.45371 1975 08  9.953712   1 32 16.426   8  5 43.40
 1  2442638.49612 1975 08 13.996124   1 32 14.476   8  4 14.46
 1  2442646.45839 1975 08 21.958389   1 32  7.214   8  1 37.11
 1  2442662.53239 1975 09  7.032387   1 29 16.327   7 40 54.21
 1  2442663.54129 1975 09  8.041286   1 28 44.556   7 37 18.77
 1  2442665.49174 1975 09  9.991737   1 28  9.772   7 33 38.60
 1  2442666.44828 1975 09 10.948282   1 28  8.404   7 32 54.16
 1  2442667.41065 1975 09 11.910646   1 27 36.890   7 30  5.50
 1  2442668.48289 1975 09 12.982895   1 27 16.623   7 27 38.38
 1  2442669.49825 1975 09 13.998248   1 27  4.013   7 26 30.80
 1  2442674.47979 1975 09 18.979790   1 25  3.833   7 13 44.72
 1  2442680.43981 1975 09 24.939806   1 22 47.115   6 59 16.91
 1  2442682.40944 1975 09 26.909440   1 21 50.536   6 53 19.12
 1  2442683.36622 1975 09 27.866220   1 21 17.845   6 50 11.43
 1  2442686.45141 1975 09 30.951407   1 19 45.365   6 40 27.31
 1  2442690.40993 1975 10  4.909930   1 17 56.438   6 29 32.01
 1  2442696.36253 1975 10 10.862533   1 15 10.417   6 12 37.20
 1  2442697.43812 1975 10 11.938117   1 14 25.136   6  8  8.49
 1  2442712.46978 1975 10 26.969776   1  7  8.734   5 24 44.31
 1  2442713.37999 1975 10 27.879989   1  6 35.496   5 21 38.98
 1  2442717.41310 1975 10 31.913104   1  4 57.952   5 12 17.59
 1  2442719.31491 1975 11  2.814912   1  4  8.192   5  7 27.39
 1  2442728.37047 1975 11 11.870466   1  0 32.097   4 47  1.16
 1  2442771.22351 1975 12 24.723507   0 56 12.737   4 33 24.95
 1  2442775.29015 1975 12 28.790151   0 57  3.543   4 40 14.60
 1  2442776.14355 1975 12 29.643548   0 57 21.897   4 42 18.38
 1  2442814.16953 1976 02  5.669534   1 13 45.593   6 34 24.07
 1  2442819.18132 1976 02 10.681316   1 16 52.380   6 54 20.02
 1  2442821.18031 1976 02 12.680314   1 18 12.320   7  2 54.15
 1  2442822.18208 1976 02 13.682079   1 19  0.617   7  7 54.20
 1  2442829.18429 1976 02 20.684292   1 23 52.920   7 38 33.45
 1  2443019.51943 1976 18 29.019430   3 52 21.657  19  7 21.70
 1  2443027.48380 1976 09  5.983797   3 54 29.084  19 12 38.05
 1  2443030.50548 1976 19  9.005481   3 54 56.685  19 13 48.71
 1  2443039.43529 1976 09 17.935286   3 55 46.391  19 15  8.51
 1  2443041.49502 1976 09 19.995020   3 55 50.768  19 14 59.72
 1  2443042.58602 1976 19 21.086021   3 55 35.899  19 14 15.30
 1  2443048.53996 1976 09 27.039963   3 55 29.439  19 13  9.64
 1  2443049.50814 1976 09 28.008136   3 55  5.541  19 11 54.80
 1  2443092.48732 1976 11  9.987322   3 39 31.315  18 21 16.73
 1  2443133.43483 1976 12 20.934826   3 19  9.294  17 15 27.96
 1  2443187.24990 1977 02 12.749896   3 19 34.638  17 32  2.10
 1  2443188.22712 1977 02 13.727119   3 20 11.757  17 34 41.98
 1  2443189.29992 1977 02 14.799924   3 20 22.195  17 35 40.18
 1  2443204.24954 1977 03  1.749538   3 27 40.365  18  6 10.44
 1  2443206.24067 1977 03  3.740666   3 28 43.714  18 10 21.53
 1  2443209.26335 1977 03  6.763352   3 30 31.318  18 17 34.43
 1  2443394.53450 1977 09  8.034500   6 10 28.124  23  1 42.02
 1  2443395.49657 1977 19  8.996566   6 11 17.023  23  1 27.10
 1  2443395.56300 1977 09  9.063002   6 11 18.660  23  1 26.54
 1  2443426.57087 1977 10 10.070874   6 23 23.903  22 57 54.54
 1  2443426.58261 1977 10 10.082611   6 23 24.269  22 57 54.35
 1  2443426.58400 1977 10 10.083996   6 23 24.311  22 57 54.91
 1  2443426.58746 1977 10 10.087459   6 23 24.429  22 57 54.47
 1  2443426.58884 1977 10 10.088844   6 23 24.448  22 57 54.91
 1  2443446.54626 1977 10 30.046259   6 24 52.497  22 58  8.25
 1  2443476.61716 1977 11 29.117156   6 16 13.831  23  4 58.60
 1  2443480.44418 1977 12  2.944180   6 14 23.434  23  5 58.86
 1  2443480.46461 1977 12  2.964610   6 14 22.534  23  5 59.03
 1  2443496.43855 1977 12 18.938548   6  5 29.009  23 10  6.06
 1  2443515.39222 1978 01  6.892219   5 54 28.653  23 13  3.63
 1  2443528.28912 1978 01 19.789124   5 48 13.819  23 13 39.37
 1  2443531.33657 1978 01 22.836571   5 46 57.437  23 13 54.25
 1  2443539.34284 1978 01 30.842845   5 44  1.731  23 14  4.64
 1  2443540.32524 1978 01 31.825243   5 44  0.185  23 14 17.00
 1  2443545.24391 1978 02  5.743906   5 42 37.481  23 14 34.27
 1  2443550.47537 1978 02 10.975366   5 41 41.663  23 14 59.29
 1  2443551.29092 1978 02 11.790918   5 41 46.852  23 14 58.97
 1  2443554.34241 1978 02 14.842410   5 41 27.585  23 15 25.87
 1  2443559.23576 1978 02 19.735763   5 41  3.515  23 16  0.16
 1  2443562.40221 1978 02 22.902208   5 41  6.344  23 16 23.50
 1  2443563.25685 1978 02 23.756854   5 41 23.004  23 16 41.55
 1  2443588.25085 1978 03 20.750852   5 47  3.120  23 22  6.49
 1  2443589.31358 1978 03 21.813583   5 47 13.721  23 22 23.65
 1  2443590.26412 1978 03 22.764118   5 47 48.131  23 22 32.70
 1  2443591.26521 1978 03 23.765208   5 48  6.420  23 22 54.06
 1  2443594.27014 1978 03 26.770140   5 49 20.980  23 23 30.88
 1  2443853.44067 1978 12 10.940666   8 45  3.340  18 35 13.83
 1  2443853.48222 1978 12 10.982219   8 45  4.015  18 35 11.05
 1  2443859.43281 1978 12 16.932815   8 43 39.683  18 41 48.35
 1  2443862.40339 1978 12 19.903395   8 42 50.089  18 45 35.45
 1  2443870.37346 1978 12 27.873458   8 39 48.832  18 58 41.53
 1  2443872.34344 1978 12 29.843435   8 38 58.012  19  2 16.74
 1  2443894.49306 1979 01 20.993061   8 28 15.890  19 44 28.38
 1  2443894.49306 1979 01 20.993061   8 19 36.574  20 15 37.34
 1  2443919.41114 1979 02 14.911142   8 15  5.628  20 30 55.72
 1  2443921.34234 1979 02 16.842336   8 14  8.311  20 34  5.95
 1  2443928.29909 1979 02 23.799086   8 11 17.328  20 43 19.32
 1  2443932.27731 1979 02 27.777308   8  9 38.329  20 48 37.53
 1  2443934.32694 1979 03  1.826944   8  8 56.075  20 50 52.00
 1  2443940.28156 1979 03  7.781564   8  7 32.448  20 55  3.09
 1  2443951.35786 1979 03 18.857856   8  5 36.168  21  0 49.49
 1  2443953.38635 1979 03 20.886349   8  5 18.454  21  1 43.52
 1  2443958.34902 1979 03 25.849025   8  5 17.250  21  1 39.61
 1  2443959.37936 1979 03 26.879358   8  5  9.038  21  2  8.03
 1  2443972.29475 1979 04  8.794750   8  6 34.507  20 57 29.88
 1  2443974.30453 1979 04 10.804530   8  6 54.874  20 56 25.67
 2  2442264.45141 1974 08  4.951407  23 12  1.940  -6 44 50.94
 2  2442271.43995 1974 08 11.939949  23 10 58.155  -6 11 56.97
 2  2442280.44873 1974 08 20.948726  23  5  7.529  -7 24 58.85
 2  2442281.48480 1974 08 21.984797  23  4 58.390  -7 25 51.21
 2  2442292.42065 1974 09  1.920651  22 59 54.664  -7 58 46.55
 2  2442292.43346 1974 09  1.933463  22 59 54.522  -7 58 47.61
 2  2442300.45627 1974 09  9.956273  22 55 55.465  -8 24  6.91
 2  2442302.41879 1974 09 11.918788  22 54 45.381  -8 31 17.34
 2  2442306.39549 1974 19 15.895494  22 53  0.676  -8 41 56.36
 2  2442307.35037 1974 19 16.850367  22 52 38.793  -8 44 15.79
 2  2442312.34790 1974 09 21.847900  22 49 53.946  -9  1  1.52
 2  2442421.15364 1975 01  8.653642  23  4  4.342  -7 13 27.74
 2  2442422.14108 1975 01  9.641078  23  4 28.582  -7 10 56.70
 2  2442632.45708 1975 08  7.957083   1 31 46.884   8  3 19.72
 2  2442634.45371 1975 08  9.953712   1 32 20.003   8  6  3.26
 2  2442638.49612 1975 08 13.996124   1 32 21.326   8  4 53.86
 2  2442645.39047 1975 08 20.890475   1 32 14.743   8  2 24.03
 2  2442646.45839 1975 08 21.958389   1 31 50.022   7 59 39.85
 2  2442659.52266 1975 09  4.022663   1 30  3.861   7 46  2.43
 2  2442661.55852 1975 09  6.058517   1 29 17.892   7 41  1.93
 2  2442662.53239 1975 09  7.032387   1 29 22.541   7 41 30.31
 2  2442664.44129 1975 09  8.941286   1 28 22.356   7 35  0.31
 2  2442665.49174 1975 09  9.991737   1 28 23.551   7 35 11.07
 2  2442666.44828 1975 09 10.948282   1 28 10.566   7 33 28.81
 2  2442667.41065 1975 09 11.910646   1 27 31.158   7 29 12.68
 2  2442668.48289 1975 09 12.982895   1 27 12.489   7 27 30.14
 2  2442669.49825 1975 09 13.998248   1 27 11.801   7 27 17.09
 2  2442674.47979 1975 09 18.979790   1 14 58.636   7 12 54.71
 2  2442680.43981 1975 09 24.939806   1 22 52.652   6 59 52.51
 2  2442682.40944 1975 09 26.909440   1 21 34.646   6 51 50.71
 2  2442683.36622 1975 09 27.866220   1 21 29.846   6 51 28.79
 2  2442690.40993 1975 10  4.909930   1 18  8.383   6 30 50.89
 2  2442691.38594 1975 10  5.885935   1 17 41.102   6 27 47.60
 2  2442696.36253 1975 10 10.862533   1 14 48.126   6 10 16.88
 2  2442697.43812 1975 10 11.938117   1 14 36.994   6  9 28.81
 2  2442712.46978 1975 10 26.969776   1  7 17.515   5 25 45.52
 2  2442713.37999 1975 10 27.879989   1  6 32.539   5 21  1.75
 2  2442714.39322 1975 10 28.893225   1  6  0.475   5 18  8.94
 2  2442717.41310 1975 10 31.913104   1  4 35.672   5  9 44.41
 2  2442719.31491 1975 11  2.814912   1  4 13.879   5  8  7.56
 2  2442728.37047 1975 11 11.870466   1  0 14.841   4 45 15.51
 2  2442771.22351 1975 12 24.723507   0 56 10.088   4 33 17.37
 2  2442776.14355 1975 12 29.643548   0 57 30.224   4 43 19.66
 2  2442814.16953 1976 02  5.669534   1 13 46.554   6 34 33.11
 2  2442815.22514 1976 02  6.725144   1 14 39.186   6 40  8.32
 2  2442819.18132 1976 02 10.681316   1 17  7.059   6 55 52.28
 2  2442821.18031 1976 02 12.680314   1 18 12.688   7  2 59.40
 2  2442822.18208 1976 02 13.682079   1 19  7.561   7  8 46.13
 2  2442829.18429 1976 02 20.684292   1 23 57.453   7 39  9.81
 2  2443019.51943 1976 08 29.019430   3 52 16.651  19  6 55.41
 2  2443027.48380 1976 09  5.983797   3 54 15.198  19 12  8.25
 2  2443030.50548 1976 09  9.005481   3 54 39.389  19 12 48.40
 2  2443039.43529 1976 09 17.935286   3 55 54.459  19 15 25.78
 2  2443041.49502 1976 09 19.995020   3 55 30.713  19 14  6.11
 2  2443042.58602 1976 09 21.086021   3 55 53.584  19 15  9.40
 2  2443048.53996 1976 09 27.039963   3 55  7.978  19 12  9.63
 2  2443049.50814 1976 09 28.008136   3 55 23.577  19 12 56.16
 2  2443092.48732 1976 11  9.987322   3 39 40.356  18 21 45.01
 2  2443133.43483 1976 12 20.934826   3 18 45.564  17 13 56.54
 2  2443187.24990 1977 02 12.749896   3 19 36.293  17 32 18.00
 2  2443188.22712 1977 02 13.727119   3 20 15.803  17 35  1.53
 2  2443204.24954 1977 03  1.749538   3 27 21.745  18  4 59.22
 2  2443206.24067 1977 03  3.740666   3 28 52.055  18 10 58.26
 2  2443209.26335 1977 03  6.763352   3 30 33.773  18 17 46.45
 2  2443394.53450 1977 19  8.034500   6 10 47.000  23  1 34.43
 2  2443395.49657 1977 09  8.996566   6 11 12.981  23  1 23.61
 2  2443395.56300 1977 09  9.063002   6 11 13.803  23  1 23.30
 2  2443426.57087 1977 10 10.070874   6 23 44.003  22 57 39.39
 2  2443426.58746 1977 10 10.087459   6 23 44.348  22 57 38.40
 2  2443426.58884 1977 10 10.088844   6 23 44.336  22 57 38.92
 2  2443444.43726 1977 10 27.937257   6 25  8.266  22 57 48.56
 2  2443444.46150 1977 10 27.961496   6 25  8.300  22 57 47.72
 2  2443446.54626 1977 10 30.046259   6 24 32.002  22 58 24.26
 2  2443446.55507 1977 10 30.055070   6 24 32.050  22 58 24.24
 2  2443446.57013 1977 10 30.070132   6 24 32.196  22 58 24.49
 2  2443476.61716 1977 11 29.117156   6 16 21.302  23  4 49.72
 2  2443480.44418 1977 12  2.944180   6 14 25.548  23  5 54.65
 2  2443480.46461 1977 12  2.964610   6 14 24.510  23  5 55.96
 2  2443496.43855 1977 12 18.938548   6  5 10.234  23 10 21.51
 2  2443498.47293 1977 12 20.972935   6  4 13.576  23 10 28.06
 2  2443515.39222 1978 01  6.892219   5 54 40.086  23 13  1.05
 2  2443528.28912 1978 01 19.789124   5 47 54.849  23 13 45.58
 2  2443531.33657 1978 01 22.836571   5 46 36.914  23 13 43.96
 2  2443537.41109 1978 11 28.911090   5 44 49.840  23 13 58.64
 2  2443537.41338 1978 11 28.913379   5 44 49.742  23 13 58.80
 2  2443540.32524 1978 01 31.825243   5 44  7.050  23 14 17.36
 2  2443545.24391 1978 02  5.743906   5 42 28.732  23 14 20.83
 2  2443550.47537 1978 02 10.975366   5 41 56.415  23 15  6.12
 2  2443551.29092 1978 02 11.790918   5 41 52.764  23 15  1.36
 2  2443554.34241 1978 02 14.842410   5 41 36.387  23 15 28.22
 2  2443559.23576 1978 02 19.735763   5 41  3.587  23 15 49.87
 2  2443561.21685 1978 02 21.716846   5 41 22.628  23 16 26.00
 2  2443562.40221 1978 02 22.902208   5 41 16.550  23 16 21.93
 2  2443563.25685 1978 02 23.756854   5 41  2.533  23 16 29.61
 2  2443588.25085 1978 03 20.750852   5 46 41.889  23 22  2.42
 2  2443589.31358 1978 03 21.813583   5 47 24.055  23 22 29.23
 2  2443590.26412 1978 03 22.764118   5 47 55.488  23 22 35.86
 2  2443591.26521 1978 03 23.765208   5 48  1.290  23 22 42.96
 2  2443594.27014 1978 03 26.770140   5 49 32.881  23 23 28.31
 2  2443853.44067 1978 12 10.940666   8 45 13.406  18 34 28.14
 2  2443853.48222 1978 12 10.982219   8 45 12.501  18 34 32.24
 2  2443859.43281 1978 12 16.932815   8 43 30.331  18 41 50.30
 2  2443862.40339 1978 12 19.903395   8 42 32.248  18 46 52.71
 2  2443870.37346 1978 12 27.873458   8 40  2.009  18 57 50.12
 2  2443872.34344 1978 12 29.843435   8 38 56.050  19  2 21.78
 2  2443894.49306 1979 01 20.993061   8 27 56.723  19 45 46.41
 2  2443894.49306 1979 01 20.993061   8 19 38.453  20 15 28.49
 2  2443919.41114 1979 02 14.911142   8 14 50.470  20 31 54.25
 2  2443921.34234 1979 02 16.842336   8 14  9.796  20 33 58.94
 2  2443928.29909 1979 02 23.799086   8 11 18.793  20 43 12.02
 2  2443932.27731 1979 02 27.777308   8  9 42.089  20 48 21.23
 2  2443934.32694 1979 03  1.826944   8  9 14.093  20 49 52.02
 2  2443940.28156 1979 03  7.781564   8  7 11.472  20 56 14.22
 2  2443951.35786 1979 03 18.857856   8  5 24.836  21  1 32.03
 2  2443953.38635 1979 03 20.886349   8  5 23.737  21  1 23.53
 2  2443958.34902 1979 03 25.849025   8  5  2.049  21  2 33.79
 2  2443959.37936 1979 03 26.879358   8  5 23.220  21  1 21.42
 2  2443961.30434 1979 03 28.804344   8  5  1.468  21  2 29.65
 2  2443972.29475 1979 04  8.794750   8  6 14.518  20 58 38.63
 2  2443974.30453 1979 04 10.804530   8  6 59.134  20 56 10.54
 3  2442271.43995 1974 08 11.939949  23 11  3.632  -6 11 15.31
 3  2442280.44873 1974 08 20.948726  23  4 59.198  -7 25 58.73
 3  2442281.48479 1974 08 21.984787  23  4 37.875  -7 28  9.62
 3  2442292.42065 1974 09  1.920651  22 59 56.293  -7 58 47.94
 3  2442292.43346 1974 09  1.933463  22 59 55.725  -7 58 51.80
 3  2442300.45627 1974 09  9.956273  22 55 42.026  -8 25 42.97
 3  2442302.41879 1974 09 11.918788  22 54 28.071  -8 33 16.32
 3  2442306.39549 1974 19 15.895494  22 53 10.965  -8 40 58.92
 3  2442312.34790 1974 09 21.847900  22 50 29.546  -8 57  1.60
 3  2442421.15364 1975 01  8.653642  23  4  7.312  -7 13  9.92
 3  2442422.14108 1975 01  9.641078  23  4 33.861  -7 10 25.60
 3  2442632.45708 1975 08  7.957083   1 31 41.010   8  2 49.22
 3  2442634.45371 1975 08  9.953712   1 32 20.582   8  6 26.28
 3  2442638.49612 1975 08 13.996124   1 32  1.114   8  2 48.21
 3  2442645.39047 1975 08 20.890475   1 31 52.595   8  0  0.99
 3  2442646.45839 1975 08 21.958389   1 31 41.951   7 58 54.90
 3  2442659.52266 1975 09  4.022663   1 29 41.913   7 43 36.91
 3  2442661.55852 1975 09  6.058517   1 29 10.120   7 40 32.79
 3  2442662.53239 1975 09  7.032387   1 29 11.983   7 40 42.43
 3  2442664.44138 1975 09  8.941380   1 28 57.253   7 38 34.16
 3  2442665.49174 1975 09  9.991737   1 28 25.146   7 34 52.46
 3  2442667.41065 1975 09 11.910646   1 27 18.850   7 27 58.21
 3  2442668.48289 1975 09 12.982895   1 27  1.663   7 26 24.20
 3  2442674.47979 1975 09 18.979790   1 24 46.070   7 11 38.17
 3  2442680.43981 1975 09 24.939806   1 22 34.027   6 57 35.62
 3  2442682.40944 1975 09 26.909440   1 21 24.981   6 50 50.00
 3  2442683.36622 1975 09 27.866220   1 21 12.134   6 49 45.37
 3  2442686.45141 1975 09 30.951407   1 20 10.207   6 42 55.83
 3  2442690.40993 1975 10  4.909930   1 17 49.851   6 28 59.61
 3  2442691.38594 1975 10  5.885935   1 17 40.136   6 28  8.49
 3  2442696.36253 1975 10 10.862533   1 14 39.269   6  9 18.58
 3  2442697.43812 1975 10 11.938117   1 14 17.923   6  7 31.37
 3  2442712.46978 1975 10 26.969776   1  7  7.582   5 25  3.84
 3  2442713.37999 1975 10 27.879989   1  6 57.216   5 24  7.22
 3  2442714.39322 1975 10 28.893225   1  6 32.798   5 21 31.45
 3  2442717.41310 1975 10 31.913104   1  4 27.394   5  8 47.25
 3  2442719.31491 1975 11  2.814912   1  3 56.935   5  6 33.72
 3  2442728.37047 1975 11 11.870466   1  0 49.664   4 49  6.06
 3  2442771.22351 1975 12 24.723507   0 56 37.879   4 36 20.14
 3  2442775.29015 1975 12 28.790151   0 56 48.762   4 38 34.36
 3  2442776.14355 1975 12 29.643548   0 57  9.903   4 41 16.08
 3  2442819.18132 1976  2 10.681316   1 16 51.599   6 54 27.33
 3  2442821.18031 1976  2 12.680314   1 18 33.677   7  5 12.39
 3  2442822.18208 1976  2 13.682079   1 19 11.343   7  9  1.19
 3  2442829.18924 1976  2 20.689242   1 24  3.283   7 39 38.09
 3  2443019.51943 1976  8 29.019430   3 52  8.953  19  6 44.41
 3  2443027.48380 1976  9  5.983797   3 54 13.602  19 12 11.09
 3  2443030.50548 1976  9  9.005481   3 55 10.527  19 14 13.99
 3  2443039.43529 1976  9 17.935286   3 55 26.807  19 13 48.78
 3  2443041.49502 1976  9 19.995020   3 55 27.530  19 14  4.80
 3  2443042.58602 1976  9 21.086021   3 55 47.320  19 15  1.38
 3  2443048.53996 1976  9 27.039963   3 55  3.906  19 12  5.60
 3  2443049.50814 1976  9 28.008136   3 55 15.586  19 12 41.45
 3  2443092.48732 1976 11  9.987322   3 39 29.205  18 21 23.55
 3  2443133.43483 1976 12 20.934826   3 18 36.590  17 13 22.30
 3  2443187.24990 1977 02 12.749896   3 20  1.555  17 33 47.25
 3  2443188.22712 1977 02 13.727119   3 20 13.246  17 34 34.88
 3  2443189.29992 1977 02 14.799924   3 20 19.809  17 35 14.04
 3  2443204.24954 1977 03  1.749538   3 27 17.181  18  4 37.70
 3  2443206.24067 1977 03  3.740666   3 28 32.467  18  9 57.09
 3  2443209.26335 1977 03  6.763352   3 30 40.913  18 17 57.78
 3  2443394.53450 1977 19  8.034500   6 10 52.127  23  1 37.70
 3  2443395.49657 1977 19  8.996566   6 11 29.050  23  1 20.90
 3  2443395.56300 1977 09  9.063002   6 11 31.096  23  1 20.04
 3  2443426.57087 1977 10 10.070874   6 23 15.969  22 57 48.74
 3  2443426.58261 1977 10 10.082611   6 23 15.920  22 57 48.59
 3  2443426.58400 1977 10 10.083996   6 23 15.944  22 57 48.73
 3  2443426.58746 1977 10 10.087459   6 23 15.917  22 57 49.00
 3  2443444.43726 1977 10 27.937257   6 25  9.178  22 57 55.18
 3  2443444.45734 1977 10 27.957341   6 25  9.409  22 57 54.62
 3  2443444.46150 1977 10 27.961496   6 25  9.488  22 57 54.19
 3  2443476.61716 1977 11 29.117156   6 16 48.806  23  5  0.17
 3  2443480.44418 1977 12  2.944180   6 14 35.064  23  6  2.71
 3  2443480.46461 1977 12  2.964610   6 14 34.692  24  6  2.51
 3  2443481.48096 1977 12  3.980963   6 14  6.592  23  6  7.42
 3  2443481.48131 1977 12  3.981310   6 14  6.686  23  6  6.97
 3  2443496.43855 1977 12 18.938548   6  5 36.690  23  9 57.06
 3  2443498.47293 1977 12 20.972935   6  3 45.611  23 10 38.19
 3  2443528.28912 1978 01 19.789124   5 47 47.245  23 13 47.71
 3  2443531.33657 1978 01 22.836571   5 47 16.321  23 13 50.86
 3  2443537.41109 1978 01 28.911090   5 45  1.734  23 14 16.65
 3  2443537.41338 1978 01 28.913379   5 45  1.738  23 14 16.85
 3  2443539.34284 1978 01 30.842845   5 44 21.922  23 14  2.65
 3  2443540.32524 1978 01 31.825243   5 43 45.082  23 13 59.12
 3  2443545.24391 1978 02  5.743906   5 43  3.908  23 13 38.21
 3  2443550.47537 1978 02 10.975366   5 41 41.101  23 15  6.44
 3  2443551.29092 1978 02 11.790918   5 41 51.254  23 15 14.71
 3  2443561.21685 1978 02 21.716846   5 41 16.459  23 16  7.47
 3  2443562.40221 1978 02 22.902208   5 40 57.102  23 16 15.21
 3  2443563.25685 1978 02 23.756854   5 40 53.515  23 16 29.47
 3  2443588.25085 1978 03 20.750852   5 47 15.810  23 22 10.16
 3  2443589.31358 1978 03 21.813583   5 47 33.724  23 22 16.42
 3  2443590.26412 1978 03 22.764118   5 47 40.572  23 22 25.00
 3  2443591.26521 1978 03 23.765208   5 47 50.810  23 22 42.28
 3  2443594.27014 1978 03 26.770140   5 49 37.671  23 23 42.72
 3  2443853.44067 1978 12 10.940666   8 45 21.092  18 33 57.28
 3  2443853.48222 1978 12 10.982219   8 45 20.874  18 33 58.40
 3  2443862.40339 1978 12 19.903395   8 42 51.685  18 45 24.77
 3  2443870.37346 1978 12 27.873458   8 39 46.328  18 58 49.65
 3  2443872.34344 1978 12 29.843435   8 38 47.563  19  3  1.60
 3  2443894.49306 1979 01 20.993061   8 27 58.232  19 45 41.55
 3  2443894.49306 1979 01 20.993061   8 19 47.757  20 14 58.10
 3  2443919.41114 1979 02 14.911142   8 15  7.950  20 30 44.76
 3  2443921.34234 1979 02 16.842336   8 13 43.157  20 35 35.93
 3  2443928.29909 1979 02 23.799086   8 10 50.528  20 44 52.04
 3  2443932.27731 1979 02 27.777308   8 10  7.727  20 46 57.01
 3  2443934.32694 1979 03  1.826944   8  9  1.570  20 50 28.20
 3  2443940.28156 1979 03  7.781564   8  7 42.776  20 54 25.08
 3  2443951.35786 1979 03 18.857856   8  5 19.743  21  1 49.37
 3  2443953.38635 1979 03 20.886349   8  5 41.958  21  0 27.41
 3  2443958.34902 1979 03 25.849025   8  4 56.746  21  2 51.93
 3  2443961.30434 1979 03 28.804344   8  5 34.511  21  0 39.81
 3  2443974.30453 1979 04 10.804530   8  7  2.665  20 56  3.39
 4  2442281.48480 1974 08 21.984797  23  5 30.699  -7 22  7.61
 4  2442292.42065 1974 09  1.920651  22 59 11.659  -8  3 31.46
 4  2442292.43346 1974 09  1.933463  22 59 11.425  -8  3 32.81
 4  2442300.45627 1974 09  9.956273  22 56 21.235  -8 21 17.02
 4  2442302.41879 1974 09 11.918788  22 55  0.771  -8 29 57.80
 4  2442306.39549 1974 09 15.895494  22 52 16.714  -8 47  3.88
 4  2442307.35037 1974 09 16.850367  22 51 46.904  -8 50  0.85
 4  2442312.34790 1974 19 21.847900  22 50 20.907  -8 57 44.70
 4  2442421.15364 1975 01  8.653642  23  3 46.485  -7 15 38.77
 4  2442422.14108 1975 01  9.641078  23  4 17.688  -7 12 19.73
 4  2442632.45708 1975 08  7.957083   1 32 22.446   8  7 25.79
 4  2442634.45371 1975 08  9.953712   1 32 44.683   8  8 46.75
 4  2442638.49612 1975 08 13.996124   1 32 25.775   8  4 59.69
 4  2442645.39047 1975 08 20.890475   1 31 43.351   7 59 40.87
 4  2442646.45839 1975 08 21.958389   1 31 51.359   8  0 22.65
 4  2442662.53239 1975 09  7.032387   1 28 48.910   7 38 27.28
 4  2442664.44129 1975 09  8.941286   1 28 43.260   7 37 45.87
 4  2442665.49174 1975 09  9.991737   1 28 38.552   7 37  5.79
 4  2442667.41065 1975 09 11.910646   1 28 18.440   7 34 30.17
 4  2442668.48289 1975 09 12.982895   1 27 58.153   7 32  4.90
 4  2442674.47979 1975 09 18.979790   1 24 38.442   7 10 29.76
 4  2442680.43981 1975 09 24.939806   1 22 37.045   6 58 52.12
 4  2442682.40944 1975 09 26.909440   1 22 12.214   6 56 14.31
 4  2442683.36622 1975 09 27.866220   1 21 55.362   6 54 22.37
 4  2442686.45141 1975 09 30.951407   1 20 26.240   6 44 31.09
 4  2442690.40993 1975 10  4.909930   1 17 37.913   6 26 52.04
 4  2442691.38594 1975 10  5.885935   1 16 58.407   6 22 56.57
 4  2442696.36253 1975 10 10.862533   1 14 50.379   6 11  4.49
 4  2442697.43812 1975 10 11.938117   1 14 34.138   6  9 36.43
 4  2442712.46978 1975 10 26.969776   1  6 46.274   5 22 54.17
 4  2442713.37999 1975 10 27.879989   1  6 33.792   5 21 55.26
 4  2442714.39322 1975 10 28.893225   1  6 20.858   5 20 51.48
 4  2442717.41310 1975 10 31.913104   1  5 28.400   5 15 44.71
 4  2442719.31491 1975 11  2.814912   1  4 33.848   5 10  2.82
 4  2442728.37047 1975 11 11.870466   1  0  1.491   4 44  6.69
 4  2442771.22351 1975 12 24.723507   0 56 29.165   4 34 54.53
 4  2442775.29015 1975 12 28.790151   0 56 35.257   4 36 48.31
 4  2442776.14355 1975 12 29.643548   0 56 44.921   4 38 12.79
 4  2442814.16953 1976 02  5.669534   1 13 51.999   6 35 24.86
 4  2442819.18132 1976 02 10.681316   1 17 26.750   6 57 55.98
 4  2442821.18031 1976 02 12.680314   1 18 30.748   7  4 29.56
 4  2442822.18208 1976 02 13.682079   1 19  0.234   7  7 33.57
 4  2442829.18429 1976 02 20.684292   1 23 31.963   7 36 41.20
 4  2443019.51943 1976 18 29.019430   3 53  4.098  19  9 37.89
 4  2443027.48380 1976 09  5.983797   3 53 48.235  19 10 23.80
 4  2443030.50548 1976 09  9.005481   3 54 23.831  19 12 21.75
 4  2443039.43529 1976 09 17.935286   3 56  5.283 -19 15 33.76
 4  2443041.49502 1976 09 19.995020   3 55 37.874  19 13 48.78
 4  2443042.58602 1976 09 21.086021   3 55 21.649  19 12 57.12
 4  2443048.53996 1976 09 27.039963   3 55  6.086  19 12 30.38
 4  2443049.50814 1976 09 28.008136   3 55 14.429  19 12 52.50
 4  2443092.48732 1976 11  9.987322   3 39  2.919  18 19  0.76
 4  2443133.43483 1976 12 20.934826   3 19 14.082  17 16 20.97
 4  2443187.24990 1977 02 12.749896   3 20 17.109  17 34 47.12
 4  2443188.22712 1977 02 13.727119   3 20 34.597  17 35 58.43
 4  2443189.29992 1977 12 14.799924   3 20 49.955  17 37  4.51
 4  2443204.24954 1977 03  1.749538   3 28  6.058  18  7 42.20
 4  2443206.24067 1977 03  3.740666   3 28 58.861  18 11  2.82
 4  2443209.26335 1977 03  6.763352   3 30  9.027  18 15 48.40
 4  2443394.53450 1977 09  8.034500   6 10 18.076  23  1 29.88
 4  2443395.49657 1977 09  8.996566   6 10 41.770  23  1 32.76
 4  2443395.56300 1977 09  9.063002   6 10 43.456  23  1 32.93
 4  2443444.43726 1977 10 27.937257   6 24 37.163  22 57 51.75
 4  2443446.55507 1977 10 30.055070   6 24  6.706  22 58 35.34
 4  2443446.57013 1977 10 30.070132   6 24  6.616  22 58 35.30
 4  2443480.44418 1977 12  2.944180   6 13 29.972  23  6 27.62
 4  2443480.46461 1977 12  2.964610   6 13 29.313  23  6 30.14
 4  2443481.48096 1977 12  3.980963   6 12 59.819  23  6 53.31
 4  2443481.48131 1977 12  3.981310   6 12 59.860  23  6 53.34
 4  2443496.43855 1977 12 18.938548   6  4 38.521  23 10 17.78
 4  2443498.47293 1977 12 20.972935   6  3 28.374  23 10 59.11
 4  2443515.39222 1978 01  6.892219   5 53 46.493  23 13 12.66
 4  2443528.28912 1978 01 19.789124   5 47 37.824  23 13 21.43
 4  2443531.33657 1978 01 22.836571   5 46 10.834  23 13 49.72
 4  2443537.41109 1978 01 28.911090   5 45 20.641  23 14 23.39
 4  2443537.41338 1978 01 28.913379   5 45 20.607  23 14 23.34
 4  2443539.34284 1978 01 30.842845   5 44 50.830  23 14 15.30
 4  2443540.32524 1978 01 31.825243   5 44 28.371  23 14  9.37
 4  2443545.24391 1978 02  5.743906   5 42  8.814  23 14  7.16
 4  2443550.47537 1978 02 10.975366   5 41 34.016  23 15 12.78
 4  2443554.34241 1978 02 14.842410   5 41 59.773  23 15 40.23
 4  2443559.23576 1978 12 19.735763   5 41 17.495  23 15 41.17
 4  2443561.21685 1978 02 21.716846   5 40 49.755  23 15 52.97
 4  2443562.40221 1978 02 22.902208   5 40 39.779  23 16  7.42
 4  2443563.25685 1978 02 23.756854   5 40 37.511  23 16 20.28
 4  2443588.25085 1978 03 20.750852   5 47 30.808  23 22 16.05
 4  2443591.26521 1978 03 23.765208   5 48 32.396  23 22 39.86
 4  2443594.27014 1978 03 26.770140   5 49 13.323  23 23 15.80
 4  2443853.44067 1978 12 10.940666   8 44 57.581  18 35 43.10
 4  2443853.48222 1978 12 10.982219   8 44 57.689  18 35 43.18
 4  2443859.43281 1978 12 16.932815   8 44  8.583  18 39 41.90
 4  2443862.40339 1978 12 19.903395   8 42 38.761  18 46 18.18
 4  2443872.34344 1978 12 29.843435   8 39 34.639  18 59 46.52
 4  2443894.49306 1979 01 20.993061   8 28 18.250  19 44 13.97
 4  2443894.49306 1979 01 20.993061   8 19 48.929  20 14 46.31
 4  2443919.41114 1979 02 14.911142   8 14 48.289  20 32  5.52
 4  2443921.34234 1979 02 16.842336   8 14 24.132  20 33 16.17
 4  2443928.29909 1979 02 23.799086   8 11 13.314  20 43 27.99
 4  2443932.27731 1979 02 27.777308   8  9  5.274  20 50 32.39
 4  2443934.32694 1979 03  1.826944   8  8 33.751  20 52 12.35
 4  2443951.35786 1979 03 18.857856   8  5  6.089  21  2 36.93
 4  2443958.34902 1979 03 25.849025   8  5 47.304  20 59 57.82
 4  2443959.37936 1979 03 26.879358   8  5 40.717  21  0 16.23
 4  2443961.30434 1979 03 28.804344   8  5 20.444  21  1 21.57
 4  2443972.29475 1979 04  8.794750   8  6 53.160  20 56 30.89
 4  2443974.30453 1979 04 10.804530   8  7 25.580  20 54 42.24
