ADS 4e3 2014  9 11 20 57 26.40  -0.2945  -0.1747   0.0120   0.0358  -0.0239   0.0022   0.3424 239.325 0 0.3619
PKI 3e4 2014 10  7  0  8 47.00   0.0523   0.1717   0.0025   0.0039  -0.0108   0.0913   0.1795  16.950 0 0.1113
PKI 2o3 2014 10 21  2  3 26.25  -0.2812  -0.7463   0.0274   0.0122   0.1930   0.1211   0.7976 200.642 1 0.9532
FCO 1o4 2014 10 24  8 27 20.53  -0.2087  -0.5636   0.0158   0.0100  -0.1727  -0.4900   0.6010 200.315 1 0.9157
LAV 3o1 2014 11  8 11  0 41.94  -0.1898  -0.4997   0.0430   0.0336   0.0544   0.0306   0.5345 200.797 0 0.7448
FCO 3o1 2014 11  8 11  0 32.76  -0.2610  -0.6871   0.0046   0.0032  -0.0740  -0.1354   0.7350 200.801 0 0.8546
ADS 1o4 2014 11 10 17 46 19.79   0.2862   0.7532   0.0578   0.0348  -0.0189   0.1265   0.8058  20.803 0 0.9590
SCO 1o3 2014 11 12 13 11 38.00  -0.1972  -0.5150   0.0095   0.0104  -0.1804  -0.0848   0.5515 200.948 1 0.8295
P26 4o3 2014 11 19  3  5 52.60   0.2570   0.6728   0.0123   0.0093   0.0198  -0.0976   0.7202  20.906 0 0.7628
PNA 4o3 2014 11 19  3  5 42.60   0.3331   0.8720   0.0469   0.0284   0.0493   0.1195   0.9335  20.907 0 0.8730
PZA 4o3 2014 11 19  3  5 48.77   0.2913   0.7623   0.0087   0.0059   0.0363  -0.0012   0.8160  20.911 0 0.8147
ADS 1o2 2014 11 19 18 14 32.65  -0.1432  -0.3692   0.0431   0.0363   0.3751  -0.0387   0.3960 201.197 1 0.7462
KUR 3o1 2014 11 22 16 34 56.93  -0.0954  -0.2483   0.0089   0.0164  -0.1058  -0.2080   0.2660 201.019 1 0.6050
ADS 1o3 2014 11 26 18 37 19.13   0.0962   0.2484   0.0188   0.0204   0.0427   0.0757   0.2664  21.168 0 0.7013
PKI 3o1 2014 12  6 22 15  7.88   0.1542   0.4006   0.0050   0.0049   0.0172   0.1056   0.4292  21.047 0 0.6603
AAT 2e3 2014 12  9 22 43  4.58  -0.2622  -0.7572   0.0137   0.0079   0.0289   0.0707   0.8013 199.098 0 0.9395
ARM 2o1 2014 12 12 23 43  8.80  -0.1194  -0.4123   0.0071   0.0088  -0.0022  -0.0071   0.4292 196.145 0 0.6104
Z92 2o1 2014 12 12 23 42 47.82  -0.1875  -0.6465   0.0074   0.0046  -0.0621  -0.2437   0.6732 196.169 1 0.9109
GLY 3o1 2014 12 14  1 11 22.83   0.1286   0.3355   0.0048   0.0061  -0.0249  -0.0555   0.3593  20.972 0 0.6235
TUN 3o1 2014 12 14  1 11 19.64   0.1301   0.3393   0.0071   0.0088  -0.0373  -0.0463   0.3634  20.975 0 0.6251
CAL 3o1 2014 12 14  1 11 32.09   0.1345   0.3509   0.0151   0.0175   0.0151  -0.0528   0.3758  20.977 0 0.6302
PKI 3o1 2014 12 14 21 31 41.87   0.0398   0.0967   0.0113   0.0258   0.0458  -0.0352   0.1046  22.375 0 0.5924
PRA 2e3 2014 12 17  2 32 18.08  -0.2295  -0.6553   0.0109   0.0070  -0.0534  -0.1255   0.6943 199.303 0 0.8559
PUI 4e1 2014 12 21  3 22 38.23  -0.0796  -0.2327   0.0021   0.0031  -0.0053  -0.0191   0.2460 198.886 0 0.2174
TUN 4e1 2014 12 21  3 22 43.13  -0.0730  -0.2133   0.0026   0.0059   0.0134  -0.0038   0.2255 198.885 0 0.2015
PUI 3o1 2014 12 21  4 17 17.11   0.1327   0.3486   0.0063   0.0075  -0.0368  -0.0652   0.3730  20.844 0 0.6241
TUN 3o1 2014 12 21  4 17 22.43   0.1617   0.4249   0.0057   0.0063   0.0105   0.0043   0.4546  20.832 0 0.6601
BUC 3o1 2014 12 22  2 13 10.24   0.1464   0.3714   0.0100   0.0113   0.0045  -0.0249   0.3992  21.509 0 0.6436
TFD 3o1 2014 12 22  2 13 12.08   0.1133   0.2875   0.0058   0.0088  -0.0245  -0.1108   0.3090  21.513 0 0.6102
SCO 2e3 2014 12 24  6 34  7.81  -0.0127  -0.0359   0.0191   0.0526  -0.0245   0.2288   0.0381 199.523 1 0.6125
Z92 2e3 2014 12 24  6 34 46.77  -0.0573  -0.1616   0.0040   0.0081   0.0041   0.0771   0.1715 199.524 0 0.6206
ZAC 2o3 2014 12 25 23  5 52.54  -0.2180  -0.5809   0.0119   0.0096  -0.0479   0.0147   0.6204 200.571 0 0.8529
SCO 2o1 2014 12 27  8 28 32.97   0.0827   0.2028   0.0019   0.0024  -0.0023  -0.0973   0.2190  22.171 0 0.6502
SCO 3o1 2014 12 28  7 48 19.26   0.1791   0.4776   0.0151   0.0361   0.0383   0.1148   0.5101  20.550 0 0.6827
Z92 3o1 2014 12 28  7 48 39.88   0.1300   0.3470   0.0056   0.0073   0.0377  -0.0321   0.3705  20.542 0 0.6207
CAL 3o1 2014 12 29  5 29  4.58   0.2563   0.6573   0.0021   0.0018   0.0628   0.0687   0.7055  21.307 0 0.7856
Z92 3o1 2014 12 29  5 29 17.92   0.2229   0.5714   0.0105   0.0094   0.0803  -0.0368   0.6134  21.307 0 0.7415
MAN 3o1 2014 12 29  5 29  1.92   0.2100   0.5385   0.0041   0.0040   0.0063  -0.0460   0.5780  21.307 0 0.7245
I73 3o1 2014 12 29  5 29  4.34   0.2193   0.5626   0.0291   0.0273   0.0249  -0.0255   0.6039  21.298 0 0.7370
SCO 3e4 2014 12 29  5 59 21.71  -0.2804  -0.8171   0.0114   0.0076   0.0812   0.1556   0.8639 198.937 0 0.7564
CAL 3e4 2014 12 29  5 59 35.79  -0.3193  -0.9306   0.0093   0.0057   0.1012   0.0219   0.9838 198.939 0 0.8269
Z92 3e4 2014 12 29  5 59 14.89  -0.3369  -0.9815   0.0226   0.0589  -0.0039   0.0010   1.0377 198.942 0 0.8531
I73 3e4 2014 12 29  5 58  2.11  -0.2421  -0.7055   0.0441   0.0318  -0.2139   0.3817   0.7458 198.940 1 0.6757
MAN 3e4 2014 12 29  5 59  3.04  -0.3261  -0.9503   0.0176   0.0112  -0.0428   0.0493   1.0047 198.941 0 0.8379
AAT 2o1 2014 12 30 21 44 34.02   0.0634   0.1569   0.0076   0.0104   0.0062  -0.2084   0.1693  22.000 1 0.6214
CAL 2o1 2014 12 30 21 44 20.79   0.1286   0.3180   0.0062   0.0066   0.0384  -0.0341   0.3430  22.009 0 0.7206
Z92 2o1 2014 12 30 21 44  7.74   0.1120   0.2772   0.0127   0.0146  -0.0096  -0.0621   0.2990  22.005 0 0.6952
ELG 2e3 2014 12 31 10 58 19.29   0.0531   0.1480   0.0097   0.0196   0.0131   0.0998   0.1573  19.741 0 0.6216
PUI 2o3 2015  1  2  2 58  2.47  -0.2288  -0.6078   0.0055   0.0043  -0.0282   0.0182   0.6494 200.627 0 0.8580
TLV 2o3 2015  1  2  2 59 46.48  -0.2859  -0.7592   0.0641   0.0417   0.1271  -0.2131   0.8113 200.632 1 0.9079
SCO 2e1 2015  1  3  9  6 24.47  -0.2423  -0.6709   0.0051   0.0027  -0.0065  -0.0387   0.7133 199.858 0 0.9234
LAV 2e1 2015  1  3  9  6 33.07  -0.2205  -0.6107   0.0303   0.0158   0.0298   0.0163   0.6493 199.856 0 0.8739
LAV 2o1 2015  1  3 10 58  2.65   0.1225   0.3055   0.0096   0.0100  -0.0067  -0.0754   0.3292  21.845 0 0.7112
SCO 3o1 2015  1  5  8 22 45.41   0.2347   0.6077   0.0070   0.0057  -0.0602  -0.0955   0.6515  21.113 0 0.7571
PT1 2e1 2015  1  6 22 33 28.04  -0.2167  -0.6007   0.0030   0.0016   0.0086  -0.0136   0.6386 199.839 0 0.8647
O12 2e1 2015  1  6 22 33 27.10  -0.2221  -0.6153   0.0046   0.0024   0.0014  -0.0275   0.6542 199.846 0 0.8778
O12 2o1 2015  1  7  0  8 38.21   0.1540   0.3869   0.0016   0.0015  -0.0012  -0.0167   0.4164  21.705 0 0.7584
OH8 2o1 2015  1  7  0  8 20.36   0.1611   0.4046   0.0099   0.0094  -0.0463   0.0218   0.4355  21.705 0 0.7690
T1I 2o1 2015  1  7  0  8 38.78   0.1532   0.3847   0.0017   0.0015  -0.0005  -0.0195   0.4141  21.707 0 0.7572
T1T 2o1 2015  1  7  0  8 38.53   0.1524   0.3828   0.0051   0.0046  -0.0020  -0.0211   0.4120  21.704 0 0.7561
Z92 2o1 2015  1  7  0  8 42.66   0.2111   0.5304   0.0068   0.0052   0.0689   0.1219   0.5709  21.703 0 0.8409
KUR 2e3 2015  1  7 16 14  1.71   0.1351   0.3702   0.0032   0.0041   0.0113   0.0288   0.3941  20.050 0 0.6901
TAN 2e3 2015  1  7 16 14  6.01   0.1140   0.3124   0.0019   0.0021  -0.0062  -0.0303   0.3326  20.048 0 0.6619
MUR 2e3 2015  1  7 16 14 16.33   0.1345   0.3684   0.0044   0.0044   0.0230   0.0225   0.3922  20.049 0 0.6891
O12 2e3 2015  1  8  3 50 28.85   0.3036   0.8304   0.0095   0.0040   0.0012   0.4589   0.8842  20.085 1 0.9473
PT1 2e3 2015  1  8  3 45 42.41   0.1320   0.3612   0.0044   0.0046   0.0074  -0.0753   0.3846  20.079 0 0.6824
SCO 2o3 2015  1  9  6 29 11.13  -0.2388  -0.6364   0.0132   0.0124  -0.0402   0.0281   0.6797 200.564 0 0.8634
PT1 2o3 2015  1  9  6 28 46.62  -0.2278  -0.6071   0.0074   0.0055  -0.0853   0.0800   0.6484 200.565 0 0.8536
O12 2o3 2015  1  9  6 28 30.24  -0.3024  -0.8060   0.0334   0.0200  -0.1994  -0.1040   0.8609 200.565 1 0.9179
NAR 2e1 2015  1 14  1 17 15.95  -0.2048  -0.5657   0.0130   0.0102  -0.0300  -0.0520   0.6016 199.899 0 0.8317
NAR 2o1 2015  1 14  2 26  5.71   0.1941   0.4948   0.0070   0.0069   0.0500   0.0500   0.5315  21.421 0 0.8161
ADS 1e4 2015  1 15 12 35  3.70   0.1327   0.3787   0.0432   0.0371   0.0849   0.0458   0.4013  19.317 0 0.6534
SCO 2o3 2015  1 16  9 47 12.83  -0.2947  -0.7911   0.0079   0.0047  -0.1330  -0.0599   0.8442 200.428 0 0.9090
FCO 2o3 2015  1 16  9 47  7.65  -0.2532  -0.6799   0.0172   0.0128  -0.1047   0.0571   0.7255 200.424 0 0.8736
SCO 3e4 2015  1 17 10  5  7.95  -0.2550  -0.7450   0.0100   0.0068   0.0481   0.1008   0.7874 198.894 0 0.6981
FCO 3e4 2015  1 17 10  4 50.68  -0.3414  -0.9968   0.0096   0.0052  -0.0698  -0.1403   1.0537 198.904 0 0.8831
ADS 2e1 2015  1 17 14 36 26.96  -0.1697  -0.4673   0.0108   0.0074   0.0496  -0.0152   0.4971 199.957 0 0.7283
MUR 2e1 2015  1 17 14 36 10.96  -0.1690  -0.4655   0.0052   0.0038   0.0100   0.0013   0.4952 199.950 0 0.7263
KUR 2e1 2015  1 17 14 36  8.08  -0.1581  -0.4355   0.0036   0.0026   0.0132   0.0341   0.4633 199.949 0 0.6919
ADS 2o1 2015  1 17 15 33  6.69   0.1752   0.4499   0.0045   0.0038   0.0056   0.0084   0.4828  21.274 0 0.7882
KUR 2o1 2015  1 17 15 33  7.55   0.1663   0.4270   0.0040   0.0036   0.0038  -0.0172   0.4583  21.272 0 0.7750
SCO 3e1 2015  1 19 12 31  9.65  -0.3254  -0.9211   0.0094   0.0046   0.0377   0.0018   0.9769 199.455 0 0.8853
SCO 3o1 2015  1 19 13 39 27.31   0.2971   0.7876   0.0081   0.0055   0.0012  -0.0325   0.8418  20.664 0 0.8364
TUN 3o2 2015  1 19  2 33 47.88   0.1755   0.4640   0.0112   0.0118   0.0561   0.1961   0.4961  20.715 1 0.6885
P26 2e1 2015  1 21  3 52 33.42  -0.1637  -0.4495   0.0105   0.0072   0.0025  -0.0232   0.4784 200.008 0 0.7087
PZA 2e1 2015  1 21  3 52 40.72  -0.1586  -0.4357   0.0129   0.0088   0.0287  -0.0171   0.4636 200.008 0 0.6928
ELG 2e1 2015  1 21  3 52 34.01  -0.1631  -0.4478   0.0211   0.0146   0.0019  -0.0211   0.4766 200.008 0 0.7068
NAR 2e1 2015  1 21  3 52 28.94  -0.1803  -0.4952   0.0055   0.0051  -0.0271  -0.0642   0.5271 200.009 0 0.7596
NAR 2o1 2015  1 21  4 38 40.11   0.2035   0.5265   0.0077   0.0068   0.0647   0.0812   0.5644  21.130 0 0.8284
P26 2o1 2015  1 21  4 38 39.03   0.1407   0.3641   0.0240   0.0218  -0.0006  -0.0791   0.3903  21.130 0 0.7356
PZA 2o1 2015  1 21  4 38 54.36   0.1693   0.4384   0.0212   0.0173   0.0859  -0.0271   0.4700  21.119 0 0.7790
ELG 2o1 2015  1 21  4 38 36.88   0.1775   0.4594   0.0187   0.0144   0.0223   0.0205   0.4925  21.128 0 0.7914
SCO 1e3 2015  1 22 13 29 48.59  -0.3034  -0.8557   0.0322   0.0166   0.0171   0.0693   0.9079 199.523 0 0.9180
ADS 1e3 2015  1 22 13 29 32.57  -0.3083  -0.8693   0.0740   0.0404  -0.1006   0.0956   0.9224 199.526 1 0.9237
MUR 1e3 2015  1 22 13 30  1.38  -0.3171  -0.8943   0.0461   0.0239   0.0816   0.0030   0.9488 199.522 0 0.9337
ADS 1o3 2015  1 22 14 19 17.33   0.3605   0.9718   0.0858   0.0495   0.0474  -0.0253   1.0365  20.353 0 0.9377
MUR 1o3 2015  1 22 14 18 56.75   0.3493   0.9417   0.0511   0.0316  -0.1253   0.0042   1.0044  20.351 0 0.9293
SCO 4e3 2015  1 23  9 12 47.85   0.0840   0.2368   0.0000   0.0068  -0.0131  -0.0623   0.2512  19.542 0 0.4546
LAV 4e3 2015  1 23  9 12 48.18   0.1252   0.3531   0.0122   0.0143   0.0335   0.0520   0.3746  19.530 0 0.5082
ADS 2o3 2015  1 23 12 57 46.02  -0.2707  -0.7339   0.0334   0.0256   0.0219   0.0229   0.7822 200.246 0 0.8872
MUR 2o3 2015  1 23 12 55 33.78  -0.3082  -0.8359   0.0503   0.0343  -0.4165   0.0684   0.8909 200.242 1 0.9186
SEN 2o3 2015  1 23 12 57 34.75  -0.2942  -0.7976   0.0259   0.0156  -0.0325  -0.0264   0.8501 200.245 0 0.9071
ADS 4e1 2015  1 23 16 25 24.61   0.2908   0.8223   0.0156   0.0083  -0.0871   0.0195   0.8722  19.474 0 0.8320
MUR 4e1 2015  1 23 16 25 27.53   0.3398   0.9606   0.0200   0.0100  -0.0275   0.1540   1.0189  19.480 0 0.9193
KUR 4e1 2015  1 23 16 25 57.40   0.2976   0.8415   0.0123   0.0069   0.0421  -0.0046   0.8925  19.479 0 0.8473
VOR 2e1 2015  1 24 17  8 23.37  -0.0744  -0.2036   0.0522   0.0364   0.0899   0.1767   0.2168 200.072 0 0.6688
MUR 2e1 2015  1 24 17  8 11.53  -0.2057  -0.5631   0.0048   0.0030  -0.0810  -0.1683   0.5995 200.067 0 0.8296
MUR 2o1 2015  1 24 17 43 38.38   0.2593   0.6764   0.0108   0.0071   0.0601   0.2666   0.7244  20.977 1 0.9015
VOR 2o1 2015  1 24 17 43 51.53   0.1333   0.3477   0.0379   0.0361  -0.0119  -0.0810   0.3724  20.977 0 0.7233
ZAC 4e1 2015  1 24 18 54 53.44   0.0316   0.0896   0.0238   0.0545   0.0244  -0.0277   0.0950  19.408 0 0.1592
MUR 4e1 2015  1 24 18 54 37.52   0.0961   0.2727   0.0113   0.0144   0.0292   0.1765   0.2891  19.422 0 0.2705
MAN 4e1 2015  1 24 18 54 54.24   0.0242   0.0685   0.0168   0.0417   0.0199  -0.0497   0.0727  19.441 0 0.1485
VBO 3e1 2015  1 26 15 28 36.86  -0.2856  -0.8005   0.0054   0.0030   0.0057  -0.0241   0.8499 199.633 0 0.7712
SCO 2e1 2015  1 28  6 22  2.80  -0.0930  -0.2537   0.0040   0.0044  -0.0296   0.1166   0.2702 200.130 0 0.7016
SCO 2o1 2015  1 28  6 47 49.34   0.1939   0.5098   0.0061   0.0046   0.0487   0.1044   0.5454  20.828 0 0.8139
ADS 1e3 2015  1 29 16 13 41.25  -0.2684  -0.7504   0.0172   0.0103   0.0074  -0.0309   0.7970 199.680 0 0.8666
MUR 1e3 2015  1 29 16 13 41.89  -0.2817  -0.7877   0.0129   0.0074  -0.0018  -0.0697   0.8366 199.678 0 0.8861
TAN 1e3 2015  1 29 16 13 31.18  -0.2429  -0.6792   0.0195   0.0119  -0.0316   0.0633   0.7214 199.679 0 0.8263
KOU 1e3 2015  1 29 16 13 39.98  -0.2592  -0.7250   0.0232   0.0135   0.0148  -0.0049   0.7700 199.674 0 0.8527
KOU 1e3 2015  1 29 16 13 46.96  -0.2469  -0.6905   0.0261   0.0158   0.0719   0.0137   0.7333 199.672 0 0.8997
VBO 1e3 2015  1 29 16 13 34.12  -0.2619  -0.7322   0.0070   0.0042  -0.0252   0.0013   0.7777 199.677 0 0.8567
KOU 1o3 2015  1 29 16 40 34.17   0.2985   0.8157   0.0275   0.0175   0.0220  -0.0440   0.8686  20.102 0 0.8896
ADS 1o3 2015  1 29 16 40 38.87   0.2638   0.7211   0.0151   0.0131   0.0188  -0.1551   0.7678  20.096 0 0.8587
MUR 1o3 2015  1 29 16 39 56.33   0.2573   0.7030   0.0356   0.0308  -0.3157  -0.0534   0.7486  20.105 1 0.8527
TAN 1o3 2015  1 29 16 40 36.79   0.3228   0.8822   0.0264   0.0163   0.0704   0.0087   0.9395  20.100 0 0.9099
TAN 2o3 2015  1 30 16  2 15.19  -0.3242  -0.8897   0.0280   0.0155   0.0046  -0.0406   0.9469 200.019 0 0.9308
MUR 2o3 2015  1 30 16  1 21.91  -0.2965  -0.8136   0.0118   0.0084  -0.1458   0.1004   0.8659 200.020 0 0.9085
NON 2e1 2015  1 31 19 36  8.75  -0.1137  -0.3093   0.0098   0.0090  -0.0055  -0.0043   0.3295 200.190 0 0.7387
VBO 2e1 2015  1 31 19 36 15.49  -0.1123  -0.3053   0.0017   0.0017   0.0192  -0.0089   0.3253 200.197 0 0.7360
AAT 2o1 2015  1 31 19 54 16.77   0.0500   0.1325   0.0123   0.0199   0.5622  -0.4901   0.1417  20.675 1 0.5909
ADS 2o1 2015  1 31 19 51 44.45   0.1290   0.3419   0.0185   0.0189  -0.0206  -0.0323   0.3654  20.674 0 0.7136
NON 2o1 2015  1 31 19 52 13.89   0.1722   0.4562   0.0159   0.0132   0.1513   0.0345   0.4876  20.675 0 0.7808
VBO 2o1 2015  1 31 19 51 52.42   0.1408   0.3733   0.0017   0.0017   0.0287  -0.0147   0.3990  20.672 0 0.7323
VBO 2e4 2015  1 31 21  4 16.24   0.3666   1.0066   0.0174   0.0088   0.0177  -0.0161   1.0713  20.011 0 0.9746
BAO 1e4 2015  2  1 21 49 44.49   0.1993   0.5567   0.0172   0.0133   0.0002   0.0080   0.5913  19.692 0 0.7622
PUI 1e4 2015  2  1 21 49 38.02   0.1777   0.4966   0.0146   0.0117  -0.0560  -0.0397   0.5274  19.694 0 0.7265
Z66 1e4 2015  2  1 21 49 37.64   0.2320   0.6483   0.0146   0.0095   0.0015   0.1108   0.6886  19.688 0 0.8172
ZAC 1e4 2015  2  1 21 49 41.31   0.1852   0.5175   0.0202   0.0155  -0.0255  -0.0271   0.5496  19.690 0 0.7390
SCO 1o2 2015  2  2  3 31 16.34  -0.1656  -0.4514   0.0245   0.0199  -0.1454  -0.2817   0.4808 200.146 1 0.7826
GIA 3e4 2015  2  2  1 39 35.89  -0.0689  -0.1929   0.0057   0.0101  -0.0053   0.0215   0.2048 199.650 0 0.3601
BUC 3e1 2015  2  2 18 21  1.21  -0.2316  -0.6432   0.0627   0.0434   0.0211  -0.0436   0.6837 199.803 0 0.8331
MUR 3e1 2015  2  2 18 20 57.94  -0.2677  -0.7432   0.0101   0.0061  -0.0391  -0.1349   0.7899 199.806 0 0.7073
PRA 3e1 2015  2  2 18 20 47.35  -0.2192  -0.6086   0.0133   0.0096  -0.0450   0.0193   0.6468 199.807 0 0.8149
BUC 3o1 2015  2  2 18 34 49.52   0.2436   0.6649   0.0506   0.0405  -0.0322  -0.0356   0.7082  20.123 0 0.7719
ADS 3o1 2015  2  2 18 34 55.89   0.2441   0.6664   0.0084   0.0074   0.0114  -0.0527   0.7097  20.120 0 0.7727
MUR 3o1 2015  2  2 18 34 55.92   0.2613   0.7132   0.0295   0.0237   0.0290  -0.0064   0.7596  20.121 0 0.7948
PRA 3o1 2015  2  2 18 34 55.53   0.2869   0.7829   0.0178   0.0128   0.0534   0.0674   0.8339  20.127 0 0.8271
SCO 2e1 2015  2  4  8 48 38.21  -0.1065  -0.2887   0.0020   0.0016  -0.0325  -0.0207   0.3077 200.256 0 0.7235
SCO 2o1 2015  2  4  8 54 50.90   0.1626   0.4345   0.0053   0.0043   0.0429   0.0890   0.4639  20.514 0 0.7665
ADS 1o2 2015  2  5 16 29 34.58  -0.0647  -0.1778   0.0070   0.0103   0.0170   0.0504   0.1892 200.006 0 0.6288
ATH 1e3 2015  2  5 18 59 14.55  -0.2067  -0.5735   0.0336   0.0232   0.0164  -0.0473   0.6096 199.819 0 0.8582
ATH 1o3 2015  2  5 19  2  1.03   0.2451   0.6795   0.0408   0.0220  -0.1258   0.0389   0.7223  19.833 1 0.8456
ADS 1o3 2015  2  5 19  1 31.44   0.2855   0.7916   0.0525   0.0359  -0.3082   0.2293   0.8415  19.833 1 0.8819
ATH 2o3 2015  2  6 19  3  3.86  -0.3521  -0.9792   0.1638   0.0783   0.1576  -0.0605   1.0406 199.776 1 0.9537
ADS 2o3 2015  2  6 19  1 30.23  -0.3384  -0.9417   0.0914   0.0567  -0.1645   0.0961   1.0006 199.769 1 0.9441
P26 2o3 2015  2  6 19  2 32.12  -0.3371  -0.9374   0.0576   0.0307   0.0593   0.0232   0.9961 199.778 0 0.9430
SCO 1o2 2015  2  9  5 27 47.52  -0.1295  -0.3582   0.0052   0.0048  -0.0774  -0.0284   0.3809 199.877 0 0.7301
ADS 4e2 2015  2  9 13 37 44.74   0.3140   0.8562   0.0137   0.0076  -0.0301   0.0250   0.9120  20.141 0 0.8518
BAO 3o1 2015  2  9 20 58 52.06   0.1897   0.5259   0.0213   0.0197   0.0132  -0.0694   0.5591  19.840 0 0.7055
COL 3o1 2015  2  9 20 58 34.46   0.2363   0.6550   0.0385   0.0309  -0.0700   0.1066   0.6963  19.836 0 0.7665
P26 3o1 2015  2  9 20 58 52.15   0.1398   0.3876   0.0113   0.0128  -0.0346  -0.2071   0.4121  19.834 0 0.6431
PNA 3o1 2015  2  9 20 58 41.47   0.2047   0.5672   0.1082   0.0909  -0.0485   0.0009   0.6030  19.842 0 0.7249
PUI 3o1 2015  2  9 20 58 48.37   0.1879   0.5209   0.0085   0.0088  -0.0234  -0.0620   0.5537  19.833 0 0.7030
ZAC 3o1 2015  2  9 20 58 50.41   0.1869   0.5182   0.0183   0.0170  -0.0011  -0.0720   0.5509  19.834 0 0.7016
TFD 3o1 2015  2  9 20 58 49.90   0.2261   0.6268   0.0117   0.0102   0.0335   0.0373   0.6664  19.839 0 0.7531
GAS 3o1 2015  2  9 20 58 53.08   0.2160   0.5983   0.0313   0.0280   0.0471   0.0003   0.6361  19.847 0 0.7395
P60 3o1 2015  2  9 20 58 51.21   0.1955   0.5421   0.0058   0.0062   0.0126  -0.0509   0.5763  19.834 0 0.7128
PLG 3o1 2015  2  9 20 58 49.87   0.1840   0.5101   0.0103   0.0103  -0.0089  -0.0793   0.5423  19.837 0 0.6978
P60 3e1 2015  2  9 21  9 46.03  -0.1447  -0.3982   0.0047   0.0055   0.0274   0.0260   0.4237 199.973 0 0.7065
TFD 3e1 2015  2  9 21  9 45.27  -0.1783  -0.4907   0.0067   0.0056  -0.0107  -0.0648   0.5221 199.966 0 0.3861
PLG 3e1 2015  2  9 21  9 47.88  -0.1343  -0.3697   0.0112   0.0123   0.0490   0.0504   0.3934 199.969 0 0.6934
COL 3e1 2015  2  9 21 10 15.46  -0.3030  -0.8341   0.0538   0.0286   0.0467  -0.4744   0.8875 199.964 1 0.8068
BAO 3e1 2015  2  9 21  9 37.59  -0.1968  -0.5419   0.0158   0.0127  -0.0756  -0.0992   0.5765 199.963 0 0.7803
P26 3e1 2015  2  9 21  9 48.08  -0.1533  -0.4219   0.0163   0.0151   0.0312  -0.0022   0.4489 199.967 0 0.7240
PNA 3e1 2015  2  9 21  9 53.72  -0.1883  -0.5183   0.0970   0.0741   0.0302  -0.1110   0.5515 199.970 0 0.7678
PUI 3e1 2015  2  9 21  9 42.01  -0.1426  -0.3925   0.0100   0.0101  -0.0007   0.0427   0.4177 199.967 0 0.7046
ZAC 3e1 2015  2  9 21  9 44.95  -0.1450  -0.3993   0.0196   0.0188   0.0207   0.0273   0.4248 199.959 0 0.7076
GAS 3e1 2015  2  9 21  9 47.22  -0.1664  -0.4579   0.0240   0.0228   0.0130  -0.0363   0.4872 199.968 0 0.7360
SCO 2o1 2015  2 11 11  0 27.53   0.0389   0.1056   0.0063   0.0108  -0.0456  -0.1567   0.1125  20.223 0 0.5777
ADS 2o1 2015  2 11 11  0 25.06   0.0834   0.2264   0.0189   0.0248  -0.0160  -0.0334   0.2413  20.211 0 0.6444
TAN 2o1 2015  2 11 11  0 28.02   0.0960   0.2609   0.0070   0.0083   0.0112  -0.0045   0.2780  20.200 0 0.6648
WAI 2o1 2015  2 11 11  0 29.72   0.0572   0.1555   0.0156   0.0225  -0.0140  -0.1149   0.1657  20.197 0 0.6035
ELG 2o1 2015  2 11 11  0 13.54   0.1009   0.2741   0.0491   0.0522  -0.0459   0.0349   0.2921  20.209 0 0.6727
ADS 2e1 2015  2 11 11 12 43.85  -0.0186  -0.0501   0.0203   0.0480   0.0786   0.1052   0.0535 200.401 0 0.5910
WAI 2e1 2015  2 11 11 12 29.63  -0.0569  -0.1532   0.0115   0.0160  -0.0118   0.0215   0.1634 200.391 0 0.6351
TAN 2e1 2015  2 11 11 12 46.52  -0.0458  -0.1231   0.0130   0.0195   0.0619   0.0283   0.1314 200.390 0 0.6187
TAN 4o3 2015  2 11 12 36 18.26   0.3093   0.8804   0.0241   0.0181  -0.0334  -0.1600   0.9332  19.359 0 0.8189
ADS 4o3 2015  2 11 12 36 21.18   0.3569   1.0153   0.0260   0.0186   0.0199  -0.0268   1.0762  19.368 0 0.8727
ADS 4e3 2015  2 11 13 37 54.07  -0.0932  -0.2623   0.0035   0.0047  -0.0073  -0.0449   0.2784 199.559 0 0.3853
SEN 4e3 2015  2 11 13 37 58.77  -0.0647  -0.1822   0.0117   0.0200   0.0327   0.0312   0.1933 199.556 0 0.5657
URS 1o2 2015  2 12 18 26  7.88  -0.1584  -0.4413   0.0271   0.0266  -0.0866  -0.0264   0.4689 199.748 0 0.7753
PT1 1o2 2015  2 12 18 26 16.15  -0.1532  -0.4266   0.0146   0.0124  -0.0064  -0.0385   0.4532 199.755 0 0.7668
VBO 1e3 2015  2 12 21 47 30.73  -0.1354  -0.3730   0.0036   0.0036  -0.0200  -0.0070   0.3968 199.952 0 0.6370
URS 1o3 2015  2 12 21 25 51.53   0.1598   0.4499   0.0325   0.0363   0.0098  -0.0540   0.4774  19.560 0 0.7657
OBI 1o3 2015  2 12 21 25 55.08   0.1732   0.4873   0.0075   0.0084   0.0481  -0.0251   0.5171  19.564 0 0.7784
P60 1o3 2015  2 12 21 25 46.68   0.1713   0.4820   0.0087   0.0094  -0.0147  -0.0095   0.5115  19.562 0 0.7765
URS 1e3 2015  2 12 21 47 33.89  -0.1850  -0.5093   0.0281   0.0220  -0.0515  -0.1499   0.5419 199.961 0 0.8326
OBI 1e3 2015  2 12 21 47 28.83  -0.1293  -0.3559   0.0067   0.0073  -0.0247   0.0140   0.3786 199.963 0 0.6266
PT1 1e3 2015  2 12 21 47 28.97  -0.1390  -0.3828   0.0017   0.0017  -0.0337  -0.0132   0.4073 199.961 0 0.6426
P60 1e3 2015  2 12 21 47 32.06  -0.1459  -0.4017   0.0055   0.0060  -0.0228  -0.0386   0.4274 199.954 0 0.7921
NYR 2o1 2015  2 15  0  3 14.14   0.1148   0.3146   0.0084   0.0083   0.0764   0.0912   0.3348  20.048 0 0.7005
OBN 2o1 2015  2 15  0  3 11.29   0.0817   0.2239   0.0055   0.0066   0.0292   0.0054   0.2384  20.048 0 0.6467
ROT 2o1 2015  2 15  0  3 15.34   0.1259   0.3451   0.0050   0.0053   0.0934   0.1193   0.3674  20.049 0 0.7186
NYR 2e1 2015  2 15  0 24  2.17  -0.0710  -0.1903   0.0084   0.0098  -0.0074  -0.0771   0.2031 200.471 0 0.6632
ROT 2e1 2015  2 15  0 23 58.41  -0.0439  -0.1177   0.0034   0.0055   0.0044   0.0012   0.1256 200.467 0 0.3296
OBN 2e1 2015  2 15  0 24  7.13  -0.0514  -0.1377   0.0046   0.0064   0.0326  -0.0321   0.1470 200.467 0 0.3478
SMA 2e1 2015  2 15  0 24  9.83  -0.0784  -0.2100   0.0055   0.0066   0.0166  -0.1085   0.2241 200.464 0 0.4264
SEN 3o2 2015  2 16 13 18 28.39  -0.0813  -0.2266   0.0097   0.0188   0.0110   0.0673   0.2407 199.733 0 0.6509
ADS 3e2 2015  2 16 14  0 51.30  -0.3411  -0.9218   0.0243   0.0117   0.0032  -0.0074   0.9829 200.308 0 0.8916
ARM 3o1 2015  2 16 23 21 45.03   0.1483   0.4175   0.0505   0.0544   0.0059  -0.0095   0.4430  19.554 0 0.6608
CAL 3o1 2015  2 16 23 21 46.38   0.1311   0.3693   0.0038   0.0050  -0.0007  -0.0617   0.3919  19.549 0 0.6409
NON 3o1 2015  2 16 23 21 44.55   0.1496   0.4211   0.0138   0.0154   0.0046  -0.0049   0.4469  19.559 0 0.6622
BUC 3o1 2015  2 16 23 21 44.73   0.1344   0.3783   0.0320   0.0356  -0.0086  -0.0483   0.4015  19.554 0 0.6447
P26 3o1 2015  2 16 23 21 46.02   0.0802   0.2257   0.0100   0.0177  -0.0532  -0.2035   0.2395  19.555 1 0.6059
SMA 3o1 2015  2 16 23 21 45.40   0.1169   0.3291   0.0116   0.0165  -0.0217  -0.0989   0.3492  19.559 0 0.6259
OBN 3o1 2015  2 16 23 21 46.28   0.1278   0.3601   0.0125   0.0149  -0.0040  -0.0703   0.3821  19.547 0 0.6373
PRA 3o1 2015  2 16 23 21 37.81   0.1173   0.3301   0.0129   0.0176  -0.0793  -0.0775   0.3503  19.559 0 0.6262
HOR 3o1 2015  2 16 23 21 46.40   0.1338   0.3768   0.0208   0.0242   0.0030  -0.0541   0.3998  19.554 0 0.6438
BUC 3e1 2015  2 16 23 56 12.09  -0.0877  -0.2395   0.0114   0.0159  -0.0090   0.0043   0.2550 200.117 0 0.1171
CAL 3e1 2015  2 16 23 56 14.26  -0.0728  -0.1987   0.0057   0.0101   0.0196   0.0401   0.2116 200.127 0 0.0861
OBI 3e1 2015  2 16 23 56 14.14  -0.0838  -0.2287   0.0040   0.0058   0.0079   0.0104   0.2435 200.124 0 0.1069
P26 3e1 2015  2 16 23 56 16.96  -0.0956  -0.2610   0.0025   0.0034   0.0138  -0.0285   0.2780 200.116 0 0.1322
SMA 3e1 2015  2 16 23 56 18.89  -0.0737  -0.2014   0.0092   0.0145   0.0479   0.0267   0.2144 200.111 0 0.0878
HOR 3e1 2015  2 16 23 56 18.05  -0.0525  -0.1432   0.0115   0.0220   0.0639   0.0868   0.1525 200.132 0 0.0545
ADS 2o1 2015  2 18 13  5 21.57   0.0547   0.1512   0.0077   0.0113   0.0194  -0.0160   0.1608  19.906 0 0.6095
ADS 2e1 2015  2 18 13 34 31.34   0.0235   0.0627   0.0066   0.0208   0.0428   0.1370   0.0670  20.523 0 0.2907
VBO 2e1 2015  2 18 13 34 35.69  -0.0407  -0.1088   0.0066   0.0112  -0.0030  -0.0414   0.1162 200.528 0 0.6219
ARM 1o2 2015  2 19 20 23 30.42  -0.2144  -0.6061   0.0643   0.0399   0.0365  -0.0646   0.6429 199.482 0 0.8627
PT1 1o2 2015  2 19 20 23 20.96  -0.1641  -0.4636   0.0119   0.0094   0.0014   0.1076   0.4917 199.489 0 0.7825
COG 1o2 2015  2 19 20 23 22.30  -0.1937  -0.5475   0.0310   0.0229  -0.0159   0.0193   0.5807 199.483 0 0.8307
PRA 1o2 2015  2 19 20 23 19.13  -0.1909  -0.5395   0.0173   0.0129  -0.0413   0.0377   0.5723 199.482 0 0.8262
BAO 1o2 2015  2 19 20 23 20.46  -0.2163  -0.6111   0.0174   0.0113  -0.0552  -0.0384   0.6483 199.491 0 0.8653
ARM 1o3 2015  2 19 23 51 10.39   0.1220   0.3485   0.0198   0.0234  -0.0371   0.0775   0.3692  19.296 0 0.7307
PT1 1o3 2015  2 19 23 51 16.22   0.1269   0.3623   0.0026   0.0029   0.0074   0.0770   0.3839  19.296 0 0.7351
GIA 1o3 2015  2 19 23 51 16.16   0.1127   0.3220   0.0089   0.0110  -0.0067   0.0369   0.3411  19.294 0 0.7229
JVM 1o3 2015  2 19 23 51 21.52   0.1288   0.3680   0.0101   0.0122   0.0453   0.0705   0.3898  19.290 0 0.7369
COG 1o3 2015  2 19 23 51 19.11   0.1373   0.3921   0.0210   0.0250   0.0377   0.1000   0.4155  19.299 0 0.7447
OBM 1o3 2015  2 19 23 51 18.61   0.1243   0.3552   0.0088   0.0106   0.0215   0.0649   0.3764  19.293 0 0.7328
SMA 1o3 2015  2 19 23 51 18.82   0.1348   0.3853   0.0218   0.0296   0.0334   0.0944   0.4082  19.287 0 0.7425
COO 1o3 2015  2 19 23 51 15.99   0.1143   0.3267   0.0171   0.0229  -0.0063   0.0419   0.3461  19.288 0 0.7243
HOR 1o3 2015  2 19 23 51 21.31   0.0944   0.2696   0.0281   0.0399   0.0098  -0.0272   0.2857  19.289 0 0.7096
MAL 1o3 2015  2 19 23 51  6.85   0.1388   0.3966   0.0083   0.0091  -0.0435   0.1334   0.4202  19.291 0 0.7462
ARM 1e3 2015  2 20  0 39  3.49  -0.0852  -0.2330   0.0138   0.0194  -0.0426  -0.0219   0.2480 200.083 0 0.5629
PT1 1e3 2015  2 20  0 39  6.54  -0.0903  -0.2471   0.0026   0.0034  -0.0317  -0.0419   0.2631 200.081 0 0.5687
GIA 1e3 2015  2 20  0 39  5.47  -0.0854  -0.2336   0.0046   0.0064  -0.0324  -0.0264   0.2488 200.090 0 0.5634
COG 1e3 2015  2 20  0 39  5.50  -0.0711  -0.1946   0.0127   0.0217  -0.0180   0.0127   0.2071 200.085 0 0.5486
OBM 1e3 2015  2 20  0 39  5.83  -0.0843  -0.2305   0.0066   0.0094  -0.0294  -0.0239   0.2454 200.094 0 0.5619
Z92 1e3 2015  2 20  0 39  6.01  -0.0939  -0.2568   0.0026   0.0034  -0.0380  -0.0506   0.2735 200.083 0 0.5729
HOR 1e3 2015  2 20  0 39  9.83  -0.0864  -0.2364   0.0219   0.0307  -0.0105  -0.0375   0.2517 200.082 0 0.5643
MAL 1e3 2015  2 20  0 39  5.12  -0.0941  -0.2574   0.0058   0.0075  -0.0429  -0.0495   0.2741 200.089 0 0.5732
SEN 3o2 2015  2 23 16  1  7.32  -0.1736  -0.4912   0.0217   0.0197   0.0013  -0.0041   0.5210 199.462 0 0.6967
P26 3e2 2015  2 23 17 13 13.69  -0.2311  -0.6192   0.0126   0.0079   0.0147   0.0055   0.6609 200.471 0 0.5509
KOU 2o1 2015  2 25 15 10  1.00   0.0617   0.1732   0.0047   0.0065   0.0465   0.1304   0.1839  19.597 0 0.6283
KOU 2e1 2015  2 25 15 55 12.80   0.0469   0.1242   0.0054   0.0083   0.0642   0.0833   0.1328  20.677 0 0.6367
ARM 4o2 2015  2 26 20 27 52.31   0.2891   0.8313   0.0527   0.0278  -0.0257  -0.0177   0.8801  19.174 0 0.8520
NON 4o2 2015  2 26 20 27 59.79   0.2875   0.8268   0.0272   0.0143   0.0211  -0.0394   0.8754  19.175 0 0.8490
BUC 4o2 2015  2 26 20 27 54.14   0.2790   0.8023   0.0370   0.0208  -0.0220  -0.0521   0.8494  19.177 0 0.8323
URS 4o2 2015  2 26 20 27 34.07   0.3138   0.9027   0.0227   0.0117  -0.1135   0.0922   0.9557  19.169 1 0.8971
PKI 4o2 2015  2 26 20 27 36.95   0.2582   0.7426   0.0179   0.0101  -0.1495  -0.0743   0.7862  19.173 1 0.7897
SLO 4o2 2015  2 26 20 27 52.80   0.3008   0.8650   0.0312   0.0158  -0.0097   0.0142   0.9158  19.175 0 0.8739
PRA 4o2 2015  2 26 20 27 56.95   0.2964   0.8523   0.0147   0.0078   0.0121  -0.0075   0.9024  19.177 0 0.8658
VBO 4o2 2015  2 26 20 27 54.08   0.2894   0.8325   0.0058   0.0032  -0.0062  -0.0252   0.8813  19.169 0 0.8527
ARM 1o2 2015  2 26 22 21 23.43  -0.2444  -0.7006   0.0777   0.0426   0.0011   0.0315   0.7420 199.232 0 0.9103
ARM 4e2 2015  2 26 22 48 15.73   0.2205   0.5936   0.0193   0.0139  -0.0054   0.0712   0.6332  20.379 0 0.6212
BUC 1o2 2015  2 26 22 21 21.15  -0.2514  -0.7204   0.0821   0.0435  -0.0250   0.0184   0.7630 199.235 0 0.9203
GIA 1o2 2015  2 26 22 21 33.37  -0.2263  -0.6485   0.0236   0.0139   0.1081   0.0523   0.6869 199.234 0 0.8845
NON 1o2 2015  2 26 22 21 13.96  -0.2340  -0.6708   0.0441   0.0258  -0.0720   0.0905   0.7104 199.233 0 0.8957
BUC 4e2 2015  2 26 22 48 26.25   0.1945   0.5236   0.0258   0.0205   0.0238  -0.0192   0.5586  20.379 0 0.5479
URS 4e2 2015  2 26 22 48 27.43   0.1988   0.5349   0.0071   0.0058   0.0342  -0.0102   0.5707  20.383 0 0.5599
Z92 4e2 2015  2 26 22 48 19.78   0.2054   0.5527   0.0035   0.0027   0.0008   0.0225   0.5896  20.385 0 0.5787
OBI 4e2 2015  2 26 22 48 21.67   0.1925   0.5184   0.0126   0.0100  -0.0022  -0.0155   0.5530  20.375 0 0.5424
ROK 4e2 2015  2 26 22 47 37.32   0.0859   0.2313   0.0116   0.0159  -0.3412  -0.2163   0.2468  20.375 1 0.2647
URS 1e2 2015  2 26 23  4 30.67  -0.2451  -0.6586   0.0514   0.0277   0.3604  -0.1397   0.7028 200.410 1 0.8798
SCO 1o3 2015  2 27  2 20 21.87   0.0887   0.2569   0.0090   0.0128   0.0463   0.1711   0.2718  19.041 0 0.7050
SCO 4e3 2015  2 27  4 33 35.81   0.3748   1.0192   0.0112   0.0066   0.0529  -0.0606   1.0860  20.190 0 0.8958
ROK 1e3 2015  2 27  3 35 52.83  -0.0220  -0.0598   0.0150   0.0853  -0.0092   0.0033   0.0637 200.193 0 0.5107
SEN 1o2 2015  3  2 11 20 54.39  -0.2623  -0.7570   0.0385   0.0193   0.0568   0.0392   0.8011 199.112 0 0.9367
ARM 3o2 2015  3  2 18 45 40.49  -0.2304  -0.6603   0.0404   0.0302   0.0031   0.0181   0.6993 199.239 0 0.7791
PRA 3o2 2015  3  2 18 45 38.17  -0.2181  -0.6249   0.0120   0.0101  -0.0002   0.0586   0.6619 199.239 0 0.7603
ARM 3e2 2015  3  2 20 25 55.66  -0.1319  -0.3504   0.0096   0.0102  -0.0208   0.0014   0.3744 200.626 0 0.1947
MAI 3e2 2015  3  2 20 25 56.82  -0.1088  -0.2890   0.0021   0.0026   0.0088   0.0603   0.3088 200.631 0 0.1358
CAL 3e2 2015  3  2 20 26  0.35  -0.1085  -0.2884   0.0047   0.0080   0.0291   0.0534   0.3081 200.622 0 0.1353
PRA 3e2 2015  3  2 20 25 53.26  -0.1465  -0.3891   0.0028   0.0028  -0.0490  -0.0322   0.4158 200.634 0 0.2373
PUI 3e2 2015  3  2 20 25 56.62  -0.1294  -0.3439   0.0033   0.0035  -0.0128   0.0059   0.3674 200.619 0 0.1920
TRE 3e2 2015  3  2 20 25 54.69  -0.1313  -0.3487   0.0029   0.0030  -0.0257   0.0051   0.3726 200.633 0 0.1973
COM 3e2 2015  3  2 20 25 57.63  -0.0915  -0.2429   0.0132   0.0356   0.0308   0.1047   0.2596 200.631 0 0.0991
JVM 3e2 2015  3  2 20 25 59.08  -0.0985  -0.2617   0.0090   0.0122   0.0319   0.0828   0.2797 200.624 0 0.1133
TIE 3e2 2015  3  2 20 25 54.99  -0.1134  -0.3013   0.0144   0.0181  -0.0060   0.0519   0.3219 200.623 0 0.1471
KOU 2e1 2015  3  4 18 14 31.70   0.0502   0.1320   0.0022   0.0032   0.0038  -0.0065   0.1412  20.808 0 0.3414
KOU 2o1 2015  3  4 17 15  6.12  -0.0778  -0.2217   0.0094   0.0114  -0.0296  -0.1540   0.2350 199.337 0 0.6610
AAT 2o1 2015  3  4 17 15  0.89  -0.0379  -0.1079   0.0072   0.0118  -0.0179  -0.0305   0.1143 199.340 0 0.5980
PNA 2o1 2015  3  4 17 14 57.56  -0.0157  -0.0446   0.0889   0.2125  -0.0148   0.0398   0.0473 199.376 0 0.5803
CAL 2e1 2015  3  4 18 14 45.04   0.0560   0.1474   0.0043   0.0070   0.0732  -0.0152   0.1577  20.808 0 0.3562
TUN 2e1 2015  3  4 18 14 28.34   0.0622   0.1638   0.0038   0.0053  -0.0001   0.0314   0.1752  20.804 0 0.3729
P26 2e1 2015  3  4 18 14 33.39   0.0496   0.1306   0.0032   0.0047   0.0113  -0.0110   0.1397  20.811 0 0.3401
PZA 2e1 2015  3  4 18 14 32.66   0.0533   0.1403   0.0078   0.0115   0.0115   0.0000   0.1500  20.811 0 0.3496
Z11 2e1 2015  3  4 18 14 34.12  -0.0309  -0.0814   0.0035   0.0543  -0.0659  -0.2242   0.0871 200.810 1 0.3030
PNA 2e1 2015  3  4 18 14 32.94   0.0656   0.1727   0.0477   0.0634   0.0252   0.0319   0.1847  20.808 0 0.6681
MAI 2e1 2015  3  4 18 14 33.63   0.0626   0.1648   0.0049   0.0056   0.0254   0.0228   0.1763  20.813 0 0.3740
TIE 2e1 2015  3  4 18 14 23.38   0.0348   0.0916   0.0314   0.0504  -0.0512  -0.0318   0.0980  20.819 0 0.3084
NON 2e1 2015  3  4 18 14 32.63   0.0442   0.1163   0.0049   0.0078   0.0022  -0.0239   0.1244  20.813 0 0.3274
VES 1e2 2015  3  6  1 16 14.53  -0.2025  -0.5405   0.0258   0.0143  -0.0199  -0.0003   0.5772 200.543 0 0.7455
ADS 2e4 2015  3  7 14 58 39.54   0.1680   0.4495   0.0112   0.0105  -0.0073   0.0524   0.4799  20.496 0 0.7722
VBO 2e4 2015  3  7 14 58 42.73   0.1587   0.4248   0.0032   0.0029  -0.0019   0.0222   0.4535  20.487 0 0.7618
SCO 2o1 2015  3  8  6 18  0.31  -0.0471  -0.1350   0.0075   0.0192   0.0227  -0.0101   0.1430 199.216 0 0.6137
FCO 2e1 2015  3  8  7 24  1.27   0.0895   0.2347   0.0072   0.0076   0.0248   0.0398   0.2512  20.874 0 0.4553
MUR 3o4 2015  3  8  9 38 28.81   0.1867   0.5602   0.0207   0.0231   0.0579   0.1199   0.5905  18.438 0 0.8450
WAI 3o4 2015  3  8  9 39  4.21   0.1617   0.4852   0.0496   0.0499   0.1059   0.0207   0.5115  18.435 0 0.8268
ADS 3e4 2015  3  8 15 49 44.74   0.1855   0.5035   0.0058   0.0051  -0.0171   0.0229   0.5366  20.228 0 0.4821
MUR 3e4 2015  3  8 15 49 31.72   0.1440   0.3909   0.0105   0.0109  -0.0846  -0.0801   0.4166  20.223 0 0.3724
MUR 1o2 2015  3  9 13 20 57.64  -0.2635  -0.7696   0.0545   0.0277   0.2381   0.1286   0.8134 198.899 1 0.9451
MUR 1e2 2015  3  9 14 22 40.05  -0.1720  -0.4573   0.0066   0.0045  -0.0090   0.0240   0.4886 200.617 0 0.6276
ARM 3o2 2015  3  9 21 32 56.31  -0.2783  -0.8067   0.0604   0.0375  -0.0327   0.0548   0.8534 199.030 0 0.8590
B10 3o2 2015  3  9 21 33  2.72  -0.2919  -0.8461   0.0137   0.0077  -0.0021  -0.0004   0.8951 199.031 0 0.8789
ROT 3o2 2015  3  9 21 33  6.86  -0.2976  -0.8627   0.0452   0.0275   0.0206  -0.0260   0.9125 199.034 0 0.8870
P26 3o2 2015  3  9 21 33  4.58  -0.2818  -0.8166   0.0209   0.0124   0.0215   0.0259   0.8639 199.039 0 0.8641
PRA 3o2 2015  3  9 21 33  4.55  -0.2955  -0.8568   0.0232   0.0137   0.0071  -0.0149   0.9063 199.032 0 0.8841
JVM 3o2 2015  3  9 21 33 11.59  -0.2792  -0.8090   0.0303   0.0200   0.0710   0.0163   0.8558 199.041 0 0.8601
ARM 3e2 2015  3  9 23 39 30.95  -0.0311  -0.0819   0.0104   0.0242  -0.0180  -0.0130   0.0876 200.784 0 0.0196
NON 3e2 2015  3  9 23 39 32.17  -0.0263  -0.0693   0.0162   0.0389  -0.0065  -0.0029   0.0741 200.803 0 0.0166
NAR 3e2 2015  3  9 23 39 32.51  -0.0321  -0.0845   0.0021   0.0048  -0.0104  -0.0189   0.0904 200.789 0 0.0202
ROT 3e2 2015  3  9 23 39 31.37  -0.0213  -0.0561   0.0205   0.0515  -0.0059   0.0120   0.0600 200.793 0 0.0140
P26 3e2 2015  3  9 23 39 33.84  -0.0051  -0.0132   0.0236   0.0622   0.0241   0.0496   0.0142 200.899 0 0.0094
TRE 3e2 2015  3  9 23 39 28.87  -0.0312  -0.0822   0.0050   0.0116  -0.0297  -0.0088   0.0879 200.789 0 0.0214
Z11 3e2 2015  3  9 23 39 31.93  -0.0146  -0.0386   0.0084   0.0215   0.0039   0.0282   0.0413 200.768 0 0.0114
PNA 3e2 2015  3  9 23 39 25.65  -0.0995  -0.2623   0.0208   0.0281  -0.1159  -0.1821   0.2805 200.778 0 0.1119
BAO 3e2 2015  3  9 23 39 31.65  -0.0023  -0.0060   0.0955   0.2518   0.0146   0.0615   0.0064 201.044 0 0.0103
SCO 3o1 2015  3 10  6 33  7.98  -0.0708  -0.2079   0.0047   0.0087  -0.0539  -0.0715   0.2196 198.818 0 0.6092
ARM 2o1 2015  3 11 19 20 46.14  -0.0562  -0.1621   0.0230   0.0327   0.0223   0.0247   0.1716 199.132 0 0.6303
CAL 2o1 2015  3 11 19 20 47.77  -0.0620  -0.1789   0.0046   0.0065   0.0257   0.0044   0.1894 199.112 0 0.6399
COL 2o1 2015  3 11 19 20 43.86  -0.0670  -0.1934   0.0199   0.0256  -0.0013  -0.0025   0.2047 199.102 0 0.6482
PUI 2o1 2015  3 11 19 20 45.58  -0.0394  -0.1136   0.0044   0.0072   0.0360   0.0739   0.1202 199.122 0 0.6042
ZAC 2o1 2015  3 11 19 20 43.83  -0.0388  -0.1121   0.0166   0.0272   0.0270   0.0792   0.1186 199.097 0 0.6033
COM 2o1 2015  3 11 19 20 46.24  -0.0812  -0.2343   0.0151   0.0394  -0.0019  -0.0481   0.2480 199.115 0 0.6721
HOR 2o1 2015  3 11 19 20 42.93  -0.0580  -0.1674   0.0199   0.0281   0.0027   0.0255   0.1772 199.112 0 0.6333
JVM 2o1 2015  3 11 19 20 47.99  -0.0334  -0.0963   0.0118   0.0214   0.0559   0.0866   0.1019 199.116 0 0.5957
MAN 2o1 2015  3 11 19 20 47.59  -0.0523  -0.1509   0.0066   0.0097   0.0346   0.0328   0.1597 199.104 0 0.6241
VBO 2o1 2015  3 11 19 20 47.85  -0.0498  -0.1435   0.0019   0.0029   0.0408   0.0385   0.1519 199.127 0 0.6199
ARM 2e1 2015  3 11 20 32 59.25   0.0935   0.2443   0.0098   0.0100  -0.0066  -0.0009   0.2616  20.947 0 0.4664
VES 2e1 2015  3 11 20 33  2.55   0.0949   0.2481   0.0042   0.0042   0.0114  -0.0036   0.2656  20.945 0 0.4709
Z11 2e1 2015  3 11 20 33  3.88   0.0969   0.2532   0.0019   0.0019   0.0200  -0.0009   0.2711  20.947 0 0.4772
COL 2e1 2015  3 11 20 33  2.12   0.1510   0.3948   0.0109   0.0089   0.0653   0.1440   0.4227  20.937 0 0.6517
PUI 2e1 2015  3 11 20 33  1.50   0.0964   0.2517   0.0025   0.0025   0.0076   0.0021   0.2695  20.952 0 0.4760
ZAC 2e1 2015  3 11 20 33  1.53   0.0949   0.2480   0.0133   0.0133   0.0062  -0.0016   0.2656  20.943 0 0.4713
TIE 2e1 2015  3 11 20 32 56.26   0.0899   0.2349   0.0200   0.0222  -0.0252  -0.0047   0.2515  20.942 0 0.4548
HOR 2e1 2015  3 11 20 33  6.36   0.0945   0.2469   0.0100   0.0104   0.0300  -0.0120   0.2644  20.953 0 0.4695
MAN 2e1 2015  3 11 20 33  0.87   0.1020   0.2666   0.0029   0.0028   0.0101   0.0182   0.2855  20.944 0 0.4938
VBO 2e1 2015  3 11 20 33  4.67   0.0965   0.2521   0.0016   0.0017   0.0235  -0.0036   0.2699  20.956 0 0.4763
VOR 2e1 2015  3 11 20 32 57.42   0.0931   0.2434   0.0133   0.0138  -0.0162   0.0016   0.2606  20.935 0 0.4655
ADS 1e3 2015  3 13  9 58 55.18   0.0548   0.1477   0.0077   0.0143  -0.0088   0.0197   0.1576  20.372 0 0.5152
ARM 1e3 2015  3 13 23 30  1.74  -0.1084  -0.2904   0.0201   0.0226  -0.0478  -0.0730   0.3100 200.476 0 0.5593
P26 1e3 2015  3 13 23 30 21.43  -0.0490  -0.1312   0.0060   0.0117  -0.0170   0.0969   0.1400 200.473 0 0.4971
MUR 2e3 2015  3 14 12 23 43.40  -0.3335  -0.8836   0.0525   0.0267   0.0518   0.0375   0.9444 200.677 0 0.9611
SEN 2e3 2015  3 14 12 23 40.77  -0.3392  -0.8989   0.0428   0.0196   0.0356   0.0262   0.9608 200.676 0 0.9654
MUR 2e1 2015  3 15  9 42  5.71   0.0985   0.2565   0.0033   0.0035  -0.0042  -0.0538   0.2748  21.010 0 0.4817
SEN 2e1 2015  3 15  9 42  4.33   0.1204   0.3135   0.0031   0.0028   0.0107   0.0059   0.3358  21.008 0 0.5521
P26 4o2 2015  3 16  1 39  0.15  -0.0713  -0.2168   0.0219   0.0388   0.0725   0.1336   0.2282 198.199 0 0.4779
FCZ 4o2 2015  3 16  1 39  2.98  -0.1194  -0.3632   0.0043   0.0052   0.0302  -0.0185   0.3823 198.202 0 0.5271
FCO 4e2 2015  3 16  6 52 35.10   0.1615   0.4309   0.0091   0.0080   0.0152   0.0031   0.4602  20.541 0 0.4175
P26 1e2 2015  3 16 16 35 42.07  -0.1467  -0.3872   0.0106   0.0076  -0.0276  -0.0189   0.4140 200.753 0 0.5195
SCO 3e2 2015  3 17  2 53 13.96   0.0746   0.1950   0.0015   0.0024  -0.0129  -0.0118   0.2088  20.923 0 0.0634
P26 3o2 2015  3 17  0 23 13.99  -0.3307  -0.9679   0.1062   0.0514   0.0861  -0.0105   1.0229 198.864 0 0.9399
KOU 2o1 2015  3 18 21 27 17.23  -0.1243  -0.3624   0.0065   0.0059  -0.0293  -0.0601   0.3831 198.923 0 0.7529
GIA 2o1 2015  3 18 21 27 21.23  -0.0990  -0.2887   0.0059   0.0062   0.0186   0.0051   0.3052 198.924 0 0.7088
ARM 2o1 2015  3 18 21 27 17.06  -0.1099  -0.3204   0.0181   0.0180  -0.0170  -0.0180   0.3387 198.929 0 0.7277
AAT 2o1 2015  3 18 21 27 31.08  -0.0997  -0.2909   0.0133   0.0141   0.0763  -0.0164   0.3075 198.926 0 0.7101
O12 2o1 2015  3 18 21 27 18.26  -0.0921  -0.2686   0.0060   0.0063   0.0081   0.0311   0.2839 198.928 0 0.6966
OBI 2o1 2015  3 18 21 27 22.06  -0.1206  -0.3518   0.0102   0.0096   0.0018  -0.0594   0.3719 198.923 0 0.7463
P26 2o1 2015  3 18 21 27 21.89  -0.0744  -0.2170   0.0073   0.0090   0.0472   0.0760   0.2294 198.927 0 0.6658
PNA 2o1 2015  3 18 21 27 21.18  -0.0979  -0.2854   0.0236   0.0242   0.0196   0.0090   0.3018 198.936 0 0.7069
PRA 2o1 2015  3 18 21 27 18.17  -0.1051  -0.3063   0.0051   0.0055  -0.0052  -0.0063   0.3239 198.931 0 0.7192
PZA 2o1 2015  3 18 21 27 18.76  -0.1107  -0.3228   0.0065   0.0062  -0.0072  -0.0236   0.3413 198.922 0 0.7292
HOR 2o1 2015  3 18 21 27 25.76  -0.1231  -0.3589   0.0131   0.0123   0.0209  -0.0740   0.3795 198.932 0 0.7507
JVM 2o1 2015  3 18 21 27 18.91  -0.0800  -0.2333   0.0086   0.0108   0.0240   0.0652   0.2467 198.925 0 0.6754
UNI 2o1 2015  3 18 21 27 16.79  -0.0923  -0.2691   0.0067   0.0072  -0.0005   0.0335   0.2845 198.927 0 0.6969
NON 2o1 2015  3 18 21 27 22.58  -0.0983  -0.2867   0.0115   0.0121   0.0273   0.0045   0.3031 198.922 0 0.7075
ARM 2e1 2015  3 18 22 50 45.10   0.1406   0.3648   0.0118   0.0097   0.0149  -0.0031   0.3910  21.080 0 0.6157
O12 2e1 2015  3 18 22 50 42.68   0.1415   0.3672   0.0027   0.0022   0.0032   0.0042   0.3935  21.076 0 0.6186
Z11 2e1 2015  3 18 22 50 44.83   0.1435   0.3723   0.0048   0.0038   0.0163   0.0049   0.3990  21.078 0 0.6248
CAL 2e1 2015  3 18 22 50 25.83   0.1696   0.4398   0.0115   0.0086  -0.0570   0.1108   0.4714  21.083 0 0.7051
ROT 2e1 2015  3 18 22 50 44.51   0.1826   0.4735   0.0066   0.0048   0.0538   0.1068   0.5075  21.085 0 0.7432
OBM 2e1 2015  3 18 22 50 43.61   0.1421   0.3689   0.0065   0.0052   0.0086   0.0040   0.3953  21.072 0 0.6207
P26 2e1 2015  3 18 22 50 46.90   0.1406   0.3647   0.0071   0.0058   0.0243  -0.0068   0.3909  21.078 0 0.6156
PZA 2e1 2015  3 18 22 50 43.33   0.1428   0.3705   0.0058   0.0046   0.0078   0.0061   0.3970  21.078 0 0.6226
SMA 2e1 2015  3 18 22 50 42.28   0.1581   0.4101   0.0213   0.0181   0.0176   0.0478   0.4395  21.083 0 0.6702
TRE 2e1 2015  3 18 22 50 41.74   0.1438   0.3731   0.0046   0.0036   0.0005   0.0119   0.3998  21.079 0 0.6260
PNA 2e1 2015  3 18 22 50 58.33   0.1214   0.3148   0.0332   0.0296   0.0649  -0.0798   0.3374  21.085 0 0.7651
HOR 2e1 2015  3 18 22 50 42.70   0.1458   0.3781   0.0146   0.0117   0.0075   0.0150   0.4052  21.083 0 0.6319
JVM 2e1 2015  3 18 22 50 43.20   0.1317   0.3416   0.0063   0.0056  -0.0039  -0.0225   0.3661  21.084 0 0.5871
MAN 2e1 2015  3 18 22 50 41.12   0.1457   0.3781   0.0093   0.0074  -0.0008   0.0182   0.4052  21.079 0 0.6319
NON 2e1 2015  3 18 22 50 41.67   0.1434   0.3720   0.0101   0.0081  -0.0002   0.0110   0.3987  21.085 0 0.6244
UNI 2e1 2015  3 18 22 50 42.12   0.1440   0.3736   0.0043   0.0035   0.0027   0.0117   0.4004  21.081 0 0.6270
ROK 2e1 2015  3 18 22 50 46.49   0.1144   0.2965   0.0076   0.0069  -0.0041  -0.0742   0.3178  21.089 0 0.5311
KIN 1e2 2015  3 20  5 42 14.87  -0.1290  -0.3391   0.0016   0.0013  -0.0573  -0.0161   0.3628 200.828 0 0.4427
WAI 1o3 2015  3 20 10 27 21.79  -0.1161  -0.3480   0.0097   0.0109   0.0026   0.0642   0.3669 198.444 0 0.7293
SEN 1e3 2015  3 21 11 46 55.68   0.1302   0.3383   0.0035   0.0038  -0.0087   0.0026   0.3625  21.050 0 0.5999
VBO 2e3 2015  3 21 15 46  1.94  -0.2781  -0.7302   0.0046   0.0025   0.0004   0.0251   0.7814 200.851 0 0.9020
ADS 2o1 2015  3 22 10 31  7.10  -0.1192  -0.3490   0.0088   0.0086  -0.0028  -0.0032   0.3688 198.857 0 0.7471
MUR 2o1 2015  3 22 10 31 13.22  -0.0928  -0.2718   0.0058   0.0072   0.0602   0.0614   0.2872 198.850 0 0.7005
SEN 2o1 2015  3 22 10 31  8.92  -0.1168  -0.3421   0.0070   0.0066   0.0107   0.0022   0.3615 198.853 0 0.7430
ADS 2e1 2015  3 22 11 59 25.05   0.1698   0.4389   0.0060   0.0044   0.0142   0.0141   0.4706  21.150 0 0.7043
KUR 2e1 2015  3 22 11 59 28.27   0.1704   0.4404   0.0054   0.0041   0.0319   0.0089   0.4722  21.151 0 0.7060
MUR 2e1 2015  3 22 11 59 26.09   0.1666   0.4307   0.0067   0.0055   0.0165   0.0037   0.4618  21.148 0 0.6949
MAN 1e2 2015  3 23 18 48 59.40  -0.0998  -0.2617   0.0049   0.0046  -0.0350   0.0024   0.2801 200.879 0 0.3204
BUC 1e2 2015  3 23 18 49  0.46  -0.0845  -0.2213   0.0079   0.0080  -0.0123   0.0400   0.2369 200.893 0 0.2626
URS 1e2 2015  3 23 18 49  0.41  -0.0826  -0.2164   0.0070   0.0077  -0.0108   0.0451   0.2316 200.890 0 0.2550
ROT 1e2 2015  3 23 18 49  5.04  -0.0737  -0.1931   0.0042   0.0052   0.0297   0.0564   0.2066 200.896 0 0.2225
ROK 1e2 2015  3 23 18 48 57.20  -0.0432  -0.1130   0.0041   0.0068   0.0067   0.1568   0.1210 200.905 0 0.1334
TIE 1e2 2015  3 23 18 49  2.64  -0.0706  -0.1849   0.0303   0.0379   0.0164   0.0708   0.1979 200.895 0 0.2199
FOZ 3o4 2015  3 24  0 14 39.51   0.1969   0.5927   0.0092   0.0073   0.0003   0.1111   0.6245  18.379 0 0.8476
SCO 3e2 2015  3 24  6  7 28.11   0.1383   0.3587   0.0018   0.0018  -0.0535  -0.1159   0.3844  21.079 0 0.1962
ARM 3o4 2015  3 24  0 14 40.36   0.2013   0.6063   0.0708   0.0589   0.0127   0.1335   0.6389  18.369 0 0.8512
HOR 3o4 2015  3 24  0 14 44.00   0.2073   0.6241   0.0601   0.0504   0.0386   0.1452   0.6576  18.375 0 0.8559
JVM 3o4 2015  3 24  0 14 38.50   0.1736   0.5226   0.0289   0.0307  -0.0232   0.0527   0.5507  18.378 0 0.8287
PKI 2e4 2015  3 24 18 53 28.89   0.2243   0.6136   0.0063   0.0040  -0.0075  -0.0306   0.6533  20.077 0 0.8473
PRA 2e4 2015  3 24 18 54 38.91   0.2189   0.5989   0.0107   0.0076   0.0887  -0.0824   0.6377  20.080 0 0.8388
NON 2e4 2015  3 24 18 53 22.88   0.2278   0.6233   0.0167   0.0117  -0.0126  -0.0178   0.6636  20.076 0 0.8529
VBO 2e4 2015  3 24 18 53 32.55   0.2285   0.6251   0.0022   0.0016   0.0020  -0.0211   0.6655  20.077 0 0.8540
FOZ 2o1 2015  3 25 23 34 59.73  -0.1270  -0.3733   0.0055   0.0049  -0.0007   0.0201   0.3943 198.795 0 0.7646
OH8 2o1 2015  3 25 23 34 54.55  -0.1861  -0.5471   0.0835   0.0617  -0.0891  -0.1407   0.5779 198.786 0 0.8624
DAX 2o1 2015  3 25 23 34 59.48  -0.1336  -0.3927   0.0322   0.0306  -0.0073   0.0037   0.4148 198.782 0 0.7756
P26 2o1 2015  3 25 23 35  4.28  -0.1191  -0.3502   0.0173   0.0164   0.0357   0.0371   0.3699 198.781 0 0.7502
P26 2e1 2015  3 26  1  7 58.18   0.1789   0.4609   0.0192   0.0135   0.0580  -0.0462   0.4944  21.215 0 0.7298
KUR 1o3 2015  3 27 13 38 27.64  -0.1967  -0.5941   0.0151   0.0132  -0.0324  -0.0729   0.6258 198.317 0 0.8255
MUR 1o3 2015  3 27 13 38 36.01  -0.1642  -0.4961   0.0145   0.0159   0.0254   0.0166   0.5225 198.320 0 0.7869
MUR 1o3 2015  3 28 11 46 48.56  -0.2107  -0.6272   0.0106   0.0088  -0.1580  -0.0150   0.6616 198.572 1 0.8416
VBO 1e3 2015  3 28 15  3 39.12   0.2144   0.5540   0.0014   0.0011   0.0083  -0.0204   0.5941  21.152 0 0.7492
PRA 2e3 2015  3 28 19  7  0.05  -0.2323  -0.6044   0.0109   0.0073  -0.0281  -0.0441   0.6475 201.025 0 0.8371
VBO 2e3 2015  3 28 19  6 57.25  -0.2070  -0.5385   0.0044   0.0029  -0.0150   0.0265   0.5769 201.029 0 0.8000
MUR 2o1 2015  3 29 12 39 42.08  -0.1594  -0.4699   0.0119   0.0091   0.0917  -0.0738   0.4962 198.741 0 0.8232
MUR 2e1 2015  3 29 14 16  5.24   0.1950   0.5004   0.0140   0.0099  -0.0384  -0.0338   0.5370  21.287 0 0.7735
GIA 1e2 2015  3 30 21  2 35.83  -0.0872  -0.2269   0.0044   0.0046  -0.0719  -0.0630   0.2431 201.014 0 0.2680
KOU 3e1 2015  3 31 16 18 25.38   0.3477   0.9079   0.0157   0.0082   0.0041   0.0076   0.9722  20.956 0 0.8787
MUR 3e2 2015  3 31  9 22  6.35   0.2925   0.7532   0.0079   0.0048   0.0139   0.0123   0.8080  21.223 0 0.7395
WAI 3e2 2015  3 31  9 22  4.44   0.2817   0.7256   0.0087   0.0054  -0.0069  -0.0115   0.7783  21.222 0 0.7044
ADS 3e1 2015  3 31 16 18 11.21   0.3337   0.8715   0.0569   0.0313  -0.1043   0.0074   0.9332  20.954 0 0.8485
OPD 2o1 2015  4  2  1 43 56.33  -0.1496  -0.4420   0.0053   0.0041   0.0156   0.0241   0.4666 198.696 0 0.8103
FOZ 2o1 2015  4  2  1 43 52.74  -0.1551  -0.4584   0.0098   0.0075  -0.0120   0.0149   0.4840 198.698 0 0.8196
NAR 2o1 2015  4  2  1 43 54.57  -0.1736  -0.5132   0.0052   0.0040  -0.0201  -0.0413   0.5418 198.693 0 0.8503
NAR 2e1 2015  4  2  3 24 13.43   0.2504   0.6407   0.0061   0.0035   0.0044   0.0404   0.6879  21.349 0 0.9047
PUI 4e3 2015  4  2 19 13  1.43   0.4410   1.1610   0.0199   0.0100   0.0137  -0.0350   1.2420  20.797 0 0.9658
TRE 4e3 2015  4  2 19 12 49.49   0.4445   1.1707   0.0173   0.0084  -0.0085  -0.0155   1.2522  20.791 0 0.9681
VBO 4e3 2015  4  2 19 13 14.51   0.4404   1.1600   0.0324   0.0162   0.0414  -0.0467   1.2408  20.792 0 0.9657
VBO 1o3 2015  4  4 15  0 39.05  -0.2094  -0.6266   0.0038   0.0032  -0.0274  -0.0028   0.6607 198.477 0 0.8454
HOR 1e3 2015  4  4 18  7 51.20   0.2811   0.7224   0.0429   0.0272   0.0367  -0.1045   0.7751  21.259 0 0.8584
CAL 2e3 2015  4  4 22 27  4.61  -0.1347  -0.3473   0.0069   0.0072  -0.0318   0.0120   0.3725 201.195 0 0.6989
STC 2e3 2015  4  4 22 27  6.72  -0.1344  -0.3466   0.0128   0.0149  -0.0221   0.0091   0.3717 201.191 0 0.6985
I73 2e3 2015  4  4 22 27 12.56  -0.1402  -0.3616   0.0131   0.0130  -0.0017  -0.0161   0.3878 201.190 0 0.7055
HOR 2e3 2015  4  4 22 27 11.33  -0.1292  -0.3332   0.0224   0.0234   0.0038   0.0144   0.3573 201.189 0 0.6925
MAN 2e3 2015  4  4 22 27  6.10  -0.1369  -0.3533   0.0072   0.0071  -0.0274   0.0034   0.3789 201.188 0 0.7016
NON 2e3 2015  4  4 22 27  8.96  -0.1639  -0.4229   0.0135   0.0113  -0.0415  -0.0712   0.4536 201.181 0 0.7361
PT1 2e3 2015  4  4 22 27  7.02  -0.2000  -0.5157   0.0237   0.0165  -0.0863  -0.1606   0.5531 201.195 0 0.7875
AAT 2o1 2015  4  5 14 47 58.67  -0.1583  -0.4684   0.0144   0.0110  -0.3390   0.1501   0.4944 198.674 1 0.8283
VBO 2e1 2015  4  5 16 32 25.23   0.2697   0.6877   0.0097   0.0051   0.0273   0.0134   0.7387  21.416 0 0.9368
ARM 1e2 2015  4  6 23 16 33.97  -0.0401  -0.1036   0.0127   0.0221  -0.0597  -0.0393   0.1111 201.175 0 0.1197
PT1 1e2 2015  4  6 23 16 36.69  -0.0105  -0.0271   0.0043   0.0110  -0.0124   0.0304   0.0290 201.232 0 0.0818
T1I 1e2 2015  4  6 23 16 37.67  -0.0105  -0.0272   0.0043   0.0109  -0.0059   0.0277   0.0291 201.074 0 0.0818
T1T 1e2 2015  4  6 23 16 37.39  -0.0418  -0.1080   0.0035   0.0081  -0.0390  -0.0523   0.1158 201.141 0 0.3892
P26 1e2 2015  4  6 23 16 39.81  -0.0583  -0.1506   0.0248   0.0351  -0.0398  -0.1011   0.1615 201.162 0 0.1667
PZA 1e2 2015  4  6 23 16 36.25  -0.0288  -0.0745   0.0198   0.0400  -0.0336  -0.0159   0.0799 201.134 0 0.0985
MAN 1e2 2015  4  6 23 16 36.08  -0.0340  -0.0878   0.0018   0.0034  -0.0398  -0.0288   0.0942 201.177 0 0.1073
TIE 1e2 2015  4  6 23 16 35.42  -0.0422  -0.1090   0.0120   0.0204  -0.0524  -0.0484   0.1169 201.174 0 0.1245
ADS 3e2 2015  4  7 12 37 41.48   0.4041   1.0334   0.0823   0.0392   0.1425  -0.0053   1.1096  21.359 1 0.9644
JVM 3e1 2015  4  7 19  2 51.94   0.4075   1.0575   0.0759   0.0371   0.1386  -0.0572   1.1333  21.072 1 0.9633
ARM 2o4 2015  4  8 22 57 25.59   0.1644   0.4907   0.0905   0.0708   0.2493   0.2476   0.5175  18.526 1 0.8870
SCO 2e1 2015  4  9  5 40  6.95   0.2887   0.7334   0.0360   0.0179  -0.0424   0.0210   0.7882  21.485 0 0.9611
SCO 2o1 2015  4  9  3 54  7.03  -0.1523  -0.4508   0.0066   0.0053   0.0359   0.0715   0.4758 198.664 0 0.8211
MUR 1e2 2015  4 10 12 23 45.14  -0.0094  -0.0242   0.0030   0.0253  -0.0139  -0.0186   0.0260 201.195 0 0.0783
P26 1o3 2015  4 11 18  0 33.76  -0.2046  -0.6133   0.0106   0.0081  -0.0416   0.0584   0.6465 198.449 0 0.8447
VBO 1o3 2015  4 11 18  0 38.69  -0.2214  -0.6638   0.0107   0.0083  -0.0330  -0.0017   0.6997 198.450 0 0.8645
AAT 1o3 2015  4 11 18  0 30.21  -0.2146  -0.6431   0.0103   0.0076  -0.0669   0.0337   0.6780 198.451 0 0.8566
P26 1e3 2015  4 11 21  3 47.72   0.3907   0.9981   0.0825   0.0412  -0.0255  -0.0305   1.0719  21.376 0 0.9745
LAV 2e3 2015  4 12  1 45 45.32  -0.0610  -0.1560   0.0098   0.0165  -0.0625  -0.0104   0.1675 201.355 0 0.6346
DUN 2e3 2015  4 12  1 45 55.67  -0.0420  -0.1076   0.0287   0.0601   0.0044   0.0193   0.1155 201.331 0 0.6257
NAR 2e3 2015  4 12  1 45 48.96  -0.1302  -0.3329   0.0099   0.0268  -0.1148  -0.1939   0.3575 201.353 1 0.6934
FCO 2e3 2015  4 12  1 45 51.87  -0.1275  -0.3262   0.0085   0.0091  -0.0987  -0.1924   0.3502 201.344 1 0.6917
CAL 1e2 2015  4 14  1 30 58.45   0.0370   0.0951   0.0068   0.0120   0.0245   0.0500   0.1020  21.275 0 0.1089
DUN 1e2 2015  4 14  1 30 56.72   0.0254   0.0653   0.0126   0.0256   0.0019   0.0246   0.0701  21.235 0 0.0889
SCO 2o1 2015  4 16  6  5 13.93  -0.1664  -0.4924   0.0170   0.0128  -0.0815   0.1034   0.5198 198.675 0 0.8514
NAR 4o3 2015  4 18  1 32 26.04  -0.0218  -0.0661   0.0062   0.0161   0.0139  -0.0096   0.0696 198.271 0 0.3754
ARM 1o3 2015  4 18 20 54 36.75  -0.2338  -0.6995   0.0401   0.0275  -0.0456  -0.0218   0.7376 198.481 0 0.8838
O12 1o3 2015  4 18 20 54 38.17  -0.2146  -0.6421   0.0110   0.0079  -0.0184   0.0328   0.6770 198.482 0 0.8614
VES 1o3 2015  4 18 20 55 16.17  -0.1878  -0.5620   0.0068   0.0055   0.2085   0.0462   0.5926 198.479 1 0.8287
JVM 1o3 2015  4 18 20 54 21.36  -0.2062  -0.6168   0.0252   0.0213  -0.0985   0.0879   0.6504 198.481 0 0.8513
GRE 1o3 2015  4 18 20 54 41.52  -0.2280  -0.6823   0.0359   0.0258  -0.0143  -0.0132   0.7194 198.481 0 0.8772
P26 1o3 2015  4 18 20 54 30.56  -0.1969  -0.5893   0.0155   0.0120  -0.0407   0.0998   0.6213 198.480 0 0.8400
PNA 1o3 2015  4 18 20 54 27.96  -0.2024  -0.6053   0.0612   0.0454  -0.0598   0.0883   0.6383 198.484 0 0.8468
PUI 1o3 2015  4 18 20 54 35.18  -0.2270  -0.6792   0.0110   0.0080  -0.0466   0.0008   0.7162 198.483 0 0.8761
PUI 2o1 2015  4 19 19 11 46.34  -0.1869  -0.5522   0.0102   0.0066   0.0132   0.0134   0.5830 198.699 0 0.8878
NON 2o1 2015  4 19 19 11 50.50  -0.2068  -0.6109   0.0387   0.0226   0.0197  -0.0538   0.6450 198.700 0 0.9176
JVM 2o1 2015  4 19 19 11 45.77  -0.1845  -0.5451   0.0211   0.0146   0.0121   0.0220   0.5755 198.703 0 0.8839
PUI 1o3 2015  4 18 20 54 35.18  -0.2270  -0.6792   0.0110   0.0080  -0.0466   0.0008   0.7162 198.483 0 0.8761
SCO 1e2 2015  4 21  3 45 34.34   0.0580   0.1479   0.0017   0.0028  -0.0198   0.0290   0.1588  21.410 0 0.1571
FOU 3o1 2015  4 21 21 46  2.35  -0.1799  -0.5388   0.0142   0.0113  -0.0048   0.1390   0.5681 198.458 0 0.7492
AAT 3o2 2015  4 21 15 26  3.14  -0.3072  -0.9056   0.0788   0.0363   0.0013   0.1315   0.9563 198.740 0 0.9519
ARM 3o1 2015  4 21 21 46  5.74  -0.2353  -0.7047   0.0298   0.0194  -0.0372  -0.0343   0.7429 198.464 0 0.8409
O12 3o1 2015  4 21 21 46  8.19  -0.2142  -0.6417   0.0074   0.0053   0.0015   0.0226   0.6765 198.463 0 0.8068
GRE 3o1 2015  4 21 21 45 56.17  -0.1979  -0.5927   0.0220   0.0166  -0.0657   0.0996   0.6249 198.462 0 0.7795
Z11 3o1 2015  4 21 21 46  5.15  -0.2596  -0.7778   0.0216   0.0132  -0.0655  -0.1061   0.8200 198.459 0 0.8785
LMS 1o3 2015  4 21 21 45 57.46   0.1954   0.5853   0.0551   0.0391   0.0543  -0.1040   0.6171  18.462 0 0.8454
HOR 3o1 2015  4 21 21 46  5.98  -0.2185  -0.6542   0.0348   0.0248  -0.0180   0.0156   0.6898 198.465 0 0.8136
JVM 3o1 2015  4 21 21 46 12.89  -0.2148  -0.6434   0.0253   0.0193   0.0335   0.0103   0.6783 198.460 0 0.8077
OPF 3o1 2015  4 21 21 46  6.08  -0.2183  -0.6541   0.0259   0.0188  -0.0171   0.0151   0.6895 198.458 0 0.8135
DAX 3o1 2015  4 21 21 46 11.42  -0.2258  -0.6763   0.0363   0.0248   0.0122  -0.0195   0.7130 198.460 0 0.8257
WAI 2o1 2015  4 23  8 18 16.41  -0.1931  -0.5690   0.0230   0.0136   0.0435  -0.0148   0.6009 198.742 0 0.9000
ARM 1o3 2015  4 25 23 45  4.94  -0.2253  -0.6707   0.0794   0.0550  -0.1252   0.0207   0.7075 198.566 0 0.8783
OPD 1o3 2015  4 25 23 45 17.85  -0.2190  -0.6520   0.0100   0.0069  -0.0461   0.0110   0.6878 198.567 0 0.8709
LAV 1o4 2015  4 26  2  1 15.96   0.2875   0.8608   0.0701   0.0295   0.0528   0.0425   0.9076  18.466 0 0.9749
NAR 1o4 2015  4 26  2  1  3.45   0.2472   0.7404   0.0180   0.0096  -0.0624  -0.0531   0.7806  18.462 0 0.9492
MUR 2e3 2015  4 26  8 20 32.22   0.1728   0.4351   0.0110   0.0110   0.0212   0.0912   0.4681  21.656 0 0.7446
ADS 3o4 2015  4 27 10 12 58.31  -0.0979  -0.3009   0.0115   0.0159  -0.0894  -0.1008   0.3164 198.024 0 0.8010
GAR 1e2 2015  4 28  6  0 38.41   0.0747   0.1892   0.0013   0.0015  -0.0284  -0.0113   0.2034  21.534 0 0.2059
SCO 1e2 2015  4 28  6  0 37.58   0.0663   0.1680   0.0074   0.0094  -0.0418  -0.0306   0.1806  21.529 0 0.1786
OPD 3o1 2015  4 29  0 29  5.44  -0.2095  -0.6237   0.0090   0.0064  -0.0237   0.0105   0.6579 198.570 0 0.8043
ADS 2o1 2015  4 30 10 31 54.87  -0.1865  -0.5464   0.0180   0.0115  -0.0250   0.0198   0.5774 198.849 0 0.8948
ADS 4o3 2015  5  3 10 39 49.96   0.2938   0.8706   0.0180   0.0097  -0.0094  -0.0263   0.9188  18.647 0 0.8741
ADS 2e3 2015  5  3 11 36 48.36   0.2362   0.5904   0.0149   0.0106  -0.0141  -0.0058   0.6359  21.806 0 0.8316
FLY 1e2 2015  5  5  8 16  7.18   0.1390   0.3505   0.0042   0.0037   0.0031   0.0796   0.3771  21.632 0 0.4565
089 1e2 2015  5  8 21 24  9.64   0.1220   0.3067   0.0157   0.0141  -0.0011  -0.0078   0.3301  21.692 0 0.3851
TUN 1e2 2015  5  8 21 24  3.38   0.1277   0.3209   0.0123   0.0103  -0.0314   0.0207   0.3453  21.700 0 0.4075
PUI 1e2 2015  5  8 21 24  5.87   0.1129   0.2837   0.0039   0.0037  -0.0319  -0.0221   0.3053  21.693 0 0.3478
PZA 1e2 2015  5  8 21 24  5.21   0.1162   0.2922   0.0161   0.0139  -0.0324  -0.0121   0.3145  21.688 0 0.3604
UNI 1e2 2015  5  8 21 24  3.74   0.1240   0.3119   0.0088   0.0074  -0.0330   0.0109   0.3357  21.687 0 0.3935
OPF 1e2 2015  5  8 21 24  7.78   0.0912   0.2293   0.0051   0.0056  -0.0426  -0.0809   0.2468  21.695 0 0.2607
NON 1e2 2015  5  8 21 24  5.66   0.1466   0.3684   0.0126   0.0102   0.0006   0.0630   0.3965  21.695 0 0.4859
CAB 3o2 2015  5 13  1 13 47.54  -0.1962  -0.5625   0.0137   0.0100  -0.0013  -0.0007   0.5957 199.224 0 0.7784
CAB 3o2 2015  5 13  1 13 49.32  -0.1930  -0.5536   0.0110   0.0081   0.0103   0.0052   0.5863 199.220 0 0.7724
CAB 3o2 2015  5 13  1 13 47.08  -0.1910  -0.5478   0.0107   0.0080   0.0017   0.0148   0.5801 199.222 0 0.7683
OLI 3o2 2015  5 13  1 13 50.58  -0.1934  -0.5547   0.0100   0.0074   0.0158   0.0021   0.5874 199.223 0 0.7731
DFL 3o1 2015  5 13  6  7 54.78  -0.1581  -0.4618   0.0403   0.0363   0.1377  -0.0298   0.4881 198.899 1 0.7202
CAL 1e2 2015  5 15 23 40 18.95   0.1501   0.3751   0.0060   0.0050  -0.0184   0.0090   0.4040  21.805 0 0.4970
LJN 1e2 2015  5 15 23 40 17.61   0.1423   0.3560   0.0099   0.0088  -0.0336  -0.0071   0.3834  21.793 0 0.4653
SAU 1e2 2015  5 15 23 40 22.53   0.1548   0.3869   0.0143   0.0112   0.0062   0.0129   0.4167  21.802 0 0.5165
UMA 3o2 2015  5 20  4 36 38.01  -0.1156  -0.3273   0.0101   0.0241   0.0353   0.0200   0.3471 199.455 0 0.6374
PKI 2o1 2015  5 21 17 19 33.92  -0.1275  -0.3615   0.0083   0.0065   0.0139   0.0226   0.3833 199.423 0 0.8000
NAR 1e2 2015  5 23  1 57  6.22   0.1680   0.4178   0.0023   0.0018  -0.0244   0.0014   0.4503  21.911 0 0.5671
WAI 2o1 2015  4 23  8 18 12.69  -0.1833  -0.5405   0.0371   0.0231   0.0299   0.0216   0.5708 198.737 0 0.8849
MUR 3o2 2015  5 27  8  2 47.25  -0.0236  -0.0658   0.0124   0.0321   0.0239   0.0619   0.0699 199.697 0 0.6158
DFC 3o2 2015  5 27  8  2 50.86  -0.1420  -0.3964   0.0092   0.0091  -0.0788  -0.2743   0.4211 199.713 1 0.6806
WAN 3o2 2015  5 27  8  2 49.27  -0.0797  -0.2225   0.0095   0.0164  -0.0233  -0.0980   0.2363 199.710 0 0.6158
P26 2o1 2015  5 28 19 37 13.16  -0.0765  -0.2137   0.0194   0.0210   0.0543   0.0635   0.2269 199.689 0 0.6989
PZA 2o1 2015  5 28 19 37 14.38  -0.1302  -0.3639   0.0542   0.0433   0.0083  -0.0895   0.3865 199.685 0 0.8070
KUR 2o1 2015  6  1  8 46 15.42  -0.0739  -0.2049   0.0045   0.0051   0.0190   0.0193   0.2178 199.833 0 0.6940
MUR 2o1 2015  6  1  8 46 13.20  -0.0698  -0.1938   0.0073   0.0088   0.0088   0.0355   0.2060 199.819 0 0.6857
FLY 2o1 2015  6  1  8 45 56.61  -0.0954  -0.2648   0.0101   0.0112  -0.1231   0.0028   0.2814 199.818 1 0.7382
VBO 3o1 2015  6  3 15 31 26.55  -0.0340  -0.0955   0.0109   0.0259   0.0099   0.0863   0.1014 199.578 0 0.5896
MUR 3o1 2015  6  4  7 16 56.95  -0.0790  -0.2235   0.0077   0.0080   0.0398   0.1544   0.2370 199.460 0 0.5993
DFL 1e2 2015  6  6  6 32 38.67   0.1887   0.4644   0.0065   0.0047  -0.0467  -0.0226   0.5013  22.110 0 0.6423
089 1e2 2015  6  9 19 41 50.04   0.2055   0.5046   0.0387   0.0255  -0.0588   0.0144   0.5449  22.153 0 0.7039
MUR 1e2 2015  6 13  8 51 46.45   0.2086   0.5111   0.0069   0.0047  -0.0115  -0.0088   0.5520  22.200 0 0.7138
KUR 1e2 2015  6 13  8 51 44.75   0.2104   0.5153   0.0070   0.0046  -0.0175  -0.0015   0.5566  22.208 0 0.7199
FLY 1e2 2015  6 13  8 51 57.88   0.1724   0.4226   0.0119   0.0088   0.0049  -0.1188   0.4564  22.191 0 0.8138
CAL 1e2 2015  6 16 22  1 31.55   0.2055   0.5024   0.0126   0.0088  -0.0162  -0.0260   0.5428  22.246 0 0.7014
UMA 2o1 2015  6 26  4 53 47.33   0.0969   0.2535   0.0083   0.0073  -0.0211  -0.0199   0.2714  20.918 0 0.7423
