501 410283505662420242 2138.820492260161  169.41856566976065   5.66718379296759   0.685984223670418336  0.672265550144707791  0.291070062706469512
501 410283505662420243 2138.820548514127  169.41857544345532   5.66717334823197   0.685983494284614803  0.672266160488721787  0.291070324799081515
501 410283505662420244 2138.820604757086  169.41858939679909   5.66717395295014   0.685982765040869857  0.672266770712666495  0.291070586840131762
501 410283505662420245 2138.820661004258  169.41860033480165   5.66716969413487   0.685982035741848573  0.672267380981669938  0.291070848900529144
501 410283505662420246 2138.820717250505  169.41861168384929   5.66716157506023   0.685981306454163331  0.672267991239991813  0.291071110956337753
501 410283505662420248 2138.820829739584  169.41863528451813   5.66715572615036   0.685979847921134533  0.672269211717617110  0.291071635051193711
501 410283505662420249 2138.820885947323  169.41865145385353   5.66715047528981   0.685979119130784798  0.672269821556190639  0.291071896926749007
501 511862655069927463 2322.521269779377  164.76620532347283   7.97283367681422  -0.636487704761873552 -0.726686044437785283 -0.315511680650474025
501 511862655069927464 2322.521326022798  164.76621106161954   7.97283146070778  -0.636486961727333211 -0.726686609404593287 -0.315511927950613447
501 511862655069927465 2322.521382264721  164.76621850691566   7.97282997412063  -0.636486218712002727 -0.726687174355694299 -0.315512175243879145
501 511862655069927466 2322.521438514736  164.76622199341116   7.97283298534259  -0.636485475589183336 -0.726687739387423037 -0.315512422572439444
501 670756422833247023 2609.872561032788  201.45435501819219  -7.40783800004973  -0.895302423775014011  0.403576470631610673  0.175366653510262482
501 670756422833247024 2609.872617282415  201.45435846054784  -7.40783596000781  -0.895302867308475636  0.403575656874015032  0.175366302951778158
501 670756422833247025 2609.872673532080  201.45436189667015  -7.40783140168372  -0.895303310841358835  0.403574843115489190  0.175365952392889518
501 670853828886095962 2610.048658639160  201.43905105710132  -7.39983250408540  -0.896686694314106969  0.401026972110693436  0.174268337598986023
501 670853828886095963 2610.048714888970  201.43904507180113  -7.39983025064774  -0.896687135116246425  0.401026157129608318  0.174267986501973393
501 670853828886095965 2610.048827375244  201.43903057252697  -7.39981872251254  -0.896688016613322869  0.401024527359630623  0.174267284390734384
501 670853828886095966 2610.048883626342  201.43902618944082  -7.39981932040624  -0.896688457422933016  0.401023712358722306  0.174266933285170789
501 671309731093998992 2610.873134598049  201.34433082685516  -7.35991662267154  -0.903053661307940625  0.389040146983542501  0.169103968619454620
501 671309731093998993 2610.873190848742  201.34432930223306  -7.35991300006447  -0.903054089268770399  0.389039326380192674  0.169103615045720995
501 671309731093998995 2610.873303357139  201.34433490270911  -7.35992040423025  -0.903054945241128504  0.389037685070089956  0.169102907853689116
501 671309731093998996 2610.873359606479  201.34433264280077  -7.35991968014707  -0.903055373189030175  0.389036864485339806  0.169102554287958257
501 671309731093998997 2610.873415856895  201.34433638157705  -7.35991603317560  -0.903055801144231451  0.389036043884529781  0.169102200715303908
501 671545470439964893 2611.299513433185  201.36287028937141  -7.36794531152291  -0.906272300502459771  0.382809233312341957  0.166419143466800590
501 671545470439964894 2611.299569680762  201.36287244036279  -7.36794679521104  -0.906272721761619549  0.382808409922788417  0.166418788663846684
501 671545470439964895 2611.299625931279  201.36287563415937  -7.36794833433897  -0.906273143041907647  0.382807586489842311  0.166418433842190849
501 671545470439964897 2611.299738421602  201.36288131582884  -7.36794515256290  -0.906273985519621794  0.382805939779626125  0.166417724265949363
501 671545470439964898 2611.299794669735  201.36288428265837  -7.36794855372002  -0.906274406779405628  0.382805116380471322  0.166417369458842918
501 671545470439964899 2611.299850883149  201.36288701519143  -7.36795040725575  -0.906274827778294934  0.382804293489170999  0.166417014870569979
501 671586393074323524 2611.373576206081  201.36608900722581  -7.36891715644900  -0.906826219776238118  0.381724732486184382  0.165951822971305729
501 671586393074323525 2611.373632455877  201.36609336256916  -7.36891374220790  -0.906826639889675379  0.381723908577109805  0.165951467939468161
501 671586393074323526 2611.373688705656  201.36609043585855  -7.36891213060950  -0.906827060002112773  0.381723084667895396  0.165951112907566589
501 671586393074323527 2611.373744955203  201.36609209504002  -7.36890763263159  -0.906827480111931150  0.381722260761715615  0.165950757876968780
501 671586393074323528 2611.373801204929  201.36609342488893  -7.36890776174854  -0.906827900222203831  0.381721436852544505  0.165950402845078171
501 671822126514221962 2611.799775591034  201.34984103593581  -7.35854002268910  -0.909984007504366477  0.375471509682301696  0.163257127732157115
501 671822126514221963 2611.799831839237  201.34983438428239  -7.35853593751995  -0.909984420904289437  0.375470683021614737  0.163256771485489866
501 671822126514221964 2611.799888086744  201.34982676051717  -7.35853561192113  -0.909984834298215306  0.375469856370785449  0.163256415243066999
501 671822126514221965 2611.799944335955  201.34982129215902  -7.35853295564895  -0.909985247703774869  0.375469029694557754  0.163256058989694836
501 671822126514221967 2611.800056825127  201.34980725376315  -7.35852610872020  -0.909986074444259940  0.375467376476944337  0.163255346541048618
501 671822126514221968 2611.800113072926  201.34979980092709  -7.35852646396140  -0.909986487836786373  0.375466549820375251  0.163254990296136659
501 671863047802526603 2611.873835939872  201.34025781627341  -7.35394389219536  -0.910527551499453525  0.374382755767383557  0.162787929515081864
501 671863047802526604 2611.873892188900  201.34024815011372  -7.35393716593116  -0.910527963738631541  0.374381928617201210  0.162787573052378037
501 671863047802526605 2611.873948439073  201.34024500942576  -7.35393228378945  -0.910528375985316774  0.374381101449814735  0.162787216582256145
501 671863047802526606 2611.874004687970  201.34023962614623  -7.35393223023644  -0.910528788221763863  0.374380274300830651  0.162786860120060911
501 671863047802526607 2611.874060937202  201.34022409955497  -7.35392582371009  -0.910529200459772814  0.374379447146571509  0.162786503655588582
501 671863047802526609 2611.874173410826  201.34021087514728  -7.35392679220441  -0.910530024751097899  0.374377793202219977  0.162785790883570952
501 672001373616719282 2612.123934917350  201.30023312236568  -7.33599774328671  -0.912351716784486122  0.370701448243354881  0.161201421307762410
501 672001373616719283 2612.123991168030  201.30022937865533  -7.33599693112247  -0.912352125090499233  0.370700619467387693  0.161201064127142968
501 672001373616719284 2612.124047416434  201.30021290401416  -7.33599059715763  -0.912352533379097608  0.370699790724607625  0.161200706960822393
501 672001373616719285 2612.124103665149  201.30021192724746  -7.33598473773265  -0.912352941669066553  0.370698961976885233  0.161200349792367914
501 672001373616719287 2612.124216165992  201.30018944056562  -7.33597426278750  -0.912353758271118864  0.370697304430068098  0.161199635433307037
501 672098779134821281 2612.300031591781  201.27326428831117  -7.32476512627041  -0.913625594331188062  0.368105156121545818  0.160082468642076009
501 672098779134821282 2612.300087794509  201.27325492221368  -7.32476470646540  -0.913625999509114828  0.368104326935259352  0.160082111272396299
501 672098779134821286 2612.300312781451  201.27322625763239  -7.32475057109160  -0.913627621480970320  0.368101007589500540  0.160080680672804232
501 672098779134821287 2612.300369030720  201.27321750298177  -7.32474857791099  -0.913628026989971365  0.368100177714801635  0.160080323006407149
501 672098779134821288 2612.300425279689  201.27320945038682  -7.32474234125730  -0.913628432495924847  0.368099347844164371  0.160079965341756669
501 672098779134821289 2612.300481495252  201.27320098492615  -7.32474338082806  -0.913628837760163459  0.368098518466023761  0.160079607889362679
501 672278031973022662 2612.624257464691  201.24884176498458  -7.31590477418654  -0.915948227394372760  0.363315811435090619  0.158018251328320786
501 672278031973022663 2612.624313724009  201.24884422696945  -7.31590746598323  -0.915948627847007590  0.363314979376856306  0.158017892698171403
501 672278031973022666 2612.624482472525  201.24884396875009  -7.31590180844805  -0.915949828990038517  0.363312483635396255  0.158016816994433984
501 672278031973022668 2612.624594974461  201.24884142771813  -7.31590319414236  -0.915950629768419566  0.363310819762745929  0.158016099839189156
501 672375441284348261 2612.800361068468  201.25162055325333  -7.31771602707705  -0.917197359675720691  0.360709577446862772  0.156894904218025599
501 672375441284348262 2612.800417270368  201.25162242442264  -7.31771998424470  -0.917197756929220898  0.360708745144095677  0.156894545470090102
501 672375441284348264 2612.800529770286  201.25162704611000  -7.31772013086632  -0.917198552112940990  0.360707079114083451  0.156893827360213539
501 672375441284348265 2612.800586017216  201.25163035488865  -7.31772391797375  -0.917198949682054399  0.360706246143407239  0.156893468324376867
501 672375441284348266 2612.800642267013  201.25163508877242  -7.31772633003376  -0.917199347270533871  0.360705413129937702  0.156893109270091008
501 672375441284348267 2612.800698516338  201.25163538360874  -7.31772408829707  -0.917199744854791721  0.360704580123094753  0.156892750218657423
501 672375441284348268 2612.800754766045  201.25163941459999  -7.31772748733016  -0.917200142440855681  0.360703747110248996  0.156892391164632522
502 199584315480844411 1757.781675193922  142.00393644241754  15.57046627018917   0.861631704289292255  0.475412477760661922  0.206427022122405296
502 199584315480844412 1757.781731390036  142.00394708962509  15.57046638636829   0.861631182596701573  0.475413244749623654  0.206427352285564136
502 199584315480844415 1757.781900145453  142.00396034550747  15.57046131459783   0.861629615963004691  0.475415547994040621  0.206428343755421601
502 199584315480844417 1757.782012636785  142.00397778814940  15.57045603901757   0.861628571650432606  0.475417083320440137  0.206429004662182614
502 199584315480844418 1757.782068883811  142.00398342452053  15.57045964911124   0.861628049480294145  0.475417851001511016  0.206429335123250929
502 199584315480844419 1757.782125099787  142.00398793264367  15.57045370192320   0.861627527597592091  0.475418618258338421  0.206429665401693163
502 227736272024625851 1808.693055705648  145.09648996695398  14.78007354484565   0.133121283950218605  0.904448259795219811  0.390645826351298908
502 227736272024625852 1808.693111899567  145.09649395363724  14.78007926929762   0.133120303573380977  0.904448374750706940  0.390645875601094539
502 227736272024625857 1808.693393137193  145.09651772240352  14.78007637363596   0.133115397011167202  0.904448950063169388  0.390646122079290836
502 227736272024625859 1808.693505589892  145.09652573391901  14.78007559584139   0.133113435124288443  0.904449180095322269  0.390646220630797181
502 319856104960778782 1975.287140902528  138.81164402379190  16.87068637417153  -0.372628972145908233 -0.873588769180177804 -0.379904134929201442
502 319856104960778783 1975.287197159797  138.81165373622613  16.87067975681135  -0.372628081197666106 -0.873589101204924945 -0.379904280516200621
502 319856104960778784 1975.287253409867  138.81165855443211  16.87067129207611  -0.372627190363090222 -0.873589433186405584 -0.379904426084228863
502 319856104960778785 1975.287309660534  138.81166726094852  16.87065988644540  -0.372626299518724446 -0.873589765170627586 -0.379904571653459699
502 319856104960778787 1975.287422170826  138.81168747663116  16.87065428078390  -0.372624517687144496 -0.873590429189584627 -0.379904862814072319
502 438434969599566802 2189.730981789990  174.12559135673814   3.89748517900286  -0.142028521344447767  0.903788901835912428  0.390305458846221753
502 438434969599566803 2189.731038040249  174.12559435751058   3.89748229984399  -0.142029500406877812  0.903788767123177239  0.390305401023083143
502 438434969599566804 2189.731094288622  174.12559240345712   3.89748348505210  -0.142030479436329571  0.903788632414075588  0.390305343201504618
502 438434969599566805 2189.731150533611  174.12559383622062   3.89748145617556  -0.142031458406759820  0.903788497712190275  0.390305285383024447
502 438434969599566807 2189.731263031229  174.12559697505898   3.89748149168051  -0.142033416480153329  0.903788228287470519  0.390305169737073965
502 511862664484834191 2322.521174366627  164.73534494953492   7.98897254371549  -0.636488965263004580 -0.726685086012392456 -0.315511261123649467
502 511862664484834193 2322.521286819798  164.73534150442345   7.98897378268551  -0.636487479640115983 -0.726686215609379849 -0.315511755576573238
502 511862664484834194 2322.521343068392  164.73534082782621   7.98897708101171  -0.636486736537050568 -0.726686780627957440 -0.315512002899373922
502 511862664484834196 2322.521455566574  164.73533499504990   7.98898108990033  -0.636485250316072726 -0.726687910673097792 -0.315512497548475934
502 511862664484834197 2322.521511814873  164.73533492455618   7.98897748116255  -0.636484507215188344 -0.726688475686713797 -0.315512744869110129
502 511862664484834198 2322.521568063039  164.73533282589773   7.98897771139979  -0.636483764115474360 -0.726689040698338617 -0.315512992188874353
502 621772949165310532 2521.288385849908  195.05585418222623  -5.14628283476539   0.436129700337591852  0.828159222057099909  0.358039601923441086
502 621772949165310533 2521.288442098127  195.05585848107771  -5.14628423529116   0.436128807000116636  0.828159608229785182  0.358039767433809941
502 621772949165310534 2521.288498346556  195.05586414322738  -5.14628817311543   0.436127913658887700  0.828159994403111610  0.358039932944452410
502 621772949165310535 2521.288554595103  195.05586862214929  -5.14629074631914   0.436127020315364045  0.828160380576448474  0.358040098455098210
502 621772949165310537 2521.288667085866  195.05588107271959  -5.14629340934271   0.436125233727624295  0.828161152877249229  0.358040429456725318
502 629240827122947152 2534.793663035099  197.19047425400379  -5.98454346724649   0.211634161237646251  0.896990420461526883  0.387513735161212403
502 629240827122947153 2534.793719288498  197.19048227949318  -5.98454841869451   0.211633193062939984  0.896990604828742377  0.387513813992513945
502 629240827122947155 2534.793831791291  197.19049327367213  -5.98455004560706   0.211631256781845800  0.896990973547431403  0.387513971648382249
502 629240827122947156 2534.793888039495  197.19049901139374  -5.98455288729447   0.211630288695928925  0.896991157895007163  0.387514050471282290
502 629240827122947159 2534.794056759138  197.19051706577866  -5.98455502066945   0.211627384866747259  0.896991710850662427  0.387514286902744920
502 648718727189833632 2570.018453946601  201.04798485858004  -7.40622018681987  -0.395550159510161647  0.839059169116046943  0.362548345798013649
502 648718727189833633 2570.018510196539  201.04798983928868  -7.40621894288390  -0.395551068726335719  0.839058804932551583  0.362548189471536164
502 648718727189833634 2570.018566444242  201.04798954519094  -7.40622150930982  -0.395551977906009211  0.839058440762699198  0.362548033150915161
502 648718727189833635 2570.018622683167  201.04799759380987  -7.40622242666722  -0.395552886943416449  0.839058076648854456  0.362547876854335704
502 648718727189833636 2570.018678931645  201.04799728522653  -7.40622546344516  -0.395553796134845093  0.839057712472339623  0.362547720530855211
502 648718727189833637 2570.018735177335  201.04800429106930  -7.40622407795928  -0.395554705280810381  0.839057348313058005  0.362547564214772300
502 648718727189833638 2570.018791422600  201.04800812564332  -7.40622369741134  -0.395555614419533574  0.839056984155700181  0.362547407899515339
502 670894744363921111 2610.122595960761  201.39441988107518  -7.37847808909480  -0.897265350560561004  0.399955388497016173  0.173806692052564160
502 670894744363921112 2610.122652162976  201.39441682701690  -7.37847828454014  -0.897265789842092265  0.399954573695736337  0.173806341028188011
502 670894744363921114 2610.122764662830  201.39440258765299  -7.37846987324006  -0.897266669148371165  0.399952942708596881  0.173805638382934280
502 670894744363921115 2610.122820923113  201.39439917428149  -7.37846881178204  -0.897267108881141695  0.399952127064308383  0.173805286995370761
502 670894744363921116 2610.122877161078  201.39439522594651  -7.37845650271876  -0.897267548438605234  0.399951311743182436  0.173804935747025158
502 670894744363921117 2610.122933412073  201.39438664168838  -7.37845296634432  -0.897267988097029900  0.399950496232777897  0.173804584417132840
502 670992149598875502 2610.298804609733  201.37187356762357  -7.36888268390747  -0.898638323466407596  0.397398876197265993  0.172705303426153117
502 670992149598875503 2610.298860857555  201.37186880283753  -7.36888179612495  -0.898638760364267486  0.397398059524580127  0.172704951584000760
502 670992149598875504 2610.298917106044  201.37185962303860  -7.36888163596237  -0.898639197266425160  0.397397242841838749  0.172704599737512510
502 670992149598875506 2610.299029595482  201.37184564661274  -7.36887303449616  -0.898640071009562114  0.397395609584651699  0.172703896091181336
502 670992149598875507 2610.299085844539  201.37184055231606  -7.36886635888442  -0.898640507913515019  0.397394792892491189  0.172703544240624063
502 670992149598875508 2610.299142093786  201.37183340706960  -7.36886742530159  -0.898640944818059673  0.397393976197203125  0.172703192388715621
502 671033071365540911 2610.372753370852  201.36315926330758  -7.36527640332819  -0.899211955085913228  0.396324868072909342  0.172242591808950157
502 671033071365540913 2610.372865823228  201.36313708463729  -7.36526665792247  -0.899212826243280694  0.396323234344770903  0.172241887950008332
502 671033071365540914 2610.372922072978  201.36313022172817  -7.36526543732080  -0.899213262003178082  0.396322417137822902  0.172241535872809381
502 671033071365540916 2610.373034571003  201.36311468011925  -7.36525941939787  -0.899214133508924651  0.396320782744192190  0.172240831727131283
502 671130477092012522 2610.548962838923  201.34478400726144  -7.35787951478209  -0.900572735075287123  0.393762986870975329  0.171138838562760243
502 671130477092012523 2610.549019088824  201.34477802009673  -7.35787972227793  -0.900573168092155707  0.393762168463736240  0.171138485956803227
502 671130477092012524 2610.549075337585  201.34477475379796  -7.35787894956265  -0.900573601099376342  0.393761350072692751  0.171138133357820243
502 671130477092012525 2610.549131586457  201.34476768763543  -7.35787776847110  -0.900574034106575438  0.393760531679650749  0.171137780757972535
502 671130477092012526 2610.549187826290  201.34476207128114  -7.35786897551406  -0.900574467043310234  0.393759713417748958  0.171137428214622078
502 671130477092012527 2610.549244075371  201.34475821190887  -7.35786814053023  -0.900574900050360116  0.393758895020910604  0.171137075613131268
502 671130477092012529 2610.549356539671  201.34474617802712  -7.35786498792253  -0.900575765801168049  0.393757258718748948  0.171136370621904843
502 671171399098538561 2610.622912033699  201.33827550751715  -7.35534713976122  -0.901141245109341127  0.392686734916003422  0.170675138503943974
502 671171399098538562 2610.622968237568  201.33824629807600  -7.35534567503201  -0.901141676619236498  0.392685916678168656  0.170674785966074938
502 671545465017567361 2611.299391223614  201.31530648042781  -7.34814288423286  -0.906271385226208093  0.382811022296259906  0.166419914349507536
502 671545465017567365 2611.299616174106  201.31532317260070  -7.34815351198036  -0.906273069967000300  0.382807729321945234  0.166418495389307391
502 671545465017567366 2611.299672423434  201.31532526682446  -7.34815720493303  -0.906273491237656548  0.382806905906093509  0.166418140575014417
502 671545465017567367 2611.299728672963  201.31532601579346  -7.34815770902328  -0.906273912508940294  0.382806082486919719  0.166417785759286202
502 671586387741054512 2611.373454109464  201.31645513731280  -7.34882331583168  -0.906825307868902919  0.381726520873853781  0.165952593607980675
502 671586387741054513 2611.373510359778  201.31645260076760  -7.34882185021234  -0.906825727988137098  0.381725696957971483  0.165952238573217864
502 671586387741054514 2611.373566607571  201.31645589391147  -7.34881547237655  -0.906826148087652384  0.381724873078660043  0.165951883554210089
502 671586387741054515 2611.373622857847  201.31645576148870  -7.34881155967566  -0.906826568204834316  0.381724049162600110  0.165951528519363151
502 671586387741054516 2611.373679108761  201.31645636951473  -7.34881502574460  -0.906826988325894812  0.381723225236832886  0.165951173480329339
502 671683795611854543 2611.549667467102  201.32093467691664  -7.35101384836134  -0.908137066880767785  0.379143661249042030  0.164839591145905573
502 671683795611854545 2611.549779966195  201.32093603905662  -7.35101608656115  -0.908137901570534756  0.379142011133240753  0.164838880068180010
502 671683795611854548 2611.549948703447  201.32094492519977  -7.35101429357924  -0.908139153514064157  0.379139536123818344  0.164837813522355214
502 671683795611854549 2611.550004919083  201.32094531411192  -7.35101858988045  -0.908139570603370805  0.379138711561662956  0.164837458197104658
502 671822126179984163 2611.799831248209  201.32949030401690  -7.35449385990229  -0.909984416560495002  0.375470691707752491  0.163256775228752066
502 671822126179984165 2611.799943747445  201.32949366900814  -7.35449584550008  -0.909985243378503839  0.375469038343699602  0.163256062717013734
502 671822126179984166 2611.799999995500  201.32949506106922  -7.35449938543853  -0.909985656774696561  0.375468211684090336  0.163255706470799400
502 671822126179984167 2611.800056243220  201.32949686491835  -7.35450290380751  -0.909986070167536742  0.375467385029050305  0.163255350226550355
502 671822126179984168 2611.800112494545  201.32949641947607  -7.35450779246186  -0.909986483585984662  0.375466558320668220  0.163254993959309813
502 671863048847168831 2611.873725387807  201.33196446892939  -7.35537561412178  -0.910526741280338392  0.374384381450611314  0.162788630107842419
502 671863048847168832 2611.873781591869  201.33196099899723  -7.35537468056289  -0.910527153191711291  0.374383554962368192  0.162788273930410760
502 671863048847168833 2611.873837842303  201.33196773914199  -7.35537459834889  -0.910527565442050602  0.374382727791859105  0.162787917458950743
502 671863048847168835 2611.873950350157  201.33197194796523  -7.35537854819093  -0.910528389991266285  0.374381073347029414  0.162787204471281366
502 671863048847168838 2611.874119103541  201.33197761105006  -7.35537533190131  -0.910529626746899079  0.374378591800551941  0.162786135041793067
502 672139708569202781 2612.374050458238  201.33758294787756  -7.35515913272709  -0.914158443208614835  0.367012812197805183  0.159611677681068598
502 672139708569202787 2612.374387911408  201.33756082023891  -7.35514087767970  -0.914160868947313521  0.367007830777080213  0.159609530715466991
502 672139708569202788 2612.374444160877  201.33755536951389  -7.35513812725462  -0.914161273286272613  0.367007000431670394  0.159609172841037372
502 672237115552690982 2612.550262165682  201.33183045147197  -7.35137468466931  -0.915420758622730646  0.364409875250904458  0.158489806576509268
502 672237115552690984 2612.550374664391  201.33182560185287  -7.35137368867324  -0.915421561730075939  0.364408212353549810  0.158489089852039383
502 672237115552690985 2612.550430912836  201.33182291022666  -7.35137270345051  -0.915421963275914741  0.364407380917797896  0.158488731495369461
502 672237115552690986 2612.550487153617  201.33182000032249  -7.35136473769719  -0.915422364766156016  0.364406549594968932  0.158488373187366471
502 672237115552690987 2612.550543403078  201.33181819174027  -7.35136375036751  -0.915422766317477765  0.364405718143470614  0.158488014823901846
502 672237115552690989 2612.550655867780  201.33181310514559  -7.35136162575904  -0.915423569173143603  0.364404055745277677  0.158487298314535979
502 672278037936754591 2612.624212043019  201.32794440155004  -7.34913681058001  -0.915947904083220688  0.363316483207577035  0.158018540872795987
502 672278037936754594 2612.624380745890  201.32793171853129  -7.34912658010910  -0.915949104906185196  0.363313988143101063  0.158017465460870726
502 672278037936754595 2612.624436995396  201.32792823874624  -7.34912698985428  -0.915949505287024790  0.363313156229214063  0.158017106892928666
502 672278037936754596 2612.624493244540  201.32792426156917  -7.34912066884837  -0.915949905664400488  0.363312324320320568  0.158016748327134887
502 672278037936754597 2612.624549496833  201.32792200710659  -7.34911929720234  -0.915950306063294639  0.363311492364512878  0.158016389741116398
502 672278037936754598 2612.624605746053  201.32791665786297  -7.34911736395744  -0.915950706439434659  0.363310660453780576  0.158016031174522203
502 672416367441925322 2612.874430139494  201.30823337517407  -7.33877100019335  -0.917720130777760601  0.359612375477325219  0.156421973188902275
502 672416367441925323 2612.874486390209  201.30823405252650  -7.33876211365773  -0.917720527200550973  0.359611541993670625  0.156421613926737729
502 672416367441925324 2612.874542640074  201.30822661214884  -7.33876299458240  -0.917720923616457074  0.359610708522265399  0.156421254669849158
502 672416367441925326 2612.874655139456  201.30821494735690  -7.33874571584304  -0.917721716443146152  0.359609041583551392  0.156420536157825807
502 672416367441925327 2612.874711389551  201.30820875957451  -7.33874601944621  -0.917722112857994099  0.359608208107696226  0.156420176899007141
504 410283534677866532 2138.820544659029  169.29336676444859   5.72545647048287   0.685983544269623602  0.672266118661717593  0.291070306837819537
504 410283534677866533 2138.820600908144  169.29337137428871   5.72545200868971   0.685982814946103137  0.672266728952499393  0.291070568907571103
504 410283534677866536 2138.820769655521  169.29339447591184   5.72544116109331   0.685980626971226748  0.672268559821280309  0.291071355115282981
504 410283534677866537 2138.820825904762  169.29340071258977   5.72544206109500   0.685979897643458125  0.672269170110833203  0.291071617184498865
504 410283534677866538 2138.820882153306  169.29340543478642   5.72543953427713   0.685979168324088340  0.672269780392162120  0.291071879250181353
504 670853815785489031 2610.048578765587  201.33276532457495  -7.36292478701315  -0.896686068382635204  0.401028129366401753  0.174268836149227696
504 670853815785489033 2610.048691218584  201.33276560183060  -7.36291966390174  -0.896686949623156426  0.401026500080455872  0.174268134246529205
504 670853815785489036 2610.048859955189  201.33276570506837  -7.36291041959137  -0.896688271924940494  0.401024055321163642  0.174267081034725879
504 670992147742887761 2610.298745072384  201.33147000452698  -7.36226100216091  -0.898637861016611139  0.397399740630786813  0.172705675844813056
504 670992147742887763 2610.298857524991  201.33147280248772  -7.36226469419524  -0.898638734479017098  0.397398107910721166  0.172704972429909259
504 671309732031160932 2610.873136293751  201.33008435900942  -7.36112238131296  -0.903053674209019164  0.389040122246102127  0.169103957960822671
504 671309732031160935 2610.873305041376  201.33007044028571  -7.36110787198741  -0.903054958054901435  0.389037660499870541  0.169102897267107366
504 671309732031160937 2610.873417537981  201.33005973403300  -7.36109700948723  -0.903055813933984819  0.389036019360244234  0.169102190148513465
504 671448061921659834 2611.123411355337  201.32987239972036  -7.36072223148260  -0.904949081819768630  0.385385312672460789  0.167529171192458665
504 671448061921659836 2611.123523856498  201.32986957218770  -7.36072208123902  -0.904949929904233064  0.385383668132772639  0.167528462575284171
504 671448061921659839 2611.123692579207  201.32986980643943  -7.36072113360371  -0.904951201805460625  0.385381201744841695  0.167527399831158136
504 671586391502823853 2611.373517115116  201.32975058978857  -7.36027664302240  -0.906825778441966213  0.381725598010417722  0.165952195935586716
504 671586391502823855 2611.373629623285  201.32975650568940  -7.36028056694558  -0.906826618733884038  0.381723950067022200  0.165951485817945721
504 671586391502823856 2611.373685873106  201.32975800517508  -7.36028316642191  -0.906827038846681588  0.381723126157206716  0.165951130785785300
504 671586391502823858 2611.373798384398  201.32975855566693  -7.36028780215004  -0.906827879156619998  0.381721478165860828  0.165950420647459074
504 672001380120457282 2612.123946654167  201.32886543474712  -7.35835493696132  -0.912351801978429244  0.370701275317614154  0.161201346781321725
504 672001380120457284 2612.124059154693  201.32886249213135  -7.35834883288957  -0.912352618583135544  0.370699617777475010  0.161200632425160723
504 672001380120457285 2612.124115405634  201.32886262554862  -7.35834731369640  -0.912353026889073937  0.370698788996886186  0.161200275242540880
504 672001380120457287 2612.124227905113  201.32886033048544  -7.35834225642804  -0.912353843480850801  0.370697131470024033  0.161199560892078486
504 672098787512894561 2612.300046731732  201.32826688454617  -7.35765815703296  -0.913625703478536777  0.368104932754495795  0.160082372373466536
504 672098787512894562 2612.300102935597  201.32827976392062  -7.35766053283607  -0.913626108664428727  0.368104103551323891  0.160082014996508343
504 672237117849071682 2612.550266307137  201.32709350050305  -7.35646048246351  -0.915420788187871648  0.364409814034094892  0.158489780191486296
504 672237117849071683 2612.550322557718  201.32709170363691  -7.35646074817080  -0.915421189750680098  0.364408982567437700  0.158489421821503523
504 672237117849071684 2612.550378806266  201.32709491052231  -7.35646137178314  -0.915421591298078874  0.364408151130490576  0.158489063464322122
504 672237117849071685 2612.550435054795  201.32709149298466  -7.35646050239791  -0.915421992844462129  0.364407319693449583  0.158488705107096339
