  1 22059501 1995 5 22 22 20 49.5  1 128.914 -18.786 128.900 -18.800  0.014  0.014
  1 22059501 1995 5 22 22 20 49.5  2 -68.695  18.810 -68.700  18.800  0.005  0.010
  1 22059501 1995 5 22 22 20 49.5  3  61.682   9.176  61.700   9.200 -0.018 -0.024
  1 22059501 1995 5 22 22 20 49.5  5  53.739  -8.142  54.300  -7.700 -0.561 -0.442
  1 22059501 1995 5 22 22 20 49.5 14 -39.358   7.471 -37.100   8.000 -2.258 -0.529
  2 22059502 1995 5 22 22 25 22.0  1 129.231 -18.694 129.200 -18.700  0.031  0.006
  2 22059502 1995 5 22 22 25 22.0  2 -69.884  18.908 -69.900  18.900  0.016  0.008
  2 22059502 1995 5 22 22 25 22.0  3  60.754   9.386  60.800   9.400 -0.046 -0.014
  2 22059502 1995 5 22 22 25 22.0  5  54.461  -8.065  55.000  -7.700 -0.539 -0.365
  2 22059502 1995 5 22 22 25 22.0 14 -41.118   7.563 -38.900   8.200 -2.218 -0.637
  3 22059503 1995 5 22 22 26 35.5  1 129.340 -18.723 129.300 -18.700  0.040 -0.023
  3 22059503 1995 5 22 22 26 35.5  2 -70.174  18.995 -70.200  19.000  0.026 -0.005
  3 22059503 1995 5 22 22 26 35.5  3  60.534   9.428  60.600   9.400 -0.066  0.028
  3 22059503 1995 5 22 22 26 35.5  5  54.548  -8.053  55.100  -7.700 -0.552 -0.353
  3 22059503 1995 5 22 22 26 35.5 14 -41.623   7.676 -39.300   8.300 -2.323 -0.624
  4 22059504 1995 5 22 22 27 54.0  1 129.466 -18.736 129.400 -18.700  0.066 -0.036
  4 22059504 1995 5 22 22 27 54.0  2 -70.458  18.992 -70.500  19.000  0.042 -0.008
  4 22059504 1995 5 22 22 27 54.0  3  60.191   9.444  60.300   9.400 -0.109  0.044
  4 22059504 1995 5 22 22 27 54.0  5  54.909  -8.068  55.300  -7.700 -0.391 -0.368
  4 22059504 1995 5 22 22 27 54.0 14 -41.990   7.719 -39.800   8.300 -2.190 -0.581
  5 22059505 1995 5 22 22 31 23.0  1 129.734 -18.724 129.700 -18.700  0.034 -0.024
  5 22059505 1995 5 22 22 31 23.0  2 -71.377  19.093 -71.400  19.100  0.023 -0.007
  5 22059505 1995 5 22 22 31 23.0  3  59.543   9.532  59.600   9.500 -0.057  0.032
  5 22059505 1995 5 22 22 31 23.0  5  55.321  -8.054  55.700  -7.600 -0.379 -0.454
  6 22059507 1995 5 22 22 35 34.5  1 130.027 -18.668 130.000 -18.700  0.027  0.032
  6 22059507 1995 5 22 22 35 34.5  2 -72.390  19.222 -72.400  19.200  0.010  0.022
  6 22059507 1995 5 22 22 35 34.5  3  58.763   9.646  58.800   9.700 -0.037 -0.054
  6 22059507 1995 5 22 22 35 34.5  5  55.764  -8.029  56.100  -7.600 -0.336 -0.429
  6 22059507 1995 5 22 22 35 34.5 14 -44.760   7.799 -42.600   8.600 -2.160 -0.801
  7 22059508 1995 5 22 22 37  7.5  1 130.091 -18.609 130.100 -18.600 -0.009 -0.009
  7 22059508 1995 5 22 22 37  7.5  2 -72.804  19.193 -72.800  19.200 -0.004 -0.007
  7 22059508 1995 5 22 22 37  7.5  3  58.413   9.715  58.400   9.700  0.013  0.015
  7 22059508 1995 5 22 22 37  7.5  5  55.865  -7.878  56.200  -7.600 -0.335 -0.278
  7 22059508 1995 5 22 22 37  7.5 14 -45.285   7.775 -43.200   8.600 -2.085 -0.825
  8 22059509 1995 5 22 22 38 17.5  1 130.193 -18.647 130.200 -18.600 -0.007 -0.047
  8 22059509 1995 5 22 22 38 17.5  2 -73.096  19.273 -73.100  19.300  0.004 -0.027
  8 22059509 1995 5 22 22 38 17.5  3  58.202   9.774  58.200   9.700  0.002  0.074
  8 22059509 1995 5 22 22 38 17.5  5  56.076  -7.956  56.300  -7.600 -0.224 -0.356
  8 22059509 1995 5 22 22 38 17.5 14 -45.835   8.006 -43.600   8.700 -2.235 -0.694
  9 22059510 1995 5 22 22 39 52.0  1 130.304 -18.577 130.300 -18.600  0.004  0.023
  9 22059510 1995 5 22 22 39 52.0  2 -73.502  19.313 -73.500  19.300 -0.002  0.013
  9 22059510 1995 5 22 22 39 52.0  3  57.898   9.764  57.900   9.800 -0.002 -0.036
  9 22059510 1995 5 22 22 39 52.0  5  56.235  -7.987  56.400  -7.500 -0.165 -0.487
  9 22059510 1995 5 22 22 39 52.0 14 -46.377   7.925 -44.100   8.700 -2.277 -0.775
 10 22059511 1995 5 22 22 41 10.0  1 130.463 -18.616 130.400 -18.600  0.063 -0.016
 10 22059511 1995 5 22 22 41 10.0  2 -73.762  19.302 -73.800  19.300  0.038  0.002
 10 22059511 1995 5 22 22 41 10.0  3  57.499   9.815  57.600   9.800 -0.101  0.015
 10 22059511 1995 5 22 22 41 10.0  5  56.414  -8.014  56.500  -7.500 -0.086 -0.514
 10 22059511 1995 5 22 22 41 10.0 14 -46.747   7.918 -44.600   8.700 -2.147 -0.782
 11 22059512 1995 5 22 22 42 13.5  1 130.606 -18.607 130.500 -18.600  0.106 -0.007
 11 22059512 1995 5 22 22 42 13.5  2 -74.038  19.415 -74.100  19.400  0.062  0.015
 11 22059512 1995 5 22 22 42 13.5  3  57.233   9.892  57.400   9.900 -0.167 -0.008
 11 22059512 1995 5 22 22 42 13.5  5  56.487  -7.940  56.600  -7.500 -0.113 -0.440
 11 22059512 1995 5 22 22 42 13.5 14 -47.070   8.013 -44.900   8.800 -2.170 -0.787
 12 22059513 1995 5 22 22 44 19.0  1 130.796 -18.625 130.600 -18.600  0.196 -0.025
 12 22059513 1995 5 22 22 44 19.0  2 -74.382  19.420 -74.500  19.400  0.118  0.020
 12 22059513 1995 5 22 22 44 19.0  3  56.686   9.906  57.000   9.900 -0.314  0.006
 12 22059513 1995 5 22 22 44 19.0  5  56.855  -7.998  56.700  -7.500  0.155 -0.498
 12 22059513 1995 5 22 22 44 19.0 14 -47.570   7.979 -45.700   8.800 -1.870 -0.821
 13 22059514 1995 5 22 22 46 46.0  1 130.851 -18.614 130.700 -18.600  0.151 -0.014
 13 22059514 1995 5 22 22 46 46.0  2 -75.010  19.519 -75.100  19.500  0.090  0.019
 13 22059514 1995 5 22 22 46 46.0  3  56.259   9.995  56.500  10.000 -0.241 -0.005
 13 22059514 1995 5 22 22 46 46.0  5  56.949  -7.935  56.800  -7.400  0.149 -0.535
 13 22059514 1995 5 22 22 46 46.0 14 -48.390   8.063 -46.500   8.900 -1.890 -0.837
 14 22059515 1995 5 22 22 47 50.0  1 131.020 -18.622 130.800 -18.600  0.220 -0.022
 14 22059515 1995 5 22 22 47 50.0  2 -75.267  19.526 -75.400  19.500  0.133  0.026
 14 22059515 1995 5 22 22 47 50.0  3  55.947   9.997  56.300  10.000 -0.353 -0.003
 14 22059515 1995 5 22 22 47 50.0  5  57.073  -7.933  56.900  -7.400  0.173 -0.533
 14 22059515 1995 5 22 22 47 50.0 14 -48.757   8.077 -46.900   8.900 -1.857 -0.823
 15 22059516 1995 5 22 22 48 57.5  1 131.069 -18.515 130.900 -18.500  0.169 -0.015
 15 22059516 1995 5 22 22 48 57.5  2 -75.498  19.521 -75.600  19.500  0.102  0.021
 15 22059516 1995 5 22 22 48 57.5  3  55.729  10.095  56.000  10.100 -0.271 -0.005
 15 22059516 1995 5 22 22 48 57.5  5  57.161  -7.929  56.900  -7.400  0.261 -0.529
 15 22059516 1995 5 22 22 48 57.5 14 -49.096   8.002 -47.200   9.000 -1.896 -0.998
 16 22059517 1995 5 22 22 50  0.0  1 130.917 -18.524 130.900 -18.500  0.017 -0.024
 16 22059517 1995 5 22 22 50  0.0  2 -75.886  19.589 -75.900  19.600  0.014 -0.011
 16 22059517 1995 5 22 22 50  0.0  3  55.769  10.135  55.800  10.100 -0.031  0.035
 16 22059517 1995 5 22 22 50  0.0  5  57.020  -7.897  56.900  -7.400  0.120 -0.497
 16 22059517 1995 5 22 22 50  0.0 14 -49.547   8.115 -47.600   9.000 -1.947 -0.885
 17 22059518 1995 5 22 22 51 17.5  1 131.019 -18.544 131.000 -18.500  0.019 -0.044
 17 22059518 1995 5 22 22 51 17.5  2 -76.181  19.578 -76.200  19.600  0.019 -0.022
 17 22059518 1995 5 22 22 51 17.5  3  55.562  10.166  55.600  10.100 -0.038  0.066
 17 22059518 1995 5 22 22 51 17.5  5  57.006  -7.935  57.000  -7.300  0.006 -0.635
 17 22059518 1995 5 22 22 51 17.5 14 -50.013   8.060 -48.000   9.000 -2.013 -0.940
 18 22059519 1995 5 22 22 52 33.5  1 131.144 -18.479 131.100 -18.500  0.044  0.021
 18 22059519 1995 5 22 22 52 33.5  2 -76.478  19.620 -76.500  19.600  0.022  0.020
 18 22059519 1995 5 22 22 52 33.5  3  55.234  10.159  55.300  10.200 -0.066 -0.041
 18 22059519 1995 5 22 22 52 33.5  5  57.185  -7.836  57.000  -7.300  0.185 -0.536
 18 22059519 1995 5 22 22 52 33.5 14 -50.305   8.127 -48.400   9.100 -1.905 -0.973
 19 22059520 1995 5 22 22 54 57.0  1 131.148 -18.530 131.200 -18.500 -0.052 -0.030
 19 22059520 1995 5 22 22 54 57.0  2 -77.025  19.673 -77.000  19.700 -0.025 -0.027
 19 22059520 1995 5 22 22 54 57.0  3  54.878  10.258  54.800  10.200  0.078  0.058
 19 22059520 1995 5 22 22 54 57.0  5  57.229  -7.855  57.000  -7.300  0.229 -0.555
 19 22059520 1995 5 22 22 54 57.0 14 -51.079   8.117 -49.200   9.100 -1.879 -0.983
 20 22059521 1995 5 22 22 56 23.0  1 131.351 -18.479 131.300 -18.500  0.051  0.021
 20 22059521 1995 5 22 22 56 23.0  2 -77.373  19.721 -77.400  19.700  0.027  0.021
 20 22059521 1995 5 22 22 56 23.0  3  54.423  10.257  54.500  10.300 -0.077 -0.043
 20 22059521 1995 5 22 22 56 23.0  5  57.295  -7.828  57.000  -7.200  0.295 -0.628
 20 22059521 1995 5 22 22 56 23.0 14 -51.372   8.093 -49.600   9.200 -1.772 -1.107
 21 22059522 1995 5 22 22 57 25.0  1 131.280 -18.500 131.300 -18.500 -0.020  0.000
 21 22059522 1995 5 22 22 57 25.0  2 -77.612  19.696 -77.600  19.700 -0.012 -0.004
 21 22059522 1995 5 22 22 57 25.0  3  54.331  10.304  54.300  10.300  0.031  0.004
 21 22059522 1995 5 22 22 57 25.0  5  57.418  -7.852  57.000  -7.200  0.418 -0.652
 21 22059522 1995 5 22 22 57 25.0 14 -51.686   8.114 -50.000   9.200 -1.686 -1.086
 22 22059523 1995 5 22 22 58 24.0  1 131.361 -18.510 131.400 -18.500 -0.039 -0.010
 22 22059523 1995 5 22 22 58 24.0  2 -77.822  19.787 -77.800  19.800 -0.022 -0.013
 22 22059523 1995 5 22 22 58 24.0  3  54.161  10.322  54.100  10.300  0.061  0.022
 22 22059523 1995 5 22 22 58 24.0  5  57.316  -7.796  57.000  -7.200  0.316 -0.596
 22 22059523 1995 5 22 22 58 24.0 14 -52.051   8.205 -50.300   9.200 -1.751 -0.995
 23 22059524 1995 5 22 22 59 28.0  1 131.450 -18.398 131.500 -18.400 -0.050  0.002
 23 22059524 1995 5 22 22 59 28.0  2 -78.131  19.793 -78.100  19.800 -0.031 -0.007
 23 22059524 1995 5 22 22 59 28.0  3  53.981  10.405  53.900  10.400  0.081  0.005
 23 22059524 1995 5 22 22 59 28.0  5  57.263  -7.569  57.000  -7.100  0.263 -0.469
 23 22059524 1995 5 22 22 59 28.0 14 -52.562   8.318 -50.600   9.200 -1.962 -0.882
 24 22059525 1995 5 22 23  0 44.0  1 131.535 -18.371 131.500 -18.400  0.035  0.029
 24 22059525 1995 5 22 23  0 44.0  2 -78.384  19.824 -78.400  19.800  0.016  0.024
 24 22059525 1995 5 22 23  0 44.0  3  53.649  10.347  53.700  10.400 -0.051 -0.053
 24 22059525 1995 5 22 23  0 44.0  5  57.239  -7.558  57.000  -7.100  0.239 -0.458
 24 22059525 1995 5 22 23  0 44.0 14 -52.889   8.270 -51.000   9.300 -1.889 -1.030
 25 22059526 1995 5 22 23  2  8.0  1 131.545 -18.383 131.600 -18.400 -0.055  0.017
 25 22059526 1995 5 22 23  2  8.0  2 -78.736  19.901 -78.700  19.900 -0.036  0.001
 25 22059526 1995 5 22 23  2  8.0  3  53.492  10.382  53.400  10.400  0.092 -0.018
 25 22059526 1995 5 22 23  2  8.0  5  57.427  -7.580  56.900  -7.100  0.527 -0.480
 25 22059526 1995 5 22 23  2  8.0 14 -53.205   8.426 -51.400   9.300 -1.805 -0.874
 26 22059527 1995 5 22 23  2 59.0  1 131.593 -18.402 131.600 -18.400 -0.007 -0.002
 26 22059527 1995 5 22 23  2 59.0  2 -78.904  19.897 -78.900  19.900 -0.004 -0.003
 26 22059527 1995 5 22 23  2 59.0  3  53.211  10.505  53.200  10.500  0.011  0.005
 26 22059527 1995 5 22 23  2 59.0  5  57.310  -7.521  56.900  -7.000  0.410 -0.521
 26 22059527 1995 5 22 23  2 59.0 14 -53.507   8.307 -51.700   9.300 -1.807 -0.993
 27 22059528 1995 5 22 23  3 59.5  1 131.846 -18.407 131.700 -18.400  0.146 -0.007
 27 22059528 1995 5 22 23  3 59.5  2 -79.010  19.921 -79.100  19.900  0.090  0.021
 27 22059528 1995 5 22 23  3 59.5  3  52.764  10.485  53.000  10.500 -0.236 -0.015
 27 22059528 1995 5 22 23  3 59.5  5  57.465  -7.606  56.900  -7.000  0.565 -0.606
 27 22059528 1995 5 22 23  3 59.5 14 -53.622   8.290 -52.000   9.400 -1.622 -1.110
 28 22059529 1995 5 22 23  5 24.5  1 131.850 -18.390 131.700 -18.400  0.150  0.010
 28 22059529 1995 5 22 23  5 24.5  2 -79.410  19.932 -79.500  19.900  0.090  0.032
 28 22059529 1995 5 22 23  5 24.5  3  52.460  10.457  52.700  10.500 -0.240 -0.043
 28 22059529 1995 5 22 23  5 24.5  5  57.445  -7.597  56.800  -7.000  0.645 -0.597
 28 22059529 1995 5 22 23  5 24.5 14 -54.024   8.286 -52.400   9.400 -1.624 -1.114
 29 22059530 1995 5 22 23  7 48.5  1 132.029 -18.385 131.900 -18.400  0.129  0.015
 29 22059530 1995 5 22 23  7 48.5  2 -79.922  20.032 -80.000  20.000  0.078  0.032
 29 22059530 1995 5 22 23  7 48.5  3  51.993  10.554  52.200  10.600 -0.207 -0.046
 29 22059530 1995 5 22 23  7 48.5  5  57.424  -7.566  56.700  -6.900  0.724 -0.666
 29 22059530 1995 5 22 23  7 48.5 14 -54.707   8.341 -53.100   9.400 -1.607 -1.059
 30 22059531 1995 5 22 23  9 37.0  1 132.125 -18.294 131.900 -18.300  0.225  0.006
 30 22059531 1995 5 22 23  9 37.0  2 -80.361  20.043 -80.500  20.000  0.139  0.043
 30 22059531 1995 5 22 23  9 37.0  3  51.435  10.650  51.800  10.700 -0.365 -0.050
 30 22059531 1995 5 22 23  9 37.0  5  57.348  -7.483  56.600  -6.900  0.748 -0.583
 30 22059531 1995 5 22 23  9 37.0 14 -55.325   8.288 -53.700   9.500 -1.625 -1.212
 31 22059532 1995 5 22 23 14 40.5  1 132.040 -18.256 132.100 -18.300 -0.060  0.044
 31 22059532 1995 5 22 23 14 40.5  2 -81.745  20.217 -81.700  20.200 -0.045  0.017
 31 22059532 1995 5 22 23 14 40.5  3  50.905  10.738  50.800  10.800  0.105 -0.062
 31 22059532 1995 5 22 23 14 40.5  5  56.895  -7.232  56.300  -6.700  0.595 -0.532
 31 22059532 1995 5 22 23 14 40.5 14 -56.798   8.462 -55.100   9.600 -1.698 -1.138
 32 22059533 1995 5 22 23 15 46.5  1 132.154 -18.299 132.200 -18.300 -0.046  0.001
 32 22059533 1995 5 22 23 15 46.5  2 -82.029  20.193 -82.000  20.200 -0.029 -0.007
 32 22059533 1995 5 22 23 15 46.5  3  50.676  10.806  50.600  10.800  0.076  0.006
 32 22059533 1995 5 22 23 15 46.5  5  56.867  -7.207  56.200  -6.600  0.667 -0.607
 32 22059533 1995 5 22 23 15 46.5 14 -57.198   8.521 -55.400   9.600 -1.798 -1.079
 33 22059534 1995 5 22 23 17 53.5  1 132.274 -18.201 132.300 -18.200 -0.026 -0.001
 33 22059534 1995 5 22 23 17 53.5  2 -82.516  20.295 -82.500  20.300 -0.016 -0.005
 33 22059534 1995 5 22 23 17 53.5  3  50.242  10.906  50.200  10.900  0.042  0.006
 33 22059534 1995 5 22 23 17 53.5  5  56.672  -7.056  56.000  -6.600  0.672 -0.456
 33 22059534 1995 5 22 23 17 53.5 14 -57.640   8.545 -56.000   9.600 -1.640 -1.055
 34 22059535 1995 5 22 23 19 10.0  1 132.255 -18.207 132.300 -18.200 -0.045 -0.007
 34 22059535 1995 5 22 23 19 10.0  2 -82.827  20.288 -82.800  20.300 -0.027 -0.012
 34 22059535 1995 5 22 23 19 10.0  3  49.972  10.918  49.900  10.900  0.072  0.018
 34 22059535 1995 5 22 23 19 10.0  5  56.651  -7.028  55.800  -6.500  0.851 -0.528
 34 22059535 1995 5 22 23 19 10.0 14 -58.020   8.616 -56.300   9.600 -1.720 -0.984
 35 22059536 1995 5 22 23 20 20.5  1 132.364 -18.175 132.400 -18.200 -0.036  0.025
 35 22059536 1995 5 22 23 20 20.5  2 -83.127  20.310 -83.100  20.300 -0.027  0.010
 35 22059536 1995 5 22 23 20 20.5  3  49.763  10.966  49.700  11.000  0.063 -0.034
 35 22059536 1995 5 22 23 20 20.5  5  56.547  -6.991  55.700  -6.500  0.847 -0.491
 35 22059536 1995 5 22 23 20 20.5 14 -58.300   8.619 -56.600   9.700 -1.700 -1.081
 36 22059537 1995 5 22 23 21 28.0  1 132.375 -18.196 132.400 -18.200 -0.025  0.004
 36 22059537 1995 5 22 23 21 28.0  2 -83.417  20.298 -83.400  20.300 -0.017 -0.002
 36 22059537 1995 5 22 23 21 28.0  3  49.442  10.997  49.400  11.000  0.042 -0.003
 36 22059537 1995 5 22 23 21 28.0  5  56.370  -6.972  55.600  -6.400  0.770 -0.572
 36 22059537 1995 5 22 23 21 28.0 14 -58.563   8.559 -56.900   9.700 -1.663 -1.141
 37 22059538 1995 5 22 23 23 56.0  1 132.761 -18.206 132.500 -18.200  0.261 -0.006
 37 22059538 1995 5 22 23 23 56.0  2 -83.829  20.442 -84.000  20.400  0.171  0.042
 37 22059538 1995 5 22 23 23 56.0  3  48.469  11.064  48.900  11.100 -0.431 -0.036
 37 22059538 1995 5 22 23 23 56.0  5  56.570  -7.081  55.300  -6.400  1.270 -0.681
 37 22059538 1995 5 22 23 23 56.0 14 -58.805   8.441 -57.600   9.700 -1.205 -1.259
 38 22059539 1995 5 22 23 26 37.0  1 132.802 -18.123 132.600 -18.100  0.202 -0.023
 38 22059539 1995 5 22 23 26 37.0  2 -84.564  20.521 -84.700  20.500  0.136  0.021
 38 22059539 1995 5 22 23 26 37.0  3  48.062  11.202  48.400  11.200 -0.338  0.002
 38 22059539 1995 5 22 23 26 37.0  5  56.047  -6.905  55.000  -6.200  1.047 -0.705
 38 22059539 1995 5 22 23 26 37.0 14 -59.869   8.493 -58.300   9.800 -1.569 -1.307
 39 22059540 1995 5 22 23 28 18.0  1 132.721 -18.111 132.600 -18.100  0.121 -0.011
 39 22059540 1995 5 22 23 28 18.0  2 -85.019  20.514 -85.100  20.500  0.081  0.014
 39 22059540 1995 5 22 23 28 18.0  3  47.798  11.197  48.000  11.200 -0.202 -0.003
 39 22059540 1995 5 22 23 28 18.0  5  55.879  -6.867  54.800  -6.200  1.079 -0.667
 39 22059540 1995 5 22 23 28 18.0 14 -60.029   8.472 -58.700   9.800 -1.329 -1.328
 40 22059541 1995 5 22 23 29 36.0  1 132.983 -18.171 132.600 -18.100  0.383 -0.071
 40 22059541 1995 5 22 23 29 36.0  2 -85.235  20.620 -85.500  20.600  0.265  0.020
 40 22059541 1995 5 22 23 29 36.0  3  47.152  11.251  47.800  11.200 -0.648  0.051
 40 22059541 1995 5 22 23 29 36.0  5  55.923  -6.851  54.600  -6.100  1.323 -0.751
 40 22059541 1995 5 22 23 29 36.0 14 -60.167   8.491 -59.000   9.800 -1.167 -1.309
 41 22059542 1995 5 22 23 30 32.0  1 132.816 -18.091 132.700 -18.100  0.116  0.009
 41 22059542 1995 5 22 23 30 32.0  2 -85.626  20.626 -85.700  20.600  0.074  0.026
 41 22059542 1995 5 22 23 30 32.0  3  47.410  11.265  47.600  11.300 -0.190 -0.035
 41 22059542 1995 5 22 23 30 32.0  5  55.688  -6.760  54.400  -6.100  1.288 -0.660
 41 22059542 1995 5 22 23 30 32.0 14 -60.535   8.489 -59.200   9.800 -1.335 -1.311
 42 22059543 1995 5 22 23 31 56.0  1 132.901 -18.099 132.700 -18.100  0.201  0.001
 42 22059543 1995 5 22 23 31 56.0  2 -85.968  20.636 -86.100  20.600  0.132  0.036
 42 22059543 1995 5 22 23 31 56.0  3  46.966  11.262  47.300  11.300 -0.334 -0.038
 42 22059543 1995 5 22 23 31 56.0  5  55.433  -6.793  54.200  -6.000  1.233 -0.793
 42 22059543 1995 5 22 23 31 56.0 14 -60.918   8.441 -59.500   9.800 -1.418 -1.359
 43 22059544 1995 5 22 23 36 48.0  1 133.203 -18.023 132.800 -18.000  0.403 -0.023
 43 22059544 1995 5 22 23 36 48.0  2 -87.025  20.755 -87.300  20.700  0.275  0.055
 43 22059544 1995 5 22 23 36 48.0  3  45.622  11.469  46.300  11.500 -0.678 -0.031
 43 22059544 1995 5 22 23 36 48.0  5  54.847  -6.574  53.400  -5.800  1.447 -0.774
 43 22059544 1995 5 22 23 36 48.0 14 -62.285   8.441 -60.700   9.900 -1.585 -1.459
 44 22059545 1995 5 22 23 38 19.5  1 132.900 -17.994 132.900 -18.000  0.000  0.006
 44 22059545 1995 5 22 23 38 19.5  2 -87.701  20.804 -87.700  20.800 -0.001  0.004
 44 22059545 1995 5 22 23 38 19.5  3  46.000  11.489  46.000  11.500  0.000 -0.011
 44 22059545 1995 5 22 23 38 19.5  5  54.317  -6.452  53.100  -5.700  1.217 -0.752
 44 22059545 1995 5 22 23 38 19.5 14 -62.661   8.533 -61.000   9.900 -1.661 -1.367
 45 22059546 1995 5 22 23 39 26.5  1 132.902 -17.944 132.900 -17.900  0.002 -0.044
 45 22059546 1995 5 22 23 39 26.5  2 -87.891  20.771 -87.900  20.800  0.009 -0.029
 45 22059546 1995 5 22 23 39 26.5  3  45.789  11.573  45.800  11.500 -0.011  0.073
 45 22059546 1995 5 22 23 39 26.5  5  54.110  -6.304  52.900  -5.700  1.210 -0.604
 45 22059546 1995 5 22 23 39 26.5 14 -62.826   8.588 -61.200   9.900 -1.626 -1.312
 46 22059547 1995 5 22 23 44 20.0  1 133.187 -17.907 133.000 -17.900  0.187 -0.007
 46 22059547 1995 5 22 23 44 20.0  2 -88.972  20.928 -89.100  20.900  0.128  0.028
 46 22059547 1995 5 22 23 44 20.0  3  44.485  11.679  44.800  11.700 -0.315 -0.021
 46 22059547 1995 5 22 23 44 20.0  5  53.561  -6.241  52.000  -5.500  1.561 -0.741
 46 22059547 1995 5 22 23 44 20.0 14 -63.540   8.470 -62.300   9.900 -1.240 -1.430
 47 22059548 1995 5 22 23 45 42.0  1 133.352 -17.912 133.000 -17.900  0.352 -0.012
 47 22059548 1995 5 22 23 45 42.0  2 -89.157  21.053 -89.400  21.000  0.243  0.053
 47 22059548 1995 5 22 23 45 42.0  3  43.904  11.659  44.500  11.700 -0.596 -0.041
 47 22059548 1995 5 22 23 45 42.0  5  53.397  -6.149  51.700  -5.400  1.697 -0.749
 47 22059548 1995 5 22 23 45 42.0 14 -63.611   8.558 -62.600   9.900 -1.011 -1.342
 48 22059549 1995 5 22 23 47  2.5  1 133.197 -17.803 133.000 -17.800  0.197 -0.003
 48 22059549 1995 5 22 23 47  2.5  2 -89.565  21.032 -89.700  21.000  0.135  0.032
 48 22059549 1995 5 22 23 47  2.5  3  43.868  11.771  44.200  11.800 -0.332 -0.029
 48 22059549 1995 5 22 23 47  2.5  5  52.946  -6.012  51.400  -5.300  1.546 -0.712
 48 22059549 1995 5 22 23 47  2.5 14 -63.933   8.533 -62.800   9.900 -1.133 -1.367
 49 22059550 1995 5 22 23 48 13.5  1 133.186 -17.837 133.000 -17.800  0.186 -0.037
 49 22059550 1995 5 22 23 48 13.5  2 -89.867  21.008 -90.000  21.000  0.133  0.008
 49 22059550 1995 5 22 23 48 13.5  3  43.681  11.829  44.000  11.800 -0.319  0.029
 49 22059550 1995 5 22 23 48 13.5  5  52.631  -5.941  51.200  -5.300  1.431 -0.641
 49 22059550 1995 5 22 23 48 13.5 14 -64.483   8.531 -63.100   9.900 -1.383 -1.369
 50 22059551 1995 5 22 23 50 52.5  1 133.017 -17.782 133.000 -17.800  0.017  0.018
 50 22059551 1995 5 22 23 50 52.5  2 -90.592  21.115 -90.600  21.100  0.008  0.015
 50 22059551 1995 5 22 23 50 52.5  3  43.374  11.866  43.400  11.900 -0.026 -0.034
 50 22059551 1995 5 22 23 50 52.5  5  51.923  -5.724  50.600  -5.100  1.323 -0.624
 50 22059551 1995 5 22 23 50 52.5 14 -64.962   8.632 -63.600  10.000 -1.362 -1.368
 51 12069503 1995 6 12 21 41 55.5  1  58.300 -15.200  58.300 -15.200  0.000  0.000
 51 12069503 1995 6 12 21 41 55.5  2  45.300   4.000  45.300   4.000  0.000  0.000
 51 12069503 1995 6 12 21 41 55.5  5  54.031  -8.069  53.200  -7.200  0.831 -0.869
 52 12069504 1995 6 12 21 43  2.5  1  58.600 -15.200  58.600 -15.200  0.000  0.000
 52 12069504 1995 6 12 21 43  2.5  2  45.000   4.000  45.000   4.000  0.000  0.000
 52 12069504 1995 6 12 21 43  2.5  5  53.859  -8.157  53.000  -7.200  0.859 -0.957
 53 12069505 1995 6 12 21 43 59.5  1  58.900 -15.200  58.900 -15.200  0.000  0.000
 53 12069505 1995 6 12 21 43 59.5  2  44.700   4.100  44.700   4.100  0.000  0.000
 53 12069505 1995 6 12 21 43 59.5  5  53.599  -7.507  52.800  -7.100  0.799 -0.407
 54 12069506 1995 6 12 21 45  4.5  1  59.200 -15.300  59.200 -15.300  0.000  0.000
 54 12069506 1995 6 12 21 45  4.5  2  44.400   4.100  44.400   4.100  0.000  0.000
 54 12069506 1995 6 12 21 45  4.5  5  53.426  -7.436  52.600  -7.100  0.826 -0.336
 55 12069507 1995 6 12 21 50 31.5  1  60.800 -15.500  60.800 -15.500  0.000  0.000
 55 12069507 1995 6 12 21 50 31.5  2  43.000   4.300  43.000   4.300  0.000  0.000
 55 12069507 1995 6 12 21 50 31.5  5  52.614  -7.263  51.500  -6.800  1.114 -0.463
 56 12069508 1995 6 12 21 52 25.0  1  61.300 -15.600  61.300 -15.600  0.000  0.000
 56 12069508 1995 6 12 21 52 25.0  2  42.500   4.400  42.500   4.400  0.000  0.000
 56 12069508 1995 6 12 21 52 25.0  5  53.220  -6.770  51.100  -6.700  2.120 -0.070
 57 12069509 1995 6 12 21 54  2.0  1  61.800 -15.600  61.800 -15.600  0.000  0.000
 57 12069509 1995 6 12 21 54  2.0  2  42.000   4.500  42.000   4.500  0.000  0.000
 57 12069509 1995 6 12 21 54  2.0  5  52.738  -6.906  50.700  -6.600  2.038 -0.306
 58 12069510 1995 6 12 21 55 44.0  1  62.300 -15.700  62.300 -15.700  0.000  0.000
 58 12069510 1995 6 12 21 55 44.0  2  41.600   4.500  41.600   4.500  0.000  0.000
 58 12069510 1995 6 12 21 55 44.0  5  52.392  -6.750  50.400  -6.500  1.992 -0.250
 59 12069511 1995 6 12 21 58 32.0  1  63.100 -15.800  63.100 -15.800  0.000  0.000
 59 12069511 1995 6 12 21 58 32.0  2  40.900   4.600  40.900   4.600  0.000  0.000
 59 12069511 1995 6 12 21 58 32.0  5  51.617  -6.795  49.700  -6.300  1.917 -0.495
 60 12069512 1995 6 12 22  3  8.0  1  64.400 -15.900  64.400 -15.900  0.000  0.000
 60 12069512 1995 6 12 22  3  8.0  2  39.700   4.800  39.700   4.800  0.000  0.000
 60 12069512 1995 6 12 22  3  8.0  5  50.814  -6.433  48.500  -6.100  2.314 -0.333
 61 12069513 1995 6 12 22  4 32.0  1  64.800 -16.000  64.800 -16.000  0.000  0.000
 61 12069513 1995 6 12 22  4 32.0  2  39.400   4.900  39.400   4.900  0.000  0.000
 61 12069513 1995 6 12 22  4 32.0  5  50.602  -6.024  48.200  -6.000  2.402 -0.024
 62 12069514 1995 6 12 22  6 56.0  1  65.500 -16.100  65.500 -16.100  0.000  0.000
 62 12069514 1995 6 12 22  6 56.0  2  38.800   5.000  38.800   5.000  0.000  0.000
 62 12069514 1995 6 12 22  6 56.0  5  50.213  -6.105  47.500  -5.900  2.713 -0.205
 63 12069515 1995 6 12 22  8 27.0  1  65.900 -16.100  65.900 -16.100  0.000  0.000
 63 12069515 1995 6 12 22  8 27.0  2  38.400   5.000  38.400   5.000  0.000  0.000
 63 12069515 1995 6 12 22  8 27.0  5  49.391  -5.732  47.100  -5.800  2.291  0.068
 64 12069516 1995 6 12 22 10 46.0  1  66.600 -16.200  66.600 -16.200  0.000  0.000
 64 12069516 1995 6 12 22 10 46.0  2  37.900   5.100  37.900   5.100  0.000  0.000
 64 12069516 1995 6 12 22 10 46.0  5  48.909  -5.681  46.500  -5.600  2.409 -0.081
 65 12069517 1995 6 12 22 12 22.0  1  67.100 -16.300  67.100 -16.300  0.000  0.000
 65 12069517 1995 6 12 22 12 22.0  2  37.500   5.200  37.500   5.200  0.000  0.000
 65 12069517 1995 6 12 22 12 22.0  5  48.881  -5.585  46.000  -5.500  2.881 -0.085
 66 12069518 1995 6 12 22 13 37.0  1  67.400 -16.300  67.400 -16.300  0.000  0.000
 66 12069518 1995 6 12 22 13 37.0  2  37.200   5.200  37.200   5.200  0.000  0.000
 66 12069518 1995 6 12 22 13 37.0  5  48.514  -5.533  45.600  -5.400  2.914 -0.133
 67 12069519 1995 6 12 22 14 48.0  1  67.700 -16.300  67.700 -16.300  0.000  0.000
 67 12069519 1995 6 12 22 14 48.0  2  36.900   5.300  36.900   5.300  0.000  0.000
 67 12069519 1995 6 12 22 14 48.0  5  47.875  -5.187  45.300  -5.400  2.575  0.213
 68 12069520 1995 6 12 22 19 19.5  1  69.000 -16.500  69.000 -16.500  0.000  0.000
 68 12069520 1995 6 12 22 19 19.5  2  35.800   5.400  35.800   5.400  0.000  0.000
 68 12069520 1995 6 12 22 19 19.5  5  45.116  -5.308  43.900  -5.100  1.216 -0.208
 69 12069521 1995 6 12 22 21 34.0  1  69.600 -16.600  69.600 -16.600  0.000  0.000
 69 12069521 1995 6 12 22 21 34.0  2  35.200   5.500  35.200   5.500  0.000  0.000
 69 12069521 1995 6 12 22 21 34.0  5  46.504  -4.826  43.200  -4.900  3.304  0.074
 70 12069522 1995 6 12 22 23 27.0  1  70.200 -16.600  70.200 -16.600  0.000  0.000
 70 12069522 1995 6 12 22 23 27.0  2  34.800   5.600  34.800   5.600  0.000  0.000
 70 12069522 1995 6 12 22 23 27.0  5  45.481  -4.666  42.500  -4.800  2.981  0.134
 71 12069523 1995 6 12 22 25 23.0  1  70.700 -16.700  70.700 -16.700  0.000  0.000
 71 12069523 1995 6 12 22 25 23.0  2  34.300   5.700  34.300   5.700  0.000  0.000
 71 12069523 1995 6 12 22 25 23.0  5  44.593  -4.516  41.900  -4.700  2.693  0.184
 72 12069524 1995 6 12 22 26 52.0  1  71.100 -16.800  71.100 -16.800  0.000  0.000
 72 12069524 1995 6 12 22 26 52.0  2  33.900   5.700  33.900   5.700  0.000  0.000
 72 12069524 1995 6 12 22 26 52.0  5  43.655  -4.722  41.400  -4.600  2.255 -0.122
 73 12069525 1995 6 12 22 28 14.0  1  71.500 -16.800  71.500 -16.800  0.000  0.000
 73 12069525 1995 6 12 22 28 14.0  2  33.600   5.800  33.600   5.800  0.000  0.000
 73 12069525 1995 6 12 22 28 14.0  5  43.179  -4.469  40.900  -4.500  2.279  0.031
 74 12069526 1995 6 12 22 29 29.0  1  71.800 -16.800  71.800 -16.800  0.000  0.000
 74 12069526 1995 6 12 22 29 29.0  2  33.200   5.800  33.200   5.800  0.000  0.000
 74 12069526 1995 6 12 22 29 29.0  5  42.592  -4.553  40.500  -4.400  2.092 -0.153
 75 12069527 1995 6 12 22 30 50.0  1  72.200 -16.900  72.200 -16.900  0.000  0.000
 75 12069527 1995 6 12 22 30 50.0  2  32.900   5.900  32.900   5.900  0.000  0.000
 75 12069527 1995 6 12 22 30 50.0  5  42.842  -3.939  40.000  -4.300  2.842  0.361
 76 12069528 1995 6 12 22 33 26.0  1  72.900 -17.000  72.900 -17.000  0.000  0.000
 76 12069528 1995 6 12 22 33 26.0  2  32.200   6.000  32.200   6.000  0.000  0.000
 76 12069528 1995 6 12 22 33 26.0  5  41.753  -4.370  39.100  -4.100  2.653 -0.270
 77 12069529 1995 6 12 22 34 41.5  1  73.300 -17.000  73.300 -17.000  0.000  0.000
 77 12069529 1995 6 12 22 34 41.5  2  31.900   6.000  31.900   6.000  0.000  0.000
 77 12069529 1995 6 12 22 34 41.5  5  40.282  -4.538  38.600  -4.000  1.682 -0.538
 78 12069530 1995 6 12 22 35 48.5  1  73.600 -17.000  73.600 -17.000  0.000  0.000
 78 12069530 1995 6 12 22 35 48.5  2  31.600   6.100  31.600   6.100  0.000  0.000
 78 12069530 1995 6 12 22 35 48.5  5  39.896  -4.288  38.200  -3.900  1.696 -0.388
 79 12069531 1995 6 12 22 36 54.5  1  73.900 -17.100  73.900 -17.100  0.000  0.000
 79 12069531 1995 6 12 22 36 54.5  2  31.300   6.100  31.300   6.100  0.000  0.000
 79 12069531 1995 6 12 22 36 54.5  5  39.232  -4.528  37.800  -3.900  1.432 -0.628
 80 12069532 1995 6 12 22 37 54.5  1  74.100 -17.100  74.100 -17.100  0.000  0.000
 80 12069532 1995 6 12 22 37 54.5  2  31.000   6.200  31.000   6.200  0.000  0.000
 80 12069532 1995 6 12 22 37 54.5  5  38.983  -4.170  37.400  -3.800  1.583 -0.370
 81 12069533 1995 6 12 22 38 55.5  1  74.400 -17.100  74.400 -17.100  0.000  0.000
 81 12069533 1995 6 12 22 38 55.5  2  30.800   6.200  30.800   6.200  0.000  0.000
 81 12069533 1995 6 12 22 38 55.5  5  38.519  -3.941  37.100  -3.700  1.419 -0.241
 82 12069534 1995 6 12 22 40 30.5  1  74.800 -17.200  74.800 -17.200  0.000  0.000
 82 12069534 1995 6 12 22 40 30.5  2  30.300   6.300  30.300   6.300  0.000  0.000
 82 12069534 1995 6 12 22 40 30.5  5  38.342  -4.572  36.500  -3.600  1.842 -0.972
 83 12069535 1995 6 12 22 41 41.5  1  75.200 -17.200  75.200 -17.200  0.000  0.000
 83 12069535 1995 6 12 22 41 41.5  2  30.000   6.300  30.000   6.300  0.000  0.000
 83 12069535 1995 6 12 22 41 41.5  5  37.969  -4.279  36.000  -3.500  1.969 -0.779
 84 12069536 1995 6 12 22 42 50.5  1  75.500 -17.300  75.500 -17.300  0.000  0.000
 84 12069536 1995 6 12 22 42 50.5  2  29.700   6.400  29.700   6.400  0.000  0.000
 84 12069536 1995 6 12 22 42 50.5  5  36.646  -3.185  35.600  -3.400  1.046  0.215
 85 12069537 1995 6 12 22 44 18.5  1  75.900 -17.300  75.900 -17.300  0.000  0.000
 85 12069537 1995 6 12 22 44 18.5  2  29.300   6.400  29.300   6.400  0.000  0.000
 85 12069537 1995 6 12 22 44 18.5  5  36.537  -3.751  35.000  -3.300  1.537 -0.451
 86 12069539 1995 6 12 22 48 11.5  1  76.900 -17.400  76.900 -17.400  0.000  0.000
 86 12069539 1995 6 12 22 48 11.5  2  28.300   6.600  28.300   6.600  0.000  0.000
 86 12069539 1995 6 12 22 48 11.5  5  34.524  -3.844  33.400  -3.000  1.124 -0.844
 87 12069540 1995 6 12 22 49 56.5  1  77.400 -17.500  77.400 -17.500  0.000  0.000
 87 12069540 1995 6 12 22 49 56.5  2  27.800   6.700  27.800   6.700  0.000  0.000
 87 12069540 1995 6 12 22 49 56.5  5  34.528  -3.848  32.700  -2.900  1.828 -0.948
 88 14099501 1995 9 14 19 30 27.5  1  86.319 -16.701  86.300 -16.700  0.019 -0.001
 88 14099501 1995 9 14 19 30 27.5  2 -94.137   7.946 -94.200   7.900  0.063  0.046
 88 14099501 1995 9 14 19 30 27.5  3 -60.882  22.154 -60.800  22.200 -0.082 -0.046
 88 14099501 1995 9 14 19 30 27.5  4  53.011  12.384  53.100  12.500 -0.089 -0.116
 88 14099501 1995 9 14 19 30 27.5  5 -43.806   5.855 -43.000   5.900 -0.806 -0.045
 89 14099502 1995 9 14 19 31 47.0  1  86.511 -16.709  86.500 -16.700  0.011 -0.009
 89 14099502 1995 9 14 19 31 47.0  2 -93.839   7.898 -93.900   7.900  0.061 -0.002
 89 14099502 1995 9 14 19 31 47.0  3 -61.072  22.211 -61.000  22.200 -0.072  0.011
 89 14099502 1995 9 14 19 31 47.0  4  52.950  12.478  52.900  12.500  0.050 -0.022
 89 14099502 1995 9 14 19 31 47.0  5 -43.576   6.122 -42.800   5.800 -0.776  0.322
 90 14099503 1995 9 14 19 34 15.0  1  86.914 -16.704  86.900 -16.700  0.014 -0.004
 90 14099503 1995 9 14 19 34 15.0  2 -93.438   7.825 -93.500   7.800  0.062  0.025
 90 14099503 1995 9 14 19 34 15.0  3 -61.476  22.280 -61.400  22.300 -0.076 -0.020
 90 14099503 1995 9 14 19 34 15.0  4  52.680  12.400  52.600  12.500  0.080 -0.100
 90 14099503 1995 9 14 19 34 15.0  5 -43.299   6.021 -42.500   5.700 -0.799  0.321
 91 14099504 1995 9 14 19 35 29.0  1  87.020 -16.707  87.000 -16.700  0.020 -0.007
 91 14099504 1995 9 14 19 35 29.0  2 -93.213   7.833 -93.300   7.800  0.087  0.033
 91 14099504 1995 9 14 19 35 29.0  3 -61.707  22.274 -61.600  22.300 -0.107 -0.026
 91 14099504 1995 9 14 19 35 29.0  4  52.444  12.546  52.500  12.600 -0.056 -0.054
 91 14099504 1995 9 14 19 35 29.0  5 -43.177   5.955 -42.300   5.700 -0.877  0.255
 92 14099505 1995 9 14 19 36 31.0  1  87.219 -16.709  87.200 -16.700  0.019 -0.009
 92 14099505 1995 9 14 19 36 31.0  2 -93.110   7.822 -93.200   7.800  0.090  0.022
 92 14099505 1995 9 14 19 36 31.0  3 -61.908  22.287 -61.800  22.300 -0.108 -0.013
 92 14099505 1995 9 14 19 36 31.0  4  52.340  12.428  52.300  12.600  0.040 -0.172
 92 14099505 1995 9 14 19 36 31.0  5 -43.088   5.922 -42.200   5.600 -0.888  0.322
 93 14099506 1995 9 14 19 38 31.0  1  87.522 -16.797  87.500 -16.800  0.022  0.003
 93 14099506 1995 9 14 19 38 31.0  2 -92.732   7.775 -92.800   7.700  0.068  0.075
 93 14099506 1995 9 14 19 38 31.0  3 -62.189  22.322 -62.100  22.400 -0.089 -0.078
 93 14099506 1995 9 14 19 38 31.0  4  52.127  12.457  52.100  12.600  0.027 -0.143
 93 14099506 1995 9 14 19 38 31.0  5 -42.858   5.803 -41.900   5.500 -0.958  0.303
 94 14099507 1995 9 14 19 41 41.0  1  87.907 -16.766  87.900 -16.800  0.007  0.034
 94 14099507 1995 9 14 19 41 41.0  2 -92.380   7.742 -92.300   7.600 -0.080  0.142
 94 14099507 1995 9 14 19 41 41.0  3 -62.527  22.324 -62.600  22.500  0.073 -0.176
 94 14099507 1995 9 14 19 41 41.0  4  51.584  12.707  51.700  12.700 -0.116  0.007
 94 14099507 1995 9 14 19 41 41.0  5 -42.587   5.803 -41.400   5.400 -1.187  0.403
 95 14099508 1995 9 14 19 44 16.0  1  88.319 -16.821  88.300 -16.800  0.019 -0.021
 95 14099508 1995 9 14 19 44 16.0  2 -91.765   7.485 -91.900   7.500  0.135 -0.015
 95 14099508 1995 9 14 19 44 16.0  3 -63.154  22.536 -63.000  22.500 -0.154  0.036
 95 14099508 1995 9 14 19 44 16.0  4  51.345  12.726  51.400  12.700 -0.055  0.026
 95 14099508 1995 9 14 19 44 16.0  5 -42.015   5.543 -41.000   5.300 -1.015  0.243
 96 14099509 1995 9 14 19 47 28.0  1  88.826 -16.900  88.800 -16.900  0.026  0.000
 96 14099509 1995 9 14 19 47 28.0  2 -91.205   7.490 -91.300   7.400  0.095  0.090
 96 14099509 1995 9 14 19 47 28.0  3 -63.621  22.510 -63.500  22.600 -0.121 -0.090
 96 14099509 1995 9 14 19 47 28.0  4  51.023  12.784  51.000  12.800  0.023 -0.016
 96 14099509 1995 9 14 19 47 28.0  5 -41.410   5.509 -40.400   5.100 -1.010  0.409
 97 14099510 1995 9 14 19 50 10.0  1  89.133 -16.894  89.100 -16.900  0.033  0.006
 97 14099510 1995 9 14 19 50 10.0  2 -90.699   7.444 -90.800   7.300  0.101  0.144
 97 14099510 1995 9 14 19 50 10.0  3 -64.035  22.550 -63.900  22.700 -0.135 -0.150
 97 14099510 1995 9 14 19 50 10.0  4  50.661  12.815  50.700  12.800 -0.039  0.015
 97 14099510 1995 9 14 19 50 10.0  5 -40.986   5.444 -39.900   5.000 -1.086  0.444
 98 14099511 1995 9 14 19 51 26.0  1  89.325 -16.908  89.300 -16.900  0.025 -0.008
 98 14099511 1995 9 14 19 51 26.0  2 -90.477   7.361 -90.600   7.300  0.123  0.061
 98 14099511 1995 9 14 19 51 26.0  3 -64.248  22.647 -64.100  22.700 -0.148 -0.053
 98 14099511 1995 9 14 19 51 26.0  4  50.491  12.952  50.500  12.900 -0.009  0.052
 98 14099511 1995 9 14 19 51 26.0  5 -40.789   5.387 -39.700   5.000 -1.089  0.387
 99 14099512 1995 9 14 19 52 52.0  1  89.488 -16.931  89.500 -16.900 -0.012 -0.031
 99 14099512 1995 9 14 19 52 52.0  2 -90.225   7.141 -90.300   7.300  0.075 -0.159
 99 14099512 1995 9 14 19 52 52.0  3 -64.464  22.890 -64.400  22.700 -0.064  0.190
 99 14099512 1995 9 14 19 52 52.0  4  50.314  12.934  50.300  12.900  0.014  0.034
 99 14099512 1995 9 14 19 52 52.0  5 -40.565   5.291 -39.400   4.900 -1.165  0.391
100 14099513 1995 9 14 19 54 15.0  1  89.711 -17.014  89.700 -17.000  0.011 -0.014
100 14099513 1995 9 14 19 54 15.0  2 -90.007   7.191 -90.100   7.200  0.093 -0.009
100 14099513 1995 9 14 19 54 15.0  3 -64.704  22.822 -64.600  22.800 -0.104  0.022
100 14099513 1995 9 14 19 54 15.0  4  50.160  12.818  50.200  12.900 -0.040 -0.082
100 14099513 1995 9 14 19 54 15.0  5 -40.315   5.230 -39.100   4.800 -1.215  0.430
101 14099514 1995 9 14 19 55 37.0  1  89.906 -17.016  89.900 -17.000  0.006 -0.016
101 14099514 1995 9 14 19 55 37.0  2 -89.715   7.166 -89.800   7.200  0.085 -0.034
101 14099514 1995 9 14 19 55 37.0  3 -64.891  22.850 -64.800  22.800 -0.091  0.050
101 14099514 1995 9 14 19 55 37.0  4  50.013  12.917  50.000  13.000  0.013 -0.083
101 14099514 1995 9 14 19 55 37.0  5 -39.954   5.190 -38.900   4.800 -1.054  0.390
102 14099515 1995 9 14 19 56 46.5  1  90.097 -17.007  90.100 -17.000 -0.003 -0.007
102 14099515 1995 9 14 19 56 46.5  2 -89.583   7.063 -89.600   7.100  0.017 -0.037
102 14099515 1995 9 14 19 56 46.5  3 -65.014  22.844 -65.000  22.800 -0.014  0.044
102 14099515 1995 9 14 19 56 46.5  4  49.911  12.941  49.900  13.000  0.011 -0.059
102 14099515 1995 9 14 19 56 46.5  5 -39.753   4.982 -38.600   4.700 -1.153  0.282
103 14099516 1995 9 14 19 58 49.5  1  90.302 -17.011  90.300 -17.000  0.002 -0.011
103 14099516 1995 9 14 19 58 49.5  2 -89.247   7.069 -89.300   7.100  0.053 -0.031
103 14099516 1995 9 14 19 58 49.5  3 -65.355  22.942 -65.300  22.900 -0.055  0.042
103 14099516 1995 9 14 19 58 49.5  4  49.684  13.028  49.600  13.000  0.084  0.028
103 14099516 1995 9 14 19 58 49.5  5 -39.430   4.968 -38.200   4.600 -1.230  0.368
104 14099517 1995 9 14 20  0 28.0  1  90.607 -17.003  90.600 -17.000  0.007 -0.003
104 14099517 1995 9 14 20  0 28.0  2 -88.861   7.016 -88.900   7.000  0.039  0.016
104 14099517 1995 9 14 20  0 28.0  3 -65.646  22.887 -65.600  22.900 -0.046 -0.013
104 14099517 1995 9 14 20  0 28.0  4  49.462  13.100  49.400  13.100  0.062  0.000
104 14099517 1995 9 14 20  0 28.0  5 -39.005   4.927 -37.800   4.500 -1.205  0.427
105 14099518 1995 9 14 20  2  2.0  1  90.814 -17.011  90.800 -17.000  0.014 -0.011
105 14099518 1995 9 14 20  2  2.0  2 -88.600   6.922 -88.700   6.900  0.100  0.022
105 14099518 1995 9 14 20  2  2.0  3 -65.914  22.889 -65.800  22.900 -0.114 -0.011
105 14099518 1995 9 14 20  2  2.0  4  49.167  13.093  49.200  13.100 -0.033 -0.007
105 14099518 1995 9 14 20  2  2.0  5 -38.852   4.808 -37.500   4.400 -1.352  0.408
106 14099519 1995 9 14 20  3  0.0  1  90.919 -17.096  90.900 -17.100  0.019  0.004
106 14099519 1995 9 14 20  3  0.0  2 -88.447   7.002 -88.500   6.900  0.053  0.102
106 14099519 1995 9 14 20  3  0.0  3 -66.072  22.893 -66.000  23.000 -0.072 -0.107
106 14099519 1995 9 14 20  3  0.0  4  48.889  12.941  49.100  13.100 -0.211 -0.159
106 14099519 1995 9 14 20  3  0.0  5 -38.715   4.619 -37.300   4.400 -1.415  0.219
107 14099520 1995 9 14 20  3 43.0  1  91.003 -17.104  91.000 -17.100  0.003 -0.004
107 14099520 1995 9 14 20  3 43.0  2 -88.273   6.901 -88.300   6.900  0.027  0.001
107 14099520 1995 9 14 20  3 43.0  3 -66.130  23.003 -66.100  23.000 -0.030  0.003
107 14099520 1995 9 14 20  3 43.0  4  48.893  13.177  49.000  13.100 -0.107  0.077
107 14099520 1995 9 14 20  3 43.0  5 -37.656   4.539 -37.100   4.400 -0.556  0.139
108 14099521 1995 9 14 20  4 28.0  1  91.090 -17.098  91.100 -17.100 -0.010  0.002
108 14099521 1995 9 14 20  4 28.0  2 -88.248   6.862 -88.200   6.900 -0.048 -0.038
108 14099521 1995 9 14 20  4 28.0  3 -66.142  23.035 -66.200  23.000  0.058  0.035
108 14099521 1995 9 14 20  4 28.0  4  48.703  13.120  48.900  13.100 -0.197  0.020
108 14099521 1995 9 14 20  4 28.0  5 -37.832   4.553 -36.900   4.300 -0.932  0.253
109 14099522 1995 9 14 20  5 11.0  1  91.205 -17.108  91.200 -17.100  0.005 -0.008
109 14099522 1995 9 14 20  5 11.0  2 -88.043   6.795 -88.100   6.800  0.057 -0.005
109 14099522 1995 9 14 20  5 11.0  3 -66.362  23.013 -66.300  23.000 -0.062  0.013
109 14099522 1995 9 14 20  5 11.0  4  48.584  13.032  48.800  13.100 -0.216 -0.068
109 14099522 1995 9 14 20  5 11.0  5 -37.891   4.514 -36.800   4.300 -1.091  0.214
110 14099523 1995 9 14 20  5 55.0  1  91.301 -17.110  91.300 -17.100  0.001 -0.010
110 14099523 1995 9 14 20  5 55.0  2 -87.850   6.770 -87.900   6.800  0.050 -0.030
110 14099523 1995 9 14 20  5 55.0  3 -66.452  23.040 -66.400  23.000 -0.052  0.040
110 14099523 1995 9 14 20  5 55.0  4  48.705  13.031  48.700  13.200  0.005 -0.169
110 14099523 1995 9 14 20  5 55.0  5 -37.465   4.416 -36.600   4.200 -0.865  0.216
111 14099524 1995 9 14 20  6 39.0  1  91.410 -17.112  91.400 -17.100  0.010 -0.012
111 14099524 1995 9 14 20  6 39.0  2 -87.703   6.803 -87.800   6.800  0.097  0.003
111 14099524 1995 9 14 20  6 39.0  3 -66.607  23.109 -66.500  23.100 -0.107  0.009
111 14099524 1995 9 14 20  6 39.0  4  48.511  13.160  48.700  13.200 -0.189 -0.040
111 14099524 1995 9 14 20  6 39.0  5 -37.863   4.946 -36.400   4.200 -1.463  0.746
112 14099525 1995 9 14 20  7 25.0  1  91.507 -17.102  91.500 -17.100  0.007 -0.002
112 14099525 1995 9 14 20  7 25.0  2 -87.660   6.827 -87.700   6.800  0.040  0.027
112 14099525 1995 9 14 20  7 25.0  3 -66.647  23.075 -66.600  23.100 -0.047 -0.025
112 14099525 1995 9 14 20  7 25.0  4  48.414  13.109  48.600  13.200 -0.186 -0.091
112 14099525 1995 9 14 20  7 25.0  5 -37.679   4.815 -36.200   4.200 -1.479  0.615
113 14099526 1995 9 14 20  8 40.0  1  91.611 -17.103  91.600 -17.100  0.011 -0.003
113 14099526 1995 9 14 20  8 40.0  2 -87.344   6.741 -87.400   6.700  0.056  0.041
113 14099526 1995 9 14 20  8 40.0  3 -66.867  23.062 -66.800  23.100 -0.067 -0.038
113 14099526 1995 9 14 20  8 40.0  4  48.428  13.208  48.400  13.200  0.028  0.008
113 14099526 1995 9 14 20  8 40.0  5 -37.266   4.418 -35.900   4.100 -1.366  0.318
114 14099527 1995 9 14 20 10 24.0  1  91.895 -17.112  91.900 -17.100 -0.005 -0.012
114 14099527 1995 9 14 20 10 24.0  2 -87.056   6.630 -87.100   6.700  0.044 -0.070
114 14099527 1995 9 14 20 10 24.0  3 -67.139  23.183 -67.100  23.100 -0.039  0.083
114 14099527 1995 9 14 20 10 24.0  4  48.222  13.120  48.200  13.300  0.022 -0.180
114 14099527 1995 9 14 20 10 24.0  5 -36.850   4.292 -35.500   4.000 -1.350  0.292
115 14099528 1995 9 14 20 11 40.0  1  92.001 -17.115  92.000 -17.100  0.001 -0.015
115 14099528 1995 9 14 20 11 40.0  2 -86.819   6.554 -86.900   6.600  0.081 -0.046
115 14099528 1995 9 14 20 11 40.0  3 -67.383  23.261 -67.300  23.200 -0.083  0.061
115 14099528 1995 9 14 20 11 40.0  4  48.011  13.262  48.000  13.300  0.011 -0.038
115 14099528 1995 9 14 20 11 40.0  5 -36.553   4.339 -35.200   3.900 -1.353  0.439
116 14099529 1995 9 14 20 12 58.0  1  92.207 -17.202  92.200 -17.200  0.007 -0.002
116 14099529 1995 9 14 20 12 58.0  2 -86.565   6.628 -86.600   6.600  0.035  0.028
116 14099529 1995 9 14 20 12 58.0  3 -67.542  23.173 -67.500  23.200 -0.042 -0.027
116 14099529 1995 9 14 20 12 58.0  4  47.923  13.231  47.900  13.300  0.023 -0.069
116 14099529 1995 9 14 20 12 58.0  5 -36.219   4.298 -34.900   3.900 -1.319  0.398
117 14099530 1995 9 14 20 14 15.0  1  92.312 -17.202  92.300 -17.200  0.012 -0.002
117 14099530 1995 9 14 20 14 15.0  2 -86.342   6.557 -86.400   6.500  0.058  0.057
117 14099530 1995 9 14 20 14 15.0  3 -67.770  23.146 -67.700  23.200 -0.070 -0.054
117 14099530 1995 9 14 20 14 15.0  4  47.706  13.303  47.700  13.300  0.006  0.003
117 14099530 1995 9 14 20 14 15.0  5 -35.935   4.164 -34.600   3.800 -1.335  0.364
118 14099531 1995 9 14 20 15 31.0  1  92.521 -17.197  92.500 -17.200  0.021  0.003
118 14099531 1995 9 14 20 15 31.0  2 -86.140   6.626 -86.200   6.500  0.060  0.126
118 14099531 1995 9 14 20 15 31.0  3 -67.981  23.171 -67.900  23.300 -0.081 -0.129
118 14099531 1995 9 14 20 15 31.0  4  47.587  13.273  47.600  13.400 -0.013 -0.127
118 14099531 1995 9 14 20 15 31.0  5 -35.636   4.035 -34.200   3.700 -1.436  0.335
119 14099532 1995 9 14 20 16 47.0  1  92.695 -17.210  92.700 -17.200 -0.005 -0.010
119 14099532 1995 9 14 20 16 47.0  2 -85.857   6.435 -85.900   6.500  0.043 -0.065
119 14099532 1995 9 14 20 16 47.0  3 -68.138  23.375 -68.100  23.300 -0.038  0.075
119 14099532 1995 9 14 20 16 47.0  4  47.444  13.370  47.400  13.400  0.044 -0.030
119 14099532 1995 9 14 20 16 47.0  5 -35.263   4.053 -33.900   3.700 -1.363  0.353
120 14099533 1995 9 14 20 18  4.0  1  92.802 -17.209  92.800 -17.200  0.002 -0.009
120 14099533 1995 9 14 20 18  4.0  2 -85.643   6.380 -85.700   6.400  0.057 -0.020
120 14099533 1995 9 14 20 18  4.0  3 -68.359  23.329 -68.300  23.300 -0.059  0.029
120 14099533 1995 9 14 20 18  4.0  4  47.231  13.374  47.300  13.400 -0.069 -0.026
120 14099533 1995 9 14 20 18  4.0  5 -35.006   3.963 -33.600   3.600 -1.406  0.363
121 14099534 1995 9 14 20 20 59.0  1  93.211 -17.200  93.200 -17.200  0.011  0.000
121 14099534 1995 9 14 20 20 59.0  2 -85.166   6.367 -85.200   6.300  0.034  0.067
121 14099534 1995 9 14 20 20 59.0  3 -68.845  23.333 -68.800  23.400 -0.045 -0.067
121 14099534 1995 9 14 20 20 59.0  4  46.889  13.526  46.900  13.500 -0.011  0.026
121 14099534 1995 9 14 20 20 59.0  5 -34.228   3.708 -32.800   3.400 -1.428  0.308
122 14099535 1995 9 14 20 22 26.0  1  93.401 -17.203  93.400 -17.200  0.001 -0.003
122 14099535 1995 9 14 20 22 26.0  2 -84.874   6.297 -84.900   6.300  0.026 -0.003
122 14099535 1995 9 14 20 22 26.0  3 -69.027  23.407 -69.000  23.400 -0.027  0.007
122 14099535 1995 9 14 20 22 26.0  4  46.720  13.578  46.700  13.500  0.020  0.078
122 14099535 1995 9 14 20 22 26.0  5 -34.028   3.574 -32.400   3.300 -1.628  0.274