1 2 2018 01 16.19757  167.048  -60.428 -0.036  0.017   0.029   0.049
1 2 2018 01 16.21840  174.100  -61.927  0.022 -0.002   0.051   0.042
1 3 2018 01 16.21840   64.388   -5.395  0.090 -0.055   0.035   0.044
1 4 2018 01 16.18368  -88.117    1.668 -0.033 -0.002   0.033   0.061
1 4 2018 01 16.19062  -86.276    1.305 -0.016  0.026   0.042   0.051
1 4 2018 01 16.19757  -84.473    0.901  0.014  0.031   0.033   0.029
1 4 2018 01 16.20451  -82.758    0.415  0.028 -0.073   0.036   0.045
1 4 2018 01 16.21146  -80.986   -0.001  0.011  0.008   0.065   0.030
1 4 2018 01 16.21840  -79.508   -0.237 -0.067  0.044   0.036   0.028
1 4 2018 01 16.22535  -77.866   -0.688  0.073 -0.065   0.025   0.037
2 4 2018 01 16.18368 -250.423   60.962 -0.143 -0.098   0.032   0.029
2 4 2018 01 16.19757 -251.569   61.190 -0.003 -0.079   0.059   0.044
2 4 2018 01 16.21840 -253.583   61.468 -0.105 -0.020   0.065   0.051
1 2 2018 02 28.07686  188.599  -52.397 -0.079  0.025   0.022   0.043
1 2 2018 02 28.08381  187.421  -51.936 -0.108 -0.048   0.014   0.047
1 2 2018 02 28.09075  186.163  -51.341 -0.145  0.042   0.023   0.054
1 3 2018 02 28.09770   34.808   14.692  0.137 -0.047   0.029   0.060
1 2 2018 03 01.09285   81.257  -17.471 -0.145 -0.042   0.030   0.042
1 2 2018 03 01.11368   83.724  -17.935 -0.071 -0.047   0.044   0.064
1 2 2018 03 01.12062   84.556  -17.874 -0.041  0.095   0.041   0.041
1 3 2018 03 01.12062 -209.552   60.817 -0.044 -0.007   0.058   0.032
1 4 2018 03 01.12062 -142.862   58.679 -0.026 -0.009   0.046   0.052
2 3 2018 03 01.08590 -298.252   80.900  0.046  0.102   0.028   0.026
2 3 2018 03 01.09285 -297.409   80.400  0.039  0.008   0.038   0.034
2 3 2018 03 01.09979 -296.494   80.158  0.051  0.059   0.024   0.068
2 3 2018 03 01.10674 -295.693   79.631 -0.007 -0.033   0.024   0.047
2 3 2018 03 01.11368 -294.787   79.239 -0.011  0.006   0.016   0.062
2 3 2018 03 01.12062 -293.825   78.860  0.026 -0.022   0.029   0.029
2 3 2018 03 01.12757 -292.899   78.528  0.028  0.020   0.031   0.038
2 4 2018 03 01.08590 -230.972   78.132 -0.002  0.045   0.032   0.036
2 4 2018 03 01.09285 -230.314   77.773  0.029 -0.023   0.040   0.026
2 4 2018 03 01.09979 -229.446   77.558  0.094  0.005   0.025   0.077
2 4 2018 03 01.10674 -228.766   77.212  0.051 -0.031   0.020   0.048
2 4 2018 03 01.11368 -227.981   76.909  0.077 -0.024   0.009   0.052
2 4 2018 03 01.12062 -227.268   76.666  0.036 -0.006   0.025   0.031
2 4 2018 03 01.12757 -226.588   76.368 -0.036  0.022   0.026   0.056
3 4 2018 03 01.08590   67.279   -2.763 -0.045 -0.051   0.018   0.026
3 4 2018 03 01.09285   67.191   -2.605  0.016  0.018   0.021   0.024
3 4 2018 03 01.09979   67.089   -2.535  0.055 -0.019   0.013   0.023
3 4 2018 03 01.10674   66.923   -2.449  0.055 -0.030   0.014   0.017
3 4 2018 03 01.11368   66.798   -2.308  0.089  0.016   0.006   0.021
3 4 2018 03 01.12062   66.552   -2.179  0.005  0.031   0.026   0.024
3 4 2018 03 01.12757   66.309   -2.164 -0.047 -0.047   0.014   0.018
3 4 2018 03 01.13451   66.181   -2.010  0.015 -0.015   0.021   0.035
1 2 2018 03 02.06882 -206.276   65.952  0.051 -0.041   0.025   0.031
1 2 2018 03 02.07576 -209.340   66.577  0.122  0.006   0.034   0.050
1 2 2018 03 02.08271 -212.593   67.226  0.032 -0.004   0.045   0.046
1 2 2018 03 02.09660 -218.730   68.520 -0.014  0.067   0.048   0.045
1 2 2018 03 02.10354 -221.717   68.986  0.038 -0.023   0.020   0.053
1 2 2018 03 02.11049 -224.712   69.684 -0.044  0.060   0.019   0.033
1 2 2018 03 02.11743 -227.623   70.093 -0.027 -0.012   0.016   0.052
1 3 2018 03 02.06882 -315.774   89.009  0.099 -0.044   0.016   0.034
1 3 2018 03 02.08271 -320.290   89.994  0.051  0.080   0.036   0.054
1 3 2018 03 02.08965 -322.423   90.317  0.082 -0.043   0.015   0.044
1 3 2018 03 02.09660 -324.554   90.936  0.055  0.106   0.047   0.053
1 3 2018 03 02.10354 -326.714   91.116  0.056 -0.050   0.031   0.032
1 3 2018 03 02.11049 -328.848   91.604 -0.006  0.057   0.023   0.043
1 3 2018 03 02.11743 -330.835   91.796  0.042 -0.041   0.018   0.074
1 3 2018 03 02.12437 -332.854   92.194  0.067 -0.083   0.039   0.033
1 3 2018 03 02.13132 -334.719   92.522  0.098 -0.068   0.038   0.019
1 4 2018 03 02.10354 -367.355  126.932  0.080 -0.083   0.016   0.016
1 4 2018 03 02.11049 -370.872  127.930  0.009  0.118   0.033   0.062
2 3 2018 03 02.05493 -111.557   23.599 -0.053 -0.014   0.039   0.025
2 3 2018 03 02.06187 -110.410   23.264  0.103 -0.043   0.023   0.055
2 3 2018 03 02.06882 -109.568   23.143  0.002  0.003   0.019   0.026
2 3 2018 03 02.07576 -108.611   22.968  0.013  0.058   0.016   0.033
2 3 2018 03 02.08271 -107.709   22.760  0.001  0.066   0.018   0.037
2 3 2018 03 02.08965 -106.819   22.570 -0.007  0.050   0.032   0.038
2 3 2018 03 02.09660 -105.835   22.335  0.060  0.027   0.032   0.019
2 3 2018 03 02.10354 -104.998   22.147  0.022  0.006   0.015   0.027
2 3 2018 03 02.11049 -104.137   22.013  0.021  0.049   0.015   0.037
2 3 2018 03 02.11743 -103.264   21.714  0.049 -0.013   0.016   0.030
2 3 2018 03 02.12437 -102.480   21.517  0.028  0.084   0.016   0.045
2 3 2018 03 02.13132 -101.641   21.429  0.047  0.013   0.031   0.046
2 4 2018 03 02.05493 -142.888   56.467 -0.048 -0.003   0.039   0.045
2 4 2018 03 02.06187 -143.111   56.577  0.068 -0.038   0.036   0.057
2 4 2018 03 02.06882 -143.522   56.830  0.026  0.036   0.029   0.051
2 4 2018 03 02.07576 -143.886   57.053  0.048  0.024   0.028   0.051
2 4 2018 03 02.08271 -144.379   57.293 -0.032  0.025   0.008   0.071
2 4 2018 03 02.08965 -144.838   57.427  0.015 -0.031   0.047   0.045
2 4 2018 03 02.10354 -145.719   57.985  0.003  0.060   0.015   0.044
2 4 2018 03 02.11049 -146.155   58.150  0.051 -0.021   0.009   0.042
2 4 2018 03 02.11743 -146.729   58.397  0.037  0.021   0.017   0.043
2 4 2018 03 02.12437 -147.420   58.634  0.065  0.079   0.030   0.039
2 4 2018 03 02.13132 -147.893   58.867 -0.005 -0.048   0.028   0.051
3 4 2018 03 02.05493  -31.320   32.861  0.034 -0.010   0.028   0.038
3 4 2018 03 02.06187  -32.669   33.359  0.006  0.087   0.041   0.030
3 4 2018 03 02.06882  -33.973   33.655  0.020  0.023   0.018   0.058
3 4 2018 03 02.07576  -35.243   34.063  0.060 -0.036   0.024   0.029
3 4 2018 03 02.08271  -36.669   34.486 -0.027 -0.037   0.023   0.040
3 4 2018 03 02.08965  -38.066   34.830 -0.045 -0.027   0.030   0.059
3 4 2018 03 02.09660  -39.409   35.508 -0.036  0.053   0.020   0.053
3 4 2018 03 02.10354  -40.700   35.823 -0.004  0.024   0.020   0.034
3 4 2018 03 02.11049  -42.022   36.228  0.028  0.050   0.013   0.053
3 4 2018 03 02.11743  -43.435   36.706 -0.011  0.059   0.017   0.029
3 4 2018 03 02.12437  -44.753   37.103  0.054 -0.010   0.022   0.037
3 4 2018 03 02.13132  -46.219   37.513 -0.018  0.005   0.022   0.039
1 2 2018 03 04.09979   70.384  -14.684  0.045  0.048   0.028   0.026
1 2 2018 03 04.10673   69.285  -14.506  0.051 -0.008   0.023   0.049
1 2 2018 03 04.11367   68.146  -14.123  0.059  0.029   0.016   0.019
1 2 2018 03 04.12062   67.050  -13.937  0.013 -0.050   0.015   0.035
1 3 2018 03 04.09979    3.076  -15.678 -0.015 -0.029   0.011   0.036
1 3 2018 03 04.10673    3.903  -16.019 -0.027 -0.027   0.015   0.031
1 3 2018 03 04.11367    4.823  -16.424 -0.005 -0.051   0.011   0.033
1 3 2018 03 04.12062    5.732  -16.794 -0.063 -0.040   0.015   0.042
1 4 2018 03 04.12062 -604.857  167.089  0.098 -0.046   0.035   0.056
2 3 2018 03 04.09979  -67.320   -0.907 -0.081  0.006   0.019   0.030
2 3 2018 03 04.10673  -65.330   -1.622 -0.066 -0.065   0.011   0.021
2 3 2018 03 04.11367  -63.326   -2.262 -0.067 -0.047   0.013   0.024
2 3 2018 03 04.12062  -61.321   -2.805 -0.076  0.060   0.015   0.028
2 3 2018 03 04.12756  -59.262   -3.444 -0.027  0.044   0.018   0.050
2 4 2018 03 04.09979 -672.705  181.791  0.005 -0.066   0.051   0.036
2 4 2018 03 04.11367 -672.172  181.232  0.042 -0.086   0.038   0.047
2 4 2018 03 04.12062 -671.886  181.030  0.049  0.053   0.023   0.036
3 4 2018 03 04.09979 -605.465  182.608  0.069 -0.034   0.044   0.074
3 4 2018 03 04.11367 -608.832  183.416  0.132 -0.036   0.025   0.060
1 2 2018 03 12.04449   96.411  -15.378  0.015 -0.106   0.077   0.018
1 2 2018 03 12.06532   92.231  -13.651  0.050  0.046   0.066   0.047
1 3 2018 03 12.05144  369.548 -110.867 -0.040 -0.008   0.027   0.042
1 3 2018 03 12.05838  371.192 -111.019 -0.060  0.036   0.013   0.037
1 3 2018 03 12.06532  372.748 -111.157 -0.102  0.053   0.033   0.038
1 3 2018 03 12.07227  374.299 -111.346 -0.039  0.037   0.041   0.027
1 3 2018 03 12.07921  375.773 -111.555 -0.017 -0.040   0.033   0.035
1 3 2018 03 12.08616  377.085 -111.520 -0.062  0.081   0.019   0.024
1 3 2018 03 12.09310  378.381 -111.614 -0.036  0.022   0.011   0.039
1 3 2018 03 12.10005  379.564 -111.694 -0.053  0.035   0.029   0.033
1 4 2018 03 12.05144  609.925 -173.161  0.060 -0.111   0.052   0.037
1 4 2018 03 12.05838  611.035 -173.231 -0.001 -0.063   0.050   0.041
1 4 2018 03 12.06532  612.128 -173.161 -0.067  0.037   0.035   0.061
1 4 2018 03 12.07227  613.114 -173.298 -0.085  0.009   0.034   0.061
1 4 2018 03 12.07921  614.200 -173.386  0.006 -0.040   0.042   0.055
1 4 2018 03 12.08616  615.027 -173.334 -0.080  0.000   0.038   0.056
1 4 2018 03 12.09310  615.896 -173.328 -0.063 -0.009   0.022   0.028
1 4 2018 03 12.10005  616.702 -173.266 -0.045  0.067   0.035   0.032
2 3 2018 03 12.06532  280.680  -97.492 -0.026  0.028   0.050   0.034
2 3 2018 03 12.07921  286.835  -98.908  0.084  0.009   0.049   0.036
2 4 2018 03 12.07227  522.587 -160.145 -0.023  0.010   0.056   0.038
3 4 2018 03 12.04449  240.757  -62.358  0.039 -0.003   0.024   0.044
3 4 2018 03 12.05144  240.345  -62.195  0.061  0.004   0.038   0.032
3 4 2018 03 12.05838  239.803  -62.159  0.016 -0.053   0.039   0.030
3 4 2018 03 12.06532  239.300  -62.034 -0.019 -0.032   0.033   0.039
3 4 2018 03 12.07227  238.855  -61.895 -0.012  0.036   0.036   0.034
3 4 2018 03 12.07921  238.416  -61.810  0.003  0.017   0.027   0.026
3 4 2018 03 12.08616  237.877  -61.711 -0.073  0.030   0.035   0.024
3 4 2018 03 12.09310  237.492  -61.680 -0.039 -0.031   0.018   0.032
3 4 2018 03 12.10005  237.096  -61.586 -0.007 -0.015   0.016   0.030
1 2 2018 03 16.06329 -119.370   47.649 -0.062  0.102   0.045   0.073
2 3 2018 03 16.04940 -152.120   35.134 -0.086  0.064   0.023   0.054
2 3 2018 03 16.05634 -150.736   34.725  0.031 -0.004   0.039   0.032
2 3 2018 03 16.06329 -149.525   34.455 -0.004  0.030   0.037   0.031
2 3 2018 03 16.07023 -148.284   34.079 -0.026 -0.027   0.046   0.041
2 3 2018 03 16.07717 -147.137   33.821  0.022  0.049   0.061   0.048
2 3 2018 03 16.08412 -145.840   33.372  0.013 -0.017   0.040   0.070
2 3 2018 03 16.09106 -144.693   33.207 -0.009  0.007   0.039   0.045
2 4 2018 03 16.06329  312.697  -63.275  0.020  0.102   0.038   0.031
2 4 2018 03 16.07717  312.847  -63.129 -0.072 -0.002   0.051   0.041
2 4 2018 03 16.08412  313.080  -63.004  0.019 -0.002   0.069   0.040
3 4 2018 03 16.06329  462.120  -97.849 -0.071 -0.082   0.063   0.004
2 3 2018 03 17.08465 -132.147   34.571 -0.082  0.004   0.028   0.026
2 3 2018 03 23.97427 -120.286   32.110  0.003 -0.053   0.037   0.041
2 3 2018 03 23.98121 -120.993   32.368 -0.043 -0.002   0.033   0.043
2 3 2018 03 23.98816 -121.592   32.569  0.024 -0.019   0.029   0.042
2 3 2018 03 23.99510 -122.353   32.862 -0.019  0.076   0.024   0.037
2 3 2018 03 24.00205 -123.017   32.974 -0.032  0.017   0.022   0.025
2 3 2018 03 24.00899 -123.734   33.257 -0.042  0.068   0.020   0.020
2 3 2018 03 24.01594 -124.479   33.419 -0.056  0.035   0.020   0.024
2 3 2018 03 24.02288 -125.198   33.632 -0.046  0.022   0.024   0.030
2 3 2018 03 24.02983 -125.864   33.891 -0.009  0.059   0.024   0.029
2 3 2018 03 24.03677 -126.630   34.057 -0.021  0.039   0.020   0.032
2 3 2018 03 24.04371 -127.393   34.283 -0.047  0.048   0.022   0.037
2 3 2018 03 24.05066 -128.130   34.502 -0.021  0.055   0.014   0.023
2 3 2018 03 24.05760 -128.891   34.703 -0.018  0.058   0.019   0.040
2 3 2018 03 24.06455 -129.852   34.784 -0.022  0.083   0.026   0.034
2 3 2018 03 24.07149 -130.414   34.987 -0.026  0.043   0.017   0.036
2 4 2018 03 23.97427 -109.599   11.153 -0.100  0.005   0.032   0.037
2 4 2018 03 23.98121 -110.005   11.367 -0.086  0.017   0.024   0.041
2 4 2018 03 23.98816 -110.437   11.554 -0.079  0.045   0.027   0.030
2 4 2018 03 23.99510 -110.955   11.678 -0.033  0.006   0.033   0.046
2 4 2018 03 24.00205 -111.377   11.964 -0.089 -0.004   0.020   0.027
2 4 2018 03 24.00899 -111.861   12.238 -0.077  0.044   0.024   0.033
2 4 2018 03 24.01594 -112.375   12.382 -0.068 -0.006   0.026   0.027
2 4 2018 03 24.02288 -112.900   12.701 -0.070  0.075   0.021   0.028
2 4 2018 03 24.02983 -113.451   12.897 -0.081  0.035   0.019   0.022
2 4 2018 03 24.03677 -114.024   13.116 -0.084  0.040   0.010   0.025
2 4 2018 03 24.04371 -114.617   13.408 -0.096  0.088   0.016   0.034
2 4 2018 03 24.05066 -115.184   13.605 -0.069  0.070   0.013   0.016
2 4 2018 03 24.05760 -115.812   13.838 -0.081  0.073   0.021   0.031
2 4 2018 03 24.06455 -116.506   13.984 -0.086  0.142   0.015   0.035
2 4 2018 03 24.07149 -116.994   14.187 -0.106  0.056   0.024   0.029
3 4 2018 03 23.97427   10.721  -20.984 -0.072  0.035   0.033   0.039
3 4 2018 03 23.98121   10.965  -20.996 -0.067  0.020   0.011   0.027
3 4 2018 03 23.98816   11.184  -21.004 -0.072  0.025   0.017   0.025
3 4 2018 03 23.99510   11.425  -21.033 -0.044 -0.014   0.018   0.024
3 4 2018 03 24.00205   11.625  -20.968 -0.081  0.032   0.011   0.026
3 4 2018 03 24.00899   11.844  -20.985 -0.062  0.008   0.015   0.023
3 4 2018 03 24.01594   12.066  -21.018 -0.045 -0.032   0.011   0.023
3 4 2018 03 24.02288   12.243  -20.946 -0.060  0.030   0.012   0.023
3 4 2018 03 24.02983   12.413  -20.931 -0.073  0.027   0.007   0.022
3 4 2018 03 24.03677   12.607  -20.972 -0.058 -0.023   0.014   0.022
3 4 2018 03 24.04371   12.775  -20.875 -0.049  0.041   0.013   0.027
3 4 2018 03 24.05066   12.943  -20.875 -0.052  0.035   0.008   0.025
3 4 2018 03 24.05760   13.068  -20.851 -0.075  0.034   0.014   0.021
3 4 2018 03 24.06455   13.343  -20.801 -0.064  0.058   0.015   0.005
3 4 2018 03 24.07149   13.381  -20.792 -0.079  0.040   0.016   0.029
1 2 2018 03 27.04347 -294.621   84.909 -0.074  0.035   0.021   0.033
1 2 2018 03 27.05042 -296.121   84.989 -0.091  0.039   0.020   0.036
1 2 2018 03 27.05736 -297.481   84.944 -0.055 -0.034   0.016   0.030
1 3 2018 03 27.04347  195.434  -47.872 -0.038 -0.014   0.015   0.030
1 3 2018 03 27.05042  193.853  -47.449 -0.034  0.036   0.019   0.037
1 3 2018 03 27.05736  192.349  -47.156 -0.041 -0.021   0.027   0.040
1 4 2018 03 27.04347  236.058  -84.604 -0.014 -0.060   0.023   0.040
1 4 2018 03 27.05042  235.797  -84.576 -0.048  0.042   0.026   0.029
1 4 2018 03 27.05736  235.682  -84.725 -0.023 -0.053   0.028   0.034
2 3 2018 03 27.04347  490.016 -132.697 -0.007  0.034   0.023   0.038
2 3 2018 03 27.05042  489.956 -132.362  0.015  0.072   0.047   0.034
2 3 2018 03 27.05736  489.764 -131.973 -0.051  0.151   0.032   0.037
2 4 2018 03 27.04347  530.651 -169.409  0.019  0.008   0.023   0.042
2 4 2018 03 27.05042  531.886 -169.556 -0.003  0.008   0.042   0.067
2 4 2018 03 27.05736  533.148 -169.613  0.040  0.021   0.039   0.053
3 4 2018 03 27.04347   40.613  -36.687  0.001 -0.010   0.006   0.031
3 4 2018 03 27.05042   41.954  -37.166  0.004 -0.028   0.010   0.040
3 4 2018 03 27.05736   43.307  -37.539  0.010  0.007   0.007   0.041
1 3 2018 03 28.04483  282.135  -61.254 -0.086  0.001   0.031   0.036
1 3 2018 03 28.05177  280.764  -60.577 -0.006  0.029   0.031   0.034
1 4 2018 03 28.05177  593.510 -176.895 -0.005 -0.124   0.061   0.055
3 4 2018 03 28.04483  310.689 -115.201  0.020 -0.035   0.044   0.048
3 4 2018 03 28.05177  312.712 -115.957  0.008  0.009   0.035   0.067
1 2 2018 03 29.98358   28.053    9.006 -0.041 -0.007   0.013   0.036
1 2 2018 03 30.01135   12.642   13.556 -0.175 -0.067   0.019   0.036
1 2 2018 03 30.01830    8.847   14.469 -0.110 -0.174   0.009   0.015
1 2 2018 03 30.02524    4.900   15.704 -0.084 -0.102   0.016   0.033
1 2 2018 03 30.03219    0.976   16.800  0.006 -0.163   0.011   0.022
1 2 2018 03 30.03913   -3.032   17.959  0.018 -0.132   0.012   0.031
1 2 2018 03 30.04608   -7.151   19.212  0.017 -0.102   0.011   0.040
1 2 2018 03 30.05302  -11.334   20.430 -0.025 -0.077   0.016   0.045
1 3 2018 03 30.01830 -187.240   64.144 -0.076 -0.001   0.043   0.038
1 3 2018 03 30.02524 -189.826   64.846 -0.066 -0.017   0.030   0.053
1 3 2018 03 30.03219 -192.386   65.619  0.000 -0.004   0.042   0.047
1 3 2018 03 30.03913 -195.058   66.378  0.017  0.002   0.017   0.033
1 3 2018 03 30.04608 -197.819   67.099 -0.016 -0.056   0.011   0.047
1 3 2018 03 30.05302 -200.606   67.752 -0.059 -0.034   0.022   0.072
1 4 2018 03 30.02524  619.700 -156.083 -0.025  0.059   0.056   0.036
1 4 2018 03 30.05302  610.348 -152.630  0.036  0.162   0.047   0.035
2 3 2018 03 30.01830 -196.125   49.515  0.000  0.066   0.031   0.074
2 3 2018 03 30.02524 -194.728   49.139  0.015  0.104   0.015   0.027
2 3 2018 03 30.03219 -193.352   48.651 -0.017  0.009   0.051   0.033
2 3 2018 03 30.03913 -192.063   48.391 -0.044  0.073   0.021   0.040
2 3 2018 03 30.04608 -190.665   47.892 -0.032  0.028   0.014   0.046
2 3 2018 03 30.05302 -189.323   47.393 -0.051  0.013   0.004   0.064
2 4 2018 03 30.02524  614.805 -171.805  0.028  0.102   0.065   0.032
2 3 2018 03 31.03172 -125.215   34.522  0.017  0.058   0.026   0.026
2 3 2018 03 31.03866 -125.900   34.782 -0.016  0.077   0.055   0.026
2 3 2018 03 31.04561 -126.587   34.927 -0.023  0.065   0.026   0.024
2 3 2018 03 31.05255 -127.271   35.004 -0.013 -0.089   0.045   0.023
2 4 2018 03 31.03172  587.794 -132.815 -0.010 -0.065   0.017   0.068
2 4 2018 03 31.03866  585.461 -132.045  0.060 -0.069   0.029   0.072
2 4 2018 03 31.04561  583.085 -131.022  0.063  0.051   0.036   0.034
3 4 2018 03 31.03172  713.097 -167.173  0.029 -0.044   0.029   0.093
3 4 2018 03 31.03866  711.166 -166.387 -0.082  0.034   0.032   0.066
3 4 2018 03 31.04561  709.679 -165.950  0.033 -0.014   0.053   0.026
1 4 2018 04 03.95576 -166.974   69.339  0.016  0.049   0.021   0.035
1 2 2018 04 10.95386    9.592  -22.111  0.070  0.008   0.020   0.024
1 2 2018 04 10.96080   14.231  -23.327  0.076  0.032   0.011   0.028
1 2 2018 04 10.96775   18.811  -24.566  0.052  0.008   0.014   0.033
1 2 2018 04 10.97469   23.426  -25.774  0.124  0.004   0.012   0.026
1 2 2018 04 10.98164   27.947  -27.038  0.124 -0.058   0.017   0.024
1 2 2018 04 10.98858   32.445  -28.172  0.152 -0.020   0.013   0.019
1 2 2018 04 10.99553   36.934  -29.317  0.207 -0.018   0.007   0.015
1 3 2018 04 10.95386  321.805  -83.929  0.047  0.091   0.018   0.020
1 3 2018 04 10.96080  322.954  -84.138  0.065  0.046   0.024   0.046
1 3 2018 04 10.96775  323.998  -84.157  0.010  0.026   0.020   0.041
1 3 2018 04 10.97469  325.102  -84.308  0.069 -0.006   0.025   0.043
1 3 2018 04 10.98164  326.089  -84.410  0.071 -0.053   0.025   0.045
1 3 2018 04 10.98858  326.963  -84.323  0.052  0.074   0.018   0.036
1 3 2018 04 10.99553  327.832  -84.347  0.054  0.027   0.017   0.029
1 3 2018 04 11.00247  328.624  -84.281  0.061  0.077   0.012   0.035
1 3 2018 04 11.00941  329.337  -84.245  0.048  0.056   0.014   0.043
1 3 2018 04 11.01636  329.914  -84.182 -0.032  0.036   0.033   0.060
1 4 2018 04 11.00941  127.934  -73.563 -0.135  0.052   0.015   0.029
1 4 2018 04 11.01636  131.330  -74.360 -0.125 -0.013   0.016   0.042
2 3 2018 04 10.95386  312.223  -61.865 -0.015  0.043   0.033   0.027
2 3 2018 04 10.96080  308.730  -60.718 -0.026  0.061   0.023   0.052
2 3 2018 04 10.96775  305.247  -59.600 -0.003  0.040   0.024   0.041
2 3 2018 04 10.97469  301.679  -58.524 -0.045  0.012   0.021   0.036
2 3 2018 04 10.98164  298.106  -57.320 -0.072  0.048   0.018   0.037
2 3 2018 04 10.98858  294.574  -56.211 -0.073  0.055   0.019   0.040
2 3 2018 04 10.99553  290.893  -55.075 -0.157 -0.002   0.019   0.025
3 4 2018 04 11.01636 -198.662    9.937 -0.157  0.047   0.018   0.034
1 2 2018 04 11.93161   90.966  -24.223 -0.006  0.007   0.029   0.028
1 2 2018 04 11.93856   89.890  -23.885  0.059  0.025   0.018   0.025
1 2 2018 04 11.94550   88.781  -23.711  0.064 -0.120   0.022   0.018
1 2 2018 04 11.95245   87.699  -23.364  0.041 -0.065   0.013   0.019
1 2 2018 04 11.95939   86.629  -23.071  0.002 -0.064   0.015   0.025
1 2 2018 04 11.96634   85.621  -22.738 -0.006 -0.007   0.015   0.028
1 2 2018 04 11.97328   84.655  -22.478 -0.018 -0.016   0.014   0.026
1 2 2018 04 11.98023   83.855  -22.213 -0.008  0.035   0.035   0.032
1 3 2018 04 11.93161  -93.376   50.725  0.110 -0.031   0.016   0.051
1 3 2018 04 11.95939 -107.153   53.867 -0.037 -0.055   0.054   0.052
1 3 2018 04 11.97328 -113.818   55.542 -0.120  0.052   0.036   0.054
1 4 2018 04 11.93161  117.296  -58.372 -0.025 -0.019   0.026   0.044
1 4 2018 04 11.93856  117.032  -58.322  0.003  0.085   0.027   0.024
1 4 2018 04 11.94550  116.816  -58.484 -0.010  0.001   0.017   0.035
1 4 2018 04 11.95245  116.644  -58.597 -0.032 -0.001   0.022   0.048
1 4 2018 04 11.95939  116.516  -58.696 -0.069 -0.008   0.017   0.037
1 4 2018 04 11.96634  116.467  -58.802 -0.090  0.013   0.013   0.037
1 4 2018 04 11.97328  116.507  -58.954 -0.100  0.015   0.022   0.036
1 4 2018 04 11.98023  116.607  -59.102 -0.058 -0.032   0.028   0.069
2 3 2018 04 11.93161 -184.352   74.917  0.085 -0.091   0.035   0.045
2 3 2018 04 11.94550 -189.222   76.031  0.009 -0.028   0.077   0.055
2 3 2018 04 11.95939 -193.801   77.004 -0.004  0.004   0.045   0.022
2 4 2018 04 11.93161   26.300  -34.167 -0.047 -0.047   0.026   0.033
2 4 2018 04 11.93856   27.156  -34.452 -0.063  0.056   0.021   0.028
2 4 2018 04 11.94550   28.037  -34.800 -0.068  0.088   0.015   0.021
2 4 2018 04 11.95245   28.944  -35.258 -0.076  0.030   0.021   0.026
2 4 2018 04 11.95939   29.896  -35.640 -0.062  0.043   0.008   0.031
2 4 2018 04 11.96634   30.826  -36.055 -0.102  0.031   0.014   0.028
2 4 2018 04 11.97328   31.843  -36.442 -0.087  0.058   0.017   0.033
2 4 2018 04 11.98023   32.810  -36.909 -0.081 -0.057   0.019   0.034
3 4 2018 04 11.93161  210.659 -109.054 -0.125  0.111   0.021   0.045
3 4 2018 04 11.95939  223.840 -112.633 -0.019  0.048   0.053   0.043
3 4 2018 04 11.97328  230.244 -114.462 -0.102 -0.047   0.034   0.067
1 2 2018 04 11.98622   83.012  -21.918  0.006  0.073   0.012   0.022
1 2 2018 04 11.99316   82.112  -21.742 -0.054  0.036   0.019   0.017
1 2 2018 04 12.00011   81.328  -21.550 -0.038  0.020   0.019   0.024
1 2 2018 04 12.00705   80.584  -21.345 -0.041  0.013   0.018   0.029
1 2 2018 04 12.01400   79.905  -21.101  0.001  0.075   0.026   0.026
1 4 2018 04 11.98622  116.863  -59.260 -0.024  0.022   0.010   0.028
1 4 2018 04 11.99316  117.061  -59.534 -0.073 -0.015   0.029   0.037
1 4 2018 04 12.00011  117.382  -59.757 -0.043 -0.002   0.019   0.035
1 4 2018 04 12.00705  117.770  -59.935 -0.031  0.026   0.050   0.042
1 4 2018 04 12.01400  118.247  -60.204 -0.012  0.063   0.032   0.025
2 4 2018 04 11.98622   33.849  -37.299 -0.029 -0.006   0.012   0.029
2 4 2018 04 11.99316   34.949  -37.786 -0.032 -0.033   0.025   0.035
2 4 2018 04 12.00011   36.031  -38.208 -0.032 -0.023   0.011   0.028
2 4 2018 04 12.00705   37.120  -38.636 -0.064 -0.046   0.029   0.040
2 4 2018 04 12.01400   38.320  -39.035 -0.034  0.057   0.026   0.022
3 4 2018 04 12.00011  243.001 -117.871  0.065  0.015   0.033   0.060
1 3 2018 04 12.93231 -112.638   44.406 -0.026  0.083   0.032   0.024
1 3 2018 04 12.93925 -113.458   44.666 -0.013  0.011   0.029   0.014
1 3 2018 04 12.94620 -114.376   45.015 -0.031  0.019   0.026   0.035
1 3 2018 04 12.95314 -115.304   45.423  0.026  0.025   0.028   0.031
1 3 2018 04 12.96009 -116.368   45.832 -0.005  0.041   0.036   0.034
1 3 2018 04 12.96703 -117.452   46.208  0.023  0.008   0.046   0.031
1 3 2018 04 12.97397 -118.594   46.628  0.051  0.010   0.017   0.027
1 3 2018 04 12.98092 -119.890   47.186 -0.015  0.098   0.040   0.038
1 3 2018 04 12.98786 -121.160   47.597  0.006  0.060   0.018   0.029
1 4 2018 04 12.93231  517.779 -169.081  0.082  0.044   0.026   0.050
1 4 2018 04 12.94620  520.432 -169.371 -0.090  0.103   0.023   0.036
1 4 2018 04 12.95314  521.755 -169.479 -0.099  0.082   0.039   0.057
1 4 2018 04 12.96009  523.161 -169.650  0.061 -0.001   0.037   0.052
1 4 2018 04 12.96703  524.154 -169.798 -0.033 -0.032   0.056   0.043
1 4 2018 04 12.97397  525.242 -169.772 -0.055  0.016   0.026   0.046
1 4 2018 04 12.98092  526.598 -169.990 -0.013 -0.002   0.065   0.047
1 4 2018 04 12.98786  527.163 -169.797 -0.059  0.019   0.040   0.047
3 4 2018 04 12.95314  637.055 -214.981 -0.088  0.007   0.023   0.031
3 4 2018 04 12.97397  643.869 -216.348 -0.063  0.099   0.019   0.068
3 4 2018 04 12.98092  646.129 -216.821 -0.052  0.059   0.050   0.039
3 4 2018 04 12.98786  648.379 -217.421 -0.026 -0.073   0.031   0.024
1 2 2018 04 13.93594 -311.043   82.749  0.036 -0.058   0.060   0.032
1 2 2018 04 13.94289 -309.759   82.068 -0.008 -0.054   0.036   0.046
1 2 2018 04 13.94983 -308.330   81.226 -0.047 -0.083   0.051   0.024
1 2 2018 04 13.95678 -306.704   80.511  0.009  0.009   0.038   0.045
1 2 2018 04 13.96372 -305.118   79.650  0.027 -0.026   0.027   0.050
1 2 2018 04 13.97067 -303.245   78.851  0.041 -0.014   0.033   0.040
1 2 2018 04 13.97761 -301.496   77.981 -0.058 -0.039   0.036   0.030
1 2 2018 04 14.00539 -292.993   74.312 -0.007  0.016   0.027   0.036
1 2 2018 04 14.01233 -290.640   73.280  0.011  0.020   0.029   0.044
1 3 2018 04 13.93594 -429.758  116.330 -0.009  0.051   0.056   0.031
1 3 2018 04 13.94289 -428.623  115.690 -0.044 -0.023   0.029   0.072
1 3 2018 04 13.94983 -427.361  114.945 -0.030 -0.059   0.037   0.042
1 3 2018 04 13.95678 -425.970  114.408  0.019  0.083   0.030   0.044
1 3 2018 04 13.96372 -424.581  113.552  0.037 -0.055   0.063   0.077
1 3 2018 04 13.97067 -422.981  113.014  0.013  0.059   0.039   0.041
1 3 2018 04 13.97761 -421.488  112.236 -0.047  0.007   0.039   0.053
1 3 2018 04 13.99844 -416.074  109.704 -0.038 -0.120   0.047   0.028
1 3 2018 04 14.00539 -414.218  109.076 -0.042  0.015   0.036   0.038
1 3 2018 04 14.01233 -412.281  108.247 -0.058  0.029   0.040   0.044
1 4 2018 04 13.93594  393.710 -124.924  0.060 -0.016   0.073   0.050
1 4 2018 04 13.94289  395.061 -125.385  0.058 -0.015   0.040   0.033
1 4 2018 04 13.94983  396.494 -125.871  0.010  0.059   0.043   0.039
1 4 2018 04 13.95678  398.132 -126.466  0.037  0.026   0.028   0.050
1 4 2018 04 13.96372  399.688 -127.004  0.045  0.132   0.052   0.035
1 4 2018 04 13.97067  401.333 -127.650 -0.051  0.029   0.067   0.018
1 4 2018 04 13.97761  403.286 -128.325  0.053 -0.019   0.048   0.038
1 4 2018 04 14.00539  410.992 -130.865  0.020  0.006   0.036   0.047
2 3 2018 04 13.93594 -118.702   33.547 -0.033  0.041   0.032   0.030
2 3 2018 04 13.94289 -118.845   33.658 -0.003  0.017   0.028   0.049
2 3 2018 04 13.94983 -119.053   33.802 -0.018  0.074   0.035   0.022
2 3 2018 04 13.95678 -119.308   33.863 -0.021  0.027   0.030   0.040
2 3 2018 04 13.96372 -119.559   33.896 -0.002 -0.014   0.025   0.048
2 3 2018 04 13.97067 -119.763   34.142 -0.018  0.042   0.031   0.024
2 3 2018 04 13.97761 -120.047   34.240 -0.026  0.033   0.029   0.029
2 3 2018 04 13.99844 -121.068   34.577 -0.003  0.028   0.028   0.045
2 3 2018 04 14.00539 -121.306   34.758 -0.053 -0.005   0.025   0.037
2 3 2018 04 14.01233 -121.654   34.946  0.013  0.035   0.027   0.056
2 4 2018 04 13.94289  704.745 -207.509  0.009 -0.031   0.030   0.060
2 4 2018 04 13.94983  704.771 -207.129  0.005  0.049   0.030   0.032
2 4 2018 04 13.97067  704.798 -206.457  0.036  0.028   0.036   0.054
2 4 2018 04 14.00539  703.989 -205.250  0.024 -0.069   0.039   0.039
3 4 2018 04 13.94983  823.807 -240.890  0.018  0.052   0.050   0.027
3 4 2018 04 13.97067  824.461 -240.585 -0.003 -0.029   0.014   0.062
1 2 2018 04 14.93962  177.749  -58.411  0.058 -0.079   0.017   0.028
1 2 2018 04 14.94657  177.935  -58.214 -0.004 -0.056   0.020   0.048
1 2 2018 04 14.95351  178.040  -57.970 -0.041  0.012   0.016   0.050
1 2 2018 04 14.96046  178.177  -57.883  0.009 -0.033   0.029   0.040
1 2 2018 04 14.96740  178.247  -57.592  0.032  0.025   0.020   0.033
1 2 2018 04 14.97435  178.184  -57.446 -0.001 -0.061   0.036   0.031
1 3 2018 04 14.93962  -61.373    5.034 -0.069  0.047   0.010   0.022
1 3 2018 04 14.94657  -61.677    5.192 -0.066  0.040   0.012   0.031
1 3 2018 04 14.95351  -62.055    5.381 -0.082  0.038   0.008   0.021
1 3 2018 04 14.96046  -62.447    5.562 -0.062  0.022   0.005   0.024
1 3 2018 04 14.96740  -62.912    5.772 -0.070  0.026   0.009   0.015
1 3 2018 04 14.97435  -63.426    6.030 -0.078  0.076   0.010   0.019
1 3 2018 04 14.98129  -64.011    6.202 -0.102  0.017   0.020   0.033
1 4 2018 04 14.93962  654.716 -179.613  0.098 -0.030   0.012   0.057
1 4 2018 04 14.95351  650.673 -178.040 -0.018  0.012   0.050   0.055
1 4 2018 04 14.96046  648.736 -177.130  0.051  0.088   0.042   0.068
1 4 2018 04 14.96740  646.551 -176.361  0.080  0.032   0.035   0.044
2 3 2018 04 14.93962 -239.119   63.395 -0.128  0.079   0.017   0.023
2 3 2018 04 14.94657 -239.594   63.277 -0.070 -0.066   0.025   0.040
2 3 2018 04 14.95351 -240.104   63.421 -0.045  0.073   0.022   0.042
2 3 2018 04 14.96046 -240.636   63.302 -0.082  0.001   0.029   0.037
2 3 2018 04 14.96740 -241.160   63.348 -0.101 -0.014   0.024   0.033
2 3 2018 04 14.97435 -241.577   63.501 -0.030  0.069   0.043   0.056
2 4 2018 04 14.93962  476.993 -121.250  0.061 -0.011   0.014   0.052
2 4 2018 04 14.95351  472.689 -120.167 -0.022 -0.077   0.080   0.076
2 4 2018 04 14.96046  470.455 -119.395  0.029  0.031   0.048   0.050
3 4 2018 04 14.93962  716.072 -184.507  0.142  0.073   0.025   0.046
3 4 2018 04 14.95351  712.655 -183.335  0.024  0.057   0.039   0.041
1 3 2018 04 19.94615  -95.762   40.164 -0.019  0.024   0.028   0.026
1 3 2018 04 19.95310  -96.168   40.383 -0.044  0.033   0.031   0.027
1 3 2018 04 19.96004  -96.583   40.554 -0.016 -0.032   0.027   0.023
1 3 2018 04 19.96698  -97.070   40.911  0.005  0.082   0.023   0.033
1 3 2018 04 19.97393  -97.613   41.137  0.026  0.031   0.020   0.021
1 3 2018 04 19.98087  -98.266   41.468  0.007  0.073   0.026   0.020
1 3 2018 04 19.98782  -99.011   41.697 -0.020  0.006   0.027   0.028
1 3 2018 04 19.99476  -99.866   41.900 -0.066 -0.003   0.025   0.035
1 4 2018 04 19.94615  -34.225   38.767  0.036  0.041   0.019   0.025
1 4 2018 04 19.95310  -34.605   38.973  0.007 -0.014   0.023   0.022
1 4 2018 04 19.96004  -34.993   39.263  0.042  0.002   0.014   0.024
1 4 2018 04 19.96698  -35.528   39.651 -0.003  0.091   0.022   0.015
1 4 2018 04 19.97393  -36.043   39.912  0.043  0.019   0.013   0.021
1 4 2018 04 19.98087  -36.684   40.293  0.034  0.062   0.015   0.022
1 4 2018 04 19.98782  -37.399   40.642  0.031  0.054   0.016   0.025
1 4 2018 04 19.99476  -38.266   41.020 -0.028  0.045   0.014   0.035
2 4 2018 04 19.96698 -182.937   69.720  0.020  0.072   0.040   0.033
3 4 2018 04 19.94615   61.514   -1.440  0.033 -0.025   0.020   0.019
3 4 2018 04 19.95310   61.549   -1.432  0.052 -0.053   0.030   0.025
3 4 2018 04 19.96004   61.581   -1.304  0.039  0.007   0.018   0.027
3 4 2018 04 19.96698   61.553   -1.272  0.002 -0.001   0.023   0.036
3 4 2018 04 19.97393   61.540   -1.255 -0.006 -0.035   0.028   0.022
3 4 2018 04 19.98087   61.583   -1.165  0.028  0.003   0.017   0.027
3 4 2018 04 19.98782   61.583   -1.090  0.024  0.018   0.030   0.016
3 4 2018 04 19.99476   61.555   -1.049  0.012 -0.016   0.023   0.038
1 2 2018 04 22.90381   94.814  -27.349  0.049  0.012   0.026   0.021
1 2 2018 04 22.91076   96.033  -27.692  0.064 -0.017   0.018   0.027
1 2 2018 04 22.91770   97.319  -27.992  0.095  0.058   0.025   0.047
1 2 2018 04 22.92465   98.475  -28.329  0.015  0.072   0.021   0.038
1 2 2018 04 22.93159   99.756  -28.697  0.023  0.002   0.015   0.027
1 2 2018 04 22.93854  101.013  -28.975 -0.014  0.074   0.029   0.020
1 2 2018 04 22.94548  102.373  -29.403  0.014  0.002   0.027   0.024
1 2 2018 04 22.95242  103.814  -29.693  0.102  0.075   0.022   0.030
1 2 2018 04 22.95937  105.089  -30.101  0.014  0.001   0.031   0.032
1 2 2018 04 22.96631  106.514  -30.432  0.056  0.044   0.016   0.014
1 2 2018 04 22.97326  107.980  -30.880  0.076 -0.020   0.037   0.020
1 2 2018 04 22.98020  109.345  -31.200  0.051  0.014   0.033   0.017
1 3 2018 04 22.90381  -28.727  -17.394  0.011 -0.017   0.012   0.015
1 3 2018 04 22.91076  -24.755  -18.655 -0.011 -0.005   0.015   0.013
1 3 2018 04 22.91770  -20.703  -19.929 -0.017  0.008   0.016   0.018
1 3 2018 04 22.92465  -16.579  -21.240  0.001  0.003   0.017   0.012
1 3 2018 04 22.93159  -12.448  -22.517 -0.025  0.016   0.011   0.026
1 3 2018 04 22.93854   -8.221  -23.855 -0.008  0.013   0.018   0.013
1 3 2018 04 22.94548   -3.955  -25.178  0.000  0.022   0.015   0.016
1 3 2018 04 22.95242    0.336  -26.529 -0.012  0.005   0.023   0.010
1 3 2018 04 22.95937    4.682  -27.871 -0.024  0.011   0.026   0.026
1 3 2018 04 22.96631    9.082  -29.260  0.005 -0.033   0.018   0.024
1 3 2018 04 22.97326   13.493  -30.596 -0.014 -0.013   0.032   0.027
1 3 2018 04 22.98020   18.001  -31.984  0.013 -0.022   0.027   0.027
1 4 2018 04 22.90381 -643.515  184.475  0.017 -0.075   0.024   0.033
1 4 2018 04 22.92465 -637.776  182.285  0.052  0.019   0.063   0.043
1 4 2018 04 22.93854 -633.782  180.678 -0.014 -0.003   0.048   0.059
1 4 2018 04 22.95937 -627.241  178.138 -0.043 -0.028   0.063   0.027
1 4 2018 04 22.96631 -625.069  177.281 -0.126 -0.023   0.034   0.048
1 4 2018 04 22.97326 -622.524  176.414  0.043  0.074   0.041   0.050
1 4 2018 04 22.98020 -620.170  175.533  0.089 -0.035   0.039   0.065
2 3 2018 04 22.90381 -123.536    9.971 -0.037 -0.009   0.036   0.023
2 3 2018 04 22.91076 -120.784    9.052 -0.071  0.016   0.017   0.029
2 3 2018 04 22.91770 -118.003    8.021 -0.109 -0.080   0.023   0.043
2 3 2018 04 22.92465 -115.069    7.043 -0.040 -0.076   0.025   0.036
2 3 2018 04 22.93159 -112.144    6.056 -0.000 -0.100   0.016   0.028
2 3 2018 04 22.93854 -109.259    5.117 -0.019 -0.064   0.030   0.022
2 3 2018 04 22.94548 -106.300    4.169  0.016 -0.045   0.020   0.027
2 3 2018 04 22.95242 -103.398    3.135 -0.048 -0.094   0.024   0.044
2 3 2018 04 22.95937 -100.365    2.252 -0.001  0.023   0.021   0.021
2 3 2018 04 22.96631  -97.453    1.187 -0.058 -0.068   0.022   0.028
2 3 2018 04 22.97326  -94.476    0.261 -0.091 -0.007   0.025   0.021
2 3 2018 04 22.98020  -91.369   -0.801 -0.066 -0.047   0.024   0.028
2 4 2018 04 22.90381 -738.343  211.841 -0.021 -0.084   0.045   0.034
2 4 2018 04 22.91076 -737.483  211.352  0.051 -0.083   0.060   0.042
2 4 2018 04 22.91770 -737.111  211.127  0.026  0.015   0.048   0.051
2 4 2018 04 22.93854 -734.728  209.651  0.041 -0.111   0.036   0.049
2 4 2018 04 22.97326 -730.533  207.491 -0.014  0.026   0.030   0.082
2 4 2018 04 22.98020 -729.440  206.845  0.093  0.072   0.064   0.057
3 4 2018 04 22.90381 -614.695  201.876  0.078 -0.078   0.037   0.024
3 4 2018 04 22.92465 -621.163  203.516  0.093  0.008   0.057   0.019
3 4 2018 04 22.93854 -625.527  204.596 -0.050  0.035   0.058   0.051
3 4 2018 04 22.95937 -631.941  205.978 -0.038 -0.068   0.063   0.034
3 4 2018 04 22.96631 -634.119  206.554 -0.061  0.059   0.052   0.058
3 4 2018 04 22.97326 -636.173  207.114  0.020  0.060   0.055   0.053
3 4 2018 04 22.98020 -638.290  207.512 -0.039 -0.020   0.050   0.083
1 4 2018 04 23.90050 -491.719  141.202 -0.161  0.005   0.025   0.030
2 3 2018 04 23.90050  386.121 -134.195 -0.030  0.029   0.033   0.040
2 3 2018 04 23.90745  389.162 -134.883 -0.021  0.001   0.035   0.061
2 3 2018 04 23.91439  392.062 -135.567 -0.055 -0.022   0.039   0.033
2 3 2018 04 23.92134  394.967 -136.164 -0.065  0.020   0.028   0.012
2 3 2018 04 23.92828  397.893 -136.762 -0.071  0.019   0.067   0.043
2 3 2018 04 23.93523  400.870 -137.453 -0.020 -0.025   0.022   0.035
2 3 2018 04 23.94217  403.736 -138.115 -0.010 -0.087   0.024   0.026
2 4 2018 04 23.90050 -442.692  107.532 -0.026  0.015   0.042   0.037
2 4 2018 04 23.90745 -440.197  106.916  0.046  0.054   0.028   0.030
2 4 2018 04 23.91439 -437.914  106.172 -0.012  0.054   0.036   0.049
2 4 2018 04 23.92134 -435.546  105.590 -0.021  0.097   0.027   0.032
2 4 2018 04 23.92828 -433.188  104.878 -0.023  0.031   0.023   0.051
2 4 2018 04 23.93523 -430.833  104.198  0.002  0.023   0.025   0.037
2 4 2018 04 23.94217 -428.619  103.548 -0.098  0.008   0.034   0.024
2 4 2018 04 23.96300 -421.721  101.609 -0.074 -0.051   0.059   0.033
3 4 2018 04 23.90050 -828.752  241.659  0.072 -0.068   0.026   0.044
3 4 2018 04 23.90745 -829.364  241.834  0.031  0.070   0.048   0.047
3 4 2018 04 23.91439 -829.964  241.697  0.032 -0.001   0.031   0.021
3 4 2018 04 23.92134 -830.570  241.707 -0.024  0.057   0.035   0.049
3 4 2018 04 23.92828 -831.064  241.592  0.105 -0.056   0.026   0.048
3 4 2018 04 23.93523 -831.768  241.687 -0.051 -0.014   0.031   0.075
3 4 2018 04 23.94217 -832.321  241.613 -0.058  0.045   0.041   0.037
1 2 2018 04 26.90313  171.854  -42.256  0.024  0.014   0.022   0.070
1 2 2018 04 26.91008  171.690  -42.066 -0.033  0.011   0.035   0.039
1 2 2018 04 26.91702  171.495  -41.782 -0.016  0.020   0.028   0.035
1 2 2018 04 26.92396  171.221  -41.392 -0.040  0.105   0.021   0.024
1 2 2018 04 26.93091  170.808  -41.175 -0.089  0.024   0.019   0.005
1 2 2018 04 26.93785  170.440  -40.785 -0.051  0.081   0.016   0.045
1 3 2018 04 26.90313  -83.550   36.476  0.024  0.084   0.015   0.040
1 3 2018 04 26.91008  -83.033   36.254  0.044 -0.056   0.014   0.020
1 3 2018 04 26.91702  -82.600   36.295  0.036 -0.008   0.015   0.053
1 3 2018 04 26.92396  -82.216   36.273  0.015  0.013   0.015   0.032
1 3 2018 04 26.93091  -81.878   36.243  0.005  0.030   0.009   0.037
1 3 2018 04 26.93785  -81.543   36.232  0.053  0.012   0.006   0.047
1 3 2018 04 26.95869  -81.047   36.336  0.033 -0.005   0.010   0.039
1 4 2018 04 26.90313  -27.572  -30.524  0.004  0.011   0.015   0.034
1 4 2018 04 26.91008  -23.986  -31.507  0.008 -0.075   0.009   0.019
1 4 2018 04 26.91702  -20.441  -32.344  0.009  0.005   0.017   0.038
1 4 2018 04 26.92396  -16.950  -33.288  0.014 -0.055   0.009   0.042
1 4 2018 04 26.93091  -13.558  -34.114 -0.001 -0.026   0.009   0.034
1 4 2018 04 26.93785  -10.195  -34.923  0.011  0.008   0.008   0.042
1 4 2018 04 26.95869   -0.357  -37.145  0.006  0.035   0.015   0.048
2 3 2018 04 26.91008 -254.747   78.390  0.042  0.018   0.034   0.047
2 3 2018 04 26.91702 -254.092   78.166  0.053  0.099   0.023   0.044
2 3 2018 04 26.92396 -253.436   77.691  0.032 -0.064   0.019   0.034
2 3 2018 04 26.93785 -252.022   77.085  0.079 -0.024   0.038   0.056
2 4 2018 04 26.90313 -199.405   11.723  0.008 -0.050   0.010   0.037
2 4 2018 04 26.91008 -195.720   10.616 -0.010 -0.022   0.033   0.041
2 4 2018 04 26.91702 -191.939    9.483  0.027  0.030   0.010   0.023
2 4 2018 04 26.92396 -188.158    8.204  0.060 -0.100   0.013   0.021
2 4 2018 04 26.93091 -184.366    7.061  0.088 -0.050   0.022   0.033
2 4 2018 04 26.93785 -180.641    5.845  0.055 -0.102   0.020   0.028
3 4 2018 04 26.90313   55.975  -66.869 -0.027  0.046   0.021   0.046
3 4 2018 04 26.91008   59.054  -67.747 -0.038 -0.004   0.015   0.033
3 4 2018 04 26.91702   62.168  -68.646 -0.037 -0.038   0.030   0.039
3 4 2018 04 26.92396   65.274  -69.505  0.016 -0.042   0.018   0.050
3 4 2018 04 26.93091   68.320  -70.357 -0.006 -0.055   0.016   0.014
3 4 2018 04 26.93785   71.336  -71.104 -0.047  0.041   0.012   0.055
3 4 2018 04 26.95869   80.691  -73.479 -0.028  0.041   0.021   0.019
1 2 2018 05 04.87142 -275.339   93.427 -0.028  0.057   0.024   0.042
1 2 2018 05 04.87836 -278.438   94.047 -0.085 -0.036   0.016   0.031
1 2 2018 05 04.88531 -281.524   94.499 -0.139  0.059   0.018   0.052
1 2 2018 05 04.89225 -284.307   95.041 -0.053 -0.007   0.026   0.054
1 2 2018 05 04.89919 -287.227   95.627 -0.146  0.015   0.012   0.038
1 2 2018 05 04.90614 -289.889   96.097 -0.114 -0.002   0.017   0.028
1 2 2018 05 04.91308 -292.456   96.606 -0.092  0.026   0.038   0.042
1 2 2018 05 04.92003 -295.018   97.008 -0.075  0.067   0.034   0.041
1 2 2018 05 04.92697 -297.493   97.347 -0.123 -0.002   0.018   0.040
1 2 2018 05 04.93392 -299.840   97.777 -0.098  0.068   0.029   0.043
1 2 2018 05 04.94086 -301.989   98.110  0.052  0.076   0.068   0.027
1 3 2018 05 04.87142 -403.348  131.356  0.012 -0.025   0.034   0.056
1 3 2018 05 04.89225 -410.924  132.746 -0.096  0.009   0.025   0.070
1 3 2018 05 04.90614 -415.551  133.692 -0.115  0.063   0.038   0.033
1 3 2018 05 04.91308 -417.752  134.157 -0.138  0.026   0.019   0.046
1 3 2018 05 04.92003 -419.856  134.403 -0.073  0.054   0.042   0.042
1 3 2018 05 04.92697 -421.941  134.681 -0.130 -0.027   0.023   0.046
1 3 2018 05 04.93392 -423.919  135.061 -0.122  0.091   0.035   0.025
1 3 2018 05 04.94086 -425.766  135.254 -0.082  0.008   0.035   0.092
1 4 2018 05 04.87142  101.675    7.314  0.025  0.018   0.017   0.022
1 4 2018 05 04.87836   98.230    8.174  0.030 -0.023   0.011   0.024
1 4 2018 05 04.88531   94.872    9.086  0.061  0.008   0.013   0.017
1 4 2018 05 04.89225   91.498    9.940  0.018  0.012   0.014   0.018
1 4 2018 05 04.89919   88.233   10.803  0.035  0.022   0.012   0.016
1 4 2018 05 04.90614   85.000   11.617  0.014  0.022   0.010   0.021
1 4 2018 05 04.91308   81.880   12.448  0.046  0.057   0.012   0.017
1 4 2018 05 04.92003   78.818   13.194  0.057  0.021   0.017   0.020
1 4 2018 05 04.92697   75.763   13.940  0.028  0.019   0.011   0.020
1 4 2018 05 04.93392   72.811   14.672  0.033  0.020   0.013   0.034
1 4 2018 05 04.94086   69.903   15.400  0.002  0.040   0.018   0.022
2 3 2018 05 04.87142 -128.051   38.012 -0.002  0.005   0.014   0.040
2 3 2018 05 04.87836 -127.526   37.876  0.024  0.021   0.018   0.039
2 3 2018 05 04.88531 -127.120   37.829 -0.067  0.025   0.013   0.023
2 3 2018 05 04.89225 -126.557   37.690  0.020 -0.007   0.015   0.038
2 3 2018 05 04.89919 -126.155   37.745 -0.035  0.126   0.012   0.036
2 3 2018 05 04.90614 -125.679   37.602 -0.006  0.068   0.015   0.033
2 3 2018 05 04.91308 -125.325   37.526 -0.067  0.081   0.010   0.024
2 3 2018 05 04.92003 -124.893   37.440 -0.042  0.051   0.010   0.027
2 3 2018 05 04.92697 -124.489   37.407 -0.025  0.075   0.012   0.023
2 3 2018 05 04.93392 -124.104   37.299 -0.022  0.023   0.015   0.034
2 3 2018 05 04.94086 -123.778   37.240 -0.004  0.061   0.025   0.037
2 4 2018 05 04.87142  377.006  -86.086  0.043 -0.010   0.030   0.048
2 4 2018 05 04.87836  376.666  -85.857  0.128  0.037   0.013   0.050
2 4 2018 05 04.88531  376.309  -85.419  0.144 -0.055   0.021   0.064
2 4 2018 05 04.89225  375.784  -85.086  0.060  0.038   0.029   0.047
2 4 2018 05 04.89919  375.439  -84.844  0.163  0.001   0.021   0.034
2 4 2018 05 04.90614  374.898  -84.513  0.131 -0.016   0.023   0.028
2 4 2018 05 04.91308  374.391  -84.199  0.122  0.056   0.019   0.060
2 4 2018 05 04.92003  373.770  -83.795  0.088 -0.008   0.041   0.047
2 4 2018 05 04.92697  373.205  -83.359  0.119  0.023   0.022   0.029
2 4 2018 05 04.93392  372.625  -83.006  0.095  0.048   0.035   0.058
3 4 2018 05 04.87142  505.032 -124.070  0.017  0.014   0.034   0.057
3 4 2018 05 04.87836  504.164 -123.830  0.075 -0.073   0.050   0.073
3 4 2018 05 04.89225  502.407 -122.752  0.086  0.082   0.027   0.062
3 4 2018 05 04.90614  500.534 -122.087  0.106 -0.060   0.043   0.032
3 4 2018 05 04.92003  498.581 -121.111  0.053  0.018   0.042   0.044
3 4 2018 05 04.92697  497.697 -120.777  0.108  0.011   0.028   0.032
1 3 2018 05 05.85442 -145.292   29.100  0.012  0.026   0.036   0.030
1 3 2018 05 05.86136 -143.013   28.437  0.032 -0.016   0.050   0.035
1 3 2018 05 05.86830 -140.908   27.869 -0.011 -0.066   0.028   0.030
1 3 2018 05 05.87525 -138.770   27.455  0.018  0.046   0.022   0.041
1 3 2018 05 05.88219 -136.783   26.929 -0.046  0.052   0.022   0.035
1 3 2018 05 05.88914 -134.736   26.408  0.014  0.045   0.023   0.027
1 3 2018 05 05.89608 -132.875   25.890 -0.035  0.008   0.027   0.033
1 3 2018 05 05.90303 -130.932   25.414  0.031 -0.004   0.038   0.021
1 3 2018 05 05.90997 -129.204   24.991 -0.023  0.015   0.019   0.027
1 3 2018 05 05.91692 -127.437   24.562  0.025  0.018   0.019   0.025
1 3 2018 05 05.92386 -125.802   24.202  0.005  0.045   0.017   0.027
1 4 2018 05 05.90303  104.725    0.754  0.010  0.040   0.049   0.058
2 4 2018 05 05.90303    8.630   45.456 -0.011 -0.035   0.056   0.057
3 4 2018 05 05.89608  238.239  -25.560 -0.066  0.000   0.045   0.049
1 2 2018 05 06.86440   77.462  -24.234 -0.007  0.029   0.031   0.023
1 2 2018 05 06.87135   77.780  -24.365  0.004  0.016   0.022   0.017
1 2 2018 05 06.87829   78.150  -24.465  0.009  0.043   0.015   0.028
1 4 2018 05 06.86440 -343.637  132.766  0.120 -0.010   0.040   0.029
1 4 2018 05 06.87135 -344.922  132.975 -0.066  0.090   0.032   0.023
1 4 2018 05 06.87829 -345.821  132.959  0.032 -0.005   0.037   0.039
2 4 2018 05 06.86440 -421.279  156.990 -0.066 -0.053   0.047   0.041
2 4 2018 05 06.87135 -422.657  157.314 -0.023  0.043   0.025   0.040
2 4 2018 05 06.87829 -423.949  157.393  0.036  0.036   0.045   0.077
3 4 2018 05 06.86440 -194.902  109.474 -0.038  0.019   0.019   0.041
2 3 2018 05 09.90673   40.069   16.988  0.006  0.016   0.010   0.026
2 3 2018 05 09.91367   36.435   18.059 -0.002  0.028   0.015   0.015
2 3 2018 05 09.92062   32.839   19.098  0.008  0.031   0.016   0.029
2 3 2018 05 09.92756   29.237   20.166  0.003  0.064   0.024   0.025
2 4 2018 05 09.90673 -686.881  218.211  0.025  0.114   0.042   0.028
2 4 2018 05 09.91367 -689.010  218.544 -0.091  0.018   0.027   0.051
2 4 2018 05 09.92062 -690.908  218.950 -0.077  0.050   0.023   0.045
2 4 2018 05 09.92756 -692.760  219.273  0.022  0.033   0.039   0.020
3 4 2018 05 09.90673 -727.002  201.209 -0.042  0.099   0.055   0.029
3 4 2018 05 09.91367 -725.364  200.560 -0.029  0.098   0.037   0.032
3 4 2018 05 09.92062 -723.716  199.865 -0.065  0.002   0.014   0.052
3 4 2018 05 09.92756 -721.981  199.210  0.013  0.051   0.028   0.038
1 2 2018 05 10.92318  176.406  -49.623 -0.129  0.107   0.015   0.028
1 3 2018 05 10.92318  -66.374   32.339 -0.152  0.083   0.007   0.037
2 3 2018 05 10.91623 -242.867   82.184 -0.055  0.044   0.021   0.037
2 3 2018 05 10.92318 -242.757   81.996  0.011  0.029   0.015   0.039
2 4 2018 05 10.91623 -657.999  174.887 -0.082 -0.024   0.031   0.044
2 4 2018 05 10.92318 -655.562  173.892 -0.025 -0.067   0.023   0.031
3 4 2018 05 10.91623 -415.134   92.807 -0.009  0.027   0.027   0.033
3 4 2018 05 10.92318 -412.754   91.985 -0.012 -0.036   0.017   0.034
