 3   2451101.603032 23.3974509  -5.566274  4.71
 3   2451121.545362 23.3238800  -5.960554  4.93
 3   2451130.520063 23.3063277  -6.036292  4.78
 4   2451081.663754 23.5445823  -4.657649  5.52
 4   2451088.642060 23.4825377  -5.042268  5.53
 4   2451102.599831 23.3862398  -5.636583  6.60
 4   2451104.594704 23.3775701  -5.680257  5.74
 4   2451114.565332 23.3444843  -5.859752  5.89
 4   2451116.559286 23.3303611  -5.945924  5.88
 4   2451129.523355 23.3199185  -5.948544  6.14
 4   2451132.514742 23.3096795  -6.008398  6.07