902  7993.2387930  94.5043470  23.4717957 99.99 99.99  31.2  31.4 -0.90
902  8150.6446999 128.2793619  19.1555920 99.99 99.99  41.5  17.7 -0.74
902  8158.5555751 129.7514123  18.8142365 99.99 99.99  52.0  15.8  0.72
902  8225.6198508 136.4378039  17.2273888 99.99 99.99  48.3  21.9  0.87
902  8239.3211446 136.1459799  17.3629969 99.99 99.99  35.3  24.8 -0.90
902  8239.3957147 136.1444124  17.3636318 99.99 99.99  42.5  30.9 -0.93
902  8239.4846013 136.1419911  17.3645437 99.99 99.99  63.7  50.9 -0.97
902  8411.5434527 132.3201587  18.5399759 99.99 99.99  52.0  20.3  0.76
902  8411.5577734 132.3223413  18.5393891 99.99 99.99  51.9  19.8  0.77
902  8558.4893999 160.9614278   9.0378882 99.99 99.99  43.0  10.8  0.07
902  8636.7665884 165.9973705   7.3339849 99.99 99.99  47.0  41.0 -0.95
902  8762.9901384 157.6600321  10.6803168 99.99 99.99  39.3  20.1  0.83
902  8811.5066367 162.8736799   8.4765682 99.99 99.99  62.0  13.1  0.56
902  8959.1313313 189.6599168  -2.8572137 99.99 99.99  52.2  15.9  0.68
902  8959.1456595 189.6615502  -2.8578227 99.99 99.99  61.6  16.6  0.73
902  9026.4886280 194.0565818  -4.4244604 99.99 99.99  33.0  40.7 -0.93
903  7993.2388152  94.6589886  23.4657286 99.99 99.99  37.1  44.3 -0.78
903  8011.4574031  97.6599933  23.3729627 99.99 99.99  60.2  41.9  0.82
903  8194.9678242 134.9205819  17.5493816 99.99 99.99  33.1  40.0 -0.81
903  8225.6198309 136.3109540  17.2690039 99.99 99.99  52.2  34.2  0.74
903  8239.3211631 135.9092579  17.4384028 99.99 99.99  41.2  26.9 -0.80
903  8239.3957338 135.9066713  17.4393923 99.99 99.99  42.4  37.7 -0.89
903  8411.5577727 132.3287705  18.5379726 99.99 99.99  68.7  46.3  0.67
903  8558.4893953 160.9248499   9.0528389 99.99 99.99  59.0  17.4 -0.05
903  8593.1531597 165.1114972   7.4846820 99.99 99.99  29.7  42.8 -0.78
903  8593.2277271 165.1202329   7.4812622 99.99 99.99  27.6  62.1 -0.77
903  8624.7678640 166.2509689   7.1704868 99.99 99.99  44.9  20.6  0.67
903  8762.9901370 157.6636438  10.6757095 99.99 99.99  45.4  41.3  0.71
903  8959.1313222 189.5982786  -2.8306003 99.99 99.99  62.3  19.3  0.14
