1 2 1901 07 02 16 30 56.7   0.020 10   52.295   0  0  0
1 2 1901 07 08 15 42 32.0   0.025 10   59.947   0  0  0
1 2 1901 07 10 15 47 34.9   0.055 10  131.006   0  0  0
1 2 1901 07 11 17 13 16.2   0.057 10  187.282   0  0  0
1 2 1901 07 12 15 39 01.1   0.148 10  339.783   0  0  0
1 2 1901 07 14 15 22 18.2   0.044 10   91.630   0  0  0
1 2 1901 07 16 15 35 27.3   0.103 10  229.770   0  0  0
1 2 1901 07 18 15 32 57.9   0.187 10  190.962   0  0  0
1 2 1901 07 22 16 27 03.7   0.023 10   68.137   0  0  0
1 2 1901 07 27 15 43 22.5   0.012 10   27.819   0  0  0
1 2 1901 08 10 16 12 21.2   0.035 10  100.940   0  0  0
1 2 1901 08 13 20 22 56.8   0.108 10  312.281   0  0  0
1 2 1901 08 19 20 20 30.7   0.067 10  194.991   0  0  0
1 2 1901 08 24 20 31 05.9   0.043 10  115.724   0  0  0
1 2 1901 08 26 20 36 23.8   0.082 10  215.588   0  0  0
1 2 1901 08 27 20 20 58.4   0.109 10  313.092   0  0  0
1 2 1901 08 29 21 07 09.7   0.050 10  116.602   0  0  0
1 2 1901 09 01 20 46 53.3   0.028 10   74.407   0  0  0
1 2 1901 09 03 20 31 51.7   0.102 10  281.346   0  0  0
1 2 1901 09 04 20 38 41.2   0.022 10   62.417   0  0  0
1 2 1901 09 09 20 43 10.5   0.078 10  211.584   0  0  0
1 2 1901 09 10 20 44 18.8   0.088 10  232.330   0  0  0
1 2 1901 09 14 20 31 58.8   0.093 10  265.923   0  0  0
1 2 1901 09 16 21 49 56.8   0.107 10  200.891   0  0  0
1 2 1901 09 17 20 35 50.1   0.060 10  160.978   0  0  0
1 2 1901 09 19 20 43 21.4   0.016 10   43.977   0  0  0
1 2 1901 09 23 20 45 35.0   0.057 10  156.678   0  0  0
1 2 1901 09 25 21 12 31.9   0.032 10   79.855   0  0  0
1 2 1901 09 27 20 26 43.5   0.074 10  220.834   0  0  0
1 3 1901 07 02 16 40 42.0   0.126 10  361.625   0  0  0
1 3 1901 07 08 15 55 34.8   0.149 10  361.237   0  0  0
1 3 1901 07 10 15 38 04.3   0.027 10   61.833   0  0  0
1 3 1901 07 11 19 30 19.8   0.027 10   91.507   0  0  0
1 3 1901 07 12 16 09 18.9   0.181 10  479.873   0  0  0
1 3 1901 07 16 15 26 17.5   0.135 10  289.936   0  0  0
1 3 1901 07 22 15 37 13.1   0.152 10  366.035   0  0  0
1 3 1901 07 27 16 22 35.7   0.064 10  186.733   0  0  0
1 3 1901 07 29 15 59 43.2   0.129 10  342.047   0  0  0
1 3 1901 08 10 16 21 14.1   0.094 10  279.191   0  0  0
1 3 1901 08 13 20 32 59.9   0.082 10  221.939   0  0  0
1 3 1901 08 14 16 02 08.1   0.148 10  403.018   0  0  0
1 3 1901 08 19 20 51 20.8   0.100 10  256.089   0  0  0
1 3 1901 08 24 20 41 38.2   0.104 10  278.857   0  0  0
1 3 1901 08 26 20 51 05.9   0.081 10  195.882   0  0  0
1 3 1901 08 27 20 29 23.4   0.059 10  161.182   0  0  0
1 3 1901 08 28 20 39 33.7   0.153 10  407.060   0  0  0
1 3 1901 08 29 21 32 38.1   0.000 10    7.672   0  0  0
1 3 1901 09 01 20 56 49.9   0.108 10  272.960   0  0  0
1 3 1901 09 03 20 41 51.1   0.054 10  142.984   0  0  0
1 3 1901 09 04 20 46 32.0   0.164 10  422.924   0  0  0
1 3 1901 09 14 20 44 57.9   0.132 10  354.204   0  0  0
1 3 1901 09 16 21 34 44.9   0.011 10   30.926   0  0  0
1 3 1901 09 17 20 47 43.3   0.048 10  124.095   0  0  0
1 3 1901 09 19 21 11 25.9   0.033 10   80.867   0  0  0
1 3 1901 09 25 21 20 35.9   0.157 10  358.006   0  0  0
1 4 1901 07 02 16 20 41.9   0.210 10  560.445   0  0  0
1 4 1901 07 08 16 06 51.8   0.154 10  396.859   0  0  0
1 4 1901 07 10 15 59 43.2   0.210 10  545.365   0  0  0
1 4 1901 07 11 19 42 40.3   0.221 10  738.361   0  0  0
1 4 1901 07 12 16 18 58.7   0.145 10  395.540   0  0  0
1 4 1901 07 14 15 32 03.2   0.023 10   50.278   0  0  0
1 4 1901 07 16 15 43 42.4   0.132 10  322.014   0  0  0
1 4 1901 07 22 15 26 58.1   0.058 10  124.534   0  0  0
1 4 1901 07 27 16 11 18.8   0.257 10  718.029   0  0  0
1 4 1901 07 29 16 10 44.6   0.219 10  603.114   0  0  0
1 4 1901 08 10 16 29 05.2   0.106 10  325.049   0  0  0
1 4 1901 08 13 20 43 52.2   0.180 10  476.678   0  0  0
1 4 1901 08 14 16 10 40.6   0.229 10  653.681   0  0  0
1 4 1901 08 19 21 05 04.1   0.119 10  283.137   0  0  0
1 4 1901 08 24 20 50 17.2   0.079 10  212.197   0  0  0
1 4 1901 08 26 21 03 54.8   0.120 10  278.649   0  0  0
1 4 1901 08 27 20 41 25.4   0.082 10  219.097   0  0  0
1 4 1901 08 28 20 50 46.5   0.237 10  599.096   0  0  0
1 4 1901 08 29 20 57 28.4   0.192 10  466.253   0  0  0
1 4 1901 09 01 21 06 07.0   0.105 10  256.156   0  0  0
1 4 1901 09 03 20 51 52.8   0.080 10  198.484   0  0  0
1 4 1901 09 04 20 56 19.9   0.062 10  152.410   0  0  0
1 4 1901 09 09 20 54 21.6   0.112 10  311.338   0  0  0
1 4 1901 09 14 20 55 42.5   0.161 10  410.586   0  0  0
1 4 1901 09 16 21 59 41.1   0.307 10  535.757   0  0  0
1 4 1901 09 17 21 02 48.9   0.139 10  343.941   0  0  0
1 4 1901 09 19 21 33 43.6   0.029 10   52.632   0  0  0
1 4 1901 09 27 20 14 58.9   0.012 10   43.851   0  0  0
2 3 1901 06 24 19 16 54.4   0.157 10  554.448   0  0  0
2 3 1901 06 29 21 08 03.2   0.106 10  281.146   0  0  0
2 3 1901 07 02 17 00 08.0   0.133 10  401.299   0  0  0
2 3 1901 07 08 16 19 15.3   0.162 10  435.220   0  0  0
2 3 1901 07 10 16 10 45.0   0.032 10   85.852   0  0  0
2 3 1901 07 11 17 24 24.4   0.082 10  271.400   0  0  0
2 3 1901 07 12 15 49 15.4   0.055 10  135.205   0  0  0
2 3 1901 07 16 16 03 59.4   0.200 10  516.473   0  0  0
2 3 1901 07 18 15 42 18.1   0.117 10  272.840   0  0  0
2 3 1901 07 27 15 53 33.3   0.086 10  225.095   0  0  0
2 3 1901 08 10 16 38 50.2   0.059 10  185.578   0  0  0
2 3 1901 08 13 20 56 00.1   0.214 10  532.304   0  0  0
2 3 1901 08 19 21 22 46.0   0.042 10   82.849   0  0  0
2 3 1901 08 23 20 19 07.5   0.046 10  133.195   0  0  0
2 3 1901 08 24 20 58 07.7   0.071 10  170.447   0  0  0
2 3 1901 08 26 21 19 30.0   0.005 10   18.493   0  0  0
2 3 1901 08 27 20 51 45.8   0.186 10  479.187   0  0  0
2 3 1901 08 29 20 37 36.9   0.046 10  117.422   0  0  0
2 3 1901 08 31 20 48 57.3   0.054 10  141.998   0  0  0
2 3 1901 09 01 21 14 45.9   0.152 10  346.966   0  0  0
2 3 1901 09 03 21 02 10.0   0.179 10  431.098   0  0  0
2 3 1901 09 04 21 07 59.8   0.150 10  352.798   0  0  0
2 3 1901 09 10 20 56 18.9   0.149 10  367.062   0  0  0
2 3 1901 09 14 21 17 34.6   0.040 10   94.148   0  0  0
2 3 1901 09 16 20 52 47.8   0.092 10  238.501   0  0  0
2 3 1901 09 17 21 16 41.9   0.134 10  299.847   0  0  0
2 3 1901 09 19 20 33 22.0   0.016 10   45.151   0  0  0
2 4 1901 06 24 18 48 50.0   0.230 10  819.347   0  0  0
1 4 1901 06 25 15 35 15.2   0.303 10  651.896   0  0  0
2 4 1901 06 30 20 57 21.7   0.150 10  405.761   0  0  0
2 4 1901 07 02 16 49 09.5   0.171 10  510.660   0  0  0
2 4 1901 07 08 16 30 17.1   0.169 10  477.700   0  0  0
2 4 1901 07 10 16 23 30.5   0.149 10  414.198   0  0  0
2 4 1901 07 11 19 16 55.6   0.163 10  566.339   0  0  0
2 4 1901 07 12 15 58 28.9   0.299 10  742.724   0  0  0
2 4 1901 07 14 15 11 37.1   0.018 10   45.131   0  0  0
2 4 1901 07 16 15 53 26.3   0.041 10  101.978   0  0  0
2 4 1901 07 18 15 51 20.5   0.289 10  703.940   0  0  0
2 4 1901 07 27 16 02 51.5   0.257 10  681.955   0  0  0
2 4 1901 08 10 16 48 36.5   0.129 10  415.828   0  0  0
2 4 1901 08 13 21 08 45.4   0.335 10  782.821   0  0  0
2 4 1901 08 15 20 30 42.1   0.065 10  193.272   0  0  0
2 4 1901 08 23 20 32 47.8   0.126 10  337.929   0  0  0
2 4 1901 08 24 21 07 37.9   0.044 10  105.399   0  0  0
2 4 1901 08 26 21 35 20.2   0.046 10   79.965   0  0  0
2 4 1901 08 27 21 00 45.8   0.219 10  536.984   0  0  0
2 4 1901 08 29 21 16 14.0   0.160 10  352.637   0  0  0
2 4 1901 09 01 21 26 25.2   0.080 10  177.607   0  0  0
2 4 1901 09 03 21 13 42.5   0.036 10   89.069   0  0  0
2 4 1901 09 04 21 29 45.5   0.113 10  230.702   0  0  0
2 4 1901 09 09 21 04 50.3   0.214 10  521.786   0  0  0
2 4 1901 09 10 20 34 16.1   0.020 10   62.147   0  0  0
2 4 1901 09 14 21 26 53.4   0.314 10  671.430   0  0  0
2 4 1901 09 16 21 04 03.7   0.137 10  330.026   0  0  0
2 4 1901 09 17 21 27 10.5   0.243 10  519.055   0  0  0
2 4 1901 09 19 21 00 24.7   0.040 10   90.980   0  0  0
2 4 1901 09 27 20 37 44.8   0.089 10  257.187   0  0  0
3 4 1901 06 24 17 51 46.4   0.079 10  270.385   0  0  0
3 4 1901 06 25 15 20 48.7   0.146 10  289.578   0  0  0
3 4 1901 06 30 20 45 33.4   0.045 10  123.656   0  0  0
3 4 1901 07 08 16 41 38.2   0.014 10   41.315   0  0  0
3 4 1901 07 10 16 35 31.6   0.172 10  506.501   0  0  0
3 4 1901 07 11 19 54 00.8   0.254 10  831.906   0  0  0
3 4 1901 07 12 16 29 11.8   0.306 10  875.879   0  0  0
3 4 1901 07 16 16 14 41.7   0.226 10  619.587   0  0  0
3 4 1901 07 22 15 47 13.4   0.198 10  490.125   0  0  0
3 4 1901 07 27 16 33 06.9   0.304 10  906.146   0  0  0
3 4 1901 07 29 16 20 55.7   0.092 10  258.322   0  0  0
3 4 1901 08 10 16 59 08.1   0.185 10  603.623   0  0  0
3 4 1901 08 13 21 19 25.9   0.113 10  250.387   0  0  0
3 4 1901 08 14 16 19 33.6   0.085 10  253.046   0  0  0
3 4 1901 08 23 20 46 21.3   0.075 10  203.053   0  0  0
3 4 1901 08 24 21 18 46.0   0.032 10   69.386   0  0  0
3 4 1901 08 27 21 10 49.2   0.028 10   58.470   0  0  0
3 4 1901 08 28 20 59 36.6   0.084 10  196.280   0  0  0
3 4 1901 08 29 20 47 09.0   0.183 10  470.445   0  0  0
3 4 1901 09 01 21 37 44.8   0.254 10  521.848   0  0  0
3 4 1901 09 03 21 25 55.7   0.167 10  349.565   0  0  0
3 4 1901 09 04 21 19 02.2   0.263 10  575.236   0  0  0
3 4 1901 09 14 21 38 46.5   0.384 10  768.161   0  0  0
3 4 1901 09 16 21 17 23.0   0.244 10  562.156   0  0  0
3 4 1901 09 17 21 36 39.0   0.104 10  214.228   0  0  0
3 4 1901 09 19 21 22 46.5   0.257 10  126.967   0  0  0
1 2 1902 06 10 17 30 29.1   0.016 10   20.586   0  0  0
1 2 1902 06 16 18 02 18.9   0.155 10  265.896   0  0  0
1 2 1902 06 24 17 58 12.6   0.023 10   39.011   0  0  0
1 2 1902 06 30 18 01 38.9   0.110 10  191.039   0  0  0
1 2 1902 07 03 17 38 36.7   0.168 10  245.906   0  0  0
1 2 1902 07 07 18 56 21.1   0.062 10  151.314   0  0  0
1 2 1902 07 15 17 47 24.8   0.073 10  117.768   0  0  0
1 2 1902 07 16 17 50 40.3   0.048 10   81.817   0  0  0
1 2 1902 07 18 19 12 57.0   0.098 10  263.009   0  0  0
1 2 1902 07 19 17 48 02.1   0.040 10   66.229   0  0  0
1 2 1902 07 24 17 38 32.0   0.226 10  357.205   0  0  0
1 2 1902 07 27 17 34 27.9   0.052 10   81.366   0  0  0
1 2 1902 08 07 17 18 00.5   0.218 10  306.610   0  0  0
1 2 1902 08 16 17 56 40.3   0.050 10   95.526   0  0  0
1 2 1902 08 18 18 51 55.6   0.119 10  313.587   0  0  0
1 2 1902 08 20 17 38 23.5   0.061 10  107.938   0  0  0
1 2 1902 08 21 19 28 25.7   0.080 10  246.101   0  0  0
1 2 1902 08 25 23 51 04.6   0.013 10   33.759   0  0  0
1 2 1902 08 25 18 42 52.4   0.136 10  349.869   0  0  0
1 2 1902 08 27 17 37 11.7   0.055 10   96.632   0  0  0
1 2 1902 08 28 17 45 26.6   0.064 10  121.945   0  0  0
1 2 1902 09 02 17 53 09.7   0.096 10  193.534   0  0  0
1 2 1902 09 03 18 20 26.2   0.037 10   90.637   0  0  0
1 2 1902 09 06 19 10 05.7   0.049 10  145.501   0  0  0
1 2 1902 09 07 17 29 07.5   0.093 10  162.195   0  0  0
1 2 1902 09 08 17 30 02.7   0.185 10  326.356   0  0  0
1 2 1902 09 10 23 18 21.9   0.040 10  113.366   0  0  0
1 2 1902 09 12 18 13 24.1   0.099 10  231.760   0  0  0
1 2 1902 09 26 23 36 09.4   0.080 10  211.078   0  0  0
1 2 1902 10 04 23 31 33.2   0.057 10  154.409   0  0  0
1 3 1902 06 10 17 44 26.3   0.156 10  226.032   0  0  0
1 3 1902 06 16 18 13 34.2   0.094 10  175.894   0  0  0
1 3 1902 06 21 18 10 19.9   0.135 10  246.271   0  0  0
1 3 1902 06 24 18 11 10.7   0.074 10  136.318   0  0  0
1 3 1902 07 01 18 51 45.9   0.042 10  103.149   0  0  0
1 3 1902 07 03 17 58 00.5   0.067 10  118.196   0  0  0
1 3 1902 07 14 17 18 00.7   0.081 10  102.290   0  0  0
1 3 1902 07 15 18 02 17.8   0.024 10   40.796   0  0  0
1 3 1902 07 16 18 03 21.6   0.260 10  485.062   0  0  0
1 3 1902 07 19 18 02 38.2   0.187 10  344.205   0  0  0
1 3 1902 07 24 17 51 44.6   0.103 10  180.430   0  0  0
1 3 1902 07 26 18 06 57.7   0.176 10  343.011   0  0  0
1 3 1902 07 27 17 46 54.0   0.167 10  284.562   0  0  0
1 3 1902 08 03 17 56 03.2   0.132 10  249.173   0  0  0
1 3 1902 08 07 17 28 04.0   0.175 10  268.936   0  0  0
1 3 1902 08 16 18 10 31.7   0.110 10  233.187   0  0  0
1 3 1902 08 17 17 33 33.5   0.111 10  184.407   0  0  0
1 3 1902 08 18 19 02 54.9   0.157 10  436.141   0  0  0
1 3 1902 08 21 19 39 09.3   0.100 10  314.686   0  0  0
1 3 1902 08 22 17 46 30.9   0.164 10  311.580   0  0  0
1 3 1902 08 24 22 27 59.3   0.060 10  200.021   0  0  0
1 3 1902 08 25 18 32 44.6   0.194 10  477.709   0  0  0
1 3 1902 08 27 17 47 45.1   0.041 10   81.413   0  0  0
1 3 1902 08 28 17 34 23.9   0.225 10  391.478   0  0  0
1 3 1902 08 30 23 38 15.6   0.076 10  207.417   0  0  0
1 3 1902 09 07 18 22 45.1   0.061 10  147.433   0  0  0
1 3 1902 09 08 17 49 23.7   0.233 10  467.290   0  0  0
1 3 1902 09 10 23 29 20.6   0.028 10   76.319   0  0  0
1 3 1902 09 16 22 45 24.5   0.023 10   72.152   0  0  0
1 3 1902 09 26 23 48 30.4   0.111 10  278.291   0  0  0
1 3 1902 10 04 23 22 46.1   0.075 10  209.009   0  0  0
1 4 1902 06 10 18 00 02.2   0.280 10  465.439   0  0  0
1 4 1902 06 24 18 23 42.8   0.014 10   26.756   0  0  0
1 4 1902 06 30 18 14 50.8   0.280 10  538.137   0  0  0
1 4 1902 06 30 19 15 34.2   0.201 10  536.850   0  0  0
1 4 1902 07 07 18 40 43.0   0.209 10  469.648   0  0  0
1 4 1902 07 14 17 36 26.4   0.461 10  684.537   0  0  0
1 4 1902 07 15 18 15 34.8   0.252 10  503.405   0  0  0
1 4 1902 07 16 18 14 36.8   0.328 10  663.671   0  0  0
1 4 1902 07 18 19 01 22.0   0.095 10  244.919   0  0  0
1 4 1902 07 24 18 04 57.9   0.370 10  705.703   0  0  0
1 4 1902 07 26 18 17 01.4   0.156 10  322.387   0  0  0
1 4 1902 08 03 18 16 57.9   0.183 10  394.974   0  0  0
1 4 1902 08 07 17 40 01.1   0.378 10  638.357   0  0  0
1 4 1902 08 17 17 49 15.4   0.419 10  778.479   0  0  0
1 4 1902 08 18 19 15 04.1   0.153 10  444.969   0  0  0
1 4 1902 08 21 19 18 09.6   0.027 10   78.146   0  0  0
1 4 1902 08 22 19 06 18.7   0.063 10  179.215   0  0  0
1 4 1902 08 24 22 57 07.7   0.152 10  471.068   0  0  0
1 4 1902 08 25 17 35 40.6   0.439 10  770.162   0  0  0
1 4 1902 08 25 18 53 29.7   0.283 10  765.940   0  0  0
1 4 1902 08 27 18 19 46.3   0.232 10  538.116   0  0  0
1 4 1902 08 27 19 00 26.6   0.187 10  521.205   0  0  0
1 4 1902 08 28 17 22 49.8   0.144 10  231.337   0  0  0
1 4 1902 09 02 17 22 24.5   0.468 10  758.524   0  0  0
1 4 1902 09 03 18 34 16.8   0.195 10  497.713   0  0  0
1 4 1902 09 06 18 58 22.7   0.023 10   65.768   0  0  0
1 4 1902 09 08 17 39 43.2   0.231 10  431.998   0  0  0
1 4 1902 09 10 23 45 15.9   0.257 10  659.765   0  0  0
1 4 1902 09 26 23 09 21.4   0.198 10  578.569   0  0  0
1 4 1902 10 04 23 11 33.9   0.182 10  526.942   0  0  0
2 3 1902 06 11 17 50 08.7   0.320 10  493.160   0  0  0
2 3 1902 06 16 18 39 54.5   0.041 10   90.966   0  0  0
2 3 1902 06 19 17 37 29.5   0.137 10  191.463   0  0  0
2 3 1902 06 24 18 38 27.6   0.049 10  106.375   0  0  0
2 3 1902 07 07 19 10 01.0   0.049 10  127.521   0  0  0
2 3 1902 07 15 19 01 51.4   0.022 10   57.527   0  0  0
2 3 1902 07 16 18 29 16.0   0.187 10  413.806   0  0  0
2 3 1902 07 20 18 10 49.3   0.084 10  162.467   0  0  0
2 3 1902 07 24 18 20 56.9   0.252 10  532.432   0  0  0
2 3 1902 07 26 18 27 23.2   0.187 10  409.381   0  0  0
2 3 1902 07 27 17 57 31.6   0.107 10  195.221   0  0  0
2 3 1902 08 03 18 05 38.8   0.112 10  223.546   0  0  0
2 3 1902 08 07 17 55 09.1   0.308 10  579.174   0  0  0
2 3 1902 08 16 18 21 56.3   0.146 10  329.329   0  0  0
2 3 1902 08 18 17 36 42.4   0.072 10  123.067   0  0  0
2 3 1902 08 19 18 12 05.3   0.105 10  227.153   0  0  0
2 3 1902 08 21 17 27 00.4   0.336 10  546.637   0  0  0
2 3 1902 08 21 17 41 08.9   0.302 10  549.246   0  0  0
2 3 1902 08 21 18 28 22.4   0.231 10  556.508   0  0  0
2 3 1902 08 22 18 35 30.3   0.119 10  300.681   0  0  0
2 3 1902 08 24 22 15 48.8   0.075 10  253.205   0  0  0
2 3 1902 08 25 17 58 48.3   0.061 10  125.819   0  0  0
2 3 1902 08 28 18 19 17.9   0.223 10  517.898   0  0  0
2 3 1902 08 31 23 51 02.7   0.115 10  296.930   0  0  0
2 3 1902 09 02 17 44 09.5   0.122 10  233.108   0  0  0
2 3 1902 09 03 18 08 22.3   0.034 10   77.253   0  0  0
2 3 1902 09 04 23 27 09.3   0.190 10  536.650   0  0  0
2 3 1902 09 06 17 46 19.6   0.068 10  133.758   0  0  0
2 3 1902 09 08 17 59 42.4   0.064 10  135.806   0  0  0
2 3 1902 09 26  0 01 48.4   0.203 10  480.858   0  0  0
2 3 1902 10 05 23 08 14.2   0.086 10  254.981   0  0  0
2 4 1902 06 11 18 07 47.7   0.443 10  782.891   0  0  0
2 4 1902 06 17 18 51 49.3   0.134 10  313.550   0  0  0
2 4 1902 06 19 17 51 59.2   0.332 10  523.739   0  0  0
2 4 1902 06 24 18 53 16.1   0.023 10   54.381   0  0  0
2 4 1902 06 30 18 32 30.4   0.157 10  335.569   0  0  0
2 4 1902 06 30 19 29 52.8   0.111 10  314.398   0  0  0
2 4 1902 07 07 19 27 24.4   0.223 10  624.125   0  0  0
2 4 1902 07 15 18 45 16.4   0.166 10  391.998   0  0  0
2 4 1902 07 18 18 51 31.2   0.010 10   14.457   0  0  0
2 4 1902 07 20 18 22 25.6   0.058 10  121.140   0  0  0
2 4 1902 07 24 18 35 48.0   0.152 10  348.562   0  0  0
2 4 1902 07 26 18 38 22.4   0.163 10  381.854   0  0  0
2 4 1902 08 03 18 38 06.9   0.178 10  429.768   0  0  0
2 4 1902 08 07 18 09 49.0   0.158 10  325.980   0  0  0
2 4 1902 08 18 18 02 14.1   0.378 10  766.121   0  0  0
2 4 1902 08 19 17 59 41.7   0.136 10  275.269   0  0  0
2 4 1902 08 19 18 29 29.5   0.111 10  265.000   0  0  0
2 4 1902 08 21 18 54 05.0   0.060 10  164.558   0  0  0
2 4 1902 08 22 18 52 56.0   0.077 10  207.986   0  0  0
2 4 1902 08 24 22 40 49.4   0.158 10  514.026   0  0  0
2 4 1902 08 27 19 13 56.2   0.215 10  623.890   0  0  0
2 4 1902 08 28 17 56 44.9   0.054 10  109.752   0  0  0
2 4 1902 09 02 18 02 24.8   0.262 10  561.948   0  0  0
2 4 1902 09 03 17 32 27.0   0.227 10  401.051   0  0  0
2 4 1902 09 04 23 12 12.9   0.222 10  661.997   0  0  0
2 4 1902 09 06 17 58 00.8   0.031 10   64.524   0  0  0
2 4 1902 09 06 18 45 00.2   0.029 10   78.140   0  0  0
2 4 1902 09 07 17 44 29.4   0.046 10  185.762   0  0  0
2 4 1902 09 08 18 07 36.9   0.047 10  106.140   0  0  0
2 4 1902 09 10 23 57 14.8   0.320 10  775.603   0  0  0
2 4 1902 09 26  0 12 48.4   0.168 10  369.213   0  0  0
2 4 1902 10 04 23 53 56.3   0.148 10  365.459   0  0  0
3 4 1902 06 11 18 26 40.4   0.145 10  292.105   0  0  0
3 4 1902 06 17 19 04 39.4   0.091 10  227.442   0  0  0
3 4 1902 06 19 18 07 33.5   0.400 10  705.844   0  0  0
3 4 1902 06 24 19 05 55.8   0.066 10  165.024   0  0  0
3 4 1902 07 07 18 28 51.6   0.232 10  486.314   0  0  0
3 4 1902 07 14 17 52 33.4   0.458 10  774.939   0  0  0
3 4 1902 07 15 18 30 08.8   0.210 10  457.303   0  0  0
3 4 1902 07 20 18 53 00.1   0.014 10   34.019   0  0  0
3 4 1902 07 20 19 04 43.7   0.012 10   31.881   0  0  0
3 4 1902 07 24 18 58 10.2   0.342 10  874.049   0  0  0
3 4 1902 08 03 17 22 07.1   0.454 10  655.909   0  0  0
3 4 1902 08 03 17 33 42.2   0.412 10  654.535   0  0  0
3 4 1902 08 07 18 24 50.2   0.402 10  905.581   0  0  0
3 4 1902 08 07 18 38 56.8   0.375 10  905.740   0  0  0
3 4 1902 08 16 17 42 42.2   0.404 10  709.011   0  0  0
3 4 1902 08 17 18 05 49.6   0.468 10  965.679   0  0  0
3 4 1902 08 17 18 36 36.8   0.396 10  967.861   0  0  0
3 4 1902 08 18 17 48 50.5   0.477 10  892.486   0  0  0
3 4 1902 08 18 18 24 40.7   0.381 10  886.387   0  0  0
3 4 1902 08 21 19 04 43.7   0.140 10  397.096   0  0  0
3 4 1902 08 22 18 00 08.4   0.243 10  501.873   0  0  0
3 4 1902 08 25 23 37 55.4   0.079 10  263.755   0  0  0
3 4 1902 08 25 18 09 39.4   0.132 10  288.247   0  0  0
3 4 1902 08 27 19 29 04.8   0.209 10  639.649   0  0  0
3 4 1902 08 28 18 07 01.4   0.288 10  621.761   0  0  0
3 4 1902 08 31  0 06 41.2   0.135 10  323.199   0  0  0
3 4 1902 09 01 17 04 06.5   0.647 10  894.943   0  0  0
3 4 1902 09 02 17 12 40.3   0.539 10  804.575   0  0  0
3 4 1902 09 03 18 42 54.0   0.178 10  472.519   0  0  0
3 4 1902 09 04 22 57 50.8   0.041 10  130.222   0  0  0
3 4 1902 09 06 17 34 37.6   0.038 10   71.999   0  0  0
3 4 1902 09 07 18 35 15.8   0.050 10  128.669   0  0  0
3 4 1902 09 10  0 08 11.8   0.328 10  749.216   0  0  0
3 4 1902 09 26 23 23 17.4   0.305 10  847.598   0  0  0
3 4 1902 09 26  0 25 29.4   0.418 10  847.492   0  0  0
3 4 1902 10 04 23 41 45.3   0.123 10  320.164   0  0  0
1 2 1901 07 02 16 31 14.6 -16.000  1    0.000  72 41 33
1 2 1901 07 08 15 42 56.0 -33.000  1    0.000  94 58 49
1 2 1901 07 10 15 48 15.5 -27.000  1    0.000  85 16 06
1 2 1901 07 11 17 13 24.4 -10.000  1    0.000  84 27 29
1 2 1901 07 12 15 39 01.2 -30.000  1    0.000  86 18 00
1 2 1901 07 14 15 22 18.7 -34.000  1    0.000  85 26 36
1 2 1901 07 16 15 35 17.7 -30.000  1    0.000  83 49 26
1 2 1901 07 18 15 33 17.2 -31.000  1    0.000  85 31 15
1 2 1901 07 22 16 26 46.8 -16.000  1    0.000  78 45 51
1 2 1901 07 23 15 40 56.7 -27.000  1    0.000  85 03 00
1 2 1901 07 27 15 43 23.6 -30.000  1    0.000 107 51 58
1 2 1901 08 10 16 12 28.5 -17.000  1    0.000  81 20 52
1 2 1901 08 13 20 22 41.0 +21.000  1    0.000  86 29 21
1 2 1901 08 19 20 20 08.9 +21.000  1    0.000  85 43 13
1 2 1901 08 24 20 31 11.9 +24.000  1    0.000  82 48 04
1 2 1901 08 26 20 35 58.1 +26.000  1    0.000  86 18 56
1 2 1901 08 27 20 20 59.6 +21.000  1    0.000  87 44 31
1 2 1901 08 29 21 07 22.5 +34.000  1    0.000  88 04 15
1 2 1901 09 01 20 46 54.8 +27.000  1    0.000  87 54 50
1 2 1901 09 03 20 31 38.1 +23.000  1    0.000  88 12 59
1 2 1901 09 04 20 38 36.9 +25.000  1    0.000  93 35 58
1 2 1901 09 09 20 43 21.0 +27.000  1    0.000  87 08 04
1 2 1901 09 10 20 44 29.3 +27.000  1    0.000  88 52 00
1 2 1901 09 14 20 32 17.8 +23.000  1    0.000  86 24 28
1 2 1901 09 16 21 50 05.8 +55.000  1    0.000  87 16 12
1 2 1901 09 17 20 36 43.7 +23.000  1    0.000  89 56 26
1 2 1901 09 19 20 43 25.6 +26.000  1    0.000  88 45 10
1 2 1901 09 23 20 45 57.1 +25.000  1    0.000  87 37 36
1 2 1901 09 25 21 12 33.3 +36.000  1    0.000  81 41 46
1 2 1901 09 27 20 26 51.5 +20.000  1    0.000  85 54 35
1 3 1901 07 02 16 40 41.4 -16.000  1    0.000  84 59 26
1 3 1901 07 08 15 55 25.2 -27.000  1    0.000  85 57 45
1 3 1901 07 10 15 38 05.2 -22.000  1    0.000  70 34 47
1 3 1901 07 11 19 30 42.8 + 9.000  1    0.000  91 08 53
1 3 1901 07 12 16 09 09.5 -21.000  1    0.000  86 19 59
1 3 1901 07 16 15 26 32.6 -34.000  1    0.000  86 28 59
1 3 1901 07 22 15 37 05.3 -29.000  1    0.000  87 35 14
1 3 1901 07 23 16 10 08.9 -22.000  1    0.000  87 06 08
1 3 1901 07 27 16 22 18.9 -17.000  1    0.000  84 14 28
1 3 1901 07 29 15 50 08.4 -23.000  1    0.000  88 17 10
1 3 1901 08 10 16 21 20.7 -17.000  1    0.000  85 59 20
1 3 1901 08 13 20 33 12.6 +23.000  1    0.000  88 28 27
1 3 1901 08 14 16 02 39.6 -21.000  1    0.000  86 18 38
1 3 1901 08 19 20 51 08.0 +29.000  1    0.000  89 54 10
1 3 1901 08 24 20 41 27.3 +27.000  1    0.000  86 34 45
1 3 1901 08 26 20 50 41.2 +30.000  1    0.000  91 11 35
1 3 1901 08 27 20 29 29.8 +22.000  1    0.000  89 11 51
1 3 1901 08 28 20 39 41.7 +27.000  1    0.000  86 41 09
1 3 1901 08 29 21 33 20.8 - 2.000  1    0.000 149 03 18
1 3 1901 09 01 20 57 07.7 +30.000  1    0.000  86 42 01
1 3 1901 09 04 20 46 54.8 +27.000  1    0.000  87 06 04
1 3 1901 09 10 20 11 54.2 +35.000  1    0.000  89 23 53
1 3 1901 09 14 20 44 48.4 +28.000  1    0.000  87 33 18
1 3 1901 09 16 21 33 42.3 +51.000  1    0.000  61 15 07
1 3 1901 09 17 20 47 43.1 +27.000  1    0.000  89 20 23
1 3 1901 09 19 21 11 04.1 +37.000  1    0.000  81 34 37
1 3 1901 09 25 21 20 34.2 +37.000  1    0.000  87 48 43
1 4 1901 07 02 16 20 41.7 -21.000  1    0.000  85 40 36
1 4 1901 07 08 16 06 48.7 -23.000  1    0.000  87 49 58
1 4 1901 07 10 16 00 21.8 -24.000  1    0.000  86 15 11
1 4 1901 07 11 19 42 21.6 +11.000  1    0.000  85 57 28
1 4 1901 07 12 16 19 07.2 -20.000  1    0.000  84 45 31
1 4 1901 07 14 15 32 01.4 -21.000  1    0.000  67 05 53
1 4 1901 07 16 15 43 55.4 -30.000  1    0.000  88 59 49
1 4 1901 07 22 15 27 51.0 -29.000  1    0.000  79 55 58
1 4 1901 07 27 16 11 51.8 -21.000  1    0.000  87 21 38
1 4 1901 07 29 16 10 09.1 -19.000  1    0.000  85 52 20
1 4 1901 08 10 16 29 19.0 -16.000  1    0.000  91 13 26
1 4 1901 08 13 20 44 10.8 +27.000  1    0.000  87 49 12
1 4 1901 08 14 16 10 48.1 -19.000  1    0.000  86 53 04
1 4 1901 08 19 21 04 18.9 +33.000  1    0.000  90 45 00
1 4 1901 08 24 20 50 26.2 +29.000  1    0.000  82 40 50
1 4 1901 08 26 21 03 51.8 +33.000  1    0.000  91 38 04
1 4 1901 08 27 20 41 03.1 +25.000  1    0.000  91 48 05
1 4 1901 08 28 20 50 38.3 +30.000  1    0.000  88 34 16
1 4 1901 08 29 20 57 07.2 +31.000  1    0.000  88 40 53
1 4 1901 09 01 21 06 10.3 +35.000  1    0.000  83 55 40
1 4 1901 09 03 20 52 10.4 +28.000  1    0.000  93 05 19
1 4 1901 09 04 20 56 26.3 +30.000  1    0.000  94 04 26
1 4 1901 09 09 20 54 27.1 +31.000  1    0.000  85 05 13
1 4 1901 09 14 20 55 37.2 +29.000  1    0.000  89 13 01
1 4 1901 09 16 22 00 27.6 +62.000  1    0.000  87 30 28
1 4 1901 09 17 21 03 21.9 +33.000  1    0.000  85 29 54
1 4 1901 09 19 21 34 11.3 +32.000  1    0.000 105 13 18
1 4 1901 09 27 20 14 18.4 +20.000  1    0.000  67 33 18
2 3 1901 06 24 19 16 38.2 + 5.000  1    0.000  85 08 16
2 3 1901 06 30 21 08 09.4 +29.000  1    0.000  83 45 25
2 3 1901 07 02 16 59 50.8 -14.000  1    0.000  83 24 13
2 3 1901 07 08 16 19 10.8 -21.000  1    0.000  87 06 30
2 3 1901 07 10 16 11 07.9 -23.000  1    0.000  95 15 02
2 3 1901 07 11 17 24 39.0 - 9.000  1    0.000  86 29 35
2 3 1901 07 12 15 49 37.4 -27.000  1    0.000  86 31 09
2 3 1901 07 16 16 04 04.7 -22.000  1    0.000  85 13 34
2 3 1901 07 18 15 42 18.3 -30.000  1    0.000  87 10 51
2 3 1901 07 23 16 16 05.6 -19.000  1    0.000  85 56 57
2 3 1901 07 27 15 53 21.5 -24.000  1    0.000  87 13 26
2 3 1901 08 10 16 39 12.4 -13.000  1    0.000  88 25 45
2 3 1901 08 13 20 56 10.2 +30.000  1    0.000  87 14 57
2 3 1901 08 19 21 22 05.0 +34.000  1    0.000  99 32 29
2 3 1901 08 23 20 18 58.7 +21.000  1    0.000  88 46 55
2 3 1901 08 24 20 58 15.9 +32.000  1    0.000  89 14 43
2 3 1901 08 27 20 51 48.4 +29.000  1    0.000  88 06 40
2 3 1901 08 29 20 37 52.6 +25.000  1    0.000  91 48 05
2 3 1901 08 31 20 48 44.8 +27.000  1    0.000  89 40 48
2 3 1901 09 01 21 14 41.6 +38.000  1    0.000  86 55 51
2 3 1901 09 03 21 01 54.9 +33.000  1    0.000  88 35 10
2 3 1901 09 04 21 07 51.9 +36.000  1    0.000  85 58 03
2 3 1901 09 10 20 56 33.3 +31.000  1    0.000  89 01 27
2 3 1901 09 14 21 17 47.1 +38.000  1    0.000  91 01 40
2 3 1901 09 16 20 53 10.6 +31.000  1    0.000  84 04 27
2 3 1901 09 17 21 16 25.4 +38.000  1    0.000  89 33 24
2 3 1901 09 19 20 33 10.6 +24.000  1    0.000  74 57 23
2 4 1901 06 24 18 53 17.6 + 1.000  1    0.000  85 10 58
1 4 1901 06 25 15 34 34.9 -33.000  1    0.000  84 59 28
2 4 1901 06 30 20 57 24.9 +24.000  1    0.000  88 42 38
2 4 1901 07 02 16 49 22.7 -15.000  1    0.000  86 59 55
2 4 1901 07 08 16 30 21.2 -18.000  1    0.000  88 36 50
2 4 1901 07 10 16 23 59.3 -18.000  1    0.000  86 38 45
2 4 1901 07 11 19 16 48.3 + 6.000  1    0.000  86 38 38
2 4 1901 07 12 15 58 39.4 -25.000  1    0.000  85 26 35
2 4 1901 07 14 15 11 35.1 -47.000  1    0.000 106 10 07
2 4 1901 07 16 15 53 25.1 -31.000  1    0.000 100 34 47
2 4 1901 07 18 15 51 17.8 -26.000  1    0.000  86 41 15
2 4 1901 07 27 16 02 49.3 -22.000  1    0.000  86 35 25
2 4 1901 08 10 16 48 42.2 -12.000  1    0.000  88 57 29
2 4 1901 08 13 21 09 08.0 +34.000  1    0.000  87 16 50
2 4 1901 08 15 20 30 36.9 +18.000  1    0.000  85 18 16
2 4 1901 08 23 20 32 46.8 +25.000  1    0.000  85 12 59
2 4 1901 08 24 21 07 20.7 +35.000  1    0.000  82 56 35
2 4 1901 08 26 21 35 26.5 +35.000  1    0.000 105 29 53
2 4 1901 08 27 21 00 43.3 +30.000  1    0.000  89 20 22
2 4 1901 08 29 21 16 08.1 +38.000  1    0.000  88 56 12
2 4 1901 09 01 21 26 28.2 +42.000  1    0.000  82 12 45
2 4 1901 09 03 21 13 43.4 +40.000  1    0.000  77 02 58
2 4 1901 09 04 21 29 35.0 +42.000  1    0.000  93 26 25
2 4 1901 09 09 21 05 25.1 +34.000  1    0.000  85 53 35
2 4 1901 09 10 20 34 29.8 +26.000  1    0.000  71 39 36
2 4 1901 09 14 21 27 13.9 +41.000  1    0.000  88 04 11
2 4 1901 09 16 21 04 20.4 +34.000  1    0.000  87 40 04
2 4 1901 09 17 21 26 50.5 +41.000  1    0.000  86 52 24
2 4 1901 09 19 21 00 41.6 +29.000  1    0.000  98 27 14
2 4 1901 09 27 20 37 29.5 +24.000  1    0.000  82 44 09
3 4 1901 06 24 17 58 26.2 - 5.000  1    0.000  85 11 02
3 4 1901 06 25 15 20 52.8 -40.000  1    0.000  85 39 44
3 4 1901 06 30 20 45 33.9 +21.000  1    0.000 100 11 17
3 4 1901 07 02 17 09 25.7 -12.000  1    0.000  85 24 46
3 4 1901 07 08 16 42 00.2 -18.000  1    0.000 104 17 10
3 4 1901 07 10 16 36 01.9 -17.000  1    0.000  88 05 41
3 4 1901 07 11 19 53 36.8 +12.000  1    0.000  86 32 22
3 4 1901 07 12 16 28 56.4 -17.000  1    0.000  85 37 35
3 4 1901 07 16 16 14 41.8 -21.000  1    0.000  87 46 58
3 4 1901 07 22 15 47 19.5 -25.000  1    0.000  85 32 34
3 4 1901 07 27 16 33 16.1 -16.000  1    0.000  86 42 39
3 4 1901 07 29 16 20 53.3 -17.000  1    0.000  82 42 56
3 4 1901 08 10 16 58 59.9 -11.000  1    0.000  88 46 43
3 4 1901 08 13 21 19 46.3 +39.000  1    0.000  87 20 23
3 4 1901 08 14 16 19 32.2 -18.000  1    0.000  87 52 06
3 4 1901 08 23 20 46 35.0 +28.000  1    0.000  82 49 41
3 4 1901 08 24 21 19 02.3 +35.000  1    0.000  98 24 01
3 4 1901 08 27 21 10 44.6 +33.000  1    0.000  98 57 18
3 4 1901 08 28 20 59 23.7 +31.000  1    0.000  92 28 22
3 4 1901 08 29 20 46 50.7 +28.000  1    0.000  89 35 38
3 4 1901 09 01 21 37 48.6 +50.000  1    0.000  85 19 19
3 4 1901 09 03 21 25 59.1 +41.000  1    0.000  91 22 19
3 4 1901 09 04 21 18 55.8 +39.000  1    0.000  88 55 39
3 4 1901 09 14 21 38 53.5 +47.000  1    0.000  88 24 25
3 4 1901 09 16 21 16 50.0 +39.000  1    0.000  86 08 13
3 4 1901 09 17 21 37 04.3 +48.000  1    0.000  83 07 29
3 4 1901 09 19 21 22 54.7 +39.000  1    0.000  90 58 54
1 2 1902 06 10 17 30 04.3 -41.000  1    0.000  72 44 46
1 2 1902 06 16 18 02 25.4 -29.000  1    0.000  69 51 37
1 2 1902 06 24 17 58 36.2 -30.000  1    0.000  70 34 43
1 2 1902 06 30 18 00 30.5 -29.000  1    0.000  69 56 00
1 2 1902 07 03 17 37 55.0 -35.000  1    0.000  70 31 35
1 2 1902 07 07 18 57 44.2 -17.000  1    0.000  69 58 59
1 2 1902 07 15 17 46 37.6 -32.000  1    0.000  70 26 51
1 2 1902 07 16 17 50 00.8 -29.000  1    0.000  71 56 11
1 2 1902 07 18 19 12 51.2 -15.000  1    0.000  70 32 55
1 2 1902 07 19 17 48 24.6 -31.000  1    0.000  71 19 01
1 2 1902 07 24 17 38 24.9 -32.000  1    0.000  71 01 11
1 2 1902 07 26 17 38 10.3 -32.000  1    0.000  71 09 33
1 2 1902 07 27 17 33 49.6 -33.000  1    0.000  70 00 30
1 2 1902 08 03 17 44 14.6 -29.000  1    0.000  66 32 09
1 2 1902 08 07 17 17 32.5 -36.000  1    0.000  71 28 36
1 2 1902 08 16 17 56 38.8 -25.000  1    0.000  71 25 33
1 2 1902 08 18 18 52 12.9 -16.000  1    0.000  72 05 32
1 2 1902 08 20 17 38 12.0 -28.000  1    0.000  72 05 12
1 2 1902 08 21 19 28 18.4 -11.000  1    0.000  71 56 01
1 2 1902 08 22 17 36 23.4 -29.000  1    0.000  74 26 01
1 2 1902 08 25 23 51 04.6 +40.000  1    0.000  76 55 37
1 2 1902 08 25 18 43 03.2 -16.000  1    0.000  72 16 36
1 2 1902 08 27 17 37 19.4 -28.000  1    0.000  72 13 00
1 2 1902 08 28 17 45 41.8 -26.000  1    0.000  71 39 59
1 2 1902 09 02 17 53 01.2 -24.000  1    0.000  72 17 11
1 2 1902 09 03 18 20 33.4 -18.000  1    0.000  72 32 45
1 2 1902 09 06 19 10 24.8 -12.000  1    0.000  72 04 56
1 2 1902 09 07 17 30 03.0 -29.000  1    0.000  73 00 19
1 2 1902 09 08 17 29 53.4 -29.000  1    0.000  72 37 25
1 2 1902 09 10 23 18 17.9 +31.000  1    0.000  72 52 27
1 2 1902 09 12 18 13 40.9 -19.000  1    0.000  72 44 52
1 2 1902 09 26 23 36 37.4 +38.000  1    0.000  72 56 36
1 2 1902 10 04 23 31 32.2 +36.000  1    0.000  72 46 10
1 3 1902 06 10 17 44 26.3 -34.000  1    0.000  70 10 10
1 3 1902 06 16 18 13 53.5 -27.000  1    0.000  70 16 17
1 3 1902 06 21 18 10 08.1 -27.000  1    0.000  70 10 38
1 3 1902 06 24 18 10 47.7 -27.000  1    0.000  70 19 21
1 3 1902 07 01 18 52 09.8 -18.000  1    0.000  70 22 40
1 3 1902 07 03 17 58 32.5 -29.000  1    0.000  70 13 59
1 3 1902 07 07 17 36 22.2 -36.000  1    0.000  69 04 23
1 3 1902 07 14 17 17 51.2 -42.000  1    0.000  70 42 43
1 3 1902 07 15 18 02 32.8 -27.000  1    0.000  70 33 58
1 3 1902 07 16 18 03 17.3 -27.000  1    0.000  70 47 37
1 3 1902 07 19 18 01 59.4 -27.000  1    0.000  70 54 17
1 3 1902 07 24 17 51 43.4 -28.000  1    0.000  71 01 35
1 3 1902 07 26 18 06 54.7 -25.000  1    0.000  71 11 44
1 3 1902 07 27 17 46 36.0 -29.000  1    0.000  71 11 36
1 3 1902 08 03 17 56 14.2 -27.000  1    0.000  71 26 23
1 3 1902 08 07 17 28 05.5 -33.000  1    0.000  71 34 52
1 3 1902 08 16 18 10 17.9 -22.000  1    0.000  72 08 22
1 3 1902 08 17 17 33 54.3 -29.000  1    0.000  72 04 24
1 3 1902 08 18 19 02 55.7 -15.000  1    0.000  72 01 23
1 3 1902 08 19 17 43 08.5 -27.000  1    0.000  76 22 42
1 3 1902 08 21 19 40 30.5 -10.000  1    0.000  72 07 33
1 3 1902 08 22 17 46 54.4 -26.000  1    0.000  72 06 04
1 3 1902 08 24 22 28 43.3 +15.000  1    0.000  72 18 37
1 3 1902 08 25 18 32 55.1 -17.000  1    0.000  72 18 50
1 3 1902 08 27 17 47 52.9 -26.000  1    0.000  72 44 19
1 3 1902 08 28 17 34 26.6 -29.000  1    0.000  72 23 54
1 3 1902 08 30 23 37 55.4 +36.000  1    0.000  72 42 36
1 3 1902 09 02 17 33 43.1 -28.000  1    0.000  71 24 43
1 3 1902 09 03 17 18 49.1 -31.000  1    0.000  64 38 40
1 3 1902 09 06 18 32 08.7 -17.000  1    0.000  47 19 45
1 3 1902 09 07 18 23 36.5 -18.000  1    0.000  72 55 48
1 3 1902 09 08 17 49 37.5 -24.000  1    0.000  72 48 28
1 3 1902 09 10 23 29 32.6 +34.000  1    0.000  73 40 31
1 3 1902 09 16 22 46 03.6 +20.000  1    0.000  72 15 16
1 3 1902 09 26 23 48 34.4 +45.000  1    0.000  73 02 58
1 3 1902 10 04 23 23 03.1 +33.000  1    0.000  72 47 37
1 4 1902 06 10 18 00 56.5 -30.000  1    0.000  70 40 54
1 4 1902 06 16 18 26 07.6 -24.000  1    0.000  75 39 33
1 4 1902 06 24 18 23 29.5 -25.000  1    0.000  64 42 32
1 4 1902 06 30 18 15 08.8 -26.000  1    0.000  70 30 46
1 4 1902 06 30 19 15 25.7 -15.000  1    0.000  70 30 51
1 4 1902 07 07 18 41 17.8 -20.000  1    0.000  70 58 28
1 4 1902 07 14 17 37 03.2 -34.000  1    0.000  71 06 26
1 4 1902 07 15 18 15 09.6 -24.000  1    0.000  71 09 58
1 4 1902 07 16 18 14 11.1 -24.000  1    0.000  71 00 26
1 4 1902 07 18 19 01 19.8 -16.000  1    0.000  70 37 07
1 4 1902 07 24 18 05 00.4 -26.000  1    0.000  71 21 33
1 4 1902 07 26 18 17 17.6 -23.000  1    0.000  71 05 32
1 4 1902 08 03 18 17 07.4 -22.000  1    0.000  71 27 50
1 4 1902 08 07 17 39 51.6 -29.000  1    0.000  72 07 49
1 4 1902 08 17 17 49 52.4 -27.000  1    0.000  72 20 33
1 4 1902 08 18 19 14 54.8 -13.000  1    0.000  72 22 19
1 4 1902 08 21 19 18 01.1 -12.000  1    0.000  74 28 00
1 4 1902 08 22 19 06 14.4 -13.000  1    0.000  73 36 49
1 4 1902 08 24 22 58 36.3 +21.000  1    0.000  72 59 09
1 4 1902 08 25 17 35 44.6 -28.000  1    0.000  72 43 33
1 4 1902 08 25 18 54 10.6 -15.000  1    0.000  72 42 41
1 4 1902 08 27 18 20 05.2 -20.000  1    0.000  72 34 20
1 4 1902 08 27 19 00 11.3 -13.000  1    0.000  72 34 13
1 4 1902 08 28 17 22 45.8 -32.000  1    0.000  72 21 04
1 4 1902 09 02 17 22 41.0 -32.000  1    0.000  72 59 00
1 4 1902 09 03 18 33 31.8 -17.000  1    0.000  73 03 32
1 4 1902 09 06 18 59 08.1 -13.000  1    0.000  70 37 53
1 4 1902 09 07 18 11 17.7 -19.000  1    0.000  82 45 18
1 4 1902 09 08 17 39 31.9 -27.000  1    0.000  73 28 03
1 4 1902 09 10 23 45 18.1 +31.000  1    0.000  73 17 40
1 4 1902 09 26 23 09 34.4 +28.000  1    0.000  73 39 12
1 4 1902 10 04 23 11 28.9 +29.000  1    0.000  73 41 55
2 3 1902 06 11 17 50 37.7 -33.000  1    0.000  69 57 33
2 3 1902 06 16 18 39 52.7 -21.000  1    0.000  69 05 23
2 3 1902 06 19 17 37 31.7 -37.000  1    0.000  70 26 39
2 3 1902 06 24 18 38 34.9 -21.000  1    0.000  69 56 30
2 3 1902 07 07 19 10 45.1 -16.000  1    0.000  69 49 01
2 3 1902 07 15 19 02 02.1 -16.000  1    0.000  70 12 53
2 3 1902 07 16 18 29 31.3 -21.000  1    0.000  70 33 52
2 3 1902 07 20 18 10 29.3 -25.000  1    0.000  71 24 24
2 3 1902 07 24 18 21 43.8 -22.000  1    0.000  71 02 37
2 3 1902 07 26 18 28 05.0 -21.000  1    0.000  71 11 50
2 3 1902 07 27 17 57 27.8 -27.000  1    0.000  71 42 17
2 3 1902 08 03 18 05 26.8 -24.000  1    0.000  71 53 12
2 3 1902 08 07 17 54 55.1 -26.000  1    0.000  71 30 20
2 3 1902 08 16 18 21 15.5 -20.000  1    0.000  71 54 41
2 3 1902 08 18 17 36 45.6 -29.000  1    0.000  72 17 41
2 3 1902 08 19 18 12 06.8 -22.000  1    0.000  71 30 56
2 3 1902 08 21 17 27 01.9 -31.000  1    0.000  72 01 03
2 3 1902 08 21 17 40 34.6 -28.000  1    0.000  72 01 17
2 3 1902 08 21 18 28 18.1 -18.000  1    0.000  72 04 09
2 3 1902 08 22 18 35 14.1 -17.000  1    0.000  72 16 31
2 3 1902 08 24 22 15 27.5 +12.000  1    0.000  72 40 50
2 3 1902 08 25 17 58 35.8 -23.000  1    0.000  72 31 03
2 3 1902 08 27 18 00 52.9 -23.000  1    0.000  68 32 45
2 3 1902 08 28 18 19 18.7 -19.000  1    0.000  72 18 30
2 3 1902 08 31 23 50 58.9 +41.000  1    0.000  72 24 26
2 3 1902 09 02 17 44 20.7 -25.000  1    0.000  72 07 40
2 3 1902 09 03 18 09 12.8 -21.000  1    0.000  71 30 41
2 3 1902 09 04 23 26 47.3 +33.000  1    0.000  72 33 10
2 3 1902 09 06 17 47 01.8 -24.000  1    0.000  72 32 34
2 3 1902 09 07 17 57 39.4 -22.000  1    0.000  72 59 52
2 3 1902 09 08 17 59 39.2 -22.000  1    0.000  73 11 02
2 3 1902 09 10  0 20 56.9 +64.000  1    0.000  69 57 41
2 3 1902 09 26  0 02 19.4 +51.000  1    0.000  73 01 41
2 3 1902 10 04  0 18 35.5 +64.000  1    0.000  72 44 32
2 3 1902 10 05 23 08 16.2 +28.000  1    0.000  73 19 26
2 4 1902 06 11 18 10 18.2 -27.000  1    0.000  70 19 18
2 4 1902 06 17 18 52 04.0 -18.000  1    0.000  70 32 56
2 4 1902 06 19 17 50 34.2 -32.000  1    0.000  70 34 23
2 4 1902 06 24 18 51 59.8 -18.000  1    0.000  67 31 04
2 4 1902 06 30 18 31 41.9 -22.000  1    0.000  70 53 06
2 4 1902 06 30 19 29 55.8 -13.000  1    0.000  70 52 49
2 4 1902 07 01 18 34 26.9 -22.000  1    0.000  69 09 30
2 4 1902 07 07 19 28 31.1 -13.000  1    0.000  70 43 29
2 4 1902 07 15 18 45 07.1 -20.000  1    0.000  71 23 51
2 4 1902 07 18 18 00 05.5 -27.000  1    0.000  79 36 27
2 4 1902 07 18 18 31 52.5 -21.000  1    0.000  66 13 39
2 4 1902 07 20 18 21 59.4 -22.000  1    0.000  73 29 58
2 4 1902 07 24 18 36 05.2 -20.000  1    0.000  71 40 06
2 4 1902 07 26 18 38 15.9 -18.000  1    0.000  71 09 13
2 4 1902 08 03 18 38 17.2 -18.000  1    0.000  71 15 38
2 4 1902 08 07 18 10 08.7 -23.000  1    0.000  72 46 22
2 4 1902 08 18 18 02 09.6 -23.000  1    0.000  72 15 00
2 4 1902 08 19 17 59 59.2 -24.000  1    0.000  72 36 39
2 4 1902 08 19 18 30 08.5 -18.000  1    0.000  72 34 37
2 4 1902 08 21 18 54 03.8 -14.000  1    0.000  70 43 08
2 4 1902 08 22 18 52 34.0 -14.000  1    0.000  73 11 20
2 4 1902 08 24 22 41 26.7 +17.000  1    0.000  73 03 48
2 4 1902 08 25 18 20 39.0 -18.000  1    0.000  73 05 55
2 4 1902 08 27 19 14 10.2 -12.000  1    0.000  72 33 26
2 4 1902 08 28 17 56 58.5 -23.000  1    0.000  72 57 18
2 4 1902 08 30 23 22 45.1 +30.000  1    0.000  91 11 07
2 4 1902 09 02 18 02 02.1 -22.000  1    0.000  73 12 56
2 4 1902 09 03 17 32 28.2 -28.000  1    0.000  73 10 45
2 4 1902 09 04 23 12 35.7 +26.000  1    0.000  72 43 12
2 4 1902 09 06 17 57 41.3 -23.000  1    0.000  73 12 16
2 4 1902 09 06 18 44 56.9 -14.000  1    0.000  73 26 50
2 4 1902 09 07 17 45 24.4 -25.000  1    0.000  74 03 57
2 4 1902 09 08 18 07 44.2 -21.000  1    0.000  76 02 40
2 4 1902 09 10 23 56 50.1 +48.000  1    0.000  73 13 24
2 4 1902 09 26  0 12 37.4 +59.000  1    0.000  73 59 26
2 4 1902 10 04 23 53 56.3 +47.000  1    0.000  74 07 44
3 4 1902 06 10 18 16 03.1 -26.000  1    0.000  71 14 38
3 4 1902 06 11 18 26 51.6 -25.000  1    0.000  70 58 44
3 4 1902 06 17 19 04 29.1 -17.000  1    0.000  71 01 20
3 4 1902 06 19 18 07 38.9 -28.000  1    0.000  70 32 06
3 4 1902 06 24 19 05 41.8 -16.000  1    0.000  69 19 15
3 4 1902 07 01 18 06 13.4 -27.000  1    0.000  71 34 53
3 4 1902 07 07 18 29 11.3 -22.000  1    0.000  71 01 09
3 4 1902 07 14 17 52 06.7 -29.000  1    0.000  71 03 56
3 4 1902 07 15 18 30 48.5 -22.000  1    0.000  71 13 10
3 4 1902 07 20 18 59 29.2 -17.000  1    0.000  64 00 51
3 4 1902 07 20 19 23 46.7 -13.000  1    0.000  62 30 07
3 4 1902 07 24 18 58 00.7 -16.000  1    0.000  71 17 25
3 4 1902 07 26 17 52 20.5 -28.000  1    0.000  73 57 09
3 4 1902 07 26 18 49 05.1 -17.000  1    0.000  72 17 33
3 4 1902 08 03 17 22 14.9 -35.000  1    0.000  71 28 45
3 4 1902 08 03 17 33 03.5 -31.000  1    0.000  71 27 27
3 4 1902 08 07 18 25 01.7 -20.000  1    0.000  71 58 40
3 4 1902 08 07 18 39 10.8 -18.000  1    0.000  71 57 48
3 4 1902 08 16 17 42 54.3 -28.000  1    0.000  72 26 08
3 4 1902 08 17 18 05 39.6 -23.000  1    0.000  72 16 48
3 4 1902 08 17 18 36 23.4 -17.000  1    0.000  72 16 46
3 4 1902 08 18 17 48 58.0 -27.000  1    0.000  72 14 47
3 4 1902 08 18 18 25 27.4 -20.000  1    0.000  72 14 21
3 4 1902 08 21 19 04 42.1 -13.000  1    0.000  72 36 26
3 4 1902 08 22 17 59 46.4 -23.000  1    0.000  72 41 17
3 4 1902 08 25 23 37 37.1 +36.000  1    0.000  73 26 59
3 4 1902 08 25 18 09 11.6 -22.000  1    0.000  73 22 00
3 4 1902 08 27 19 28 48.8 -11.000  1    0.000  72 36 45
3 4 1902 08 28 18 07 29.2 -22.000  1    0.000  72 24 05
3 4 1902 08 31  0 08 25.5 +51.000  1    0.000  73 26 22
3 4 1902 09 01 17 04 04.4 -36.000  1    0.000  72 55 35
3 4 1902 09 02 17 13 21.0 -34.000  1    0.000  72 54 27
3 4 1902 09 03 18 43 18.0 -16.000  1    0.000  72 58 05
3 4 1902 09 04 22 57 14.9 +22.000  1    0.000  73 17 31
3 4 1902 09 06 17 35 15.9 -25.000  1    0.000  71 55 17
3 4 1902 09 07 18 35 04.1 -16.000  1    0.000  71 17 17
3 4 1902 09 08 18 17 52.0 -18.000  1    0.000  62 54 30
3 4 1902 09 10  0 07 24.3 +54.000  1    0.000  73 19 33
3 4 1902 09 26 23 23 27.4 +33.000  1    0.000  73 27 35
3 4 1902 09 26  0 24 55.4 +70.000  1    0.000  73 27 11
3 4 1902 10 04 23 41 23.3 +42.000  1    0.000  74 14 49