  1  3  2002  1  4.632367   -10.310  -10.760 -0.010 -0.001
  1  3  2002  1  4.634172   -11.001  -10.676  0.001  0.000
  1  3  2002  1  4.638316   -12.607  -10.503 -0.014 -0.014
  1  3  2002  1  4.639520   -13.058  -10.446 -0.008 -0.011
  1  3  2002  1  4.641325   -13.735  -10.369 -0.006 -0.014
  1  3  2002  1  4.642749   -14.273  -10.294 -0.011 -0.002
  1  3  2002  1  4.643999   -14.738  -10.230 -0.013  0.006
  1  3  2002  1  4.645318   -15.227  -10.178 -0.014  0.001
  1  3  2002  1  4.646626   -15.716  -10.129 -0.023 -0.008
  1  3  2002  1  4.647934   -16.197  -10.098 -0.028 -0.034
  1  3  2002  1  4.649242   -16.653  -10.032 -0.011 -0.025
  1  3  2002  1  4.650550   -17.123   -9.952 -0.011 -0.001
  1  3  2002  1  4.651777   -17.568   -9.906 -0.016 -0.008
  1  3  2002  1  4.653061   -18.010   -9.854 -0.004 -0.010
  1  3  2002  1  4.654520   -18.532   -9.794 -0.011 -0.013
  1  3  2002  1  4.655758   -18.972   -9.744 -0.016 -0.016
  1  3  2002  1  4.657020   -19.422   -9.683 -0.026 -0.008
  1  3  2002  1  4.659334   -20.208   -9.586 -0.014 -0.008
  1  3  2002  1  4.660492   -20.593   -9.544 -0.005 -0.015
  1  3  2002  1  4.661661   -21.005   -9.498 -0.018 -0.017
  1  3  2002  1  4.662830   -21.409   -9.447 -0.027 -0.014
  1  3  2002  1  4.664265   -21.876   -9.379 -0.014 -0.005
  1  3  2002  1  4.665446   -22.260   -9.349 -0.005 -0.024
  1  3  2002  1  4.666742   -22.731   -9.283 -0.044 -0.011
  1  3  2002  1  4.667888   -23.084   -9.245 -0.022 -0.019
  1  3  2002  1  4.669381   -23.556   -9.182 -0.008 -0.017
  1  3  2002  1  4.670943   -24.088   -9.123 -0.033 -0.021
  1  3  2002  1  4.672332   -24.521   -9.052 -0.021 -0.005
  1  3  2002  1  4.673791   -24.986   -8.988 -0.022  0.001
  1  3  2002  1  4.675249   -25.449   -8.944 -0.024 -0.012
  1  3  2002  1  4.676869   -25.958   -8.871 -0.025 -0.003
  1  3  2002  1  4.678466   -26.449   -8.832 -0.021 -0.027
  1  3  2002  1  4.680098   -26.956   -8.746 -0.027 -0.004
  1  3  2002  1  4.681638   -27.430   -8.697 -0.031 -0.015
  1  3  2002  1  4.683131   -27.877   -8.621 -0.028  0.004
  1  3  2002  1  4.684740   -28.380   -8.580 -0.049 -0.017
  1  3  2002  1  4.686325   -28.815   -8.521 -0.016 -0.017
  1  3  2002  1  4.687899   -29.288   -8.466 -0.027 -0.022
  1  3  2002  1  4.689381   -29.722   -8.414 -0.030 -0.025
  1  3  2002  1  4.690793   -30.131   -8.358 -0.032 -0.022
  1  3  2002  1  4.692205   -30.532   -8.306 -0.030 -0.022
  1  3  2002  1  4.693767   -30.973   -8.237 -0.030 -0.010
  1  3  2002  1  4.695307   -31.429   -8.199 -0.053 -0.029
  1  3  2002  1  4.697031   -31.901   -8.117 -0.047 -0.009
  1  3  2002  1  4.698490   -32.279   -8.061 -0.027 -0.005
  1  3  2002  1  4.630775    -9.661  -10.835  0.014 -0.004
  1  3  2002  1  4.633472   -10.741  -10.711 -0.010 -0.003
  1  3  2002  1  4.634965   -11.304  -10.638  0.004  0.002
  1  3  2002  1  4.638715   -12.756  -10.483 -0.011 -0.012
  1  3  2002  1  4.640093   -13.282  -10.423 -0.015 -0.013
  1  3  2002  1  4.643194   -14.437  -10.275 -0.010 -0.004
  1  3  2002  1  4.644433   -14.900  -10.219 -0.014 -0.002
  1  3  2002  1  4.645729   -15.373  -10.158 -0.010  0.002
  1  3  2002  1  4.647060   -15.871  -10.118 -0.020 -0.016
  1  3  2002  1  4.648345   -16.346  -10.055 -0.027 -0.009
  1  3  2002  1  4.649676   -16.807  -10.011 -0.009 -0.023
  1  3  2002  1  4.650949   -17.269   -9.938 -0.013 -0.005
  1  3  2002  1  4.652245   -17.729   -9.892 -0.011 -0.014
  1  3  2002  1  4.653484   -18.173   -9.823 -0.016  0.002
  1  3  2002  1  4.654919   -18.663   -9.778 -0.002 -0.014
  1  3  2002  1  4.656192   -19.125   -9.726 -0.017 -0.016
  1  3  2002  1  4.658519   -19.943   -9.629 -0.029 -0.017
  1  3  2002  1  4.659711   -20.350   -9.582 -0.026 -0.019
  1  3  2002  1  4.660880   -20.733   -9.524 -0.012 -0.011
  1  3  2002  1  4.662049   -21.144   -9.485 -0.026 -0.020
  1  3  2002  1  4.663241   -21.540   -9.427 -0.020 -0.011
  1  3  2002  1  4.664676   -22.014   -9.362 -0.014 -0.005
  1  3  2002  1  4.665914   -22.435   -9.324 -0.023 -0.018
  1  3  2002  1  4.667130   -22.835   -9.260 -0.022 -0.003
  1  3  2002  1  4.668264   -23.200   -9.219 -0.015 -0.009
  1  3  2002  1  4.669977   -23.762   -9.168 -0.020 -0.027
  1  3  2002  1  4.671400   -24.232   -9.099 -0.030 -0.015
  1  3  2002  1  4.672778   -24.678   -9.041 -0.034 -0.012
  1  3  2002  1  4.674225   -25.127   -8.985 -0.024 -0.013
  1  3  2002  1  4.675741   -25.613   -8.927 -0.032 -0.015
  1  3  2002  1  4.677384   -26.126   -8.881 -0.033 -0.033
  1  3  2002  1  4.679109   -26.668   -8.794 -0.041 -0.014
  1  3  2002  1  4.680625   -27.113   -8.753 -0.023 -0.032
  1  3  2002  1  4.682095   -27.577   -8.676 -0.039 -0.011
  1  3  2002  1  4.683669   -28.044   -8.638 -0.033 -0.033
  1  3  2002  1  4.685243   -28.511   -8.570 -0.031 -0.026
  1  3  2002  1  4.686991   -29.015   -8.496 -0.020 -0.018
  1  3  2002  1  4.688391   -29.439   -8.432 -0.034 -0.006
  1  3  2002  1  4.689838   -29.864   -8.375 -0.039 -0.003
  1  3  2002  1  4.691262   -30.268   -8.320 -0.035 -0.000
  1  3  2002  1  4.692743   -30.697   -8.292 -0.042 -0.027
  1  3  2002  1  4.694340   -31.145   -8.245 -0.040 -0.039
  1  3  2002  1  4.695810   -31.537   -8.189 -0.023 -0.037
  1  3  2002  1  4.697535   -32.024   -8.118 -0.033 -0.028
  1  3  2002  1  4.698993   -32.426   -8.064 -0.037 -0.026
  1  3  2002  1  4.635631   -11.572  -10.621 -0.006 -0.011
  1  3  2002  1  4.639149   -12.918  -10.471 -0.009 -0.020
  1  3  2002  1  4.640503   -13.425  -10.405 -0.005 -0.013
  1  3  2002  1  4.642286   -14.103  -10.321 -0.014 -0.009
  1  3  2002  1  4.643582   -14.582  -10.263 -0.011 -0.008
  1  3  2002  1  4.644844   -15.054  -10.212 -0.016 -0.013
  1  3  2002  1  4.646209   -15.562  -10.143 -0.022 -0.004
  1  3  2002  1  4.647506   -16.028  -10.089 -0.015 -0.006
  1  3  2002  1  4.648767   -16.492  -10.030 -0.021 -0.002
  1  3  2002  1  4.650145   -16.980   -9.970 -0.013 -0.002
  1  3  2002  1  4.651372   -17.413   -9.917 -0.007 -0.002
  1  3  2002  1  4.652633   -17.862   -9.875 -0.008 -0.013
  1  3  2002  1  4.653906   -18.329   -9.837 -0.023 -0.030
  1  3  2002  1  4.656638   -19.282   -9.708 -0.019 -0.016
  1  3  2002  1  4.658953   -20.080   -9.601 -0.018 -0.007
  1  3  2002  1  4.660098   -20.471   -9.558 -0.016 -0.012
  1  3  2002  1  4.661256   -20.870   -9.498 -0.020 -0.001
  1  3  2002  1  4.662436   -21.277   -9.470 -0.027 -0.021
  1  3  2002  1  4.663652   -21.677   -9.404 -0.020 -0.005
  1  3  2002  1  4.665064   -22.149   -9.362 -0.020 -0.021
  1  3  2002  1  4.666325   -22.567   -9.300 -0.019 -0.011
  1  3  2002  1  4.667506   -22.977   -9.244 -0.039 -0.003
  1  3  2002  1  4.668698   -23.366   -9.207 -0.038 -0.014
  1  3  2002  1  4.670480   -23.936   -9.136 -0.030 -0.015
  1  3  2002  1  4.671904   -24.385   -9.075 -0.022 -0.011
  1  3  2002  1  4.673247   -24.815   -9.026 -0.023 -0.016
  1  3  2002  1  4.674774   -25.306   -8.965 -0.030 -0.015
  1  3  2002  1  4.676256   -25.770   -8.901 -0.028 -0.010
  1  3  2002  1  4.677946   -26.301   -8.851 -0.034 -0.026
  1  3  2002  1  4.679635   -26.814   -8.776 -0.027 -0.016
  1  3  2002  1  4.681175   -27.278   -8.715 -0.020 -0.015
  1  3  2002  1  4.682564   -27.705   -8.672 -0.027 -0.025
  1  3  2002  1  4.684207   -28.206   -8.591 -0.034 -0.007
  1  3  2002  1  4.685839   -28.682   -8.529 -0.026 -0.007
  1  3  2002  1  4.687448   -29.168   -8.497 -0.038 -0.036
  1  3  2002  1  4.688929   -29.593   -8.414 -0.032 -0.008
  1  3  2002  1  4.690318   -29.995   -8.373 -0.032 -0.019
  1  3  2002  1  4.691742   -30.401   -8.314 -0.032 -0.012
  1  3  2002  1  4.693235   -30.829   -8.262 -0.035 -0.016
  1  3  2002  1  4.694844   -31.285   -8.213 -0.039 -0.025
  1  3  2002  1  4.696302   -31.687   -8.157 -0.036 -0.022
  1  3  2002  1  4.698015   -32.158   -8.088 -0.035 -0.015
  1  3  2002  1  4.699473   -32.548   -8.040 -0.028 -0.020
  3  4  2003  2 18.675561   -23.363    7.645 -0.015  0.012
  3  4  2003  2 18.675909   -23.236    7.607 -0.008  0.011
  3  4  2003  2 18.676221   -23.134    7.576 -0.012  0.012
  3  4  2003  2 18.676603   -23.003    7.496 -0.012 -0.027
  3  4  2003  2 18.677008   -22.872    7.475 -0.019 -0.005
  3  4  2003  2 18.677344   -22.741    7.435 -0.003 -0.010
  3  4  2003  2 18.677679   -22.633    7.398 -0.010 -0.012
  3  4  2003  2 18.678050   -22.513    7.379 -0.016  0.009
  3  4  2003  2 18.678374   -22.381    7.346  0.005  0.010
  3  4  2003  2 18.678872   -22.247    7.300 -0.029  0.017
  3  4  2003  2 18.679184   -22.093    7.229  0.015 -0.022
  3  4  2003  2 18.679520   -22.013    7.206 -0.018 -0.009
  3  4  2003  2 18.679855   -21.888    7.175 -0.008 -0.004
  3  4  2003  2 18.680156   -21.798    7.154 -0.019  0.007
  3  4  2003  2 18.680469   -21.683    7.128 -0.011  0.013
  3  4  2003  2 18.680781   -21.588    7.069 -0.023 -0.013
  3  4  2003  2 18.681117   -21.461    7.055 -0.010  0.009
  3  4  2003  2 18.681418   -21.366    7.038 -0.018  0.023
  3  4  2003  2 18.681719   -21.262    7.015 -0.017  0.032
  3  4  2003  2 18.682020   -21.148    6.962 -0.006  0.011
  3  4  2003  2 18.682344   -21.052    6.913 -0.019 -0.004
  3  4  2003  2 18.682691   -20.937    6.906 -0.023  0.026
  3  4  2003  2 18.683015   -20.799    6.811  0.004 -0.036
  3  4  2003  2 18.683351   -20.678    6.815  0.010  0.004
  3  4  2003  2 18.683675   -20.581    6.756 -0.002 -0.021
  3  4  2003  2 18.684022   -20.471    6.762 -0.010  0.021
  3  4  2003  2 18.684392   -20.351    6.675 -0.016 -0.027
  3  4  2003  2 18.684740   -20.241    6.702 -0.023  0.037
  3  4  2003  2 18.685052   -20.125    6.645 -0.014  0.013
  3  4  2003  2 18.685388   -20.016    6.592 -0.020 -0.005
  3  4  2003  2 18.685758   -19.897    6.552 -0.026 -0.006
  3  4  2003  2 18.686117   -19.751    6.532 -0.004  0.012
  3  4  2003  2 18.686429   -19.663    6.512 -0.021  0.025
  3  4  2003  2 18.687251   -19.385    6.412 -0.022  0.011
  3  4  2003  2 18.687587   -19.268    6.385 -0.019  0.019
  3  4  2003  2 18.687888   -19.177    6.334 -0.030  0.000
  3  4  2003  2 18.688247   -19.039    6.299 -0.014  0.003
  3  4  2003  2 18.688547   -18.933    6.261 -0.011 -0.003
  3  4  2003  2 18.688860   -18.833    6.232 -0.017  0.001
  3  4  2003  2 18.689172   -18.724    6.198 -0.014 -0.002
  3  4  2003  2 18.689462   -18.631    6.174 -0.019  0.005
  3  4  2003  2 18.689774   -18.512    6.135 -0.006 -0.000
  3  4  2003  2 18.690110   -18.398    6.102 -0.006  0.002
  3  4  2003  2 18.691209   -18.029    6.001 -0.010  0.015
  3  4  2003  2 18.691580   -17.883    5.921  0.009 -0.026
  3  4  2003  2 18.691973   -17.782    5.922 -0.022  0.017
  3  4  2003  2 18.692598   -17.563    5.846 -0.015  0.006
  3  4  2003  2 18.693027   -17.414    5.786 -0.011 -0.009
  3  4  2003  2 18.693582   -17.230    5.745 -0.015  0.008
  3  4  2003  2 18.694404   -16.945    5.647 -0.008 -0.003
  3  4  2003  2 18.695214   -16.681    5.569 -0.018  0.003
  3  4  2003  2 18.695573   -16.553    5.543 -0.012  0.014
  3  4  2003  2 18.695943   -16.440    5.499 -0.024  0.009
  3  4  2003  2 18.696279   -16.325    5.464 -0.022  0.010
  3  4  2003  2 18.696603   -16.205    5.418 -0.013 -0.003
  3  4  2003  2 18.697008   -16.075    5.379 -0.019  0.001
  3  4  2003  2 18.697355   -15.960    5.348 -0.022  0.006
  3  4  2003  2 18.697760   -15.816    5.297 -0.015 -0.002
  3  4  2003  2 18.698096   -15.709    5.284 -0.021  0.019
  3  4  2003  2 18.698559   -15.546    5.199 -0.014 -0.018
  3  4  2003  2 18.698895   -15.446    5.188 -0.027  0.007
  3  4  2003  2 18.699265   -15.324    5.150 -0.030  0.008
  3  4  2003  2 18.699647   -15.184    5.100 -0.020 -0.003
  3  4  2003  2 18.700017   -15.047    5.073 -0.008  0.010
  3  4  2003  2 18.700411   -14.922    5.026 -0.015  0.004
  3  4  2003  2 18.701128   -14.690    4.931 -0.025 -0.017
  3  4  2003  2 18.701441   -14.575    4.927 -0.016  0.012
  3  4  2003  2 18.701777   -14.449    4.846 -0.003 -0.034
  3  4  2003  2 18.702112   -14.339    4.872 -0.007  0.027
  3  4  2003  2 18.702471   -14.247    4.834 -0.034  0.026
  3  4  2003  2 18.702807   -14.118    4.799 -0.019  0.026
  1  2  2003  2 18.675561   -40.325   11.330  0.011 -0.012
  1  2  2003  2 18.675909   -40.343   11.343  0.022 -0.009
  1  2  2003  2 18.676221   -40.367   11.383  0.025  0.021
  1  2  2003  2 18.676603   -40.421   11.385  0.006  0.012
  1  2  2003  2 18.677008   -40.440   11.378  0.022 -0.006
  1  2  2003  2 18.677344   -40.477   11.415  0.014  0.021
  1  2  2003  2 18.677679   -40.495   11.405  0.025  0.002
  1  2  2003  2 18.678050   -40.531   11.423  0.022  0.009
  1  2  2003  2 18.678374   -40.566   11.411  0.016 -0.012
  1  2  2003  2 18.678872   -40.630   11.454 -0.003  0.016
  1  2  2003  2 18.679184   -40.609   11.414  0.043 -0.034
  1  2  2003  2 18.679520   -40.678   11.457  0.006  0.000
  1  2  2003  2 18.679855   -40.704   11.481  0.009  0.014
  1  2  2003  2 18.680156   -40.699   11.496  0.040  0.021
  1  2  2003  2 18.680469   -40.741   11.486  0.027  0.001
  1  2  2003  2 18.680781   -40.777   11.533  0.018  0.039
  1  2  2003  2 18.681117   -40.815   11.469  0.011 -0.035
  1  2  2003  2 18.681418   -40.857   11.541 -0.003  0.028
  1  2  2003  2 18.681719   -40.880   11.563  0.001  0.042
  1  2  2003  2 18.682020   -40.914   11.547 -0.006  0.016
  1  2  2003  2 18.682344   -40.930   11.563  0.007  0.023
  1  2  2003  2 18.682691   -40.947   11.612  0.021  0.062
  1  2  2003  2 18.683015   -41.001   11.604 -0.002  0.043
  1  2  2003  2 18.683351   -41.037   11.589 -0.008  0.019
  1  2  2003  2 18.683675   -41.012   11.597  0.044  0.017
  1  2  2003  2 18.684022   -41.106   11.592 -0.016  0.002
  1  2  2003  2 18.684392   -41.105   11.604  0.018  0.003
  1  2  2003  2 18.684740   -41.147   11.636  0.008  0.024
  1  2  2003  2 18.685052   -41.145   11.614  0.037 -0.007
  1  2  2003  2 18.685388   -41.194   11.639  0.020  0.008
  1  2  2003  2 18.685758   -41.251   11.688 -0.002  0.046
  1  2  2003  2 18.686117   -41.285   11.662 -0.003  0.009
  1  2  2003  2 18.686429   -41.297   11.664  0.013  0.001
  1  2  2003  2 18.687251   -41.373   11.697  0.013  0.010
  1  2  2003  2 18.687587   -41.394   11.699  0.023  0.001
  1  2  2003  2 18.687888   -41.416   11.680  0.028 -0.027
  1  2  2003  2 18.688247   -41.464   11.752  0.015  0.034
  1  2  2003  2 18.688547   -41.488   11.711  0.019 -0.016
  1  2  2003  2 18.688860   -41.525   11.743  0.011  0.006
  1  2  2003  2 18.689172   -41.551   11.735  0.014 -0.011
  1  2  2003  2 18.689462   -41.566   11.785  0.025  0.030
  1  2  2003  2 18.689774   -41.612   11.756  0.010 -0.009
  1  2  2003  2 18.690110   -41.614   11.772  0.038 -0.003
  1  2  2003  2 18.691209   -41.731   11.816  0.026  0.007
  1  2  2003  2 18.691580   -41.786   11.847  0.007  0.027
  1  2  2003  2 18.691973   -41.810   11.876  0.020  0.043
  1  2  2003  2 18.692598   -41.887   11.848  0.002 -0.004
  1  2  2003  2 18.693027   -41.911   11.875  0.018  0.009
  1  2  2003  2 18.693582   -41.978   11.949  0.005  0.066
  1  2  2003  2 18.694404   -42.066   11.944 -0.003  0.035
  1  2  2003  2 18.695214   -42.127   11.935  0.013 -0.000
  1  2  2003  2 18.695573   -42.153   11.940  0.021 -0.006
  1  2  2003  2 18.695943   -42.192   11.997  0.018  0.039
  1  2  2003  2 18.696279   -42.239   11.962  0.004 -0.006
  1  2  2003  2 18.696603   -42.267   12.018  0.008  0.039
  1  2  2003  2 18.697008   -42.316   11.983 -0.001 -0.009
  1  2  2003  2 18.697355   -42.352   12.032 -0.004  0.029
  1  2  2003  2 18.697760   -42.383   12.007  0.005 -0.009
  1  2  2003  2 18.698096   -42.432   12.019 -0.011 -0.007
  1  2  2003  2 18.698559   -42.457   12.051  0.008  0.010
  1  2  2003  2 18.698895   -42.491   12.071  0.008  0.019
  1  2  2003  2 18.699265   -42.525   12.068  0.010  0.005
  1  2  2003  2 18.699647   -42.588   12.107 -0.014  0.031
  1  2  2003  2 18.700017   -42.596   12.108  0.012  0.020
  1  2  2003  2 18.700411   -42.642   12.167  0.005  0.066
  1  2  2003  2 18.701128   -42.700   12.142  0.018  0.018
  1  2  2003  2 18.701441   -42.739   12.165  0.010  0.031
  1  2  2003  2 18.701777   -42.780   12.137  0.003 -0.008
  1  2  2003  2 18.702112   -42.795   12.191  0.020  0.035
  1  2  2003  2 18.702471   -42.853   12.200 -0.001  0.032
  1  2  2003  2 18.702807   -42.884   12.191  0.002  0.013
  1  2  2003  2 20.648324     8.920   -2.881 -0.035  0.018
  1  2  2003  2 20.648671     8.620   -2.780 -0.043  0.031
  1  2  2003  2 20.649019     8.349   -2.724 -0.024 -0.001
  1  2  2003  2 20.649458     7.975   -2.562 -0.028  0.050
  1  2  2003  2 20.649701     7.803   -2.551  0.002 -0.001
  1  2  2003  2 20.649887     7.609   -2.489 -0.035  0.014
  1  2  2003  2 20.650060     7.496   -2.476 -0.004 -0.017
  1  2  2003  2 20.650326     7.218   -2.367 -0.056  0.025
  1  2  2003  2 20.650697     6.919   -2.295 -0.045  0.004
  1  2  2003  2 20.650870     6.806   -2.212 -0.014  0.043
  1  2  2003  2 20.651137     6.575   -2.171 -0.021  0.016
  1  2  2003  2 20.651275     6.424   -2.148 -0.054  0.004
  1  2  2003  2 20.651391     6.350   -2.120 -0.032  0.002
  1  2  2003  2 20.652028     5.820   -1.958 -0.029  0.004
  1  2  2003  2 20.652259     5.596   -1.882 -0.057  0.021
  1  2  2003  2 20.652433     5.457   -1.845 -0.051  0.014
  1  2  2003  2 20.652919     5.080   -1.740 -0.022 -0.004
  1  2  2003  2 20.653081     4.921   -1.676 -0.044  0.019
  1  2  2003  2 20.653243     4.821   -1.657 -0.010 -0.002
  1  2  2003  2 27.721872    16.081   -5.066 -0.038  0.001
  1  2  2003  2 27.722219    15.776   -4.957 -0.054  0.024
  1  2  2003  2 27.722520    15.529   -4.887 -0.051  0.020
  1  2  2003  2 27.723133    15.041   -4.751 -0.032  0.006
  1  2  2003  2 27.723446    14.781   -4.673 -0.033  0.007
  1  2  2003  2 27.723793    14.498   -4.590 -0.028  0.004
  1  2  2003  2 27.724105    14.226   -4.492 -0.040  0.026
  1  2  2003  2 27.724418    13.973   -4.421 -0.035  0.020
  1  2  2003  2 27.724719    13.715   -4.333 -0.043  0.034
  1  2  2003  2 27.725020    13.481   -4.281 -0.029  0.012
  1  2  2003  2 27.725332    13.227   -4.184 -0.024  0.032
  1  2  2003  2 27.725645    12.953   -4.120 -0.038  0.019
  1  2  2003  2 27.725980    12.665   -4.034 -0.048  0.023
  1  2  2003  2 27.726328    12.383   -3.956 -0.043  0.016
  1  2  2003  2 27.726640    12.122   -3.866 -0.045  0.029
  1  4  2003  2 28.754821     5.725   -2.147 -0.050  0.009
  1  4  2003  2 28.755503     5.809   -2.163 -0.056  0.020
  1  4  2003  2 28.756453     5.922   -2.205 -0.067  0.017
  1  4  2003  2 28.757263     6.046   -2.238 -0.050  0.017
  1  4  2003  2 28.758235     6.173   -2.286 -0.049  0.008
  1  4  2003  2 28.759821     6.364   -2.340 -0.061  0.017
  1  4  2003  2 28.760550     6.486   -2.390 -0.034 -0.004
  1  4  2003  2 28.761140     6.543   -2.387 -0.050  0.022
  1  4  2003  2 28.763119     6.801   -2.475 -0.040  0.012
  1  4  2003  2 28.764867     7.036   -2.563 -0.021 -0.010
  1  4  2003  2 28.765966     7.133   -2.565 -0.056  0.030
  1  4  2003  2 28.766997     7.284   -2.644 -0.030 -0.010
  1  4  2003  2 28.767552     7.346   -2.643 -0.034  0.011
  1  4  2003  2 28.768200     7.435   -2.682 -0.023 -0.004
  1  4  2003  2 28.768791     7.504   -2.704 -0.023 -0.004
  1  2  2004  1  4.843380    72.713  -38.540  0.010  0.051
  1  2  2004  1  4.844039    72.851  -38.635 -0.001  0.018
  1  2  2004  1  4.845185    73.115  -38.756  0.004  0.002
  1  2  2004  1  4.845694    73.216  -38.763 -0.009  0.043
  1  2  2004  1  4.846157    73.325  -38.862 -0.004 -0.014
  1  2  2004  1  4.846759    73.494  -38.877  0.030  0.026
  1  2  2004  1  4.847442    73.618  -38.980  0.002 -0.014
  1  2  2004  1  4.847940    73.722  -39.034 -0.004 -0.024
  1  2  2004  1  4.848449    73.879  -39.074  0.040 -0.017
  1  2  2004  1  4.848993    73.978  -39.097  0.019  0.008
  1  2  2004  1  4.849421    74.085  -39.169  0.032 -0.025
  1  2  2004  1  4.849838    74.178  -39.206  0.034 -0.024
  1  2  2004  1  4.850972    74.424  -39.302  0.032 -0.020
  1  2  2004  1  4.851586    74.571  -39.302  0.045  0.035
  1  2  2004  1  4.852095    74.689  -39.374  0.053  0.008
  1  2  2004  1  4.852616    74.786  -39.418  0.037  0.010
  1  2  2004  1  4.853773    75.009  -39.509  0.011  0.020
  1  2  2004  1  4.855139    75.335  -39.630  0.046  0.017
  1  2  2004  1  4.856204    75.531  -39.697  0.015  0.043
  1  2  2004  1  4.856759    75.663  -39.784  0.030  0.003
  2  4  2004  1  4.843380     2.872  -12.673 -0.012  0.012
  2  4  2004  1  4.844039     2.817  -12.641  0.008  0.009
  2  4  2004  1  4.845185     2.675  -12.559 -0.003  0.030
  2  4  2004  1  4.845694     2.616  -12.537 -0.003  0.024
  2  4  2004  1  4.846157     2.564  -12.518 -0.003  0.020
  2  4  2004  1  4.846759     2.473  -12.490 -0.024  0.015
  2  4  2004  1  4.847442     2.424  -12.436  0.004  0.033
  2  4  2004  1  4.847940     2.339  -12.423 -0.023  0.020
  2  4  2004  1  4.848449     2.322  -12.405  0.017  0.010
  2  4  2004  1  4.848993     2.223  -12.408 -0.019 -0.022
  2  4  2004  1  4.849421     2.206  -12.353  0.013  0.010
  2  4  2004  1  4.849838     2.135  -12.321 -0.010  0.020
  2  4  2004  1  4.850972     2.005  -12.264 -0.010  0.016
  2  4  2004  1  4.851586     1.955  -12.259  0.010 -0.012
  2  4  2004  1  4.852095     1.870  -12.230 -0.016 -0.010
  2  4  2004  1  4.852616     1.842  -12.204  0.015 -0.012
  2  4  2004  1  4.853773     1.669  -12.109 -0.024  0.021
  2  4  2004  1  4.855139     1.511  -12.043 -0.025  0.015
  2  4  2004  1  4.856204     1.387  -11.973 -0.026  0.027
  2  4  2004  1  4.856759     1.342  -11.934 -0.008  0.036
  1  4  2005  1  6.913079     0.024  -23.769  0.028 -0.033
  1  4  2005  1  6.913692     0.120  -23.827  0.020 -0.056
  1  4  2005  1  6.915058     0.378  -23.934  0.048 -0.087
  1  4  2005  1  6.915451     0.449  -23.936  0.054 -0.067
  1  4  2005  1  6.915833     0.485  -23.921  0.026 -0.031
  1  4  2005  1  6.916204     0.549  -23.977  0.028 -0.066
  1  4  2005  1  6.916609     0.605  -23.967  0.017 -0.033
  1  4  2005  1  6.917002     0.674  -24.001  0.021 -0.046
  1  4  2005  1  6.917512     0.764  -24.047  0.028 -0.064
  1  4  2005  1  6.918090     0.881  -24.084  0.050 -0.069
  1  4  2005  1  6.919606     1.098  -24.124  0.020 -0.028
  1  4  2005  1  6.920046     1.195  -24.191  0.046 -0.072
  1  4  2005  1  6.920741     1.286  -24.188  0.026 -0.032
  1  4  2005  1  6.921424     1.405  -24.229  0.035 -0.036
  1  4  2005  1  6.921910     1.474  -24.272  0.027 -0.054
  1  4  2005  1  6.922361     1.527  -24.276  0.008 -0.034
  1  4  2005  1  6.922743     1.594  -24.299  0.015 -0.038
  1  4  2005  1  6.923160     1.662  -24.301  0.018 -0.018
  1  4  2005  1  6.926076     2.129  -24.434  0.031 -0.004
  1  4  2005  1  6.926667     2.232  -24.491  0.044 -0.031
  1  4  2005  1  6.927269     2.308  -24.483  0.028  0.006
  1  4  2005  1  6.927801     2.384  -24.513  0.024  0.002
  1  4  2005  1  6.928218     2.445  -24.511  0.021  0.024
  1  4  2005  1  6.928681     2.548  -24.541  0.054  0.018
  1  4  2005  1  6.929074     2.589  -24.557  0.036  0.020
  1  4  2005  1  6.929537     2.640  -24.569  0.018  0.031
  1  4  2005  1  6.930104     2.748  -24.608  0.042  0.018
  1  4  2005  1  6.930741     2.820  -24.623  0.019  0.034
  1  4  2005  1  6.931354     2.946  -24.710  0.054 -0.024
  1  4  2005  1  6.931713     2.975  -24.685  0.030  0.018
  1  4  2005  1  6.932153     3.069  -24.707  0.059  0.016
  1  4  2005  1  6.932569     3.118  -24.771  0.048 -0.028
  1  4  2005  1  6.932928     3.180  -24.755  0.058  0.004
  1  4  2005  1  6.933414     3.239  -24.752  0.047  0.030
  1  4  2005  1  6.934456     3.376  -24.811  0.033  0.018
  1  4  2005  1  6.934850     3.470  -24.893  0.071 -0.046
  1  4  2005  1  6.935706     3.575  -24.891  0.054 -0.006
  1  4  2005  1  6.936215     3.618  -24.894  0.025  0.014
  1  4  2005  1  6.936655     3.705  -24.952  0.050 -0.025
  1  4  2005  1  6.937211     3.792  -24.976  0.059 -0.024
  1  4  2005  1  6.937639     3.825  -25.001  0.032 -0.030
  1  4  2005  1  6.938241     3.916  -24.998  0.039 -0.001
  1  4  2005  1  6.938681     3.970  -25.035  0.032 -0.019
  1  4  2005  1  6.939097     4.033  -25.018  0.038  0.016
  1  4  2005  1  6.939537     4.104  -25.063  0.048 -0.010
  1  4  2005  1  6.939988     4.192  -25.112  0.074 -0.041
  1  4  2005  1  6.940556     4.235  -25.087  0.040  0.008
  1  4  2005  1  6.940961     4.299  -25.140  0.049 -0.028
  1  4  2005  1  6.941389     4.350  -25.175  0.042 -0.045
  1  4  2005  1  6.941840     4.396  -25.181  0.027 -0.032
  1  4  2005  1  6.942315     4.473  -25.159  0.040  0.010
  1  4  2005  1  6.942720     4.510  -25.162  0.024  0.023
  1  4  2005  1  6.943137     4.553  -25.180  0.012  0.022
  1  4  2005  1  6.943634     4.644  -25.229  0.036 -0.006
  1  4  2005  1  6.944282     4.723  -25.245  0.029  0.004
  1  4  2005  1  6.944896     4.817  -25.319  0.043 -0.046
  1  4  2005  1  6.945266     4.848  -25.301  0.026 -0.014
  1  4  2005  1  6.945718     4.895  -25.337  0.014 -0.032
  1  4  2005  1  6.946111     4.994  -25.353  0.062 -0.032
  1  4  2005  1  6.946562     4.991  -25.295  0.001  0.043
  1  4  2005  1  7.870625   -35.868   -8.995  0.027 -0.052
  1  4  2005  1  7.871366   -35.681   -9.121  0.028 -0.082
  1  4  2005  1  7.872454   -35.425   -9.237  0.010 -0.057
  1  4  2005  1  7.874115   -35.002   -9.475  0.012 -0.078
  1  4  2005  1  7.874682   -34.871   -9.538 -0.003 -0.067
  1  4  2005  1  7.875168   -34.703   -9.572  0.041 -0.037
  1  4  2005  1  7.875799   -34.551   -9.666  0.032 -0.048
  1  4  2005  1  7.876910   -34.269   -9.812  0.028 -0.047
  1  4  2005  1  7.877755   -34.041   -9.901  0.037 -0.025
  1  4  2005  1  7.878519   -33.836   -9.983  0.043 -0.005
  1  4  2005  1  7.878993   -33.703  -10.099  0.053 -0.057
  1  4  2005  1  7.879595   -33.578  -10.188  0.021 -0.066
  1  4  2005  1  7.882292   -32.866  -10.574  0.023 -0.090
  1  4  2005  1  7.882824   -32.726  -10.609  0.022 -0.053
  1  4  2009 12 21.456667    20.794   11.657 -0.019 -0.054
  1  4  2009 12 21.457054    20.864   11.714 -0.001 -0.018
  1  4  2009 12 21.457512    20.891   11.702 -0.034 -0.054
  1  4  2009 12 21.458061    20.969   11.745 -0.031 -0.041
  1  4  2009 12 21.459135    21.103   11.778 -0.042 -0.065
  1  4  2009 12 21.460431    21.316   11.918 -0.010  0.003
  1  4  2009 12 21.460663    21.327   11.929 -0.030  0.002
  1  4  2009 12 21.460871    21.350   11.891 -0.035 -0.048
  1  4  2009 12 21.461450    21.444   11.949 -0.023 -0.022
  1  4  2009 12 21.461646    21.470   11.999 -0.024  0.017
  1  4  2009 12 21.462572    21.601   11.963 -0.024 -0.071
  1  4  2009 12 21.463498    21.722   12.050 -0.034 -0.036
  1  4  2009 12 21.463718    21.765   12.089 -0.022 -0.009
  1  4  2009 12 21.463950    21.809   12.070 -0.012 -0.041
  1  4  2009 12 21.464135    21.824   12.110 -0.023 -0.012
  1  4  2009 12 21.464852    21.918   12.162 -0.032 -0.000
  1  4  2009 12 21.465153    21.964   12.157 -0.029 -0.023
  1  4  2009 12 21.465590    22.055   12.212 -0.002  0.007
  1  4  2009 12 21.465891    22.076   12.220 -0.025 -0.002
  1  4  2009 12 21.466134    22.104   12.174 -0.032 -0.062
  1  4  2009 12 21.466484    22.153   12.213 -0.033 -0.043
  1  4  2009 12 21.467060    22.249   12.284 -0.023 -0.005
  1  4  2009 12 21.467665    22.324   12.274 -0.037 -0.051
  1  4  2009 12 21.467975    22.368   12.268 -0.038 -0.075
  1  4  2009 12 21.468750    22.501   12.411 -0.021  0.022
  1  4  2009 12 21.469019    22.565   12.432  0.002  0.028
  1  4  2009 12 21.469560    22.639   12.438 -0.005  0.002
  1  4  2009 12 21.469829    22.660   12.430 -0.023 -0.023
  1  4  2009 12 21.470116    22.694   12.459 -0.032 -0.010
  1  4  2009 12 21.470477    22.757   12.462 -0.024 -0.029
  1  4  2009 12 21.470833    22.810   12.520 -0.026  0.007
  1  4  2009 12 21.471126    22.853   12.526 -0.027 -0.004
  1  4  2009 12 21.471632    22.931   12.552 -0.026 -0.008
  1  4  2009 12 21.472202    23.011   12.566 -0.033 -0.029
  1  4  2009 12 21.472720    23.099   12.611 -0.024 -0.015
  1  4  2009 12 21.473093    23.167   12.631 -0.015 -0.018
  1  4  2009 12 21.473484    23.215   12.669 -0.027 -0.004
  1  4  2009 12 21.473718    23.264   12.675 -0.015 -0.013
  1  4  2009 12 21.473958    23.287   12.691 -0.029 -0.011
  1  4  2009 12 21.474204    23.319   12.715 -0.035 -0.003
  1  2  2010 12 30.470567    13.299   15.599  0.022  0.040
  1  2  2010 12 30.470828    13.462   15.657  0.020  0.020
  1  2  2010 12 30.471215    13.699   15.759  0.011  0.006
  1  2  2010 12 30.471701    14.007   15.901  0.011  0.002
  1  2  2010 12 30.471926    14.151   15.968  0.013  0.002
  1  2  2010 12 30.472153    14.283   16.076  0.002  0.042
  1  2  2010 12 30.472400    14.453   16.150  0.014  0.042
  1  2  2010 12 30.472616    14.582   16.201  0.007  0.028
  1  2  2010 12 30.472829    14.719   16.278  0.010  0.042
  1  2  2010 12 30.473032    14.844   16.322  0.006  0.025
  1  2  2010 12 30.473245    14.984   16.393  0.011  0.032
  1  2  2010 12 30.473449    15.113   16.423  0.012  0.001
  1  2  2010 12 30.473650    15.236   16.536  0.007  0.054
  1  2  2010 12 30.474028    15.470   16.622  0.003  0.028
  1  2  2010 12 30.474380    15.695   16.752  0.006  0.053
  1  2  2010 12 30.474583    15.815   16.788 -0.003  0.028
  1  2  2010 12 30.474796    15.985   16.844  0.033  0.021
  1  2  2010 12 30.475000    16.105   16.911  0.023  0.026
  1  2  2010 12 30.475225    16.238   16.954  0.015  0.002
  1  2  2010 12 30.475440    16.394   17.029  0.035  0.013
  1  2  2010 12 30.475653    16.526   17.081  0.033  0.002
  1  2  2010 12 30.475856    16.622   17.203 -0.000  0.063
  1  2  2010 12 30.476343    16.962   17.293  0.033  0.008
  1  2  2010 12 30.476556    17.097   17.398  0.033  0.049
  1  2  2010 12 30.476759    17.206   17.410  0.014  0.001
  1  2  2010 12 30.476984    17.360   17.518  0.026  0.042
  1  2  2010 12 30.477338    17.549   17.607 -0.008  0.025
  1  2  2010 12 30.477539    17.695   17.670  0.010  0.027
  1  2  2010 12 30.477755    17.821   17.753  0.000  0.046
  1  2  2010 12 30.477956    17.949   17.819  0.001  0.052
  1  2  2010 12 30.478407    18.239   17.949  0.007  0.048
  1  2  2010 12 30.478824    18.518   18.024  0.023 -0.001
  1  2  2010 12 30.479252    18.806   18.184  0.041  0.032
  1  2  2010 12 30.462794     8.419   13.304  0.079  0.081
  1  2  2010 12 30.463032     8.541   13.373  0.049  0.079
  1  2  2010 12 30.463280     8.686   13.404  0.037  0.035
  1  2  2010 12 30.463507     8.797   13.409  0.003 -0.028
  1  2  2010 12 30.463731     8.938   13.499  0.001 -0.006
  1  2  2010 12 30.463958     9.096   13.581  0.015  0.007
  1  2  2010 12 30.464171     9.206   13.636 -0.010 -0.002
  1  2  2010 12 30.464491     9.439   13.769  0.019  0.035
  1  2  2010 12 30.464877     9.667   13.865  0.002  0.015
  1  2  2010 12 30.465208     9.881   13.957  0.005  0.007
  1  2  2010 12 30.465479    10.067   14.060  0.019  0.029
  1  2  2010 12 30.465706    10.211   14.081  0.018 -0.019
  1  2  2010 12 30.465919    10.336   14.167  0.009  0.003
  1  2  2010 12 30.466181    10.484   14.248 -0.010  0.006
  1  2  2010 12 30.466395    10.640   14.332  0.011  0.025
