901  91.4774244  23.4789909  7963.8297591 -0.06 318.166   4.30 1
901  91.4793637  23.4790105  7963.8441048 -0.06 318.166   3.96 1
901  91.4898121  23.4790824  7963.9186599 -0.08 318.168   4.68 1
901  91.4918793  23.4790883  7963.9329315 -0.08 318.169   4.92 1
901  94.5740681  23.4673219  7993.1500322 -0.08  41.944   2.84 1
901  94.5769745  23.4672093  7993.1643409 -0.08  41.944   2.75 1
901  94.5944635  23.4665144  7993.2532421 -0.08  41.948   3.47 1
901  97.5720956  23.3772512  8011.4575466 -0.08 333.272   3.04 1
901 128.3695721  19.1299153  8150.6448231 -0.09 202.807   3.27 1
901 128.3787423  19.1280377  8150.7193535 -0.11 202.807   3.85 1
901 134.7892996  17.5901256  8194.9679799 -0.06 239.058   1.93 1
901 136.1075387  17.3744633  8239.3212757 -0.05 217.836   2.47 1
901 136.0997384  17.3771612  8239.3958552 -0.11 217.836   2.56 1
901 136.0981540  17.3777059  8239.4101762 -0.11 217.835   3.00 1
901 126.6980100  19.9606163  8363.2190789 -0.10 331.633   2.41 1
901 126.7011993  19.9598143  8363.2936222 -0.09 331.634   2.03 1
901 126.7017171  19.9596849  8363.3080049 -0.09 331.634   3.57 1
901 129.4912041  19.2754302  8393.4135841 -0.09  53.866   4.09 1
901 129.4931489  19.2749446  8393.4279051 -0.09  53.867   3.95 1
901 129.5059044  19.2717284  8393.5168065 -0.06  53.869   4.53 1
901 129.5175071  19.2687716  8393.5913995 -0.02  53.871   4.09 1
901 129.5198169  19.2681790  8393.6056712 -0.01  53.871   4.53 1
901 132.1797566  18.5810996  8411.3658326  0.00 346.724   4.62 1
901 132.1824972  18.5803602  8411.3801413  0.01 346.724   4.72 1
901 132.2156530  18.5713482  8411.5435972 -0.08 345.780   5.87 1
901 132.2187098  18.5705120  8411.5579181 -0.09 345.780   5.49 1
901 159.5381800   9.5744888  8549.3344734  0.02 214.520   3.99 1
901 159.5396809   9.5739709  8549.3487820  0.02 214.520   5.15 1
901 159.5477071   9.5711692  8549.4233379  0.05 214.520   3.13 1
901 161.0395908   9.0012124  8558.4006414 -0.06 174.600   2.98 1
901 161.0425185   9.0000732  8558.4149253 -0.06 174.600   3.03 1
901 161.0575071   8.9942524  8558.4895550 -0.05 174.600   2.84 1
901 161.0603136   8.9931650  8558.5038391 -0.04 174.600   3.03 1
901 161.0746144   8.9876620  8558.5784197 -0.01 174.600   2.89 1
901 161.0772877   8.9866400  8558.5927283 -0.01 174.600   3.08 1
901 161.0908359   8.9814875  8558.6673090  0.03 174.600   3.03 1
901 161.0933611   8.9805344  8558.6816299  0.03 174.600   4.57 1
901 165.1738445   7.4582150  8593.2278526  0.03 245.599   3.66 1
901 165.1759698   7.4573369  8593.2421614  0.04 245.599   4.24 1
901 166.3369055   7.1315702  8624.5901789 -0.01 167.720   3.38 1
901 166.3367695   7.1316541  8624.6045247  0.00 167.720   5.55 1
901 166.3365470   7.1318529  8624.6790931  0.04 167.720   3.96 1
901 166.3365961   7.1318504  8624.6934141  0.04 167.720   4.54 1
901 166.3373281   7.1316110  8624.7680070  0.07 167.720   2.17 1
901 166.1082996   7.2798942  8636.5889083  0.01 219.334   2.42 1
901 166.1085593   7.2798457  8636.6032417  0.02 219.334   2.46 1
901 166.1095117   7.2798016  8636.6777731  0.06 219.334   2.17 1
901 166.1096136   7.2798336  8636.6921311  0.06 219.334   3.04 1
901 166.1096874   7.2802219  8636.7667116  0.08 219.334   3.53 1
901 166.1096100   7.2803392  8636.7810326  0.08 219.334   3.72 1
901 157.5498853  10.7275703  8762.9759825  0.11 339.216   3.90 1
901 157.5506004  10.7272155  8762.9902912  0.12 339.216   3.23 1
901 162.8436707   8.4908414  8811.3146233  0.12 354.937   3.46 1
901 162.8641896   8.4828876  8811.5067710  0.10 354.937   2.98 1
901 187.8584152  -2.1306858  8946.6368989  0.13 221.637   2.89 1
901 187.8600489  -2.1312761  8946.6512940  0.13 221.637   2.93 1
901 187.8697255  -2.1347553  8946.7401329  0.09 221.637   2.45 1
901 189.6688249  -2.8653772  8959.0569106  0.13 170.620   3.08 1
901 189.6855874  -2.8726316  8959.1457989  0.09 170.620   2.65 1
901 194.1163366  -4.5271226  9009.7185490  0.05 162.140   2.75 1
901 194.1175425  -4.5275354  9009.7328822  0.04 162.140   2.51 1
901 193.9902527  -4.3921065  9026.3998778  0.11 229.422   3.33 1
901 193.9903142  -4.3921609  9026.4141864  0.11 229.422   2.90 1
901 193.9913258  -4.3927356  9026.5030872  0.08 229.422   2.94 1
