 1  2445924.28636 1984 08 11.786360   119.84    3.54  2000.0  2  129
 1  2445924.32360 1984 08 11.823597   125.60    4.47  2000.0  2  129
 1  2445925.23586 1984 08 12.735857  -127.59   -4.93  2000.0  2  129
 1  2445925.32275 1984 08 12.822750  -129.18   -6.49  2000.0  2  129
 1  2445925.33819 1984 08 12.838190  -127.89   -6.50  2000.0  2  129
 1  2445926.30705 1984 08 13.807053   115.48    7.14  2000.0  2  129
 1  2445928.29169 1984 08 15.791689    42.18    6.04  2000.0  2  129
 1  2445931.24085 1984 08 18.740853    85.65    0.29  2000.0  2  129
 1  2445932.25170 1984 08 19.751704  -117.38   -3.39  2000.0  2  129
 1  2445932.26380 1984 08 19.763800  -119.60   -3.56  2000.0  2  129
 1  2445932.27024 1984 08 19.770239  -120.56   -3.71  2000.0  2  129
 1  2445933.30600 1984 08 20.805998   124.96    6.01  2000.0  2  129
 1  2445933.32009 1984 08 20.820091   123.51    6.16  2000.0  2  129
 1  2445934.27269 1984 08 21.772689  -111.52   -6.88  2000.0  2  129
 1  2445934.27986 1984 08 21.779863  -110.09   -6.69  2000.0  2  129
 1  2445934.28547 1984 08 21.785471  -108.86   -7.04  2000.0  2  129
 1  2445936.26717 1984 08 23.767173   -33.87   -5.80  2000.0  2  129
 1  2445940.23849 1984 08 27.738489   119.90    3.70  2000.0  2  129
 1  2446276.34021 1985 07 29.840213    60.21   20.11  2000.0  2  129
 1  2446276.38454 1985 07 29.884544    78.39   26.06  2000.0  2  129
 1  2446277.35334 1985 07 30.853337  -108.11  -36.02  2000.0  2  129
 1  2446362.20025 1985 10 23.700251   -76.93  -33.12  2000.0  2  129
 1  2446362.20670 1985 10 23.706697   -78.90  -23.53  2000.0  2  129
 1  2446363.21089 1985 10 24.710891   106.65   32.11  2000.0  2  129
 1  2446370.18402 1985 10 31.684020    81.21   24.53  2000.0  2  129
 1  2446370.19146 1985 10 31.691464    83.23   25.37  2000.0  2  129
 1  2446410.11259 1985 12 10.612592   -89.57  -30.67  2000.0  2  129
 1  2446410.11837 1985 12 10.618367   -90.34  -31.09  2000.0  2  129
 1  2446603.49386 1986 06 21.993863   -74.90  -32.53  2000.0  2  129
 1  2446607.44770 1986 06 25.947698    74.40   38.47  2000.0  2  129
 1  2446610.42947 1986 06 28.929472  -107.55  -49.41  2000.0  2  129
 1  2446610.49044 1986 06 28.990436   -97.25  -43.86  2000.0  2  129
 1  2446699.36694 1986 09 25.866940    72.84   38.27  2000.0  2  129
 1  2446699.40355 1986 09 25.903545    86.41   44.02  2000.0  2  129
 1  2446699.41131 1986 09 25.911312    89.07   45.45  2000.0  2  129
 1  2446701.33793 1986 09 27.837926   126.64   60.24  2000.0  2  129
 1  2446701.38367 1986 09 27.883665   130.34   61.15  2000.0  2  129
 1  2446704.37666 1986 09 30.876657   -58.31  -22.49  2000.0  2  129
 2  2442704.50691 1975 10 19.006910    41.56   21.16    0     1  084
 2  2444316.43990 1980 03 17.939900  -182.79   78.59    0     1  084
 2  2444733.35190 1981 05  8.851900   -66.12   24.39    0     1  084
 2  2445924.28636 1984 08 11.786360    62.34   -5.67  2000.0  2  129
 2  2445924.32360 1984 08 11.823597    75.10   -4.83  2000.0  2  129
 2  2445925.23586 1984 08 12.735857   188.51   11.85  2000.0  2  129
 2  2445925.32275 1984 08 12.822750   172.81   12.15  2000.0  2  129
 2  2445925.33819 1984 08 12.838190   169.80   12.16  2000.0  2  129
 2  2445926.30705 1984 08 13.807053  -143.69    0.00  2000.0  2  129
 2  2445928.29169 1984 08 15.791689   183.46    3.89  2000.0  2  129
 2  2445929.21761 1984 08 16.717612    74.82   11.15  2000.0  2  129
 2  2445929.23215 1984 08 16.732151    69.84   10.91  2000.0  2  129
 2  2445929.27352 1984 08 16.773515    55.32   10.53  2000.0  2  129
 2  2445929.27941 1984 08 16.779412    53.25   10.42  2000.0  2  129
 2  2445929.28624 1984 08 16.786239    50.78   10.35  2000.0  2  129
 2  2445929.31802 1984 08 16.818023    39.47    9.99  2000.0  2  129
 2  2445932.25170 1984 08 19.751704   195.10   10.18  2000.0  2  129
 2  2445932.26380 1984 08 19.763800   193.77   10.59  2000.0  2  129
 2  2445932.27024 1984 08 19.770239   193.17   10.41  2000.0  2  129
 2  2445933.30600 1984 08 20.805998  -112.89    2.37  2000.0  2  129
 2  2445933.32009 1984 08 20.820091  -116.99    1.99  2000.0  2  129
 2  2445934.27269 1984 08 21.772689  -154.00  -12.01  2000.0  2  129
 2  2445934.27986 1984 08 21.779863  -152.39  -11.67  2000.0  2  129
 2  2445934.28547 1984 08 21.785471  -151.10  -12.10  2000.0  2  129
 2  2445936.26717 1984 08 23.767173    89.79   10.83  2000.0  2  129
 2  2445940.23849 1984 08 27.738489   -56.54    5.59  2000.0  2  129
 2  2445945.22713 1984 09  1.727126   -64.67  -10.48  2000.0  2  129
 2  2446276.34021 1985 07 29.840213   104.31   34.22  2000.0  2  129
 2  2446276.38454 1985 07 29.884544   118.52   38.91  2000.0  2  129
 2  2446277.35334 1985 07 30.853337   163.68   56.94  2000.0  2  129
 2  2446362.20025 1985 10 23.700251   161.15   56.25  2000.0  2  129
 2  2446362.20670 1985 10 23.706697   180.85   56.29  2000.0  2  129
 2  2446363.21089 1985 10 24.710891   -63.37  -17.75  2000.0  2  129
 2  2446368.16389 1985 10 29.663890   -58.75  -20.12  2000.0  2  129
 2  2446370.19146 1985 10 31.691464   -22.81   -5.19  2000.0  2  129
 2  2446410.11259 1985 12 10.612592  -159.21  -55.52  2000.0  2  129
 2  2446410.11837 1985 12 10.618367  -159.12  -55.75  2000.0  2  129
 2  2446603.49386 1986 06 21.993863    98.72   53.24  2000.0  2  129
 2  2446605.47878 1986 06 23.978775  -140.71  -72.22  2000.0  2  129
 2  2446605.48999 1986 06 23.989991  -142.75  -73.03  2000.0  2  129
 2  2446607.44770 1986 06 25.947698  -172.37   85.60  2000.0  2  129
 2  2446610.42947 1986 06 28.929472    52.34   32.06  2000.0  2  129
 2  2446610.49044 1986 06 28.990436    70.46   40.70  2000.0  2  129
 2  2446612.46027 1986 06 30.960268  -117.14  -62.37  2000.0  2  129
 2  2446612.46730 1986 06 30.967296  -118.78  -62.90  2000.0  2  129
 2  2446613.44879 1986 07  1.948788  -109.20  -47.21  2000.0  2  129
 2  2446698.28175 1986 09 24.781753  -195.47  -90.63  2000.0  2  129
 2  2446698.31876 1986 09 24.818762  -190.58  -87.67  2000.0  2  129
 2  2446699.36694 1986 09 25.866940   132.13   69.57  2000.0  2  129
 2  2446699.40355 1986 09 25.903545   142.29   73.77  2000.0  2  129
 2  2446699.41131 1986 09 25.911312   144.29   75.05  2000.0  2  129
 2  2446701.33793 1986 09 27.837926  -177.01  -88.43  2000.0  2  129
 2  2446701.38367 1986 09 27.883665  -185.22  -91.58  2000.0  2  129
 2  2446704.37666 1986 09 30.876657   -23.82  -19.22  2000.0  2  129
 2  2446704.38740 1986 09 30.887399   -27.68  -21.18  2000.0  2  129
 3  2442704.50691 1975 10 19.006910  -108.47   -5.21    0     1  084
 3  2444316.43990 1980 03 17.939900   117.92  -44.85    0     1  084
 3  2445924.28636 1984 08 11.786360   330.14   12.29  2000.0  2  129
 3  2445924.32360 1984 08 11.823597   330.90   13.08  2000.0  2  129
 3  2445925.23586 1984 08 12.735857   246.56   17.39  2000.0  2  129
 3  2445925.32275 1984 08 12.822750   228.71   17.03  2000.0  2  129
 3  2445925.33819 1984 08 12.838190   225.63   16.93  2000.0  2  129
 3  2445926.30705 1984 08 13.807053   -33.44    9.38  2000.0  2  129
 3  2445928.29169 1984 08 15.791689  -315.54  -15.21  2000.0  2  129
 3  2445929.21761 1984 08 16.717612  -150.68  -15.31  2000.0  2  129
 3  2445929.23215 1984 08 16.732151  -146.95  -15.08  2000.0  2  129
 3  2445929.27352 1984 08 16.773515  -136.38  -15.21  2000.0  2  129
 3  2445929.27941 1984 08 16.779412  -134.85  -14.99  2000.0  2  129
 3  2445929.28624 1984 08 16.786239  -132.92  -15.04  2000.0  2  129
 3  2445929.31802 1984 08 16.818023  -124.60  -14.72  2000.0  2  129
 3  2445931.24085 1984 08 18.740853   313.99    9.10  2000.0  2  129
 3  2445932.25170 1984 08 19.751704   265.75   16.18  2000.0  2  129
 3  2445932.26380 1984 08 19.763800   263.64   16.49  2000.0  2  129
 3  2445932.27024 1984 08 19.770239   262.71   16.35  2000.0  2  129
 3  2445934.27269 1984 08 21.772689  -235.67   -1.82  2000.0  2  129
 3  2445934.27986 1984 08 21.779863  -237.13   -1.41  2000.0  2  129
 3  2445934.28547 1984 08 21.785471  -238.36   -1.86  2000.0  2  129
 3  2445936.26717 1984 08 23.767173  -172.88  -15.31  2000.0  2  129
 3  2445940.23849 1984 08 27.738489    70.87   12.65  2000.0  2  129
 3  2445945.22713 1984 09  1.727126   266.64    4.34  2000.0  2  129
 3  2446276.34021 1985 07 29.840213   299.48   99.77  2000.0  2  129
 3  2446276.38454 1985 07 29.884544   292.59   97.33  2000.0  2  129
 3  2446277.35334 1985 07 30.853337    55.92   19.73  2000.0  2  129
 3  2446362.20025 1985 10 23.700251   241.33   73.22  2000.0  2  129
 3  2446362.20670 1985 10 23.706697   240.37   71.97  2000.0  2  129
 3  2446363.21089 1985 10 24.710891    23.62    8.79  2000.0  2  129
 3  2446368.16389 1985 10 29.663890   259.04   77.67  2000.0  2  129
 3  2446370.18402 1985 10 31.684020    70.80   23.11  2000.0  2  129
 3  2446370.19146 1985 10 31.691464    69.00   22.72  2000.0  2  129
 3  2446603.49386 1986 06 21.993863   -91.57   34.59  2000.0  2  129
 3  2446605.47878 1986 06 23.978775   279.09  133.56  2000.0  2  129
 3  2446605.48999 1986 06 23.989991   279.57  133.80  2000.0  2  129
 3  2446610.42947 1986 06 28.929472  -145.50  -60.11  2000.0  2  129
 3  2446610.49044 1986 06 28.990436  -131.99  -53.76  2000.0  2  129
 3  2446612.46027 1986 06 30.960268   274.62  133.07  2000.0  2  129
 3  2446612.46730 1986 06 30.967296   275.13  132.90  2000.0  2  129
 3  2446613.44879 1986 07  1.948788   248.45  112.21  2000.0  2  129
 3  2446698.28175 1986 09 24.781753   325.49  154.18  2000.0  2  129
 3  2446698.31876 1986 09 24.818762   327.80  154.76  2000.0  2  129
 3  2446699.36694 1986 09 25.866940   251.02  109.22  2000.0  2  129
 3  2446699.40355 1986 09 25.903545   243.87  105.16  2000.0  2  129
 3  2446699.41131 1986 09 25.911312   242.16  104.77  2000.0  2  129
 3  2446701.33793 1986 09 27.837926  -258.42 -127.13  2000.0  2  129
 3  2446701.38367 1986 09 27.883665  -266.73 -130.43  2000.0  2  129
 3  2446704.37666 1986 09 30.876657   135.76   73.21  2000.0  2  129
 3  2446704.38740 1986 09 30.887399   138.68   74.44  2000.0  2  129                                                                                                              084
 4  2442704.50691 1975 10 19.006910   614.16  133.60    0     1  084
 4  2445924.32360 1984 08 11.823597  -514.55  -13.37  2000.0  2  129
 4  2445925.23586 1984 08 12.735857  -578.09  -21.58  2000.0  2  129
 4  2445925.32275 1984 08 12.822750  -580.95  -22.20  2000.0  2  129
 4  2445925.33819 1984 08 12.838190  -581.19  -21.98  2000.0  2  129
 4  2445926.30705 1984 08 13.807053  -567.70  -28.18  2000.0  2  129
 4  2445928.29169 1984 08 15.791689  -324.04  -28.66  2000.0  2  129
 4  2445929.21761 1984 08 16.717612  -140.26  -23.53  2000.0  2  129
 4  2445929.23215 1984 08 16.732151  -137.18  -23.29  2000.0  2  129
 4  2445929.27352 1984 08 16.773515  -128.69  -23.41  2000.0  2  129
 4  2445929.27941 1984 08 16.779412  -127.33  -23.17  2000.0  2  129
 4  2445929.28624 1984 08 16.786239  -125.79  -23.14  2000.0  2  129
 4  2445929.31802 1984 08 16.818023  -119.17  -22.73  2000.0  2  129
 4  2445931.24085 1984 08 18.740853   282.96   -4.36  2000.0  2  129
 4  2445932.25170 1984 08 19.751704   446.18    6.74  2000.0  2  129
 4  2445932.26380 1984 08 19.763800   447.73    7.30  2000.0  2  129
 4  2445932.27024 1984 08 19.770239   448.57    7.12  2000.0  2  129
 4  2445933.30600 1984 08 20.805998   545.84   17.02  2000.0  2  129
 4  2445933.32009 1984 08 20.820091   546.80   17.10  2000.0  2  129
 4  2445934.27986 1984 08 21.779863   561.07   23.06  2000.0  2  129
 4  2445934.28547 1984 08 21.785471   560.89   23.73  2000.0  2  129
 4  2445936.26717 1984 08 23.767173   364.87   27.53  2000.0  2  129
 4  2445940.23849 1984 08 27.738489  -398.49   -3.06  2000.0  2  129
 4  2445945.22713 1984 09  1.727126  -263.17  -25.52  2000.0  2  129
 4  2446276.34021 1985 07 29.840213  -498.51  -64.83  2000.0  2  129
 4  2446276.38454 1985 07 29.884544  -504.22 -166.85  2000.0  2  129
 4  2446277.35334 1985 07 30.853337  -592.02 -196.82  2000.0  2  129
 4  2446362.20025 1985 10 23.700251  -480.16 -145.28  2000.0  2  129
 4  2446363.21089 1985 10 24.710891  -374.17 -113.92  2000.0  2  129
 4  2446368.16389 1985 10 29.663890   436.88  131.86  2000.0  2  129
 4  2446370.18402 1985 10 31.684020   484.45  148.19  2000.0  2  129
 4  2446370.19146 1985 10 31.691464   484.26  148.17  2000.0  2  129
 4  2446410.11259 1985 12 10.612592  -383.54 -129.67  2000.0  2  129
 4  2446410.11837 1985 12 10.618367  -383.71 -130.34  2000.0  2  129
 4  2446603.49386 1986 06 21.993863   391.71  194.85  2000.0  2  129
 4  2446605.47878 1986 06 23.978775   496.63  232.59  2000.0  2  129
 4  2446605.48999 1986 06 23.989991   496.42  232.65  2000.0  2  129
 4  2446607.44770 1986 06 25.947698   341.44  147.93  2000.0  2  129
 4  2446610.42947 1986 06 28.929472  -180.64 -102.29  2000.0  2  129
 4  2446610.49044 1986 06 28.990436  -191.33 -107.50  2000.0  2  129
 4  2446612.46027 1986 06 30.960268  -459.30 -225.31  2000.0  2  129
 4  2446612.46730 1986 06 30.967296  -459.82 -224.82  2000.0  2  129
 4  2446613.44879 1986 07  1.948788  -508.63 -241.22  2000.0  2  129
 4  2446698.28175 1986 09 24.781753  -495.16 -218.38  2000.0  2  129
 4  2446698.31876 1986 09 24.818762  -490.52 -215.95  2000.0  2  129
 4  2446699.36694 1986 09 25.866940  -326.32 -133.53  2000.0  2  129
 4  2446699.40355 1986 09 25.903545  -319.69 -129.93  2000.0  2  129
 4  2446699.41131 1986 09 25.911312  -318.06 -129.25  2000.0  2  129
 4  2446701.33793 1986 09 27.837926    93.76   64.70  2000.0  2  129
 4  2446701.38367 1986 09 27.883665   103.74   69.37  2000.0  2  129
 4  2446704.37666 1986 09 30.876657   565.30  266.70  2000.0  2  129
 4  2446704.38740 1986 09 30.887399   565.75  266.95  2000.0  2  129                                                                                                               084
