 1 2005 04  5   7 24 38.5  12 52 57.7606   -3 56 40.090  1.245
 1 2005 04  6   7 20 34.0  12 52 13.7897   -3 51 56.609  1.243
 1 2005 04  7   7 16 48.5  12 51 59.3213   -3 50 28.364  1.243
 1 2005 04 12   6 55  3.4  12 49 39.2513   -3 36  7.186  1.233
 1 2005 04 13   6 50 27.5  12 48 56.6194   -3 31 30.035  1.231
 4 2005 04  5   7 24 38.5  12 52 14.7368   -3 51 51.477  1.242
 4 2005 04  6   7 20 34.0  12 51 50.5794   -3 49 33.283  1.240
 4 2005 04  7   7 16 48.5  12 51 30.7322   -3 47 42.562  1.238
 4 2005 04  9   7  7 30.0  12 50 58.7904   -3 44 43.882  1.235
 4 2005 04 12   6 55  3.4  12 50  5.0274   -3 39 10.304  1.234
 4 2005 04 13   6 50 27.5  12 49 39.7165   -3 36 24.360  1.233
 3 2005 04  5   7 24 38.5  12 52 44.8415   -3 54 53.496  1.246
 3 2005 04  6   7 20 34.0  12 52  3.2104   -3 50 34.250  1.243
 3 2005 04  7   7 16 48.5  12 51 34.7839   -3 47 51.601  1.240
 3 2005 04  9   7  7 30.0  12 51  7.9887   -3 45 30.893  1.238
 3 2005 04 12   6 55  3.4  12 49 29.9054   -3 34 42.362  1.235
 3 2005 04 13   6 50 27.5  12 48 47.6698   -3 30 19.115  1.231
 2 2005 04  5   7 24 38.5  12 52 44.7447   -3 55 18.986  1.243
 2 2005 04  6   7 20 34.0  12 52 33.6906   -3 54 12.382  1.244
 2 2005 04  9   7  7 30.0  12 51  0.8733   -3 44 36.194  1.238
 2 2005 04 12   6 55  3.4  12 49 24.8739   -3 34 33.008  1.232
 2 2005 04 13   6 50 27.5  12 49 15.9373   -3 33 46.466  1.231
 1 2006 02 13  12 57 21.5  15  4 13.8950  -16  5  6.611  1.310
 1 2006 02 14  12 54 47.3  15  4 42.0673  -16  6 52.417  1.315
 1 2006 02 15  12 50 25.8  15  4 43.1481  -16  6 51.145  1.318
 1 2006 02 22  12 24 20.1  15  5 54.2762  -16 10 26.751  1.348
 1 2006 02 23  12 20 24.0  15  6 13.6874  -16 11 29.510  1.354
 1 2006 02 26  12  9 20.3  15  6 30.1472  -16 12 15.735  1.365
 1 2006 03 16  10 57 15.3  15  6  0.8207  -16  7  7.397  1.438
 1 2006 03 24  10 24 32.8  15  4 13.3257  -15 58 29.016  1.465
 1 2006 03 25  10 20 31.4  15  4 14.9077  -15 58 29.049  1.469
 1 2006 04  2   9 46 46.2  15  1 39.1955  -15 46 44.558  1.491
 1 2006 04  4   9 38 50.5  15  1  2.6756  -15 44  4.603  1.496
 1 2006 04  7   9 24 57.9  14 59 54.1516  -15 38 45.882  1.504
 1 2006 04  8   9 20 14.5  14 59 45.1657  -15 38 14.295  1.505
 1 2006 04  9   9 16 10.9  14 59  5.2522  -15 35 14.211  1.507
 1 2006 04 10   9 11 44.9  14 58 57.5561  -15 34 37.210  1.510
 1 2006 04 17   8 42  2.8  14 55 58.4009  -15 21 30.614  1.520
 1 2006 04 18   8 37 44.5  14 55 15.0891  -15 18 22.648  1.520
 1 2006 04 23   8 14 51.8  14 52 54.7497  -15  7 58.321  1.525
 1 2006 04 24   8 10 24.7  14 52 41.0748  -15  7  8.843  1.526
 1 2006 04 25   8  6  5.5  14 51 54.9568  -15  3 42.207  1.526
 1 2006 04 26   8  1 39.9  14 51 41.3493  -15  2 41.003  1.527
 1 2006 04 30   7 44 48.9  14 49 29.9438  -14 53  0.530  1.527
 1 2006 05  2   7 36 10.5  14 48 26.0712  -14 48 25.327  1.525
 1 2006 05  3   7 31 50.9  14 48 12.7874  -14 47 32.651  1.526
 1 2006 05  4   7 27 16.3  14 47 27.2593  -14 44 15.198  1.524
 1 2006 05  5   7 21 56.2  14 47  8.3895  -14 42 45.077  1.525
 1 2006 05  7   7 12 48.9  14 46  1.3369  -14 37 49.313  1.523
 1 2006 05  8   7  8 55.8  14 45 38.8481  -14 36 28.672  1.521
 1 2006 05  9   7  4 22.8  14 44 55.8878  -14 33  5.760  1.520
 1 2006 05 10   6 59 31.6  14 44 42.0855  -14 32 17.353  1.519
 1 2006 05 15   6 37 37.2  14 42  8.8680  -14 21 15.308  1.511
 1 2006 05 16   6 33  6.0  14 41 31.3228  -14 18 14.402  1.510
 1 2006 05 18   6 25 12.2  14 40 31.3560  -14 13 58.274  1.505
 1 2006 05 21   6 12  7.0  14 39 19.5390  -14  8 47.345  1.500
 1 2006 05 24   5 58 24.7  14 38  1.5496  -14  3 26.523  1.492
 1 2006 05 25   5 53 48.3  14 37 21.3337  -14  0 16.104  1.490
 1 2006 05 26   5 49 14.7  14 37 11.8834  -13 59 49.199  1.487
 1 2006 05 27   5 44 45.3  14 36 30.4017  -13 56 44.348  1.484
 1 2006 05 29   5 36  2.8  14 35 45.8196  -13 53 42.174  1.478
 1 2006 05 31   5 28 14.2  14 35  4.6602  -13 50 52.560  1.472
 1 2006 06  2   5 19 22.3  14 34 23.1223  -13 47 56.875  1.467
 1 2006 06  5   5  6 16.4  14 33  5.3618  -13 42 25.044  1.457
 1 2006 06 10   4 44 47.6  14 31 25.7983  -13 35 28.310  1.441
 1 2006 06 11   4 40 30.0  14 31 24.2648  -13 35 40.562  1.438
 1 2006 06 12   4 35 56.1  14 30 52.3182  -13 33 22.238  1.433
 1 2006 06 13   4 32  0.7  14 30 47.4857  -13 33  6.821  1.431
 1 2006 06 18   4 11 52.0  14 29 38.2967  -13 28 56.521  1.413
 1 2006 06 20   4  3 40.5  14 29 12.3950  -13 27 16.457  1.406
 1 2006 06 21   3 59 32.1  14 28 50.5934  -13 25 53.527  1.401
 1 2006 06 25   3 42 56.3  14 28 23.4021  -13 24 46.518  1.386
 4 2006 02 13  12 57 21.5  15  4 19.8954  -16  5  4.982  1.313
 4 2006 02 14  12 54 47.3  15  4 21.7457  -16  5  1.771  1.317
 4 2006 02 15  12 50 25.8  15  4 24.6920  -16  5  7.307  1.320
 4 2006 02 22  12 24 20.1  15  6  9.4284  -16 11 56.594  1.346
 4 2006 02 23  12 20 24.0  15  6 28.3711  -16 13  0.783  1.351
 4 2006 02 24  12 16 34.1  15  6 43.9112  -16 13 47.173  1.356
 4 2006 02 25  12 13  1.4  15  6 54.7576  -16 14 11.469  1.362
 4 2006 02 26  12  9 20.3  15  7  0.1624  -16 14 11.852  1.367
 4 2006 03 24  10 24 32.8  15  3 49.6503  -15 57  4.590  1.463
 4 2006 03 25  10 20 31.4  15  3 44.1314  -15 56 44.069  1.465
 4 2006 04  2   9 46 46.2  15  2 13.4418  -15 48 48.143  1.495
 4 2006 04  7   9 24 57.9  14 59 26.0586  -15 36 32.606  1.504
 4 2006 04  8   9 20 14.5  14 58 59.1908  -15 34 44.869  1.505
 4 2006 04  9   9 16 10.9  14 58 37.0601  -15 33 18.697  1.505
 4 2006 04 10   9 11 44.9  14 58 19.5247  -15 32 12.148  1.506
 4 2006 04 13   8 59 48.4  14 57 42.9852  -15 29 44.070  1.511
 4 2006 04 17   8 42  2.8  14 56 27.5472  -15 23 37.506  1.522
 4 2006 04 18   8 37 44.5  14 55 55.4861  -15 21  4.296  1.524
 4 2006 04 23   8 14 51.8  14 52 32.2267  -15  5 57.908  1.527
 4 2006 04 24   8 10 24.7  14 51 56.0308  -15  3 28.646  1.526
 4 2006 04 25   8  6  5.5  14 51 24.7121  -15  1 23.319  1.525
 4 2006 04 26   8  1 39.9  14 50 58.5664  -14 59 41.573  1.523
 4 2006 04 30   7 44 48.9  14 49 47.6005  -14 55  2.065  1.523
 4 2006 05  2   7 36 10.5  14 49  8.6983  -14 52  2.040  1.525
 4 2006 05  3   7 31 50.9  14 48 42.5572  -14 49 57.225  1.526
 4 2006 05  4   7 27 16.3  14 48 10.9482  -14 47 26.316  1.527
 4 2006 05  5   7 21 56.2  14 47 34.0490  -14 44 32.020  1.527
 4 2006 05  7   7 12 48.9  14 46  8.8286  -14 37 59.025  1.526
 4 2006 05  8   7  8 55.8  14 45 24.1745  -14 34 39.280  1.525
 4 2006 05  9   7  4 22.8  14 44 40.9449  -14 31 30.851  1.523
 4 2006 05 10   6 59 31.6  14 44  1.0391  -14 28 41.660  1.520
 4 2006 05 14   6 42 22.9  14 42 11.8523  -14 21 35.051  1.509
 4 2006 05 15   6 37 37.2  14 41 55.5001  -14 20 35.651  1.507
 4 2006 05 16   6 33  6.0  14 41 40.7449  -14 19 39.686  1.506
 4 2006 05 18   6 25 12.2  14 41  8.4565  -14 17 21.357  1.504
 4 2006 05 21   6 12  7.0  14 39 50.7080  -14 11 13.507  1.502
 4 2006 05 22   6  7 26.1  14 39 15.1472  -14  8 25.400  1.501
 4 2006 05 25   5 53 48.3  14 37 15.2920  -13 59 18.695  1.493
 4 2006 05 26   5 49 14.7  14 36 37.4927  -13 56 34.968  1.489
 4 2006 05 27   5 44 45.3  14 36  3.7893  -13 54 15.205  1.485
 4 2006 05 29   5 36  2.8  14 35 12.5293  -13 50 58.937  1.477
 4 2006 05 30   5 31 58.2  14 34 55.1366  -13 50  0.529  1.473
 4 2006 05 31   5 28 14.2  14 34 42.1636  -13 49 21.515  1.469
 4 2006 06  2   5 19 22.3  14 34 23.4859  -13 48 27.823  1.464
 4 2006 06  5   5  6 16.4  14 33 46.4826  -13 45 52.770  1.458
 4 2006 06  6   5  2 15.0  14 33 26.2189  -13 44 17.702  1.456
 4 2006 06 10   4 44 47.6  14 31 29.2602  -13 35 16.702  1.445
 4 2006 06 11   4 40 30.0  14 30 58.5618  -13 33  3.618  1.440
 4 2006 06 12   4 35 56.1  14 30 31.0205  -13 31 10.065  1.436
 4 2006 06 13   4 32  0.7  14 30  8.0899  -13 29 42.582  1.431
 4 2006 06 14   4 28  5.4  14 29 50.6268  -13 28 43.946  1.426
 4 2006 06 20   4  3 40.5  14 29 29.4321  -13 29 10.434  1.403
 4 2006 06 21   3 59 32.1  14 29 26.2836  -13 29  4.101  1.401
 4 2006 06 25   3 42 56.3  14 28 34.0287  -13 25 11.854  1.390
 3 2006 02 13  12 57 21.5  15  4 35.3123  -16  6 29.100  1.312
 3 2006 02 15  12 50 25.8  15  4 33.6239  -16  5 54.044  1.319
 3 2006 02 22  12 24 20.1  15  5 48.0502  -16  9 43.632  1.350
 3 2006 02 23  12 20 24.0  15  5 49.2775  -16  9 50.043  1.352
 3 2006 02 24  12 16 34.1  15  6  3.6056  -16 10 53.117  1.355
 3 2006 02 25  12 13  1.4  15  6 25.6858  -16 12 19.470  1.360
 3 2006 02 26  12  9 20.3  15  6 43.9678  -16 13 17.435  1.365
 3 2006 03 16  10 57 15.3  15  5 33.9120  -16  5  2.264  1.438
 3 2006 03 24  10 24 32.8  15  4  1.6249  -15 57 44.362  1.464
 3 2006 03 25  10 20 31.4  15  3 59.3000  -15 57 41.434  1.466
 3 2006 04  2   9 46 46.2  15  1 54.5199  -15 48  7.903  1.490
 3 2006 04  4   9 38 50.5  15  1 24.2370  -15 45 22.802  1.498
 3 2006 04  7   9 24 57.9  14 59 38.6530  -15 37 42.429  1.503
 3 2006 04  8   9 20 14.5  14 59 23.9733  -15 36 52.370  1.503
 3 2006 04  9   9 16 10.9  14 59 18.3366  -15 36 32.123  1.505
 3 2006 04 10   9 11 44.9  14 59  8.9452  -15 35 41.518  1.509
 3 2006 04 13   8 59 48.4  14 57 23.1016  -15 27 24.276  1.516
 3 2006 04 17   8 42  2.8  14 56  7.5521  -15 22 25.548  1.519
 3 2006 04 18   8 37 44.5  14 55 43.6356  -15 20 24.205  1.522
 3 2006 04 24   8 10 24.7  14 52 48.5031  -15  7 55.977  1.524
 3 2006 04 25   8  6  5.5  14 52 25.1413  -15  5 58.998  1.527
 3 2006 04 26   8  1 39.9  14 51 45.8526  -15  2 49.557  1.529
 3 2006 04 30   7 44 48.9  14 49 30.3246  -14 53 28.805  1.524
 3 2006 05  2   7 36 10.5  14 48 56.4337  -14 50 50.949  1.526
 3 2006 05  3   7 31 50.9  14 48 18.6291  -14 47 47.287  1.527
 3 2006 05  4   7 27 16.3  14 47 30.4801  -14 44  5.252  1.527
 3 2006 05  5   7 21 56.2  14 46 44.9869  -14 40 49.913  1.524
 3 2006 05  7   7 12 48.9  14 45 56.1609  -14 37 51.322  1.520
 3 2006 05  8   7  8 55.8  14 45 44.5396  -14 37  7.492  1.519
 3 2006 05  9   7  4 22.8  14 45 24.9606  -14 35 33.076  1.520
 3 2006 05 10   6 59 31.6  14 44 49.8864  -14 32 41.298  1.521
 3 2006 05 14   6 42 22.9  14 42 25.0085  -14 22 28.483  1.511
 3 2006 05 15   6 37 37.2  14 42 14.3081  -14 21 53.152  1.509
 3 2006 05 16   6 33  6.0  14 41 57.7626  -14 20 35.888  1.510
 3 2006 05 21   6 12  7.0  14 39  3.5936  -14  7 51.775  1.497
 3 2006 05 22   6  7 26.1  14 38 54.3099  -14  7 26.729  1.495
 3 2006 05 24   5 58 24.7  14 38 14.8355  -14  4 18.984  1.494
 3 2006 05 25   5 53 48.3  14 37 34.5599  -14  1  5.869  1.492
 3 2006 05 26   5 49 14.7  14 36 50.8511  -13 57 48.370  1.489
 3 2006 05 27   5 44 45.3  14 36 16.6502  -13 55 30.063  1.484
 3 2006 05 29   5 36  2.8  14 35 50.8754  -13 54 19.491  1.477
 3 2006 05 30   5 31 58.2  14 35 42.2010  -13 53 46.630  1.475
 3 2006 05 31   5 28 14.2  14 35 21.1017  -13 52  3.403  1.474
 3 2006 06  2   5 19 22.3  14 34  5.2679  -13 46  7.142  1.469
 3 2006 06  6   5  2 15.0  14 33  5.6467  -13 42 53.174  1.454
 3 2006 06 10   4 44 47.6  14 31 14.2207  -13 34 23.568  1.441
 3 2006 06 11   4 40 30.0  14 30 58.1382  -13 33 36.854  1.436
 3 2006 06 12   4 35 56.1  14 30 55.5436  -13 33 52.835  1.432
 3 2006 06 13   4 32  0.7  14 30 56.0916  -13 34 11.823  1.429
 3 2006 06 14   4 28  5.4  14 30 47.6108  -13 33 33.948  1.428
 3 2006 06 18   4 11 52.0  14 29 11.3445  -13 26 42.463  1.411
 3 2006 06 20   4  3 40.5  14 29 16.5491  -13 27 57.916  1.404
 3 2006 06 21   3 59 32.1  14 29 14.6722  -13 27 54.778  1.402
 3 2006 06 25   3 42 56.3  14 27 56.9615  -13 22 28.966  1.386
 2 2006 02 13  12 57 21.5  15  4 31.6412  -16  6 20.243  1.311
 2 2006 02 14  12 54 47.3  15  4 27.7204  -16  5 45.280  1.315
 2 2006 02 15  12 50 25.8  15  4 40.6687  -16  6 42.336  1.318
 2 2006 02 22  12 24 20.1  15  5 51.4212  -16 10 16.739  1.348
 2 2006 02 23  12 20 24.0  15  6 17.4550  -16 11 58.106  1.352
 2 2006 02 24  12 16 34.1  15  6 21.4536  -16 11 48.281  1.358
 2 2006 02 25  12 13  1.4  15  6  9.7435  -16 10 49.968  1.362
 2 2006 03 16  10 57 15.3  15  5 55.1166  -16  6 52.196  1.436
 2 2006 03 24  10 24 32.8  15  4 34.3188  -15 59 59.773  1.466
 2 2006 03 25  10 20 31.4  15  4  1.8753  -15 57 24.568  1.470
 2 2006 04  2   9 46 46.2  15  1 34.4180  -15 46 23.800  1.491
 2 2006 04  4   9 38 50.5  15  1 15.5504  -15 44 47.140  1.498
 2 2006 04  7   9 24 57.9  15  0 13.1675  -15 40 19.485  1.503
 2 2006 04  9   9 16 10.9  14 59  0.2521  -15 34 52.565  1.507
 2 2006 04 10   9 11 44.9  14 58 54.1920  -15 34 36.494  1.508
 2 2006 04 13   8 59 48.4  14 57 26.9155  -15 28  7.383  1.513
 2 2006 04 18   8 37 44.5  14 55 35.3235  -15 19 47.828  1.522
 2 2006 04 23   8 14 51.8  14 52 48.2244  -15  7 29.408  1.525
 2 2006 04 25   8  6  5.5  14 52 16.8869  -15  5 21.730  1.527
 2 2006 04 26   8  1 39.9  14 51 29.2795  -15  1 38.389  1.527
 2 2006 04 30   7 44 48.9  14 49 22.2952  -14 52 25.634  1.526
 2 2006 05  2   7 36 10.5  14 48 48.1211  -14 50 12.126  1.526
 2 2006 05  4   7 27 16.3  14 47 21.0098  -14 43 43.377  1.524
 2 2006 05  5   7 21 56.2  14 47 10.5091  -14 43 12.548  1.523
 2 2006 05  7   7 12 48.9  14 45 52.5434  -14 37  7.661  1.523
 2 2006 05  8   7  8 55.8  14 45 27.0731  -14 35 35.572  1.520
 2 2006 05  9   7  4 22.8  14 45 16.4601  -14 34 52.162  1.520
 2 2006 05 14   6 42 22.9  14 42 26.0591  -14 22  7.169  1.514
 2 2006 05 15   6 37 37.2  14 41 57.3229  -14 20 19.612  1.510
 2 2006 05 16   6 33  6.0  14 41 48.9859  -14 19 52.095  1.509
 2 2006 05 18   6 25 12.2  14 40 26.2063  -14 13 31.480  1.505
 2 2006 05 21   6 12  7.0  14 39  9.4430  -14  7 54.946  1.500
 2 2006 05 22   6  7 26.1  14 38 38.3663  -14  5 54.855  1.496
 2 2006 05 24   5 58 24.7  14 38  1.4277  -14  3 10.778  1.494
 2 2006 05 25   5 53 48.3  14 37 16.1735  -13 59 49.440  1.490
 2 2006 05 27   5 44 45.3  14 36 51.2144  -13 58 24.432  1.485
 2 2006 05 29   5 36  2.8  14 35 36.5648  -13 52 52.568  1.478
 2 2006 05 30   5 31 58.2  14 35 32.6965  -13 52 56.372  1.475
 2 2006 05 31   5 28 14.2  14 35  9.0645  -13 50 59.940  1.474
 2 2006 06  2   5 19 22.3  14 34 10.9565  -13 47  3.092  1.466
 2 2006 06  5   5  6 16.4  14 32 57.6526  -13 41 42.011  1.457
 2 2006 06  6   5  2 15.0  14 32 55.8142  -13 41 59.709  1.453
 2 2006 06 10   4 44 47.6  14 31 46.0220  -13 37 17.131  1.441
 2 2006 06 12   4 35 56.1  14 30 46.1144  -13 32 46.314  1.434
 2 2006 06 13   4 32  0.7  14 30 46.0269  -13 33 15.478  1.429
 2 2006 06 14   4 28  5.4  14 30 38.4258  -13 32 42.200  1.428
 2 2006 06 18   4 11 52.0  14 29 34.2450  -13 28 25.133  1.414
 2 2006 06 21   3 59 32.1  14 29  6.8070  -13 27  9.097  1.402
 2 2006 06 25   3 42 56.3  14 28 22.7430  -13 24 31.510  1.388
