ESO 3o1 1985  6  3 11  3 49.23   57.173     0.0119  0.6423 3
FIG 3o4 1985  6 17  1 45 35.48  340.569     0.0855  0.1479 0
OHP 4o3 1985  7 12  0 41  9.04  341.139     0.0223  0.2804 3
PIC 1o3 1985  7 13  0 32 30.00  340.923     0.0316  0.1952 0
PIC 3o2 1985  7 23  4 12 27.90  160.919     0.0252  0.2001 3
ZOE 3o2 1985  8 27 19 37 37.05  162.183     0.0495  0.1099 0
BAS 1e2 1985  8 30 21  3 46.03  339.554     0.0197  0.0291 0
GED 1e2 1985  8 30 21  5 34.24  159.561     0.2114  0.0798 0
COV 3e2 1985  9  4 21 47 16.06  158.433     0.0198  0.0139 0
BER 3e2 1985  9  4 21 46 13.87  158.440     0.0365  0.0365 0
CAT 3e2 1985  9  4 21 49 35.76  158.435     0.0075  0.1270 0
BOU 3e2 1985  9  4 21 45 15.74  158.441     0.0214  0.0837 0
GRA 3e2 1985  9  4 21 46 23.21  338.438     0.0017  0.0292 0
CAS 1e3 1985  9  7 23 22 15.17  340.961     0.1256  0.0077 0
MEU 1e2 1985  9 24 19 20 44.86  339.789     0.0580  0.0114 0
STA 2e1 1985  9 24 19 20 15.39  339.772     0.0560  0.0721 0
GEG 3o2 1985  9 25 19  2 15.85  161.485     0.0197  0.0732 0
STA 1e2 1985 10  1 21 52  1.33  159.613     0.0373  0.0392 0
GEO 4e1 1985 10  2 19 36 46.16  340.221     0.0544  0.1390 0
FND 1e2 1985 10 26 18 20  9.51  159.146     0.4011  0.0363 0
PIC 1e3 1985 10 28 18 17 25.03  159.580     0.0301  0.1527 0
SEV 1e3 1985 10 28 18 16 38.73  159.558     0.0180  0.1883 0
CAS 3e1 1985 10 31 19 17  5.71  159.690     0.2388  0.0406 0
CAT 2e1 1985 11 14 19  6 26.13  159.105     0.0050  0.0129 0
FIG 3e2 1985 12 14 17 34 33.59  338.424     0.0205  0.0384 0
CAT 3e2 1985 12 14 17 33 21.96  338.356     0.0097  0.4186 3
