OH3 2o1 1991  1  5  0 22  8.06   18.213     0.0239  0.1458 0
ZOE 2e1 1991  1  8  7 34 31.24   15.756     0.0173  0.0318 0
BA2 2e3 1991  1  9  3  1 50.59  196.433     0.0206  0.0834 0
TER 2o3 1991  1  9  5 25 50.97   17.255     0.0173  0.0808 0
ZOE 2e1 1991  1 12  1 54 45.94   16.423     0.0068  0.0527 0
GEE 2e1 1991  1 12  1 53 44.52  196.596     0.0075  0.0309 0
TOK 2e1 1991  1 15 15 30  0.70  196.627     0.0055  0.0179 0
OH3 2e1 1991  1 22 18 23 13.10  197.155     0.0090  0.0216 0
MAS 2e1 1991  1 22 18 23 15.15   16.824     0.0394  0.0273 0
JUN 2e3 1991  1 23 20 22 46.27  201.126     0.0079  0.0647 0
MA2 2e1 1991  1 26  7 44 48.47  196.959     0.0025  0.0195 0
MEU 2e1 1991  1 29 21  3 18.60  197.071     0.0058  0.0204 0
MEU 2o1 1991  1 29 21  0 51.13   17.299     0.0060  0.0973 0
MO2 2o1 1991  1 29 21  4  6.50  197.127     0.1446  0.8165 3
MEU 2e1 1991  2  5 23 37 11.39  197.312     0.0200  0.1702 0
OH3 2e1 1991  2  5 23 36 25.84  197.289     0.0028  0.0208 0
MOL 2e1 1991  2  5 23 36 26.34  197.292     0.0016  0.0224 0
NI2 2o1 1991  2 13  1 24 26.49   16.522     0.0065  0.0470 0
PIC 2o1 1991  2 13  1 24 22.06   16.488     0.0035  0.0282 0
CAT 2e1 1991  2 13  2  4 45.41  197.527     0.0073  0.0657 0
PIC 2e1 1991  2 13  2  5  8.71  197.537     0.0029  0.0198 0
BOR 2e1 1991  2 13  2  4 56.40  197.522     0.0048  0.0253 0
ES1 2o1 1991  2 20  3 33 48.48  196.217     0.0100  0.0693 0
BOR 2o1 1991  2 20  3 34  8.85   16.374     0.0072  0.0244 0
JUN 2o1 1991  2 20  3 34 16.85  196.209     0.0160  0.0597 0
OH3 2o1 1991  2 20  3 34 18.37  196.214     0.0161  0.0666 0
ES2 2e1 1991  2 20  4 30 52.67  197.741     0.0036  0.0348 0
BOR 2e1 1991  2 23 17 42 50.61   17.294     0.0081  0.0240 0
CAT 2e1 1991  2 23 17 43 48.61  197.924     0.0036  0.2198 3
PIC 2e1 1991  2 23 17 43 11.14   18.286     0.0035  0.0620 0
KV1 2e1 1991  2 23 17 43  3.22  197.866     0.0013  0.0289 0
MEU 2e1 1991  2 23 17 42 52.76  198.150     0.0056  0.0153 0
BOW 2e1 1991  2 27  6 54 21.13   17.271     0.0036  0.0348 0
TEN 2e1 1991  3  2 20  5 31.96   18.134     0.0042  0.0170 0
LAP 2e1 1991  3  2 20  5 50.70   18.037     0.0102  0.1018 0
GR3 2e1 1991  3  2 20  5 29.44   18.057     0.0022  0.0056 0
MEU 2e1 1991  3  2 20  5 27.13   17.992     0.0023  0.0049 0
MOL 2e1 1991  3  2 20  5 38.46   18.034     0.0014  0.0464 0
NI1 2e1 1991  3  2 20  5 39.48   18.254     0.0014  0.0511 0
NI2 2e1 1991  3  2 20  5 31.01   18.099     0.0040  0.0127 0
BER 2e1 1991  3  2 20  4 33.15   18.076     0.0088  0.2490 3
CAT 2e1 1991  3  2 20  6 21.54   18.044     0.0137  0.2416 3
KA1 2e1 1991  3  6  9 16  2.38   18.156     0.0031  0.0163 0
PAR 2e1 1991  3  9 22 26 33.58   18.270     0.0039  0.0164 0
BA2 2e1 1991  3  9 22 26 37.14   18.259     0.0545  0.0336 0
HOL 2e4 1991  3 10  3 44 30.39   18.364     0.0308  0.0946 0
ESS 2e1 1991  3 17  0 43 15.96   91.834     0.0069  0.1340 0
SE3 2e1 1991  3 17  0 46 11.12   18.435     0.2628  0.0535 0
JUN 2e1 1991  3 17  0 47 11.96   18.435     0.0097  0.2574 3
ZOE 2e1 1991  3 24  3  5 17.40   18.637     0.0221  0.0247 0
REU 2e1 1991  4 10 20 48 59.16   19.057     0.0176  0.0184 0
SE1 2e1 1991  4 10 20 49 11.27   19.101     0.5445  0.0915 0
TO1 3e2 1991  4 16  5 27  9.68  199.153     0.0152  0.0821 0
DEV 3e2 1991  4 16  5 26 59.44  199.169     0.0015  0.0246 0
BA2 1e4 1991  4 29 20 57 33.31   19.425     0.0210  0.0112 0
SE1 1e4 1991  4 29 20 57 33.10  199.421     0.1262  0.0124 0
OH3 1e4 1991  4 29 20 57 45.16   19.420     0.0280  0.0566 0
OH3 1e2 1991  4 29 21 11 41.84  199.667     0.0030  0.0122 0
PED 1e2 1991  4 29 21 11 51.58  199.719     0.2186  0.0541 0
SE2 1e2 1991  4 29 21 12 10.11  199.668     0.0818  0.1804 0
SE1 1e2 1991  4 29 21 11 47.60  199.682     0.0748  0.0270 0
MIL 1e2 1991  4 29 21 11 23.72  199.695     0.0655  0.1359 3
OH3 2e4 1991  4 29 22 19 34.64  200.794     0.0226  0.2088 3
GR1 2e4 1991  4 29 22 18 13.62  200.802     0.0313  0.1041 0
GR3 2e4 1991  4 29 22 16 58.33  200.806     0.0223  0.0068 0
PED 2e4 1991  4 29 22 17  8.37   20.804     0.0631  0.0198 0
SE2 2e4 1991  4 29 22 19 43.42  200.803     0.1322  0.2204 3
HOL 3e1 1991  5 22  2 15 32.85  199.832     0.0149  0.0488 0
CAT 2e3 1991  6 16 20 43 57.32   20.705     0.0207  0.0866 0
OH3 3e1 1991  6 27 16 43 59.08  200.783     0.0225  0.0003 0