1997  4 13 1o2 ODE  0 29 46.97  160.066658  0.0128  0
1997  4 24 4o2 BOR  3 56  1.20  340.929520  0.0080  0
1997  4 24 4o2 MAD  3 56 13.33  340.012804  0.0172  0  
1997  4 24 4o2 MUN  3 56  3.24  159.578006  0.0111  0
1997  4 24 4o2 OHP  3 56  0.74  340.492739  0.0042  0
1997  4 24 4o2 SAR  3 55 59.69  340.128060  0.0248  0
1997  4 25 4o3 CAT  3 19  0.90  159.211380  0.0067  1
1997  5 30 3o1 BOR  3  5 17.70  339.193550  0.0112  0
1997  5 30 3o1 SIC  3  5 39.60  339.158340  0.0215  0
1997  7 24 1e4 KAZ 18 21 12.38  160.614819  0.0384  1
1997  8  2 3o2 CAT  2 53  8.22  160.882456  0.0146  0
1997  8  2 3o2 CAT  2 53  8.22  160.882456  0.0146  0
1997  8  2 3o2 CIR  2 53  9.32  160.855263  0.0157  0
1997  8  2 3o2 GRR  2 53 25.35  160.848136  0.0605  0
1997  8  2 3o2 GRV  2 53 13.04  160.851519  0.0120  0
1997  8  2 3o2 SFF  2 53 41.15  160.854335  0.0342  0
1997  9  8 3e2 TOL 11  4 17.98  338.577525  0.0012  0
1997  9  8 3e2 TOK 11  4 15.55  338.582779  0.0016  0
1997  9 11 1e3 VAS 16 30 10.12  339.396713  0.0146  1
1997  9 18 1e3 BAR 19 34 51.79  337.672917  0.0457  1
1997  9 18 1e3 BOR 19 34 43.16  339.278674  0.0088  1
1997  9 18 1e3 BUL 19 34 40.24  339.256766  0.0250  1
1997  9 18 1e3 GON 19 34 48.49  159.295187  0.0410  1
1997  9 25 1e3 BUL 22 32 27.78  159.026887  0.0432  1
1997  9 25 1e3 BRU 22 32 26.60  158.980748  0.0315  1
1997  9 25 1e3 BOU 22 32 25.59  159.136096  0.0546  1
1997 11 10 3e1 CRI 17 44 23.11  158.803555  0.0130  1
1997 11 11 3o2 VAS 15 38 22.78  160.849576  0.0044  0
1997 11 18 3o2 CHA 19  9 50.09  340.627455  0.0648  1
1997 11 18 3o2 GRR 19 10  0.72  160.649867  0.0389  0
1997 11 18 3o2 GRV 19 10 10.45  160.649012  0.0226  0
