 4 2007 03 17  13  1 33.4  17 13 22.4755  -22 16 59.633  1.445
 4 2007 03 18  12 58  9.1  17 13 38.5601  -22 17  6.137  1.451
 4 2007 03 20  12 50 39.8  17 13 53.6352  -22 17  3.839  1.462
 4 2007 04 14  11 12 25.1  17 14 22.9281  -22 17 32.979  1.572
 4 2007 04 19  10 52 44.8  17 14 42.3122  -22 17 35.865  1.596
 4 2007 04 25  10 28 14.9  17 12 37.3912  -22 14 42.811  1.626
 4 2007 04 28  10 15 18.0  17 11 18.4017  -22 13 36.464  1.634
 4 2007 04 29  10 10 24.6  17 11  0.5808  -22 13 26.416  1.637
 4 2007 05  8   9 32 21.7  17  9  9.8338  -22 11  1.033  1.670
 4 2007 05  9   9 28 50.2  17  8 36.4729  -22 10 14.208  1.675
 4 2007 05 10   9 24 24.0  17  7 58.4269  -22  9 24.821  1.679
 4 2007 05 12   9 16 30.5  17  6 36.1900  -22  7 48.405  1.684
 4 2007 05 15   9  2  9.6  17  4 49.1692  -22  6  3.869  1.687
 4 2007 05 17   8 53 38.7  17  4  2.6448  -22  5 27.070  1.689
 4 2007 05 18   8 48 52.5  17  3 46.1155  -22  5 13.973  1.690
 4 2007 05 20   8 39 47.5  17  3 18.6561  -22  4 45.009  1.694
 4 2007 05 22   8 31 56.9  17  2 44.4732  -22  3 52.523  1.699
 4 2007 05 22   8 31 56.9  17  2 44.4732  -22  3 52.523  1.699
 4 2007 05 22   8 31 56.9  17  2 44.4732  -22  3 52.523  1.699
 4 2007 05 25   8 18 37.8  17  1 12.5790  -22  1 28.436  1.709
 4 2007 05 26   8 13 40.1  17  0 30.2007  -22  0 26.472  1.711
 4 2007 05 27   8  8 27.9  16 59 43.9919  -21 59 22.158  1.713
 4 2007 05 28   8  4 24.6  16 58 56.0673  -21 58 18.390  1.714
 4 2007 05 29   7 59 48.1  16 58  8.7998  -21 57 19.085  1.715
 3 2007 03 17  13  1 33.4  17 12 27.0451  -22 15 57.695  1.445
 3 2007 03 18  12 58  9.1  17 12 51.3677  -22 16 32.952  1.449
 3 2007 03 20  12 50 39.8  17 13 49.5414  -22 17 24.275  1.459
 3 2007 04 11  11 26 34.4  17 15 29.3584  -22 18 24.601  1.562
 3 2007 04 14  11 12 25.1  17 14 30.2858  -22 17 13.009  1.576
 3 2007 04 19  10 52 44.8  17 14 22.9173  -22 16 54.398  1.599
 3 2007 04 25  10 28 14.9  17 13 10.4664  -22 15 48.121  1.622
 3 2007 04 28  10 15 18.0  17 11 42.5037  -22 13 54.846  1.635
 3 2007 04 29  10 10 24.6  17 11 18.0416  -22 13 40.925  1.637
 3 2007 05  8   9 32 21.7  17  8 35.2152  -22 10 50.759  1.666
 3 2007 05  9   9 28 50.2  17  8 28.1724  -22 10 34.660  1.670
 3 2007 05 10   9 24 24.0  17  8  5.9550  -22  9 54.471  1.675
 3 2007 05 12   9 16 30.5  17  6 40.5956  -22  8  3.843  1.682
 3 2007 05 17   8 53 38.7  17  4 59.6812  -22  6 18.176  1.693
 3 2007 05 18   8 48 52.5  17  4 19.1850  -22  5 16.022  1.697
 3 2007 05 20   8 39 47.5  17  2 45.8349  -22  3 29.092  1.699
 3 2007 05 22   8 31 56.9  17  2  5.2424  -22  3  3.506  1.699
 3 2007 05 22   8 31 56.9  17  2  5.2425  -22  3  3.509  1.699
 3 2007 05 22   8 31 56.9  17  2  5.2425  -22  3  3.509  1.699
 3 2007 05 25   8 18 37.8  17  0 51.4849  -22  1  1.866  1.708
 3 2007 05 26   8 13 40.1  16 59 59.9633  -21 59 50.925  1.710
 3 2007 05 27   8  8 27.9  16 59 12.0667  -21 58 56.946  1.710
 3 2007 05 28   8  4 24.6  16 58 39.5959  -21 58 29.764  1.708
 3 2007 05 29   7 59 48.1  16 58 23.1565  -21 58 20.810  1.708
 1 2007 03 18  12 58  9.1  17 12 56.5325  -22 16 22.188  1.451
 1 2007 03 20  12 50 39.8  17 13 22.0010  -22 16 50.618  1.459
 1 2007 04 11  11 26 34.4  17 15 14.5541  -22 18 13.261  1.562
 1 2007 04 19  10 52 44.8  17 13 58.3724  -22 16 38.058  1.598
 1 2007 04 25  10 28 14.9  17 12 51.2233  -22 15 29.145  1.621
 1 2007 04 28  10 15 18.0  17 11 49.9231  -22 14 15.085  1.634
 1 2007 04 29  10 10 24.6  17 11 49.9882  -22 14 11.457  1.638
 1 2007 05  8   9 32 21.7  17  8 38.3318  -22 10 31.887  1.669
 1 2007 05  9   9 28 50.2  17  8  4.9394  -22 10  4.539  1.670
 1 2007 05 12   9 16 30.5  17  6 44.9601  -22  8 20.454  1.680
 1 2007 05 15   9  2  9.6  17  5 40.1698  -22  7  4.614  1.688
 1 2007 05 20   8 39 47.5  17  3 16.5954  -22  4 18.968  1.698
 1 2007 05 22   8 31 56.9  17  2 18.3298  -22  3  1.895  1.702
 1 2007 05 22   8 31 56.9  17  2 18.3298  -22  3  1.895  1.702
 1 2007 05 22   8 31 56.9  17  2 18.3298  -22  3  1.895  1.702
 1 2007 05 27   8  8 27.9  16 59 39.3881  -21 59 48.960  1.708
 1 2007 05 28   8  4 24.6  16 58 53.9714  -21 58 39.992  1.710
 1 2007 05 29   7 59 48.1  16 58 39.7045  -21 58 28.190  1.710
 2 2007 03 18  12 58  9.1  17 13 14.4608  -22 16 42.221  1.451
 2 2007 04 11  11 26 34.4  17 15 11.8266  -22 18 16.973  1.561
 2 2007 04 19  10 52 44.8  17 14 19.7647  -22 17  0.554  1.598
 2 2007 04 28  10 15 18.0  17 11 46.3681  -22 14 15.082  1.633
 2 2007 04 29  10 10 24.6  17 11 50.8182  -22 14 23.757  1.636
 2 2007 05  8   9 32 21.7  17  8 20.2023  -22 10  8.771  1.669
 2 2007 05  9   9 28 50.2  17  8  0.9099  -22 10  1.854  1.670
 2 2007 05 10   9 24 24.0  17  7 57.5080  -22  9 54.198  1.674
 2 2007 05 12   9 16 30.5  17  6 37.1538  -22  8 15.002  1.679
 2 2007 05 15   9  2  9.6  17  5 22.0204  -22  6 37.115  1.689
 2 2007 05 17   8 53 38.7  17  4 49.0903  -22  6 13.892  1.691
 2 2007 05 18   8 48 52.5  17  4 11.5241  -22  5 12.059  1.696
 2 2007 05 22   8 31 56.9  17  2  1.5282  -22  2 31.453  1.703
 2 2007 05 22   8 31 56.9  17  2  1.5282  -22  2 31.453  1.703
 2 2007 05 22   8 31 56.9  17  2  1.5282  -22  2 31.453  1.703
 2 2007 05 25   8 18 37.8  17  0 43.8116  -22  0 56.897  1.708
 2 2007 05 26   8 13 40.1  16 59 50.6081  -21 59 51.119  1.708
 2 2007 05 28   8  4 24.6  16 59 17.2406  -21 59 16.747  1.710
 2 2007 05 29   7 59 48.1  16 58 25.6916  -21 57 57.174  1.712
