1 2 210 50621.879701   0.1442  -0.3792   5.076453000  50621.854428  50621.854459    531  -1396  0.700797  0.713360  0.216057 -0.212252  0.953031
3 4 K02 50635.938173  -0.1832   0.5593   5.073175454  50635.913714  50635.913775   -674   2058  0.685900  0.727696  0.216626 -0.204184  0.954663
3 2 210 50647.790257  -0.3017   0.8590   5.063879226  50647.766400  50647.766442  -1108   3155  0.670902  0.741545  0.216719 -0.196073  0.956341
1 4 210 50653.765616   0.2226  -0.6444   5.066447005  50653.741856  50653.741934    818  -2368  0.665072  0.746779  0.216751 -0.193036  0.956951
1 4 210 50654.869863  -0.1840   0.4961   5.066508736  50654.846134  50654.846210   -676   1823  0.663051  0.748574  0.216693 -0.191937  0.957186
1 4 095 50654.869835  -0.1451   0.4566   5.066509012  50654.846106  50654.846182   -533   1678  0.663051  0.748574  0.216693 -0.191936  0.957186
1 4 168 50654.870031  -0.1766   0.5116   5.066507082  50654.846302  50654.846378   -649   1880  0.663051  0.748574  0.216693 -0.191936  0.957186
3 2 210 50654.939655  -0.2825   0.8161   5.061673455  50654.916027  50654.916066  -1037   2996  0.662727  0.748861  0.216675 -0.191753  0.957227
3 2 084 50654.939515  -0.2781   0.8167   5.061674033  50654.915886  50654.915926  -1021   2998  0.662727  0.748861  0.216675 -0.191753  0.957227
3 2 168 50654.939429  -0.2716   0.8147   5.061674388  50654.915801  50654.915841   -997   2991  0.662727  0.748861  0.216675 -0.191753  0.957227
4 3 095 50661.015210   0.1129  -0.3191   5.055047094  50660.991690  50660.991752    414  -1170  0.655323  0.755349  0.216531 -0.187857  0.958031
4 2 168 50661.842276   0.2936  -0.8827   5.053084459  50661.818732  50661.818817   1076  -3235  0.654879  0.755734  0.216545 -0.187647  0.958069
4 2 083 50661.842159   0.2761  -0.8052   5.053084658  50661.818615  50661.818700   1012  -2951  0.654879  0.755733  0.216545 -0.187647  0.958069
4 3 084 50661.015172   0.1154  -0.3259   5.055047208  50660.991652  50660.991714    423  -1195  0.655323  0.755349  0.216531 -0.187857  0.958031
4 1 084 50663.004171  -0.0887   0.2110   5.052269969  50662.980645  50662.980730   -325    773  0.654328  0.756211  0.216578 -0.187399  0.958110
4 1 083 50663.004169  -0.0366   0.1015   5.052269969  50662.980643  50662.980728   -134    372  0.654328  0.756211  0.216578 -0.187399  0.958110
4 1 095 50663.004232  -0.0849   0.2418   5.052269988  50662.980706  50662.980791   -311    886  0.654328  0.756211  0.216578 -0.187399  0.958110
3 2 210 50690.778555  -0.3314   0.9806   5.050488417  50690.754789  50690.754816  -1214   3592  0.620757  0.784003  0.214981 -0.170217  0.961670
1 3 210 50694.643972  -0.0215   0.0529   5.055373088  50694.620004  50694.620040    -79    194  0.617212  0.786797  0.214789 -0.168494  0.962016
3 1 095 50705.741160   0.0883  -0.1438   5.044516201  50705.716657  50705.716714    323   -526  0.603294  0.797519  0.213624 -0.161598  0.963458
3 2 210 50706.633011  -0.0473  -0.1216   5.045803896  50706.608493  50706.608526   -173   -445  0.603013  0.797731  0.213642 -0.161495  0.963471
1 3 095 50709.816646  -0.0453   0.1275   5.048834941  50709.791892  50709.791940   -166    467  0.598091  0.801428  0.213127 -0.159053  0.963991
1 3 095 50709.816599  -0.0377   0.1436   5.048835344  50709.791845  50709.791893   -138    526  0.598091  0.801428  0.213127 -0.159053  0.963991
3 1 083 50712.856114   0.1263  -0.3284   5.042420327  50712.831184  50712.831240    462  -1201  0.594581  0.804035  0.212791 -0.157358  0.964343
3 2 168 50713.793868   0.2537  -0.6293   5.043629460  50713.768904  50713.768940    928  -2302  0.594290  0.804251  0.212808 -0.157252  0.964357
3 1 095 50762.739970   0.3123  -0.7911   5.028395034  50762.710973  50762.711012   1139  -2885  0.531928  0.846789  0.204298 -0.128334  0.970460
