1 2 2013 12 04.977244   33.063    3.184 -0.001 -0.006   0.037    0.018   0.011    0.005
1 3 2013 12 04.977244 -475.594   75.862  0.029  0.075   0.067    0.087   0.019    0.025
1 4 2013 12 04.977244  480.254 -065.647 -0.032 -0.014   0.062    0.062   0.018    0.018
2 1 2013 12 04.977244 -033.063 -003.184  0.001  0.006   0.037    0.018   0.011    0.005
2 3 2013 12 04.977244 -508.656   72.677  0.030  0.081   0.058    0.092   0.017    0.027
2 4 2013 12 04.977244  447.191 -068.832 -0.031 -0.008   0.064    0.058   0.018    0.017
3 1 2013 12 04.977244  475.594 -075.862 -0.029 -0.075   0.067    0.087   0.019    0.025
3 2 2013 12 04.977244  508.656 -072.677 -0.030 -0.081   0.058    0.092   0.017    0.027
3 4 2013 12 04.977244  955.848 -141.509 -0.061 -0.089   0.105    0.134   0.030    0.039
4 1 2013 12 04.977244 -480.254   65.647  0.032  0.014   0.062    0.062   0.018    0.018
4 2 2013 12 04.977244 -447.191   68.832  0.031  0.008   0.064    0.058   0.018    0.017
4 3 2013 12 04.977244 -955.848  141.509  0.061  0.089   0.105    0.134   0.030    0.039
2 3 2014 11 18.154810  175.693 -065.764 -0.032 -0.016   0.063    0.073   0.012    0.014
2 4 2014 11 18.154810 -179.341   64.209  0.015 -0.007   0.070    0.053   0.013    0.010
3 2 2014 11 18.154810 -175.693   65.764  0.032  0.016   0.063    0.073   0.012    0.014
3 4 2014 11 18.154810 -355.034  129.973  0.047  0.009   0.088    0.080   0.016    0.015
4 2 2014 11 18.154810  179.341 -064.209 -0.015  0.007   0.070    0.053   0.013    0.010
4 3 2014 11 18.154810  355.034 -129.973 -0.047 -0.009   0.088    0.080   0.016    0.015
1 2 2014 11 19.086707  211.518 -080.047 -0.099  0.070   0.138    0.104   0.014    0.011
1 3 2014 11 19.086727  141.598 -053.082 -0.134  0.061   0.129    0.087   0.013    0.009
1 4 2014 11 19.086903  123.866 -047.392 -0.090  0.051   0.162    0.115   0.017    0.012
2 1 2014 11 19.086707 -211.518   80.047  0.099 -0.070   0.138    0.104   0.014    0.011
2 3 2014 11 19.083836 -069.664   26.881 -0.030  0.003   0.081    0.074   0.008    0.007
2 4 2014 11 19.084127 -088.611   33.010 -0.009 -0.009   0.118    0.072   0.011    0.007
3 1 2014 11 19.086727 -141.598   53.082  0.134 -0.061   0.129    0.087   0.013    0.009
3 2 2014 11 19.083836   69.664 -026.881  0.030 -0.003   0.081    0.074   0.008    0.007
3 4 2014 11 19.084148 -018.913    6.116  0.022 -0.012   0.114    0.066   0.011    0.006
4 1 2014 11 19.086903 -123.866   47.392  0.090 -0.051   0.162    0.115   0.017    0.012
4 2 2014 11 19.084127   88.611 -033.010  0.009  0.009   0.118    0.072   0.011    0.007
4 3 2014 11 19.084148   18.913 -006.116 -0.022  0.012   0.114    0.066   0.011    0.006
1 2 2015 01 20.974864 -044.198   16.311 -0.058  0.004   0.135    0.093   0.034    0.023
1 3 2015 01 20.974654  224.819 -080.318 -0.023  0.003   0.145    0.137   0.037    0.035
1 4 2015 01 20.991672 -662.075  234.885  0.022  0.056   0.146    0.210   0.035    0.051
2 1 2015 01 20.974864   44.198 -016.311  0.058 -0.004   0.135    0.093   0.034    0.023
2 3 2015 01 20.974543  269.045 -096.640  0.011  0.009   0.177    0.175   0.047    0.047
2 4 2015 01 20.976782 -615.243  217.646  0.025  0.030   0.130    0.228   0.041    0.072
3 1 2015 01 20.974654 -224.819   80.318  0.023 -0.003   0.145    0.137   0.037    0.035
3 2 2015 01 20.974543 -269.045   96.640 -0.011 -0.009   0.177    0.175   0.047    0.047
3 4 2015 01 20.976565 -883.525  313.917  0.024 -0.070   0.071    0.224   0.029    0.091
4 1 2015 01 20.991672  662.075 -234.885 -0.022 -0.056   0.146    0.210   0.035    0.051
4 2 2015 01 20.976782  615.243 -217.646 -0.025 -0.030   0.130    0.228   0.041    0.072
4 3 2015 01 20.976565  883.525 -313.917 -0.024  0.070   0.071    0.224   0.029    0.091
1 2 2015 01 21.058084 -034.530   12.400 -0.042 -0.084   0.007    0.014   0.005    0.010
1 4 2015 01 21.058084 -671.872  237.855  0.024 -0.261   0.017    0.115   0.012    0.082
2 1 2015 01 21.058084   34.530 -012.400  0.042  0.084   0.007    0.014   0.005    0.010
2 4 2015 01 21.065223 -639.229  226.135  0.010 -0.159   0.078    0.079   0.039    0.039
4 1 2015 01 21.058084  671.872 -237.855 -0.024  0.261   0.017    0.115   0.012    0.082
4 2 2015 01 21.065223  639.229 -226.135 -0.010  0.159   0.078    0.079   0.039    0.039
1 2 2015 02 09.838496 -259.013   89.453 -0.010  0.043   0.170    0.151   0.054    0.048
1 3 2015 02 09.838495 -023.466    7.491 -0.143  0.083   0.113    0.058   0.040    0.020
2 1 2015 02 09.838496  259.013 -089.453  0.010 -0.043   0.170    0.151   0.054    0.048
2 3 2015 02 09.838495  235.596 -081.949 -0.084  0.053   0.206    0.095   0.073    0.034
3 1 2015 02 09.838495   23.466 -007.491  0.143 -0.083   0.113    0.058   0.040    0.020
3 2 2015 02 09.838495 -235.596   81.949  0.084 -0.053   0.206    0.095   0.073    0.034
1 2 2015 02 15.993489  237.903 -081.848 -0.040  0.025   0.147    0.089   0.030    0.018
1 3 2015 02 15.993219 -106.251   36.353 -0.013  0.064   0.098    0.077   0.019    0.015
1 4 2015 02 15.993681  532.034 -176.381  0.064 -0.006   0.158    0.105   0.034    0.023
2 1 2015 02 15.993489 -237.903   81.848  0.040 -0.025   0.147    0.089   0.030    0.018
2 3 2015 02 15.993176 -344.341  118.258  0.018  0.036   0.151    0.117   0.030    0.023
2 4 2015 02 15.993488  294.214 -094.549  0.100 -0.017   0.155    0.091   0.032    0.019
3 1 2015 02 15.993219  106.251 -036.353  0.013 -0.064   0.098    0.077   0.019    0.015
3 2 2015 02 15.993176  344.341 -118.258 -0.018 -0.036   0.151    0.117   0.030    0.023
3 4 2015 02 15.993311  638.448 -212.790  0.066 -0.068   0.175    0.125   0.036    0.026
4 1 2015 02 15.993681 -532.034  176.381 -0.064  0.006   0.158    0.105   0.034    0.023
4 2 2015 02 15.993488 -294.214   94.549 -0.100  0.017   0.155    0.091   0.032    0.019
4 3 2015 02 15.993311 -638.448  212.790 -0.066  0.068   0.175    0.125   0.036    0.026
1 2 2015 02 16.958428 -246.875   83.797  0.332 -0.180   0.059    0.142   0.034    0.082
1 3 2015 02 16.958674 -010.050    3.020  0.206  0.011   0.111    0.049   0.079    0.035
1 4 2015 02 16.958428  191.320 -061.363  0.352 -0.065   0.047    0.117   0.027    0.067
2 1 2015 02 16.958428  246.875 -083.797 -0.332  0.180   0.059    0.142   0.034    0.082
2 3 2015 02 16.958922  236.890 -080.853 -0.137  0.141   0.032    0.049   0.018    0.028
2 4 2015 02 16.958489  438.210 -145.205  0.034  0.070   0.080    0.155   0.040    0.077
3 1 2015 02 16.958674   10.050 -003.020 -0.206 -0.011   0.111    0.049   0.079    0.035
3 2 2015 02 16.958922 -236.890   80.853  0.137 -0.141   0.032    0.049   0.018    0.028
3 4 2015 02 16.959168  201.205 -064.397  0.173 -0.154   0.097    0.143   0.056    0.082
4 1 2015 02 16.958428 -191.320   61.363 -0.352  0.065   0.047    0.117   0.027    0.067
4 2 2015 02 16.958489 -438.210  145.205 -0.034 -0.070   0.080    0.155   0.040    0.077
4 3 2015 02 16.959168 -201.205   64.397 -0.173  0.154   0.097    0.143   0.056    0.082
2 3 2015 02 17.969765  370.825 -126.501 -0.156  0.078   0.127    0.091   0.040    0.029
3 2 2015 02 17.969765 -370.825  126.501  0.156 -0.078   0.127    0.091   0.040    0.029
1 2 2015 03 04.804826   46.420 -015.501  0.009 -0.081   0.048    0.060   0.011    0.014
1 3 2015 03 04.804541  233.942 -076.655  0.012  0.082   0.046    0.095   0.016    0.034
1 4 2015 03 04.804826  298.611 -094.757  0.047 -0.144   0.070    0.087   0.016    0.020
2 1 2015 03 04.804826 -046.420   15.501 -0.009  0.081   0.048    0.060   0.011    0.014
2 3 2015 03 04.804541  187.691 -061.219  0.009  0.152   0.053    0.115   0.019    0.041
2 4 2015 03 04.804966  252.133 -079.237  0.040 -0.065   0.049    0.076   0.011    0.017
3 1 2015 03 04.804541 -233.942   76.655 -0.012 -0.082   0.046    0.095   0.016    0.034
3 2 2015 03 04.804541 -187.691   61.219 -0.009 -0.152   0.053    0.115   0.019    0.041
3 4 2015 03 04.804541   64.590 -018.033 -0.000 -0.171   0.064    0.104   0.022    0.037
4 1 2015 03 04.804826 -298.611   94.757 -0.047  0.144   0.070    0.087   0.016    0.020
4 2 2015 03 04.804966 -252.133   79.237 -0.040  0.065   0.049    0.076   0.011    0.017
4 3 2015 03 04.804541 -064.590   18.033  0.000  0.171   0.064    0.104   0.022    0.037
1 2 2015 03 09.922459 -212.732   68.583  0.212  0.000   0.054    0.029   0.022    0.012
1 3 2015 03 09.920162 -198.160   64.714  0.167 -0.009   0.079    0.052   0.020    0.013
1 4 2015 03 09.920414 -658.827  212.836  0.010  0.043   0.058    0.136   0.014    0.033
2 1 2015 03 09.922459  212.732 -068.583 -0.212 -0.000   0.054    0.029   0.022    0.012
2 3 2015 03 09.922459   15.320 -004.087 -0.030  0.013   0.038    0.017   0.015    0.007
2 4 2015 03 09.922459 -446.168  144.313 -0.181  0.077   0.037    0.131   0.015    0.054
3 1 2015 03 09.920162  198.160 -064.714 -0.167  0.009   0.079    0.052   0.020    0.013
3 2 2015 03 09.922459 -015.320    4.087  0.030 -0.013   0.038    0.017   0.015    0.007
3 4 2015 03 09.920302 -460.700  148.123 -0.150  0.039   0.077    0.108   0.020    0.028
4 1 2015 03 09.920414  658.827 -212.836 -0.010 -0.043   0.058    0.136   0.014    0.033
4 2 2015 03 09.922459  446.168 -144.313  0.181 -0.077   0.037    0.131   0.015    0.054
4 3 2015 03 09.920302  460.700 -148.123  0.150 -0.039   0.077    0.108   0.020    0.028
1 2 2015 03 11.870505   35.162 -011.411 -0.014 -0.027   0.082    0.029   0.029    0.010
1 3 2015 03 11.870776  228.047 -073.844 -0.055 -0.018   0.107    0.072   0.040    0.027
1 4 2015 03 11.870505 -640.530  204.501 -0.053 -0.024   0.279    0.173   0.099    0.061
2 1 2015 03 11.870505 -035.162   11.411  0.014  0.027   0.082    0.029   0.029    0.010
2 3 2015 03 11.870776  192.754 -062.380 -0.016  0.011   0.082    0.064   0.031    0.024
2 4 2015 03 11.870505 -675.692  215.913 -0.039  0.002   0.299    0.181   0.106    0.064
3 1 2015 03 11.870776 -228.047   73.844  0.055  0.018   0.107    0.072   0.040    0.027
3 2 2015 03 11.870776 -192.754   62.380  0.016 -0.011   0.082    0.064   0.031    0.024
3 4 2015 03 11.870776 -868.461  278.291  0.017 -0.028   0.267    0.236   0.101    0.089
4 1 2015 03 11.870505  640.530 -204.501  0.053  0.024   0.279    0.173   0.099    0.061
4 2 2015 03 11.870505  675.692 -215.913  0.039 -0.002   0.299    0.181   0.106    0.064
4 3 2015 03 11.870776  868.461 -278.291 -0.017  0.028   0.267    0.236   0.101    0.089
2 3 2015 03 12.816495   98.361 -030.284  0.015  0.168   0.054    0.082   0.024    0.037
2 4 2015 03 12.816506 -580.995  186.299 -0.004 -0.116   0.068    0.075   0.024    0.026
3 2 2015 03 12.816495 -098.361   30.284 -0.015 -0.168   0.054    0.082   0.024    0.037
3 4 2015 03 12.816495 -679.353  216.574 -0.011 -0.294   0.085    0.061   0.038    0.027
4 2 2015 03 12.816506  580.995 -186.299  0.004  0.116   0.068    0.075   0.024    0.026
4 3 2015 03 12.816495  679.353 -216.574  0.011  0.294   0.085    0.061   0.038    0.027
2 3 2015 03 13.960322  132.995 -044.182  0.002 -0.051   0.257    0.207   0.105    0.085
2 4 2015 03 13.960104 -056.416   14.681 -0.004 -0.023   0.037    0.056   0.012    0.018
3 2 2015 03 13.960322 -132.995   44.182 -0.002  0.051   0.257    0.207   0.105    0.085
3 4 2015 03 13.960322 -189.348   58.840 -0.007  0.027   0.242    0.172   0.099    0.070
4 2 2015 03 13.960104   56.416 -014.681  0.004  0.023   0.037    0.056   0.012    0.018
4 3 2015 03 13.960322  189.348 -058.840  0.007 -0.027   0.242    0.172   0.099    0.070
1 3 2015 03 16.795336 -244.092   78.846 -0.034 -0.120   0.098    0.176   0.044    0.078
1 4 2015 03 16.792383  226.177 -072.828  0.039 -0.212   0.052    0.072   0.012    0.016
3 1 2015 03 16.795336  244.092 -078.846  0.034  0.120   0.098    0.176   0.044    0.078
3 4 2015 03 16.795336  469.989 -151.604  0.063 -0.111   0.076    0.165   0.034    0.074
4 1 2015 03 16.792383 -226.177   72.828 -0.039  0.212   0.052    0.072   0.012    0.016
4 3 2015 03 16.795336 -469.989  151.604 -0.063  0.111   0.076    0.165   0.034    0.074
1 2 2015 03 18.867037 -013.605    4.875  0.130  0.055   0.115    0.288   0.081    0.204
1 3 2015 03 18.866875  200.045 -063.900  0.058  0.030   0.118    0.310   0.068    0.179
1 4 2015 03 18.867440  440.268 -138.992  0.111 -0.108   0.057    0.192   0.025    0.086
2 1 2015 03 18.867037   13.605 -004.875 -0.130 -0.055   0.115    0.288   0.081    0.204
2 3 2015 03 18.866041  213.897 -068.828 -0.114  0.017   0.047    0.176   0.021    0.079
2 4 2015 03 18.866397  453.934 -143.869 -0.040 -0.135   0.060    0.023   0.023    0.009
3 1 2015 03 18.866875 -200.045   63.900 -0.058 -0.030   0.118    0.310   0.068    0.179
3 2 2015 03 18.866041 -213.897   68.828  0.114 -0.017   0.047    0.176   0.021    0.079
3 4 2015 03 18.866328  240.137 -075.054  0.083 -0.136   0.048    0.170   0.018    0.064
4 1 2015 03 18.867440 -440.268  138.992 -0.111  0.108   0.057    0.192   0.025    0.086
4 2 2015 03 18.866397 -453.934  143.869  0.040  0.135   0.060    0.023   0.023    0.009
4 3 2015 03 18.866328 -240.137   75.054 -0.083  0.136   0.048    0.170   0.018    0.064
1 3 2015 04 08.816038  140.285 -043.648  0.018  0.134   0.022    0.039   0.007    0.013
3 1 2015 04 08.816038 -140.285   43.648 -0.018 -0.134   0.022    0.039   0.007    0.013
