2002 10 28 2o1 PUL  1 10 56.05  -0.0168  -0.0482   0.0450   0.1034  -0.0083   0.0703   0.0510 199.224 0 0.5801
2002 11 11 2o1 CHA  5 52  2.92   0.0998   0.2804   0.0228   0.0230   0.2731  -0.0805   0.2977  19.598 0 0.7200
2002 11 11 2o1 CH2  5 50 51.70   0.0788   0.2214   0.0147   0.0187  -0.0553  -0.0287   0.2350  19.600 0 0.6793
2002 11 12 4o2 CLU 23  8 19.47  -0.1819  -0.5164   0.0153   0.0108   0.0012   0.0586   0.5475 199.410 0 0.6651
2002 11 18 2e1 PAL  6  4 39.76  -0.2199  -0.7385   0.0521   0.0236  -0.0975   0.0351   0.7705 196.585 0 0.9528
2002 11 18 2o1 MON  8 10 57.24   0.1400   0.3912   0.0116   0.0101   0.0343  -0.0539   0.4155  19.697 0 0.7895
2002 11 25 2e1 MON  8 24 53.43  -0.1801  -0.5975   0.0119   0.0065  -0.0109  -0.0259   0.6241 196.780 0 0.8491
2002 11 25 2o1 MON 10 30 45.89   0.2077   0.5786   0.0129   0.0084   0.0418  -0.0095   0.6148  19.749 0 0.8945
2002 11 28 2e1 CLU 21 35 16.21  -0.1488  -0.4905   0.0175   0.0119   0.0026  -0.0060   0.5126 196.876 0 0.7418
2002 11 28 2e1 VBO 21 35 13.29  -0.1521  -0.5013   0.0013   0.0009  -0.0126  -0.0131   0.5239 196.878 0 0.7528
2002 11 28 2o1 CLU 23 40  8.39   0.2407   0.6702   0.0224   0.0125  -0.0410   0.0492   0.7122  19.758 0 0.9360
2002 12  5 2e1 KOU 23 57 59.48  -0.1457  -0.4747   0.0127   0.0098  -0.0063  -0.1655   0.4966 197.070 2 0.7242
2002 12  7 1o4 PUL 22 17  3.97  -0.0878  -0.2447   0.0269   0.0377  -0.0142   0.0078   0.2600 199.737 0 0.8066
2002 12 13 2e1 BUC  2 22 49.81  -0.0438  -0.1411   0.0046   0.0068  -0.0015   0.0263   0.1478 197.251 0 0.3245
2002 12 13 2e1 CHE  2 23 37.77  -0.1530  -0.4927   0.2183   0.1669   0.0552  -0.3759   0.5159 197.255 2 0.7453
2002 12 13 2e1 OHP  2 22 56.49  -0.0882  -0.2843   0.0091   0.0091  -0.0214  -0.1235   0.2977 197.251 1 0.4950
2002 12 13 2e1 PUL  2 22 49.57  -0.0438  -0.1413   0.0032   0.0046  -0.0024   0.0264   0.1479 197.250 0 0.3239
2002 12 15 4o2 MON 11 39  4.04   0.0742   0.2083   0.0043   0.0076   0.0642   0.1568   0.2212  19.613 0 0.3328
2002 12 15 4o3 MON 10 33 41.04  -0.2942  -0.8137   0.0088   0.0058  -0.0303  -0.0295   0.8653 199.881 0 0.7816
2002 12 20 2e1 CHE  4 52 12.26  -0.1363  -0.4342   0.1855   0.1598   0.0220  -0.4660   0.4551 197.435 2 0.6803
2002 12 20 2e1 OHP  4 51 16.70  -0.0182  -0.0582   0.0035   0.0080  -0.0286  -0.0370   0.0610 197.420 0 0.2553
2002 12 20 2o1 CLU 21 33 25.07  -0.1973  -0.4146   0.0032   0.0023   0.0073  -0.0276   0.4592 205.452 0 0.7924
2002 12 23 2o3 ROZ  0 51  3.60   0.0184   0.0462   0.0364   0.0930  -0.0030  -0.1993   0.0498  21.736 2 0.7519
2002 12 23 2o3 MNG  0 49 23.56   0.1087   0.2720   0.0087   0.0140   0.0240   0.0515   0.2930  21.779 0 0.7587
2002 12 24 1o4 CAN  3 55 40.96   0.1196   0.3334   0.0426   0.0794  -0.0717   0.1077   0.3542  19.742 2 0.8198
2002 12 30 2e1 BUC 20 44 48.00   0.0543   0.1707   0.0052   0.0066  -0.0061  -0.0204   0.1791  17.671 0 0.3585
2002 12 30 2e1 NYR 20 44 48.69   0.0582   0.1826   0.0057   0.0069  -0.0007  -0.0091   0.1916  17.680 0 0.3730
2002 12 30 2e1 PUL 20 44 58.09   0.0597   0.1875   0.0062   0.0076   0.0231  -0.0112   0.1968  17.679 0 0.3790
2002 12 30 2e1 VBO 20 44 45.20   0.0574   0.1804   0.0005   0.0007  -0.0096  -0.0086   0.1893  17.674 0 0.3701
2002 12 30 2o3 CAN  6  9 53.72   0.1494   0.4013   0.0137   0.0149   0.0143  -0.0397   0.4282  20.420 0 0.7860
2002 12 30 4o3 BUC 21 19 36.19   0.2640   0.7331   0.0108   0.0084   0.0942   0.0226   0.7792  19.805 0 0.7151
2002 12 30 4o3 NYR 21 19 37.66   0.2806   0.7791   0.0209   0.0169   0.1166   0.0682   0.8281  19.807 0 0.7413
2002 12 30 4o3 PUL 21 19 25.34   0.2674   0.7426   0.0122   0.0105   0.0642   0.0455   0.7893  19.808 0 0.7205
2002 12 30 4o3 ROZ 21 18 49.30   0.2598   0.7215   0.0084   0.0070  -0.0667   0.0634   0.7669  19.806 0 0.7287
2002 12 30 4o3 VBO 21 19 33.87   0.2537   0.7045   0.0020   0.0016   0.0723  -0.0081   0.7488  19.804 0 0.7196
2003  1  6 2e1 BOR 23 32 45.00   0.0914   0.2848   0.0012   0.0011  -0.0002  -0.0310   0.2992  17.803 0 0.5012
2003  1  6 2e1 CAT 23 32 40.83   0.0910   0.2835   0.0098   0.0099  -0.0082  -0.0299   0.2978  17.804 0 0.4994
2003  1  6 2e1 CHA 23 33  2.22   0.0745   0.2321   0.0241   0.0280   0.0142  -0.0938   0.2438  17.803 1 0.6880
2003  1  6 2e1 KIS 23 32 41.08   0.1005   0.3130   0.0024   0.0021   0.0016  -0.0006   0.3287  17.804 0 0.5364
2003  1  6 2e1 NYR 23 32 41.44   0.1034   0.3221   0.0013   0.0012   0.0052   0.0082   0.3383  17.806 0 0.5478
2003  1  6 2e1 PUL 23 32 43.76   0.0913   0.2845   0.0069   0.0069  -0.0025  -0.0306   0.2988  17.804 0 0.7244
2003  1  6 2e1 MNG 23 32 42.52   0.1009   0.3142   0.0053   0.0044   0.0046  -0.0002   0.3300  17.803 0 0.5380
2003  1  7 2o1 VBO 19  5  3.77  -0.2795  -0.8223   0.0082   0.0035   0.0156  -0.0353   0.8685 198.778 0 0.9623
2003  1  8 3o1 KAZ 18 55 31.27  -0.3619  -1.0282   0.0114   0.0056  -0.0006  -0.0581   1.0900 199.394 0 0.9326
2003  1  8 3o1 VBO 18 55 45.80  -0.3579  -1.0168   0.0039   0.0020   0.0319  -0.0565   1.0780 199.394 0 0.9284
2003  1  8 3o1 KOU 18 55 23.33  -0.3483  -0.9895   0.0079   0.0047  -0.0010  -0.0139   1.0491 199.394 0 0.9180
2003  1  9 3o1 CAN  0 42 42.11  -0.3764  -1.0649   0.0645   0.0310  -0.0930  -0.0446   1.1294 199.467 0 0.9464
2003  1  9 3o1 UKK  0 40 50.56  -0.3541  -1.0017   0.0375   0.0199   0.0883  -0.0354   1.0624 199.470 0 0.9204
2003  1  9 3o1 KAZ 16 12 47.10  -0.3904  -1.1091   0.1072   0.0461   0.1372  -0.0877   1.1758 199.392 0 0.9615
2003  1 14 2e1 NYR  2 46 10.41   0.1365   0.4253   0.0015   0.0010   0.0257   0.0044   0.4467  17.801 0 0.6730
2003  1 14 2e1 OHP  2 44 25.39   0.1590   0.4953   0.0177   0.0131  -0.0678   0.1122   0.5202  17.805 1 0.8619
2003  1 14 2e1 PUL  2 46  4.28   0.1326   0.4132   0.0082   0.0067   0.0150  -0.0054   0.4340  17.800 0 0.8101
2003  1 14 2e1 MNG  2 45 54.69   0.1421   0.4426   0.0065   0.0051   0.0148   0.0275   0.4648  17.806 0 0.8291
2003  1 14 2o1 BUC 21 27 40.65  -0.2801  -0.8299   0.0602   0.0265  -0.0214   0.0009   0.8759 198.652 0 0.9610
2003  1 14 2o1 OHP 21 27 19.81  -0.2834  -0.8396   0.0934   0.0408  -0.0844   0.0123   0.8862 198.652 0 0.9641
2003  1 17 2e1 VBO 16 55 17.46   0.1796   0.5751   0.0068   0.0036   0.0652   0.1259   0.6025  17.350 0 0.8319
2003  1 17 2e1 CLU 19 53 16.17   0.1230   0.3396   0.0047   0.0058   0.0448   0.0066   0.3612  19.914 0 0.7625
2003  1 17 4o2 MEU  0 43 34.44  -0.1777  -0.5183   0.0177   0.0101   0.0119  -0.0508   0.5479 198.927 1 0.5251
2003  1 17 4o2 NYR  0 43 37.54  -0.1637  -0.4775   0.0042   0.0036   0.0373  -0.0124   0.5048 198.924 0 0.4888
2003  1 17 4o2 OHP  0 42 49.22  -0.3461  -1.0096   0.0092   0.0034  -0.3047  -0.4916   1.0673 198.925 1 0.9363
2003  1 17 4o2 PAL  0 43 39.94  -0.1560  -0.4550   0.0025   0.0022   0.0498   0.0045   0.4810 198.926 0 0.4683
2003  1 17 4o2 ROZ  0 43 37.27  -0.1580  -0.4610   0.0007   0.0007   0.0425   0.0027   0.4873 198.922 0 0.4734
2003  1 17 4o2 SAR  0 43 38.77  -0.1619  -0.4725   0.0032   0.0029   0.0415  -0.0104   0.4995 198.921 0 0.4836
2003  1 18 4o1 SEN 12 36 28.38   0.1041   0.3036   0.0073   0.0099   0.1089   0.1154   0.3210  18.936 0 0.4014
2003  1 18 4o2 CAN  5  0 46.41   0.2068   0.6294   0.0034   0.0028   0.0124  -0.0334   0.6625  18.190 0 0.6903
2003  1 18 4o2 PAL  5  0 23.67   0.2444   0.7440   0.0092   0.0059   0.0880   0.0711   0.7832  18.190 0 0.7465
2003  1 18 4o2 PAR  5  0 22.37   0.2427   0.7387   0.0027   0.0018   0.0881   0.0652   0.7776  18.191 0 0.7733
2003  1 19 4o3 CHA  1  5 55.87  -0.2861  -0.8371   0.0276   0.0194   0.0842  -0.0000   0.8846 198.869 0 0.7723
2003  1 19 4o3 LUM  1  5 27.50  -0.2532  -0.7408   0.0244   0.0188  -0.0098   0.1401   0.7829 198.870 2 0.7232
2003  1 19 4o3 OHP  1  5 59.09  -0.2406  -0.7041   0.0189   0.0157   0.1371   0.1256   0.7441 198.872 1 0.7285
2003  1 20 2e3 KAZ 15 54 26.62  -0.1749  -0.5295   0.0078   0.0059  -0.0691  -0.0353   0.5577 198.279 0 0.7812
2003  1 20 2o3 TER 17 12 34.15   0.1793   0.5138   0.0433   0.0418  -0.0600   0.0346   0.5442  19.237 0 0.8112
2003  1 21 2o1 TER 23 44  6.50  -0.2899  -0.8686   0.0406   0.0182   0.0278  -0.0232   0.9157 198.456 0 0.9701
2003  1 24 3o4 TER 18 35  4.56   0.1189   0.3463   0.0352   0.0363  -0.0505  -0.0331   0.3662  18.956 0 0.8004
2003  1 25 1e4 SEN 18 21 35.95  -0.2449  -0.7535   0.0432   0.0265   0.1791  -0.0030   0.7923 198.010 2 0.8721
2003  1 27 2e3 CAN 19 47  6.88  -0.1952  -0.5869   0.0335   0.0225  -0.8043   0.0717   0.6185 198.400 1 0.8207
2003  1 27 2e3 MEU 19 52 22.18  -0.1280  -0.3847   0.0124   0.0143  -0.0139   0.0333   0.4054 198.409 0 0.8016
2003  1 27 2e3 VBO 19 52 18.70  -0.1933  -0.5812   0.0033   0.0025  -0.0872  -0.1604   0.6125 198.404 1 0.8117
2003  1 27 2o3 CAN 20 20 23.22   0.1895   0.5535   0.0484   0.0383  -0.7453   0.3935   0.5850  18.898 1 0.8209
2003  1 27 2o3 MEU 20 24 51.27   0.1300   0.3801   0.0167   0.0226  -0.0272  -0.0451   0.4017  18.890 0 0.7695
2003  1 27 2o3 OHP 20 24 29.15   0.1539   0.4496   0.0396   0.0442  -0.0677   0.0461   0.4752  18.899 0 0.7883
2003  1 27 2o3 VBO 20 25  0.44   0.1558   0.4554   0.0037   0.0040   0.0275   0.0191   0.4813  18.890 0 0.7900
2003  2  3 2e3 CLU 23 39 21.80  -0.0799  -0.2383   0.0104   0.0176  -0.0099   0.1166   0.2513 198.546 1 0.7796
2003  2  3 2e3 CRI 23 39 34.60  -0.1769  -0.5274   0.0050   0.0038  -0.0735  -0.1836   0.5563 198.541 1 0.8544
2003  2  3 2e3 KIS 23 39 41.31  -0.1072  -0.3198   0.0046   0.0068   0.0135   0.0181   0.3373 198.543 0 0.7948
2003  2  3 2e3 PAL 23 39  8.23  -0.1095  -0.3265   0.0111   0.0131  -0.0748   0.0402   0.3444 198.545 0 0.7915
2003  2  3 2e3 PAR 23 39  2.64  -0.1908  -0.5689   0.0120   0.0089  -0.1706  -0.1972   0.6000 198.544 1 0.8709
2003  2  3 2e3 UKK 23 39 19.44  -0.1147  -0.3422   0.0141   0.0157  -0.0509   0.0148   0.3609 198.543 0 0.8005
2003  2  3 2o3 CLU 23 30 54.42   0.0687   0.2049   0.0211   0.0462  -0.0511  -0.1132   0.2162  18.544 1 0.7696
2003  2  3 2o3 CRI 23 30 33.00   0.0946   0.0560   0.0282   0.1386  -0.0931  -0.2392   0.1100  59.350 1 0.7585
2003  2  3 2o3 KIS 23 31 28.68   0.1166   0.3476   0.0049   0.0066   0.1059  -0.0066   0.3667  18.548 0 0.7743
2003  2  3 2o3 LIL 23 31  1.75   0.1045   0.3115   0.0131   0.0197   0.0072  -0.0143   0.3286  18.549 0 0.7712
2003  2  3 2o3 PAL 23 30 56.47   0.1145   0.3410   0.0109   0.0135  -0.0006   0.0198   0.3597  18.558 0 0.7679
2003  2  3 2o3 PAR 23 30 53.12   0.1882   0.5609   0.0080   0.0071   0.0625   0.2433   0.5916  18.554 1 0.8232
2003  2  3 2o3 UKK 23 31 10.82   0.0815   0.2429   0.0168   0.0355   0.0128  -0.0925   0.2563  18.544 0 0.7770
2003  2  3 4o1 CLU 17 12  5.10  -0.1032  -0.3101   0.0339   0.0587   0.0393  -0.2709   0.3269 198.414 1 0.4179
2003  2  3 4o1 PUL 17 12  5.35  -0.2042  -0.6139   0.0244   0.0187  -0.0584  -0.5744   0.6470 198.403 1 0.6428
2003  2  3 4o1 KIS 17 12 13.12  -0.1752  -0.5265   0.0069   0.0060   0.0289  -0.5064   0.5549 198.407 1 0.5768
2003  2  3 4o2 CAN  5  8 50.41   0.0738   0.2248   0.0161   0.0389   0.1818   0.3284   0.2366  18.189 1 0.3943
2003  2 11 2e3 ARM  3 19 53.34  -0.0755  -0.2234   0.0420   0.0666  -0.0031   0.0472   0.2358 198.693 0 0.6506
2003  2 11 2e3 OHP  3 19 54.03  -0.0424  -0.1255   0.0336   0.0815   0.0319   0.1444   0.1325 198.678 2 0.6371
2003  2 11 2e3 PAL  3 19 48.39  -0.1050  -0.3105   0.0150   0.0176  -0.0469  -0.0350   0.3278 198.696 0 0.7833
2003  2 11 2e3 PAR  3 19 48.85  -0.0862  -0.2551   0.0341   0.0986  -0.0267   0.0198   0.2693 198.685 1 0.7717
2003  2 11 2o3 PAL  2 33 39.03   0.1089   0.3312   0.0161   0.0210   0.0335   0.1476   0.3486  18.211 0 0.7600
2003  2 11 2o3 PAR  2 33 43.18   0.0603   0.1833   0.0208   0.0558  -0.0008  -0.0048   0.1930  18.211 1 0.7558
2003  2 15 2o1 KIS 19 15 30.25  -0.2642  -0.8360   0.0385   0.0173  -0.1595   0.2603   0.8768 197.540 1 0.9595
2003  2 18 2e3 MON  6 55 16.73  -0.1411  -0.4134   0.0046   0.0044  -0.0978  -0.2242   0.4368 198.848 2 0.7215
2003  2 18 4e3 ANT 20 48 52.32  -0.1792  -0.5170   0.0252   0.0587   0.0727   0.0705   0.5472 199.115 2 0.5821
2003  2 18 4e3 ARM 20 49  7.89  -0.1920  -0.5541   0.0420   0.0325   0.1078   0.0195   0.5865 199.117 0 0.6104
2003  2 18 4e3 BOR 20 48 36.48  -0.1772  -0.5114   0.0071   0.0059   0.0302   0.0916   0.5413 199.118 0 0.5811
2003  2 18 4e3 CHA 20 48 13.25  -0.1064  -0.3070   0.0226   0.0342   0.0359   0.3185   0.3250 199.119 2 0.4396
2003  2 18 4e3 CLU 20 48 30.93  -0.1828  -0.5275   0.0080   0.0072   0.0091   0.0808   0.5583 199.116 0 0.5900
2003  2 18 4e3 CRI 20 48 41.85  -0.1910  -0.5513   0.0022   0.0017   0.0358   0.0476   0.5835 199.115 0 0.7148
2003  2 18 4e3 KIS 20 48 45.74  -0.1818  -0.5246   0.0087   0.0071   0.0517   0.0693   0.5552 199.118 0 0.5913
2003  2 18 4e3 LAN 20 48 42.18  -0.1909  -0.5509   0.0435   0.0371   0.0326   0.0466   0.5830 199.116 0 0.6104
2003  2 18 4e3 LIL 20 48 26.68  -0.1867  -0.5386   0.0131   0.0118  -0.0066   0.0738   0.5701 199.115 0 0.6013
2003  2 18 4e3 MAY 20 48 32.22  -0.1967  -0.5676   0.0143   0.0106   0.0031   0.0407   0.6007 199.118 0 0.6207
2003  2 18 4e3 MEU 20 48 18.44  -0.2841  -0.8197   0.0131   0.0081  -0.1228  -0.1979   0.8675 199.116 1 0.8431
2003  2 18 4e3 OHP 20 48 49.21  -0.2038  -0.5881   0.0215   0.0170   0.0437   0.0036   0.6225 199.115 0 0.7145
2003  2 18 4e3 PEN 20 48 25.72  -0.1822  -0.5257   0.0085   0.0071  -0.0005   0.0889   0.5564 199.118 0 0.5888
2003  2 18 4e3 TER 20 48 44.49  -0.1929  -0.5566   0.0066   0.0051   0.0413   0.0397   0.5891 199.118 0 0.6123
2003  2 18 4e3 UKK 20 48 42.34  -0.1477  -0.4263   0.0125   0.0118   0.0762   0.1709   0.4512 199.116 1 0.5149
2003  2 18 4e3 VIL 20 48 34.35  -0.1939  -0.5596   0.0279   0.0228   0.0076   0.0455   0.5923 199.118 0 0.6147
2003  2 18 4o3 CLU 17 53 37.51  -0.1222  -0.3754   0.0086   0.0100   0.0264   0.0249   0.3948 198.031 0 0.4983
2003  2 18 4o3 MEU 17 54  7.92  -0.2916  -0.8962   0.0116   0.0086  -0.0336  -0.5310   0.9425 198.024 1 0.7906
2003  2 18 4o3 OHP 17 53 48.81  -0.1217  -0.3741   0.0171   0.0204   0.0668   0.0131   0.3934 198.030 0 0.4976
2003  2 18 4o3 PEN 17 53  9.14  -0.1273  -0.3912   0.0040   0.0048  -0.0751   0.0397   0.4114 198.024 0 0.5078
2003  2 18 4o3 TER 17 53 38.26  -0.1284  -0.3946   0.0060   0.0072   0.0238   0.0041   0.4150 198.025 0 0.5097
2003  2 19 4e1 CAT 22 15 30.81  -0.2156  -0.6267   0.0285   0.0183   0.0418  -0.0439   0.6628 198.984 0 0.6474
2003  2 19 4e1 LIL 22 15 27.29  -0.2001  -0.5819   0.0118   0.0088   0.0343   0.0059   0.6153 198.983 0 0.5996
2003  2 19 4e1 MEU 22 15 13.21  -0.1936  -0.5628   0.0260   0.0202  -0.0282   0.0516   0.5952 198.988 0 0.5790
2003  2 19 4e1 NYR 22 15 23.26  -0.2030  -0.5901   0.0053   0.0035   0.0104   0.0049   0.6240 198.983 0 0.6085
2003  2 19 4e1 PAL 22 15 22.71  -0.2103  -0.6111   0.0151   0.0097   0.0001  -0.0150   0.6463 198.988 0 0.6309
2003  2 19 4e1 PAR 22 15 23.90  -0.2074  -0.6029   0.0131   0.0086   0.0138  -0.0077   0.6376 198.988 0 0.6221
2003  2 19 4e1 UKK 22 15 22.85  -0.1720  -0.5000   0.0109   0.0082   0.0392   0.0957   0.5288 198.983 0 0.5120
2003  2 19 4o1 ANT 20 31  3.95  -0.1036  -0.3221   0.0213   0.0264   0.0665   0.0399   0.3384 197.835 0 0.3969
2003  2 19 4o1 LIL 20 30 58.73  -0.1355  -0.4212   0.0185   0.0178  -0.0016  -0.0471   0.4425 197.829 0 0.4724
2003  2 19 4o1 NYR 20 30 58.82  -0.1265  -0.3933   0.0041   0.0042   0.0096  -0.0185   0.4132 197.840 0 0.4503
2003  2 19 4o1 TER 20 31  5.93  -0.1132  -0.3520   0.0312   0.0374   0.0739   0.0048   0.3697 197.827 0 0.4193
2003  2 19 4o1 UKK 20 31  1.34  -0.0804  -0.2501   0.0136   0.0189   0.0712   0.1182   0.2627 197.830 0 0.3497
2003  2 19 4o1 VIL 20 31  3.94  -0.1176  -0.3657   0.0319   0.0352   0.0528  -0.0035   0.3841 197.837 0 0.4291
2003  2 20 1o2 PEN 15 49  2.97  -0.0576  -0.1817   0.0054   0.0078  -0.0152   0.0188   0.1907 197.607 0 0.6111
2003  2 20 4e2 PEN 14 27 14.74  -0.1509  -0.4478   0.0055   0.0047   0.0248   0.0188   0.4726 198.628 0 0.4594
2003  2 20 4o2 PEN 12 18 20.97   0.0396   0.1257   0.0051   0.0228   0.0489   0.0666   0.1318  17.492 0 0.3937
2003  2 25 2e3 SEN 10 27 27.79  -0.0897  -0.2606   0.0124   0.0181  -0.0792  -0.1591   0.2757 198.994 0 0.6590
2003  2 27 1o2 CLU 17 47 40.19  -0.0851  -0.2722   0.0083   0.0089  -0.0339   0.0107   0.2852 197.363 0 0.6573
2003  2 27 1o2 CRI 17 47 43.09  -0.0839  -0.2683   0.0129   0.0138  -0.0062   0.0062   0.2811 197.366 0 0.6551
2003  2 27 1o2 PEN 17 47 40.57  -0.0838  -0.2679   0.0048   0.0053  -0.0220   0.0134   0.2807 197.368 0 0.6548
2003  2 27 1o2 ROZ 17 47 29.24  -0.1724  -0.5511   0.0188   0.0150  -0.2202  -0.2375   0.5775 197.370 2 0.8270
2003  2 27 1o2 STR 17 47 36.01  -0.1483  -0.4741   0.0183   0.0153  -0.1351  -0.1791   0.4967 197.372 2 0.7813
2003  2 27 1o4 ARM 22  3 11.47  -0.1756  -0.5545   0.0900   0.0760   0.1806  -0.1375   0.5817 197.579 0 0.8924
2003  2 27 1o4 CLU 22  2 32.01  -0.1184  -0.3736   0.0108   0.0131   0.0183   0.1126   0.3920 197.588 0 0.8524
2003  2 27 1o4 CRI 22  2 36.36  -0.1292  -0.4076   0.0035   0.0036   0.0327   0.0708   0.4276 197.585 0 0.8599
2003  2 27 1o4 PAL 22  2 34.54  -0.1273  -0.4018   0.0079   0.0081   0.0201   0.0781   0.4215 197.583 0 0.8586
2003  2 27 1o4 PAR 22  2 35.45  -0.1622  -0.5119   0.0075   0.0065  -0.0096  -0.0334   0.5369 197.583 0 0.8576
2003  2 27 1o4 ROZ 22  2 36.58  -0.0810  -0.2557   0.0034   0.0050   0.0815   0.2220   0.2682 197.582 1 0.8275
2003  2 27 1o4 MNG 22  2 35.79  -0.1423  -0.4492   0.0159   0.0152   0.0138   0.0298   0.4712 197.579 0 0.8691
2003  2 27 1o4 SOB 22  2 31.04  -0.1884  -0.5947   0.0320   0.0282  -0.0573  -0.1065   0.6238 197.581 0 0.9012
2003  2 27 1o4 UKK 22  2 37.73  -0.1536  -0.4848   0.0343   0.0333   0.0131  -0.0083   0.5085 197.582 0 0.8771
2003  2 27 1o4 STR 22  2 20.28  -0.2230  -0.7040   0.0828   0.0656  -0.1531  -0.1967   0.7385 197.582 1 0.9241
2003  2 28 1e4 BOR  1 15 41.25  -0.0279  -0.0803   0.0062   0.0151   0.0017   0.0062   0.0850 199.213 0 0.5053
2003  2 28 1e4 CLU  1 15 41.84  -0.0328  -0.0940   0.0075   0.0176  -0.0012  -0.0081   0.0995 199.232 0 0.5079
2003  2 28 1e4 PEN 12 40 44.40   0.0746   0.2141   0.0040   0.0059   0.0522   0.1759   0.2268  19.217 0 0.5107
2003  2 28 1e4 MNG  1 15 40.18  -0.0631  -0.1809   0.0069   0.0112  -0.0367  -0.0932   0.1916 199.224 0 0.5338
2003  2 28 1o4 ARM 23 45 30.30  -0.1490  -0.4877   0.0642   0.0638   0.1996   0.2425   0.5099 196.998 1 0.8841
2003  2 28 1o4 CLU 23 44 46.37  -0.2130  -0.6972   0.0171   0.0128   0.0368   0.0631   0.7291 196.993 0 0.9267
2003  2 28 1o4 CRI 23 44 55.65  -0.2226  -0.7285   0.0054   0.0036   0.0488   0.0254   0.7618 196.995 0 0.9327
2003  2 28 1o4 SAR 23 44 40.10  -0.2025  -0.6629   0.0142   0.0108   0.0319   0.1011   0.6931 196.988 0 0.9200
2003  2 28 1o4 TER 23 44 26.16  -0.2158  -0.7064   0.0491   0.0430  -0.0109   0.0680   0.7387 196.993 0 0.9285
2003  3  1 2o4 CAN  3  1 39.48   0.0960   0.3101   0.0250   0.0307   0.0637   0.1429   0.3246  17.198 0 0.8568
2003  3  6 1o2 KIS 19 47 39.70  -0.1249  -0.4045   0.0204   0.0171  -0.0299  -0.0572   0.4233 197.159 0 0.7390
2003  3  6 1o2 MNG 19 47 37.47  -0.1123  -0.3640   0.0068   0.0060  -0.0383  -0.0114   0.3809 197.155 0 0.7131
2003  3  9 4e2 ARM 22  6  0.60   0.2681   0.7757   0.0487   0.0280   0.2152  -0.0716   0.8207  19.066 0 0.7996
2003  3  9 4e2 BOR 22  5 12.11   0.2650   0.7669   0.0077   0.0045   0.0444  -0.0250   0.8114  19.067 0 0.7915
2003  3  9 4e2 CAN 22  5 10.48   0.2714   0.7854   0.0125   0.0071   0.0452  -0.0046   0.8310  19.067 0 0.8073
2003  3  9 4e2 LIL 22  5  6.32   0.2486   0.7193   0.0177   0.0101   0.0083  -0.0659   0.7610  19.068 0 0.7445
2003  3  9 4e2 OHP 22  5 18.09   0.1954   0.5655   0.0237   0.0156  -0.0050  -0.2334   0.5983  19.070 1 0.5657
2003  3  9 4e2 PAL 22  4 53.48   0.2966   0.8581   0.0124   0.0068   0.0170   0.0890   0.9079  19.067 0 0.8671
2003  3  9 4e2 SAR 22  5  2.99   0.2668   0.7718   0.0077   0.0043   0.0153  -0.0095   0.8166  19.069 0 0.7959
2003  3  9 4e2 VIL 22  5 17.75   0.2535   0.7335   0.0298   0.0182   0.0518  -0.0650   0.7760  19.067 0 0.7591
2003  3  9 4o2 PUL 16 37  0.40   0.0804   0.2638   0.0061   0.0098   0.0358  -0.0062   0.2757  16.952 0 0.3995
2003  3  9 4o2 TER 16 37  5.37   0.0960   0.3151   0.0038   0.0050   0.0657   0.0393   0.3294  16.944 0 0.4208
2003  3 11 2e3 VBO 17 22 40.67   0.0643   0.1836   0.0025   0.0044   0.0243   0.0790   0.1946  19.318 0 0.6378
2003  3 11 2o3 VBO 14 38 40.34  -0.1513  -0.4916   0.0037   0.0036  -0.0451  -0.0066   0.5144 197.109 0 0.8107
2003  3 13 1o2 ARM 21 49 11.22  -0.1524  -0.4993   0.0739   0.0520  -0.0197  -0.1000   0.5221 196.977 0 0.8011
2003  3 13 1o2 VIL 21 49  2.85  -0.1127  -0.3692   0.0149   0.0139  -0.0557   0.0511   0.3860 196.977 0 0.7177
2003  3 15 3e4 ARM 22 14 45.51   0.1323   0.3712   0.0160   0.0174   0.0397   0.0447   0.3941  19.615 0 0.3704
2003  3 15 3e4 ANT 22 15  4.69   0.1482   0.4163   0.0314   0.0328   0.1055   0.0694   0.4419  19.606 0 0.4091
2003  3 15 3e4 BOR 22 14 53.77   0.1239   0.3480   0.0034   0.0038   0.0506   0.0120   0.3694  19.608 0 0.3515
2003  3 15 3e4 CHA 22 14 58.84   0.1052   0.2953   0.0194   0.0259   0.0460  -0.0456   0.3135  19.609 0 0.3115
2003  3 15 3e4 DAX 22 14 45.51   0.1341   0.3766   0.0150   0.0167   0.0377   0.0488   0.3998  19.608 0 0.3768
2003  3 15 3e4 DOL 22 14 39.30   0.2203   0.6185   0.0142   0.0109   0.1103   0.2981   0.6565  19.606 1 0.5934
2003  3 15 3e4 GIE 22 14 49.95   0.1181   0.3317   0.0057   0.0082   0.0341  -0.0004   0.3521  19.607 0 0.3386
2003  3 15 3e4 KIS 22 14 54.24   0.1435   0.4029   0.0035   0.0035   0.0715   0.0664   0.4277  19.609 0 0.3980
2003  3 15 3e4 LIL 22 14 29.09   0.0831   0.2335   0.0084   0.0120  -0.0592  -0.0778   0.2478  19.608 0 0.2722
2003  3 15 3e4 MEU 22 14 46.02   0.0899   0.2524   0.0047   0.0065  -0.0051  -0.0757   0.2680  19.610 0 0.2838
2003  3 15 3e4 NYR 22 14 50.64   0.1384   0.3887   0.0026   0.0027   0.0563   0.0559   0.4127  19.607 0 0.3877
2003  3 15 3e4 PUL 22 14 51.06   0.1393   0.3910   0.0039   0.0040   0.0583   0.0578   0.4151  19.605 0 0.3874
2003  3 15 3e4 UKK 22 14 55.93   0.0970   0.2723   0.0048   0.0064   0.0297  -0.0658   0.2890  19.610 0 0.2987
2003  3 17 1e3 CRI 18 22 43.23  -0.3311  -0.9330   0.0060   0.0026  -0.0029  -0.0097   0.9900 199.542 0 0.9547
2003  3 17 1e3 KAZ 18 22 51.73  -0.3309  -0.9323   0.0166   0.0076   0.0265  -0.0194   0.9893 199.542 0 0.9543
2003  3 17 1e3 NYR 18 22 43.54  -0.3261  -0.9189   0.0255   0.0111   0.0031   0.0039   0.9750 199.542 0 0.9497
2003  3 18 2e3 ARM 20 46 56.23   0.1119   0.3165   0.0311   0.0364   0.0513   0.0952   0.3357  19.469 0 0.6790
2003  3 18 2e3 BOR 20 46 57.31   0.0568   0.1608   0.0040   0.0076  -0.0018  -0.0627   0.1705  19.463 0 0.6324
2003  3 18 2e3 CAT 20 46 55.32   0.1264   0.3575   0.0087   0.0093   0.0598   0.1368   0.3792  19.467 1 0.6967
2003  3 18 2e3 LIL 20 46 56.69   0.0891   0.2523   0.0111   0.0160   0.0280   0.0296   0.2676  19.462 0 0.6556
2003  3 18 2e3 PAL 20 46 55.04   0.0840   0.2376   0.0052   0.0076   0.0163   0.0172   0.2520  19.471 0 0.6511
2003  3 18 2e3 PAR 20 46 54.87   0.0823   0.2328   0.0052   0.0079   0.0163   0.0134   0.2469  19.465 0 0.6497
2003  3 18 2e3 SAR 20 46 58.43   0.1024   0.2897   0.0146   0.0181   0.0482   0.0646   0.3073  19.471 0 0.6688
2003  3 18 2e3 VIL 20 46 50.45   0.1254   0.3547   0.0118   0.0135   0.0394   0.1408   0.3763  19.466 1 0.6955
2003  3 19 2e1 VIL 18 22 54.47  -0.2422  -0.6915   0.0513   0.0229  -0.0267   0.0093   0.7327 199.307 0 0.9338
2003  3 20 1o2 CAN 23 52 21.05  -0.1711  -0.5651   0.0424   0.0279  -0.0279  -0.1267   0.5905 196.851 1 0.8470
2003  3 20 1o2 CAT 23 52 17.41  -0.1731  -0.5718   0.1216   0.0758  -0.0631  -0.1241   0.5974 196.847 0 0.8500
2003  3 20 1o2 KIS 23 52 18.84  -0.1800  -0.5943   0.0085   0.0052  -0.0585  -0.1493   0.6210 196.850 0 0.8632
2003  3 20 1o2 NYR 23 52 18.92  -0.1351  -0.4463   0.0121   0.0093  -0.0132  -0.0014   0.4663 196.848 0 0.7713
2003  3 24 1e3 BOR 22  1 38.10  -0.2729  -0.7636   0.0066   0.0035  -0.0268   0.0104   0.8109 199.669 0 0.8773
2003  3 24 1e3 BUC 22  1 16.03  -0.2729  -0.7636   0.0218   0.0131  -0.0789   0.0290   0.8109 199.668 0 0.8781
2003  3 24 1e3 CAT 22  1 33.46  -0.2825  -0.7903   0.0729   0.0375  -0.0473  -0.0124   0.8393 199.669 0 0.8921
2003  3 24 1e3 CRI 22  1 30.04  -0.2885  -0.8072   0.0153   0.0050  -0.0494  -0.0591   0.8572 199.670 0 0.9011
2003  3 24 1e3 LIL 22  2  5.98  -0.2632  -0.7365   0.0142   0.0075   0.0484   0.0140   0.7821 199.670 0 0.8617
2003  3 24 1e3 MEU 22  1 39.26  -0.2905  -0.8129   0.0225   0.0109  -0.0399  -0.0393   0.8633 199.667 0 0.9416
2003  3 24 1e3 OHP 22  2  4.89  -0.2818  -0.7884   0.0208   0.0112   0.0273  -0.0369   0.8372 199.669 0 0.8910
2003  3 24 1e3 PRA 22  2 23.27  -0.2645  -0.7400   0.0749   0.0458   0.0879  -0.0040   0.7858 199.669 0 0.8638
2003  3 24 1e3 PUL 22  1 48.64  -0.2810  -0.7863   0.0267   0.0138  -0.0101  -0.0212   0.8350 199.670 0 0.8899
2003  3 24 1e3 SAR 22  1 45.67  -0.2709  -0.7580   0.0094   0.0048  -0.0070   0.0096   0.8049 199.669 0 0.8742
2003  3 24 1e3 UKK 22  1 39.67  -0.2592  -0.7252   0.0161   0.0088  -0.0094   0.0474   0.7701 199.669 0 0.8551
2003  3 24 1e3 VIL 22  1 59.10  -0.2868  -0.8024   0.0590   0.0304   0.0087  -0.0460   0.8521 199.670 0 0.8985
2003  3 25 1e3 BOR 20  8 26.83  -0.2687  -0.7483   0.0089   0.0047  -0.0277   0.0619   0.7951 199.751 0 0.8688
2003  3 25 1e3 CAT 20  8 52.38  -0.2742  -0.7639   0.0430   0.0231   0.0439   0.0186   0.8116 199.750 0 0.8777
2003  3 25 1e3 CRI 20  8 26.80  -0.2661  -0.7411   0.0061   0.0033  -0.0232   0.0697   0.7874 199.750 0 0.9239
2003  3 25 1e3 LIL 20  8 26.35  -0.2878  -0.8017   0.0435   0.0222  -0.0483   0.0090   0.8518 199.751 0 0.8982
2003  3 25 1e3 MEU 20  8 33.66  -0.2690  -0.7491   0.0242   0.0131  -0.0054   0.0543   0.7959 199.753 0 0.8693
2003  3 25 1e3 NYR 20  8 29.23  -0.2729  -0.7602   0.0154   0.0083  -0.0228   0.0480   0.8077 199.750 0 0.9300
2003  3 25 1e3 OHP 20  8  7.73  -0.1909  -0.5317   0.0242   0.0184  -0.0057   0.2998   0.5649 199.755 1 0.8474
2003  3 25 1e3 PUL 20  8 32.36  -0.2725  -0.7590   0.0213   0.0112  -0.0129   0.0458   0.8065 199.753 0 0.9296
2003  3 25 1e3 SAR 20  8 26.56  -0.2873  -0.8002   0.0195   0.0096  -0.0452   0.0109   0.8502 199.751 0 0.9423
2003  3 25 2o3 BOR 20 48  2.68  -0.2243  -0.7419   0.0179   0.0110  -0.0149   0.0324   0.7751 196.824 0 0.9046
2003  3 25 2o3 BRE 20 49 11.98  -0.2204  -0.7291   0.0257   0.0253   0.2977  -0.0479   0.7617 196.823 0 0.9004
2003  3 25 2o3 CAN 20 48 14.55  -0.2303  -0.7617   0.0182   0.0108   0.0312  -0.0042   0.7958 196.825 0 0.9110
2003  3 25 2o3 CAT 20 48 11.34  -0.2408  -0.7964   0.0628   0.0389   0.0079  -0.0340   0.8321 196.825 0 0.9220
2003  3 25 2o3 CRI 20 47 52.05  -0.2182  -0.7215   0.0040   0.0027  -0.0545   0.0672   0.7538 196.827 0 0.8977
2003  3 25 2o3 MEU 20 48  9.14  -0.2646  -0.8751   0.0248   0.0127  -0.0224  -0.1084   0.9142 196.824 0 0.9454
2003  3 25 2o3 NYR 20 48  3.18  -0.2293  -0.7583   0.0090   0.0056  -0.0169   0.0162   0.7922 196.825 0 0.9100
2003  3 25 2o3 OHP 20 49  2.73  -0.2668  -0.8824   0.0915   0.0496   0.2100  -0.1888   0.9219 196.825 1 0.9474
2003  3 25 2o3 PAL 20 48  6.88  -0.2280  -0.7540   0.0201   0.0123   0.0032   0.0147   0.7877 196.824 0 0.9084
2003  3 25 2o3 PUL 20 47 56.51  -0.2267  -0.7497   0.0203   0.0129  -0.0437   0.0337   0.7832 196.827 0 0.9071
2003  3 25 2o3 SAR 20 47 56.34  -0.2099  -0.6942   0.0131   0.0084  -0.0285   0.0885   0.7252 196.823 0 0.8885
2003  3 25 4e3 VBO 13 38 59.33  -0.2283  -0.6381   0.0072   0.0058  -0.1532  -0.4739   0.6777 199.686 2 0.6925
2003  3 26 2e1 CAN 20 40 52.74  -0.2281  -0.6447   0.0714   0.0392   0.0327  -0.0815   0.6838 199.488 0 0.9014
2003  3 26 2e1 CAT 20 40 38.84  -0.2062  -0.5828   0.0235   0.0117  -0.0197   0.0066   0.6182 199.488 0 0.8489
2003  3 26 2e1 KIS 20 40 40.25  -0.2028  -0.5732   0.0394   0.0202  -0.0087   0.0136   0.6080 199.486 0 0.8400
2003  3 26 2e1 LIL 20 40 39.92  -0.2085  -0.5892   0.0264   0.0128  -0.0162  -0.0018   0.6250 199.488 0 0.8548
2003  3 26 2e1 OHP 20 40 41.74  -0.2243  -0.6339   0.0248   0.0118  -0.0222  -0.0499   0.6724 199.488 0 0.8930
2003  3 26 2e1 PAL 20 40 43.36  -0.2110  -0.5963   0.0133   0.0065  -0.0002  -0.0154   0.6325 199.486 0 0.8612
2003  3 26 2e1 PAR 20 40 43.34  -0.2116  -0.5980   0.0132   0.0065   0.0005  -0.0166   0.6343 199.487 0 0.8627
2003  3 26 2e1 PUL 20 40 39.51  -0.2102  -0.5942   0.0204   0.0100  -0.0202  -0.0060   0.6303 199.484 0 0.8593
2003  3 26 2e3 ARM  0  5 25.86   1.1878   0.0151   0.0266   0.0261   0.0776   0.0366   1.1878  89.268 0 0.7124
2003  3 26 2e3 CAT  0  9 25.46   0.1436   0.4029   0.0221   0.0225   0.0263   0.0688   0.4277  19.620 0 0.7193
2003  3 26 2e3 LIL  0  9 27.82   0.1230   0.3452   0.0058   0.0065   0.0156   0.0076   0.3665  19.622 0 0.6920
2003  3 26 2e3 NYR  0  9 28.09   0.1225   0.3437   0.0058   0.0065   0.0161   0.0058   0.3649  19.620 0 0.6915
2003  3 26 2e3 OHP  0  9 37.93   0.1570   0.4404   0.0107   0.0098   0.0915   0.0879   0.4675  19.620 0 0.7389
2003  3 26 2e3 PAL  0  9 23.08   0.1305   0.3661   0.0105   0.0109   0.0033   0.0355   0.3886  19.623 0 0.7014
2003  3 26 2e3 PUL  0  9 29.10   0.1209   0.3392   0.0110   0.0125   0.0187  -0.0001   0.3601  19.621 0 0.6894
2003  3 28 1e2 MON  3 31 59.75   0.1815   0.5103   0.0090   0.0059   0.0274   0.0836   0.5416  19.584 2 0.6966
2003  3 28 1o2 MON  1 57 14.55  -0.1385  -0.4596   0.0066   0.0054  -0.0254   0.0089   0.4800 196.776 0 0.7847
2003  3 28 1o2 ARM  1 57 24.43  -0.1477  -0.4901   0.0563   0.0404   0.0478  -0.0440   0.5119 196.770 0 0.8047
2003  3 28 1o2 CAN  1 57 11.90  -0.1547  -0.5131   0.1249   0.0859  -0.0604  -0.0374   0.5359 196.777 0 0.8233
2003  4  1 1e3 KIS 23 31 39.49  -0.1782  -0.4917   0.0353   0.0233   0.2607   0.0985   0.5231 199.926 2 0.7026
2003  4  1 1e3 VOL 23 31 42.21  -0.2357  -0.6502   0.0387   0.0231   0.2139  -0.0637   0.6916 199.930 2 0.8107
2003  4  1 2o3 ARM 23 52 55.93   0.4925  -1.0603   0.1875   0.1046  -0.1427   0.0996   1.2534 242.604 2 0.9394
2003  4  1 2o3 KIS 23 56 44.34  -0.2895  -0.9609   0.1843   0.0801   0.1120  -0.1129   1.0036 196.766 2 0.9724
2003  4  2 2e1 BOR 22 57 49.95  -0.1661  -0.4650   0.0058   0.0035   0.0193  -0.0055   0.4938 199.662 0 0.7289
2003  4  2 2e1 KIS 22 57 30.67  -0.1719  -0.4812   0.0339   0.0201  -0.0936   0.0165   0.5110 199.664 0 0.7473
2003  4  2 2e1 PUL 22 57 57.36  -0.1595  -0.4466   0.0296   0.0187   0.0670  -0.0018   0.4743 199.659 0 0.7083
2003  4  2 2e1 VIL 22 57 42.81  -0.2110  -0.5906   0.0677   0.0346  -0.0652  -0.1169   0.6272 199.665 2 0.8569
2003  4  2 2e4 VIL 20 16 30.52   0.2596   0.7302   0.0402   0.0276   0.1160  -0.0380   0.7750  19.576 0 0.8967
2003  4  3 1e4 KAZ 17 22 20.19   0.1949   0.5402   0.0141   0.0105  -0.0427  -0.0581   0.5743  19.841 0 0.7447
2003  4  5 3e1 BOR  0 52 13.00  -0.2215  -0.6104   0.0094   0.0064   0.0206  -0.0078   0.6494 199.943 0 0.5434
2003  4  7 1e2 VIL 18 52 38.35   0.2340   0.6497   0.0292   0.0158   0.0026   0.0113   0.6906  19.811 0 0.8692
2003  4 11 3e2 CAT 21  2  5.89  -0.3680  -1.0204   0.0883   0.0369  -0.0062  -0.0535   1.0847 199.831 0 0.9551
2003  4 11 3e2 KIS 21  2  2.84  -0.3544  -0.9828   0.0394   0.0167  -0.0086  -0.0101   1.0447 199.830 0 0.9369
2003  4 11 3e2 NYR 21  2 16.25  -0.3512  -0.9740   0.0395   0.0172   0.0645  -0.0266   1.0354 199.829 0 0.9319
2003  4 11 3e2 SAR 21  2 17.45  -0.3599  -0.9981   0.0444   0.0189   0.0622  -0.0530   1.0610 199.829 0 0.9447
2003  4 11 3e2 UKK 21  1 50.14  -0.3479  -0.9648   0.0577   0.0250  -0.0684   0.0317   1.0256 199.830 0 0.9258
2003  4 11 4e1 CAT 21 24 55.15   0.3676   1.0068   0.0917   0.0465  -0.1397   0.0241   1.0718  20.060 0 0.9354
2003  4 11 4e1 UKK 21 25 32.39   0.3654   1.0007   0.0723   0.0365   0.0622  -0.0564   1.0654  20.062 0 0.9320
2003  4 13 2e1 VBO 14 22 16.49  -0.1036  -0.2860   0.0015   0.0013  -0.0018  -0.0052   0.3042 199.921 0 0.5154
2003  4 14 1o2 CRI 19 17 40.59  -0.1349  -0.4464   0.0030   0.0022  -0.0377  -0.0199   0.4664 196.815 0 0.7912
2003  4 14 1o2 KOU 19 17 45.35  -0.1266  -0.4191   0.0041   0.0034   0.0059  -0.0027   0.4378 196.812 0 0.7720
2003  4 14 1o2 LUM 19 18 23.94  -0.0713  -0.2360   0.0143   0.0189   0.3466   0.0932   0.2465 196.821 2 0.6417
2003  4 14 1o2 PRA 19 17 38.34  -0.1310  -0.4335   0.0331   0.0252  -0.0510  -0.0018   0.4529 196.819 0 0.7822
2003  4 14 1o2 VIL 19 17 53.12  -0.1316  -0.4353   0.0171   0.0132   0.0577  -0.0369   0.4548 196.822 0 0.7835
2003  4 16 1e3 ELG  5 35 44.13  -0.1427  -0.3868   0.0293   0.0287  -0.0617  -0.0273   0.4122 200.252 0 0.6344
2003  4 16 2e3 SEN 10 10 48.46   0.2392   0.6546   0.0303   0.0205   0.0305  -0.0780   0.6970  20.071 0 0.9105
2003  4 19 3e2 LIL  0 17 47.36  -0.2998  -0.8246   0.0391   0.0189  -0.0056   0.0221   0.8774 199.980 0 0.8152
2003  4 21 1o2 CAN 21 29 14.43  -0.1088  -0.3576   0.0338   0.0286   0.0497  -0.0071   0.3738 196.926 0 0.7342
2003  4 21 1o2 CHA 21 29  9.53  -0.1480  -0.4865   0.0649   0.0432  -0.0244  -0.1251   0.5085 196.919 0 0.8261
2003  4 21 1o2 CRI 21 29  5.32  -0.1218  -0.4003   0.0031   0.0024  -0.0274  -0.0292   0.4184 196.920 0 0.7650
2003  4 21 1o2 GIE 21 29 10.75  -0.1302  -0.4281   0.0117   0.0092   0.0024  -0.0689   0.4475 196.920 0 0.7851
2003  4 21 1o2 KIS 21 29  0.42  -0.1507  -0.4952   0.0058   0.0041  -0.0916  -0.1131   0.5176 196.926 0 0.8321
2003  4 21 1o2 OHP 21 29 26.35  -0.0904  -0.2971   0.0159   0.0163   0.1532   0.0281   0.3106 196.925 0 0.6893
2003  4 21 1o2 PAL 21 29  5.88  -0.1181  -0.3885   0.0083   0.0065  -0.0180  -0.0190   0.4061 196.917 0 0.7565
2003  4 21 1o2 SAR 21 29  6.37  -0.1116  -0.3670   0.0060   0.0048  -0.0101   0.0014   0.3836 196.922 0 0.7408
2003  4 27 2e1 CRI 18 53 24.41  -0.0673  -0.1825   0.0010   0.0012  -0.0564  -0.1720   0.1946 200.249 0 0.3962
2003  4 27 2e1 PUL 18 53 26.52  -0.1020  -0.2767   0.0121   0.0107  -0.0780  -0.2709   0.2949 200.248 0 0.5077
2003  4 27 2e1 TER 18 53 24.07  -0.0803  -0.2179   0.0226   0.0248  -0.0715  -0.2066   0.2323 200.230 0 0.4361
2003  4 28 4o2 KAZ 14 59 54.26  -0.1342  -0.4434   0.0017   0.0013   0.0368  -0.0127   0.4633 196.845 0 0.5490
2003  5  2 1o2 SEN 12 49 25.98  -0.1078  -0.3492   0.0206   0.0177  -0.0697  -0.0821   0.3655 197.166 0 0.7370
2003  5  4 2e1 CAN 21  8 33.01   0.0182   0.1035   0.0086   0.0149   0.0495  -0.0551   0.1050   9.988 0 0.3313
2003  5  4 2e1 CRI 21  8 20.85   0.0977   0.2631   0.0026   0.0026   0.0516   0.1332   0.2806  20.388 0 0.4887
2003  5  4 2e1 LUM 21  8 40.40   0.1204   0.3239   0.0222   0.0248   0.1988   0.1478   0.3456  20.398 2 0.5634
2003  5  4 2e1 PRA 21  8 23.95   0.0666   0.1791   0.0101   0.0128   0.0402   0.0419   0.1911  20.398 0 0.3921
2003  5  4 2e1 TER 21  8 13.16   0.0787   0.2117   0.0330   0.0393  -0.0163   0.1000   0.2259  20.393 2 0.4281
2003  5  4 2e1 VIL 21  8 20.24   0.0452   0.1217   0.0081   0.0126  -0.0046  -0.0066   0.1299  20.388 0 0.3387
2003  5  5 2e4 TER 17 59 20.61   0.2869   0.7678   0.0373   0.0468  -0.0435  -0.0885   0.8196  20.493 0 0.9273
2003  5  7 1e3 VBO 14  4 40.49   0.0879   0.2328   0.0083   0.0119  -0.0459   0.0329   0.2489  20.690 0 0.5540
2003  5  7 2o4 MON  2 39 27.38   0.0732   0.2368   0.0142   0.0206   0.0552   0.1652   0.2479  17.193 0 0.8685
2003  5  9 1o2 KAZ 15  5 13.52   0.0564   0.1805   0.0020   0.0028   0.0823   0.3501   0.1892  17.373 1 0.6167
2003  5  9 1o2 VBO 15  5 13.30  -0.0648  -0.2070   0.0049   0.0059  -0.0380  -0.0375   0.2169 197.376 0 0.6347
2003  5 10 3e1 VBO 14 49  1.52   0.0855   0.2272   0.0016   0.0023  -0.0084  -0.0033   0.2428  20.622 0 0.0877
2003  5 14 4o1 ARM 22  2 21.02  -0.1938  -0.5892   0.0193   0.0138   0.0501  -0.0625   0.6203 198.213 0 0.7163
2003  5 14 4o1 CHA 22  3 22.96  -0.1816  -0.5517   0.0240   0.0190  -0.0270   0.0036   0.5809 198.223 0 0.6783
2003  5 21 1e3 OHP 19 33 35.57   0.2296   0.5993   0.0525   0.0374  -0.0887   0.0151   0.6418  20.963 0 0.7810
2003  5 23 1o2 OHP 19 41 42.88   0.0965   0.2985   0.0140   0.0117   0.0658   0.2474   0.3137  17.916 0 0.7173
2003  5 23 1o2 SOB 19 41 35.32   0.0953   0.2949   0.0313   0.0268   0.0215   0.2579   0.3099  17.917 0 0.7146
2003  5 23 1o2 TER 19 41 35.65   0.0594   0.1837   0.0461   0.0576  -0.0123   0.1462   0.1931  17.919 0 0.6269
2003  5 24 3e1 CAT 20 51 27.31   0.1368   0.3600   0.0142   0.0144  -0.0171  -0.0872   0.3851  20.808 0 0.2001
2003  5 24 3e1 OHP 20 51 17.37   0.2667   0.7018   0.0070   0.0049   0.0727   0.2697   0.7508  20.813 2 0.6639
2003  5 24 3e1 SOB 20 51 25.09   0.2199   0.5785   0.0141   0.0108   0.0569   0.1346   0.6189  20.811 0 0.4957
2003  5 31 3e2 CAT 20 10 55.53  -0.0521  -0.1372   0.0109   0.0226   0.0595   0.0817   0.1467 200.808 0 0.0154
2003  5 31 3e2 LUM 20 10 53.94  -0.1008  -0.2653   0.0087   0.0123   0.0061  -0.0431   0.2838 200.811 0 0.1366
2003  5 31 3e2 SOB 20 10 46.48  -0.1927  -0.5068   0.0083   0.0065  -0.1166  -0.2728   0.5422 200.819 2 0.6189
2003  5 31 3e2 VIL 20 10 53.05  -0.1138  -0.2995   0.0058   0.0072  -0.0125  -0.0766   0.3204 200.818 0 0.1072
2003  6  8 3o1 ODE 17 13 42.41  -0.3091  -0.8969   0.0158   0.0047  -0.0874   0.0536   0.9487 199.019 0 0.9760
2003  6 10 1o2 VBO 13 36 17.76   0.1403   0.4144   0.0158   0.0121  -0.0192   0.0656   0.4376  18.706 0 0.8269
2003  6 16 4o1 ODE 17 47 16.25   0.1940   0.5569   0.0092   0.0059   0.2026   0.1694   0.5897  19.206 1 0.7367
2003  6 17 1e2 ODE 17 33 12.70   0.2633   0.6835   0.0248   0.0127  -0.5280  -0.9398   0.7325  21.070 2 0.9053
2003  6 17 4o2 ODE 16 11 48.59   0.2630   0.7674   0.0156   0.0059   0.1343   0.1028   0.8112  18.922 1 0.9583
2003  7  7 2o1 ODE 16  9  1.66   0.2176   0.5945   0.0132   0.0060   0.7693   0.3192   0.6331  20.107 2 0.9644
2003  7 17 1o3 ODE 16 12  0.65   0.0979   0.2583   0.0124   0.0161   0.2167   0.0960   0.2763  20.770 1 0.7539
