 288.79   16   -34.91   -9.11
 297.76   16   -37.34   -9.57
 300.65   16   -38.05   -9.64
 303.69   16   -38.86   -9.77
 318.30   16   -41.72   -9.72
 322.14   16   -41.84   -9.70
 326.34   16   -42.25   -9.59
 329.31   16   -42.28   -9.69
 333.17   16   -41.89   -9.29
 335.84   16   -42.24   -9.15
 339.65   16   -42.02   -9.33
 342.38   16   -41.92   -9.33
 345.44   16   -41.76   -8.88
 348.61   16   -41.26   -8.70
 351.52   16   -40.70   -8.61
 354.77   16   -39.94   -8.20
 357.92   16   -39.33   -7.98
 361.37   16   -38.31   -7.61
 364.61   16   -37.29   -7.25
 367.44   16   -36.86   -7.11
 370.63   16   -35.35   -6.69
 373.59   16   -34.39   -6.36
 376.37   16   -33.46   -6.09
 379.44   16   -32.45   -5.70
 383.17   16   -30.59   -5.26
 386.81   16   -29.02   -4.75
 388.67   16   -28.12   -4.55
 390.41   16   -27.35   -4.29
 392.26   16   -26.51   -4.06
 393.87   16   -25.49   -3.89
 357.92    5   -48.87   -8.85
 361.37    5   -47.73   -8.48
 364.61    5   -46.52   -8.14
 367.44    5   -46.03   -7.96
 370.63    5   -44.45   -7.57
 373.59    5   -43.53   -7.27
 376.37    5   -42.69   -7.05
 379.44    5   -42.23   -6.80
 383.17    5   -40.13   -6.32
 386.81    5   -38.62   -5.78
 388.67    5   -37.84   -5.65
 390.41    5   -37.16   -5.43
 392.26    5   -36.39   -5.23
 393.87    5   -35.71   -5.01
 398.02    5   -34.01   -4.55
 594.18   15   -42.32   -9.63
 598.45   15   -42.29   -9.53
 601.97   15   -42.13   -9.53
 605.95   15   -42.43   -9.85
 626.70   15   -40.31   -8.34
 630.66   15   -39.38   -8.14
 334.51   15    30.12    8.44
 337.96   15    31.61    8.70
 341.02   15    32.67    8.91
 344.09   15    34.07    9.10
 347.29   15    35.09    9.28
 349.97   15    36.15    9.39
 353.17   15    36.93    9.46
 356.26   15    38.21    9.62
 359.33   15    39.02    9.66
 362.72   15    39.74    9.75
 366.01   15    40.43    9.79
 368.89   15    41.15    9.76
 372.14   15    41.49    9.81
 396.11   15    42.45    9.54
 404.42   15    41.37    9.02
 406.48   15    41.27    9.20
 408.01   15    41.10    8.79
 410.78   15    40.73    8.74
 412.66   15    40.24    8.46
 414.27   15    39.87    8.32
 415.58   15    39.75    8.19
 416.76   15    39.51    8.02
 419.69   15    38.89    7.83
 420.98   15    38.49    7.69
 422.34   15    38.66    7.57
 423.52   15    37.26    7.38
 425.13   15    37.48    7.26
 427.43   15    36.77    6.98
 429.36   15    35.41    6.72
 431.26   15    34.76    6.53
 433.29   15    33.91    5.99
 435.86   15    33.03    5.98
 437.67   15    32.08    5.59
 439.19   15    32.02    5.55
 441.11   15    31.03    5.22
 442.33   15    30.30    4.78
 443.51   15    29.92    4.85
 444.71   15    29.74    4.75
 445.88   15    29.27    4.76
 447.41   15    28.03    4.45
 448.58   15    28.18    4.52
 449.73   15    27.23    4.16
 481.96   16    27.61    7.97
 484.14   16    27.76    8.07
 485.45   16    28.32    8.13
 486.68   16    28.96    8.38
 488.45   16    29.45    8.69
 489.59   16    30.12    8.50
 490.76   16    31.14    8.64
 491.96   16    30.86    8.75
 494.66   16    31.62    9.20
 495.91   16    32.13    8.94
 497.10   16    33.06    9.30
 498.35   16    33.87    9.22
 499.51   16    33.63    9.11
 501.06   16    34.15    9.29
 502.49   16    35.19    9.28
 587.09   16    34.48    6.55
 590.11   16    32.75    6.00
 591.95   16    32.94    5.82
 595.97   16    30.53    5.17
 599.78   16    28.89    4.71
 583.76    5    51.88   13.92
 334.51   15    30.12    8.44
 337.96   15    31.61    8.70
 341.02   15    32.67    8.91
 344.09   15    34.07    9.10
 347.29   15    35.09    9.28
 349.97   15    36.15    9.39
 353.17   15    36.93    9.46
 356.26   15    38.21    9.62
 359.33   15    39.02    9.66
 362.72   15    39.74    9.75
 366.01   15    40.43    9.79
 368.89   15    41.15    9.76
 372.14   15    41.49    9.81
 396.11   15    42.45    9.54
 404.42   15    41.37    9.02
 406.48   15    41.27    9.20
 408.01   15    41.10    8.79
 410.78   15    40.73    8.74
 412.66   15    40.24    8.46
 414.27   15    39.87    8.32
 415.58   15    39.75    8.19
 416.76   15    39.51    8.02
 419.69   15    38.89    7.83
 420.98   15    38.49    7.69
 422.34   15    38.66    7.57
 423.52   15    37.26    7.38
 425.13   15    37.48    7.26
 427.43   15    36.77    6.98
 429.36   15    35.41    6.72
 431.26   15    34.76    6.53
 433.29   15    33.91    5.99
 435.86   15    33.03    5.98
 437.67   15    32.08    5.59
 439.19   15    32.02    5.55
 441.11   15    31.03    5.22
 442.33   15    30.30    4.78
 443.51   15    29.92    4.85
 444.71   15    29.74    4.75
 445.88   15    29.27    4.76
 447.41   15    28.03    4.45
 448.58   15    28.18    4.52
 449.73   15    27.23    4.16