2001 11 23.958157     5   1  -163.60     20.20
2001 11 23.961306     5   1  -163.54     20.37
2001 11 23.974830     5   1  -163.92     20.96
2001 11 23.978615     5   1  -163.78     21.05
2001 11 23.981915     5   1  -163.25     21.11
2001 11 23.985099     5   1  -162.91     21.14
2001 11 24.001192     5   1  -159.39     21.19
2001 11 24.003786     5   1  -158.40     21.14
2001 11 24.011080     5   1  -156.36     21.11
2001 11 23.978615    16   1   -74.26      7.90
2001 11 23.981915    16   1   -74.62      7.84
2001 11 23.985099    16   1   -75.26      7.94
2001 11 24.001192    16   1   -80.39      8.67
2001 11 24.003786    16   1   -81.88      8.75
2001 11 24.011080    16   1   -85.91      9.62
2001 11 28.977610    16   2   237.12    -28.32
2001 11 28.981176    16   2   238.69    -28.45
2001 11 28.987971    16   2   239.85    -28.74
2001 11 28.991096    16   2   240.89    -28.99
2001 11 28.994245    16   2   241.76    -29.15
2001 11 28.997613    16   2   242.09    -29.39
2001 11 29.001364    16   2   241.90    -29.31
2001 11 29.004582    16   2   242.23    -29.93
2001 11 29.007777    16   2   242.05    -29.89
2001 11 29.011076    16   2   241.34    -29.33
2001 12  2.090173    16   1    93.88    -12.17
2001 12  2.093948    16   1    94.16    -12.31
2001 12  2.097202    16   1    94.41    -12.31
2001 12  2.100399    16   1    94.29    -12.26
2001 12  2.103572    16   1    94.76    -12.21
2001 12  2.106838    16   1    94.99    -12.28
2001 12  2.110439    16   1    95.95    -12.38
2001 12  2.114562    16   1    97.48    -12.74
2001 12  2.988201    16   2   145.69    -20.11
2001 12  2.991907    16   2   145.94    -20.46
2001 12  2.995138    16   2   146.18    -20.56
2001 12  2.998577    16   2   147.08    -20.60
2001 12  3.002561    16   2   147.55    -20.69
2002 01  7.764525    16   3  -203.94     27.44
2002 01  7.770463    16   3  -200.19     27.30
2002 01  7.773947    16   3  -198.72     26.96
2002 01  7.777315    16   3  -197.35     26.67
2002 01  7.780845    16   3  -195.99     26.59
2002 01  7.784248    16   3  -195.24     26.53
2002 01  7.787836    16   3  -194.64     26.38
2002 01  7.791655    16   3  -193.42     26.27
2002 01  7.795463    16   3  -193.00     26.14
2002 01  7.800336    16   3  -192.84     26.34
2002 01  7.764525    14   3  -172.47     25.54
2002 01  7.770463    14   3  -170.23     25.16
2002 01  7.773947    14   3  -168.70     25.22
2002 01  7.777315    14   3  -167.50     24.89
2002 01  7.780845    14   3  -166.67     24.80
2002 01  7.784248    14   3  -165.40     24.71
2002 01  7.787836    14   3  -164.58     24.65
2002 01  7.791655    14   3  -163.31     24.55
2002 01  7.795463    14   3  -162.38     24.27
2002 01  7.800336    14   3  -161.27     24.45
