1954 02 14   3 50 51   05  1 10.90    22 25 38.8    05  1  7.20    22 25 32.8
1954 02 14   3 55 51   05  1 10.91    22 25 38.8    05  1  7.19    22 25 33.9
1954 02 14   4  0 52   05  1 10.92    22 25 38.8    05  1  7.12    22 25 34.0
1954 02 14   4  5 53   05  1 10.93    22 25 38.9    05  1  7.07    22 25 33.9
1954 02 14   4 10 54   05  1 10.94    22 25 38.9    05  1  7.09    22 25 33.8
1954 02 14   4 15 55   05  1 10.94    22 25 39.0    05  1  7.09    22 25 34.6
1954 02 14   4 35 43   05  1 10.98    22 25 39.2    05  1  7.09    22 25 34.4
1954 02 14   4 40 44   05  1 10.99    22 25 39.2    05  1  7.08    22 25 33.9
1954 02 14   4 46  0   05  1 11.00    22 25 39.3    05  1  7.15    22 25 35.4
1954 02 14   4 51  1   05  1 11.01    22 25 39.3    05  1  7.13    22 25 34.7
1954 02 14   4 56  1   05  1 11.02    22 25 39.4    05  1  7.24    22 25 35.1
1954 02 14   5  1  2   05  1 11.03    22 25 39.4    05  1  7.27    22 25 36.0
1954 02 14   5  6  3   05  1 11.04    22 25 39.4    05  1  7.48    22 25 34.5
1954 02 14   5 11  4   05  1 11.05    22 25 39.5    05  1  7.51    22 25 34.4
1954 02 21   3 11 37   05  1 54.16    22 27 56.5    05  1 50.66    22 27 52.0
1954 02 21   3 18 39   05  1 54.21    22 27 56.7    05  1 50.60    22 27 51.3
1954 02 21   3 25 40   05  1 54.25    22 27 56.8    05  1 50.59    22 27 52.1
1954 02 21   3 32 41   05  1 54.29    22 27 56.9    05  1 50.54    22 27 51.9
1954 02 21   3 39 42   05  1 54.33    22 27 57.0    05  1 50.60    22 27 52.3
1954 02 21   3 46 43   05  1 54.37    22 27 57.1    05  1 50.58    22 27 52.3
1954 02 21   3 53 44   05  1 54.41    22 27 57.2    05  1 50.60    22 27 52.1
1954 02 21   4  0 45   05  1 54.45    22 27 57.3    05  1 50.72    22 27 52.4
1954 02 21   4  7 47   05  1 54.50    22 27 57.4    05  1 50.93    22 27 54.1
1954 02 21   4 21 49   05  1 54.58    22 27 57.6    05  1 51.03    22 27 53.3
1954 02 21   4 28 50   05  1 54.62    22 27 57.7    05  1 51.06    22 27 54.1
1954 02 22   3 17 39   05  2  3.77    22 28 20.8    05  2  0.22    22 28 15.5
1954 02 22   3 22 41   05  2  3.81    22 28 20.9    05  2  0.12    22 28 15.6
1954 02 22   3 27 41   05  2  3.84    22 28 21.0    05  2  0.18    22 28 15.9
1954 02 22   3 32 42   05  2  3.87    22 28 21.1    05  2  0.19    22 28 16.2
1954 02 22   3 37 43   05  2  3.90    22 28 21.2    05  2  0.18    22 28 15.5
1954 02 22   3 42 43   05  2  3.94    22 28 21.2    05  2  0.20    22 28 16.4
1954 02 22   3 47 44   05  2  3.97    22 28 21.3    05  2  0.18    22 28 16.0
1954 02 22   3 52 45   05  2  4.00    22 28 21.4    05  2  0.19    22 28 16.4
1954 02 22   3 57 46   05  2  4.03    22 28 21.5    05  2  0.33    22 28 16.3
1954 02 22   4  2 47   05  2  4.07    22 28 21.6    05  2  0.33    22 28 17.4
1954 02 22   4  7 48   05  2  4.10    22 28 21.6    05  2  0.38    22 28 17.0
1954 02 22   4 12 48   05  2  4.13    22 28 21.7    05  2  0.48    22 28 17.7
1954 02 22   4 17 49   05  2  4.16    22 28 21.8    05  2  0.49    22 28 18.0
1954 02 22   4 22 50   05  2  4.20    22 28 21.9    05  2  0.58    22 28 18.0
1954 02 22   4 27 51   05  2  4.23    22 28 21.9    05  2  0.63    22 28 18.0
1954 02 22   4 32 52   05  2  4.26    22 28 22.0    05  2  0.72    22 28 17.7