1999 10  8 21.213611  5   1   -41.51    -21.12
1999 10  8 21.300000  5   1   -41.45    -21.12
1999 10  8 21.364722  5   1   -41.41    -21.16
1999 10  8 21.431944  5   1   -41.14    -21.18
1999 10  8 21.505278  5   1   -41.25    -21.24
1999 10  8 21.573056  5   1   -41.37    -21.31
1999 10 13 20.360556  5   1   104.21     35.23
1999 10 13 20.461389  5   1   104.61     35.13
1999 10 13 20.558889  5   1   104.91     35.05
1999 10 13 20.658333  5   1   104.72     34.91
1999 10 13 20.755833  5   1   104.61     34.53
1999 10 13 20.945556  5   1   104.15     34.09
1999 10 13 21.043333  5   1   103.80     33.59
1999 10 13 21.144722  5   1   103.10     33.16
1999 10 13 21.338333  5   1   101.26     32.18
1999 11  2 18.874354  5   1   -80.94    -33.20
1999 11  2 18.972696  5   1   -79.86    -32.82
1999 11  2 19.070482  5   1   -78.93    -32.35
1999 11  2 19.166324  5   1   -78.03    -31.94
1999 11  2 19.292724  5   1   -76.98    -31.64
1999 11  2 19.389677  5   1   -76.45    -31.46
1999 11  2 19.486630  5   1   -75.91    -31.34
1999 10  8 21.213611  5   2   232.68     98.20
1999 10  8 21.300000  5   2   234.91     98.94
1999 10  8 21.364722  5   2   236.47     99.20
1999 10  8 21.431944  5   2   238.04     99.47
1999 10  8 21.505278  5   2   239.56    100.02
1999 10  8 21.573056  5   2   241.00    100.59
1999 10 13 20.360556  5   3  -187.94    -55.72
1999 10 13 20.461389  5   3  -184.84    -54.52
1999 10 13 20.558889  5   3  -181.87    -53.49
1999 10 13 20.658333  5   3  -179.24    -52.32
1999 10 13 20.755833  5   3  -176.41    -51.52
1999 10 13 20.945556  5   3  -171.57    -49.66
1999 10 13 21.043333  5   3  -169.28    -49.06
1999 10 13 21.144722  5   3  -167.20    -48.19
1999 10 13 21.338333  5   3  -163.37    -46.88
1999 10 13 21.437778  5   3  -161.81    -46.44
1999 10 13 21.541389  5   3  -159.96    -45.72
1999 10 13 21.643333  5   3  -158.52    -45.33
1999 11  2 18.874354  5   2   245.17    105.08
1999 11  2 18.972696  5   2   247.37    105.86
1999 11  2 19.070482  5   2   249.64    106.34
1999 11  2 19.166324  5   2   251.68    107.15
1999 11  2 19.292724  5   2   254.04    107.62
1999 11  2 19.389677  5   2   255.46    108.11
1999 11  2 19.486630  5   2   256.80    108.22
1999 10 13 20.755833 14   1   117.82     36.94
1999 10 13 20.945556 14   1   111.33     34.13
1999 10 13 21.043333 14   1   108.35     32.62
1999 10 13 21.338333 14   1    97.34     28.09
1999 10 25 22.675556 14   1   208.19     83.93
1999 10 25 22.793611 14   1   207.51     83.29
1999 10 25 22.893333 14   1   207.34     82.79
1999 10 25 23.001389 14   1   206.38     82.30
1999 10 25 23.241111 14   1   204.86     80.85
1999 10 25 23.347639 14   1   203.64     80.09
1999 10 25 23.609444 14   1   200.47     78.06
1999 10 25 23.773889 14   1   197.75     76.51
1999 10 26 00.384444 14   1   185.84     69.97
1999 10 26 00.661528 14   1   178.48     66.47
1999 11  2 17.650911 14   1  -184.59    -78.96
1999 11  2 17.738141 14   1  -184.51    -78.76
1999 11  2 18.267077 14   1  -182.03    -76.24
1999 11  2 18.356807 14   1  -181.28    -75.49
1999 11  2 18.457094 14   1  -180.60    -74.92
1999 11  2 18.552380 14   1  -179.31    -74.08
1999 11  2 18.874354 14   1  -175.32    -71.69
1999 11  2 18.972696 14   1  -174.01    -70.77
1999 11  2 22.770257 14   1   -79.54    -25.80
1999 11  2 22.886656 14   1   -76.46    -24.71
1999 11  2 23.024724 14   1   -73.22    -23.00
1999 11  2 23.346419 14   1   -65.83    -20.10
1999 11  2 23.435872 14   1   -63.66    -18.98
1999 11  2 23.586163 14   1   -60.79    -17.87
1999 10 13 20.755833 14   3  -163.20    -49.11
1999 10 13 20.945556 14   3  -164.39    -49.62
1999 10 13 21.043333 14   3  -164.73    -50.03
1999 10 13 21.338333 14   3  -167.29    -50.97
1999 10 25 22.675556 14   3   -94.39    -56.24
1999 10 25 22.793611 14   3   -95.91    -57.12
1999 10 25 22.893333 14   3   -97.06    -57.60
1999 10 25 23.001389 14   3   -98.55    -58.37
1999 10 25 23.241111 14   3  -102.48    -60.18
1999 10 25 23.347639 14   3  -104.31    -61.04
1999 10 25 23.609444 14   3  -109.14    -63.38
1999 10 25 23.773889 14   3  -112.97    -65.02
1999 10 26 00.384444 14   3  -127.61    -71.52
1999 10 26 00.661528 14   3  -135.86    -74.92
1999 11  2 17.650911 14   2   123.80     54.81
1999 11  2 17.738141 14   2   125.09     55.52
1999 11  2 18.267077 14   2   136.09     60.19
1999 11  2 18.356807 14   2   138.08     61.14
1999 11  2 18.457094 14   2   140.04     61.96
1999 11  2 18.552380 14   2   142.76     63.30
1999 11  2 18.874354 14   2   150.79     66.59
1999 11  2 18.972696 14   2   153.22     67.90
1999 11  2 22.770257 14   2   263.01    110.34
1999 11  2 22.886656 14   2   265.51    110.86
1999 11  2 23.024724 14   2   268.25    112.04
1999 11  2 23.346419 14   2   273.81    113.38
1999 11  2 23.435872 14   2   275.33    114.22
1999 11  2 23.586163 14   2   277.44    114.71
1999 10  8 21.213611 16   1   -49.28    -26.06
1999 10  8 21.300000 16   1   -50.82    -26.61
1999 10  8 21.364722 16   1   -51.67    -26.72
1999 10  8 21.431944 16   1   -52.60    -27.30
1999 10  8 21.505278 16   1   -54.22    -28.02
1999 10  8 21.573056 16   1   -55.62    -28.75
1999 10  8 21.639444 16   1   -57.25    -29.14
1999 10  8 21.701944 16   1   -58.58    -29.79
1999 10  8 21.774722 16   1   -60.90    -31.06
1999 11  2 18.874354 16   1  -169.67    -71.35
1999 11  2 18.972696 16   1  -170.03    -71.49
1999 11  2 22.770257 16   1   -89.75    -34.08
1999 11  2 22.886656 16   1   -89.68    -33.77
1999 11  2 23.024724 16   1   -90.62    -34.53
1999 10  8 21.213611 16   2   224.91     93.31
1999 10  8 21.300000 16   2   225.55     93.49
1999 10  8 21.364722 16   2   226.22     93.69
1999 10  8 21.431944 16   2   226.59     93.39
1999 10  8 21.505278 16   2   226.59     93.30
1999 10  8 21.573056 16   2   226.76     93.20
1999 10  8 21.639444 16   2   226.63     93.09
1999 10  8 21.701944 16   2   226.45     92.67
1999 10  8 21.774722 16   2   226.08     92.02
1999 11  2 18.874354 16   2   156.43     66.93
1999 11  2 18.972696 16   2   157.19     67.19
1999 11  2 22.770257 16   2   252.81    102.06
1999 11  2 22.886656 16   2   252.29    101.81
1999 11  2 23.024724 16   2   250.84    100.51
2000 11 03 23.762479 16  14   -20.389    -5.910
2000 11 03 23.842803 16  14   -22.637    -6.316
2000 11 03 23.925350 16  14   -25.025    -6.955
2000 11 04 00.002061 16  14   -27.211    -7.704
2000 11 04 00.078216 16  14   -30.501    -7.909
2000 11 04 00.153815 16  14   -33.317    -8.246
2000 11 03 23.762479 16   1   154.334    27.840
2000 11 03 23.842803 16   1   154.125    27.130
2000 11 03 23.925350 16   1   154.164    26.921
2000 11 04 00.002061 16   1   153.896    26.257
2000 11 04 00.078216 16   1   152.007    26.041
2000 11 04 00.153815 16   1   150.963    25.721
2000 11 06 00.959086 16  14   -27.596    -5.744
2000 11 06 01.041078 16  14   -28.546    -5.797
2000 11 06 01.144472 16  14   -29.752    -5.659
2000 11 06 01.227020 16  14   -31.400    -6.266
2000 11 06 01.304843 16  14   -32.582    -6.346
2000 11 06 01.391283 16  14   -34.512    -6.294
2000 11 06 01.474109 16  14   -36.715    -6.997
2000 11 06 01.562772 16  14   -38.569    -7.659
2000 11 17 19.522041 16  14    98.598    19.511
2000 11 17 19.608483 16  14   100.709    19.134
2000 11 17 19.691034 16  14   102.608    19.521
2000 11 17 19.772194 16  14   103.766    19.530
2000 11 17 19.840847 16  14   105.001    19.596
2000 11 17 19.916171 16  14   106.494    19.038
2000 11 17 19.977598 16  14   106.766    18.865
2000 11 17 20.047085 16  14   107.622    19.449
2000 11 17 20.123242 16  14   107.976    18.830