2457028.696810 05 143.813188 15.279286
2457028.697181 05 143.813120 15.279310
2457028.697924 05 143.813164 15.279375
2457028.698295 05 143.813138 15.279313
2457028.698666 05 143.813148 15.279328
2457028.699408 05 143.813187 15.279378
2457028.699780 05 143.813193 15.279308
2457028.700151 05 143.813128 15.279383
2457028.702368 05 143.813071 15.279401
2457028.704224 05 143.813052 15.279407
2457119.332483 05 135.136185 18.002290
2457119.333996 05 135.136303 18.002191
2457119.335509 05 135.136456 18.002134
2457119.338536 05 135.136814 18.001998
2457119.339293 05 135.136872 18.001979
2457119.340806 05 135.137068 18.001979
2457119.341725 05 135.137121 18.001948
2457119.342481 05 135.137186 18.001898
2457119.344751 05 135.137431 18.001845
2457119.345508 05 135.137496 18.001849
2457119.346264 05 135.137498 18.001809
2457119.347021 05 135.137624 18.001803
2457119.347777 05 135.137685 18.001792
2457119.348534 05 135.137741 18.001762
2457119.349290 05 135.137775 18.001735
2457119.350046 05 135.137889 18.001675
2457119.350803 05 135.137921 18.001685
2457119.351560 05 135.137987 18.001620
2457119.352316 05 135.138056 18.001622
2457119.353830 05 135.138167 18.001597
2457119.354586 05 135.138210 18.001530
2457119.356856 05 135.138352 18.001530
2457119.357612 05 135.138393 18.001480
2457119.362153 05 135.138697 18.001375
2457119.363666 05 135.138752 18.001367
2457029.411664 14 143.719943 15.313867
2457029.413352 14 143.719727 15.314000
2457029.414095 14 143.719649 15.313964
2457029.414466 14 143.719654 15.314057
2457029.414837 14 143.719634 15.313977
2457029.415208 14 143.719580 15.314006
2457029.415579 14 143.719504 15.314065
2457029.417321 14 143.719357 15.314095
2457029.418063 14 143.719305 15.314093
2457029.418434 14 143.719316 15.314124
2457029.418806 14 143.719247 15.314134
2457029.419177 14 143.719191 15.314156
2457029.420290 14 143.719125 15.314181
2457029.420661 14 143.719097 15.314235
2457029.421032 14 143.719041 15.314208
2457029.421403 14 143.719063 15.314240
2457029.421774 14 143.719013 15.314244
2457029.422146 14 143.718990 15.314273
2457029.422517 14 143.718929 15.314335