  1 22059501 1995 5 22 22 20 49.5  5  53.739  -8.142  54.300  -7.700 -0.561 -0.442
  1 22059501 1995 5 22 22 20 49.5 14 -39.358   7.471 -37.100   8.000 -2.258 -0.529
  2 22059502 1995 5 22 22 25 22.0  5  54.461  -8.065  55.000  -7.700 -0.539 -0.365
  2 22059502 1995 5 22 22 25 22.0 14 -41.118   7.563 -38.900   8.200 -2.218 -0.637
  3 22059503 1995 5 22 22 26 35.5  5  54.548  -8.053  55.100  -7.700 -0.552 -0.353
  3 22059503 1995 5 22 22 26 35.5 14 -41.623   7.676 -39.300   8.300 -2.323 -0.624
  4 22059504 1995 5 22 22 27 54.0  5  54.909  -8.068  55.300  -7.700 -0.391 -0.368
  4 22059504 1995 5 22 22 27 54.0 14 -41.990   7.719 -39.800   8.300 -2.190 -0.581
  5 22059505 1995 5 22 22 31 23.0  5  55.321  -8.054  55.700  -7.600 -0.379 -0.454
  6 22059507 1995 5 22 22 35 34.5  5  55.764  -8.029  56.100  -7.600 -0.336 -0.429
  6 22059507 1995 5 22 22 35 34.5 14 -44.760   7.799 -42.600   8.600 -2.160 -0.801
  7 22059508 1995 5 22 22 37  7.5  5  55.865  -7.878  56.200  -7.600 -0.335 -0.278
  7 22059508 1995 5 22 22 37  7.5 14 -45.285   7.775 -43.200   8.600 -2.085 -0.825
  8 22059509 1995 5 22 22 38 17.5  5  56.076  -7.956  56.300  -7.600 -0.224 -0.356
  8 22059509 1995 5 22 22 38 17.5 14 -45.835   8.006 -43.600   8.700 -2.235 -0.694
  9 22059510 1995 5 22 22 39 52.0  5  56.235  -7.987  56.400  -7.500 -0.165 -0.487
  9 22059510 1995 5 22 22 39 52.0 14 -46.377   7.925 -44.100   8.700 -2.277 -0.775
 10 22059511 1995 5 22 22 41 10.0  5  56.414  -8.014  56.500  -7.500 -0.086 -0.514
 10 22059511 1995 5 22 22 41 10.0 14 -46.747   7.918 -44.600   8.700 -2.147 -0.782
 11 22059512 1995 5 22 22 42 13.5  5  56.487  -7.940  56.600  -7.500 -0.113 -0.440
 11 22059512 1995 5 22 22 42 13.5 14 -47.070   8.013 -44.900   8.800 -2.170 -0.787
 12 22059513 1995 5 22 22 44 19.0  5  56.855  -7.998  56.700  -7.500  0.155 -0.498
 12 22059513 1995 5 22 22 44 19.0 14 -47.570   7.979 -45.700   8.800 -1.870 -0.821
 13 22059514 1995 5 22 22 46 46.0  5  56.949  -7.935  56.800  -7.400  0.149 -0.535
 13 22059514 1995 5 22 22 46 46.0 14 -48.390   8.063 -46.500   8.900 -1.890 -0.837
 14 22059515 1995 5 22 22 47 50.0  5  57.073  -7.933  56.900  -7.400  0.173 -0.533
 14 22059515 1995 5 22 22 47 50.0 14 -48.757   8.077 -46.900   8.900 -1.857 -0.823
 15 22059516 1995 5 22 22 48 57.5  5  57.161  -7.929  56.900  -7.400  0.261 -0.529
 15 22059516 1995 5 22 22 48 57.5 14 -49.096   8.002 -47.200   9.000 -1.896 -0.998
 16 22059517 1995 5 22 22 50  0.0  5  57.020  -7.897  56.900  -7.400  0.120 -0.497
 16 22059517 1995 5 22 22 50  0.0 14 -49.547   8.115 -47.600   9.000 -1.947 -0.885
 17 22059518 1995 5 22 22 51 17.5  5  57.006  -7.935  57.000  -7.300  0.006 -0.635
 17 22059518 1995 5 22 22 51 17.5 14 -50.013   8.060 -48.000   9.000 -2.013 -0.940
 18 22059519 1995 5 22 22 52 33.5  5  57.185  -7.836  57.000  -7.300  0.185 -0.536
 18 22059519 1995 5 22 22 52 33.5 14 -50.305   8.127 -48.400   9.100 -1.905 -0.973
 19 22059520 1995 5 22 22 54 57.0  5  57.229  -7.855  57.000  -7.300  0.229 -0.555
 19 22059520 1995 5 22 22 54 57.0 14 -51.079   8.117 -49.200   9.100 -1.879 -0.983
 20 22059521 1995 5 22 22 56 23.0  5  57.295  -7.828  57.000  -7.200  0.295 -0.628
 20 22059521 1995 5 22 22 56 23.0 14 -51.372   8.093 -49.600   9.200 -1.772 -1.107
 21 22059522 1995 5 22 22 57 25.0  5  57.418  -7.852  57.000  -7.200  0.418 -0.652
 21 22059522 1995 5 22 22 57 25.0 14 -51.686   8.114 -50.000   9.200 -1.686 -1.086
 22 22059523 1995 5 22 22 58 24.0  5  57.316  -7.796  57.000  -7.200  0.316 -0.596
 22 22059523 1995 5 22 22 58 24.0 14 -52.051   8.205 -50.300   9.200 -1.751 -0.995
 23 22059524 1995 5 22 22 59 28.0  5  57.263  -7.569  57.000  -7.100  0.263 -0.469
 23 22059524 1995 5 22 22 59 28.0 14 -52.562   8.318 -50.600   9.200 -1.962 -0.882
 24 22059525 1995 5 22 23  0 44.0  5  57.239  -7.558  57.000  -7.100  0.239 -0.458
 24 22059525 1995 5 22 23  0 44.0 14 -52.889   8.270 -51.000   9.300 -1.889 -1.030
 25 22059526 1995 5 22 23  2  8.0  5  57.427  -7.580  56.900  -7.100  0.527 -0.480
 25 22059526 1995 5 22 23  2  8.0 14 -53.205   8.426 -51.400   9.300 -1.805 -0.874
 26 22059527 1995 5 22 23  2 59.0  5  57.310  -7.521  56.900  -7.000  0.410 -0.521
 26 22059527 1995 5 22 23  2 59.0 14 -53.507   8.307 -51.700   9.300 -1.807 -0.993
 27 22059528 1995 5 22 23  3 59.5  5  57.465  -7.606  56.900  -7.000  0.565 -0.606
 27 22059528 1995 5 22 23  3 59.5 14 -53.622   8.290 -52.000   9.400 -1.622 -1.110
 28 22059529 1995 5 22 23  5 24.5  5  57.445  -7.597  56.800  -7.000  0.645 -0.597
 28 22059529 1995 5 22 23  5 24.5 14 -54.024   8.286 -52.400   9.400 -1.624 -1.114
 29 22059530 1995 5 22 23  7 48.5  5  57.424  -7.566  56.700  -6.900  0.724 -0.666
 29 22059530 1995 5 22 23  7 48.5 14 -54.707   8.341 -53.100   9.400 -1.607 -1.059
 30 22059531 1995 5 22 23  9 37.0  5  57.348  -7.483  56.600  -6.900  0.748 -0.583
 30 22059531 1995 5 22 23  9 37.0 14 -55.325   8.288 -53.700   9.500 -1.625 -1.212
 31 22059532 1995 5 22 23 14 40.5  5  56.895  -7.232  56.300  -6.700  0.595 -0.532
 31 22059532 1995 5 22 23 14 40.5 14 -56.798   8.462 -55.100   9.600 -1.698 -1.138
 32 22059533 1995 5 22 23 15 46.5  5  56.867  -7.207  56.200  -6.600  0.667 -0.607
 32 22059533 1995 5 22 23 15 46.5 14 -57.198   8.521 -55.400   9.600 -1.798 -1.079
 33 22059534 1995 5 22 23 17 53.5  5  56.672  -7.056  56.000  -6.600  0.672 -0.456
 33 22059534 1995 5 22 23 17 53.5 14 -57.640   8.545 -56.000   9.600 -1.640 -1.055
 34 22059535 1995 5 22 23 19 10.0  5  56.651  -7.028  55.800  -6.500  0.851 -0.528
 34 22059535 1995 5 22 23 19 10.0 14 -58.020   8.616 -56.300   9.600 -1.720 -0.984
 35 22059536 1995 5 22 23 20 20.5  5  56.547  -6.991  55.700  -6.500  0.847 -0.491
 35 22059536 1995 5 22 23 20 20.5 14 -58.300   8.619 -56.600   9.700 -1.700 -1.081
 36 22059537 1995 5 22 23 21 28.0  5  56.370  -6.972  55.600  -6.400  0.770 -0.572
 36 22059537 1995 5 22 23 21 28.0 14 -58.563   8.559 -56.900   9.700 -1.663 -1.141
 37 22059538 1995 5 22 23 23 56.0  5  56.570  -7.081  55.300  -6.400  1.270 -0.681
 37 22059538 1995 5 22 23 23 56.0 14 -58.805   8.441 -57.600   9.700 -1.205 -1.259
 38 22059539 1995 5 22 23 26 37.0  5  56.047  -6.905  55.000  -6.200  1.047 -0.705
 38 22059539 1995 5 22 23 26 37.0 14 -59.869   8.493 -58.300   9.800 -1.569 -1.307
 39 22059540 1995 5 22 23 28 18.0  5  55.879  -6.867  54.800  -6.200  1.079 -0.667
 39 22059540 1995 5 22 23 28 18.0 14 -60.029   8.472 -58.700   9.800 -1.329 -1.328
 40 22059541 1995 5 22 23 29 36.0  5  55.923  -6.851  54.600  -6.100  1.323 -0.751
 40 22059541 1995 5 22 23 29 36.0 14 -60.167   8.491 -59.000   9.800 -1.167 -1.309
 41 22059542 1995 5 22 23 30 32.0  5  55.688  -6.760  54.400  -6.100  1.288 -0.660
 41 22059542 1995 5 22 23 30 32.0 14 -60.535   8.489 -59.200   9.800 -1.335 -1.311
 42 22059543 1995 5 22 23 31 56.0  5  55.433  -6.793  54.200  -6.000  1.233 -0.793
 42 22059543 1995 5 22 23 31 56.0 14 -60.918   8.441 -59.500   9.800 -1.418 -1.359
 43 22059544 1995 5 22 23 36 48.0  5  54.847  -6.574  53.400  -5.800  1.447 -0.774
 43 22059544 1995 5 22 23 36 48.0 14 -62.285   8.441 -60.700   9.900 -1.585 -1.459
 44 22059545 1995 5 22 23 38 19.5  5  54.317  -6.452  53.100  -5.700  1.217 -0.752
 44 22059545 1995 5 22 23 38 19.5 14 -62.661   8.533 -61.000   9.900 -1.661 -1.367
 45 22059546 1995 5 22 23 39 26.5  5  54.110  -6.304  52.900  -5.700  1.210 -0.604
 45 22059546 1995 5 22 23 39 26.5 14 -62.826   8.588 -61.200   9.900 -1.626 -1.312
 46 22059547 1995 5 22 23 44 20.0  5  53.561  -6.241  52.000  -5.500  1.561 -0.741
 46 22059547 1995 5 22 23 44 20.0 14 -63.540   8.470 -62.300   9.900 -1.240 -1.430
 47 22059548 1995 5 22 23 45 42.0  5  53.397  -6.149  51.700  -5.400  1.697 -0.749
 47 22059548 1995 5 22 23 45 42.0 14 -63.611   8.558 -62.600   9.900 -1.011 -1.342
 48 22059549 1995 5 22 23 47  2.5  5  52.946  -6.012  51.400  -5.300  1.546 -0.712
 48 22059549 1995 5 22 23 47  2.5 14 -63.933   8.533 -62.800   9.900 -1.133 -1.367
 49 22059550 1995 5 22 23 48 13.5  5  52.631  -5.941  51.200  -5.300  1.431 -0.641
 49 22059550 1995 5 22 23 48 13.5 14 -64.483   8.531 -63.100   9.900 -1.383 -1.369
 50 22059551 1995 5 22 23 50 52.5  5  51.923  -5.724  50.600  -5.100  1.323 -0.624
 50 22059551 1995 5 22 23 50 52.5 14 -64.962   8.632 -63.600  10.000 -1.362 -1.368
 51 12069503 1995 6 12 21 41 55.5  5  54.031  -8.069  53.200  -7.200  0.831 -0.869
 52 12069504 1995 6 12 21 43  2.5  5  53.859  -8.157  53.000  -7.200  0.859 -0.957
 53 12069505 1995 6 12 21 43 59.5  5  53.599  -7.507  52.800  -7.100  0.799 -0.407
 54 12069506 1995 6 12 21 45  4.5  5  53.426  -7.436  52.600  -7.100  0.826 -0.336
 55 12069507 1995 6 12 21 50 31.5  5  52.614  -7.263  51.500  -6.800  1.114 -0.463
 56 12069508 1995 6 12 21 52 25.0  5  53.220  -6.770  51.100  -6.700  2.120 -0.070
 57 12069509 1995 6 12 21 54  2.0  5  52.738  -6.906  50.700  -6.600  2.038 -0.306
 58 12069510 1995 6 12 21 55 44.0  5  52.392  -6.750  50.400  -6.500  1.992 -0.250
 59 12069511 1995 6 12 21 58 32.0  5  51.617  -6.795  49.700  -6.300  1.917 -0.495
 60 12069512 1995 6 12 22  3  8.0  5  50.814  -6.433  48.500  -6.100  2.314 -0.333
 61 12069513 1995 6 12 22  4 32.0  5  50.602  -6.024  48.200  -6.000  2.402 -0.024
 62 12069514 1995 6 12 22  6 56.0  5  50.213  -6.105  47.500  -5.900  2.713 -0.205
 63 12069515 1995 6 12 22  8 27.0  5  49.391  -5.732  47.100  -5.800  2.291  0.068
 64 12069516 1995 6 12 22 10 46.0  5  48.909  -5.681  46.500  -5.600  2.409 -0.081
 65 12069517 1995 6 12 22 12 22.0  5  48.881  -5.585  46.000  -5.500  2.881 -0.085
 66 12069518 1995 6 12 22 13 37.0  5  48.514  -5.533  45.600  -5.400  2.914 -0.133
 67 12069519 1995 6 12 22 14 48.0  5  47.875  -5.187  45.300  -5.400  2.575  0.213
 68 12069520 1995 6 12 22 19 19.5  5  45.116  -5.308  43.900  -5.100  1.216 -0.208
 69 12069521 1995 6 12 22 21 34.0  5  46.504  -4.826  43.200  -4.900  3.304  0.074
 70 12069522 1995 6 12 22 23 27.0  5  45.481  -4.666  42.500  -4.800  2.981  0.134
 71 12069523 1995 6 12 22 25 23.0  5  44.593  -4.516  41.900  -4.700  2.693  0.184
 72 12069524 1995 6 12 22 26 52.0  5  43.655  -4.722  41.400  -4.600  2.255 -0.122
 73 12069525 1995 6 12 22 28 14.0  5  43.179  -4.469  40.900  -4.500  2.279  0.031
 74 12069526 1995 6 12 22 29 29.0  5  42.592  -4.553  40.500  -4.400  2.092 -0.153
 75 12069527 1995 6 12 22 30 50.0  5  42.842  -3.939  40.000  -4.300  2.842  0.361
 76 12069528 1995 6 12 22 33 26.0  5  41.753  -4.370  39.100  -4.100  2.653 -0.270
 77 12069529 1995 6 12 22 34 41.5  5  40.282  -4.538  38.600  -4.000  1.682 -0.538
 78 12069530 1995 6 12 22 35 48.5  5  39.896  -4.288  38.200  -3.900  1.696 -0.388
 79 12069531 1995 6 12 22 36 54.5  5  39.232  -4.528  37.800  -3.900  1.432 -0.628
 80 12069532 1995 6 12 22 37 54.5  5  38.983  -4.170  37.400  -3.800  1.583 -0.370
 81 12069533 1995 6 12 22 38 55.5  5  38.519  -3.941  37.100  -3.700  1.419 -0.241
 82 12069534 1995 6 12 22 40 30.5  5  38.342  -4.572  36.500  -3.600  1.842 -0.972
 83 12069535 1995 6 12 22 41 41.5  5  37.969  -4.279  36.000  -3.500  1.969 -0.779
 84 12069536 1995 6 12 22 42 50.5  5  36.646  -3.185  35.600  -3.400  1.046  0.215
 85 12069537 1995 6 12 22 44 18.5  5  36.537  -3.751  35.000  -3.300  1.537 -0.451
 86 12069539 1995 6 12 22 48 11.5  5  34.524  -3.844  33.400  -3.000  1.124 -0.844
 87 12069540 1995 6 12 22 49 56.5  5  34.528  -3.848  32.700  -2.900  1.828 -0.948
 88 14099501 1995 9 14 19 30 27.5  5 -43.806   5.855 -43.000   5.900 -0.806 -0.045
 89 14099502 1995 9 14 19 31 47.0  5 -43.576   6.122 -42.800   5.800 -0.776  0.322
 90 14099503 1995 9 14 19 34 15.0  5 -43.299   6.021 -42.500   5.700 -0.799  0.321
 91 14099504 1995 9 14 19 35 29.0  5 -43.177   5.955 -42.300   5.700 -0.877  0.255
 92 14099505 1995 9 14 19 36 31.0  5 -43.088   5.922 -42.200   5.600 -0.888  0.322
 93 14099506 1995 9 14 19 38 31.0  5 -42.858   5.803 -41.900   5.500 -0.958  0.303
 94 14099507 1995 9 14 19 41 41.0  5 -42.587   5.803 -41.400   5.400 -1.187  0.403
 95 14099508 1995 9 14 19 44 16.0  5 -42.015   5.543 -41.000   5.300 -1.015  0.243
 96 14099509 1995 9 14 19 47 28.0  5 -41.410   5.509 -40.400   5.100 -1.010  0.409
 97 14099510 1995 9 14 19 50 10.0  5 -40.986   5.444 -39.900   5.000 -1.086  0.444
 98 14099511 1995 9 14 19 51 26.0  5 -40.789   5.387 -39.700   5.000 -1.089  0.387
 99 14099512 1995 9 14 19 52 52.0  5 -40.565   5.291 -39.400   4.900 -1.165  0.391
100 14099513 1995 9 14 19 54 15.0  5 -40.315   5.230 -39.100   4.800 -1.215  0.430
101 14099514 1995 9 14 19 55 37.0  5 -39.954   5.190 -38.900   4.800 -1.054  0.390
102 14099515 1995 9 14 19 56 46.5  5 -39.753   4.982 -38.600   4.700 -1.153  0.282
103 14099516 1995 9 14 19 58 49.5  5 -39.430   4.968 -38.200   4.600 -1.230  0.368
104 14099517 1995 9 14 20  0 28.0  5 -39.005   4.927 -37.800   4.500 -1.205  0.427
105 14099518 1995 9 14 20  2  2.0  5 -38.852   4.808 -37.500   4.400 -1.352  0.408
106 14099519 1995 9 14 20  3  0.0  5 -38.715   4.619 -37.300   4.400 -1.415  0.219
107 14099520 1995 9 14 20  3 43.0  5 -37.656   4.539 -37.100   4.400 -0.556  0.139
108 14099521 1995 9 14 20  4 28.0  5 -37.832   4.553 -36.900   4.300 -0.932  0.253
109 14099522 1995 9 14 20  5 11.0  5 -37.891   4.514 -36.800   4.300 -1.091  0.214
110 14099523 1995 9 14 20  5 55.0  5 -37.465   4.416 -36.600   4.200 -0.865  0.216
111 14099524 1995 9 14 20  6 39.0  5 -37.863   4.946 -36.400   4.200 -1.463  0.746
112 14099525 1995 9 14 20  7 25.0  5 -37.679   4.815 -36.200   4.200 -1.479  0.615
113 14099526 1995 9 14 20  8 40.0  5 -37.266   4.418 -35.900   4.100 -1.366  0.318
114 14099527 1995 9 14 20 10 24.0  5 -36.850   4.292 -35.500   4.000 -1.350  0.292
115 14099528 1995 9 14 20 11 40.0  5 -36.553   4.339 -35.200   3.900 -1.353  0.439
116 14099529 1995 9 14 20 12 58.0  5 -36.219   4.298 -34.900   3.900 -1.319  0.398
117 14099530 1995 9 14 20 14 15.0  5 -35.935   4.164 -34.600   3.800 -1.335  0.364
118 14099531 1995 9 14 20 15 31.0  5 -35.636   4.035 -34.200   3.700 -1.436  0.335
119 14099532 1995 9 14 20 16 47.0  5 -35.263   4.053 -33.900   3.700 -1.363  0.353
120 14099533 1995 9 14 20 18  4.0  5 -35.006   3.963 -33.600   3.600 -1.406  0.363
121 14099534 1995 9 14 20 20 59.0  5 -34.228   3.708 -32.800   3.400 -1.428  0.308
122 14099535 1995 9 14 20 22 26.0  5 -34.028   3.574 -32.400   3.300 -1.628  0.274