06  2005 05 05.37261  12 38 54.76  -02 44 38.5   608  76730     16.6
06  2005 05 05.38311  12 38 54.48  -02 44 36.3   608  76730     16.6
06  2005 05 05.39343  12 38 54.24  -02 44 34.4   608  76730     16.6
06  2009 07 01.450631 21 59 35.464 -13 19 00.80  689  75143
06  2009 07 06.435986 21 58 29.581 -13 21 54.66  689  75143
06  2009 07 07.433579 21 58 13.735 -13 22 42.01  689  75143
06  2009 07 08.429956 21 57 57.041 -13 23 34.01  689  75143
06  2009 07 22.387751 21 52 36.456 -13 43 03.87  689  75144
06  2009 07 27.372441 21 50 07.108 -13 53 07.28  689  75144
06  2009 07 30.363693 21 48 30.429 -13 59 49.85  689  75144
06  2009 08 02.355000 21 46 49.229 -14 07 00.33  689  75144
06  2009 08 04.348134 21 45 39.615 -14 12 00.20  689  75144
06  2009 08 12.322646 21 40 48.368 -14 33 27.61  689  75144
06  2009 08 30.265405 21 29 42.559 -15 25 06.42  689  75144
06  2009 08 31.262469 21 29 07.718 -15 27 54.78  689  75144
06  2009 09 07.241101 21 25 16.989 -15 46 45.97  689  75144
06  2009 09 08.238141 21 24 46.179 -15 49 20.07  689  75144
06  2009 09 09.235127 21 24 15.967 -15 51 51.78  689  75144
06  2009 09 10.232028 21 23 46.372 -15 54 21.44  689  75144
06  2009 09 26.183258 21 17 32.713 -16 27 45.72  689  75144
06  2009 09 28.177925 21 17 00.884 -16 30 56.86  689  75144
06  2009 10 02.166740 21 16 08.085 -16 36 34.78  689  75144
06  2009 10 03.163897 21 15 57.142 -16 37 50.01  689  75144
06  2009 10 07.151719 21 15 22.600 -16 42 12.09  689  75144
06  2009 10 08.149907 21 15 16.303 -16 43 07.92  689  75144
06  2009 10 23.108149 21 15 33.031 -16 49 08.49  689  75144
06  2009 10 24.106410 21 15 41.520 -16 49 00.52  689  75144
06  2009 10 25.103317 21 15 50.867 -16 48 48.44  689  75144
06  2009 10 31.087966 21 17 05.549 -16 46 09.08  689  75144
06  2009 11 17.046229 21 23 16.998 -16 25 44.41  689  75144
06  2010 09 20.309329 23 54 56.113 -02 50 25.40  689  75144
06  2010 09 21.306678 23 54 32.113 -02 53 00.92  689  75144
06  2010 09 28.286140 23 51 47.276 -03 09 56.15  689  75144
06  2010 09 29.283519 23 51 24.322 -03 12 09.38  689  75144
06  2010 10 09.253194 23 47 48.418 -03 31 05.34  689  75144
06  2010 10 13.241100 23 46 30.984 -03 36 49.68  689  75144
06  2010 10 14.238617 23 46 12.583 -03 38 04.71  689  75144
06  2010 10 16.232465 23 45 37.010 -03 40 22.69  689  75144
06  2010 10 17.228860 23 45 19.851 -03 41 25.44  689  75144
06  2010 10 26.203958 23 43 05.808 -03 47 32.24  689  75144
06  2010 10 29.195069 23 42 29.819 -03 48 17.01  689  75144
06  2010 11 01.186557 23 41 58.435 -03 48 23.83  689  75144
06  2010 11 08.166806 23 41 03.971 -03 46 16.95  689  75144
06  2010 11 20.133698 23 40 35.373 -03 35 25.70  689  75144
06  2010 12 11.078241 23 43 10.439 -02 57 51.57  689  75144
06  2011 08 24.66938  02 34 59.89  +14 09 35.8   E07  75849     15.3 V
06  2011 08 24.66991  02 34 59.89  +14 09 35.8   E07  75849     15.3 V
06  2011 08 30.63767  02 35 25.99  +14 13 31.6   E07  75849     15.3 V
06  2011 08 30.63822  02 35 25.99  +14 13 31.5   E07  75849     15.3 V
06  2011 09 21.39913  02 32 31.17  +14 01 01.8   691  76328     15.0 V
06  2011 09 21.41693  02 32 30.84  +14 01 00.2   691  76328     15.0 V
06  2011 09 21.43473  02 32 30.52  +14 00 58.5   691  76328     15.1 V
06  2011 09 29.37978  02 29 45.00  +13 46 03.4   691  76328     15.1 V
06  2011 09 29.39757  02 29 44.56  +13 46 01.0   691  76328     15.1 V
06  2011 09 29.41534  02 29 44.11  +13 45 58.6   691  76328     15.1 V
06  2011 10 02.30038  02 28 32.19  +13 39 17.3   704  76328     15.3
06  2011 10 02.31338  02 28 31.83  +13 39 15.2   704  76328     15.7
06  2011 10 02.32638  02 28 31.47  +13 39 13.3   704  76328     15.8
06  2011 10 02.33937  02 28 31.14  +13 39 11.0   704  76328     15.6
06  2011 10 02.35237  02 28 30.78  +13 39 09.5   704  76328     15.7
06  2011 10 06.02505  02 26 50.63  +13 29 44.9   J75  76328     14.3 V
06  2011 10 06.03584  02 26 50.32  +13 29 43.1   J75  76328     14.3 V
06  2011 10 06.04663  02 26 50.01  +13 29 41.2   J75  76328     14.4 V
06  2011 10 18.91050  02 20 01.23  +12 50 02.0   J75  76730     14.1 V
06  2011 10 18.92131  02 20 00.85  +12 49 59.8   J75  76730     14.1 V
06  2011 10 18.93211  02 20 00.47  +12 49 57.5   J75  76730     14.1 V
06  2011 11 03.15788  02 10 55.71  +11 54 53.2   691  76730     14.7 V
06  2011 11 03.17310  02 10 55.15  +11 54 49.9   691  76730     14.7 V
06  2011 11 03.18829  02 10 54.60  +11 54 46.5   691  76730     14.7 V
06  2011 11 06.96733  02 08 40.08  +11 40 49.9   J43  77161
06  2011 11 06.98668  02 08 39.39  +11 40 45.5   J43  77161
06  2011 11 07.00586  02 08 38.67  +11 40 41.0   J43  77161
06  2011 11 15.165291 02 04 01.986 +11 11 32.03  673  77161
06  2011 11 15.171923 02 04 01.770 +11 11 30.69  673  77161
06  2011 11 16.313474 02 03 25.004 +11 07 36.19  673  77161
06  2011 11 16.92795  02 03 05.54  +11 05 31.1   106  77161     13.5 R
06  2011 11 16.94086  02 03 05.11  +11 05 28.3   106  77161     13.5 R
06  2011 11 16.95377  02 03 04.70  +11 05 25.7   106  77161     13.5 R
06  2011 11 16.96668  02 03 04.29  +11 05 23.1   106  77161     13.5 R
07  2009 07 26.377824 21 53 01.517 -14 28 08.34  689  75144
07  2009 07 27.374455 21 52 36.796 -14 30 13.17  689  75144
07  2009 07 28.371597 21 52 11.489 -14 32 19.72  689  75144
07  2009 07 30.365841 21 51 19.339 -14 36 36.00  689  75144
07  2009 08 16.312921 21 42 49.625 -15 14 57.57  689  75144
07  2009 08 19.303988 21 41 11.992 -15 21 43.46  689  75144
07  2009 08 20.300936 21 40 39.306 -15 23 56.45  689  75144
07  2009 08 21.297706 21 40 06.503 -15 26 09.87  689  75144
07  2009 08 25.285578 21 37 55.521 -15 34 48.66  689  75144
07  2009 08 28.275830 21 36 18.070 -15 41 02.94  689  75144
07  2009 09 15.220975 21 27 24.322 -16 11 43.61  689  75144
07  2010 08 09.35758  00 12 00.27  +00 13 06.1   704  75144     19.4
07  2010 09 16.320891 23 54 55.018 -01 58 58.14  689  75144
07  2010 09 17.318166 23 54 24.393 -02 03 09.22  689  75144
07  2010 09 18.314699 23 53 53.982 -02 07 20.35  689  75144
07  2010 09 29.281377 23 48 35.848 -02 51 49.46  689  75144
07  2010 09 30.278160 23 48 08.961 -02 55 38.36  689  75144
07  2010 10 01.275127 23 47 42.541 -02 59 24.16  689  75144
07  2010 10 09.251059 23 44 28.745 -03 27 21.66  689  75144
07  2010 10 10.248084 23 44 06.985 -03 30 32.30  689  75144
07  2010 10 11.245231 23 43 45.770 -03 33 38.67  689  75144
07  2010 10 12.242141 23 43 25.191 -03 36 39.78  689  75144
07  2010 10 13.239184 23 43 05.199 -03 39 35.77  689  75144
07  2010 10 14.236291 23 42 45.802 -03 42 27.39  689  75144
07  2010 10 16.230347 23 42 08.961 -03 47 53.82  689  75144
07  2010 10 27.198669 23 39 33.551 -04 11 17.46  689  75144
07  2010 10 29.192928 23 39 14.152 -04 14 17.66  689  75144
07  2010 10 30.190179 23 39 05.435 -04 15 38.40  689  75144
07  2010 10 31.187176 23 38 57.486 -04 16 53.64  689  75144
07  2010 11 03.178756 23 38 37.781 -04 20 03.06  689  75144
07  2010 11 05.173160 23 38 28.154 -04 21 38.49  689  75144
07  2010 11 06.170179 23 38 24.427 -04 22 17.56  689  75144
07  2011 08 24.67645  02 32 24.91  +13 03 22.5   E07  75849     17.2 V
07  2011 08 24.67721  02 32 24.92  +13 03 22.4   E07  75849     17.1 V
07  2011 08 30.64395  02 33 07.00  +13 05 45.7   E07  75849     17.1 V
07  2011 08 30.64606  02 33 07.01  +13 05 45.8   E07  75849     17.0 V
07  2011 09 21.39913  02 31 52.88  +13 01 07.8   691  76328     16.9 V
07  2011 09 21.41693  02 31 52.65  +13 01 07.0   691  76328     16.9 V
07  2011 09 21.43473  02 31 52.43  +13 01 06.3   691  76328     16.9 V
07  2011 09 26.30066  02 30 47.74  +12 57 14.5   704  76328     17.5
07  2011 09 26.31326  02 30 47.39  +12 57 14.2   704  76328     18.0
07  2011 09 26.32597  02 30 47.30  +12 57 13.4   704  76328     18.1
07  2011 09 26.33893  02 30 47.09  +12 57 12.7   704  76328     18.2
07  2011 09 26.35158  02 30 46.87  +12 57 11.8   704  76328     18.1
07  2011 09 29.37978  02 29 58.09  +12 54 17.5   691  76328     16.7 V
07  2011 09 29.39757  02 29 57.77  +12 54 16.5   691  76328     16.8 V
07  2011 09 29.41534  02 29 57.46  +12 54 15.4   691  76328     16.8 V
07  2011 10 29.24513  02 17 38.52  +12 10 14.1   704  76730     16.6
07  2011 10 29.25732  02 17 38.10  +12 10 12.7   704  76730     16.9
07  2011 10 29.26947  02 17 37.71  +12 10 11.6   704  76730     17.7
07  2011 10 29.28171  02 17 37.36  +12 10 10.0   704  76730     17.5
07  2011 10 29.29392  02 17 36.84  +12 10 08.5   704  76730     17.2
07  2011 10 30.15802  02 17 11.26  +12 08 36.5   691  76730     17.1 V
07  2011 10 30.17577  02 17 10.72  +12 08 34.6   691  76730     16.5 V
07  2011 10 30.19351  02 17 10.18  +12 08 32.7   691  76730     16.6 V
07  2011 11 03.15788  02 15 11.13  +12 01 28.5   691  76730     16.3 V
07  2011 11 03.17310  02 15 10.66  +12 01 26.8   691  76730     16.3 V
07  2011 11 03.18829  02 15 10.20  +12 01 25.3   691  76730     16.3 V
07  2011 11 06.96733  02 13 16.52  +11 54 42.3   J43  77161
07  2011 11 06.98668  02 13 15.93  +11 54 40.6   J43  77161
07  2011 11 07.00586  02 13 15.33  +11 54 38.4   J43  77161
07  2011 11 15.176955 02 09 15.000 +11 40 32.10  673  77161
07  2011 11 15.182292 02 09 14.842 +11 40 31.61  673  77161
07  2011 11 15.19559  02 09 14.42  +11 40 30.6   691  77161     16.6 V
07  2011 11 15.21948  02 09 13.72  +11 40 28.4   691  77161     16.6 V
07  2011 11 15.24338  02 09 13.02  +11 40 25.8   691  77161     16.5 V
07  2011 11 16.318167 02 08 42.396 +11 38 39.08  673  77161
07  2011 11 16.322845 02 08 42.259 +11 38 38.61  673  77161
07  2011 11 16.93397  02 08 25.03  +11 37 38.4   106  77161     15.1 R
07  2011 11 16.94690  02 08 24.65  +11 37 37.1   106  77161     15.2 R
07  2011 11 16.95979  02 08 24.28  +11 37 35.9   106  77161     15.2 R
07  2011 11 16.97271  02 08 23.91  +11 37 34.5   106  77161     15.1 R
07  2011 11 17.08809  02 08 20.79  +11 37 24.0   691  77162     16.6 V
07  2011 11 17.11485  02 08 20.02  +11 37 21.4   691  77162     16.6 V
07  2011 11 17.15679  02 08 18.86  +11 37 17.3   691  77162     16.4 V
07  2011 11 17.159269 02 08 18.774 +11 37 16.82  673  77162
07  2011 11 17.54954  02 08 07.82  +11 36 39.0   D29  77162     16.1 R
07  2011 11 17.56825  02 08 07.28  +11 36 37.1   D29  77162     16.1 R
07  2011 11 17.58423  02 08 06.80  +11 36 35.5   D29  77162     16.2 R
07  2011 11 22.25161  02 05 59.87  +11 29 21.0   704  77162     16.8
07  2011 11 22.27697  02 05 59.14  +11 29 18.0   704  77162     17.5
07  2011 11 22.28963  02 05 58.84  +11 29 17.0   704  77162     17.0
07  2011 11 22.30230  02 05 58.34  +11 29 15.5   704  77162     17.1
08  2009 07 25.377258 21 48 09.985 -13 45 20.54  689  75144
08  2009 09 12.226216 21 23 29.007 -15 31 24.77  689  75144
08  2010 09 14.331852 00 02 36.651 -01 47 15.54  689  75144
08  2010 09 15.328553 00 02 12.768 -01 50 46.85  689  75144
08  2010 09 16.325660 00 01 48.628 -01 54 18.65  689  75144
08  2010 09 17.322951 00 01 24.313 -01 57 50.51  689  75144
08  2010 09 18.319844 00 00 59.848 -02 01 22.11  689  75144
08  2010 10 11.250584 23 51 39.537 -03 16 50.99  689  75144
08  2010 10 13.244612 23 50 55.320 -03 22 21.50  689  75144
08  2010 10 14.241389 23 50 33.734 -03 25 01.54  689  75144
08  2010 10 28.200660 23 46 16.977 -03 54 59.23  689  75144
08  2010 10 29.197280 23 46 02.386 -03 56 33.25  689  75144
08  2010 10 30.194601 23 45 48.405 -03 58 02.59  689  75144
08  2010 10 31.191771 23 45 34.905 -03 59 26.40  689  75144
08  2010 11 01.188762 23 45 22.089 -04 00 46.43  689  75144
08  2010 11 02.185729 23 45 09.842 -04 02 00.81  689  75144
08  2010 11 03.182847 23 44 58.180 -04 03 10.71  689  75144
08  2010 11 04.180208 23 44 47.093 -04 04 14.31  689  75144
08  2010 11 05.177118 23 44 36.680 -04 05 13.61  689  75144
08  2010 11 06.174612 23 44 26.887 -04 06 07.32  689  75144
08  2010 11 10.163218 23 43 54.055 -04 08 51.51  689  75144
08  2010 11 13.154711 23 43 36.368 -04 10 00.67  689  75144
08  2010 11 27.116505 23 43 33.776 -04 05 07.97  689  75144
08  2010 11 30.108646 23 43 50.469 -04 01 57.22  689  75144
08  2010 12 01.105856 23 43 57.326 -04 00 43.93  689  75144
08  2010 12 02.103206 23 44 04.890 -03 59 26.01  689  75144
08  2010 12 03.100394 23 44 13.129 -03 58 03.57  689  75144
08  2010 12 07.089954 23 44 52.692 -03 51 45.59  689  75144
08  2010 12 08.087332 23 45 04.215 -03 49 59.36  689  75144
08  2011 08 24.68938  02 21 07.60  +13 29 32.1   E07  75849     17.7 V
08  2011 08 24.69049  02 21 07.60  +13 29 32.0   E07  75849     17.5 V
08  2011 08 30.65330  02 21 02.84  +13 30 48.6   E07  75849     17.6 V
08  2011 08 30.65450  02 21 02.84  +13 30 48.7   E07  75849     17.7 V
08  2011 09 25.06951  02 15 48.48  +13 12 02.7   106  76730     15.9 R
08  2011 09 25.08185  02 15 48.23  +13 12 01.4   106  76730     15.8 R
08  2011 09 25.09428  02 15 47.95  +13 12 00.6   106  76730     15.9 R
08  2011 09 25.10667  02 15 47.68  +13 11 59.4   106  76730     16.0 R
08  2011 09 26.03656  02 15 27.83  +13 10 36.1   106  76730     15.5 R
08  2011 09 26.05054  02 15 27.51  +13 10 34.8   106  76730     15.5 R
08  2011 09 26.06453  02 15 27.22  +13 10 33.5   106  76730     15.6 R
08  2011 09 26.07852  02 15 26.91  +13 10 32.2   106  76730     15.5 R
08  2011 09 27.30201  02 15 00.02  +13 08 38.5   704  76328     17.5
08  2011 09 27.31481  02 14 59.68  +13 08 36.8   704  76328     18.9
08  2011 09 27.32752  02 14 59.39  +13 08 35.0   704  76328     19.2
08  2011 09 27.34026  02 14 59.08  +13 08 33.2   704  76328     19.5
08  2011 09 27.35300  02 14 58.66  +13 08 31.9   704  76328     19.3
08  2011 09 29.37481  02 14 12.22  +13 05 15.5   691  76730     17.4 V
08  2011 09 29.39259  02 14 11.79  +13 05 13.7   691  76730     17.4 V
08  2011 09 29.41038  02 14 11.35  +13 05 11.9   691  76730     17.5 V
08  2011 10 02.29913  02 13 01.06  +13 00 06.9   704  76328     16.7
08  2011 10 02.31214  02 13 00.71  +13 00 04.9   704  76328     18.0
08  2011 10 02.32514  02 13 00.37  +13 00 03.0   704  76328     17.8
08  2011 10 02.33812  02 13 00.01  +13 00 02.0   704  76328     18.4
08  2011 10 02.35113  02 12 59.62  +13 00 00.2   704  76328     17.4
08  2011 10 17.02848  02 06 06.85  +12 29 07.8   106  76730     16.1 R
08  2011 10 17.03911  02 06 06.52  +12 29 06.4   106  76730     16.0 R
08  2011 10 17.04972  02 06 06.21  +12 29 04.8   106  76730     16.0 R
08  2011 10 17.06034  02 06 05.88  +12 29 03.3   106  76730     16.3 R
08  2011 10 18.55942  02 05 20.20  +12 25 33.3   D29  76730     16.9 R
08  2011 10 18.57540  02 05 19.70  +12 25 30.9   D29  76730     16.9 R
08  2011 10 18.59391  02 05 19.12  +12 25 28.2   D29  76730     16.8 R
08  2011 10 18.62990  02 05 17.92  +12 25 25.4   E07  76730     16.9 V
08  2011 10 18.63137  02 05 17.88  +12 25 25.1   E07  76730     16.8 V
08  2011 10 28.97275  01 59 55.46  +12 00 15.2   C73  76730     16.9 V
08  2011 10 28.99120  01 59 54.87  +12 00 12.4   C73  76730     16.9 V
08  2011 10 29.00884  01 59 54.32  +12 00 09.8   C73  76730     16.8 V
08  2011 10 29.01351  01 59 54.17  +12 00 09.1   C73  76730     16.8 V
08  2011 10 29.01738  01 59 54.04  +12 00 08.5   C73  76730     16.8 V
08  2011 10 29.33630  01 59 44.09  +11 59 21.9   H15  76730     16.2 R
08  2011 10 29.33630  01 59 44.09  +11 59 21.9   H15  76730     16.2 R
08  2011 10 29.35259  01 59 43.57  +11 59 19.5   H15  76730     16.2 R
08  2011 10 29.35259  01 59 43.57  +11 59 19.5   H15  76730     16.2 R
08  2011 10 29.36708  01 59 43.12  +11 59 17.3   H15  76730     16.1 R
08  2011 10 29.36708  01 59 43.12  +11 59 17.3   H15  76730     16.1 R
08  2011 10 29.38197  01 59 42.63  +11 59 15.1   H15  76730     16.2 R
08  2011 10 29.38197  01 59 42.63  +11 59 15.1   H15  76730     16.2 R
08  2011 10 30.32448  01 59 13.38  +11 56 55.8   G96  76730     16.4 V
08  2011 10 30.33142  01 59 13.16  +11 56 54.8   G96  76730     16.4 V
08  2011 10 30.33838  01 59 12.94  +11 56 53.9   G96  76730     16.4 V
08  2011 10 30.34532  01 59 12.73  +11 56 52.9   G96  76730     16.4 V
08  2011 11 16.07844  01 51 07.48  +11 18 11.8   691  77162     17.4 V
08  2011 11 16.10773  01 51 06.70  +11 18 08.2   691  77162     17.4 V
08  2011 11 16.15174  01 51 05.53  +11 18 02.8   691  77162     17.4 V
08  2011 11 19.24959  01 49 47.66  +11 11 49.3   704  77162     17.8
08  2011 11 19.26227  01 49 47.23  +11 11 46.4   704  77162     18.2
08  2011 11 19.28765  01 49 46.56  +11 11 43.8   704  77162     18.4
08  2011 11 22.24957  01 48 37.08  +11 06 11.3   704  77162     17.4
08  2011 11 22.26226  01 48 36.75  +11 06 09.7   704  77162     19.2
08  2011 11 22.27493  01 48 36.40  +11 06 07.1   704  77162     19.1
08  2011 11 22.28760  01 48 36.09  +11 06 07.5   704  77162     18.9
08  2011 11 22.30026  01 48 35.73  +11 06 04.0   704  77162     18.8
08  2011 12 05.78202  01 44 30.41  +10 46 53.8   J37  77579     17.0 V
08  2011 12 05.79105  01 44 30.28  +10 46 53.6   J37  77579     16.7 V
08  2011 12 05.80001  01 44 30.18  +10 46 52.7   J37  77579     16.5 V
08  2012 01 10.12415  01 44 52.00  +10 55 54.0   G96  77921     17.5 V
08  2012 01 10.13161  01 44 52.11  +10 55 54.7   G96  77921     17.4 V
08  2012 01 10.13907  01 44 52.22  +10 55 55.4   G96  77922     17.5 V
08  2012 01 10.14652  01 44 52.29  +10 55 56.1   G96  77922     17.4 V
09  2011 08 24.69804  02 26 51.10  +13 36 40.7   E07  75849     18.4 V
09  2011 08 24.70231  02 26 51.13  +13 36 40.9   E07  75849     18.1 V
09  2011 08 30.66173  02 27 08.76  +13 39 10.3   E07  75849     18.5 V
09  2011 08 30.66377  02 27 08.76  +13 39 10.3   E07  75849     18.5 V
09  2011 09 21.04275  02 24 43.27  +13 30 08.7   A50  76328     18.2 V
09  2011 09 21.04292  02 24 43.26  +13 30 08.6   A50  76328     18.8 V
09  2011 09 21.06569  02 24 42.95  +13 30 07.4   A50  76328     18.2 V
09  2011 09 21.06586  02 24 42.92  +13 30 06.9   A50  76328     18.8 V
09  2011 09 21.08866  02 24 42.58  +13 30 05.5   A50  76328     18.3 V
09  2011 09 21.08883  02 24 42.58  +13 30 05.2   A50  76328     18.9 V
09  2011 09 21.39664  02 24 38.23  +13 29 46.1   691  76328     18.2 V
09  2011 09 21.41444  02 24 37.96  +13 29 45.0   691  76328     18.3 V
09  2011 09 21.43224  02 24 37.70  +13 29 43.8   691  76328     18.3 V
09  2011 09 27.30295  02 23 01.98  +13 22 20.8   704  76328     18.4
09  2011 09 27.31575  02 23 01.71  +13 22 20.1   704  76329     18.9
09  2011 09 27.32846  02 23 01.45  +13 22 19.2   704  76329     18.8
09  2011 09 27.34120  02 23 01.26  +13 22 17.7   704  76329     19.0
09  2011 09 27.35394  02 23 00.97  +13 22 16.7   704  76329     19.1
09  2011 09 29.37730  02 22 23.02  +13 19 18.9   691  76329     18.4 V
09  2011 09 29.39508  02 22 22.66  +13 19 17.2   691  76329     18.3 V
09  2011 09 29.41286  02 22 22.30  +13 19 15.6   691  76329     18.6 V
09  2011 10 02.30010  02 21 24.33  +13 14 36.8   704  76329     18.1
09  2011 10 02.31311  02 21 23.94  +13 14 37.3   704  76329     18.5
09  2011 10 02.32611  02 21 23.67  +13 14 36.2   704  76329     18.3
09  2011 10 02.33909  02 21 23.35  +13 14 34.5   704  76329     18.7
09  2011 10 02.35209  02 21 23.04  +13 14 33.2   704  76329     18.8
09  2011 10 18.62327  02 14 46.26  +12 41 57.2   E07  76730     17.8 V
09  2011 10 18.62474  02 14 46.21  +12 41 57.0   E07  76730     17.9 V
09  2011 11 16.92880  02 01 41.40  +11 33 40.2   106  77162     16.9 R
09  2011 11 16.94172  02 01 41.08  +11 33 38.6   106  77162     16.8 R
09  2011 11 16.95463  02 01 40.78  +11 33 37.1   106  77162     16.8 R
09  2011 11 16.96754  02 01 40.47  +11 33 35.6   106  77162     17.1 R
09  2011 11 17.08016  02 01 37.98  +11 33 22.4   691  77162     18.1 V
09  2011 11 17.08809  02 01 37.80  +11 33 21.4   691  77162     19.1 V
09  2011 11 17.10692  02 01 37.35  +11 33 19.2   691  77162     18.1 V
09  2011 11 17.11485  02 01 37.16  +11 33 18.1   691  77162     18.0 V
09  2011 11 17.14887  02 01 36.36  +11 33 13.8   691  77162     18.0 V
09  2011 11 17.15679  02 01 36.17  +11 33 12.9   691  77162     17.9 V
10  2011 08 30.67076  02 35 07.47  +13 32 35.5   E07  75849     18.4 V
10  2011 08 30.67375  02 35 07.47  +13 32 35.2   E07  75849     18.5 V
10  2011 09 20.39427  02 30 59.83  +12 54 33.4   691  76730     18.7 V
10  2011 09 20.41208  02 30 59.45  +12 54 30.8   691  76730     18.8 V
10  2011 09 20.42987  02 30 59.06  +12 54 28.2   691  76731     18.6 V
10  2011 10 18.61750  02 17 14.30  +11 31 40.3   E07  76731     18.0 V
10  2011 10 18.61899  02 17 14.24  +11 31 40.0   E07  76731     18.0 V
10  2011 11 17.08277  02 00 33.42  +10 09 43.4   691  77162     18.4 V
10  2011 11 17.10954  02 00 32.63  +10 09 40.3   691  77162     18.4 V
10  2011 11 17.15148  02 00 31.40  +10 09 35.1   691  77162     18.3 V
11  1996 06 22.128657 18 57 16.262 -23 09 10.68  874  AA453
11  1996 06 22.131586 18 57 16.131 -23 09 10.83  874  AA453
11  2011 08 30.68264  02 24 49.78  +12 16 24.4   E07  75849     17.9 V
11  2011 08 30.68556  02 24 49.79  +12 16 24.3   E07  75849     17.9 V
11  2011 09 20.39178  02 22 10.20  +11 54 17.2   691  76329     17.8 V
11  2011 09 20.40959  02 22 09.91  +11 54 15.4   691  76329     17.8 V
11  2011 09 20.42738  02 22 09.63  +11 54 13.8   691  76329     17.8 V
11  2011 09 24.33414  02 21 04.89  +11 47 24.1   691  76731
11  2011 09 24.35187  02 21 04.56  +11 47 22.1   691  76731
11  2011 09 24.36960  02 21 04.23  +11 47 20.3   691  76731
11  2011 09 26.29863  02 20 28.64  +11 43 42.1   704  76329     17.7
11  2011 09 26.31123  02 20 28.37  +11 43 39.7   704  76329     19.3
11  2011 09 26.32382  02 20 28.09  +11 43 38.5   704  76329     19.1
11  2011 09 26.33690  02 20 27.83  +11 43 36.9   704  76329     19.4
11  2011 09 26.34954  02 20 27.45  +11 43 34.6   704  76329     18.8
11  2011 09 28.36407  02 19 47.67  +11 39 35.4   691  76329     17.7 V
11  2011 09 28.38182  02 19 47.28  +11 39 33.2   691  76329     17.8 V
11  2011 09 28.39958  02 19 46.90  +11 39 31.1   691  76329     17.8 V
11  2011 10 18.56441  02 11 18.33  +10 51 51.0   D29  76731     17.3 R
11  2011 10 18.58039  02 11 17.86  +10 51 48.5   D29  76731     17.3 R
11  2011 10 18.59890  02 11 17.33  +10 51 46.0   D29  76731     17.3 R
11  2011 10 18.61213  02 11 16.86  +10 51 45.9   E07  76731     17.3 V
11  2011 10 18.61359  02 11 16.82  +10 51 45.7   E07  76731     17.3 V
11  2011 10 18.84719  02 11 10.23  +10 51 06.3   J75  76731     16.6 V
11  2011 10 18.85779  02 11 09.88  +10 51 04.9   J75  76731     16.6 V
11  2011 10 18.86839  02 11 09.63  +10 51 03.1   J75  76731     16.5 V
11  2011 10 20.38209  02 10 25.62  +10 47 08.7   704  76731     16.9
11  2011 10 20.39383  02 10 25.26  +10 47 06.8   704  76731     17.8
11  2011 10 20.40550  02 10 24.88  +10 47 04.6   704  76731     17.3
11  2011 10 20.41749  02 10 24.53  +10 47 02.6   704  76731     17.3
11  2011 10 20.42917  02 10 24.14  +10 47 00.6   704  76731     17.3
11  2011 10 29.61144  02 05 53.17  +10 23 14.2   E07  76731     17.3 V
11  2011 10 29.61294  02 05 53.11  +10 23 13.9   E07  76731     17.3 V
11  2011 10 31.20448  02 05 06.21  +10 19 08.5   G96  76731     17.1 V
11  2011 10 31.21138  02 05 06.03  +10 19 07.4   G96  76731     17.1 V
11  2011 10 31.21825  02 05 05.82  +10 19 06.4   G96  76731     17.1 V
11  2011 10 31.22520  02 05 05.60  +10 19 05.4   G96  76731     17.1 V
11  2011 11 18.27564  01 56 54.30  +09 38 31.8   704  77162     17.6
11  2011 11 18.28901  01 56 53.92  +09 38 29.3   704  77162     18.1
11  2011 11 18.30176  01 56 53.58  +09 38 28.2   704  77162     18.4
11  2011 11 18.31457  01 56 53.26  +09 38 27.1   704  77162     18.2
11  2011 11 18.32724  01 56 52.90  +09 38 25.3   704  77162     18.0
11  2011 11 21.10965  01 55 48.97  +09 33 28.7   H06  77162     17.1 V
11  2011 11 21.11155  01 55 48.91  +09 33 29.0   H06  77162     17.1 V
11  2011 11 21.11345  01 55 48.87  +09 33 28.5   H06  77162     17.1 V
11  2011 11 21.11535  01 55 48.84  +09 33 28.2   H06  77162     17.2 V
11  2011 11 21.11725  01 55 48.78  +09 33 28.1   H06  77162     17.0 V
11  2011 11 21.13481  01 55 48.37  +09 33 26.3   H06  77162     17.1 V
11  2011 11 21.13671  01 55 48.31  +09 33 26.5   H06  77162     17.2 V
11  2011 11 21.13861  01 55 48.28  +09 33 26.3   H06  77162     17.2 V
11  2011 11 21.14051  01 55 48.24  +09 33 26.2   H06  77162     17.3 V
11  2011 11 22.24998  01 55 23.78  +09 31 35.5   704  77162     17.9
11  2011 11 22.26267  01 55 23.44  +09 31 34.4   704  77162     19.0
11  2011 11 22.27534  01 55 23.14  +09 31 31.9   704  77162     19.3
11  2011 11 22.28801  01 55 22.90  +09 31 31.3   704  77162     18.5
11  2011 11 22.30067  01 55 22.52  +09 31 29.2   704  77162     18.8
11  2011 12 12.80806  01 50 19.21  +09 12 33.5   J43  77579     17.7 R
11  2011 12 12.82779  01 50 19.06  +09 12 33.0   J43  77579     17.6 R
12  2011 08 01.75996  02 36 31.77  +12 55 52.3   E12  75593     19.1 V
12  2011 08 01.77282  02 36 31.99  +12 55 53.8   E12  75593     19.2 V
12  2011 08 01.78559  02 36 32.26  +12 55 55.0   E12  75593     19.2 V
12  2011 08 01.79841  02 36 32.56  +12 55 56.5   E12  75593     19.1 V
12  2011 08 02.391547 02 36 45.85  +12 56 49.9   H21  75593     18.8 V
12  2011 08 02.39190  02 36 45.91  +12 56 49.9   H06  75593     18.4 R
12  2011 08 02.396828 02 36 45.97  +12 56 50.5   H21  75593     18.7 V
12  2011 08 02.400419 02 36 46.04  +12 56 50.8   H21  75593     18.6 V
12  2011 08 02.41671  02 36 46.38  +12 56 52.4   H06  75593     18.4 R
12  2011 08 30.69303  02 42 17.96  +13 18 07.0   E07  75849     19.3 V
12  2011 08 30.69681  02 42 17.96  +13 18 07.1   E07  75849     19.4 V
12  2011 09 21.40162  02 39 22.55  +13 03 54.5   691  76731     19.2 V
12  2011 09 21.41942  02 39 22.23  +13 03 53.1   691  76731     19.2 V
12  2011 09 21.43721  02 39 21.93  +13 03 51.9   691  76731     19.2 V
12  2011 09 26.30081  02 37 52.57  +12 57 19.3   704  76329     18.8
12  2011 09 26.31342  02 37 52.32  +12 57 18.6   704  76329     19.0
12  2011 09 26.32613  02 37 52.06  +12 57 17.1   704  76329     19.1
12  2011 09 26.33909  02 37 51.74  +12 57 16.2   704  76329     19.4
12  2011 09 26.35174  02 37 51.47  +12 57 15.6   704  76329     19.5
12  2011 10 02.30107  02 35 39.77  +12 47 46.4   704  76329     19.2
12  2011 10 02.31408  02 35 39.41  +12 47 45.9   704  76329     19.5
12  2011 10 02.32708  02 35 39.11  +12 47 43.8   704  76329     19.5
12  2011 10 02.34006  02 35 38.74  +12 47 42.7   704  76329     19.6
12  2011 10 17.66734  02 28 28.18  +12 17 30.9   D29  76731     18.0 R
12  2011 10 17.68332  02 28 27.64  +12 17 29.1   D29  76731     18.3 R
12  2011 10 17.69930  02 28 27.14  +12 17 26.2   D29  76731     18.0 R
12  2011 10 18.59707  02 27 58.88  +12 15 31.2   E07  76731     18.7 V
12  2011 10 18.60362  02 27 58.66  +12 15 30.3   E07  76731     18.8 V
12  2011 10 21.31161  02 26 31.90  +12 09 30.2   704  76731     18.8
12  2011 10 21.32338  02 26 31.52  +12 09 28.4   704  76731     18.8
12  2011 10 21.33516  02 26 31.13  +12 09 27.2   704  76731     19.0
12  2011 10 21.34692  02 26 30.75  +12 09 25.3   704  76731     18.7
12  2011 10 21.35868  02 26 30.33  +12 09 24.2   704  76731     18.6
12  2011 10 23.16906  02 25 31.38  +12 05 21.0   691  76731     18.7 V
12  2011 10 23.18682  02 25 30.78  +12 05 18.5   691  76731     18.7 V
12  2011 10 23.20460  02 25 30.19  +12 05 16.2   691  76731     18.6 V
12  2011 10 26.26196  02 23 48.81  +11 58 22.0   704  76731     19.7
12  2011 10 26.27395  02 23 48.52  +11 58 21.5   704  76731     18.9
12  2011 10 26.28602  02 23 48.15  +11 58 19.9   704  76731     18.4
12  2011 10 26.29805  02 23 47.69  +11 58 17.4   704  76731     18.7
12  2011 10 29.24497  02 22 09.10  +11 51 38.4   704  76731     18.9
12  2011 10 29.24513  02 22 09.16  +11 51 38.3   704  76731     18.3
12  2011 10 29.25715  02 22 08.70  +11 51 36.5   704  76731     19.2
12  2011 10 29.25732  02 22 08.74  +11 51 35.9   704  76731     18.7
12  2011 10 29.26931  02 22 08.29  +11 51 34.3   704  76731     19.3
12  2011 10 29.26947  02 22 08.31  +11 51 34.6   704  76731     18.7
12  2011 10 29.28155  02 22 07.84  +11 51 33.4   704  76731     19.1
12  2011 10 29.28171  02 22 07.86  +11 51 32.7   704  76731     18.8
12  2011 10 29.29376  02 22 07.43  +11 51 32.0   704  76731     19.0
12  2011 10 29.29392  02 22 07.44  +11 51 30.9   704  76731     18.8
12  2011 10 29.59874  02 21 57.20  +11 50 52.2   E07  76731     18.6 V
12  2011 10 29.60197  02 21 57.09  +11 50 51.8   E07  76731     18.5 V
12  2011 10 30.28928  02 21 34.02  +11 49 16.8   703  76731     18.0 V
12  2011 10 30.29733  02 21 33.73  +11 49 15.7   703  76731     18.1 V
12  2011 10 30.30534  02 21 33.44  +11 49 13.7   703  76731     18.2 V
12  2011 10 30.31352  02 21 33.15  +11 49 13.3   703  76731     18.1 V
12  2011 11 16.93311  02 12 00.03  +11 12 02.6   106  77162     17.6 R
12  2011 11 16.94604  02 11 59.65  +11 12 01.2   106  77162     17.7 R
12  2011 11 16.95894  02 11 59.23  +11 11 59.3   106  77162     17.6 R
12  2011 11 16.97185  02 11 58.85  +11 11 58.2   106  77162     17.7 R
12  2011 12 28.47065  01 59 31.46  +10 41 17.6   E07  77579     19.4 V
12  2011 12 28.47725  01 59 31.43  +10 41 17.7   E07  77579     19.3 V
13  2011 08 28.67432  02 30 16.23  +13 45 39.9   E07  75849     19.9 V
13  2011 08 28.68331  02 30 16.16  +13 45 39.9   E07  75849     20.7 V
13  2011 08 30.70714  02 30 06.57  +13 45 34.7   E07  75849     20.3 V
13  2011 08 30.71463  02 30 06.52  +13 45 34.9   E07  75849     20.1 V
13  2011 09 27.31591  02 23 18.78  +13 16 48.3   704  76329     20.3
13  2011 09 27.32862  02 23 18.45  +13 16 46.1   704  76329     19.7
13  2011 09 27.34137  02 23 18.22  +13 16 44.8   704  76329     20.4
13  2011 09 27.35410  02 23 18.06  +13 16 42.5   704  76329     20.4
13  2011 09 29.37730  02 22 30.46  +13 12 42.9   691  76731     19.4 V
13  2011 09 29.39508  02 22 30.06  +13 12 41.0   691  76731     19.6 V
13  2011 09 29.41286  02 22 29.64  +13 12 39.5   691  76731     20.8 V
13  2011 10 17.55058  02 14 20.03  +12 28 43.0   E07  76731     19.4 V
13  2011 10 17.56043  02 14 19.73  +12 28 41.4   E07  76731     19.4 V
13  2011 10 17.59613  02 14 18.69  +12 28 35.6   E07  76731     19.8 V
13  2011 10 18.53796  02 13 51.40  +12 26 00.6   E07  76731     19.1 V
13  2011 10 18.54984  02 13 51.05  +12 25 58.4   E07  76731     18.9 V
13  2011 10 19.59990  02 13 20.50  +12 23 04.8   E07  76731     19.7 V
13  2011 10 19.60638  02 13 20.28  +12 23 03.8   E07  76731     19.8 V
13  2011 10 19.62104  02 13 19.86  +12 23 01.2   E07  76731     20.3 V
13  2011 10 23.96387  02 11 13.45  +12 10 46.1   B01  76731     19.4 V
13  2011 10 23.97444  02 11 13.11  +12 10 44.1   B01  76731     19.2 V
13  2011 10 24.00222  02 11 12.33  +12 10 39.8   B01  76731     19.3 V
13  2011 10 27.60719  02 09 27.83  +12 00 28.8   E07  76731     19.3 V
13  2011 10 27.61160  02 09 27.70  +12 00 28.0   E07  76731     19.3 V
13  2011 10 29.58046  02 08 31.40  +11 54 51.7   E07  76731     19.5 V
13  2011 10 29.58705  02 08 31.21  +11 54 50.6   E07  76731     19.5 V
13  2011 11 17.08277  02 00 38.40  +11 05 14.7   691  77162     19.9 V
13  2011 11 17.10954  02 00 37.80  +11 05 11.1   691  77162     19.8 V
13  2011 11 17.15148  02 00 36.86  +11 05 04.4   691  77162     19.5 V
13  2011 11 17.62835  02 00 26.51  +11 03 58.5   E07  77162     20.0 V
13  2011 11 17.63715  02 00 26.33  +11 03 57.4   E07  77162     19.9 V
