 6  1993 03 17.65227  12 43 25.02 -02 24 03.1  365
 6  1993 03 17.69602  12 43 24.15 -02 23 57.6  365
 6  1993 03 19.65227  12 42 39.11 -02 18 42.3  365
 6  1993 03 19.66894  12 42 38.86 -02 18 39.7  365
 6  2001 12 06.63397  06 56 27.02 +22 31 37.8  608
 6  2001 12 06.65117  06 56 26.58 +22 31 39.2  608
 6  2001 12 06.66200  06 56 26.30 +22 31 40.3  608
 6  2001 12 17.30686  06 51 46.72 +22 47 52.3  644
 6  2001 12 17.32842  06 51 46.11 +22 47 54.5  644
 6  2001 12 17.36411  06 51 45.10 +22 47 57.9  644
 7  1993 03 17.65227  12 42 06.76 -03 24 34.6  365
 7  1993 03 17.69602  12 42 05.39 -03 24 28.9  365
 7  1993 03 19.65227  12 41 03.79 -03 17 45.6  365
 7  1993 03 19.66894  12 41 03.07 -03 17 45.6  365
 7  2001 11 16.46191  07 05 26.93 +22 17 47.4  644
 7  2001 11 16.48302  07 05 26.76 +22 17 48.4  644
 7  2001 11 16.50787  07 05 26.56 +22 17 49.6  644
 7  2002 01 04.46324  06 47 15.13 +23 18 30.4  608
 7  2002 01 04.47377  06 47 14.80 +23 18 31.1  608
 7  2002 01 04.48439  06 47 14.46 +23 18 31.8  608
 7  2002 01 08.29872  06 45 15.05 +23 23 09.8  704
 7  2002 01 08.31363  06 45 14.60 +23 23 11.0  704
 7  2002 01 08.32854  06 45 14.11 +23 23 12.4  704
 7  2002 01 08.34345  06 45 13.56 +23 23 13.3  704
 7  2002 01 08.35838  06 45 13.12 +23 23 14.5  704
 8  2001 10 13.44302  07 02 59.17 +23 07 51.4  704
 8  2001 10 13.45918  07 02 59.49 +23 07 51.0  704
 8  2001 10 13.47499  07 02 59.83 +23 07 51.2  704
 8  2001 11 16.46259  07 06 28.88 +23 22 12.9  644
 8  2001 11 16.48370  07 06 28.68 +23 22 14.1  644
 8  2001 11 16.50854  07 06 28.44 +23 22 15.1  644
 8  2001 12 10.36209  06 59 22.10 +23 45 20.8  704
 8  2001 12 10.37708  06 59 21.71 +23 45 22.0  704
 8  2001 12 10.40704  06 59 20.89 +23 45 23.9  704
 8  2001 12 10.42203  06 59 20.50 +23 45 24.9  704
 8  2001 12 17.30812  06 56 08.94 +23 52 46.0  644
 8  2001 12 17.33372  06 56 08.17 +23 52 47.5  644
 8  2001 12 17.36933  06 56 07.10 +23 52 49.8  644
 8  2001 12 18.36074  06 55 37.71 +23 53 51.4  691
 8  2001 12 18.38338  06 55 37.02 +23 53 52.9  691
 8  2001 12 18.40591  06 55 36.33 +23 53 54.3  691
 8  2001 12 20.42492  06 54 35.46 +23 55 59.9  608
 8  2001 12 20.43558  06 54 35.14 +23 56 00.2  608
 8  2001 12 20.44635  06 54 34.80 +23 56 02.5  608
 8  2001 12 25.37531  06 52 00.95 +24 00 59.6  608
 8  2001 12 25.38548  06 52 00.62 +24 01 00.4  608
 8  2001 12 25.39607  06 52 00.27 +24 01 00.9  608
 8  2002 01 08.31363  06 44 30.84 +24 13 05.8  704
 8  2002 01 08.32854  06 44 30.38 +24 13 06.2  704
 8  2002 01 08.34345  06 44 29.89 +24 13 06.8  704
 8  2002 01 08.35838  06 44 29.42 +24 13 07.6  704
 8  2002 01 14.30892  06 41 23.76 +24 17 05.6  608
 8  2002 01 14.32000  06 41 23.41 +24 17 06.1  608
 8  2002 01 14.33115  06 41 23.06 +24 17 06.6  608
 8  2002 01 18.16613  06 39 29.38 +24 19 14.3  704
 8  2002 01 18.18131  06 39 28.95 +24 19 14.6  704
 8  2002 01 18.22686  06 39 27.51 +24 19 15.5  704
 9  2001 10 13.41208  07 14 02.71 +22 52 47.2  704
 9  2001 10 13.42789  07 14 03.16 +22 52 47.8  704
 9  2001 10 13.44370  07 14 03.36 +22 52 45.8  704
 9  2001 10 13.45986  07 14 03.63 +22 52 45.8  704
 9  2001 11 16.46467  07 16 07.59 +22 48 53.9  644
 9  2001 11 16.48651  07 16 07.32 +22 48 54.3  644
 9  2001 11 16.49069  07 16 07.24 +22 48 54.0  691
 9  2001 11 16.51063  07 16 07.05 +22 48 54.5  644
 9  2001 11 16.51345  07 16 06.97 +22 48 54.3  691
 9  2001 11 16.53628  07 16 06.68 +22 48 54.8  691
 9  2001 11 20.44542  07 15 16.30 +22 50 13.0  704
 9  2001 11 20.46022  07 15 16.06 +22 50 13.3  704
 9  2001 11 20.47492  07 15 15.77 +22 50 14.1  704
 9  2001 11 20.48961  07 15 15.58 +22 50 14.8  704
 9  2001 11 20.50431  07 15 15.31 +22 50 15.0  704
 9  2001 11 20.50662  07 15 15.36 +22 50 14.4  691
 9  2001 11 20.51876  07 15 15.17 +22 50 14.7  691
 9  2001 11 20.53038  07 15 14.99 +22 50 14.8  691
 9  2001 12 10.36314  07 07 53.64 +23 00 56.1  704
 9  2001 12 10.37812  07 07 53.18 +23 00 56.8  704
 9  2001 12 10.39310  07 07 52.73 +23 00 57.5  704
 9  2001 12 10.40809  07 07 52.32 +23 00 58.2  704
 9  2001 12 10.42307  07 07 51.87 +23 00 58.9  704
 9  2001 12 13.37998  07 06 23.44 +23 02 55.7  644
 9  2001 12 13.45031  07 06 21.23 +23 02 58.5  644
 9  2001 12 13.51387  07 06 19.41 +23 03 01.5  644
 9  2001 12 14.37315  07 05 52.66 +23 03 35.6  704
 9  2001 12 14.38835  07 05 52.19 +23 03 36.2  704
 9  2001 12 14.40355  07 05 51.72 +23 03 36.7  704
 9  2001 12 14.41875  07 05 51.18 +23 03 37.3  704
 9  2001 12 14.43397  07 05 50.70 +23 03 37.6  704
 9  2001 12 17.37264  07 04 16.86 +23 05 38.0  704
 9  2001 12 17.38784  07 04 16.34 +23 05 38.5  704
 9  2001 12 17.40306  07 04 15.84 +23 05 39.0  704
 9  2001 12 17.41828  07 04 15.35 +23 05 39.5  704
 9  2001 12 17.43350  07 04 14.83 +23 05 40.4  704
 9  2001 12 18.37615  07 03 43.76 +23 06 17.7  704
 9  2001 12 18.39223  07 03 43.22 +23 06 18.1  704
 9  2001 12 18.40759  07 03 42.68 +23 06 18.7  704
 9  2001 12 18.42483  07 03 42.10 +23 06 19.5  704
 9  2001 12 18.44002  07 03 41.52 +23 06 20.4  704
 9  2001 12 19.38580  07 03 10.19 +23 06 59.7  704
 9  2001 12 19.40323  07 03 09.59 +23 07 00.5  704
 9  2001 12 19.42443  07 03 08.85 +23 07 01.0  704
 9  2001 12 19.43966  07 03 08.32 +23 07 01.6  704
 9  2001 12 19.45486  07 03 07.78 +23 07 02.0  704
 9  2001 12 21.29521  07 02 05.84 +23 08 17.2  704
 9  2001 12 21.31023  07 02 05.30 +23 08 17.6  704
 9  2001 12 21.32525  07 02 04.81 +23 08 18.4  704
 9  2001 12 21.34062  07 02 04.29 +23 08 19.5  704
 9  2001 12 21.35567  07 02 03.68 +23 08 20.2  704
 9  2002 01 04.46807  06 53 40.83 +23 17 16.4  608
 9  2002 01 04.47834  06 53 40.45 +23 17 16.1  608
 9  2002 01 04.48899  06 53 40.07 +23 17 16.6  608
 9  2002 01 13.78301  06 48 07.74 +23 21 55.5  185
 9  2002 01 13.78924  06 48 07.50 +23 21 55.7  185
 9  2002 01 13.79688  06 48 07.21 +23 21 55.8  185
 9  2002 01 13.80336  06 48 07.03 +23 21 56.1  185
 9  2002 01 14.22890  06 47 52.14 +23 22 06.4  704
 9  2002 01 14.24401  06 47 51.65 +23 22 06.8  704
 9  2002 01 14.25912  06 47 51.12 +23 22 07.8  704
 9  2002 01 14.27424  06 47 50.53 +23 22 07.4  704
 9  2002 01 14.29335  06 47 49.87 +23 22 07.9  704
 9  2002 01 18.24378  06 45 35.25 +23 23 43.3  704
 9  2002 01 18.25890  06 45 34.73 +23 23 43.2  704
 9  2002 01 18.29630  06 45 33.45 +23 23 44.7  704
 9  2002 01 21.22536  06 43 57.45 +23 24 44.6  704
 9  2002 01 21.24013  06 43 57.06 +23 24 46.5  704
 9  2002 01 21.25497  06 43 56.54 +23 24 45.9  704
 9  2002 01 21.26975  06 43 56.06 +23 24 47.5  704
 9  2002 01 21.28465  06 43 55.55 +23 24 47.3  704
10  2001 11 16.46397  07 08 41.77 +21 54 42.3  644
10  2001 11 16.48507  07 08 41.42 +21 54 43.0  644
10  2001 11 16.50993  07 08 40.96 +21 54 43.5  644
10  2001 11 21.49174  07 07 06.31 +21 56 39.4  691
10  2001 11 21.51450  07 07 05.80 +21 56 39.9  691
10  2001 11 21.53722  07 07 05.30 +21 56 40.5  691
11  2001 11 16.46536  07 12 56.31 +21 46 07.4  644
11  2001 11 16.48799  07 12 56.12 +21 46 07.7  644
11  2001 11 16.51133  07 12 55.89 +21 46 07.5  644
11  2001 11 20.44390  07 12 16.22 +21 47 06.1  704
11  2001 11 20.45871  07 12 15.97 +21 47 05.8  704
11  2001 11 20.47340  07 12 15.75 +21 47 08.1  704
11  2001 11 20.48810  07 12 15.56 +21 47 07.2  704
11  2001 11 20.50280  07 12 15.31 +21 47 07.5  704
11  2001 11 21.45386  07 12 03.79 +21 47 25.0  704
11  2001 11 21.46855  07 12 03.57 +21 47 25.5  704
11  2001 11 21.48323  07 12 03.33 +21 47 25.9  704
11  2001 11 21.49793  07 12 03.13 +21 47 27.0  704
11  2001 11 21.51263  07 12 02.87 +21 47 25.6  704
11  2001 12 07.59889  07 06 57.47 +21 55 43.5  608
11  2001 12 07.60949  07 06 57.18 +21 55 44.7  608
11  2001 12 07.62045  07 06 56.93 +21 55 44.9  608
11  2001 12 10.36261  07 05 46.70 +21 57 41.0  704
11  2001 12 10.37760  07 05 46.29 +21 57 41.8  704
11  2001 12 10.39258  07 05 45.88 +21 57 42.4  704
11  2001 12 10.40756  07 05 45.47 +21 57 42.5  704
11  2001 12 10.42255  07 05 45.04 +21 57 43.1  704
11  2001 12 14.37315  07 03 56.00 +22 00 41.9  704
11  2001 12 14.38835  07 03 55.53 +22 00 42.7  704
11  2001 12 14.40355  07 03 55.10 +22 00 43.0  704
11  2001 12 14.41875  07 03 54.62 +22 00 44.2  704
11  2001 12 14.43397  07 03 54.17 +22 00 44.7  704
11  2001 12 17.37264  07 02 27.78 +22 03 05.4  704
11  2001 12 17.38784  07 02 27.31 +22 03 06.1  704
11  2001 12 17.40306  07 02 26.85 +22 03 06.9  704
11  2001 12 17.41828  07 02 26.36 +22 03 07.7  704
11  2001 12 17.43350  07 02 25.90 +22 03 08.3  704
11  2001 12 19.38605  07 01 26.32 +22 04 44.0  704
11  2001 12 19.40348  07 01 25.76 +22 04 45.2  704
11  2001 12 19.42468  07 01 25.10 +22 04 46.3  704
11  2001 12 19.43990  07 01 24.61 +22 04 47.2  704
11  2001 12 19.45511  07 01 24.11 +22 04 48.1  704
11  2001 12 20.30971  07 00 57.68 +22 05 30.1  704
11  2001 12 20.32477  07 00 57.17 +22 05 31.0  704
11  2001 12 20.35515  07 00 56.14 +22 05 32.8  704
11  2001 12 20.37036  07 00 55.65 +22 05 33.9  704
11  2002 01 04.91365  06 52 22.30 +22 18 52.7  636
11  2002 01 04.92131  06 52 22.12 +22 18 51.9  636
11  2002 01 04.46807  06 52 37.35 +22 18 30.3  608
11  2002 01 04.47834  06 52 37.00 +22 18 30.5  608
11  2002 01 04.48899  06 52 36.62 +22 18 31.1  608
11  2002 01 08.29885  06 50 28.55 +22 21 42.9  704
11  2002 01 08.31376  06 50 28.03 +22 21 43.4  704
11  2002 01 08.32867  06 50 27.52 +22 21 44.5  704
11  2002 01 08.34358  06 50 27.00 +22 21 44.9  704
11  2002 01 08.35851  06 50 26.48 +22 21 45.7  704
11  2002 01 13.23130  06 47 45.89 +22 25 43.7  704
11  2002 01 13.24643  06 47 45.38 +22 25 44.7  704
11  2002 01 13.26158  06 47 44.86 +22 25 45.6  704
11  2002 01 13.29188  06 47 43.86 +22 25 47.3  704
11  2002 01 19.23313  06 44 36.98 +22 30 19.9  704
11  2002 01 19.24825  06 44 36.50 +22 30 20.4  704
11  2002 01 19.26337  06 44 36.02 +22 30 20.8  704
11  2002 01 19.27850  06 44 35.56 +22 30 21.7  704
11  2002 01 19.29363  06 44 35.05 +22 30 22.8  704
11  2002 01 21.16458  06 43 39.21 +22 31 44.0  704
11  2002 01 21.17955  06 43 38.75 +22 31 44.9  704
11  2002 01 21.19452  06 43 38.30 +22 31 45.7  704
11  2002 01 21.20960  06 43 37.85 +22 31 46.1  704
11  2002 01 21.22459  06 43 37.39 +22 31 47.1  704
12  2001 11 16.46050  06 59 16.75 +22 33 04.9  644
12  2001 11 16.48150  06 59 16.47 +22 33 06.3  644
12  2001 11 16.50640  06 59 16.11 +22 33 07.6  644
12  2001 11 20.45581  06 58 20.19 +22 37 07.1  704
12  2001 11 20.47062  06 58 19.97 +22 37 07.8  704
12  2001 11 20.48532  06 58 19.71 +22 37 08.7  704
12  2001 11 20.50002  06 58 19.43 +22 37 09.2  704
12  2001 11 21.45083  06 58 04.25 +22 38 10.0  704
12  2001 11 21.46551  06 58 04.03 +22 38 11.1  704
12  2001 11 21.49489  06 58 03.50 +22 38 13.0  704
12  2001 11 21.50959  06 58 03.22 +22 38 13.8  704
12  2001 12 18.37364  06 46 55.89 +23 11 49.5  704
12  2001 12 18.38971  06 46 55.42 +23 11 50.8  704
12  2001 12 18.42025  06 46 54.40 +23 11 53.1  704
12  2001 12 19.41594  06 46 23.14 +23 13 12.0  704
12  2001 12 19.43716  06 46 22.47 +23 13 13.2  704
12  2001 12 19.45237  06 46 21.98 +23 13 14.6  704
12  2002 01 08.23641  06 35 41.96 +23 37 43.9  704
12  2002 01 08.25152  06 35 41.46 +23 37 44.6  704
12  2002 01 08.26668  06 35 41.05 +23 37 45.4  704
12  2002 01 14.24175  06 32 38.31 +23 44 01.8  704
12  2002 01 14.25686  06 32 37.93 +23 44 02.9  704
12  2002 01 14.27197  06 32 37.46 +23 44 03.7  704
12  2002 01 14.29109  06 32 36.88 +23 44 04.9  704
12  2002 01 21.16309  06 29 25.92 +23 50 22.8  704
12  2002 01 21.17813  06 29 25.52 +23 50 23.7  704
12  2002 01 21.19310  06 29 25.12 +23 50 24.3  704
12  2002 01 21.20818  06 29 24.70 +23 50 24.9  704
12  2002 01 21.22317  06 29 24.34 +23 50 25.1  704
 8  1998 10 10.25258  23 33 31.44 -05 45 28.5  699
 8  1998 10 10.27244  23 33 30.94 -05 45 31.8  699
 8  1998 10 10.29157  23 33 30.45 -05 45 34.9  699