06  2015 01 17.41500  09 28 08.53  +16 07 42.2   15.0  r  G45  92468
06  2015 01 17.43235  09 28 08.14  +16 07 45.6   15.1  r  G45  92468
06  2015 01 17.43825  09 28 08.00  +16 07 46.8   15.1  r  G45  92468
06  2015 01 17.44246  09 28 07.88  +16 07 48.1   15.3  r  G45  92468
06  2015 01 19.40990  09 27 23.21  +16 13 06.6   15.4  r  G45  92468
06  2015 01 19.42334  09 27 22.89  +16 13 08.9   15.2  r  G45  92468
06  2015 01 19.42765  09 27 22.78  +16 13 09.5   15.2  r  G45  92468
06  2015 01 19.43190  09 27 22.65  +16 13 10.3   14.9  r  G45  92468
06  2015 01 19.43790  09 27 22.54  +16 13 10.8   15.2  r  G45  92468
06  2015 02 08.70728  09 19 07.81  +17 04 59.4   15.0  R  D29  92468
06  2015 02 08.72580  09 19 07.35  +17 05 01.8   15.1  R  D29  92468
06  2015 02 08.74432  09 19 06.88  +17 05 04.3   15.1  R  D29  92468
06  2015 02 09.67756  09 18 43.81  +17 07 11.8   15.1  R  D29  92468
06  2015 02 09.69608  09 18 43.34  +17 07 14.2   15.1  R  D29  92468
06  2015 02 09.71460  09 18 42.86  +17 07 16.7   15.1  R  D29  92468
06  2015 02 16.66329  09 15 53.71  +17 22 01.9   15.2  R  D29  92468
06  2015 02 16.68092  09 15 53.28  +17 22 04.0   15.2  R  D29  92468
06  2015 02 16.70179  09 15 52.76  +17 22 06.9   15.2  R  D29  92468
06  2015 02 17.63475  09 15 30.67  +17 23 55.8   15.2  R  D29  92468
06  2015 02 17.65944  09 15 30.07  +17 23 58.6   15.2  R  D29  92468
06  2015 02 17.68413  09 15 29.47  +17 24 01.5   15.2  R  D29  92468
06  2015 06 15.95687  09 27 06.54  +15 35 46.4   16.1  V  W88  97001
06  2015 06 15.98164  09 27 07.38  +15 35 42.0   16.1  V  W88  97001
06  2015 06 15.99870  09 27 08.01  +15 35 38.8   15.8  V  W88  97001
06  2015 12 14.51163  11 34 42.40  +04 10 05.3   16.1  r  G45  97709
06  2015 12 14.51719  11 34 42.51  +04 10 05.0   16.3  r  G45  97709
06  2015 12 14.52787  11 34 42.73  +04 10 03.2   16.1  r  G45  97709
06  2015 12 14.54000  11 34 42.96  +04 10 01.6   16.1  r  G45  97709
06  2015 12 15.51285  11 35 02.02  +04 07 46.9   15.0  r  G45  97709
06  2015 12 15.51871  11 35 02.13  +04 07 45.9   15.8  r  G45  97709
06  2015 12 15.52363  11 35 02.23  +04 07 45.1   15.5  r  G45  97709
06  2015 12 15.53545  11 35 02.43  +04 07 43.4   16.1  r  G45  97709
06  2015 12 15.54128  11 35 02.55  +04 07 42.8   16.0  r  G45  97709
06  2016 02 03.07004  11 35 53.60  +03 47 38.8   14.7  R  G36  97709
06  2016 02 03.18212  11 35 51.53  +03 47 49.7   14.8  R  G36  97709
06  2016 02 03.24001  11 35 50.46  +03 47 55.3   14.7  R  G36  97709
06  2016 02 04.05502  11 35 35.72  +03 49 16.8   14.7  R  G36  97709
06  2016 02 04.16391  11 35 33.63  +03 49 27.9   14.8  R  G36  97709
06  2016 02 04.21869  11 35 32.57  +03 49 33.4   14.7  R  G36  97709
06  2016 02 05.12808  11 35 15.38  +03 51 08.4   14.8  R  G36  97709
06  2016 02 05.17446  11 35 14.45  +03 51 13.4   14.7  R  G36  97709
06  2016 02 05.21268  11 35 13.70  +03 51 17.4   14.7  R  G36  97709
06  2016 02 08.09699  11 34 15.09  +03 56 46.0   14.8  R  G36  97709
06  2016 02 08.12992  11 34 14.36  +03 56 50.0   14.8  R  G36  97709
06  2016 02 08.17269  11 34 13.43  +03 56 55.2   14.8  R  G36  97709
06  2016 02 09.10715  11 33 53.23  +03 58 50.2   14.8  R  G36  97709
06  2016 02 09.17122  11 33 51.77  +03 58 58.2   14.9  R  G36  97709
06  2016 02 09.22176  11 33 50.63  +03 59 04.5   14.8  R  G36  97709
06  2016 02 10.62795  11 33 19.00  +04 02 06.0   15.5  w  T05  97709
06  2016 02 10.64816  11 33 18.52  +04 02 08.7   15.5  w  T05  97709
06  2016 02 10.66226  11 33 18.20  +04 02 10.6   15.4  w  T05  97709
06  2016 02 10.67021  11 33 18.01  +04 02 11.7   15.3  w  T05  97709
06  2016 02 11.22882  11 33 05.24  +04 03 25.5   15.5  r  G45  97709
06  2016 02 11.23357  11 33 05.13  +04 03 26.2   15.5  r  G45  97709
06  2016 02 11.23839  11 33 05.03  +04 03 26.8   15.5  r  G45  97709
06  2016 02 11.24304  11 33 04.91  +04 03 27.5   15.5  r  G45  97709
06  2016 02 11.24802  11 33 04.79  +04 03 28.1   15.5  r  G45  97709
06  2016 02 14.23642  11 31 52.34  +04 10 29.0   15.5  r  G45  97709
06  2016 02 14.24117  11 31 52.21  +04 10 29.5   15.5  r  G45  97709
06  2016 02 14.24605  11 31 52.08  +04 10 30.2   15.5  r  G45  97709
06  2016 02 14.25080  11 31 51.96  +04 10 30.9   15.5  r  G45  97709
06  2016 02 18.33388  11 30 04.72  +04 21 04.5   15.3  w  T05  97709
06  2016 02 18.34798  11 30 04.34  +04 21 06.8   15.2  w  T05  97709
06  2016 02 18.36327  11 30 03.93  +04 21 09.4   15.2  w  T05  97709
06  2016 02 18.37689  11 30 03.53  +04 21 11.6   15.3  w  T05  97709
06  2016 02 28.40821  11 25 06.23  +04 51 14.0   14.8  V  G96  99412
06  2016 02 28.41290  11 25 06.08  +04 51 14.9   14.9  V  G96  99412
06  2016 02 28.41757  11 25 05.93  +04 51 15.8   14.9  V  G96  99412
06  2016 02 28.42225  11 25 05.78  +04 51 16.8   14.9  V  G96  99412
06  2016 02 28.43998  11 25 05.18  +04 51 20.4    -    -  691  99412
06  2016 02 28.45867  11 25 04.57  +04 51 24.0    -    -  691  99412
06  2016 02 28.46450  11 25 04.41  +04 51 24.9   15.1  V  G96  99412
06  2016 02 28.46597  11 25 04.37  +04 51 25.3   15.2  V  G96  99412
06  2016 02 28.46756  11 25 04.31  +04 51 25.6   15.1  V  G96  99412
06  2016 02 28.46905  11 25 04.27  +04 51 26.0   15.2  V  G96  99412
06  2016 02 28.47065  11 25 04.21  +04 51 26.2   15.1  V  G96  99412
06  2016 02 28.47213  11 25 04.18  +04 51 26.5   15.2  V  G96  99412
06  2016 02 28.47372  11 25 04.12  +04 51 26.7   15.1  V  G96  99412
06  2016 02 28.47522  11 25 04.07  +04 51 27.1   15.2  V  G96  99412
06  2016 02 28.47735  11 25 03.98  +04 51 27.7    -    -  691  99412
06  2016 03 05.01201  11 22 05.09  +05 10 00.8   15.2  V  Z80  99412
06  2016 03 05.01762  11 22 04.87  +05 10 01.0    -    -  Z80  99412
06  2016 03 05.02232  11 22 04.76  +05 10 02.2   14.7  V  Z80  99412
06  2016 03 05.02796  11 22 04.53  +05 10 04.1    -    -  Z80  99412
06  2016 03 05.51543  11 21 48.42  +05 11 45.9   15.2  w  T05  99412
06  2016 03 05.53788  11 21 47.66  +05 11 50.5   15.2  w  T05  99412
06  2016 03 05.55582  11 21 47.05  +05 11 54.2   15.0  w  T05  99412
06  2016 03 05.55998  11 21 46.90  +05 11 55.0   15.1  w  T05  99412
06  2016 03 05.57815  11 21 46.30  +05 11 58.7   15.0  w  T05  99412
06  2016 03 11.66670  11 18 22.62  +05 33 30.5   14.9  R  D29  99412
06  2016 03 11.68349  11 18 22.05  +05 33 34.1   14.9  R  D29  99412
06  2016 03 11.70029  11 18 21.47  +05 33 37.7   14.8  R  D29  99412
06  2016 03 13.48705  11 17 21.25  +05 40 04.6   15.1  w  T05  99412
06  2016 03 13.50926  11 17 20.49  +05 40 09.5   15.1  w  T05  99412
06  2016 03 13.53155  11 17 19.72  +05 40 14.4   15.2  w  T05  99412
06  2016 03 13.55530  11 17 18.91  +05 40 19.3   15.3  w  T05  99412
06  2016 04 03.14727  11 06 26.80  +06 52 56.9   15.4  r  G45  99412
06  2016 04 03.14794  11 06 26.79  +06 52 57.0   15.4  r  G45  99412
06  2016 04 03.15225  11 06 26.66  +06 52 58.0   15.4  r  G45  99412
06  2016 04 03.15741  11 06 26.52  +06 52 58.8   15.4  r  G45  99412
06  2016 04 03.15798  11 06 26.50  +06 52 59.1   15.7  r  G45  99412
06  2016 04 03.16246  11 06 26.37  +06 52 59.9   15.9  r  G45  99412
06  2016 04 03.16303  11 06 26.35  +06 52 59.7   15.4  r  G45  99412
06  2016 04 03.16751  11 06 26.23  +06 53 00.8   15.5  r  G45  99412
06  2016 04 03.16808  11 06 26.21  +06 53 01.0   15.6  r  G45  99412
06  2016 04 06.14640  11 05 05.00  +07 02 34.4   14.9  r  G45  99412
06  2016 04 06.15135  11 05 04.88  +07 02 35.2   15.4  r  G45  99412
06  2016 04 06.15640  11 05 04.72  +07 02 35.9   15.4  r  G45  99412
06  2016 04 06.16192  11 05 04.59  +07 02 37.1   15.7  r  G45  99412
06  2016 04 12.36414  11 02 32.09  +07 21 05.3   15.4  w  T05  99412
06  2016 04 12.38351  11 02 31.62  +07 21 08.3   15.5  w  T05  99412
06  2016 04 12.40258  11 02 31.19  +07 21 11.6   15.5  w  T05  99412
06  2016 04 12.42089  11 02 30.76  +07 21 14.6   15.4  w  T05  99412
06  2016 04 15.35857  11 01 27.47  +07 29 12.3   15.1  w  T05  99412
06  2016 04 15.37856  11 01 27.04  +07 29 15.5   15.1  w  T05  99412
06  2016 04 15.40234  11 01 26.54  +07 29 19.0   15.0  w  T05  99412
06  2016 04 15.40574  11 01 26.47  +07 29 19.6   15.0  w  T05  99412
06  2016 04 21.41642  10 59 36.47  +07 43 48.4   15.1  w  T05  99949
06  2016 04 21.42818  10 59 36.28  +07 43 49.8   15.1  w  T05  99949
06  2016 04 21.44012  10 59 36.09  +07 43 51.6   15.1  w  T05  99949
06  2016 04 21.45761  10 59 35.78  +07 43 53.9   15.1  w  T05  99949
06  2016 04 22.40532  10 59 21.00  +07 45 56.4   15.2  w  T05  99949
06  2016 04 22.42713  10 59 20.66  +07 45 59.3   15.2  w  T05  99949
06  2016 04 22.44981  10 59 20.32  +07 46 02.2   15.2  w  T05  99949
06  2016 04 22.47153  10 59 19.98  +07 46 04.8   15.2  w  T05  99949
06  2016 04 27.37054  10 58 15.00  +07 55 31.7   15.2  w  T05  99949
06  2016 04 27.38650  10 58 14.80  +07 55 33.1   15.2  w  T05  99949
06  2016 04 27.40250  10 58 14.61  +07 55 35.2   15.2  w  T05  99949
06  2016 04 27.41833  10 58 14.43  +07 55 36.7   15.2  w  T05  99949
06  2016 04 28.36224  10 58 04.20  +07 57 12.6   15.3  w  T05  99949
06  2016 04 28.37980  10 58 04.00  +07 57 14.3   15.3  w  T05  99949
06  2016 04 28.39828  10 58 03.79  +07 57 16.2   15.3  w  T05  99949
06  2016 04 28.41710  10 58 03.59  +07 57 17.2   15.4  w  T05  99949
06  2016 04 30.85032  10 57 40.68  +08 01 03.5   15.1  R  G36  99949
06  2016 04 30.89398  10 57 40.28  +08 01 07.4   15.2  R  G36  99949
06  2016 04 30.97968  10 57 39.52  +08 01 14.7   15.0  R  G36  99949
06  2016 05 01.91913  10 57 32.09  +08 02 33.4   15.1  R  G36  99949
06  2016 05 01.98638  10 57 31.56  +08 02 38.8   15.1  R  G36  99949
06  2016 05 02.84278  10 57 25.52  +08 03 46.2   15.2  R  G36  99949
06  2016 05 02.88760  10 57 25.19  +08 03 49.6   15.1  R  G36  99949
06  2016 05 02.94458  10 57 24.78  +08 03 53.9   15.1  R  G36  99949
06  2016 05 03.86730  10 57 19.01  +08 05 01.8   15.0  R  G36  99949
06  2016 05 03.92373  10 57 18.64  +08 05 05.8   15.0  R  G36  99949
06  2016 05 03.99115  10 57 18.23  +08 05 10.5   15.1  R  G36  99949
06  2016 06 17.51783  11 05 59.04  +07 28 01.0   16.1  R  D29 100688
06  2016 06 17.53087  11 05 59.38  +07 27 58.8   16.1  R  D29 100688
06  2016 06 17.54392  11 05 59.72  +07 27 56.7   16.2  R  D29 100688
06  2016 06 23.25652  11 08 41.39  +07 11 07.4   16.0  w  T05 100688
06  2016 06 23.27763  11 08 42.03  +07 11 03.3   15.9  w  T05 100688
06  2016 06 23.29022  11 08 42.40  +07 11 01.0   15.9  w  T05 100688
06  2016 06 23.30316  11 08 42.77  +07 10 58.3   15.8  w  T05 100688
06  2016 07 16.92901  11 22 23.84  +05 39 37.7   16.0  R  Y00 100688
06  2016 07 16.94177  11 22 24.27  +05 39 33.7   15.8  R  Y00 100688
06  2016 07 16.95380  11 22 24.78  +05 39 30.9   15.5  R  Y00 100688
06  2016 12 14.63034  13 11 41.75  -06 35 41.2   15.8  w  T05 102358
06  2016 12 14.64301  13 11 42.12  -06 35 43.4   15.8  w  T05 102358
06  2016 12 14.65540  13 11 42.49  -06 35 45.1   15.9  w  T05 102358
06  2016 12 14.66849  13 11 42.87  -06 35 47.5   15.8  w  T05 102358
07  2015 02 09.67756  09 17 59.20  +16 21 43.7   16.7  R  D29  92468
07  2015 02 09.69608  09 17 58.46  +16 21 46.5   16.7  R  D29  92468
07  2015 02 09.71460  09 17 57.73  +16 21 49.2   16.7  R  D29  92468
07  2015 02 11.72965  09 16 39.23  +16 26 47.9   16.7  R  D29  92468
07  2015 02 11.74640  09 16 38.56  +16 26 50.5   16.7  R  D29  92468
07  2015 02 11.76316  09 16 37.90  +16 26 52.9   16.8  R  D29  92468
07  2015 02 25.34762  09 08 22.47  +16 59 24.6   16.6  r  G45  93113
07  2015 02 25.36795  09 08 21.78  +16 59 26.8   17.1  r  G45  93113
07  2015 02 25.37216  09 08 21.66  +16 59 26.9   17.3  r  G45  93113
07  2015 02 25.37630  09 08 21.50  +16 59 27.5   16.7  r  G45  93113
07  2015 02 25.38052  09 08 21.37  +16 59 28.7   17.1  r  G45  93113
07  2015 02 25.38520  09 08 21.20  +16 59 29.6   16.8  r  G45  93113
07  2015 02 28.34470  09 06 45.45  +17 06 02.1   16.5  r  G45  93113
07  2015 02 28.34877  09 06 45.32  +17 06 02.2   17.2  r  G45  93113
07  2015 02 28.35292  09 06 45.16  +17 06 02.9   16.5  r  G45  93113
07  2015 02 28.35881  09 06 44.98  +17 06 03.6   17.1  r  G45  93113
07  2015 02 28.36302  09 06 44.84  +17 06 04.6   16.9  r  G45  93113
07  2015 03 10.57400  09 02 00.65  +17 26 15.9   17.1  R  D29  93113
07  2015 03 10.58811  09 02 00.30  +17 26 17.4   17.2  R  D29  93113
07  2015 03 10.60222  09 01 59.95  +17 26 18.9   17.2  R  D29  93113
07  2015 03 13.56099  09 00 52.58  +17 31 22.3   17.2  R  D29  93113
07  2015 03 13.57598  09 00 52.25  +17 31 23.5   17.2  R  D29  93113
07  2015 03 13.59098  09 00 51.91  +17 31 25.0   17.2  R  D29  93113
07  2015 03 16.37718  08 59 55.089 +17 35 48.20  17.1  w  F51  93113
07  2015 03 16.38949  08 59 54.841 +17 35 49.27  17.1  w  F51  93113
07  2015 03 16.40169  08 59 54.603 +17 35 50.36  17.0  w  F51  93113
07  2015 03 16.41390  08 59 54.356 +17 35 51.44  17.1  w  F51  93113
07  2015 03 17.35351  08 59 36.764 +17 37 15.22  17.1  w  F51  93113
07  2015 03 17.36602  08 59 36.524 +17 37 16.30  17.0  w  F51  93113
07  2015 03 17.37857  08 59 36.286 +17 37 17.39  17.1  w  F51  93113
07  2015 03 17.39112  08 59 36.046 +17 37 18.47  17.1  w  F51  93113
07  2016 02 02.08013  11 28 58.23  +04 53 13.1   16.9  R  G36  97709
07  2016 02 02.19003  11 28 56.51  +04 53 29.5   16.9  R  G36  97709
07  2016 02 02.23663  11 28 55.78  +04 53 36.3   16.9  R  G36  97709
07  2016 02 03.06666  11 28 43.15  +04 55 41.0   16.9  R  G36  97709
07  2016 02 03.17870  11 28 41.34  +04 55 58.0   16.9  R  G36  97709
07  2016 02 03.22213  11 28 40.64  +04 56 04.5   16.9  R  G36  97709
07  2016 02 04.05114  11 28 27.63  +04 58 11.5   16.8  R  G36  97709
07  2016 02 04.16003  11 28 25.82  +04 58 28.3   16.9  R  G36  97709
07  2016 02 04.21483  11 28 24.90  +04 58 36.7   16.9  R  G36  97709
07  2016 02 05.05215  11 28 11.36  +05 00 47.1   16.7  R  G36  97709
07  2016 02 05.14943  11 28 09.71  +05 01 02.4   16.7  R  G36  97709
07  2016 02 05.19180  11 28 08.98  +05 01 09.2   16.8  R  G36  97709
07  2016 02 05.20879  11 28 08.67  +05 01 11.9   16.6  R  G36  97709
07  2016 02 05.49159  11 28 04.066 +05 01 56.87  16.8  w  F51  97709
07  2016 02 05.50340  11 28 03.859 +05 01 58.80  16.8  w  F51  97709
07  2016 02 05.51524  11 28 03.657 +05 02 00.67  16.8  w  F51  97709
07  2016 02 05.52713  11 28 03.451 +05 02 02.52  16.7  w  F51  97709
07  2016 02 08.12606  11 27 18.48  +05 09 02.2   16.9  R  G36  97709
07  2016 02 08.16882  11 27 17.69  +05 09 09.3   16.9  R  G36  97709
07  2016 02 08.21156  11 27 16.91  +05 09 16.3   16.9  R  G36  97709
07  2016 02 09.10327  11 27 00.84  +05 11 44.5   16.9  R  G36  97709
07  2016 02 09.16734  11 26 59.62  +05 11 55.2   16.9  R  G36  97709
07  2016 02 09.21787  11 26 58.67  +05 12 03.7   16.9  R  G36  97709
07  2016 02 10.61814  11 26 32.62  +05 16 01.1   17.3  w  T05  97709
07  2016 02 10.64081  11 26 32.19  +05 16 05.1   17.3  w  T05  97709
07  2016 02 10.65736  11 26 31.87  +05 16 07.6   17.3  w  T05  97709
07  2016 02 10.66776  11 26 31.67  +05 16 09.9   17.3  w  T05  97709
07  2016 02 13.07128  11 25 45.22  +05 23 05.1   17.0  V  G40  97709
07  2016 02 13.08525  11 25 44.94  +05 23 07.5   16.9  V  G40  97709
07  2016 02 13.10000  11 25 44.65  +05 23 10.1   16.9  V  G40  97709
07  2016 02 17.22680  11 24 20.01  +05 35 28.2   17.0  r  G45  97709
07  2016 02 17.23178  11 24 19.91  +05 35 28.9   16.9  r  G45  97709
07  2016 02 17.23673  11 24 19.80  +05 35 29.7   17.0  r  G45  97709
07  2016 02 17.24644  11 24 19.58  +05 35 31.9   17.0  r  G45  97709
07  2016 02 17.25203  11 24 19.45  +05 35 32.6   17.0  r  G45  97709
07  2016 02 28.42830  11 20 07.74  +06 10 17.1    -    -  691  99412
07  2016 02 28.44698  11 20 07.29  +06 10 20.5    -    -  691  99412
07  2016 02 28.46567  11 20 06.84  +06 10 24.0    -    -  691  99412
07  2016 02 29.45810  11 19 43.533 +06 13 31.12  16.4  r  F51  99412
07  2016 02 29.46937  11 19 43.257 +06 13 33.23  16.4  r  F51  99412
07  2016 02 29.48106  11 19 42.973 +06 13 35.43  16.6  r  F51  99412
07  2016 02 29.49227  11 19 42.733 +06 13 37.47  16.9  r  F51  99412
07  2016 03 05.51543  11 17 43.10  +06 29 16.0   16.7  w  T05  99412
07  2016 03 05.53788  11 17 42.55  +06 29 20.5   16.6  w  T05  99412
07  2016 03 05.55998  11 17 42.03  +06 29 24.5   16.7  w  T05  99412
07  2016 03 05.58228  11 17 41.48  +06 29 28.7   16.7  w  T05  99412
07  2016 03 06.96377  11 17 08.53  +06 33 42.7   16.6  R  G36  99412
07  2016 03 07.07451  11 17 05.83  +06 34 03.0   16.6  R  G36  99412
07  2016 03 07.12746  11 17 04.53  +06 34 12.7   16.6  R  G36  99412
07  2016 03 11.66582  11 15 16.60  +06 47 50.2   16.6  R  D29  99412
07  2016 03 11.68261  11 15 16.19  +06 47 53.2   16.5  R  D29  99412
07  2016 03 11.69940  11 15 15.79  +06 47 56.2   16.5  R  D29  99412
07  2016 03 13.48705  11 14 33.72  +06 53 08.9   16.8  w  T05  99412
07  2016 03 13.50926  11 14 33.19  +06 53 12.9   16.7  w  T05  99412
07  2016 03 13.53155  11 14 32.65  +06 53 16.8   16.8  w  T05  99412
07  2016 03 13.55530  11 14 32.09  +06 53 20.6   16.8  w  T05  99412
07  2016 03 17.17203  11 13 08.64  +07 03 31.8   16.8  r  G45  99412
07  2016 03 17.17230  11 13 08.65  +07 03 31.6   16.7  r  G45  99412
07  2016 03 17.18203  11 13 08.41  +07 03 33.3   16.8  r  G45  99412
07  2016 03 17.18707  11 13 08.29  +07 03 34.1   16.7  r  G45  99412
07  2016 03 17.19222  11 13 08.18  +07 03 35.0   16.7  r  G45  99412
07  2016 03 31.14372  11 08 15.94  +07 37 09.7   17.1  r  G45  99412
07  2016 03 31.32137  11 08 12.50  +07 37 31.7   17.0  r  G45  99412
07  2016 03 31.33219  11 08 12.29  +07 37 32.6   16.3  r  G45  99412
07  2016 03 31.33746  11 08 12.18  +07 37 33.8   17.6  r  G45  99412
07  2016 03 31.34281  11 08 12.11  +07 37 34.4   17.2  r  G45  99412
07  2016 04 03.14794  11 07 21.61  +07 42 56.8   17.2  r  G45  99412
07  2016 04 03.15299  11 07 21.54  +07 42 57.6   16.8  r  G45  99412
07  2016 04 03.15798  11 07 21.44  +07 42 58.0   16.9  r  G45  99412
07  2016 04 03.16808  11 07 21.25  +07 42 59.2   16.9  r  G45  99412
07  2016 05 01.84095  11 02 24.25  +08 05 37.8   16.5  R  G36  99949
07  2016 05 01.92218  11 02 23.99  +08 05 36.4   16.5  R  G36  99949
07  2016 05 01.98943  11 02 23.78  +08 05 35.1   16.5  R  G36  99949
07  2016 05 02.84587  11 02 21.83  +08 05 18.2   16.1  R  G36  99949
07  2016 05 02.91576  11 02 21.64  +08 05 16.7   16.1  R  G36  99949
07  2016 05 02.97511  11 02 21.49  +08 05 15.2   16.1  R  G36  99949
07  2016 05 03.84240  11 02 19.99  +08 04 54.2   16.4  R  G36  99949
07  2016 05 03.92676  11 02 19.81  +08 04 52.0   16.4  R  G36  99949
07  2016 05 03.99419  11 02 19.68  +08 04 50.2   16.3  R  G36  99949
07  2016 05 23.93473  11 03 37.22  +07 41 51.2   17.2  V  Z80 100351
07  2016 05 23.94088  11 03 37.40  +07 41 51.0   17.0  V  Z80 100351
07  2016 06 17.51783  11 09 38.30  +06 41 36.5   17.6  R  D29 100688
07  2016 06 17.53087  11 09 38.56  +06 41 34.3   17.4  R  D29 100688
07  2016 06 17.54392  11 09 38.80  +06 41 31.9   17.5  R  D29 100688
08  2015 01 16.41646  09 23 30.54  +15 44 43.5   17.2  r  G45  92468
08  2015 01 16.42074  09 23 30.43  +15 44 44.3   17.2  r  G45  92468
08  2015 01 16.42499  09 23 30.30  +15 44 45.1   17.2  r  G45  92468
08  2015 01 16.42994  09 23 30.16  +15 44 46.0   17.3  r  G45  92468
08  2015 01 16.43408  09 23 30.04  +15 44 46.6   16.9  r  G45  92468
08  2015 01 16.43829  09 23 29.92  +15 44 47.1   17.1  r  G45  92469
08  2015 01 16.44473  09 23 29.72  +15 44 48.0   17.1  r  G45  92469
08  2015 01 16.44901  09 23 29.61  +15 44 48.9   17.1  r  G45  92469
08  2015 01 17.41908  09 23 02.52  +15 47 28.1   17.1  r  G45  92469
08  2015 01 17.42821  09 23 02.25  +15 47 29.5   17.0  r  G45  92469
08  2015 01 17.43235  09 23 02.11  +15 47 30.3   17.1  r  G45  92469
08  2015 01 17.43825  09 23 01.99  +15 47 31.1   17.0  r  G45  92469
08  2015 01 19.40575  09 22 05.81  +15 52 59.4   17.0  r  G45  92469
08  2015 01 19.40990  09 22 05.68  +15 52 59.5   16.9  r  G45  92469
08  2015 01 19.41408  09 22 05.57  +15 53 00.6   16.9  r  G45  92469
08  2015 01 19.41920  09 22 05.38  +15 53 01.3   17.1  r  G45  92469
08  2015 01 19.42341  09 22 05.30  +15 53 01.7   16.9  r  G45  92469
08  2015 01 19.44197  09 22 04.71  +15 53 05.1   16.9  r  G45  92469
08  2015 01 20.40784  09 21 36.64  +15 55 48.4   16.7  r  G45  92469
08  2015 01 20.41199  09 21 36.50  +15 55 49.2   16.8  r  G45  92469
08  2015 01 20.41701  09 21 36.36  +15 55 50.2   16.8  r  G45  92469
08  2015 01 20.42115  09 21 36.22  +15 55 51.0   16.9  r  G45  92469
08  2015 01 20.42536  09 21 36.09  +15 55 51.7   17.0  r  G45  92469
08  2015 01 20.43136  09 21 35.93  +15 55 52.3   16.9  r  G45  92469
08  2015 01 20.43554  09 21 35.80  +15 55 53.4   16.8  r  G45  92469
08  2015 01 21.30308  09 21 10.32  +15 58 20.8   16.9  R  G80  92469
08  2015 01 21.31109  09 21 10.08  +15 58 22.2   16.9  R  G80  92469
08  2015 01 21.31913  09 21 09.84  +15 58 23.6   16.9  R  G80  92469
08  2015 01 21.32705  09 21 09.59  +15 58 25.0   16.9  R  G80  92469
08  2015 01 21.33505  09 21 09.35  +15 58 26.3   16.9  R  G80  92469
08  2015 01 21.34296  09 21 09.12  +15 58 27.7   16.9  R  G80  92469
08  2015 01 21.35093  09 21 08.87  +15 58 29.0   16.9  R  G80  92469
08  2015 01 21.35899  09 21 08.63  +15 58 30.4   16.8  R  G80  92469
08  2015 01 21.36692  09 21 08.38  +15 58 31.8   16.8  R  G80  92469
08  2015 01 21.37488  09 21 08.14  +15 58 33.2   16.8  R  G80  92469
08  2015 01 21.38207  09 21 07.92  +15 58 34.4   16.9  R  G80  92469
08  2015 01 21.39138  09 21 07.65  +15 58 35.9   16.8  R  G80  92469
08  2015 01 21.39948  09 21 07.40  +15 58 37.3   16.8  R  G80  92469
08  2015 01 21.40748  09 21 07.16  +15 58 38.7   16.9  R  G80  92469
08  2015 01 21.41547  09 21 06.91  +15 58 40.1   17.0  R  G80  92469
08  2015 01 21.42368  09 21 06.66  +15 58 41.4   17.0  R  G80  92469
08  2015 01 21.43167  09 21 06.42  +15 58 42.9   17.0  R  G80  92469
08  2015 01 21.43970  09 21 06.18  +15 58 44.2   17.0  R  G80  92469
08  2015 01 21.44784  09 21 05.93  +15 58 45.5   16.9  R  G80  92469
08  2015 01 21.45580  09 21 05.69  +15 58 46.9   17.0  R  G80  92469
08  2015 01 21.46381  09 21 05.45  +15 58 48.3   17.0  R  G80  92469
08  2015 01 21.47189  09 21 05.20  +15 58 49.6   17.0  R  G80  92469
08  2015 01 21.47985  09 21 04.96  +15 58 51.1   16.9  R  G80  92469
08  2015 01 21.48777  09 21 04.72  +15 58 52.4   17.0  R  G80  92469
08  2015 01 21.49581  09 21 04.48  +15 58 53.7   16.8  R  G80  92469
08  2015 01 21.50391  09 21 04.24  +15 58 55.1   17.0  R  G80  92469
08  2015 01 21.51116  09 21 04.02  +15 58 56.4   17.0  R  G80  92469
08  2015 01 21.51997  09 21 03.75  +15 58 57.9   17.0  R  G80  92469
08  2015 01 21.52791  09 21 03.52  +15 58 59.2   16.8  R  G80  92469
08  2015 01 21.53591  09 21 03.26  +15 59 00.6   16.9  R  G80  92469
08  2015 01 21.54402  09 21 03.02  +15 59 02.0   16.9  R  G80  92469
08  2015 01 22.29980  09 20 40.63  +16 01 12.0   16.8  R  G80  92469
08  2015 01 22.30759  09 20 40.39  +16 01 13.3   16.8  R  G80  92469
08  2015 01 22.31544  09 20 40.15  +16 01 14.7   16.9  R  G80  92469
08  2015 01 22.32331  09 20 39.92  +16 01 16.0   16.8  R  G80  92469
08  2015 01 22.33117  09 20 39.68  +16 01 17.4   16.9  R  G80  92469
08  2015 01 22.33910  09 20 39.43  +16 01 18.8   16.9  R  G80  92469
08  2015 01 22.34697  09 20 39.19  +16 01 20.2   16.9  R  G80  92469
08  2015 01 22.35485  09 20 38.95  +16 01 21.5   16.9  R  G80  92469
08  2015 01 22.36272  09 20 38.71  +16 01 22.9   16.9  R  G80  92469
08  2015 01 22.37064  09 20 38.47  +16 01 24.3   16.9  R  G80  92469
08  2015 01 22.37847  09 20 38.22  +16 01 25.6   16.9  R  G80  92469
08  2015 01 22.38330  09 20 38.07  +16 01 26.5   16.9  R  G80  92469
08  2015 01 22.39113  09 20 37.84  +16 01 27.8   16.9  R  G80  92469
08  2015 01 22.39899  09 20 37.60  +16 01 29.2   16.9  R  G80  92469
08  2015 01 22.40689  09 20 37.36  +16 01 30.5   16.9  R  G80  92469
08  2015 01 22.41479  09 20 37.11  +16 01 31.9   16.9  R  G80  92469
08  2015 01 22.42277  09 20 36.86  +16 01 33.3   16.9  R  G80  92469
08  2015 01 22.43061  09 20 36.62  +16 01 34.7   16.9  R  G80  92469
08  2015 01 22.43845  09 20 36.39  +16 01 35.9   16.9  R  G80  92469
08  2015 01 22.44632  09 20 36.15  +16 01 37.3   16.9  R  G80  92469
08  2015 01 23.29688  09 20 10.62  +16 04 04.3   16.9  R  G80  92469
08  2015 01 23.29999  09 20 10.52  +16 04 04.9   16.9  R  G80  92469
08  2015 01 23.30493  09 20 10.37  +16 04 05.8   16.9  R  G80  92469
08  2015 01 23.30809  09 20 10.28  +16 04 06.3   17.0  R  G80  92469
08  2015 01 23.31278  09 20 10.12  +16 04 07.1   17.0  R  G80  92469
08  2015 01 23.31594  09 20 10.03  +16 04 07.6   17.0  R  G80  92469
08  2015 01 23.32081  09 20 09.88  +16 04 08.5   17.0  R  G80  92469
08  2015 01 23.35799  09 20 08.73  +16 04 14.9   16.9  R  G80  92469
08  2015 01 23.36193  09 20 08.61  +16 04 15.6   17.0  R  G80  92469
08  2015 01 23.36922  09 20 08.38  +16 04 17.0   16.9  R  G80  92469
08  2015 01 23.37398  09 20 08.24  +16 04 17.7   16.9  R  G80  92469
08  2015 01 23.37794  09 20 08.12  +16 04 18.4   16.9  R  G80  92469
08  2015 01 23.38734  09 20 07.82  +16 04 20.2   16.9  R  G80  92469
08  2015 01 23.39126  09 20 07.71  +16 04 20.9   16.9  R  G80  92469
08  2015 01 23.39530  09 20 07.58  +16 04 21.6   16.9  R  G80  92469
08  2015 01 23.40317  09 20 07.35  +16 04 22.8   16.7  R  G80  92469
08  2015 01 23.40748  09 20 07.20  +16 04 23.7   16.9  R  G80  92469
08  2015 01 23.41141  09 20 07.08  +16 04 24.3   16.9  R  G80  92469
08  2015 01 23.41541  09 20 06.95  +16 04 25.0   16.9  R  G80  92469
08  2015 01 23.41935  09 20 06.83  +16 04 25.8   16.9  R  G80  92469
08  2015 01 23.42329  09 20 06.71  +16 04 26.4   16.9  R  G80  92469
08  2015 01 23.42965  09 20 06.51  +16 04 27.6   16.9  R  G80  92469
08  2015 01 23.43118  09 20 06.47  +16 04 27.8   16.9  R  G80  92469
08  2015 01 23.43512  09 20 06.35  +16 04 28.4   16.9  R  G80  92469
08  2015 01 23.43905  09 20 06.23  +16 04 29.1   16.9  R  G80  92469
08  2015 01 23.44299  09 20 06.10  +16 04 29.8   17.0  R  G80  92469
08  2015 01 23.44692  09 20 05.98  +16 04 30.5   16.9  R  G80  92469
08  2015 01 23.45087  09 20 05.86  +16 04 31.2   16.9  R  G80  92469
08  2015 01 23.45481  09 20 05.74  +16 04 31.9   16.9  R  G80  92469
08  2015 01 23.45880  09 20 05.61  +16 04 32.5   16.9  R  G80  92469
08  2015 01 23.46515  09 20 05.41  +16 04 33.7   16.9  R  G80  92469
08  2015 01 23.46668  09 20 05.37  +16 04 33.9   16.9  R  G80  92469
08  2015 01 23.47066  09 20 05.24  +16 04 34.5   16.9  R  G80  92469
08  2015 01 23.47461  09 20 05.12  +16 04 35.3   16.9  R  G80  92469
08  2015 01 23.47855  09 20 05.00  +16 04 36.0   16.9  R  G80  92469
08  2015 01 23.48259  09 20 04.88  +16 04 36.6   16.9  R  G80  92470
08  2015 01 23.48652  09 20 04.76  +16 04 37.3   16.9  R  G80  92470
08  2015 01 23.49047  09 20 04.63  +16 04 38.0   16.9  R  G80  92470
08  2015 01 23.49438  09 20 04.51  +16 04 38.5   16.9  R  G80  92470
08  2015 01 23.49832  09 20 04.39  +16 04 39.3   16.9  R  G80  92470
08  2015 01 23.50223  09 20 04.27  +16 04 39.8   16.9  R  G80  92470
08  2015 01 23.50616  09 20 04.15  +16 04 40.6   17.0  R  G80  92470
08  2015 01 23.51010  09 20 04.02  +16 04 41.3   16.9  R  G80  92470
08  2015 01 23.51404  09 20 03.91  +16 04 42.0   16.8  R  G80  92470
08  2015 01 23.51799  09 20 03.78  +16 04 42.7   16.8  R  G80  92470
08  2015 01 23.51951  09 20 03.74  +16 04 42.9   16.9  R  G80  92470
08  2015 01 23.52344  09 20 03.62  +16 04 43.7   16.9  R  G80  92470
08  2015 01 23.52737  09 20 03.49  +16 04 44.3   17.0  R  G80  92470
08  2015 01 23.53130  09 20 03.37  +16 04 45.0   17.0  R  G80  92470
08  2015 01 23.53521  09 20 03.25  +16 04 45.7   16.9  R  G80  92470
08  2015 01 23.53916  09 20 03.14  +16 04 46.4   16.9  R  G80  92470
08  2015 01 23.54308  09 20 03.01  +16 04 46.9   16.9  R  G80  92470
08  2015 01 23.54703  09 20 02.89  +16 04 47.6   17.0  R  G80  92470
08  2015 01 23.55096  09 20 02.77  +16 04 48.3   17.0  R  G80  92470
08  2015 01 23.55490  09 20 02.64  +16 04 49.0   17.0  R  G80  92470
08  2015 01 24.27875  09 19 40.80  +16 06 55.1   17.0  R  G80  92470
08  2015 01 24.28266  09 19 40.68  +16 06 55.9   17.0  R  G80  92470
08  2015 01 24.28659  09 19 40.57  +16 06 56.7   17.0  R  G80  92470
08  2015 01 24.29050  09 19 40.43  +16 06 57.2   17.0  R  G80  92470
08  2015 01 24.29441  09 19 40.31  +16 06 57.9   17.0  R  G80  92470
08  2015 01 24.29833  09 19 40.19  +16 06 58.6   16.9  R  G80  92470
08  2015 01 24.30226  09 19 40.06  +16 06 59.4   17.0  R  G80  92470
08  2015 01 24.30620  09 19 39.93  +16 06 59.9   17.0  R  G80  92470
08  2015 01 24.31014  09 19 39.82  +16 07 00.7   16.9  R  G80  92470
08  2015 01 24.31405  09 19 39.69  +16 07 01.4   17.0  R  G80  92470
08  2015 01 24.31795  09 19 39.56  +16 07 02.1   17.0  R  G80  92470
08  2015 01 24.32189  09 19 39.44  +16 07 02.7   17.1  R  G80  92470
08  2015 01 24.32583  09 19 39.33  +16 07 03.5   17.0  R  G80  92470
08  2015 01 24.32975  09 19 39.20  +16 07 04.1   17.0  R  G80  92470
08  2015 01 24.33368  09 19 39.08  +16 07 05.0   17.0  R  G80  92470
08  2015 01 24.33763  09 19 38.96  +16 07 05.5   17.0  R  G80  92470
08  2015 01 24.34159  09 19 38.84  +16 07 06.4   16.9  R  G80  92470
08  2015 01 24.34553  09 19 38.71  +16 07 06.9   17.0  R  G80  92470
08  2015 01 24.34947  09 19 38.59  +16 07 07.7   17.0  R  G80  92470
08  2015 01 24.36796  09 19 38.00  +16 07 11.1   16.9  R  G80  92470
08  2015 01 24.37101  09 19 37.92  +16 07 11.5   17.0  R  G80  92470
08  2015 01 24.37613  09 19 37.77  +16 07 12.5   16.9  R  G80  92470
08  2015 01 24.38007  09 19 37.64  +16 07 13.1   17.0  R  G80  92470
08  2015 01 24.38402  09 19 37.50  +16 07 14.1   16.9  R  G80  92470
08  2015 01 24.38794  09 19 37.39  +16 07 14.7   16.9  R  G80  92470
08  2015 01 24.39187  09 19 37.27  +16 07 14.9   17.0  R  G80  92470
08  2015 01 24.39266  09 19 37.22  +16 07 15.3   17.9  r  G45  92470
08  2015 01 24.39581  09 19 37.15  +16 07 15.7   16.9  R  G80  92470
08  2015 01 24.39681  09 19 37.12  +16 07 16.6   16.7  r  G45  92470
08  2015 01 24.39976  09 19 37.02  +16 07 16.4   16.9  R  G80  92470
08  2015 01 24.40169  09 19 37.00  +16 07 17.0   17.0  r  G45  92470
08  2015 01 24.40280  09 19 36.90  +16 07 17.2   17.0  R  G80  92470
08  2015 01 24.40590  09 19 36.85  +16 07 17.7   17.1  r  G45  92470
08  2015 01 24.40760  09 19 36.77  +16 07 17.8   17.0  R  G80  92470
08  2015 01 24.41005  09 19 36.69  +16 07 18.1   17.0  r  G45  92470
08  2015 01 24.41154  09 19 36.66  +16 07 18.7   16.9  R  G80  92470
08  2015 01 24.41541  09 19 36.53  +16 07 19.2   17.0  R  G80  92470
08  2015 01 24.41608  09 19 36.51  +16 07 19.4   17.1  r  G45  92470
08  2015 01 24.41932  09 19 36.39  +16 07 20.0   16.9  R  G80  92470
08  2015 01 24.42332  09 19 36.29  +16 07 20.6   16.9  R  G80  92470
08  2015 01 24.45477  09 19 35.30  +16 07 26.0   17.0  R  G80  92470
08  2015 01 24.45870  09 19 35.19  +16 07 26.7   17.0  R  G80  92470
08  2015 01 24.46264  09 19 35.04  +16 07 27.5   17.0  R  G80  92470
08  2015 01 24.46655  09 19 34.95  +16 07 28.0   17.0  R  G80  92470
08  2015 01 24.47050  09 19 34.82  +16 07 28.7   17.0  R  G80  92470
08  2015 01 24.47442  09 19 34.68  +16 07 29.6   16.9  R  G80  92470
08  2015 01 24.47837  09 19 34.56  +16 07 30.4   17.0  R  G80  92470
08  2015 01 24.48233  09 19 34.44  +16 07 30.7   17.0  R  G80  92470
08  2015 01 24.48624  09 19 34.33  +16 07 31.6   17.0  R  G80  92470
08  2015 01 24.49015  09 19 34.20  +16 07 32.3   17.0  R  G80  92470
08  2015 01 24.49410  09 19 34.08  +16 07 32.8   17.0  R  G80  92470
08  2015 01 24.49801  09 19 33.96  +16 07 33.8   17.0  R  G80  92470
08  2015 01 24.50190  09 19 33.82  +16 07 34.2   17.0  R  G80  92470
08  2015 01 24.50586  09 19 33.71  +16 07 34.8   16.9  R  G80  92470
08  2015 01 24.50977  09 19 33.60  +16 07 35.6   16.9  R  G80  92470
08  2015 01 24.51374  09 19 33.47  +16 07 36.2   17.0  R  G80  92470
08  2015 01 24.51767  09 19 33.33  +16 07 37.2   16.9  R  G80  92470
08  2015 01 24.52157  09 19 33.20  +16 07 37.6   16.9  R  G80  92470
08  2015 01 24.52551  09 19 33.09  +16 07 38.4   16.9  R  G80  92470
08  2015 01 24.52943  09 19 32.98  +16 07 39.0   16.9  R  G80  92470
08  2015 01 24.53334  09 19 32.84  +16 07 39.5   17.1  R  G80  92470
08  2015 01 24.53726  09 19 32.73  +16 07 40.4   17.0  R  G80  92470
08  2015 01 24.54118  09 19 32.60  +16 07 41.1   17.0  R  G80  92470
08  2015 01 24.54509  09 19 32.54  +16 07 42.9   16.8  R  G80  92470
08  2015 01 24.54903  09 19 32.38  +16 07 42.3   17.1  R  G80  92470
08  2015 01 25.32411  09 19 08.72  +16 09 58.3   16.9  R  G80  92470
08  2015 01 25.32806  09 19 08.60  +16 09 59.0   16.9  R  G80  92470
08  2015 01 25.33205  09 19 08.47  +16 09 59.6   17.0  R  G80  92470
08  2015 01 25.33604  09 19 08.35  +16 10 00.4   16.9  R  G80  92470
08  2015 01 25.34005  09 19 08.22  +16 10 01.1   16.9  R  G80  92470
08  2015 01 25.34406  09 19 08.09  +16 10 01.8   17.0  R  G80  92470
08  2015 01 25.34806  09 19 07.94  +16 10 02.4   16.8  R  G80  92470
08  2015 01 25.35206  09 19 07.84  +16 10 03.2   16.9  R  G80  92470
08  2015 01 25.35609  09 19 07.72  +16 10 03.9   16.9  R  G80  92470
08  2015 01 25.36097  09 19 07.56  +16 10 04.9   17.0  R  G80  92470
08  2015 01 25.36481  09 19 07.44  +16 10 05.4   16.9  R  G80  92470
08  2015 01 25.36890  09 19 07.31  +16 10 06.2   16.9  R  G80  92470
08  2015 01 25.37300  09 19 07.19  +16 10 06.8   16.9  R  G80  92470
08  2015 01 25.37751  09 19 07.05  +16 10 07.6   17.0  R  G80  92470
08  2015 01 25.38146  09 19 06.92  +16 10 08.3   16.9  R  G80  92470
08  2015 01 25.38539  09 19 06.79  +16 10 09.0   17.0  R  G80  92470
08  2015 01 25.38700  09 19 06.72  +16 10 09.6   17.2  r  G45  92470
08  2015 01 25.38939  09 19 06.68  +16 10 09.5   16.8  R  G80  92470
08  2015 01 25.39114  09 19 06.61  +16 10 10.2   16.9  r  G45  92470
08  2015 01 25.39522  09 19 06.47  +16 10 10.8   17.0  r  G45  92470
08  2015 01 25.39730  09 19 06.42  +16 10 11.1   16.9  R  G80  92470
08  2015 01 25.40017  09 19 06.30  +16 10 12.1   18.0  r  G45  92471
08  2015 01 25.40125  09 19 06.30  +16 10 11.8   16.7  R  G80  92471
08  2015 01 25.40439  09 19 06.17  +16 10 12.9   16.8  r  G45  92471
08  2015 01 25.40519  09 19 06.18  +16 10 12.4   16.9  R  G80  92471
08  2015 01 25.40911  09 19 06.05  +16 10 13.0   16.8  R  G80  92471
08  2015 01 25.41028  09 19 06.09  +16 10 13.9   16.8  r  G45  92471
08  2015 01 25.41308  09 19 05.94  +16 10 13.9   16.8  R  G80  92471
08  2015 01 25.41442  09 19 05.88  +16 10 14.3   16.9  r  G45  92471
08  2015 01 25.41703  09 19 05.81  +16 10 14.5   16.7  R  G80  92471
08  2015 01 25.41850  09 19 05.72  +16 10 15.0   17.0  r  G45  92471
08  2015 01 25.42097  09 19 05.68  +16 10 15.4   16.9  R  G80  92471
08  2015 01 25.42491  09 19 05.56  +16 10 15.9   16.9  R  G80  92471
08  2015 01 25.42883  09 19 05.45  +16 10 16.7   16.8  R  G80  92471
08  2015 01 25.43278  09 19 05.31  +16 10 17.3   16.9  R  G80  92471
08  2015 01 25.43672  09 19 05.19  +16 10 18.2   16.9  R  G80  92471
08  2015 01 25.44064  09 19 05.07  +16 10 18.9   16.9  R  G80  92471
08  2015 01 25.44455  09 19 04.95  +16 10 19.4   16.8  R  G80  92471
08  2015 01 25.44850  09 19 04.82  +16 10 20.1   16.9  R  G80  92471
08  2015 01 25.45247  09 19 04.69  +16 10 20.7   16.9  R  G80  92471
08  2015 01 25.45641  09 19 04.57  +16 10 21.6   16.9  R  G80  92471
08  2015 01 25.46051  09 19 04.44  +16 10 22.1   16.9  R  G80  92471
08  2015 01 25.46444  09 19 04.31  +16 10 23.0   17.0  R  G80  92471
08  2015 01 25.46845  09 19 04.18  +16 10 23.7   17.0  R  G80  92471
08  2015 01 25.47234  09 19 04.08  +16 10 24.3   17.0  R  G80  92471
08  2015 01 25.47626  09 19 03.95  +16 10 25.0   17.0  R  G80  92471
08  2015 01 25.48023  09 19 03.82  +16 10 25.7   17.0  R  G80  92471
08  2015 01 25.48417  09 19 03.69  +16 10 26.3   17.0  R  G80  92471
08  2015 01 25.48808  09 19 03.57  +16 10 27.0   17.0  R  G80  92471
08  2015 01 25.49209  09 19 03.44  +16 10 27.7   17.0  R  G80  92471
08  2015 01 25.49603  09 19 03.33  +16 10 28.4   17.0  R  G80  92471
08  2015 01 25.50020  09 19 03.19  +16 10 29.1   17.0  R  G80  92471
08  2015 01 25.50421  09 19 03.08  +16 10 29.8   17.0  R  G80  92471
08  2015 01 25.50822  09 19 02.95  +16 10 30.6   17.0  R  G80  92471
08  2015 01 25.51219  09 19 02.83  +16 10 31.2   17.0  R  G80  92471
08  2015 01 25.51448  09 19 02.75  +16 10 31.6   16.9  R  G80  92471
08  2015 01 25.52017  09 19 02.59  +16 10 32.5   17.2  R  G80  92471
08  2015 01 25.52413  09 19 02.45  +16 10 33.1   17.1  R  G80  92471
08  2015 01 25.52808  09 19 02.33  +16 10 34.1   17.1  R  G80  92471
08  2015 01 25.53206  09 19 02.21  +16 10 34.6   17.1  R  G80  92471
08  2015 01 26.38764  09 18 35.76  +16 13 05.8   17.0  r  G45  92471
08  2015 01 26.39219  09 18 35.64  +16 13 06.9   16.9  r  G45  92471
08  2015 01 26.39781  09 18 35.46  +16 13 07.8   17.0  r  G45  92471
08  2015 01 26.40634  09 18 35.20  +16 13 08.8   17.0  r  G45  92471
08  2015 01 26.40809  09 18 35.12  +16 13 09.5   16.9  r  G45  92471
08  2015 01 26.41223  09 18 34.99  +16 13 09.8   17.0  r  G45  92471
08  2015 01 26.41634  09 18 34.88  +16 13 10.6   16.9  r  G45  92471
08  2015 01 27.39071  09 18 04.54  +16 16 02.8   16.9  r  G45  92471
08  2015 01 27.39981  09 18 04.24  +16 16 04.9   17.0  r  G45  92471
08  2015 01 27.40395  09 18 04.11  +16 16 05.5   16.9  r  G45  92471
08  2015 01 27.40985  09 18 03.92  +16 16 06.2   17.1  r  G45  92471
08  2015 02 07.16998  09 12 21.01  +16 48 01.5   16.7  V  G96  92471
08  2015 02 07.17626  09 12 20.80  +16 48 02.7   16.8  V  G96  92471
08  2015 02 07.18253  09 12 20.61  +16 48 03.8   16.6  V  G96  92471
08  2015 02 07.18880  09 12 20.40  +16 48 04.9   16.7  V  G96  92471
08  2015 02 08.70728  09 11 31.66  +16 52 33.3   17.1  R  D29  92471
08  2015 02 08.71169  09 11 31.52  +16 52 32.9   17.1  R  D29  92471
08  2015 02 08.72580  09 11 31.04  +16 52 36.4   17.1  R  D29  92471
08  2015 02 08.73021  09 11 30.91  +16 52 36.2   17.1  R  D29  92471
08  2015 02 08.74432  09 11 30.45  +16 52 39.7   17.0  R  D29  92471
08  2015 02 08.74873  09 11 30.30  +16 52 39.5   17.1  R  D29  92471
08  2015 02 09.62762  09 11 02.30  +16 55 13.8   17.0  R  D29  92471
08  2015 02 09.64525  09 11 01.72  +16 55 16.8   17.0  R  D29  92471
08  2015 02 09.66289  09 11 01.14  +16 55 20.0   17.0  R  D29  92471
08  2015 02 12.20675  09 09 40.47  +17 02 41.3   16.9  V  703  92471
08  2015 02 12.21226  09 09 40.29  +17 02 42.4   16.9  V  703  92471
08  2015 02 12.21775  09 09 40.11  +17 02 43.5   16.9  V  703  92471
08  2015 02 12.22325  09 09 39.95  +17 02 44.3   16.8  V  703  92471
08  2015 02 12.34195  09 09 36.201 +17 03 04.94  16.9  w  F51  92471
08  2015 02 12.35593  09 09 35.751 +17 03 07.36  16.9  w  F51  92471
08  2015 02 12.36817  09 09 35.357 +17 03 09.46  16.9  w  F51  92471
08  2015 02 12.38047  09 09 34.958 +17 03 11.61  16.9  w  F51  92471
08  2015 02 18.18139  09 06 35.69  +17 19 24.5   16.6  V  G96  92471
08  2015 02 18.18651  09 06 35.53  +17 19 25.3   16.6  V  G96  92471
08  2015 02 18.19163  09 06 35.38  +17 19 26.2   16.6  V  G96  92471
08  2015 02 18.19675  09 06 35.22  +17 19 27.0   16.6  V  G96  92471
08  2015 02 25.33940  09 03 08.87  +17 37 58.2   17.3  r  G45  93113
08  2015 02 25.34348  09 03 08.76  +17 37 58.9   17.0  r  G45  93113
08  2015 02 25.35170  09 03 08.53  +17 38 00.0   17.3  r  G45  93113
08  2015 02 25.36802  09 03 08.11  +17 38 02.5   17.1  r  G45  93113
08  2015 02 25.37216  09 03 07.99  +17 38 03.2   17.1  r  G45  93113
08  2015 02 25.37698  09 03 07.83  +17 38 04.2   17.2  r  G45  93113
08  2015 02 25.38520  09 03 07.60  +17 38 04.8   17.2  r  G45  93113
08  2015 02 26.33659  09 02 41.77  +17 40 24.0   17.3  r  G45  93113
08  2015 02 26.34067  09 02 41.65  +17 40 24.7   17.3  r  G45  93113
08  2015 02 26.34475  09 02 41.55  +17 40 25.5   17.2  r  G45  93113
08  2015 02 26.35465  09 02 41.29  +17 40 26.6   17.3  r  G45  93113
08  2015 02 26.35886  09 02 41.18  +17 40 27.6   17.2  r  G45  93113
08  2015 02 26.36301  09 02 41.06  +17 40 27.8   17.1  r  G45  93113
08  2015 02 26.36722  09 02 40.96  +17 40 28.8   17.1  r  G45  93113
08  2015 02 26.37204  09 02 40.81  +17 40 29.3   17.4  r  G45  93113
08  2015 02 26.37642  09 02 40.68  +17 40 29.7   17.2  r  G45  93113
08  2015 02 26.38049  09 02 40.60  +17 40 30.6   17.3  r  G45  93113
08  2015 02 26.75611  09 02 30.63  +17 41 24.7   17.5  w  C41  92471
08  2015 02 26.76350  09 02 30.44  +17 41 25.5   17.4  w  C41  92471
08  2015 02 26.77083  09 02 30.22  +17 41 26.4   17.4  w  C41  92471
08  2015 02 27.14797  09 02 20.22  +17 42 21.0   16.8  V  G96  92471
08  2015 02 27.15424  09 02 20.04  +17 42 21.8   16.9  V  G96  92471
08  2015 02 27.16052  09 02 19.89  +17 42 22.6   16.8  V  G96  92471
08  2015 02 27.16680  09 02 19.73  +17 42 23.5   16.8  V  G96  92471
08  2015 03 11.18125  08 57 41.17  +18 07 39.0   17.2  V  G96  93113
08  2015 03 11.18855  08 57 41.03  +18 07 39.8   17.2  V  G96  93113
08  2015 03 11.19585  08 57 40.87  +18 07 40.6   17.2  V  G96  93113
08  2015 03 11.20315  08 57 40.73  +18 07 41.4   17.2  V  G96  93113
08  2015 12 14.51157  11 40 42.27  +04 33 43.1   18.2  r  G45  97710
08  2015 12 14.51163  11 40 42.26  +04 33 43.1   18.1  r  G45  97710
08  2015 12 14.51713  11 40 42.37  +04 33 42.6   18.0  r  G45  97710
08  2015 12 14.51719  11 40 42.37  +04 33 42.6   18.0  r  G45  97710
08  2015 12 14.52215  11 40 42.47  +04 33 42.1   18.0  r  G45  97710
08  2015 12 14.52305  11 40 42.49  +04 33 41.9   18.0  r  G45  97710
08  2015 12 14.52787  11 40 42.59  +04 33 41.7   18.1  r  G45  97710
08  2015 12 14.52861  11 40 42.61  +04 33 41.4   17.9  r  G45  97710
08  2015 12 14.53404  11 40 42.72  +04 33 40.8   18.0  r  G45  97710
08  2015 12 14.53410  11 40 42.72  +04 33 40.8   18.2  r  G45  97710
08  2015 12 14.54000  11 40 42.80  +04 33 40.1   17.5  r  G45  97710
08  2015 12 14.54007  11 40 42.84  +04 33 40.5   18.1  r  G45  97710
08  2015 12 15.51278  11 41 02.08  +04 32 07.1   18.0  r  G45  97710
08  2015 12 15.51864  11 41 02.19  +04 32 06.7   18.2  r  G45  97710
08  2015 12 15.51871  11 41 02.20  +04 32 06.8   18.0  r  G45  97710
08  2015 12 15.53013  11 41 02.42  +04 32 05.7   18.2  r  G45  97710
08  2015 12 15.53545  11 41 02.51  +04 32 05.3   18.1  r  G45  97710
08  2015 12 15.53552  11 41 02.52  +04 32 05.3   18.0  r  G45  97710
08  2015 12 15.54128  11 41 02.62  +04 32 04.8   17.7  r  G45  97710
08  2015 12 15.54135  11 41 02.62  +04 32 04.5   17.9  r  G45  97710
08  2015 12 16.51473  11 41 21.27  +04 30 35.8   17.9  r  G45  97710
08  2015 12 16.52053  11 41 21.37  +04 30 35.3   17.9  r  G45  97710
08  2015 12 16.52555  11 41 21.46  +04 30 34.9   18.1  r  G45  97710
08  2015 12 16.52622  11 41 21.47  +04 30 34.6   18.1  r  G45  97710
08  2015 12 16.53154  11 41 21.56  +04 30 34.3   18.0  r  G45  97710
08  2015 12 16.53730  11 41 21.63  +04 30 33.5   18.1  r  G45  97710
08  2015 12 16.53737  11 41 21.67  +04 30 33.7   17.9  r  G45  97710
08  2015 12 16.54337  11 41 21.78  +04 30 33.0   17.9  r  G45  97710
08  2015 12 16.54344  11 41 21.79  +04 30 33.0   17.6  r  G45  97710
08  2015 12 18.51567  11 41 57.59  +04 27 45.5   18.1  r  G45  97710
08  2015 12 18.52271  11 41 57.72  +04 27 45.0   18.0  r  G45  97710
08  2015 12 18.52851  11 41 57.81  +04 27 44.5   18.1  r  G45  97710
08  2015 12 18.53369  11 41 57.91  +04 27 44.3   18.1  r  G45  97710
08  2015 12 18.53959  11 41 57.99  +04 27 43.4   18.1  r  G45  97710
08  2015 12 18.54009  11 41 58.01  +04 27 43.4   18.0  r  G45  97710
08  2016 01 08.16802  11 45 31.78  +04 15 43.8   17.3  R  G36  97710
08  2016 01 08.23797  11 45 31.94  +04 15 44.7   17.3  R  G36  97710
08  2016 01 08.27097  11 45 32.01  +04 15 45.2   17.2  R  G36  97710
08  2016 01 10.16134  11 45 36.13  +04 16 17.5   17.2  R  G36  97710
08  2016 01 10.24041  11 45 36.20  +04 16 19.2   17.2  R  G36  97710
08  2016 01 10.26970  11 45 36.22  +04 16 19.8   17.2  R  G36  97710
08  2016 01 13.16435  11 45 37.09  +04 17 42.8   17.3  R  G36  97710
08  2016 01 13.23180  11 45 37.00  +04 17 45.1   17.3  R  G36  97710
08  2016 01 13.26477  11 45 36.94  +04 17 46.3   17.3  R  G36  97710
08  2016 01 14.16034  11 45 35.93  +04 18 20.2   17.4  R  G36  97710
08  2016 01 14.23132  11 45 35.78  +04 18 23.0   17.4  R  G36  97710
08  2016 01 14.26795  11 45 35.69  +04 18 24.4   17.4  R  G36  97710
08  2016 02 01.11257  11 43 11.26  +04 41 54.6   17.1  R  G36  97710
08  2016 02 01.16019  11 43 10.55  +04 42 00.1   17.1  R  G36  97710
08  2016 02 01.17691  11 43 10.30  +04 42 02.1   17.1  R  G36  97710
08  2016 02 02.11265  11 42 56.57  +04 43 51.9   17.1  R  G36  97710
08  2016 02 02.15904  11 42 55.84  +04 43 57.4   17.1  R  G36  97710
08  2016 02 02.18231  11 42 55.47  +04 44 00.2   17.1  R  G36  97710
08  2016 02 02.20561  11 42 55.11  +04 44 02.9   17.1  R  G36  97710
08  2016 02 02.22892  11 42 54.75  +04 44 05.7   17.1  R  G36  97710
08  2016 02 03.10823  11 42 41.29  +04 45 52.2   17.1  R  G36  97710
08  2016 02 03.18927  11 42 39.96  +04 46 02.3   17.1  R  G36  97710
08  2016 02 03.26172  11 42 38.78  +04 46 11.1   17.1  R  G36  97710
08  2016 02 04.05893  11 42 26.11  +04 47 50.6   17.1  R  G36  97710
08  2016 02 04.21092  11 42 23.54  +04 48 09.8   17.1  R  G36  97710
08  2016 02 04.24193  11 42 23.02  +04 48 13.7   17.1  R  G36  97710
08  2016 02 05.05987  11 42 09.50  +04 49 58.5   17.1  R  G36  97710
08  2016 02 05.17835  11 42 07.43  +04 50 13.9   17.1  R  G36  97710
08  2016 02 05.25066  11 42 06.16  +04 50 23.3   16.9  R  G36  97710
08  2016 02 08.10849  11 41 14.96  +04 56 49.2   17.0  R  G36  97710
08  2016 02 08.18418  11 41 13.49  +04 56 59.8   17.1  R  G36  97710
08  2016 02 08.24630  11 41 12.29  +04 57 08.5   17.1  R  G36  97710
08  2016 02 09.11481  11 40 55.74  +04 59 11.3   17.0  R  G36  97710
08  2016 02 09.17888  11 40 54.45  +04 59 20.5   17.0  R  G36  97710
08  2016 02 09.24485  11 40 53.14  +04 59 29.8   17.0  R  G36  97710
08  2016 02 13.11199  11 39 33.72  +05 09 05.3   17.4  V  G40  97710
08  2016 02 13.18325  11 39 32.16  +05 09 15.7   17.5  V  G40  97710
08  2016 02 28.47873  11 33 09.25  +05 52 28.0   16.8  R  H15  99412
08  2016 02 28.48829  11 33 09.02  +05 52 29.3   16.7  R  H15  99412
08  2016 02 28.49851  11 33 08.77  +05 52 30.7   16.9  R  H15  99412
08  2016 03 06.92684  11 29 36.97  +06 14 56.7   16.9  R  G36  99412
08  2016 03 07.05303  11 29 33.22  +06 15 19.6   16.9  R  G36  99412
08  2016 03 07.13137  11 29 30.89  +06 15 33.8   16.9  R  G36  99412
08  2016 03 12.92687  11 26 41.08  +06 32 52.9   17.0  R  G36  99412
08  2016 03 13.05293  11 26 37.30  +06 33 15.1   17.0  R  G36  99412
08  2016 03 13.18401  11 26 33.38  +06 33 38.1   17.0  R  G36  99412
08  2016 03 13.48705  11 26 24.55  +06 34 32.2   17.2  w  T05  99412
08  2016 03 13.50926  11 26 23.88  +06 34 36.3   17.2  w  T05  99412
08  2016 03 13.53155  11 26 23.21  +06 34 40.4   17.1  w  T05  99412
08  2016 03 13.55530  11 26 22.51  +06 34 44.0   17.3  w  T05  99412
08  2016 03 13.94996  11 26 11.04  +06 35 53.0   17.0  R  G36  99412
08  2016 03 14.11103  11 26 06.22  +06 36 21.1   17.0  R  G36  99412
08  2016 03 14.15730  11 26 04.84  +06 36 29.2   17.0  R  G36  99413
08  2016 03 14.93100  11 25 42.30  +06 38 44.2   17.1  R  G36  99413
08  2016 03 15.02674  11 25 39.44  +06 39 00.9   17.1  R  G36  99413
08  2016 03 15.07246  11 25 38.07  +06 39 08.8   17.1  R  G36  99413
08  2016 03 17.17236  11 24 36.97  +06 45 10.6   17.2  r  G45  99413
08  2016 03 17.17734  11 24 36.82  +06 45 11.5   17.3  r  G45  99413
08  2016 03 17.18234  11 24 36.68  +06 45 12.6   17.2  r  G45  99413
08  2016 03 17.18748  11 24 36.51  +06 45 13.5   17.2  r  G45  99413
08  2016 03 17.19262  11 24 36.36  +06 45 14.2   17.2  r  G45  99413
08  2016 03 25.94769  11 20 28.56  +07 08 47.2   17.0  -  J43  99413
08  2016 03 25.96009  11 20 28.23  +07 08 48.9   17.1  -  J43  99413
08  2016 03 25.97246  11 20 27.88  +07 08 50.6   17.2  -  J43  99413
08  2016 03 25.98485  11 20 27.51  +07 08 52.9   17.1  -  J43  99413
08  2016 03 27.02728  11 19 59.12  +07 11 28.2   17.1  R  106  99413
08  2016 03 27.03965  11 19 58.81  +07 11 30.9   17.1  R  106  99413
08  2016 03 27.05202  11 19 58.48  +07 11 32.5   16.9  R  106  99413
08  2016 03 27.06439  11 19 58.09  +07 11 34.0   17.5  R  106  99413
08  2016 03 29.30955  11 18 58.500 +07 16 59.87  17.3  w  F51  99413
08  2016 03 29.32203  11 18 58.164 +07 17 01.61  17.3  w  F51  99413
08  2016 03 29.33458  11 18 57.826 +07 17 03.46  17.3  w  F51  99413
08  2016 03 29.34721  11 18 57.485 +07 17 05.23  17.2  w  F51  99413
08  2016 03 31.14447  11 18 10.92  +07 21 13.2   16.6  r  G45  99413
08  2016 03 31.14454  11 18 10.92  +07 21 13.7   17.5  r  G45  99413
08  2016 03 31.14929  11 18 10.78  +07 21 14.8   17.5  r  G45  99413
08  2016 03 31.14936  11 18 10.77  +07 21 14.9   18.0  r  G45  99413
08  2016 03 31.16592  11 18 10.34  +07 21 17.0   17.7  r  G45  99413
08  2016 03 31.32137  11 18 06.37  +07 21 36.9   17.8  r  G45  99413
08  2016 03 31.33213  11 18 05.98  +07 21 39.6   17.6  r  G45  99413
08  2016 03 31.33739  11 18 05.86  +07 21 40.2   17.4  r  G45  99413
08  2016 03 31.33746  11 18 05.84  +07 21 40.4   17.5  r  G45  99413
08  2016 03 31.34275  11 18 05.72  +07 21 41.0   17.5  r  G45  99413
08  2016 03 31.34281  11 18 05.70  +07 21 41.4   17.4  r  G45  99413
08  2016 04 02.44413  11 17 12.91  +07 26 18.3   17.4  w  T05  99413
08  2016 04 02.46733  11 17 12.31  +07 26 21.0   17.4  w  T05  99413
08  2016 04 02.49059  11 17 11.76  +07 26 24.2   17.5  w  T05  99413
08  2016 04 02.51404  11 17 11.16  +07 26 27.0   17.3  w  T05  99413
08  2016 04 03.84747  11 16 38.74  +07 29 14.5   16.7  R  G36  99949
08  2016 04 03.89741  11 16 37.50  +07 29 20.7   16.8  R  G36  99949
08  2016 04 03.91206  11 16 37.17  +07 29 23.0   17.3  R  Z22  99413
08  2016 04 03.92299  11 16 36.90  +07 29 24.1   17.4  R  Z22  99413
08  2016 04 03.93368  11 16 36.63  +07 29 25.2   17.3  R  Z22  99413
08  2016 04 05.36047  11 16 02.668 +07 32 17.89  17.1  w  F51  99413
08  2016 04 05.37434  11 16 02.330 +07 32 19.56  17.0  w  F51  99413
08  2016 04 05.38785  11 16 02.003 +07 32 21.17  17.1  w  F51  99413
08  2016 04 05.40221  11 16 01.656 +07 32 22.87  17.2  w  F51  99413
08  2016 04 07.83211  11 15 06.14  +07 36 58.7   17.0  R  G36  99949
08  2016 04 07.93691  11 15 03.75  +07 37 10.2   17.0  R  G36  99949
08  2016 04 08.08122  11 15 00.46  +07 37 25.7   17.0  R  G36  99949
08  2016 04 08.93825  11 14 41.72  +07 38 57.1   17.0  R  G36  99949
08  2016 04 09.02386  11 14 39.81  +07 39 06.1   17.0  R  G36  99949
08  2016 04 09.10191  11 14 38.07  +07 39 14.2   17.0  R  G36  99949
08  2016 04 09.83247  11 14 22.53  +07 40 29.5   17.1  R  G36  99949
08  2016 04 09.93722  11 14 20.24  +07 40 40.1   17.2  R  G36  99949
08  2016 04 10.05766  11 14 17.62  +07 40 52.1   17.2  R  G36  99949
08  2016 04 10.95014  11 13 58.98  +07 42 20.5   17.1  R  G36  99949
08  2016 04 11.01936  11 13 57.51  +07 42 27.1   17.1  R  G36  99949
08  2016 04 11.09752  11 13 55.86  +07 42 34.6   17.1  R  G36  99949
08  2016 04 11.83342  11 13 40.98  +07 43 44.8   17.1  R  G36  99949
08  2016 04 11.90354  11 13 39.57  +07 43 51.2   17.3  R  Z22  99413
08  2016 04 11.91304  11 13 39.34  +07 43 52.1   17.3  R  Z22  99413
08  2016 04 11.92541  11 13 39.10  +07 43 53.3   17.4  R  Z22  99413
08  2016 04 11.98132  11 13 37.90  +07 43 58.5   17.1  R  G36  99949
08  2016 04 12.05453  11 13 36.39  +07 44 05.3   17.1  R  G36  99949
08  2016 04 12.84927  11 13 20.69  +07 45 17.7   17.2  R  G36  99949
08  2016 04 12.89016  11 13 19.86  +07 45 21.4   17.2  R  G36  99949
08  2016 04 13.02688  11 13 17.10  +07 45 33.2   17.1  R  G36  99949
08  2016 04 13.37260  11 13 10.44  +07 46 05.6   17.6  w  T05  99413
08  2016 04 13.39104  11 13 10.07  +07 46 06.1   17.6  w  T05  99413
08  2016 04 13.41025  11 13 09.63  +07 46 07.9   17.7  w  T05  99413
08  2016 04 13.42891  11 13 09.27  +07 46 09.8   17.8  w  T05  99413
08  2016 04 13.82928  11 13 01.67  +07 46 43.6   17.2  R  G36  99949
08  2016 04 13.96495  11 12 59.00  +07 46 55.1   17.2  R  G36  99949
08  2016 04 14.09260  11 12 56.51  +07 47 05.9   17.2  R  G36  99949
08  2016 04 14.82247  11 12 42.95  +07 48 06.6   17.3  R  G36  99949
08  2016 04 14.90568  11 12 41.35  +07 48 13.4   17.3  R  G36  99949
08  2016 04 15.02922  11 12 38.99  +07 48 23.3   17.3  R  G36  99949
08  2016 04 28.93996  11 09 20.45  +08 00 18.2   17.2  R  G36  99949
08  2016 04 28.96772  11 09 20.16  +08 00 18.8   17.2  R  G36  99949
08  2016 04 28.99915  11 09 19.84  +08 00 19.5   17.2  R  G36  99949
08  2016 04 30.87317  11 09 02.55  +08 00 51.7   17.3  R  G36  99949
08  2016 04 30.92516  11 09 02.07  +08 00 52.4   17.3  R  G36  99949
08  2016 04 30.98685  11 09 01.51  +08 00 53.1   17.3  R  G36  99949
08  2016 05 01.95848  11 08 53.50  +08 01 03.4   17.3  R  G36  99949
08  2016 05 02.02456  11 08 52.95  +08 01 03.8   17.3  R  G36  99949
08  2016 05 02.87035  11 08 46.59  +08 01 09.3   17.6  R  G36  99949
08  2016 05 02.92345  11 08 46.17  +08 01 09.6   17.6  R  G36  99949
08  2016 05 02.98283  11 08 45.71  +08 01 09.7   17.6  R  G36  99949
08  2016 05 03.85008  11 08 39.73  +08 01 11.6   17.1  R  G36  99949
08  2016 05 03.90315  11 08 39.35  +08 01 11.6   17.0  R  G36  99949
08  2016 05 03.96321  11 08 38.92  +08 01 11.5   17.0  R  G36  99949
08  2016 05 30.86120  11 09 38.45  +07 35 50.1   17.6  R  G36 100688
08  2016 05 30.88423  11 09 38.69  +07 35 47.5   17.6  R  G36 100688
08  2016 05 30.91002  11 09 38.95  +07 35 44.6   17.6  R  G36 100688
08  2016 05 31.87162  11 09 49.53  +07 33 57.4   17.8  R  G36 100688
08  2016 05 31.90175  11 09 49.86  +07 33 54.1   17.8  R  G36 100688
08  2016 06 01.87097  11 10 01.09  +07 32 02.4   17.6  R  G36 100688
08  2016 06 01.90056  11 10 01.44  +07 31 58.9   17.6  R  G36 100688
08  2016 06 04.87282  11 10 39.33  +07 25 55.2   17.8  R  G36 100688
08  2016 06 04.90677  11 10 39.78  +07 25 50.8   17.8  R  G36 100688
08  2016 06 05.87704  11 10 53.28  +07 23 45.1   18.1  R  G36 100688
08  2016 06 05.91035  11 10 53.74  +07 23 40.8   18.1  R  G36 100688
08  2016 06 06.87457  11 11 07.70  +07 21 32.6   18.1  R  G36 100688
08  2016 06 06.90851  11 11 08.19  +07 21 28.0   18.1  R  G36 100688
08  2016 06 07.87752  11 11 22.76  +07 19 15.8   18.1  R  G36 100688
08  2016 06 07.90702  11 11 23.21  +07 19 11.7   18.2  R  G36 100688
08  2016 06 09.87807  11 11 54.47  +07 14 32.8   18.0  R  G36 100688
08  2016 06 09.90732  11 11 54.95  +07 14 28.6   18.1  R  G36 100688
08  2016 06 17.51848  11 14 15.02  +06 54 32.8   18.1  R  D29 100688
08  2016 06 17.53153  11 14 15.28  +06 54 30.2   18.2  R  D29 100688
08  2016 06 17.54457  11 14 15.55  +06 54 28.6   18.3  R  D29 100688
09  2015 01 16.41646  09 23 07.91  +15 22 22.1   18.2  r  G45  92471
09  2015 01 16.42499  09 23 07.70  +15 22 23.1   18.0  r  G45  92471
09  2015 01 16.43408  09 23 07.44  +15 22 24.3   18.3  r  G45  92471
09  2015 01 16.43829  09 23 07.31  +15 22 25.4   18.5  r  G45  92471
09  2015 01 16.44473  09 23 07.12  +15 22 26.0   18.4  r  G45  92471
09  2015 01 16.44901  09 23 07.02  +15 22 26.4   18.4  r  G45  92471
09  2015 01 17.41500  09 22 39.85  +15 24 46.7   18.1  r  G45  92471
09  2015 01 17.41908  09 22 39.75  +15 24 47.5   18.4  r  G45  92471
09  2015 01 17.42323  09 22 39.64  +15 24 48.0   18.3  r  G45  92471
09  2015 01 17.43242  09 22 39.40  +15 24 49.0   18.3  r  G45  92471
09  2015 01 17.44239  09 22 39.08  +15 24 50.8   18.5  r  G45  92471
09  2015 01 17.44654  09 22 38.95  +15 24 51.2   18.4  r  G45  92471
09  2015 01 19.40983  09 21 42.65  +15 29 41.3   18.3  r  G45  92471
09  2015 01 19.41408  09 21 42.50  +15 29 42.1   18.4  r  G45  92471
09  2015 01 19.41926  09 21 42.33  +15 29 43.1   18.4  r  G45  92471
09  2015 01 19.42341  09 21 42.20  +15 29 43.7   18.4  r  G45  92471
09  2015 01 19.42772  09 21 42.09  +15 29 44.5   18.3  r  G45  92471
09  2015 01 19.43365  09 21 41.92  +15 29 45.0   18.2  r  G45  92471
09  2015 01 19.43783  09 21 41.76  +15 29 45.9   18.3  r  G45  92471
09  2015 01 19.44191  09 21 41.68  +15 29 46.7   18.3  r  G45  92471
09  2015 01 20.40370  09 21 13.52  +15 32 10.8   18.4  r  G45  92471
09  2015 01 20.40778  09 21 13.40  +15 32 11.7   18.4  r  G45  92471
09  2015 01 20.42115  09 21 12.98  +15 32 13.4   18.4  r  G45  92471
09  2015 01 20.42536  09 21 12.87  +15 32 14.6   18.4  r  G45  92471
09  2015 01 20.43119  09 21 12.70  +15 32 15.3   18.2  r  G45  92472
09  2015 01 24.39266  09 19 13.50  +15 42 24.3   17.7  r  G45  92472
09  2015 01 24.39681  09 19 13.37  +15 42 24.8   17.8  r  G45  92472
09  2015 01 24.40095  09 19 13.19  +15 42 25.4   18.3  r  G45  92472
09  2015 01 24.40590  09 19 13.04  +15 42 26.7   18.3  r  G45  92472
09  2015 01 24.41005  09 19 12.89  +15 42 27.1   18.1  r  G45  92472
09  2015 01 24.42022  09 19 12.59  +15 42 28.8   18.2  r  G45  92472
09  2015 01 24.42437  09 19 12.39  +15 42 29.7   17.7  r  G45  92472
09  2015 01 25.39114  09 18 42.67  +15 45 00.9   18.3  r  G45  92472
09  2015 01 25.39522  09 18 42.56  +15 45 01.2   18.2  r  G45  92472
09  2015 01 25.40017  09 18 42.37  +15 45 02.4   18.3  r  G45  92472
09  2015 01 25.41442  09 18 41.93  +15 45 04.4   18.3  r  G45  92472
09  2015 01 25.41850  09 18 41.81  +15 45 05.0   18.2  r  G45  92472
09  2015 01 26.38764  09 18 11.69  +15 47 37.8   18.1  r  G45  92472
09  2015 01 26.39219  09 18 11.55  +15 47 38.6   18.1  r  G45  92472
09  2015 01 26.39788  09 18 11.40  +15 47 39.7   18.0  r  G45  92472
09  2015 01 26.40219  09 18 11.24  +15 47 40.0   18.1  r  G45  92472
09  2015 01 26.40640  09 18 11.11  +15 47 40.7   18.1  r  G45  92472
09  2015 01 26.41223  09 18 10.90  +15 47 41.9   18.2  r  G45  92472
09  2015 01 26.41634  09 18 10.76  +15 47 42.3   18.3  r  G45  92472
09  2015 01 27.39981  09 17 39.99  +15 50 18.1   18.0  r  G45  92472
09  2015 01 27.40402  09 17 39.86  +15 50 19.1   18.3  r  G45  92472
09  2015 01 27.40985  09 17 39.69  +15 50 19.6   18.3  r  G45  92472
09  2015 01 27.41392  09 17 39.56  +15 50 20.4   18.4  r  G45  92472
09  2015 02 08.71081  09 11 05.08  +16 23 16.1   18.0  R  D29  92472
09  2015 02 08.72933  09 11 04.54  +16 23 19.3   18.2  R  D29  92472
09  2015 02 08.74785  09 11 03.93  +16 23 22.4   18.3  R  D29  92472
09  2015 02 09.62762  09 10 35.77  +16 25 42.6   18.2  R  D29  92472
09  2015 02 09.64525  09 10 35.18  +16 25 45.6   18.3  R  D29  92472
09  2015 02 09.66289  09 10 34.61  +16 25 48.3   18.1  R  D29  92472
09  2015 02 09.67668  09 10 34.16  +16 25 50.6   18.2  R  D29  92472
09  2015 02 09.69520  09 10 33.54  +16 25 53.5   18.2  R  D29  92472
09  2015 02 09.71371  09 10 32.94  +16 25 56.4   17.8  R  D29  92472
09  2015 02 11.73053  09 09 28.39  +16 31 15.2   18.4  R  D29  92472
09  2015 02 11.74728  09 09 27.86  +16 31 18.1   18.2  R  D29  92472
09  2015 02 11.76404  09 09 27.30  +16 31 20.6   18.2  R  D29  92472
09  2015 02 12.34195  09 09 09.084 +16 32 52.13  18.2  w  F51  92472
09  2015 02 12.35593  09 09 08.632 +16 32 54.36  18.2  w  F51  92472
09  2015 02 12.36817  09 09 08.233 +16 32 56.26  18.2  w  F51  92472
09  2015 02 12.38047  09 09 07.833 +16 32 58.24  18.2  w  F51  92472
09  2015 02 13.60396  09 08 29.06  +16 36 08.4   18.0  R  D29  92472
09  2015 02 13.61895  09 08 28.60  +16 36 10.3   18.1  R  D29  92472
09  2015 02 13.63394  09 08 28.11  +16 36 12.9   18.1  R  D29  92472
09  2015 02 17.63387  09 06 23.74  +16 46 26.7   18.0  R  D29  92472
09  2015 02 17.65856  09 06 23.03  +16 46 30.4   18.2  R  D29  92472
09  2015 02 17.68325  09 06 22.19  +16 46 34.4   18.4  R  D29  92472
09  2015 02 18.18139  09 06 07.11  +16 47 48.9   17.9  V  G96  92472
09  2015 02 18.18651  09 06 06.94  +16 47 49.6   17.9  V  G96  92472
09  2015 02 18.19163  09 06 06.79  +16 47 50.4   17.9  V  G96  92472
09  2015 02 18.19675  09 06 06.62  +16 47 51.2   17.9  V  G96  92472
09  2015 02 22.88656  09 03 47.51  +16 59 14.4   18.5  V  C95  92472
09  2015 02 22.93817  09 03 45.98  +16 59 21.7   18.4  V  C95  92472
09  2015 02 22.98978  09 03 44.45  +16 59 29.2   18.6  V  C95  92472
09  2015 02 23.04141  09 03 42.96  +16 59 36.5   18.5  V  C95  92472
09  2015 02 25.35170  09 02 37.68  +17 04 57.4   18.3  r  G45  93113
09  2015 02 25.36381  09 02 37.34  +17 04 58.9   18.4  r  G45  93113
09  2015 02 25.36802  09 02 37.23  +17 04 59.6   18.4  r  G45  93113
09  2015 02 25.37216  09 02 37.12  +17 05 00.1   18.4  r  G45  93113
09  2015 02 25.37698  09 02 36.96  +17 05 00.5   18.5  r  G45  93113
09  2015 02 25.38106  09 02 36.86  +17 05 01.9   18.2  r  G45  93113
09  2015 02 25.38520  09 02 36.71  +17 05 02.0   18.3  r  G45  93113
09  2015 02 26.12224  09 02 16.56  +17 06 42.1   17.9  V  G96  92472
09  2015 02 26.12635  09 02 16.45  +17 06 42.7   17.9  V  G96  92472
09  2015 02 26.13044  09 02 16.34  +17 06 43.3   18.0  V  G96  92472
09  2015 02 26.13454  09 02 16.22  +17 06 43.8   17.9  V  G96  92472
09  2015 02 26.34067  09 02 10.45  +17 07 11.7   18.1  r  G45  93113
09  2015 02 26.34475  09 02 10.35  +17 07 11.8   18.1  r  G45  93113
09  2015 02 26.34889  09 02 10.22  +17 07 12.3   18.2  r  G45  93113
09  2015 02 26.35297  09 02 10.07  +17 07 13.2   18.0  r  G45  93113
09  2015 02 26.36307  09 02 09.79  +17 07 14.6   18.1  r  G45  93113
09  2015 02 26.36722  09 02 09.69  +17 07 15.1   18.2  r  G45  93114
09  2015 02 26.37143  09 02 09.58  +17 07 15.7   18.2  r  G45  93114
09  2015 02 26.38049  09 02 09.35  +17 07 16.6   18.4  r  G45  93114
09  2015 02 26.38457  09 02 09.22  +17 07 17.4   18.3  r  G45  93114
09  2015 02 26.38871  09 02 09.11  +17 07 17.2   18.3  r  G45  93114
09  2015 03 11.18125  08 57 03.88  +17 32 37.3   18.5  V  G96  93114
09  2015 03 11.18855  08 57 03.73  +17 32 38.0   18.6  V  G96  93114
09  2015 03 11.19585  08 57 03.57  +17 32 38.8   18.6  V  G96  93114
09  2015 03 11.20315  08 57 03.42  +17 32 39.6   18.5  V  G96  93114
09  2015 03 13.56099  08 56 18.00  +17 36 31.4   18.5  R  D29  93114
09  2015 03 13.56187  08 56 18.01  +17 36 31.6   18.6  R  D29  93114
09  2015 03 13.57598  08 56 17.73  +17 36 33.0   18.7  R  D29  93114
09  2015 03 13.57687  08 56 17.75  +17 36 33.2   18.8  R  D29  93114
09  2015 03 13.59098  08 56 17.42  +17 36 33.4   18.6  R  D29  93114
09  2015 03 13.59186  08 56 17.44  +17 36 34.3   19.2  R  D29  93114
09  2015 03 16.38949  08 55 28.545 +17 40 48.53  18.5  w  F51  93114
09  2015 03 16.40169  08 55 28.339 +17 40 49.56  18.4  w  F51  93114
09  2015 03 16.41390  08 55 28.127 +17 40 50.62  18.4  w  F51  93114
09  2015 03 17.35351  08 55 13.015 +17 42 10.59  18.5  w  F51  93114
09  2015 03 17.36602  08 55 12.806 +17 42 11.62  18.4  w  F51  93114
09  2015 03 17.37857  08 55 12.600 +17 42 12.64  18.5  w  F51  93114
09  2015 03 17.39112  08 55 12.394 +17 42 13.68  18.5  w  F51  93114
09  2015 12 14.51163  11 38 12.17  +04 06 37.6   18.5  r  G45  97710
09  2015 12 14.51719  11 38 12.27  +04 06 36.9   19.3  r  G45  97710
09  2015 12 14.52215  11 38 12.37  +04 06 36.4   19.1  r  G45  97710
09  2015 12 14.52787  11 38 12.46  +04 06 35.8   19.3  r  G45  97710
09  2015 12 14.53404  11 38 12.55  +04 06 35.3   19.0  r  G45  97710
09  2015 12 14.54000  11 38 12.64  +04 06 34.9   19.2  r  G45  97710
09  2015 12 16.51972  11 38 45.63  +04 03 25.6   18.8  r  G45  97710
09  2015 12 16.52555  11 38 45.72  +04 03 24.9   18.9  r  G45  97710
09  2015 12 16.53148  11 38 45.81  +04 03 24.4   19.1  r  G45  97710
09  2015 12 16.53730  11 38 45.89  +04 03 24.0   19.3  r  G45  97710
09  2015 12 16.54337  11 38 45.99  +04 03 23.5   19.0  r  G45  97710
09  2016 02 05.49352  11 36 49.751 +04 20 41.96  18.5  w  F51  97710
09  2016 02 05.50534  11 36 49.504 +04 20 43.47  18.5  w  F51  97710
09  2016 02 05.51716  11 36 49.261 +04 20 44.93  18.4  w  F51  97710
09  2016 02 05.52905  11 36 49.013 +04 20 46.42  18.4  w  F51  97710
09  2016 02 08.10081  11 35 55.40  +04 26 21.6   18.2  R  G36  97710
09  2016 02 08.17652  11 35 53.72  +04 26 31.8   18.1  R  G36  97710
09  2016 02 08.21927  11 35 52.78  +04 26 37.6   18.1  R  G36  97710
09  2016 02 09.11098  11 35 33.30  +04 28 39.4   18.1  R  G36  97710
09  2016 02 09.13993  11 35 32.67  +04 28 43.5   18.0  R  G36  97710
09  2016 02 09.17505  11 35 31.84  +04 28 48.1   18.1  R  G36  97710
09  2016 02 11.22882  11 34 45.23  +04 33 38.2   18.6  r  G45  97710
09  2016 02 11.23357  11 34 45.15  +04 33 39.0   18.8  r  G45  97710
09  2016 02 11.23839  11 34 45.03  +04 33 39.3   18.5  r  G45  97710
09  2016 02 11.24304  11 34 44.91  +04 33 40.2   18.7  r  G45  97710
09  2016 02 11.24802  11 34 44.79  +04 33 40.9   18.6  r  G45  97710
09  2016 02 13.16927  11 33 58.94  +04 38 22.8   18.6  V  G40  97710
09  2016 02 13.19722  11 33 58.25  +04 38 26.7   18.7  V  G40  97710
09  2016 02 14.23642  11 33 32.86  +04 41 03.6   18.5  r  G45  97710
09  2016 02 14.24117  11 33 32.74  +04 41 04.4   18.5  r  G45  97710
09  2016 02 14.24605  11 33 32.62  +04 41 05.0   18.9  r  G45  97710
09  2016 02 14.25080  11 33 32.51  +04 41 05.8   18.6  r  G45  97710
09  2016 02 28.40771  11 27 01.42  +05 20 18.0   18.3  V  G96  99413
09  2016 02 28.41240  11 27 01.29  +05 20 18.8   18.2  V  G96  99413
09  2016 02 28.41707  11 27 01.14  +05 20 19.6   18.3  V  G96  99413
09  2016 02 28.42175  11 27 01.00  +05 20 20.4   18.4  V  G96  99413
09  2016 02 28.43998  11 27 00.43  +05 20 23.8    -    -  691  99413
09  2016 02 28.45867  11 26 59.86  +05 20 27.0    -    -  691  99413
09  2016 02 28.47735  11 26 59.30  +05 20 30.4    -    -  691  99413
09  2016 03 11.66582  11 20 44.83  +05 56 43.4   18.2  R  D29  99413
09  2016 03 11.68261  11 20 44.30  +05 56 45.9   18.4  R  D29  99413
09  2016 03 11.69940  11 20 43.77  +05 56 49.0   17.9  R  D29  99413
09  2016 03 31.14366  11 11 10.23  +06 49 21.1   18.9  r  G45  99413
09  2016 03 31.16511  11 11 09.63  +06 49 24.2   18.6  r  G45  99413
09  2016 03 31.32137  11 11 05.34  +06 49 46.3   18.9  r  G45  99413
09  2016 03 31.33219  11 11 05.09  +06 49 47.7   18.2  r  G45  99413
09  2016 03 31.33746  11 11 04.92  +06 49 48.5   18.4  r  G45  99413
09  2016 03 31.33753  11 11 04.92  +06 49 48.3   18.2  r  G45  99413
09  2016 03 31.34281  11 11 04.78  +06 49 49.0   18.7  r  G45  99413
09  2016 03 31.34288  11 11 04.77  +06 49 49.8   17.7  r  G45  99413
09  2016 04 03.14727  11 09 51.64  +06 56 11.0   19.0  r  G45  99413
09  2016 04 03.15225  11 09 51.50  +06 56 11.1   18.7  r  G45  99413
09  2016 04 03.15741  11 09 51.37  +06 56 12.1   19.1  r  G45  99413
09  2016 04 03.16246  11 09 51.23  +06 56 12.4   18.6  r  G45  99413
09  2016 04 03.16751  11 09 51.10  +06 56 13.2   18.9  r  G45  99413
09  2016 04 11.82954  11 06 28.04  +07 13 10.8   18.2  R  G36  99949
09  2016 04 11.95905  11 06 25.23  +07 13 24.1   18.2  R  G36  99949
09  2016 04 12.03290  11 06 23.64  +07 13 31.5   18.2  R  G36  99949
09  2016 04 12.82560  11 06 07.21  +07 14 50.9   18.5  R  G36  99949
09  2016 04 12.88245  11 06 06.03  +07 14 56.5   18.3  R  G36  99949
09  2016 04 12.94790  11 06 04.63  +07 15 03.0   18.3  R  G36  99949
09  2016 04 13.82157  11 05 46.94  +07 16 27.6   18.3  R  G36  99949
09  2016 04 13.93610  11 05 44.59  +07 16 38.5   18.4  R  G36  99949
09  2016 04 14.02437  11 05 42.75  +07 16 46.7   18.3  R  G36  99949
10  2016 02 03.07334  11 35 24.62  +03 37 50.3   17.8  R  G36  97710
10  2016 02 03.17095  11 35 22.91  +03 38 02.7   17.9  R  G36  97710
10  2016 02 03.21435  11 35 22.15  +03 38 08.3   17.9  R  G36  97711
10  2016 02 04.05502  11 35 07.73  +03 39 57.9   17.8  R  G36  97711
10  2016 02 04.16391  11 35 05.75  +03 40 12.6   17.9  R  G36  97711
10  2016 02 04.21869  11 35 04.75  +03 40 19.6   17.9  R  G36  97711
10  2016 02 05.05601  11 34 49.84  +03 42 13.2   17.9  R  G36  97711
10  2016 02 05.15332  11 34 48.00  +03 42 26.5   17.8  R  G36  97711
10  2016 02 05.21268  11 34 46.88  +03 42 34.7   17.8  R  G36  97711
10  2016 02 05.49352  11 34 41.779 +03 43 14.40  18.4  w  F51  97711
10  2016 02 05.50534  11 34 41.549 +03 43 16.08  18.5  w  F51  97711
10  2016 02 05.51716  11 34 41.324 +03 43 17.73  18.4  w  F51  97711
10  2016 02 05.52905  11 34 41.094 +03 43 19.39  18.4  w  F51  97711
10  2016 02 08.12992  11 33 50.55  +03 49 39.8   17.9  R  G36  97711
10  2016 02 08.17269  11 33 49.68  +03 49 46.6   17.9  R  G36  97711
10  2016 02 08.21545  11 33 48.78  +03 49 53.1   18.0  R  G36  97711
10  2016 02 09.13613  11 33 29.86  +03 52 16.3   17.9  R  G36  97711
10  2016 02 09.19084  11 33 28.68  +03 52 24.9   17.8  R  G36  97711
10  2016 02 09.22176  11 33 28.01  +03 52 29.9   18.0  R  G36  97711
10  2016 02 14.23642  11 31 35.43  +04 06 39.5   18.7  r  G45  97711
10  2016 02 14.24117  11 31 35.33  +04 06 40.5   18.5  r  G45  97711
10  2016 02 14.24605  11 31 35.20  +04 06 41.4   18.4  r  G45  97711
10  2016 02 14.25074  11 31 35.07  +04 06 41.4   18.5  r  G45  97711
10  2016 02 17.22673  11 30 21.44  +04 15 57.5   18.4  r  G45  97711
10  2016 02 17.23171  11 30 21.31  +04 15 58.5   18.5  r  G45  97711
10  2016 02 17.23667  11 30 21.19  +04 15 59.3   18.5  r  G45  97711
10  2016 02 17.24148  11 30 21.05  +04 16 00.4   18.4  r  G45  97711
10  2016 02 17.24637  11 30 20.92  +04 16 00.9   18.6  r  G45  97711
10  2016 02 17.25125  11 30 20.80  +04 16 01.7   18.4  r  G45  97711
10  2016 02 28.40821  11 25 07.91  +04 55 20.1   18.1  V  G96  99413
10  2016 02 28.41290  11 25 07.77  +04 55 21.1   18.1  V  G96  99413
10  2016 02 28.41757  11 25 07.63  +04 55 22.2   18.1  V  G96  99413
10  2016 02 28.42225  11 25 07.49  +04 55 23.3   18.1  V  G96  99413
10  2016 02 28.43998  11 25 06.91  +04 55 27.4    -    -  691  99413
10  2016 02 28.45867  11 25 06.35  +04 55 31.7    -    -  691  99413
10  2016 02 28.47735  11 25 05.77  +04 55 35.9    -    -  691  99413
10  2016 02 29.66805  11 24 29.76  +05 00 08.1   18.2  R  D29  99413
10  2016 02 29.68396  11 24 29.26  +05 00 12.1   18.1  R  D29  99413
10  2016 02 29.69987  11 24 28.76  +05 00 15.6   18.0  R  D29  99413
10  2016 03 05.51543  11 21 58.89  +05 19 06.5   18.4  w  T05  99413
10  2016 03 05.55582  11 21 57.60  +05 19 15.6   18.2  w  T05  99413
10  2016 03 05.57815  11 21 56.89  +05 19 21.3   18.0  w  T05  99413
10  2016 03 05.58228  11 21 56.63  +05 19 22.2   18.3  w  T05  99413
10  2016 03 11.66582  11 18 42.13  +05 43 51.9   18.2  R  D29  99413
10  2016 03 11.66670  11 18 42.07  +05 43 52.0   17.8  R  D29  99413
10  2016 03 11.68261  11 18 41.59  +05 43 56.2   18.4  R  D29  99413
10  2016 03 11.68349  11 18 41.56  +05 43 56.2   18.3  R  D29  99413
10  2016 03 11.69940  11 18 41.02  +05 44 00.4   18.1  R  D29  99413
10  2016 03 11.70029  11 18 40.94  +05 44 00.6   17.5  R  D29  99413
11  2014 12 27.41554  09 32 38.10  +15 37 59.0   18.1  r  G45  92472
11  2014 12 27.41968  09 32 38.02  +15 37 59.2   17.9  r  G45  92472
11  2014 12 27.42403  09 32 37.98  +15 37 59.6   18.0  r  G45  92472
11  2014 12 27.42834  09 32 37.90  +15 37 59.6   18.3  r  G45  92472
11  2014 12 27.43497  09 32 37.80  +15 38 00.1   17.8  r  G45  92472
11  2014 12 27.43912  09 32 37.72  +15 38 00.3   17.7  r  G45  92472
11  2014 12 29.40913  09 32 08.00  +15 40 24.9   17.9  r  G45  92472
11  2014 12 29.41218  09 32 07.98  +15 40 25.2   18.2  r  G45  92472
11  2014 12 29.41523  09 32 07.93  +15 40 24.8   18.1  r  G45  92472
11  2014 12 29.41844  09 32 07.87  +15 40 25.3   18.3  r  G45  92472
11  2014 12 29.42149  09 32 07.82  +15 40 25.7   17.8  r  G45  92472
11  2014 12 29.42458  09 32 07.77  +15 40 25.9   18.1  r  G45  92472
11  2014 12 29.42638  09 32 07.75  +15 40 26.3   18.1  r  G45  92472
11  2014 12 29.42943  09 32 07.70  +15 40 26.4   18.1  r  G45  92472
11  2014 12 29.43248  09 32 07.62  +15 40 26.3   18.1  r  G45  92472
11  2015 01 16.41646  09 25 48.14  +16 09 47.8   17.8  r  G45  92472
11  2015 01 16.42081  09 25 48.04  +16 09 47.9   17.4  r  G45  92472
11  2015 01 16.42499  09 25 47.92  +16 09 48.6   17.5  r  G45  92472
11  2015 01 16.44479  09 25 47.37  +16 09 50.8   17.4  r  G45  92472
11  2015 01 16.44901  09 25 47.26  +16 09 51.2   17.3  r  G45  92472
11  2015 01 17.41083  09 25 22.32  +16 11 42.2   17.8  r  G45  92472
11  2015 01 17.41500  09 25 22.17  +16 11 44.1   17.6  r  G45  92472
11  2015 01 17.42814  09 25 21.81  +16 11 45.3   17.7  r  G45  92472
11  2015 01 17.43235  09 25 21.72  +16 11 46.2   17.6  r  G45  92472
11  2015 01 17.43657  09 25 21.60  +16 11 46.8   17.7  r  G45  92472
11  2015 01 17.44246  09 25 21.42  +16 11 46.8   17.7  r  G45  92472
11  2015 01 17.44654  09 25 21.28  +16 11 47.7   17.6  r  G45  92472
11  2015 01 25.38707  09 21 41.68  +16 27 54.8   17.7  r  G45  92472
11  2015 01 25.40017  09 21 41.32  +16 27 56.6   17.8  r  G45  92472
11  2015 01 25.40432  09 21 41.19  +16 27 57.1   17.4  r  G45  92472
11  2015 01 25.40853  09 21 41.07  +16 27 58.1   17.5  r  G45  92473
11  2015 01 25.41857  09 21 40.78  +16 27 58.6   17.7  r  G45  92473
11  2015 01 26.38764  09 21 12.68  +16 30 00.5   17.3  r  G45  92473
11  2015 01 26.39226  09 21 12.55  +16 30 00.9   17.4  r  G45  92473
11  2015 01 26.39781  09 21 12.37  +16 30 01.2   17.6  r  G45  92473
11  2015 01 26.40219  09 21 12.25  +16 30 02.2   17.6  r  G45  92473
11  2015 01 26.41641  09 21 11.84  +16 30 04.4   17.5  r  G45  92473
11  2015 02 07.16949  09 15 20.30  +16 54 43.6   17.2  V  G96  92473
11  2015 02 07.17576  09 15 20.10  +16 54 44.4   17.2  V  G96  92473
11  2015 02 07.18203  09 15 19.92  +16 54 45.1   17.2  V  G96  92473
11  2015 02 07.18830  09 15 19.72  +16 54 46.0   17.1  V  G96  92473
11  2015 02 08.70728  09 14 33.77  +16 57 53.6   17.6  R  D29  92473
11  2015 02 08.71169  09 14 33.65  +16 57 53.3   17.7  R  D29  92473
11  2015 02 08.72580  09 14 33.20  +16 57 55.8   17.7  R  D29  92473
11  2015 02 08.73021  09 14 33.08  +16 57 55.9   17.7  R  D29  92473
11  2015 02 08.74432  09 14 32.63  +16 57 58.1   17.7  R  D29  92473
11  2015 02 08.74873  09 14 32.52  +16 57 58.1   17.7  R  D29  92473
11  2015 02 09.62762  09 14 06.10  +16 59 45.6   17.6  R  D29  92473
11  2015 02 09.64525  09 14 05.56  +16 59 47.7   17.6  R  D29  92473
11  2015 02 09.66289  09 14 05.02  +16 59 49.8   17.6  R  D29  92473
11  2015 02 09.67668  09 14 04.59  +16 59 51.5   17.5  R  D29  92473
11  2015 02 09.67756  09 14 04.61  +16 59 51.9   17.7  R  D29  92473
11  2015 02 09.69520  09 14 04.03  +16 59 53.7   17.5  R  D29  92473
11  2015 02 09.69608  09 14 04.03  +16 59 54.0   17.6  R  D29  92473
11  2015 02 09.71371  09 14 03.45  +16 59 55.9   17.5  R  D29  92473
11  2015 02 09.71460  09 14 03.47  +16 59 56.3   17.6  R  D29  92473
11  2015 02 16.66329  09 10 38.33  +17 13 32.7   17.8  R  D29  92473
11  2015 02 16.68092  09 10 37.81  +17 13 34.8   17.8  R  D29  92473
11  2015 02 16.70179  09 10 37.21  +17 13 36.0   17.8  R  D29  92473
11  2015 02 17.63475  09 10 10.48  +17 15 20.9   17.6  R  D29  92473
11  2015 02 17.65944  09 10 09.77  +17 15 23.4   17.8  R  D29  92473
11  2015 02 17.68413  09 10 09.04  +17 15 26.3   17.8  R  D29  92473
11  2015 02 26.34481  09 06 14.88  +17 30 12.2   17.7  r  G45  93114
11  2015 02 26.34889  09 06 14.77  +17 30 11.8   17.6  r  G45  93114
11  2015 02 26.35297  09 06 14.69  +17 30 12.9   17.6  r  G45  93114
11  2015 02 26.36722  09 06 14.32  +17 30 13.6   17.3  r  G45  93114
11  2015 02 26.75611  09 06 04.69  +17 30 50.1   18.1  w  C41  92473
11  2015 02 26.76350  09 06 04.48  +17 30 50.2   17.6  w  C41  92473
11  2015 02 26.77083  09 06 04.26  +17 30 50.2   17.7  w  C41  92473
11  2015 02 27.14747  09 05 54.91  +17 31 25.6   17.4  V  G96  92473
11  2015 02 27.15374  09 05 54.75  +17 31 25.7   16.8  V  G96  92473
11  2015 02 27.16003  09 05 54.59  +17 31 26.8   17.3  V  G96  92473
11  2015 02 27.16629  09 05 54.43  +17 31 27.3   17.4  V  G96  92473
11  2015 02 28.34470  09 05 25.36  +17 33 12.9   17.8  r  G45  93114
11  2015 02 28.34877  09 05 25.24  +17 33 12.6   17.9  r  G45  93114
11  2015 02 28.35467  09 05 25.10  +17 33 13.7   17.2  r  G45  93114
11  2015 02 28.35881  09 05 24.98  +17 33 13.6   17.6  r  G45  93114
11  2015 03 16.37718  09 00 10.468 +17 50 57.59  17.8  w  F51  93114
11  2015 03 16.38949  09 00 10.279 +17 50 58.13  17.9  w  F51  93114
11  2015 03 16.40169  09 00 10.098 +17 50 58.63  17.9  w  F51  93114
11  2015 03 16.41390  09 00 09.908 +17 50 59.16  18.0  w  F51  93114
11  2015 03 17.35351  08 59 56.728 +17 51 38.43  17.8  w  F51  93114
11  2015 03 17.36602  08 59 56.543 +17 51 38.92  17.7  w  F51  93114
11  2015 03 17.37857  08 59 56.367 +17 51 39.38  17.8  w  F51  93114
11  2015 03 17.39112  08 59 56.182 +17 51 39.89  17.9  w  F51  93114
11  2015 05 09.53695  09 05 38.30  +17 14 08.6   18.3  R  D29  93768
11  2015 05 09.55106  09 05 38.58  +17 14 07.1   18.5  R  D29  93768
11  2015 05 09.56517  09 05 38.94  +17 14 04.9   18.2  R  D29  93768
11  2016 02 02.07625  11 39 50.55  +03 14 45.4   17.5  R  G36  97711
11  2016 02 02.17452  11 39 48.83  +03 14 58.3   17.4  R  G36  97711
11  2016 02 02.20945  11 39 48.22  +03 15 02.8   17.4  R  G36  97711
11  2016 02 04.11174  11 39 14.91  +03 19 19.9   17.4  R  G36  97711
11  2016 02 04.20706  11 39 13.11  +03 19 33.1   17.4  R  G36  97711
11  2016 02 04.25357  11 39 12.26  +03 19 39.5   17.4  R  G36  97711
11  2016 02 05.49352  11 38 49.297 +03 22 35.83  18.0  w  F51  97711
11  2016 02 05.50534  11 38 49.062 +03 22 37.54  18.1  w  F51  97711
11  2016 02 05.51716  11 38 48.831 +03 22 39.27  18.1  w  F51  97711
11  2016 02 05.52905  11 38 48.597 +03 22 40.95  18.1  w  F51  97711
11  2016 02 08.13757  11 37 57.01  +03 29 09.6   17.5  R  G36  97711
11  2016 02 08.16105  11 37 56.51  +03 29 13.1   17.5  R  G36  97711
11  2016 02 08.20380  11 37 55.61  +03 29 19.9   17.5  R  G36  97711
11  2016 02 28.40771  11 29 25.08  +04 30 49.9   17.8  V  G96  99413
11  2016 02 28.41240  11 29 24.94  +04 30 50.9   17.8  V  G96  99413
11  2016 02 28.41707  11 29 24.80  +04 30 51.9   17.9  V  G96  99413
11  2016 02 28.42175  11 29 24.66  +04 30 52.8   17.8  V  G96  99413
11  2016 02 28.43998  11 29 24.10  +04 30 56.9    -    -  691  99413
11  2016 02 28.45867  11 29 23.55  +04 31 00.8    -    -  691  99413
11  2016 02 28.47735  11 29 22.98  +04 31 04.1    -    -  691  99413
11  2016 03 02.45124  11 27 56.12  +04 41 14.1   18.2  r  G45  99413
11  2016 03 02.45703  11 27 55.94  +04 41 15.4   18.2  r  G45  99413
11  2016 03 02.46225  11 27 55.77  +04 41 16.6   18.2  r  G45  99413
11  2016 03 02.46815  11 27 55.60  +04 41 17.8   18.2  r  G45  99413
11  2016 03 12.83953  11 22 43.69  +05 17 18.5   18.0  R  G36  99413
11  2016 03 12.95935  11 22 40.01  +05 17 43.4   18.0  R  G36  99413
11  2016 03 13.09132  11 22 35.94  +05 18 10.8   18.0  R  G36  99414
11  2016 03 13.48705  11 22 23.97  +05 19 32.6   18.3  w  T05  99414
11  2016 03 13.50926  11 22 23.35  +05 19 38.1   18.1  w  T05  99414
11  2016 03 13.53155  11 22 22.60  +05 19 42.6   18.3  w  T05  99414
11  2016 03 13.55530  11 22 22.00  +05 19 47.5   18.6  w  T05  99414
11  2016 03 13.91684  11 22 11.08  +05 21 01.8   18.0  R  G36  99414
11  2016 03 14.01325  11 22 08.11  +05 21 21.7   17.9  R  G36  99414
11  2016 03 14.08587  11 22 05.88  +05 21 36.7   18.1  R  G36  99414
11  2016 03 14.90199  11 21 41.36  +05 24 25.1   18.1  R  G36  99414
11  2016 03 15.02290  11 21 37.65  +05 24 49.9   17.9  R  G36  99414
11  2016 03 15.08947  11 21 35.60  +05 25 03.6   17.9  R  G36  99414
11  2016 03 17.17236  11 20 33.21  +05 32 10.1   17.9  r  G45  99414
11  2016 03 17.17734  11 20 33.06  +05 32 11.1   18.0  r  G45  99414
11  2016 03 17.18234  11 20 32.90  +05 32 12.1   17.9  r  G45  99414
11  2016 03 17.19262  11 20 32.58  +05 32 14.2   19.2  r  G45  99414
11  2016 03 31.14454  11 13 56.29  +06 16 43.8   18.3  r  G45  99414
11  2016 03 31.14929  11 13 56.17  +06 16 44.8   18.2  r  G45  99414
11  2016 03 31.16592  11 13 55.74  +06 16 47.7   18.4  r  G45  99414
11  2016 03 31.32137  11 13 51.55  +06 17 14.6   18.3  r  G45  99414
11  2016 03 31.32144  11 13 51.53  +06 17 15.1   18.3  r  G45  99414
11  2016 03 31.33219  11 13 51.25  +06 17 16.9   17.8  r  G45  99414
11  2016 03 31.33226  11 13 51.25  +06 17 16.7   18.2  r  G45  99414
11  2016 03 31.33746  11 13 51.10  +06 17 17.8   18.3  r  G45  99414
11  2016 03 31.33753  11 13 51.10  +06 17 17.9   18.2  r  G45  99414
11  2016 03 31.34281  11 13 50.95  +06 17 19.1   18.1  r  G45  99414
11  2016 03 31.34288  11 13 50.96  +06 17 18.8   18.0  r  G45  99414
11  2016 04 02.44413  11 12 56.60  +06 23 20.9   18.2  w  T05  99414
11  2016 04 02.46733  11 12 56.04  +06 23 24.7   18.2  w  T05  99414
11  2016 04 02.49059  11 12 55.36  +06 23 28.6   18.4  w  T05  99414
11  2016 04 02.51404  11 12 54.82  +06 23 32.3   18.6  w  T05  99414
11  2016 04 03.14727  11 12 38.93  +06 25 18.3   18.3  r  G45  99414
11  2016 04 03.15225  11 12 38.80  +06 25 19.1   18.3  r  G45  99414
11  2016 04 03.15320  11 12 38.77  +06 25 19.0   18.3  r  G45  99414
11  2016 04 03.15741  11 12 38.67  +06 25 20.2   18.3  r  G45  99414
11  2016 04 03.15818  11 12 38.63  +06 25 20.2   18.3  r  G45  99414
11  2016 04 03.16246  11 12 38.53  +06 25 21.1   18.9  r  G45  99414
11  2016 04 03.16323  11 12 38.50  +06 25 20.9   18.3  r  G45  99414
11  2016 04 03.16751  11 12 38.40  +06 25 21.6   18.4  r  G45  99414
11  2016 04 03.16815  11 12 38.39  +06 25 21.8   18.3  r  G45  99414
11  2016 04 08.87920  11 10 22.06  +06 40 22.9   18.0  R  G36  99949
11  2016 04 08.98609  11 10 19.60  +06 40 38.8   18.0  R  G36  99949
11  2016 04 09.09807  11 10 17.02  +06 40 55.3   18.1  R  G36  99949
11  2016 04 10.91990  11 09 37.17  +06 45 18.2   18.2  R  G36  99949
11  2016 04 10.98545  11 09 35.72  +06 45 27.5   18.3  R  G36  99950
11  2016 04 11.09365  11 09 33.36  +06 45 42.7   18.0  R  G36  99950
11  2016 04 12.82944  11 08 57.22  +06 49 41.0   18.1  R  G36  99950
11  2016 04 12.88629  11 08 56.03  +06 49 48.6   18.1  R  G36  99950
11  2016 04 12.97696  11 08 54.14  +06 50 00.8   17.9  R  G36  99950
11  2016 04 13.81342  11 08 37.39  +06 51 51.1   18.1  R  G36  99950
11  2016 04 13.90219  11 08 35.57  +06 52 02.7   18.3  R  G36  99950
11  2016 04 14.02822  11 08 33.01  +06 52 19.0   18.2  R  G36  99950
11  2016 04 15.35857  11 08 07.33  +06 55 09.6   18.0  w  T05  99414
11  2016 04 15.37856  11 08 06.91  +06 55 11.1   17.9  w  T05  99414
11  2016 04 15.40234  11 08 06.41  +06 55 13.8   18.0  w  T05  99414
11  2016 04 15.40574  11 08 06.34  +06 55 13.9   18.0  w  T05  99414
11  2016 04 28.91693  11 04 44.51  +07 17 09.2   18.0  R  G36  99950
11  2016 04 28.93609  11 04 44.30  +07 17 10.5   18.0  R  G36  99950
11  2016 04 28.99529  11 04 43.64  +07 17 14.8   18.0  R  G36  99950
11  2016 04 30.82409  11 04 25.29  +07 19 14.1   18.1  R  G36  99950
11  2016 04 30.89729  11 04 24.56  +07 19 18.7   18.2  R  G36  99950
11  2016 04 30.98299  11 04 23.70  +07 19 23.8   18.3  R  G36  99950
11  2016 05 01.82797  11 04 16.09  +07 20 13.8   18.1  R  G36  99950
11  2016 05 01.87275  11 04 15.68  +07 20 16.3   18.1  R  G36  99950
11  2016 05 01.95460  11 04 14.91  +07 20 21.0   18.2  R  G36  99950
11  2016 05 02.89448  11 04 07.01  +07 21 12.4   18.3  R  G36  99950
11  2016 05 02.95146  11 04 06.52  +07 21 15.4   18.2  R  G36  99950
11  2016 05 02.97896  11 04 06.28  +07 21 16.8   18.1  R  G36  99950
11  2016 05 03.82941  11 03 59.74  +07 21 59.9   18.2  R  G36  99950
11  2016 05 03.89929  11 03 59.17  +07 22 03.3   18.3  R  G36  99950
11  2016 05 03.95913  11 03 58.69  +07 22 06.2   18.2  R  G36  99950
12  2015 01 16.42499  09 27 56.33  +14 53 26.3   18.6  r  G45  92473
12  2015 01 16.43408  09 27 56.12  +14 53 27.7   19.0  r  G45  92473
12  2015 01 16.43829  09 27 55.92  +14 53 28.4   19.3  r  G45  92473
12  2015 01 16.44311  09 27 55.83  +14 53 29.4   19.0  r  G45  92473
12  2015 01 17.42323  09 27 27.71  +14 56 05.6   19.0  r  G45  92473
12  2015 01 17.43235  09 27 27.42  +14 56 07.1   18.7  r  G45  92473
12  2015 01 17.44654  09 27 26.99  +14 56 09.1   19.3  r  G45  92473
12  2015 01 17.45072  09 27 26.89  +14 56 10.2   19.1  r  G45  92473
12  2015 01 19.41408  09 26 29.28  +15 01 29.8   18.8  r  G45  92473
12  2015 01 19.41846  09 26 29.17  +15 01 30.0   18.6  r  G45  92473
12  2015 01 19.42765  09 26 28.82  +15 01 31.4   19.0  r  G45  92473
12  2015 01 19.43197  09 26 28.73  +15 01 32.5   19.1  r  G45  92473
12  2015 01 19.43783  09 26 28.53  +15 01 33.2   19.0  r  G45  92473
12  2015 01 19.44197  09 26 28.42  +15 01 33.6   19.3  r  G45  92473
12  2015 01 20.40784  09 25 59.50  +15 04 13.8   18.9  r  G45  92473
12  2015 01 20.41613  09 25 59.26  +15 04 14.8   18.8  r  G45  92473
12  2015 01 20.43554  09 25 58.65  +15 04 18.2   19.2  r  G45  92473
12  2015 01 20.43968  09 25 58.51  +15 04 18.8   19.3  r  G45  92473
12  2015 01 26.38764  09 22 53.38  +15 21 12.8   18.9  r  G45  92473
12  2015 01 26.39707  09 22 53.08  +15 21 15.0   19.2  r  G45  92473
12  2015 01 26.40219  09 22 52.85  +15 21 15.8   18.4  r  G45  92473
12  2015 01 26.40634  09 22 52.76  +15 21 16.4   19.1  r  G45  92473
12  2015 01 26.41055  09 22 52.63  +15 21 17.0   19.3  r  G45  92473
12  2015 01 26.42106  09 22 52.29  +15 21 19.0   19.0  r  G45  92473
12  2015 01 27.39981  09 22 20.90  +15 24 10.5   18.9  r  G45  92473
12  2015 01 27.40395  09 22 20.74  +15 24 10.5   19.0  r  G45  92473
12  2015 01 27.40985  09 22 20.57  +15 24 11.8   18.7  r  G45  92473
12  2015 01 27.41392  09 22 20.44  +15 24 12.3   19.1  r  G45  92473
12  2015 01 27.41807  09 22 20.27  +15 24 13.4   19.0  r  G45  92473
12  2015 02 08.71169  09 15 34.27  +16 00 42.3   19.0  R  D29  92473
12  2015 02 08.73021  09 15 33.62  +16 00 45.8   19.1  R  D29  92473
12  2015 02 08.74873  09 15 33.00  +16 00 48.7   19.0  R  D29  92473
12  2015 02 09.62762  09 15 03.82  +16 03 25.5   18.5  R  D29  92473
12  2015 02 09.64525  09 15 03.23  +16 03 28.6   18.4  R  D29  92473
12  2015 02 09.66289  09 15 02.64  +16 03 31.1   18.3  R  D29  92473
12  2015 02 09.67668  09 15 02.16  +16 03 34.0   18.8  R  D29  92473
12  2015 02 09.67756  09 15 02.18  +16 03 34.3   18.7  R  D29  92473
12  2015 02 09.69520  09 15 01.56  +16 03 37.1   18.9  R  D29  92473
12  2015 02 09.69608  09 15 01.50  +16 03 37.7   19.2  R  D29  92473
12  2015 02 09.71371  09 15 00.92  +16 03 41.0   18.9  R  D29  92473
12  2015 02 09.71460  09 15 00.87  +16 03 39.4   19.2  R  D29  92473
12  2015 02 11.72965  09 13 54.12  +16 09 36.7   18.9  R  D29  92473
12  2015 02 11.74640  09 13 53.58  +16 09 39.4   18.9  R  D29  92473
12  2015 02 11.76316  09 13 53.03  +16 09 42.6   18.8  R  D29  92473
12  2015 02 17.63387  09 10 42.07  +16 26 39.6   19.3  R  D29  92473
12  2015 02 17.65856  09 10 41.35  +16 26 43.8   19.9  R  D29  92473
12  2015 02 17.68325  09 10 40.51  +16 26 47.6   19.3  R  D29  92473
12  2015 02 25.35170  09 06 45.01  +16 47 37.3   18.9  r  G45  93114
12  2015 02 25.36199  09 06 44.72  +16 47 38.9   18.8  r  G45  93114
12  2015 02 25.36795  09 06 44.52  +16 47 39.8   18.9  r  G45  93114
12  2015 02 25.38112  09 06 44.14  +16 47 41.9   19.1  r  G45  93114
12  2015 02 25.38520  09 06 43.98  +16 47 41.9   18.9  r  G45  93114
12  2015 02 26.12125  09 06 22.71  +16 49 36.2   18.7  V  G96  92473
12  2015 02 26.12535  09 06 22.61  +16 49 36.8   18.5  V  G96  92473
12  2015 02 26.12945  09 06 22.50  +16 49 37.6   18.7  V  G96  92473
12  2015 02 26.13354  09 06 22.39  +16 49 38.0   18.6  V  G96  92473
12  2015 02 26.34475  09 06 16.15  +16 50 11.4   19.1  r  G45  93114
12  2015 02 26.34889  09 06 15.95  +16 50 11.6   19.3  r  G45  93114
12  2015 02 26.35711  09 06 15.73  +16 50 13.0   19.1  r  G45  93114
12  2015 02 26.36722  09 06 15.46  +16 50 14.6   19.5  r  G45  93114
12  2015 02 26.37581  09 06 15.22  +16 50 16.2   18.7  r  G45  93114
12  2015 02 26.38464  09 06 14.96  +16 50 16.9   19.1  r  G45  93114
12  2015 03 16.37718  08 59 02.381 +17 29 33.25  19.2  w  F51  93114
12  2015 03 16.38949  08 59 02.146 +17 29 34.52  19.4  w  F51  93114
12  2015 03 16.40169  08 59 01.912 +17 29 35.79  19.3  w  F51  93114
12  2015 03 16.41390  08 59 01.676 +17 29 37.15  19.4  w  F51  93114
12  2015 03 17.35351  08 58 44.657 +17 31 14.79  19.1  w  F51  93114
12  2015 03 17.36602  08 58 44.426 +17 31 16.10  19.1  w  F51  93114
12  2015 03 17.39112  08 58 43.961 +17 31 18.63  19.2  w  F51  93114
12  2015 12 16.50924  11 37 38.74  +04 07 34.6   20.2  r  G45  97711
12  2015 12 16.51480  11 37 38.83  +04 07 33.9   20.1  r  G45  97711
12  2015 12 16.52555  11 37 39.01  +04 07 33.1   19.2  r  G45  97711
12  2015 12 16.53730  11 37 39.24  +04 07 31.4   19.3  r  G45  97711
12  2015 12 18.52271  11 38 14.02  +04 03 23.5   19.7  r  G45  97711
12  2015 12 18.52851  11 38 14.12  +04 03 23.0   19.9  r  G45  97711
12  2015 12 18.53369  11 38 14.20  +04 03 22.1   20.0  r  G45  97711
12  2015 12 18.53959  11 38 14.30  +04 03 21.3   19.8  r  G45  97711
12  2016 02 28.40771  11 27 24.00  +04 42 03.5   18.2  V  G96  99414
12  2016 02 28.41240  11 27 23.86  +04 42 04.1   18.2  V  G96  99414
12  2016 02 28.41707  11 27 23.72  +04 42 04.9   18.1  V  G96  99414
12  2016 02 28.46505  11 27 22.28  +04 42 12.5   17.7  V  G96  99414
12  2016 02 28.46814  11 27 22.19  +04 42 13.0   18.0  V  G96  99414
12  2016 02 28.47121  11 27 22.09  +04 42 13.5   17.8  V  G96  99414
12  2016 02 28.47430  11 27 21.94  +04 42 14.1    -    -  G96  99414
12  2016 03 10.23085  11 21 52.30  +05 10 44.8   18.8  V  G96  99414
12  2016 03 10.23392  11 21 52.20  +05 10 45.1   18.8  V  G96  99414
12  2016 03 10.23700  11 21 52.11  +05 10 45.7   18.9  V  G96  99414
12  2016 03 10.24008  11 21 52.01  +05 10 46.2   18.8  V  G96  99414
12  2016 03 12.21460  11 20 50.40  +05 16 05.5   19.0  V  691  99414
12  2016 03 12.22835  11 20 50.03  +05 16 07.1   18.9  V  691  99414
12  2016 03 12.24283  11 20 49.56  +05 16 09.7   18.9  V  691  99414
12  2016 03 12.91918  11 20 28.51  +05 17 58.1   19.0  R  G36  99414
12  2016 03 13.02293  11 20 25.22  +05 18 14.8   19.1  R  G36  99414
12  2016 03 13.08749  11 20 23.17  +05 18 25.2   19.0  R  G36  99414
12  2016 03 13.94226  11 19 56.68  +05 20 42.7   19.0  R  G36  99414
12  2016 03 14.03444  11 19 53.77  +05 20 57.5   19.1  R  G36  99414
12  2016 03 14.10332  11 19 51.58  +05 21 08.5   18.9  R  G36  99414
12  2016 03 14.89815  11 19 27.05  +05 23 15.9   19.0  R  G36  99414
12  2016 03 15.01910  11 19 23.23  +05 23 35.2   19.1  R  G36  99414
12  2016 03 15.08562  11 19 21.13  +05 23 45.9   18.9  R  G36  99414
12  2016 03 16.27869  11 18 44.32  +05 26 56.1   19.0  g  I41  99414
12  2016 03 16.31044  11 18 43.32  +05 27 01.1   19.2  g  I41  99414
12  2016 03 16.34191  11 18 42.34  +05 27 06.3   19.1  g  I41  99414
12  2016 03 31.14366  11 11 29.32  +06 03 53.0   19.6  r  G45  99414
12  2016 03 31.14454  11 11 29.31  +06 03 53.0   19.0  r  G45  99414
12  2016 03 31.14855  11 11 29.23  +06 03 53.5   19.5  r  G45  99414
12  2016 03 31.16511  11 11 28.74  +06 03 55.9   19.4  r  G45  99414
12  2016 03 31.34288  11 11 23.85  +06 04 19.1   19.8  r  G45  99414
12  2016 04 03.14727  11 10 10.01  +06 10 28.3   19.8  r  G45  99414
12  2016 04 03.15225  11 10 09.87  +06 10 29.5   19.9  r  G45  99414
12  2016 04 03.15741  11 10 09.73  +06 10 30.0   19.6  r  G45  99414
12  2016 04 03.16246  11 10 09.60  +06 10 30.3   19.4  r  G45  99414
12  2016 04 03.16751  11 10 09.48  +06 10 31.1   19.3  r  G45  99414
12  2016 04 03.82230  11 09 52.71  +06 11 54.1   18.9  R  G36  99950
12  2016 04 03.89355  11 09 50.88  +06 12 03.1   18.7  R  G36  99950
12  2016 04 03.92220  11 09 50.14  +06 12 06.7   19.1  R  G36  99950
12  2016 04 07.82823  11 08 14.39  +06 19 57.7   18.8  R  G36  99950
12  2016 04 07.93303  11 08 11.86  +06 20 09.6   18.8  R  G36  99950
12  2016 04 08.04010  11 08 09.29  +06 20 22.0   18.8  R  G36  99950
12  2016 04 09.82858  11 07 28.28  +06 23 41.4   18.8  R  G36  99950
12  2016 04 09.96239  11 07 25.18  +06 23 56.0   18.8  R  G36  99950
12  2016 04 10.03609  11 07 23.49  +06 24 03.8   18.8  R  G36  99950
12  2016 04 28.93225  11 02 05.27  +06 47 59.7   19.0  R  G36  99950
12  2016 04 28.96384  11 02 04.92  +06 48 01.1   19.0  R  G36  99950
13  2015 02 09.67756  09 18 56.98  +17 08 28.3   20.1  R  D29  92473
13  2015 02 09.69608  09 18 56.25  +17 08 31.3   19.9  R  D29  92473
13  2015 02 09.71460  09 18 55.56  +17 08 34.4   20.1  R  D29  92473
13  2015 02 17.63475  09 14 01.70  +17 27 46.0   20.2  R  D29  92473
13  2015 02 17.65944  09 14 00.75  +17 27 49.2   19.9  R  D29  92473
13  2015 02 17.68413  09 13 59.87  +17 27 52.6   20.0  R  D29  92473
13  2015 03 16.37718  09 00 50.036 +18 08 49.51  19.8  w  F51  93114
13  2015 03 16.38949  09 00 49.777 +18 08 50.04  19.9  w  F51  93114
13  2015 03 16.40169  09 00 49.518 +18 08 50.50  19.8  w  F51  93114
13  2015 03 16.41390  09 00 49.255 +18 08 51.06  19.9  w  F51  93114
13  2015 03 18.48884  09 00 08.45  +18 10 15.1   20.1  V  E07  93114
13  2015 03 18.49967  09 00 08.25  +18 10 15.0   19.6  V  E07  93114
13  2016 02 28.46597  11 23 51.86  +05 26 38.3   19.5  V  G96  99414
13  2016 02 28.46905  11 23 51.79  +05 26 39.0   19.5  V  G96  99414
13  2016 02 28.47213  11 23 51.75  +05 26 39.7   19.3  V  G96  99414
13  2016 02 28.47522  11 23 51.67  +05 26 40.3   19.5  V  G96  99414