2016 04       27.570402    10 58 12.7967     +7 55 52.225     
2016 04       27.574163    10 58 12.7482     +7 55 52.623     
2016 04       27.574528    10 58 12.7461     +7 55 52.681     
2016 04       27.574878    10 58 12.7404     +7 55 52.689     
2016 04       27.575228    10 58 12.7384     +7 55 52.750     
2016 04       27.575579    10 58 12.7332     +7 55 52.769     
2016 04       27.575930    10 58 12.7284     +7 55 52.772     
2016 04       27.576280    10 58 12.7250     +7 55 52.873     
2016 04       27.576861    10 58 12.7151     +7 55 52.860     
2016 04       27.577907    10 58 12.7053     +7 55 52.993     
2016 04       27.578950    10 58 12.6947     +7 55 53.132     
2016 04       27.579994    10 58 12.6812     +7 55 53.207     
2016 04       27.581038    10 58 12.6689     +7 55 53.331     
2016 04       27.582081    10 58 12.6558     +7 55 53.388     
2016 04       27.583125    10 58 12.6426     +7 55 53.527     
2016 04       27.584168    10 58 12.6320     +7 55 53.629     
2016 04       27.585213    10 58 12.6187     +7 55 53.767     
2016 04       27.586259    10 58 12.6043     +7 55 53.871     
2016 04       27.587302    10 58 12.5940     +7 55 53.973     
2016 04       27.588346    10 58 12.5809     +7 55 54.094     
2016 04       27.589390    10 58 12.5698     +7 55 54.159     
2016 04       27.590433    10 58 12.5561     +7 55 54.308     
2016 04       27.591477    10 58 12.5475     +7 55 54.441     
2016 04       27.592520    10 58 12.5327     +7 55 54.551     
2016 04       27.593564    10 58 12.5204     +7 55 54.612     
2016 04       27.594608    10 58 12.5079     +7 55 54.727     
2016 04       27.595652    10 58 12.4962     +7 55 54.821     
2016 04       27.596696    10 58 12.4818     +7 55 54.934     
2016 04       27.597739    10 58 12.4708     +7 55 55.024     
2016 04       27.598783    10 58 12.4570     +7 55 55.115     
2016 04       27.599827    10 58 12.4461     +7 55 55.284     
2016 04       27.600872    10 58 12.4358     +7 55 55.398     
2016 04       27.601917    10 58 12.4217     +7 55 55.456     
2016 04       27.604004    10 58 12.3964     +7 55 55.712     
2016 04       27.605048    10 58 12.3843     +7 55 55.807     
2016 04       27.606094    10 58 12.3719     +7 55 55.897     
2016 04       27.607138    10 58 12.3610     +7 55 55.996     
2016 04       27.608181    10 58 12.3486     +7 55 56.134     
2016 04       27.609225    10 58 12.3348     +7 55 56.224     
2016 04       27.610269    10 58 12.3237     +7 55 56.349     
2016 04       27.611315    10 58 12.3104     +7 55 56.423     
2016 04       27.612358    10 58 12.2991     +7 55 56.511     
2016 04       27.613402    10 58 12.2866     +7 55 56.664     
2016 04       27.614446    10 58 12.2739     +7 55 56.787     
2016 04       27.615490    10 58 12.2611     +7 55 56.868     
2016 04       27.616534    10 58 12.2491     +7 55 57.003     
2016 04       27.617578    10 58 12.2349     +7 55 57.090     
2016 04       27.618621    10 58 12.2243     +7 55 57.184     
2016 04       28.525410    10 58  2.5596     +7 57 28.410     
2016 04       28.526456    10 58  2.5482     +7 57 28.545     
2016 04       28.527501    10 58  2.5358     +7 57 28.694     
2016 04       28.528545    10 58  2.5240     +7 57 28.752     
2016 04       28.529590    10 58  2.5115     +7 57 28.866     
2016 04       28.530637    10 58  2.4990     +7 57 28.964     
2016 04       28.531682    10 58  2.4889     +7 57 29.046     
2016 04       28.532725    10 58  2.4786     +7 57 29.187     
2016 04       28.533769    10 58  2.4678     +7 57 29.312     
2016 04       28.535856    10 58  2.4429     +7 57 29.454     
2016 04       28.536900    10 58  2.4310     +7 57 29.598     
2016 04       28.537943    10 58  2.4202     +7 57 29.684     
2016 04       28.538987    10 58  2.4078     +7 57 29.793     
2016 04       28.540031    10 58  2.3962     +7 57 29.852     
2016 04       28.541075    10 58  2.3848     +7 57 29.977     
2016 04       28.542119    10 58  2.3746     +7 57 30.046     
2016 04       28.545164    10 58  2.3408     +7 57 30.407     
2016 04       28.546207    10 58  2.3284     +7 57 30.510     
2016 04       28.547251    10 58  2.3180     +7 57 30.573     
2016 04       28.548295    10 58  2.3058     +7 57 30.709     
2016 04       28.549338    10 58  2.2947     +7 57 30.825     
2016 04       28.550382    10 58  2.2841     +7 57 30.901     
2016 04       28.551428    10 58  2.2715     +7 57 31.030     
2016 04       28.556649    10 58  2.2142     +7 57 31.540     
2016 04       28.557693    10 58  2.2029     +7 57 31.637     
2016 04       28.558736    10 58  2.1913     +7 57 31.729     
2016 04       28.559781    10 58  2.1798     +7 57 31.845     
2016 04       28.560827    10 58  2.1686     +7 57 31.927     
2016 04       28.561870    10 58  2.1552     +7 57 32.030     
2016 04       28.562914    10 58  2.1458     +7 57 32.154     
2016 04       28.566046    10 58  2.1116     +7 57 32.486     
2016 04       28.567092    10 58  2.0993     +7 57 32.581     
2016 04       28.568135    10 58  2.0882     +7 57 32.652     
2016 04       28.571266    10 58  2.0515     +7 57 32.980     
2016 04       28.572310    10 58  2.0417     +7 57 33.071     
2016 04       28.573354    10 58  2.0286     +7 57 33.177     
2016 04       28.574397    10 58  2.0186     +7 57 33.290     
2016 04       28.575441    10 58  2.0063     +7 57 33.369     
2016 04       28.576485    10 58  1.9961     +7 57 33.474     
2016 04       28.577528    10 58  1.9818     +7 57 33.564     
2016 04       28.578572    10 58  1.9716     +7 57 33.698     
2016 04       28.579616    10 58  1.9614     +7 57 33.785     
2016 04       28.580659    10 58  1.9489     +7 57 33.908     
2016 04       28.581703    10 58  1.9371     +7 57 33.992     
2016 04       28.582746    10 58  1.9261     +7 57 34.074     
2016 04       29.529583    10 57 52.5656     +7 59  4.792     
2016 04       29.530627    10 57 52.5583     +7 59  4.855     
2016 04       29.531671    10 57 52.5472     +7 59  4.949     
2016 04       29.532714    10 57 52.5339     +7 59  5.047     
2016 04       29.533759    10 57 52.5260     +7 59  5.163     
2016 04       29.534804    10 57 52.5129     +7 59  5.266     
2016 04       29.535848    10 57 52.5061     +7 59  5.379     
2016 04       29.536892    10 57 52.4918     +7 59  5.476     
2016 04       29.537935    10 57 52.4816     +7 59  5.531     
2016 04       29.540023    10 57 52.4618     +7 59  5.764     
2016 04       29.541066    10 57 52.4501     +7 59  5.826     
2016 04       29.542110    10 57 52.4381     +7 59  5.941     
2016 04       29.543154    10 57 52.4281     +7 59  6.032     
2016 04       29.544200    10 57 52.4173     +7 59  6.138     
2016 04       29.545244    10 57 52.4073     +7 59  6.224     
2016 04       29.546288    10 57 52.3970     +7 59  6.312  
2016 04       29.547331    10 57 52.3850     +7 59  6.471  
2016 04       29.548375    10 57 52.3749     +7 59  6.543  
2016 04       29.549419    10 57 52.3638     +7 59  6.649  
2016 04       29.550462    10 57 52.3542     +7 59  6.734  
2016 04       29.551506    10 57 52.3420     +7 59  6.788  
2016 04       29.552550    10 57 52.3327     +7 59  6.937  
2016 04       29.554637    10 57 52.3108     +7 59  7.117  
2016 04       29.555680    10 57 52.3010     +7 59  7.250  
2016 04       29.556724    10 57 52.2898     +7 59  7.345  
2016 04       29.557768    10 57 52.2796     +7 59  7.410  
2016 04       29.558812    10 57 52.2686     +7 59  7.523  
2016 04       29.559855    10 57 52.2564     +7 59  7.572  
2016 04       29.560899    10 57 52.2468     +7 59  7.705  
2016 04       29.562986    10 57 52.2257     +7 59  7.898  
2016 04       29.564030    10 57 52.2145     +7 59  7.989  
2016 04       29.565074    10 57 52.2047     +7 59  8.085  
2016 04       29.566117    10 57 52.1936     +7 59  8.144  
2016 04       29.567161    10 57 52.1809     +7 59  8.299  
2016 04       29.568205    10 57 52.1720     +7 59  8.385  
2016 04       29.569249    10 57 52.1611     +7 59  8.469  
2016 04       29.570292    10 57 52.1504     +7 59  8.550  
2016 04       29.571336    10 57 52.1411     +7 59  8.691  
2016 04       29.572380    10 57 52.1297     +7 59  8.763  
2016 04       29.573423    10 57 52.1191     +7 59  8.871  
2016 04       29.574467    10 57 52.1070     +7 59  8.999  
2016 04       29.576554    10 57 52.0882     +7 59  9.149  
2016 04       29.577598    10 57 52.0798     +7 59  9.264  
2016 04       29.578641    10 57 52.0638     +7 59  9.370  
2016 04       29.579685    10 57 52.0584     +7 59  9.448  
2016 04       29.580729    10 57 52.0449     +7 59  9.573  
2016 04       29.581773    10 57 52.0342     +7 59  9.624  
2016 04       29.582816    10 57 52.0234     +7 59  9.752  
2016 04       29.583860    10 57 52.0129     +7 59  9.828  
2016 04       29.584904    10 57 52.0016     +7 59  9.913  
2016 04       29.585950    10 57 51.9924     +7 59 10.032  
2016 04       29.586994    10 57 51.9812     +7 59 10.152  
2016 04       29.588037    10 57 51.9698     +7 59 10.213  
2016 04       29.589081    10 57 51.9579     +7 59 10.330  
2016 04       29.590125    10 57 51.9500     +7 59 10.441  
2016 04       29.591169    10 57 51.9370     +7 59 10.460  
2016 04       29.592212    10 57 51.9268     +7 59 10.618  
2016 04       29.593258    10 57 51.9162     +7 59 10.720  
2016 04       29.594301    10 57 51.9068     +7 59 10.812  
2016 04       29.595348    10 57 51.8970     +7 59 10.875  
2016 04       29.596393    10 57 51.8854     +7 59 10.977  
2016 04       29.598482    10 57 51.8626     +7 59 11.226  
2017 04       28.602164    13  0 24.7821     -4 35  0.935  
2017 04       28.604132    13  0 24.7432     -4 35  0.781  
2017 04       28.612002    13  0 24.5686     -4 35  0.059  
2017 04       28.613981    13  0 24.5257     -4 34 59.951  
2017 04       28.615949    13  0 24.4860     -4 34 59.798  
2017 04       28.617905    13  0 24.4410     -4 34 59.609  
2017 04       28.623808    13  0 24.3135     -4 34 59.140  
2017 04       28.625775    13  0 24.2706     -4 34 58.995  
2017 04       29.527338    13  0  5.5652     -4 33 45.262  
2017 04       29.529421    13  0  5.5249     -4 33 45.101  
2017 04       29.531505    13  0  5.4801     -4 33 44.916  
2017 04       29.535671    13  0  5.3874     -4 33 44.574  
2017 04       29.539850    13  0  5.3022     -4 33 44.205  
2017 04       29.541921    13  0  5.2554     -4 33 44.121  
2017 04       29.544005    13  0  5.2146     -4 33 43.925  
2017 04       29.546100    13  0  5.1703     -4 33 43.765  
2017 04       29.548171    13  0  5.1255     -4 33 43.575  
2017 04       29.713877    13  0  1.5922     -4 33 30.323  
2017 04       29.716088    13  0  1.5467     -4 33 30.101  
2017 04       29.718287    13  0  1.4965     -4 33 29.933  
2017 04       29.720486    13  0  1.4524     -4 33 29.744  
2017 04       29.724884    13  0  1.3607     -4 33 29.393  
2017 04       29.727083    13  0  1.3106     -4 33 29.255  
2017 04       29.729282    13  0  1.2656     -4 33 29.023  
2017 04       29.731481    13  0  1.2210     -4 33 28.852  
2017 04       29.733681    13  0  1.1723     -4 33 28.696  
2017 04       29.735880    13  0  1.1273     -4 33 28.533  
2017 04       29.738079    13  0  1.0795     -4 33 28.335  
2017 04       29.740278    13  0  1.0329     -4 33 28.155  
2017 04       29.744676    13  0  0.9412     -4 33 27.838  
2017 04       29.746875    13  0  0.8909     -4 33 27.627  
2017 04       30.541944    12 59 44.7693     -4 32 24.922  
2017 04       30.546343    12 59 44.6793     -4 32 24.585  
2017 04       30.550741    12 59 44.5866     -4 32 24.154  
2017 04       30.557338    12 59 44.4522     -4 32 23.670  
2017 04       30.563935    12 59 44.3130     -4 32 23.158  
2017 04       30.566123    12 59 44.2683     -4 32 22.985  
2017 04       30.570521    12 59 44.1725     -4 32 22.657  
2017 04       30.572720    12 59 44.1311     -4 32 22.489  
2017 04       30.574931    12 59 44.0848     -4 32 22.341  
2017 04       30.577130    12 59 44.0370     -4 32 22.136  
2017 04       30.579317    12 59 43.9926     -4 32 22.002  
2017 04       30.581516    12 59 43.9459     -4 32 21.785  
2017 04       30.588113    12 59 43.8089     -4 32 21.284  
2017 04       30.590312    12 59 43.7578     -4 32 21.111  
2017 05        1.549074    12 59 24.4982     -4 31  7.824  
2017 05        1.553472    12 59 24.4044     -4 31  7.529  
2017 05        1.555671    12 59 24.3595     -4 31  7.304  
2017 05        1.557870    12 59 24.3172     -4 31  7.170  
2017 05        1.560081    12 59 24.2722     -4 31  6.986  
2017 05        1.562280    12 59 24.2232     -4 31  6.833  
2017 05        1.564479    12 59 24.1809     -4 31  6.690  
2017 05        1.568877    12 59 24.0901     -4 31  6.288  
2017 05        1.571076    12 59 24.0454     -4 31  6.160  
2017 05        1.573275    12 59 24.0004     -4 31  6.044  
2017 05        1.575475    12 59 23.9522     -4 31  5.879  
2017 05        1.579873    12 59 23.8623     -4 31  5.555  
2017 05        1.679734    12 59 21.8064     -4 30 58.018  
2017 05        1.681933    12 59 21.7567     -4 30 57.915  
2017 05        1.684132    12 59 21.7122     -4 30 57.680  
2017 05        1.688530    12 59 21.6217     -4 30 57.374  
2017 05        1.690729    12 59 21.5803     -4 30 57.246  
2017 05        1.695127    12 59 21.4859     -4 30 56.865  
2017 05        1.697326    12 59 21.4422     -4 30 56.752  
2017 05        1.699537    12 59 21.3958     -4 30 56.601  
2017 05        1.701736    12 59 21.3505     -4 30 56.394  
2017 05        1.703935    12 59 21.3053     -4 30 56.274  
2017 05        1.708333    12 59 21.2177     -4 30 55.918  
2017 05        2.532894    12 59  5.0627     -4 29 55.153  
2017 05        2.537303    12 59  4.9764     -4 29 54.882  
2017 05        2.539491    12 59  4.9313     -4 29 54.730  
2017 05        2.541690    12 59  4.8858     -4 29 54.582  
2017 05        2.543889    12 59  4.8430     -4 29 54.422  
2017 05        2.548299    12 59  4.7532     -4 29 54.074  
2017 05        2.550498    12 59  4.7105     -4 29 53.944  
2017 05        2.637338    12 59  2.9539     -4 29 47.618  
2017 05        2.639537    12 59  2.9072     -4 29 47.500  
2017 05        2.641736    12 59  2.8609     -4 29 47.352  
2017 05        2.643935    12 59  2.8195     -4 29 47.191  
2017 05        2.646134    12 59  2.7738     -4 29 46.980  
2017 05        2.648333    12 59  2.7283     -4 29 46.819  
2017 05        2.650532    12 59  2.6857     -4 29 46.734  
2017 05        2.652731    12 59  2.6392     -4 29 46.544  
2017 05        2.654931    12 59  2.5969     -4 29 46.437  
2017 05        2.657130    12 59  2.5512     -4 29 46.244  
2017 05        2.659329    12 59  2.5068     -4 29 46.040  
2017 05        2.661528    12 59  2.4644     -4 29 45.910  
2018 04       19.654433    15 16 21.4170     -17 18 43.236 
2018 04       19.707824    15 16 19.9049     -17 18 36.638 
2018 04       19.709271    15 16 19.8626     -17 18 36.427 
2018 04       19.710718    15 16 19.8241     -17 18 36.268 
2018 04       19.712164    15 16 19.7801     -17 18 36.140 
2018 04       19.713611    15 16 19.7377     -17 18 35.925 
2018 04       19.715058    15 16 19.6992     -17 18 35.738 
2018 04       19.717951    15 16 19.6131     -17 18 35.432 
2018 04       19.719433    15 16 19.5732     -17 18 35.213 
2018 04       19.722546    15 16 19.4839     -17 18 34.830 
2018 04       19.723993    15 16 19.4422     -17 18 34.611 
2018 04       19.728333    15 16 19.3211     -17 18 34.091 
2018 04       20.631296    15 15 54.1231     -17 16 39.608 
2018 04       20.632743    15 15 54.0790     -17 16 39.417 
2018 04       20.639988    15 15 53.8729     -17 16 38.482 
2018 04       20.645775    15 15 53.7040     -17 16 37.749 
2018 04       20.647222    15 15 53.6634     -17 16 37.621 
2018 04       20.648669    15 15 53.6240     -17 16 37.431 
2018 04       20.650116    15 15 53.5812     -17 16 37.187 
2018 04       20.709780    15 15 51.8601     -17 16 29.641 
2018 04       20.712674    15 15 51.7752     -17 16 29.311 
2018 04       20.714120    15 15 51.7320     -17 16 29.111 
2018 04       20.718472    15 15 51.6076     -17 16 28.558 
2018 04       20.719919    15 15 51.5644     -17 16 28.372 
2018 04       20.721366    15 15 51.5231     -17 16 28.212 
