6  1906 09 25 13 43 00  06 40 50.67  +22 26 27.1
6  1906 09 25 14 28 50  06 40 51.64  +22 26 26.7
6  1906 09 26 14 16 01  06 41 21.80  +22 26 11.0
6  1906 10 13 14 02 11  06 48 12.20  +22 24 27.8
6  1906 10 16 13 44 50  06 49 01.42  +22 24 51.5
6  1906 10 16 14 35 51  06 49 01.74  +22 24 51.4
6  1906 10 19 16 28 09  06 49 44.61  +22 25 29.7
6  1906 10 27 12 59 35  06 50 56.27  +22 28 21.2
6  1906 10 27 13 36 28  06 50 56.43  +22 28 21.8
6  1906 10 27 14 38 59  06 50 56.55  +22 28 22.7
6  1906 10 27 15 49 32  06 50 56.80  +22 28 23.7
6  1906 11 17 11 03 37  06 49 26.95  +22 44 52.0
6  1906 11 17 11 59 59  06 49 26.41  +22 44 54.6
6  1906 11 22 12 44 17  06 48 01.43  +22 50 38.7
6  1906 11 22 13 17 17  06 48 01.06  +22 50 41.1
6  1906 12 06 09 20 42  06 42 05.93  +23 08 27.0
6  1906 12 06 09 54 21  06 42 05.24  +23 08 29.3
6  1906 12 06 11 03 46  06 42 03.67  +23 08 32.8
6  1906 12 10 11 15 35  06 39 50.13  +23 13 51.6
6  1906 12 10 11 47 22  06 39 49.42  +23 13 53.9
6  1906 12 10 12 45 49  06 39 48.00  +23 13 57.8
6  1906 12 12 11 32 38  06 38 38.65  +23 16 29.7
6  1906 12 12 12 27 24  06 38 37.23  +23 16 34.2
6  1906 12 12 12 57 09  06 38 36.51  +23 16 35.9
6  1906 12 12 13 13 32  06 38 36.07  +23 16 37.1
6  1906 12 14 10 17 02  06 37 26.83  +23 19 01.6
6  1906 12 14 10 50 10  06 37 25.91  +23 19 02.7
6  1906 12 21 11 06 37  06 32 48.63  +23 27 28.7
6  1906 12 21 11 31 13  06 32 47.90  +23 27 30.1
6  1907 01 17 07 20 27  06 13 55.84  +23 43 21.0
6  1907 01 17 08 36 17  06 13 53.84  +23 43 21.1
6  1907 01 17 12 04 12  06 13 48.21  +23 43 20.7
6  1907 01 17 12 56 35  06 13 46.83  +23 43 20.8
6  1907 01 22 08 18 23  06 10 50.15  +23 42 54.2
6  1907 01 22 08 55 06  06 10 49.20  +23 42 53.3
6  1907 01 22 09 33 19  06 10 48.27  +23 42 52.7
6  1907 02 01 10 40 41  06 05 41.25  +23 39 34.8
6  1907 02 01 11 00 38  06 05 40.93  +23 39 33.8
6  1907 02 02 10 06 30  06 05 16.49  +23 39 08.9
6  1907 02 07 07 41 50  06 03 27.27  +23 36 37.8
6  1907 02 07 08 55 56  06 03 26.24  +23 36 35.3
6  1907 02 07 09 44 06  06 03 25.51  +23 36 35.3
6  1907 02 07 09 51 34  06 03 25.44  +23 36 34.1
6  1907 02 08 10 15 13  06 03 05.93  +23 35 59.8
6  1907 02 08 11 37 27  06 03 04.91  +23 35 59.9
6  1907 02 11 09 10 01  06 02 15.83  +23 34 21.2
6  1907 02 15 10 06 39  06 01 22.42  +23 32 01.5
6  1907 03 04 08 06 52  06 00 48.85  +23 22 36.9
6  1907 03 04 09 36 14  06 00 49.18  +23 22 34.9
6  1907 03 10 09 55 30  06 01 47.41  +23 19 40.4
6  1907 03 11 08 33 01  06 01 59.65  +23 19 12.3
6  1907 03 11 10 22 00  06 02 00.65  +23 19 12.3
6  1907 03 18 08 57 03  06 03 56.16  +23 16 17.3
6  1907 04 06 08 19 43  06 12 29.45  +23 09 33.1
7  1906 11 17 11 59 59  06 47 55.04  +22 53 59.6
7  1906 11 22 12 44 17  06 46 03.76  +22 59 36.9
7  1906 11 22 13 17 17  06 46 03.10  +22 59 39.5
7  1906 12 12 11 32 38  06 35 29.16  +23 24 20.5
7  1906 12 12 12 27 24  06 35 27.74  +23 24 23.6
7  1907 01 17 08 36 17  06 11 58.25  +23 55 42.2
7  1907 01 17 12 04 12  06 11 53.11  +23 55 47.5
7  1907 01 17 12 56 35  06 11 51.80  +23 55 47.1
7  1907 02 07 07 41 50  06 02 43.65  +24 00 18.3
7  1907 02 07 08 55 56  06 02 42.64  +24 00 20.8
7  1907 02 08 10 15 13  06 02 24.85  +24 00 18.7
7  1907 02 11 09 10 01  06 01 40.81  +24 00 17.2
