 6   2447808.86292   6 44 50.78   23 13 58.6    0.6    0.5
 6   2447821.00686   6 47 57.77   23 14 51.4    0.5    0.6
 6   2447834.80872   6 48 46.47   23 16 36.0    0.5    0.5
 6   2447867.75720   6 38 36.10   23 22 55.7    0.4    0.4
 6   2447867.84532   6 38 32.99   23 22 56.7    0.4    0.4
 6   2447894.67955   6 21 25.43   23 21 51.3    0.6    0.6
 6   2447895.77061   6 20 41.00   23 21 35.4    0.6    0.6
 6   2447941.77293   5 59 10.80   23  4 45.3    0.5    0.5
 6   2447995.61398   6 14 36.13   23 20 31.9    0.5    0.6
 6   2447996.61713   6 15 15.73   23 21  0.6    0.5    0.6
 7   2447788.96838   6 31 46.84   22 29 50.4    0.4    0.5
 7   2447807.92464   6 40 16.99   22 27 49.5    0.4    0.5
 7   2447808.90259   6 40 36.71   22 27 52.5    0.5    0.5
 7   2447820.85804   6 43 40.42   22 30  1.6    0.6    0.5
 7   2447834.85123   6 44 51.87   22 36 40.2    0.5    0.6
 7   2447867.75720   6 37 13.33   23  8 23.4    0.4    0.4
 7   2447867.84532   6 37 10.93   23  8 31.7    0.4    0.4
 7   2447894.61127   6 22 37.92   23 36 29.0    0.5    0.5
 7   2447895.81968   6 21 53.48   23 37 23.4    0.5    0.6
 7   2447995.61398   6 12 57.54   23  5 56.4    0.5    0.6
 7   2447996.61713   6 13 34.01   23  5 36.5    0.5    0.6
 8   2447788.90918   6 32  0.28   22 45 21.5    0.5    0.5
 8   2447834.89488   6 45 12.90   22 56  0.8    0.4    0.5
 8   2447867.75720   6 36 45.96   23 23 44.4    0.4    0.4
 8   2447867.84532   6 36 43.40   23 23 49.7    0.4    0.4
 8   2447867.93770   6 36 40.88   23 23 55.3    0.5    0.6
 8   2447894.61127   6 22 41.91   23 47 18.2    0.5    0.5
 8   2447895.81968   6 22  2.25   23 48  8.1    0.5    0.6
 8   2447940.79683   6  5 30.96   23 57 16.9    0.5    0.5
 8   2447941.74027   6  5 24.75   23 57  4.2    0.5    0.5
 9   2447788.94273   6 40 21.28   23 28 43.0    0.5    0.5
 9   2447808.95218   6 47 35.41   23 20 45.4    0.5    0.5
 9   2447823.98935   6 49 36.18   23 17 38.9    0.5    0.5
 9   2447836.79862   6 48 47.06   23 17 38.0    0.5    0.6
 9   2447867.75720   6 37 32.84   23 25 10.8    0.4    0.4
 9   2447867.84532   6 37 29.73   23 25 12.7    0.4    0.4
 9   2447894.67955   6 21 11.56   23 31 12.9    0.6    0.6
 9   2447895.77061   6 20 30.88   23 31 21.0    0.6    0.6
 9   2447995.61398   6 13 16.89   23 14  9.9    0.5    0.6
 9   2447996.61713   6 13 50.02   23 13 51.5    0.5    0.6
10   2447790.91536   6 38 52.93   22 44 39.2    0.5    0.4
10   2447834.96227   6 45 40.21   22 20  4.5    0.4    0.5
10   2447895.69911   6 14 10.96   23  1 21.6    0.5    0.5
10   2447939.72384   5 59 20.08   23 40 53.2    0.7    0.5
10   2447940.73015   5 59 19.95   23 41 32.8    0.5    0.5
10   2447995.66993   6 19 21.99   23 45 26.4    0.5    0.5
10   2447996.68765   6 20  1.72   23 44 53.1    0.5    0.4
11   2447790.96922   6 37 53.71   22 55 16.3    0.4    0.7
11   2447808.99408   6 46  9.08   22 44 42.5    0.5    0.5
11   2447820.95900   6 49 16.88   22 39 32.3    0.5    0.5
11   2447835.99814   6 50 15.57   22 36 16.6    0.5    0.7
11   2447836.85648   6 50 12.87   22 36 13.7    0.5    0.5
11   2447895.61931   6 26 39.04   22 52 11.6    0.5    0.6
11   2447938.61456   6  9 51.29   23  1  5.7    0.5    0.5
11   2447939.75422   6  9 42.17   23  1 14.4    0.5    0.5
11   2447940.76187   6  9 35.17   23  1 21.8    0.5    0.5
12   2447789.93841   6 28 19.83   22 11 46.7    0.6    0.5
12   2447835.79477   6 36 31.55   22 19 33.1    0.4    0.5
12   2447894.92878   6 11 41.72   23 13 55.3    0.7    0.5
12   2447895.87090   6 11 11.71   23 14 52.7    0.5    0.6
12   2447939.63276   5 57 33.83   23 49  1.7    0.5    0.5
12   2447941.64216   5 57 33.45   23 50 13.3    0.5    0.5
12   2447995.66993   6 18 11.68   24  2 40.3    0.5    0.5
12   2447996.68765   6 18 53.78   24  2 22.7    0.5    0.4
13   2447823.89003   6 48  2.86   22 39  5.1    0.5    0.4
13   2447835.90564   6 47 29.35   22 48 11.3    0.5    0.6
13   2447867.93770   6 34 49.80   23 23 50.2    0.5    0.6
13   2447894.79282   6 16 49.98   23 48  9.1    0.6    0.5
13   2447939.63276   5 57 22.76   23 49 32.2    0.5    0.5
13   2447940.63451   5 57 17.19   23 49 10.3    0.5    0.5
13   2447941.64216   5 57 12.62   23 48 47.8    0.5    0.5
13   2447967.66142   6  1  2.41   23 36 30.1    0.5    0.5
