 6  2003 02 21.12787 08 54 15.00 +17  57 36.9   644
 6  2003 02 21.14919 08 54 14.25 +17  57 39.6   644
 6  2003 02 21.17050 08 54 13.49 +17  57 42.3   644
 6  2003 03 01.38061 08 49 40.93 +18  13 59.3   608
 6  2003 03 01.39145 08 49 40.58 +18  14 00.5   608
 6  2003 03 01.40212 08 49 40.25 +18  14 01.4   608
 6  2003 03 06.15112 08 47 20.26 +18  22 36.4   644
 6  2003 03 06.29652 08 47 16.09 +18  22 51.6   644
 6  2003 03 06.30697 08 47 15.79 +18  22 52.6   644
 6  2003 03 07.12884 08 46 53.34 +18  24 17.6   291
 6  2003 03 07.15324 08 46 52.68 +18  24 20.2   291
 6  2003 03 07.17774 08 46 52.01 +18  24 22.7   291
 7  2003 02 08.33583 08 55 21.20 +17  42 22.9   568
 7  2003 02 08.35573 08 55 20.56 +17  42 25.9   568
 7  2003 02 10.19498 08 54 38.05 +17  44 53.6   291
 7  2003 02 10.21940 08 54 37.21 +17  44 57.0   291
 7  2003 02 10.24370 08 54 36.38 +17  45 00.4   291
 7  2003 02 21.12560 08 48 49.50 +18  09 07.9   644
 7  2003 02 21.14690 08 48 48.86 +18  09 10.7   644
 7  2003 02 21.16813 08 48 48.20 +18  09 13.0   644
 7  2003 02 23.41533 08 47 44.11 +18  13 48.1   608
 7  2003 02 23.42615 08 47 43.79 +18  13 49.3   608
 7  2003 02 23.43676 08 47 43.49 +18  13 50.7   608
 7  2003 03 01.38061 08 45 09.61 +18  25 09.7   608
 7  2003 03 01.39145 08 45 09.30 +18  25 11.2   608
 7  2003 03 01.40212 08 45 09.06 +18  25 12.0   608
 7  2003 03 06.15112 08 43 23.95 +18  33 15.9   644
 7  2003 03 06.29652 08 43 20.89 +18  33 29.8   644
 7  2003 03 06.30697 08 43 20.67 +18  33 30.8   644
 7  2003 03 07.16488 08 43 03.64 +18  34 51.5   704
 7  2003 03 07.16536 08 43 03.78 +18  34 52.9   704
 7  2003 03 07.17801 08 43 03.35 +18  34 52.6   704
 7  2003 03 07.17836 08 43 03.50 +18  34 54.3   704
 7  2003 03 07.19120 08 43 03.08 +18  34 54.0   704
 7  2003 03 07.19151 08 43 03.21 +18  34 55.2   704
 7  2003 03 07.20449 08 43 02.79 +18  34 55.1   704
 7  2003 03 07.20454 08 43 02.95 +18  34 56.4   704
 7  2003 03 07.21752 08 43 02.67 +18  34 57.7   704
 7  2003 03 07.21771 08 43 02.50 +18  34 56.3   704
 7  2003 03 08.23646 08 42 43.07 +18  36 30.9   704
 7  2003 03 08.24968 08 42 42.79 +18  36 31.9   704
 7  2003 03 08.26292 08 42 42.53 +18  36 33.1   704
 7  2003 03 08.27588 08 42 42.27 +18  36 34.4   704
 7  2003 03 08.28912 08 42 42.01 +18  36 35.5   704
 8  2003 02 18.53008 08 46 16.75 +17  57 48.9   608
 8  2003 02 18.54057 08 46 16.46 +17  57 50.3   608
 8  2003 02 18.55092 08 46 16.15 +17  57 51.8   608
 8  2003 02 21.12324 08 45 05.90 +18  03 39.2   644
 8  2003 02 21.14448 08 45 05.22 +18  03 42.0   644
 8  2003 02 21.16149 08 45 04.73 +18  03 44.0   699
 8  2003 02 21.16578 08 45 04.63 +18  03 44.9   644
 8  2003 02 21.17648 08 45 04.31 +18  03 46.0   699
 8  2003 02 21.19144 08 45 03.89 +18  03 48.2   699
 8  2003 02 21.20643 08 45 03.51 +18  03 49.8   699
 8  2003 02 28.35113 08 42 04.64 +18  18 40.3   608
 8  2003 02 28.36147 08 42 04.40 +18  18 41.4   608
 8  2003 02 28.37254 08 42 04.12 +18  18 42.8   608
 8  2003 03 05.24117 08 40 19.27 +18  27 39.6   704
 8  2003 03 05.28200 08 40 18.43 +18  27 43.9   704
 8  2003 03 05.29536 08 40 18.11 +18  27 45.6   704
 8  2003 03 06.14989 08 40 01.47 +18  29 12.8   644
 8  2003 03 06.29537 08 39 58.56 +18  29 27.6   644
 8  2003 03 06.30581 08 39 58.36 +18  29 28.7   644
 8  2003 03 07.16488 08 39 42.19 +18  30 54.5   704
 8  2003 03 07.16536 08 39 42.17 +18  30 54.6   704
 8  2003 03 07.17801 08 39 41.91 +18  30 56.4   704
 8  2003 03 07.17836 08 39 41.85 +18  30 56.3   704
 8  2003 03 07.19120 08 39 41.66 +18  30 57.4   704
 8  2003 03 07.19151 08 39 41.60 +18  30 57.4   704
 8  2003 03 07.20449 08 39 41.39 +18  30 58.5   704
 8  2003 03 07.20454 08 39 41.37 +18  30 58.9   704
 8  2003 03 07.21752 08 39 41.09 +18  31 00.4   704
 8  2003 03 07.21771 08 39 41.11 +18  31 00.3   704
 8  2003 03 08.23646 08 39 22.51 +18  32 38.5   704
 8  2003 03 08.24968 08 39 22.25 +18  32 39.7   704
 8  2003 03 08.26292 08 39 22.00 +18  32 41.3   704
 8  2003 03 08.28912 08 39 21.48 +18  32 44.0   704
 9  2003 02 21.12560 08 50 56.12 +18  26 37.5   644
 9  2003 02 21.14690 08 50 55.60 +18  26 40.2   644
 9  2003 02 21.16149 08 50 55.25 +18  26 40.6   699
 9  2003 02 21.16813 08 50 55.09 +18  26 43.2   644
 9  2003 02 21.17648 08 50 54.81 +18  26 44.2   699
 9  2003 02 21.19144 08 50 54.45 +18  26 45.1   699
 9  2003 02 21.20643 08 50 54.18 +18  26 47.7   699
 9  2003 02 24.44985 08 55 51.81 +18  48 18.7   568
 9  2003 02 24.47407 08 55 51.26 +18  48 20.4   568
10  2003 02 10.20006 09 01 58.05 +17  51 35.4   291
10  2003 02 10.22448 09 01 57.39 +17  51 37.4   291
10  2003 02 10.24878 09 01 56.72 +17  51 39.6   291
10  2003 02 21.12787 08 57 04.29 +18  05 27.6   644
10  2003 02 21.14919 08 57 03.73 +18  05 29.0   644
10  2003 02 21.17050 08 57 03.18 +18  05 30.5   644
10  2003 03 06.15342 08 51 56.27 +18  18 36.5   644
10  2003 03 06.29884 08 51 53.14 +18  18 43.7   644
10  2003 03 06.30227 08 51 53.09 +18  18 43.9   644
10  2003 03 06.30934 08 51 52.89 +18  18 44.1   644
10  2003 03 06.31287 08 51 52.88 +18  18 44.4   644
10  2003 03 06.32329 08 51 52.63 +18  18 44.7   644
11  2003 03 06.15112 08 44 36.77 +19  14 56.9   644
11  2003 03 06.29652 08 44 33.99 +19  15 05.4   644
11  2003 03 06.30697 08 44 33.77 +19  15 06.0   644
12  2003 02 21.12207 08 47 20.52 +17  41 20.2   644
12  2003 02 21.12324 08 47 20.46 +17  41 19.8   644
12  2003 02 21.14321 08 47 19.89 +17  41 23.4   644
12  2003 02 21.14448 08 47 19.83 +17  41 23.1   644
12  2003 02 21.16149 08 47 19.32 +17  41 24.9   699
12  2003 02 21.16457 08 47 19.22 +17  41 26.5   644
12  2003 02 21.16578 08 47 19.18 +17  41 25.6   644
12  2003 02 21.17648 08 47 18.79 +17  41 26.0   699
12  2003 02 21.19144 08 47 18.40 +17  41 28.0   699
12  2003 02 21.20643 08 47 17.95 +17  41 30.5   699
12  2003 02 28.35113 08 43 59.53 +17  56 40.2   608
12  2003 02 28.36147 08 43 59.29 +17  56 41.6   608
12  2003 02 28.37254 08 43 58.97 +17  56 42.5   608
12  2003 03 06.14989 08 41 39.44 +18  07 32.4   644
12  2003 03 06.29537 08 41 36.14 +18  07 47.9   644
12  2003 03 06.30581 08 41 35.87 +18  07 48.6   644
13  2003 03 06.30112 08 49 23.01 +19  14 34.0   644
13  2003 03 06.31172 08 49 22.75 +19  14 34.9   644
13  2003 03 06.32216 08 49 22.41 +19  14 35.8   644