 6   2449432.95044  14 50 42.57  -15 15 39.6    0.2    0.2   2
 6   2449450.92254  14 44 32.91  -14 53  1.0    0.6    0.3   1
 6   2449463.77888  14 38  5.49  -14 23 38.1    0.1    0.1   2
 6   2449464.77354  14 37 32.52  -14 20 56.7    0.2    0.4   2
 6   2449810.91131  16 53 57.17  -21 15 20.6    0.4    0.3   2
 6   2449843.83143  16 45 53.10  -20 59 51.1    0.2    0.2   2
 6   2449843.83437  16 45 53.04  -20 59 51.0    0.1    0.2   2
 6   2449844.79944  16 45 29.96  -20 59 24.2    0.2    0.2   2
 6   2449844.83075  16 45 29.19  -20 59 23.4    0.2    0.3   2
 6   2449845.85091  16 45  4.34  -20 58 55.2    0.2    0.2   2
 6   2449868.79879  16 34 37.88  -20 49 39.5    0.1    0.1   2
 6   2449869.83057  16 34  8.52  -20 49 20.0    0.1    0.1   2
 6   2449924.70949  16 17 16.76  -20 55 44.4    0.2    0.4   2
 6   2449925.69818  16 17 14.25  -20 56 21.2    0.2    0.3   2
 6   2449955.66661  16 21  7.54  -21 20 42.7    0.2    0.2   2
 6   2449956.61821  16 21 24.34  -21 21 35.8    0.2    0.2   2
 6   2449957.61666  16 21 42.51  -21 22 30.7    0.2    0.2   2
 7   2449433.86472  14 44 58.12  -14 16 42.6    0.2    0.2   2
 7   2449433.88026  14 44 57.93  -14 16 41.1    0.1    0.2   2
 7   2449433.89452  14 44 57.75  -14 16 39.9    0.2    0.2   2
 7   2449433.97457  14 44 56.76  -14 16 32.4    0.1    0.1   2
 7   2449433.98923  14 44 56.58  -14 16 31.1    0.2    0.2   2
 7   2449434.00304  14 44 56.44  -14 16 30.1    0.2    0.2   2
 7   2449434.86654  14 44 46.23  -14 15  9.7    0.1    0.2   2
 7   2449434.88161  14 44 46.06  -14 15  8.3    0.2    0.1   2
 7   2449434.89602  14 44 45.87  -14 15  6.9    0.1    0.1   2
 7   2449451.92461  14 40 19.19  -13 46 33.0    0.6    0.4   1
 7   2449464.69831  14 35 58.28  -13 25 22.1    0.1    0.3   2
 7   2449464.91498  14 35 53.42  -13 25  1.9    0.1    0.2   2
 7   2449810.96484  17  0 35.77  -22 23  5.3    0.2    0.2   2
 7   2449810.97047  17  0 35.75  -22 23  5.4    0.2    0.3   2
 7   2449843.83953  16 51 26.78  -22 14 40.4    0.3    0.3   2
 7   2449843.84397  16 51 26.64  -22 14 40.1    0.3    0.4   2
 7   2449844.80558  16 50 58.09  -22 13 52.8    0.2    0.1   2
 7   2449845.85659  16 50 26.13  -22 12 58.7    0.3    0.3   2
 7   2449868.80330  16 36 53.96  -21 45  8.0    0.1    0.1   2
 7   2449869.82539  16 36 15.09  -21 43 35.5    0.1    0.1   2
 7   2449892.77448  16 22 35.70  -21  6 35.4    0.2    0.2   2
 7   2449893.71327  16 22  6.61  -21  5  5.9    0.3    0.3   2
 7   2449924.66070  16 12  0.92  -20 27 54.2    0.2    0.2   2
 7   2449925.64521  16 11 54.62  -20 27 15.7    0.2    0.2   2
 7   2449925.65944  16 11 54.56  -20 27 15.5    0.2    0.2   2
 7   2449955.64131  16 15 32.03  -20 28 14.2    0.2    0.2   2
 7   2449956.60649  16 15 51.76  -20 28 56.0    0.2    0.2   2
 7   2449957.60472  16 16 12.94  -20 29 41.8    0.1    0.2   2
 8   2449400.99473  14 51  8.82  -14 18 19.8    0.6    0.5   1
 8   2449433.86472  14 46 36.69  -13 54 35.0    0.2    0.2   2
 8   2449433.88026  14 46 36.44  -13 54 33.7    0.1    0.2   2
 8   2449433.97457  14 46 34.43  -13 54 25.7    0.1    0.1   2
 8   2449433.98923  14 46 34.14  -13 54 24.7    0.2    0.2   2
 8   2449434.00304  14 46 33.89  -13 54 23.4    0.2    0.2   2
 8   2449434.86654  14 46 16.16  -13 53 10.9    0.1    0.2   2
 8   2449434.88161  14 46 15.85  -13 53  9.7    0.2    0.2   2
 8   2449434.89602  14 46 15.53  -13 53  8.5    0.1    0.1   2
 8   2449451.92461  14 38 58.60  -13 25 15.3    0.6    0.4   1
 8   2449464.71800  14 32 13.73  -13  1 29.5    0.1    0.2   2
 8   2449464.90133  14 32  7.52  -13  1  9.2    0.3    0.3   2
 8   2449473.85972  14 27 10.49  -12 44 48.7    0.1    0.1   2
 8   2449473.87007  14 27 10.16  -12 44 47.6    3.8    0.1   2
 8   2449473.88044  14 27  9.79  -12 44 46.4    0.1    0.2   2
 8   2449473.89075  14 27  9.45  -12 44 45.3    0.1    0.2   2
 8   2449473.90101  14 27  9.12  -12 44 44.4    0.1    0.2   2
 8   2449473.91130  14 27  8.77  -12 44 43.1    0.1    0.2   2
 8   2449473.92164  14 27  8.41  -12 44 42.0    0.1    0.1   2
 8   2449474.78858  14 26 39.88  -12 43 10.6    0.1    0.1   2
 8   2449474.80110  14 26 39.46  -12 43  9.2    0.1    0.2   2
 8   2449474.81521  14 26 38.97  -12 43  7.8    0.1    0.1   2
 8   2449474.82738  14 26 38.57  -12 43  6.4    0.1    0.2   2
 8   2449474.83940  14 26 38.17  -12 43  5.2    0.2    0.3   2
 8   2449474.85130  14 26 37.77  -12 43  3.9    0.2    0.3   2
 8   2449843.85059  17  0 18.10  -22 40 18.3    0.1    0.2   2
 8   2449843.85615  17  0 17.96  -22 40 17.9    0.1    0.3   2
 8   2449844.81663  16 59 54.47  -22 39 29.4    0.2    0.1   2
 8   2449868.80880  16 47 59.98  -22 13 57.6    0.2    0.3   2
 8   2449869.82046  16 47 26.67  -22 12 42.7    0.2    0.2   2
 8   2449892.83132  16 35 17.78  -21 43 11.4    0.1    0.2   2
 8   2449893.77031  16 34 51.17  -21 42  1.5    0.1    0.2   2
 8   2449924.72969  16 24 55.59  -21 12 39.4    0.1    0.2   2
 8   2449925.71922  16 24 47.27  -21 12  6.7    0.1    0.1   2
 8   2449955.67788  16 26 20.81  -21  9 27.3    0.2    0.2   2
 8   2449956.63248  16 26 34.51  -21  9 47.5    0.1    0.2   2
 8   2449957.62865  16 26 49.46  -21 10  9.8    0.2    0.2   2
 8   2450014.55561  16 56 57.22  -21 57 49.0    0.4    0.4   2
 9   2449433.84042  14 40 10.32  -14 17 37.1    0.4    0.2   2
 9   2449433.91875  14 40  9.07  -14 17 32.7    0.1    0.1   2
 9   2449433.93359  14 40  8.86  -14 17 31.7    0.2    0.2   2
 9   2449433.94825  14 40  8.64  -14 17 30.9    0.1    0.2   2
 9   2449434.80829  14 39 55.65  -14 16 41.5    0.3    0.3   2
 9   2449434.82601  14 39 55.36  -14 16 40.6    0.2    0.2   2
 9   2449434.84734  14 39 55.00  -14 16 39.5    0.2    0.2   2
 9   2449452.90502  14 33 46.61  -13 52 31.9    0.5    0.5   1
 9   2449462.78263  14 29 29.43  -13 35 12.6    0.3    0.7   2
 9   2449464.73735  14 28 36.05  -13 31 34.2    0.1    0.2   2
 9   2449464.88366  14 28 31.95  -13 31 17.7    0.1    0.1   2
 9   2449473.71470  14 24 26.96  -13 14 36.5    0.2    0.2   2
 9   2449473.73078  14 24 26.48  -13 14 34.9    0.2    0.2   2
 9   2449474.86685  14 23 54.87  -13 12 25.9    0.2    0.2   2
 9   2449474.87868  14 23 54.55  -13 12 24.7    0.1    0.2   2
 9   2449474.89045  14 23 54.20  -13 12 23.3    0.2    0.2   2
 9   2449474.90234  14 23 53.85  -13 12 21.7    0.1    0.1   2
 9   2449475.91978  14 23 25.74  -13 10 26.9    0.1    0.2   2
 9   2449843.89126  16 43 34.84  -20 33 22.7    0.2    0.3   2
 9   2449843.94526  16 43 33.27  -20 33 18.9    0.2    0.3   2
 9   2449845.89690  16 42 37.31  -20 31 11.5    0.2    0.3   2
 9   2449868.81957  16 30  7.20  -20  3 58.5    0.1    0.3   2
 9   2449869.81241  16 29 32.92  -20  2 45.5    0.1    0.1   2
 9   2449892.76504  16 17 14.54  -19 37 28.3    0.1    0.2   2
 9   2449893.70413  16 16 48.39  -19 36 37.6    0.2    0.3   2
 9   2449924.64681  16  7 39.23  -19 23 46.7    0.2    0.2   2
 9   2449955.61524  16 10 31.82  -19 45  2.0    0.2    0.2   2
10   2449432.95044  14 51  1.58  -15 22 27.4    0.2    0.2   2
10   2449450.92254  14 44 37.85  -14 41 37.4    0.6    0.3   1
10   2449463.77888  14 38  3.82  -14  0 52.5    0.2    0.1   2
10   2449843.91796  16 45 25.73  -21 29 17.2    0.2    0.2   2
10   2449845.84139  16 44 39.95  -21 29 11.9    0.1    4.0   2
10   2449868.83502  16 34 23.60  -21 25 17.1    0.2    0.2   2
10   2449869.80324  16 33 56.68  -21 25  1.1    0.2    0.2   2
10   2449892.79853  16 24 14.14  -21 17 38.1    0.1    0.1   2
10   2449893.73711  16 23 54.25  -21 17 19.9    0.1    0.1   2
10   2449924.70949  16 17 36.94  -21 11 22.6    0.2    0.4   2
10   2449925.69818  16 17 35.01  -21 11 22.5    0.2    0.3   2
10   2449955.66661  16 21 47.12  -21 17 49.8    0.2    0.2   2
10   2449956.61821  16 22  4.63  -21 18 14.6    0.2    0.2   2
10   2449957.61666  16 22 23.47  -21 18 40.1    0.2    0.2   2
11   2449464.79705  14 30 22.58  -13 51  3.7    0.1    0.2   2
11   2449464.81605  14 30 21.88  -13 51  0.2    0.1    0.1   2
11   2449473.71470  14 25 40.98  -13 27 23.0    0.2    0.2   2
11   2449473.73078  14 25 40.45  -13 27 20.3    0.2    0.2   2
11   2449474.86685  14 25  4.44  -13 24 17.6    0.2    0.2   2
11   2449474.87868  14 25  4.05  -13 24 15.8    0.1    0.2   2
11   2449474.89045  14 25  3.66  -13 24 13.8    0.2    0.2   2
11   2449474.90234  14 25  3.28  -13 24 11.7    0.1    0.1   2
11   2449475.91978  14 24 31.23  -13 21 28.7    0.1    0.2   2
11   2449843.86538  16 57 41.89  -21 32 14.9    0.2    0.2   2
11   2449846.82926  16 56 24.08  -21 30 48.7    0.3    0.3   2
11   2449846.86803  16 56 22.93  -21 30 47.4    0.3    0.3   2
11   2449868.85064  16 44 54.84  -21 17  6.7    0.1    0.4   2
11   2449869.79361  16 44 22.96  -21 16 26.1    0.2    0.2   2
11   2449892.82349  16 31 53.68  -21  0  9.0    0.1    0.1   2
11   2449893.76242  16 31 26.37  -20 59 33.5    0.2    0.2   2
11   2449924.72123  16 21  8.58  -20 49 27.9    0.2    0.2   2
11   2449925.71050  16 20 59.65  -20 49 30.9    0.2    0.3   2
11   2449955.66661  16 22 13.75  -21  4 19.1    0.2    0.3   2
11   2449956.61821  16 22 26.87  -21  5 10.0    0.2    0.2   2
11   2449957.61666  16 22 41.29  -21  6  4.9    0.2    0.2   2
12   2449433.81190  14 38 45.38  -14 47 16.8    0.1    0.1   2
12   2449433.82627  14 38 45.08  -14 47 15.9    0.2    0.2   2
12   2449433.84042  14 38 44.81  -14 47 14.7    0.2    0.2   2
12   2449433.91875  14 38 43.39  -14 47 10.1    0.1    0.1   2
12   2449433.93359  14 38 43.15  -14 47  9.0    0.2    0.2   2
12   2449433.94825  14 38 42.87  -14 47  8.0    0.1    0.2   2
12   2449434.80829  14 38 27.63  -14 46 14.2    0.3    0.3   2
12   2449434.82601  14 38 27.29  -14 46 12.8    0.2    0.2   2
12   2449434.84734  14 38 26.85  -14 46 11.4    0.2    0.2   2
12   2449451.86417  14 32  0.30  -14 21 39.8    0.4    0.5   1
12   2449462.83707  14 26 49.65  -14  0 35.7    0.3    0.2   2
12   2449464.75393  14 25 52.77  -13 56 38.7    0.2    0.2   2
12   2449464.86888  14 25 49.27  -13 56 24.3    0.2    0.2   2
12   2449473.75248  14 21 22.48  -13 37 37.1    0.1    0.1   2
12   2449473.76281  14 21 22.12  -13 37 35.6    0.1    0.2   2
12   2449473.77292  14 21 21.83  -13 37 34.4    0.1    0.1   2
12   2449473.78306  14 21 21.52  -13 37 33.0    0.1    0.1   2
12   2449473.79333  14 21 21.22  -13 37 31.8    0.1    0.1   2
12   2449473.80395  14 21 20.87  -13 37 30.4    0.2    0.2   2
12   2449473.81446  14 21 20.57  -13 37 29.1    0.1    0.2   2
12   2449474.70461  14 20 53.95  -13 35 34.9    0.2    0.2   2
12   2449474.71626  14 20 53.59  -13 35 33.5    0.1    0.2   2
12   2449474.72770  14 20 53.26  -13 35 32.0    0.1    0.1   2
12   2449474.73928  14 20 52.89  -13 35 30.5    0.1    0.2   2
12   2449474.75124  14 20 52.53  -13 35 28.8    0.1    0.2   2
12   2449474.76292  14 20 52.17  -13 35 27.4    0.1    0.2   2
12   2449843.93154  16 51 51.69  -21  3  4.0    0.4    0.7   2
12   2449843.96849  16 51 50.54  -21  3  1.9    0.4    0.8   2
12   2449846.81512  16 50 22.83  -20 59 59.4    0.4    0.6   2
12   2449846.85483  16 50 21.59  -20 59 56.9    0.4    0.6   2
12   2449868.86493  16 37 15.50  -20 35 48.2    0.3    0.4   2
12   2449869.78235  16 36 40.72  -20 34 49.1    0.2    0.2   2
12   2449892.78521  16 22 54.06  -20 13 39.1    0.2    0.2   2
12   2449893.72339  16 22 24.31  -20 12 59.9    0.1    0.1   2
12   2449924.66070  16 11 23.72  -20  6 13.3    0.2    0.2   2
12   2449925.64521  16 11 14.54  -20  6 32.3    0.2    0.2   2
12   2449955.63051  16 12 54.66  -20 32 23.2    0.2    0.2   2
13   2449432.91111  14 46 35.58  -14 48  9.8    0.5    0.3   2
13   2449432.92868  14 46 35.19  -14 48  9.4    0.4    0.3   2
13   2449464.79705  14 32 20.12  -13 53 29.7    0.2    0.3   2
13   2449464.81605  14 32 19.62  -13 53 27.0    0.2    0.2   2
13   2449846.81512  16 52 34.76  -21 12 46.9    0.4    0.6   2
13   2449846.85483  16 52 33.82  -21 12 45.4    0.4    0.6   2
13   2449869.75360  16 40 41.60  -21  1  6.0    0.3    0.6   2
13   2449893.75038  16 26 35.25  -20 51  4.4    0.3    0.4   2
