6   2017 06 13  18 58 24.690   12 52 36.0817  -4 25  0.0025
6   2017 06 13  19 03 49.440   12 52 36.0890  -4 25  0.2108
6   2017 06 13  19 09 19.810   12 52 36.0977  -4 25  0.4639
6   2017 06 13  19 14 45.130   12 52 36.1060  -4 25  0.6872
6   2017 06 13  19 24 10.660   12 52 36.1200  -4 25  1.0557
6   2017 06 13  19 29 45.610   12 52 36.1285  -4 25  1.3364
8   2017 05 30  18 58 24.690   12 55 40.4103  -3 37 10.4042
8   2017 05 30  19 03 49.440   12 55 40.3798  -3 37 10.2688
8   2017 06 13  19 39 28.197   12 55 34.3351  -3 37 51.7589
8   2017 06 13  19 44 55.098   12 55 34.3491  -3 37 51.8592
8   2017 06 13  19 50 22.399   12 55 34.3673  -3 37 52.0460
8   2017 06 13  19 55 49.937   12 55 34.3853  -3 37 52.1684
8   2017 06 13  20 10 29.980   12 55 34.4232  -3 37 52.4540
8   2017 06 13  20 15 54.786   12 55 34.4357  -3 37 52.6380
8   2017 06 13  20 21 20.983   12 55 34.4497  -3 37 52.7766
8   2017 06 26  18 52 27.621   12 57 22.6806  -3 51  4.1259
8   2017 06 26  18 57 52.911   12 57 22.7254  -3 51  4.4846
8   2017 06 26  19 03 19.198   12 57 22.7741  -3 51  4.7999
8   2017 06 26  19 18 44.823   12 57 22.9046  -3 51  5.7348
8   2017 06 26  19 25 19.883   12 57 22.9584  -3 51  6.1400
8   2017 06 26  19 30 44.980   12 57 23.0021  -3 51  6.4721
8   2017 06 26  19 36 09.787   12 57 23.0524  -3 51  6.8439
8   2017 06 27  20 34 57.173   12 57 36.3863  -3 52 40.3766
8   2017 06 27  20 40 22.800   12 57 36.4342  -3 52 40.7268
8   2017 06 28  18 48 05.253   12 57 48.8373  -3 54  7.3167
8   2017 06 28  18 53 29.893   12 57 48.8850  -3 54  7.6011
8   2017 06 28  18 58 55.717   12 57 48.9325  -3 54  8.0356
8   2017 06 28  19 05 13.340   12 57 48.9967  -3 54  8.4098
8   2017 06 28  19 12 13.418   12 57 49.0597  -3 54  8.7915
8   2017 06 28  19 18 55.583   12 57 49.1287  -3 54  9.3232
8   2017 06 30  19 54 24.217   12 58 18.1558  -3 57 31.1003
8   2017 06 30  19 59 49.402   12 58 18.2076  -3 57 31.4198
8   2017 06 30  20 05 17.646   12 58 18.2746  -3 57 31.9625
