 6   2448248.77070   8 58 36.08   17 40 38.4    0.3    0.4
 6   2448280.75543   8 46 40.96   18 59 16.8    0.5    0.6
 6   2448280.76904   8 46 40.59   18 59 19.0    0.5    0.6
 6   2448282.00992   8 46  8.06   19  2 25.7    0.5    0.5
 6   2448282.01663   8 46  7.90   19  2 26.7    0.5    0.5
 6   2448291.88150   8 41 51.35   19 26  3.6    0.5    0.5
 6   2448291.89414   8 41 51.02   19 26  5.3    0.5    0.5
 6   2448291.90625   8 41 50.70   19 26  6.9    0.5    0.5
 6   2448293.87557   8 41  0.57   19 30 30.1    0.7    0.5
 6   2448336.76103   8 28 57.77   20 22 22.0    0.4    0.4
 6   2448364.74142   8 31  4.76   20  4 51.3    0.2    0.3
 6   2448365.60289   8 31 16.83   20  3 43.4    0.3    0.3
 6   2448365.60824   8 31 16.90   20  3 43.0    0.3    0.3
 6   2448602.98010  11  5 54.01    7 23 29.5    0.7    0.6
 6   2448603.00120  11  5 54.32    7 23 27.8    0.7    0.6
 6   2448621.95424  11  8 57.30    7  4 10.1    0.5    0.5
 6   2448669.84870  10 56 15.08    8  5 47.6    0.5    0.5
 6   2448706.74955  10 35 26.62    9 56 52.9    0.7    0.5
 6   2448707.58950  10 35  1.56    9 59 16.4    0.8    0.5
 6   2448749.64812  10 25 27.48   11  8  0.4    0.4    0.6
 6   2448783.69143  10 35 19.48   10 25 31.5    0.6    0.5
 6   2448784.62189  10 35 46.07   10 23 11.1    0.6    0.7
 6   2448810.62651  10 50 45.82    8 57  5.3    0.7    0.6
 7   2448248.77070   8 58 45.52   17 21 48.1    0.3    0.4
 7   2448280.79948   8 42 53.10   18 20 27.3    0.4    0.5
 7   2448281.99120   8 42 13.38   18 23  2.8    0.3    0.4
 7   2448291.83894   8 36 53.25   18 44 22.5    0.4    0.4
 7   2448293.83539   8 35 51.02   18 48 35.3    0.4    0.4
 7   2448621.85237  11  2 42.06    7 17  4.1    0.7    0.5
 7   2448706.73105  10 39  2.02   10 18 19.8    0.4    0.6
 7   2448707.62927  10 38 39.48   10 19 56.9    0.5    0.5
 7   2448784.64780  10 34 47.67    9 45 46.4    0.9    0.9
 8   2448248.81390   8 53 17.48   16 46 37.4    0.5    0.5
 8   2448281.76460   8 38 48.51   17 48 31.6    0.4    0.4
 8   2448292.71380   8 33  5.63   18 12 40.2    0.4    0.5
 8   2448293.91976   8 32 28.64   18 15 15.6    0.4    0.4
 8   2448337.59835   8 18 38.28   19 19 32.1    0.5    0.4
 8   2448364.72061   8 22  4.52   19 19  7.6    0.4    0.4
 8   2448365.70517   8 22 22.74   19 18 29.8    0.4    0.4
 8   2448602.93156  11 10  4.01    7  7  3.4    0.4    0.5
 8   2448622.85418  11 12  6.78    7  7 46.0    0.5    0.5
 8   2448667.88952  10 58 57.06    8 50 38.2    0.6    0.6
 8   2448705.79092  10 38 30.56   10 46 37.3    0.5    0.7
 8   2448706.84530  10 38  0.13   10 49  1.5    0.6    0.5
 8   2448707.67905  10 37 36.59   10 50 53.4    0.7    0.9
 9   2448281.71822   8 56  7.46   18 38 12.0    0.5    0.4
 9   2448292.84219   8 50 24.83   19  6 29.3    0.3    0.4
 9   2448364.65514   8 35  9.36   20 13 34.0    0.3    0.4
 9   2448622.94581  10 59 31.02    7 56 56.3    0.6    0.4
 9   2448665.83212  10 47  2.83    9  9 17.2    0.4    0.4
 9   2448705.81823  10 27 59.01   10 49 20.1    0.2    0.4
 9   2448706.62431  10 27 40.28   10 50 49.1    0.4    0.6
 9   2448706.87289  10 27 34.37   10 51 16.6    0.5    0.6
10   2448281.95676   8 51  1.31   18 34  1.6    0.3    0.3
10   2448291.72332   8 46 10.92   18 48  2.0    0.4    0.5
10   2448293.70906   8 45 10.94   18 50 49.2    0.4    0.5
10   2448362.73527   8 27 40.54   19 28 45.9    0.6    0.4
10   2448623.00507  11  7 50.50    6 22 48.9    0.6    0.5
10   2448705.67800  10 33 36.73   10 45 18.0    0.6    0.6
10   2448706.78116  10 33  9.63   10 48 35.6    0.5    0.6
11   2448281.68411   8 42 35.04   19 32  3.3    0.4    0.4
11   2448292.93517   8 36 52.21   19 55 32.8    0.8    0.5
11   2448364.60798   8 26 16.62   20 26 18.0    0.4    0.3
11   2448365.64987   8 26 35.73   20 24 58.4    0.5    0.5
11   2448622.88917  11 12 15.69    6  1 49.3    0.6    0.4
11   2448623.86263  11 12 13.89    6  2  4.4    0.6    0.4
11   2448667.84257  10 59 37.96    7 22 34.8    0.6    0.5
11   2448705.85825  10 40 18.99    9 18 48.6    0.6    0.7
11   2448706.81870  10 39 53.32    9 21 18.2    0.4    0.5
11   2448707.79074  10 39 27.76    9 23 47.0    0.4    0.5
12   2448281.76460   8 40 28.40   17 53 37.2    0.4    0.4
12   2448292.71380   8 34 15.88   18 16 47.2    0.4    0.5
12   2448293.91976   8 33 35.55   18 19 16.0    0.4    0.4
12   2448337.59835   8 17 26.43   19 20 56.4    0.5    0.4
12   2448362.64315   8 18 44.03   19 22 37.1    0.4    0.4
12   2448621.95424  11  9 53.65    7 12 44.9    0.5    0.5
12   2448664.90521  10 58 46.32    8 24  4.1    0.5    0.6
13   2448280.95496   8 50  5.99   18 11 35.6    0.5    0.3
13   2448291.72332   8 45 14.35   18 37 47.0    0.4    0.5
13   2448293.70906   8 44 18.82   18 42 47.4    0.4    0.5
13   2448336.76103   8 28 25.24   20  9 47.6    0.4    0.4
13   2448621.95424  11  8 19.20    7 19 35.2    0.5    0.5
13   2448623.96715  11  8 11.53    7 21 18.4    0.4    0.4
13   2448705.67800  10 32 58.29   10 31 38.0    0.6    0.6
