 6  1993 04 21.61042  12 30 05.47 -01  02  50.4 413
 6  2001 01 20.14638  03 54 56.26 +19  15  44.9 696
 6  2001 01 20.22017  03 54 55.66 +19  15  42.4 696
 6  2001 01 20.26207  03 54 55.33 +19  15  41.2 696
 6  2001 01 21.15473  03 54 49.24 +19  15  12.3 699
 6  2001 01 21.17807  03 54 49.10 +19  15  11.7 699
 6  2001 01 21.20156  03 54 48.93 +19  15  11.1 699
 6  2001 01 21.22501  03 54 48.76 +19  15  09.9 699
 7  1992 03 06.09722  10 47 24.48 +09  35  43.6 809
 8  2000 12 16.17685  04 02 01.94 +18  29  48.7 699
 8  2000 12 16.19874  04 02 01.20 +18  29  47.8 699
 8  2000 12 16.22075  04 02 00.44 +18  29  46.1 699
 8  2000 12 16.24273  04 01 59.80 +18  29  44.0 699
 8  2000 12 21.22598  03 59 25.47 +18  24  41.1 704
 8  2000 12 21.24118  03 59 24.98 +18  24  40.3 704
 8  2000 12 21.25641  03 59 24.51 +18  24  39.1 704
 8  2000 12 21.27160  03 59 24.06 +18  24  38.6 704
 8  2000 12 21.28679  03 59 23.57 +18  24  37.2 704
 8  2001 01 03.15450  03 53 59.04 +18  15  42.9 704
 8  2001 01 03.16954  03 53 58.71 +18  15  43.0 704
 8  2001 01 03.18465  03 53 58.38 +18  15  42.3 704
 8  2001 01 03.19968  03 53 58.06 +18  15  41.5 704
 8  2001 01 03.21472  03 53 57.71 +18  15  41.4 704
 8  2001 01 21.15864  03 50 03.09 +18  15  24.3 699
 8  2001 01 21.18196  03 50 02.96 +18  15  24.8 699
 8  2001 01 21.20549  03 50 02.81 +18  15  25.2 699
 8  2001 01 21.22890  03 50 02.67 +18  15  25.8 699
 9  2001 01 20.16594  03 50 46.61 +19  11  11.7 696
 9  2001 01 20.17061  03 50 46.59 +19  11  11.8 696
 9  2001 01 20.29703  03 50 46.00 +19  11  16.0 696
 9  2001 01 20.30109  03 50 46.05 +19  11  16.4 696
 9  2001 01 21.08750  03 50 43.33 +19  11  47.7 696
 9  2001 01 21.09321  03 50 43.30 +19  11  48.0 696
 9  2001 01 21.17254  03 50 43.00 +19  11  51.1 696
 9  2001 01 21.17706  03 50 42.98 +19  11  51.3 696
 9  2001 01 21.24224  03 50 42.73 +19  11  53.7 696
 9  2001 01 21.24640  03 50 42.74 +19  11  53.9 696
11  2000 12 16.17293  04 01 43.78 +20  16  57.7 699
11  2000 12 16.19483  04 01 43.11 +20  16  56.0 699
11  2000 12 16.21684  04 01 42.32 +20  16  53.8 699
11  2000 12 16.23879  04 01 41.63 +20  16  52.2 699
11  2001 01 03.15504  03 53 31.36 +19  55  07.1 704
11  2001 01 03.17008  03 53 31.02 +19  55  06.9 704
11  2001 01 03.18519  03 53 30.66 +19  55  05.9 704
11  2001 01 03.20022  03 53 30.35 +19  55  05.1 704
11  2001 01 03.21526  03 53 30.06 +19  55  04.7 704
12  2000 12 29.16568  04 11 50.37 +19  27  56.9 699
12  2000 12 29.18989  04 11 49.73 +19  27  55.2 699
12  2000 12 29.21408  04 11 49.13 +19  27  53.5 699
12  2000 12 29.23829  04 11 48.56 +19  27  52.1 699
12  2001 01 03.15652  04 10 04.40 +19  23  13.1 704
12  2001 01 03.17157  04 10 04.10 +19  23  13.7 704
12  2001 01 03.18667  04 10 03.74 +19  23  12.1 704
12  2001 01 03.20171  04 10 03.51 +19  23  11.8 704
12  2001 01 03.21674  04 10 03.19 +19  23  11.6 704
 6  2001 02 19.09603  03 58 19.54 +19  26  55.6 704
 6  2001 02 19.10988  03 58 19.83 +19  26  56.5 704
 6  2001 02 19.12375  03 58 20.13 +19  26  57.9 704
 6  2001 02 19.13761  03 58 20.42 +19  26  59.1 704
 6  2001 02 19.15149  03 58 20.72 +19  27  00.0 704
 8  2001 02 19.09535  03 53 23.69 +18  45  32.5 704
 8  2001 02 19.10921  03 53 23.95 +18  45  34.1 704
 8  2001 02 19.12308  03 53 24.23 +18  45  35.2 704
 8  2001 02 19.13694  03 53 24.44 +18  45  37.0 704
 8  2001 02 19.15082  03 53 24.78 +18  45  38.3 704
 8  2001 02 20.14122  03 53 43.65 +18  47  14.5 704
 8  2001 02 20.15511  03 53 43.95 +18  47  15.8 704
 8  2001 02 20.16900  03 53 44.22 +18  47  17.2 704
 8  2001 02 20.18290  03 53 44.43 +18  47  18.2 704
 8  2001 02 20.19679  03 53 44.80 +18  47  20.1 704
 8  2001 02 22.09691  03 54 23.20 +18  50  32.2 704
 8  2001 02 22.11072  03 54 23.51 +18  50  33.1 704
 8  2001 02 22.12454  03 54 23.80 +18  50  34.8 704
 8  2001 02 22.13836  03 54 24.19 +18  50  36.7 704
 8  2001 02 22.15220  03 54 24.46 +18  50  37.0 704
11  2001 02 19.09589  03 53 13.62 +19  56  58.0 704
11  2001 02 19.10974  03 53 13.95 +19  56  59.5 704
11  2001 02 19.12361  03 53 14.21 +19  56  59.7 704
11  2001 02 19.13748  03 53 14.49 +19  57  01.1 704
11  2001 02 19.15136  03 53 14.73 +19  57  02.0 704
11  2001 02 22.11126  03 54 16.51 +20  00  10.5 704
11  2001 02 22.12508  03 54 16.79 +20  00  11.2 704
11  2001 02 22.13890  03 54 17.14 +20  00  12.1 704
11  2001 02 22.15274  03 54 17.40 +20  00  13.6 704
 6  2001 03 15.11233  04 10 13.09 +20  11  32.4 699
 6  2001 03 15.12244  04 10 13.46 +20  11  33.8 699
 6  2001 03 15.13255  04 10 13.84 +20  11  35.2 699
 6  2001 03 15.14269  04 10 14.23 +20  11  36.7 699
 7  2001 03 15.11311  04 14 51.40 +20  38  46.1 699
 7  2001 03 15.12321  04 14 51.76 +20  38  47.1 699
 7  2001 03 15.13333  04 14 52.12 +20  38  48.5 699
 7  2001 03 15.14347  04 14 52.51 +20  38  49.9 699
 8  2001 03 15.11233  04 04 15.90 +19  32  24.9 699
 8  2001 03 15.12244  04 04 16.27 +19  32  26.1 699
 8  2001 03 15.13255  04 04 16.62 +19  32  27.4 699
 8  2001 03 15.14269  04 04 16.94 +19  32  28.8 699