06  2018 03 21.098241 15 25 05.89  -17 53 34.4   15.2  G  Z80 109227
06  2018 03 21.098484 15 25 05.84  -17 53 33.6   15.1  G  Z80 109227
06  2018 03 21.098727 15 25 05.85  -17 53 34.0   15.3  G  Z80 109227
06  2018 03 21.098970 15 25 05.90  -17 53 33.8   15.1  G  Z80 109227
06  2018 03 21.099456 15 25 05.87  -17 53 34.3   15.1  G  Z80 109227
06  2018 03 21.099687 15 25 05.89  -17 53 34.2   15.3  G  Z80 109227
06  2018 03 21.099931 15 25 05.94  -17 53 34.6   15.3  G  Z80 109227
06  2018 03 21.100660 15 25 05.87  -17 53 34.4   15.2  G  Z80 109227
06  2018 03 21.100891 15 25 05.89  -17 53 34.0   15.3  G  Z80 109227
06  2018 03 21.101134 15 25 05.92  -17 53 34.3   15.2  G  Z80 109228
06  2018 04 15.47569  15 18 12.10  -17 26 54.3   14.9  o  T08 109683
06  2018 04 15.48989  15 18 11.74  -17 26 52.5   15.2  o  T08 109683
06  2018 04 15.49080  15 18 11.68  -17 26 53.0   14.8  o  T08 109683
06  2018 04 15.49996  15 18 11.48  -17 26 52.2   15.2  o  T08 109683
06  2018 04 17.07925  15 17 30.80  -17 23 53.4   14.9  -  J43 109683
06  2018 04 17.08795  15 17 30.57  -17 23 52.4   14.9  -  J43 109683
06  2018 04 17.09668  15 17 30.33  -17 23 51.4   14.9  -  J43 109683
06  2018 04 17.10537  15 17 30.10  -17 23 50.4   14.9  -  J43 109683
06  2018 04 17.14935  15 17 28.91  -17 23 45.2   15.0  -  J43 109683
06  2018 04 17.15806  15 17 28.68  -17 23 44.1   15.0  -  J43 109683
06  2018 04 17.16677  15 17 28.44  -17 23 43.1   15.0  -  J43 109683
06  2018 04 17.17558  15 17 28.21  -17 23 42.0   15.1  -  J43 109683
06  2018 04 19.40710  15 16 28.14  -17 19 14.3   14.7  G  G96 109683
06  2018 04 19.41222  15 16 28.00  -17 19 13.7   14.7  G  G96 109683
06  2018 04 19.41735  15 16 27.85  -17 19 13.0   14.6  G  G96 109683
06  2018 04 19.42247  15 16 27.71  -17 19 12.3   14.6  G  G96 109683
06  2018 04 22.54299  15 14 59.12  -17 12 28.4   14.9  o  T05 109683
06  2018 04 22.55311  15 14 58.80  -17 12 27.2   14.9  o  T05 109683
06  2018 04 22.56378  15 14 58.49  -17 12 25.7   14.8  o  T05 109683
06  2018 04 26.50307  15 12 59.90  -17 03 11.1   14.7  o  T05 109683
06  2018 04 26.51314  15 12 59.59  -17 03 09.5   14.7  o  T05 109683
06  2018 04 26.52313  15 12 59.26  -17 03 08.1   14.8  o  T05 109683
06  2018 04 26.53321  15 12 58.96  -17 03 06.6   14.7  o  T05 109683
06  2018 05 04.96103  15 08 25.25  -16 40 47.7   15.3  R  Y00 110172
06  2018 05 04.97084  15 08 24.92  -16 40 46.0   15.2  R  Y00 110172
06  2018 05 04.98055  15 08 24.61  -16 40 44.5   15.3  R  Y00 110172
06  2018 05 08.50355  15 06 24.32  -16 30 36.3   14.6  o  T05 110172
06  2018 05 08.51415  15 06 23.94  -16 30 34.4   14.6  o  T05 110172
06  2018 05 08.52480  15 06 23.57  -16 30 32.4   14.5  o  T05 110172
06  2018 05 08.53596  15 06 23.17  -16 30 30.5   14.5  o  T05 110172
06  2018 05 08.66765  15 06 18.72  -16 30 07.3   14.8  R  D29 110172
06  2018 05 08.68798  15 06 18.00  -16 30 03.8   14.7  R  D29 110172
06  2018 05 08.70830  15 06 17.29  -16 30 00.2   14.7  R  D29 110172
06  2018 05 14.48645  15 02 56.64  -16 12 31.1   14.7  o  T08 110172
06  2018 05 14.49695  15 02 56.27  -16 12 29.2   14.7  o  T08 110172
06  2018 05 14.50796  15 02 55.87  -16 12 27.1   14.7  o  T08 110172
06  2018 05 14.51851  15 02 55.49  -16 12 25.1   14.7  o  T08 110172
06  2018 05 14.99091  15 02 39.13  -16 10 57.5   14.6  -  J43 110172
06  2018 05 14.99970  15 02 38.82  -16 10 55.9   14.6  -  J43 110172
06  2018 05 15.00846  15 02 38.50  -16 10 54.3   14.6  -  J43 110172
06  2018 05 15.01722  15 02 38.19  -16 10 52.6   14.7  -  J43 110172
06  2018 05 18.33647  15 00 42.84  -16 00 32.0   14.6  G  G96 110173
06  2018 05 18.34714  15 00 42.46  -16 00 29.8   14.4  G  G96 110173
06  2018 05 18.35268  15 00 42.26  -16 00 28.9   14.4  G  G96 110173
06  2018 05 18.35823  15 00 42.07  -16 00 27.8   14.4  G  G96 110173
06  2018 05 22.45769  14 58 21.50  -15 47 35.4   14.7  o  T08 110173
06  2018 05 22.46913  14 58 21.11  -15 47 33.1   14.7  o  T08 110173
06  2018 05 22.48113  14 58 20.69  -15 47 30.8   14.7  o  T08 110173
06  2018 05 22.49220  14 58 20.31  -15 47 28.9   14.7  o  T08 110173
06  2018 05 31.46948  14 53 27.99  -15 19 52.8   14.6  o  T05 110807
06  2018 05 31.47743  14 53 27.74  -15 19 51.4   14.7  o  T05 110807
06  2018 05 31.48534  14 53 27.49  -15 19 49.9   14.7  o  T05 110807
06  2018 05 31.49372  14 53 27.23  -15 19 48.5   14.5  o  T05 110807
06  2018 06 11.42363  14 48 20.34  -14 49 47.4   14.7  o  T08 110807
06  2018 06 11.43436  14 48 20.05  -14 49 45.8   14.7  o  T08 110807
06  2018 06 11.45587  14 48 19.51  -14 49 42.7   14.7  o  T08 110807
06  2018 06 13.46325  14 47 31.01  -14 44 53.5   14.9  o  T05 110807
06  2018 06 13.47388  14 47 30.76  -14 44 51.9   14.9  o  T05 110807
06  2018 06 13.48406  14 47 30.51  -14 44 50.7   14.9  o  T05 110807
06  2018 07 12.88189  14 41 41.36  -14 10 55.6   15.3  V  G40 110807
06  2018 07 12.99010  14 41 41.35  -14 10 56.2   15.1  V  G40 110807
06  2018 09 09.22266  15 02 28.15  -16 12 18.1   15.6  o  T05 110807
06  2018 09 09.22811  15 02 28.37  -16 12 19.3   15.7  o  T05 110807
06  2018 09 09.23638  15 02 28.68  -16 12 20.9   15.6  o  T05 110807
06  2018 09 16.21800  15 07 09.35  -16 36 26.6   15.7  o  T05 110807
06  2018 09 16.22274  15 07 09.54  -16 36 27.6   15.7  o  T05 110807
06  2018 09 16.22974  15 07 09.84  -16 36 29.1   15.7  o  T05 110807
06  2018 09 16.23985  15 07 10.27  -16 36 31.1   15.7  o  T05 110807
06  2018 09 18.21690  15 08 33.58  -16 43 30.3   15.7  o  T08 110807
06  2018 09 18.22072  15 08 33.74  -16 43 30.9   15.9  o  T08 110807
06  2018 09 18.22688  15 08 33.99  -16 43 32.3   15.7  o  T08 110807
06  2018 09 18.23583  15 08 34.38  -16 43 34.2   15.7  o  T08 110807
07  2018 04 06.03312  15 15 08.74  -16 31 05.7    -    -  Z80 109683
07  2018 04 06.03910  15 15 08.62  -16 31 06.0   17.0  G  Z80 109683
07  2018 04 06.04371  15 15 08.39  -16 31 04.9   16.9  G  Z80 109683
07  2018 04 17.18629  15 10 41.17  -16 06 38.3   16.8  -  J43 109683
07  2018 04 17.19505  15 10 40.93  -16 06 37.1   16.9  -  J43 109683
07  2018 04 17.20373  15 10 40.70  -16 06 35.9   16.9  -  J43 109683
07  2018 04 17.21254  15 10 40.47  -16 06 34.6   17.0  -  J43 109683
07  2018 04 19.40569  15 09 42.42  -16 01 30.9   16.6  G  G96 109683
07  2018 04 19.41081  15 09 42.27  -16 01 30.3   16.5  G  G96 109683
07  2018 04 19.42108  15 09 41.99  -16 01 28.8   16.5  G  G96 109683
07  2018 05 04.92675  15 02 26.13  -15 25 22.6   17.4  R  Y00 110172
07  2018 05 04.93983  15 02 25.76  -15 25 20.9   17.4  R  Y00 110172
07  2018 05 04.95119  15 02 25.42  -15 25 19.5   17.3  R  Y00 110172
07  2018 05 08.49202  15 00 44.32  -15 17 27.6   16.4  o  T05 110172
07  2018 05 08.50262  15 00 44.01  -15 17 26.2   16.4  o  T05 110172
07  2018 05 08.51277  15 00 43.71  -15 17 24.8   16.4  o  T05 110172
07  2018 05 08.52389  15 00 43.39  -15 17 23.4   16.3  o  T05 110172
07  2018 05 08.66765  15 00 39.40  -15 17 04.6   16.6  R  D29 110172
07  2018 05 08.66853  15 00 39.36  -15 17 04.6   16.5  R  D29 110172
07  2018 05 08.68798  15 00 38.81  -15 17 02.0   16.6  R  D29 110172
07  2018 05 08.68886  15 00 38.77  -15 17 02.0   16.5  R  D29 110172
07  2018 05 08.70830  15 00 38.22  -15 16 59.3   16.6  R  D29 110172
07  2018 05 08.70919  15 00 38.18  -15 16 59.2   16.5  R  D29 110172
07  2018 05 14.48645  14 57 57.04  -15 04 47.6   16.4  o  T08 110172
07  2018 05 14.49695  14 57 56.74  -15 04 46.5   16.5  o  T08 110172
07  2018 05 14.50796  14 57 56.44  -15 04 45.2   16.5  o  T08 110172
07  2018 05 14.51851  14 57 56.14  -15 04 44.0   16.4  o  T08 110172
07  2018 05 16.48060  14 57 03.02  -15 00 50.0   16.7  c  T05 110173
07  2018 05 16.49133  14 57 02.73  -15 00 48.4   16.6  c  T05 110173
07  2018 05 16.50209  14 57 02.45  -15 00 47.4   16.8  c  T05 110173
07  2018 05 16.51284  14 57 02.14  -15 00 46.0   16.8  c  T05 110173
07  2018 05 22.45769  14 54 28.23  -14 49 52.5   16.6  o  T08 110173
07  2018 05 22.46913  14 54 27.94  -14 49 51.7   16.6  o  T08 110173
07  2018 05 22.48113  14 54 27.65  -14 49 50.3   16.5  o  T08 110173
07  2018 05 22.49220  14 54 27.36  -14 49 49.1   16.5  o  T08 110173
07  2018 06 06.32294  14 49 07.906 -14 30 19.10  16.9  w  F51 110807
07  2018 06 06.33402  14 49 07.696 -14 30 18.49  17.0  w  F51 110807
07  2018 06 06.34509  14 49 07.499 -14 30 17.96  16.9  w  F51 110807
07  2018 06 06.35615  14 49 07.283 -14 30 17.33  17.0  w  F51 110807
07  2018 09 09.22811  15 05 11.24  -16 54 37.5   17.4  o  T05 110807
07  2018 09 09.23162  15 05 11.36  -16 54 37.9   17.4  o  T05 110807
07  2018 09 09.23638  15 05 11.53  -16 54 38.8   17.6  o  T05 110807
07  2018 09 09.24069  15 05 11.68  -16 54 39.5   17.5  o  T05 110807
07  2018 09 09.25058  15 05 12.01  -16 54 40.9   17.6  o  T05 110808
07  2018 09 09.26085  15 05 12.34  -16 54 42.6   17.4  o  T05 110808
07  2018 09 16.21800  15 09 20.05  -17 13 15.3   17.4  o  T05 110808
07  2018 09 16.22274  15 09 20.21  -17 13 15.8   17.1  o  T05 110808
07  2018 09 16.22974  15 09 20.49  -17 13 17.4   17.3  o  T05 110808
07  2018 09 16.23985  15 09 20.84  -17 13 18.7   17.3  o  T05 110808
08  2018 02 12.16542  15 28 52.01  -16 38 52.2   17.9  R  G36 109228
08  2018 02 12.21338  15 28 52.84  -16 38 54.5   18.0  R  G36 109228
08  2018 02 12.24725  15 28 53.45  -16 38 56.3   18.0  R  G36 109228
08  2018 02 13.20065  15 29 10.46  -16 39 42.0   17.9  R  G36 109228
08  2018 02 13.22378  15 29 10.85  -16 39 43.3   17.9  R  G36 109228
08  2018 02 13.23730  15 29 11.07  -16 39 43.9   17.9  R  G36 109228
08  2018 02 14.15184  15 29 26.80  -16 40 25.6   17.8  R  G36 109228
08  2018 02 14.22829  15 29 28.05  -16 40 29.1   17.8  R  G36 109228
08  2018 02 14.25400  15 29 28.46  -16 40 30.1   17.8  R  G36 109228
08  2018 02 15.16867  15 29 43.55  -16 41 09.4   17.7  R  G36 109228
08  2018 02 15.20115  15 29 44.07  -16 41 11.0   17.8  R  G36 109228
08  2018 02 15.24559  15 29 44.75  -16 41 12.7   17.8  R  G36 109228
08  2018 02 16.23008  15 30 00.22  -16 41 52.4   17.7  R  G36 109228
08  2018 02 16.24355  15 30 00.43  -16 41 52.9   17.7  R  G36 109228
08  2018 02 17.18528  15 30 14.59  -16 42 28.5   17.7  R  G36 109228
08  2018 02 17.22623  15 30 15.18  -16 42 30.0   17.6  R  G36 109228
08  2018 02 17.25207  15 30 15.54  -16 42 30.9   17.7  R  G36 109228
08  2018 03 05.22249  15 32 35.11  -16 46 38.5   18.5  V  W88 109228
08  2018 03 05.28502  15 32 35.25  -16 46 38.5   18.2  V  W88 109228
08  2018 03 05.32346  15 32 35.35  -16 46 38.2   18.1  V  W88 109228
08  2018 03 11.19034  15 32 37.22  -16 45 26.8   17.7  R  G36 109228
08  2018 03 11.21034  15 32 37.17  -16 45 26.5   17.6  R  G36 109228
08  2018 03 11.23037  15 32 37.12  -16 45 26.0   17.6  R  G36 109228
08  2018 03 14.11846  15 32 28.16  -16 44 17.7   17.4  R  G36 109228
08  2018 03 14.17059  15 32 27.91  -16 44 16.3   17.4  R  G36 109228
08  2018 03 22.11592  15 31 29.24  -16 39 21.2   17.4  R  G36 109228
08  2018 03 22.15307  15 31 28.82  -16 39 19.5   17.4  R  G36 109228
08  2018 03 22.21840  15 31 28.10  -16 39 16.4   17.4  R  G36 109228
08  2018 04 15.74568  15 23 41.50  -16 09 28.7   17.4  R  D29 109683
08  2018 04 15.75982  15 23 41.11  -16 09 27.3   17.3  R  D29 109683
08  2018 04 15.77396  15 23 40.72  -16 09 25.9   17.3  R  D29 109683
08  2018 04 17.11605  15 23 04.64  -16 07 16.5   17.3  -  J43 109683
08  2018 04 17.12476  15 23 04.39  -16 07 15.6   17.3  -  J43 109683
08  2018 04 17.13344  15 23 04.15  -16 07 14.8   17.3  -  J43 109683
08  2018 04 17.14214  15 23 03.91  -16 07 13.9   17.4  -  J43 109683
08  2018 04 19.42958  15 22 00.38  -16 03 27.4   17.3  G  G96 109683
08  2018 04 19.43472  15 22 00.23  -16 03 27.0   17.2  G  G96 109684
08  2018 04 19.43984  15 22 00.08  -16 03 26.5   17.2  G  G96 109684
08  2018 04 19.44496  15 21 59.93  -16 03 26.0   17.2  G  G96 109684
08  2018 05 04.98860  15 13 58.99  -15 35 32.1   17.7  R  Y00 110173
08  2018 05 04.99829  15 13 58.68  -15 35 31.1   17.7  R  Y00 110173
08  2018 05 05.00822  15 13 58.36  -15 35 29.9   17.7  R  Y00 110173
08  2018 05 08.50355  15 12 02.85  -15 29 00.7   16.9  o  T05 110173
08  2018 05 08.51415  15 12 02.49  -15 28 59.8   16.9  o  T05 110173
08  2018 05 08.52480  15 12 02.12  -15 28 58.4   16.9  o  T05 110173
08  2018 05 08.53596  15 12 01.75  -15 28 57.3   16.9  o  T05 110173
08  2018 05 08.66676  15 11 57.49  -15 28 42.9   17.2  R  D29 110173
08  2018 05 08.66765  15 11 57.46  -15 28 42.9   17.1  R  D29 110173
08  2018 05 08.68709  15 11 56.79  -15 28 40.6   17.2  R  D29 110173
08  2018 05 08.68798  15 11 56.77  -15 28 40.5   17.1  R  D29 110173
08  2018 05 08.70742  15 11 56.11  -15 28 38.3   17.2  R  D29 110173
08  2018 05 08.70830  15 11 56.08  -15 28 38.2   17.1  R  D29 110173
08  2018 05 14.49790  15 08 43.50  -15 17 54.5   17.1  o  T08 110173
08  2018 05 14.50842  15 08 43.14  -15 17 53.5   17.1  o  T08 110173
08  2018 05 14.51942  15 08 42.77  -15 17 52.7   17.2  o  T08 110173
08  2018 05 19.42619  15 06 01.185 -15 09 02.19  17.3  w  F51 110173
08  2018 05 19.43808  15 06 00.789 -15 09 00.94  17.3  w  F51 110173
08  2018 05 19.45000  15 06 00.394 -15 08 59.65  17.3  w  F51 110173
08  2018 05 19.46190  15 05 59.994 -15 08 58.46  17.3  w  F51 110173
08  2018 05 31.46948  14 59 46.39  -14 49 25.3   17.0  o  T05 110808
08  2018 05 31.47743  14 59 46.16  -14 49 24.5   17.1  o  T05 110808
08  2018 05 31.48534  14 59 45.92  -14 49 23.8   17.1  o  T05 110808
08  2018 05 31.49372  14 59 45.67  -14 49 22.7   17.1  o  T05 110808
08  2018 06 02.43210  14 58 49.87  -14 46 36.7   17.2  o  T08 110808
08  2018 06 02.44096  14 58 49.62  -14 46 35.4   17.3  o  T08 110808
08  2018 06 02.44994  14 58 49.35  -14 46 34.6   17.1  o  T08 110808
08  2018 06 02.45850  14 58 49.11  -14 46 34.3   17.3  o  T08 110808
09  2018 03 14.08849  15 19 37.55  -16 57 57.4   18.8  R  G36 109228
09  2018 03 14.14744  15 19 37.05  -16 57 56.0   18.6  R  G36 109228
09  2018 03 14.16671  15 19 36.88  -16 57 55.6   18.6  R  G36 109228
09  2018 03 22.07497  15 18 10.32  -16 53 30.8   18.8  R  G36 109228
09  2018 03 22.14914  15 18 09.24  -16 53 27.5   18.5  R  G36 109228
09  2018 03 22.21448  15 18 08.30  -16 53 24.6   18.7  R  G36 109228
09  2018 04 17.18629  15 08 34.43  -16 21 27.0   18.8  -  J43 109684
09  2018 04 17.19505  15 08 34.20  -16 21 25.3   19.1  -  J43 109684
09  2018 04 17.20373  15 08 33.90  -16 21 24.3   19.0  -  J43 109684
09  2018 04 17.21254  15 08 33.66  -16 21 23.8   18.6  -  J43 109684
09  2018 04 19.40569  15 07 29.22  -16 17 41.2   18.4  G  G96 109684
09  2018 04 19.41081  15 07 29.06  -16 17 40.8   18.5  G  G96 109684
09  2018 04 19.42108  15 07 28.75  -16 17 39.7   18.6  G  G96 109684
09  2018 05 08.49202  14 57 18.01  -15 41 52.1   18.3  o  T05 110173
09  2018 05 08.50262  14 57 17.64  -15 41 51.1   18.1  o  T05 110173
09  2018 05 08.51277  14 57 17.30  -15 41 49.9   18.1  o  T05 110173
09  2018 05 08.52389  14 57 16.92  -15 41 48.6   18.2  o  T05 110173
09  2018 05 08.66853  14 57 12.23  -15 41 31.7   18.1  R  D29 110173
09  2018 05 08.68886  14 57 11.55  -15 41 29.2   18.2  R  D29 110173
09  2018 05 08.70919  14 57 10.86  -15 41 26.9   18.2  R  D29 110173
09  2018 05 16.48060  14 52 56.83  -15 26 21.3   18.8  c  T05 110173
09  2018 05 16.49133  14 52 56.46  -15 26 20.3   18.6  c  T05 110173
09  2018 05 16.50209  14 52 56.09  -15 26 18.6   18.8  c  T05 110173
09  2018 05 16.51284  14 52 55.73  -15 26 17.4   18.8  c  T05 110173
09  2018 06 02.89818  14 44 24.07  -14 56 12.6   18.2  G  G40 110808
09  2018 06 03.04434  14 44 20.19  -14 55 59.8   18.6  G  G40 110808
09  2018 06 03.90554  14 43 58.22  -14 54 43.9   18.3  G  G40 110808
09  2018 06 03.91893  14 43 57.88  -14 54 43.0   18.5  G  G40 110808
09  2018 06 03.92583  14 43 57.70  -14 54 42.2   18.3  G  G40 110808
09  2018 06 03.93281  14 43 57.52  -14 54 41.6   18.4  G  G40 110808
09  2018 06 06.32294  14 42 58.304 -14 51 20.01  18.6  w  F51 110808
09  2018 06 06.33402  14 42 58.027 -14 51 19.15  18.7  w  F51 110808
09  2018 06 06.34509  14 42 57.751 -14 51 18.25  18.7  w  F51 110808
09  2018 06 06.35615  14 42 57.477 -14 51 17.35  18.8  w  F51 110808
10  2018 04 17.07925  15 17 58.24  -17 19 52.7   18.3  -  J43 109684
10  2018 04 17.08795  15 17 58.05  -17 19 51.8   18.4  -  J43 109684
10  2018 04 17.09668  15 17 57.84  -17 19 50.6   18.4  -  J43 109684
10  2018 04 17.10537  15 17 57.64  -17 19 49.8   18.4  -  J43 109684
10  2018 04 17.14935  15 17 56.61  -17 19 44.5   18.5  -  J43 109684
10  2018 04 17.15806  15 17 56.41  -17 19 43.6   18.5  -  J43 109684
10  2018 04 17.16677  15 17 56.19  -17 19 42.7   18.8  -  J43 109684
10  2018 04 17.17558  15 17 55.99  -17 19 41.4   18.8  -  J43 109684
10  2018 05 05.02589  15 09 59.15  -16 39 26.0   18.8  R  Y00 110173
10  2018 05 05.03568  15 09 58.85  -16 39 24.7   18.9  R  Y00 110173
10  2018 05 05.04539  15 09 58.53  -16 39 23.5   18.7  R  Y00 110173
10  2018 05 14.48645  15 05 08.42  -16 14 20.4   18.7  o  T08 110173
10  2018 05 14.49695  15 05 08.05  -16 14 16.7   18.6  o  T08 110173
10  2018 05 14.49790  15 05 08.03  -16 14 18.5   17.8  o  T08 110173
10  2018 05 14.50796  15 05 07.70  -16 14 17.2   18.6  o  T08 110173
10  2018 05 14.50842  15 05 07.67  -16 14 16.5   18.8  o  T08 110173
10  2018 05 14.51851  15 05 07.41  -16 14 14.8   18.3  o  T08 110173
10  2018 05 14.51942  15 05 07.34  -16 14 14.2   18.4  o  T08 110173
10  2018 05 14.52998  15 05 07.05  -16 14 12.6   18.0  o  T08 110173
10  2018 05 18.34096  15 03 07.74  -16 03 46.4    -    -  G96 110173
10  2018 05 18.34806  15 03 07.50  -16 03 44.8   18.2  G  G96 110174
10  2018 05 18.35360  15 03 07.29  -16 03 43.9   18.3  G  G96 110174
10  2018 05 18.35915  15 03 07.08  -16 03 42.5   18.3  G  G96 110174
11  2017 03 19.29559  13 22 45.35  -07 18 14.2   17.8  V  W88 110808
11  2017 03 19.31124  13 22 44.98  -07 18 11.8   17.9  V  W88 110808
11  2017 03 19.33207  13 22 44.51  -07 18 09.4   17.8  V  W88 110808
11  2018 04 17.18629  15 10 50.53  -16 34 33.6   17.9  -  J43 109684
11  2018 04 17.19505  15 10 50.29  -16 34 32.3   18.1  -  J43 109684
11  2018 04 17.20373  15 10 50.03  -16 34 31.8   17.8  -  J43 109684
11  2018 04 17.21254  15 10 49.78  -16 34 30.6   18.2  -  J43 109684
11  2018 04 19.40569  15 09 47.66  -16 29 43.2   17.9  G  G96 109684
11  2018 04 19.41081  15 09 47.51  -16 29 42.5   17.8  G  G96 109684
11  2018 04 19.42108  15 09 47.15  -16 29 41.1    -    -  G96 109684
11  2018 05 08.49202  14 59 54.10  -15 44 08.8   17.8  o  T05 110173
11  2018 05 08.50262  14 59 53.73  -15 44 07.2   17.7  o  T05 110173
11  2018 05 08.51277  14 59 53.41  -15 44 05.9   17.7  o  T05 110173
11  2018 05 08.52389  14 59 53.04  -15 44 04.2   17.7  o  T05 110173
11  2018 05 08.66853  14 59 48.44  -15 43 42.8   17.5  R  D29 110173
11  2018 05 08.68886  14 59 47.78  -15 43 39.9   17.7  R  D29 110173
11  2018 05 08.70919  14 59 47.10  -15 43 36.9   17.5  R  D29 110173
11  2018 05 10.49636  14 58 49.54  -15 39 11.3   17.6  o  T08 110173
11  2018 05 10.50696  14 58 49.19  -15 39 09.0   17.7  o  T08 110173
11  2018 05 10.51711  14 58 48.83  -15 39 08.1   17.9  o  T08 110173
11  2018 05 10.52773  14 58 48.44  -15 39 06.3   17.6  o  T08 110173
11  2018 05 22.45769  14 52 34.86  -15 10 14.5   17.5  o  T08 110174
11  2018 05 22.46913  14 52 34.48  -15 10 12.9   17.6  o  T08 110174
11  2018 05 22.48113  14 52 34.09  -15 10 11.1   17.5  o  T08 110174
11  2018 05 22.49220  14 52 33.80  -15 10 09.7   17.5  o  T08 110174
11  2018 05 31.46948  14 48 19.12  -14 50 23.7   17.7  o  T05 110808
11  2018 05 31.47743  14 48 18.93  -14 50 23.2   17.6  o  T05 110808
11  2018 05 31.48534  14 48 18.69  -14 50 22.0   17.7  o  T05 110808
11  2018 05 31.49372  14 48 18.49  -14 50 21.3   18.0  o  T05 110808
11  2018 06 02.43210  14 47 27.97  -14 46 26.0   17.9  o  T08 110808
11  2018 06 02.44096  14 47 27.68  -14 46 24.7   17.7  o  T08 110808
11  2018 06 02.44994  14 47 27.41  -14 46 22.6   18.0  o  T08 110808
11  2018 06 02.45850  14 47 27.18  -14 46 22.9   18.0  o  T08 110808
11  2018 06 06.32294  14 45 52.010 -14 38 59.19  17.9  w  F51 110808
11  2018 06 06.33402  14 45 51.739 -14 38 57.94  17.9  w  F51 110808
11  2018 06 06.34509  14 45 51.471 -14 38 56.74  17.9  w  F51 110808
11  2018 06 06.35615  14 45 51.198 -14 38 55.49  17.9  w  F51 110808
12  2018 03 14.08462  15 15 58.13  -17 55 15.2   19.4  R  G36 109228
12  2018 03 14.14357  15 15 57.69  -17 55 13.9   19.1  R  G36 109228
12  2018 03 14.18853  15 15 57.34  -17 55 12.8   19.4  R  G36 109228
12  2018 03 22.10383  15 14 39.72  -17 50 35.7   19.0  R  G36 109228
12  2018 03 22.14095  15 14 39.22  -17 50 33.9   19.1  R  G36 109228
12  2018 03 22.19374  15 14 38.53  -17 50 31.3   19.1  R  G36 109228
12  2018 04 19.40569  15 04 35.13  -17 10 10.1   18.9  G  G96 109684
12  2018 04 19.41081  15 04 34.98  -17 10 09.8   18.8  G  G96 109684
12  2018 04 19.42108  15 04 34.68  -17 10 08.3   18.8  G  G96 109684
12  2018 05 08.49202  14 54 52.38  -16 27 49.5   19.3  o  T05 110173
12  2018 05 08.50262  14 54 52.08  -16 27 48.2   18.6  o  T05 110173
12  2018 05 08.51277  14 54 51.74  -16 27 47.1   18.5  o  T05 110173
12  2018 05 08.52389  14 54 51.37  -16 27 45.3   18.6  o  T05 110173
12  2018 05 14.48645  14 51 45.72  -16 13 39.3   18.5  o  T08 110173
12  2018 05 14.49695  14 51 45.34  -16 13 37.4   18.3  o  T08 110173
12  2018 05 14.50796  14 51 45.02  -16 13 36.2   18.9  o  T08 110173
12  2018 05 14.51851  14 51 44.65  -16 13 34.3   18.5  o  T08 110173
12  2018 05 18.32280  14 49 49.15  -16 04 38.6   18.7  G  G96 110174
12  2018 05 18.32827  14 49 48.99  -16 04 38.0   18.8  G  G96 110174
12  2018 05 18.33374  14 49 48.82  -16 04 37.2   18.8  G  G96 110174
13  2018 05 18.34096  15 03 51.47  -15 31 40.0   19.3  G  G96 110174
13  2018 05 18.34806  15 03 51.27  -15 31 38.9   19.9  G  G96 110174
13  2018 05 18.35360  15 03 51.13  -15 31 38.6   19.7  G  G96 110174
13  2018 05 18.35915  15 03 50.94  -15 31 37.7   19.8  G  G96 110174
13  2018 05 19.42619  15 03 19.724 -15 29 52.70  19.9  w  F51 110174
13  2018 05 19.43808  15 03 19.362 -15 29 51.51  19.9  w  F51 110174
13  2018 05 19.45000  15 03 19.012 -15 29 50.35  20.1  w  F51 110174
13  2018 05 19.46190  15 03 18.644 -15 29 49.20  19.8  w  F51 110174
