 7  2003 04 30.24256 08 45 09.27  +18 50 38.7   568
 7  2003 04 30.27733 08 45 10.04  +18 50 36.6   568
 8  2003 02 18.53008 08 46 16.75  +17 57 48.9   608
 8  2003 02 18.54057 08 46 16.46  +17 57 50.3   608
 8  2003 02 18.55092 08 46 16.15  +17 57 51.8   608
12  2003 06 02.25296 08 55 50.46  +17 44 08.1   568
12  2003 06 02.28686 08 55 51.72  +17 44 03.7   568
 6  2003 03 12.13482 08 44 46.57  +18 32 23.9   644
 6  2003 03 12.15560 08 44 46.08  +18 32 25.8   644
 6  2003 03 12.17685 08 44 45.57  +18 32 27.8   644
 6  2003 04 29.14252 08 43 35.28  +18 56 45.7   704
 6  2003 04 29.15452 08 43 35.52  +18 56 45.3   704
 6  2003 04 29.16653 08 43 35.75  +18 56 44.3   704
 6  2003 04 29.17861 08 43 36.01  +18 56 43.9   704
 6  2003 04 29.19077 08 43 36.25  +18 56 43.3   704
 7  2003 03 09.11267 08 42 26.93  +18 37 49.0   291
 7  2003 03 09.13129 08 42 26.58  +18 37 50.6   291
 7  2003 03 09.14699 08 42 26.26  +18 37 52.0   291
 7  2003 03 12.13246 08 41 35.87  +18 42 03.9   644
 7  2003 03 12.15312 08 41 35.53  +18 42 05.6   644
 7  2003 03 12.17454 08 41 35.19  +18 42 07.4   644
 8  2003 03 09.11036 08 39 07.23  +18 34 01.0   291
 8  2003 03 09.12899 08 39 06.88  +18 34 02.8   291
 8  2003 03 09.14469 08 39 06.57  +18 34 04.2   291
 8  2003 03 12.13125 08 38 18.24  +18 38 29.9   644
 8  2003 03 12.15196 08 38 17.91  +18 38 31.7   644
 8  2003 03 12.17332 08 38 17.57  +18 38 33.5   644
10  2003 03 07.13211 08 51 36.04  +18 19 24.7   291
10  2003 03 07.15650 08 51 35.53  +18 19 25.9   291
10  2003 03 07.18101 08 51 35.03  +18 19 27.1   291
10  2003 03 12.13721 08 50 00.27  +18 23 02.2   644
10  2003 03 12.15791 08 49 59.90  +18 23 03.1   644
10  2003 03 12.17915 08 49 59.50  +18 23 03.7   644
11  2003 03 07.16488 08 44 18.21  +19 15 53.7   704
11  2003 03 07.17801 08 44 18.00  +19 15 54.6   704
11  2003 03 07.19120 08 44 17.68  +19 15 56.2   704
11  2003 03 07.20449 08 44 17.43  +19 15 57.0   704
11  2003 03 07.21771 08 44 17.13  +19 15 57.2   704
11  2003 03 12.13246 08 42 57.83  +19 19 52.9   644
11  2003 03 12.15312 08 42 57.52  +19 19 53.7   644
11  2003 03 12.17454 08 42 57.20  +19 19 54.5   644
12  2003 03 07.12497 08 41 17.94  +18 09 13.9   291
12  2003 03 07.14937 08 41 17.39  +18 09 16.4   291
12  2003 03 07.17387 08 41 16.84  +18 09 19.2   291
12  2003 03 12.13368 08 39 37.61  +18 17 17.4   644
12  2003 03 12.15434 08 39 37.21  +18 17 19.5   644
12  2003 03 12.17571 08 39 36.80  +18 17 21.4   644
