6 1987 09 23.080157 01 48 51.293  10 09 50.556   0.578 -0.392  1248 3179  1 43
6 1987 10 13.855550 01 37 48.101  09 07 47.401   0.559 -0.386    13  188  3  5
6 1987 10 13.918820 01 37 45.776  09 07 33.886  -0.071 -0.653    12  188  3  5
6 1987 10 14.903508 01 37 10.850  09 04 07.690  -0.042 -0.454    30  194  3 10
6 1987 10 17.955626 01 35 21.918  08 53 17.694   0.132 -0.648  1560 3184  1 25
6 1987 10 17.982636 01 35 20.954  08 53 12.425   0.406 -0.123  1546 3185  1 30
6 1987 10 24.811301 01 31 16.864  08 28 27.629   0.133  0.374    38  235  3 10
6 1987 10 27.912917 01 29 27.804  08 17 10.806   0.045 -0.563  1586 3208  1 35
6 1987 10 30.823393 01 27 47.528  08 06 42.720  -0.342  0.192    32  247  3 10
6 1987 10 31.811926 01 27 14.134  08 03 11.553   0.570  0.720    24  251  3 10
6 1987 12 15.767233 01 12 34.796  06 19 32.367   0.737 -0.139   454 3219  1 20
6 1988 01 15.702904 01 18 45.201  06 47 09.531   1.634  0.493   624 3241  1 30
6 1988 01 15.702968 01 18 45.099  06 47 09.698   0.070  0.667  1183 3242  1 30
6 1988 09 17.974690 04 16 10.784  20 03 50.657   0.020  0.140   515 0007  2 25
6 1988 09 17.999275 04 16 10.857  20 03 49.843   0.630  0.243   631 0008  2 30
6 1988 09 21.936897 04 16 12.562  20 01 01.671   0.522  1.829    34  323  3 10
6 1988 09 21.947818 04 16 12.514  20 00 59.358   0.053 -0.016     5  324  3 10
6 1988 10 07.963328 04 14 17.707  19 46 09.057   0.438 -0.204     5  367  3  9
6 1988 10 09.825040 04 13 52.482  19 44 10.923   0.319 -0.763     4  386  3 10
6 1988 10 10.982953 04 13 35.375  19 42 57.744  -1.170 -0.233    51  402  3 30
6 1988 10 22.032875 04 10 13.862  19 31 07.712  -0.442  0.223   586 3297  1 30
6 1989 11 29.888139 06 45 16.710  23 18 30.458   0.598 -0.674    26  482  3 12
6 1989 11 30.880801 06 44 49.645  23 18 43.649   0.369 -0.689   528  487  3 13
6 1992 02 26.928932 10 50 57.194  08 33 13.638   0.358  0.472  1573 1956  1  8
6 1993 02 16.043639 12 52 09.761 -03 37 02.540  -0.030  0.652  1391 2129  1 22
6 1993 04 22.852408 12 29 40.928 -01 00 52.034  -1.060  0.217  1340 2196  1 22
6 1993 05 10.832786 12 25 00.696 -00 42 21.360  -0.350 -0.648  1307 2207  1 22
7 1987 10 29.822543 01 31 10.281  08 03 44.492   0.731  0.208    10  241  3 30
7 1987 10 31.830303 01 29 57.455  07 58 16.858  -0.895 -0.910     6  252  3 30
7 1988 01 18.581767 01 19 58.395  06 53 56.632   0.780 -0.035    17  265  3  8
7 1988 09 17.999275 04 15 20.299  20 17 44.843   0.045 -0.140   288  008  2 30
7 1989 11 29.920220 06 43 08.874  22 56 56.371   0.080  0.498    20  483  3 30
8 1989 12 07.786099 06 39 33.759  23 21 29.889   0.579  0.080    29  492  3 31
