06  2007 06 05.57662  16 56 40.32  -22 05 30.5   415  60085     14.8 V
06  2007 06 05.57882  16 56 40.24  -22 05 30.2   415  60085     14.4 V
06  2007 06 06.55698  16 56 02.97  -22 03 49.5   415  60085     14.9 V
06  2007 06 06.55918  16 56 02.88  -22 03 49.2   415  60085     14.8 V
06  2007 06 10.49964  16 53 31.69  -21 56 52.3   415  60085     14.7 V
06  2007 06 10.50080  16 53 31.64  -21 56 52.2   415  60085     14.6 V
06  2007 06 12.56718  16 52 12.11  -21 53 08.1   415  60085     14.9 V
06  2007 06 12.56867  16 52 12.06  -21 53 08.0   415  60085     14.9 V
06  2007 06 16.54169  16 49 40.08  -21 45 52.4   415  60085     15.3 V
06  2007 06 16.54284  16 49 40.03  -21 45 52.2   415  60085     14.9 V
06  2007 06 22.66089  16 45 52.25  -21 34 44.0   415  60085     15.3 V
06  2007 06 22.66207  16 45 52.21  -21 34 43.8   415  60085     15.6 V
06  2007 07 15.63905  16 34 25.56  -21 00 38.0   415  60268     15.1 V
06  2007 07 15.64020  16 34 25.52  -21 00 37.8   415  60268     15.0 V
06  2007 08 15.36966  16 30 20.19  -20 53 11.6   415  60451     15.5 V
06  2007 08 15.37081  16 30 20.20  -20 53 11.6   415  60451     15.5 V
06  2007 08 20.38057  16 31 00.77  -20 56 26.7   415  60451     15.5 V
06  2007 08 20.38171  16 31 00.79  -20 56 26.7   415  60451     15.7 V
06  2007 08 24.41133  16 31 49.03  -20 59 50.2   415  60451     15.7 V
06  2007 08 24.41248  16 31 49.05  -20 59 50.3   415  60451     15.6 V
06  2007 09 09.46218  16 37 10.20  -21 19 07.5   415  60647     16.0 V
06  2007 09 09.46367  16 37 10.25  -21 19 07.6   415  60647     15.9 V
06  2007 09 09.47451  16 37 10.51  -21 19 08.5   415  60647     16.2 V
06  2007 09 09.47878  16 37 10.63  -21 19 09.1   415  60647     15.8 V
06  2007 09 12.37924  16 38 29.36  -21 23 26.4   415  60647     15.7 V
06  2007 09 12.38041  16 38 29.39  -21 23 26.6   415  60647     15.9 V
07  2007 06 06.56621  16 55 44.08  -22 25 31.1   415  60085     16.7 V
07  2007 06 06.56840  16 55 43.99  -22 25 30.9   415  60085     16.9 V
07  2007 06 10.51360  16 53 15.14  -22 20 53.5   415  60085     16.7 V
07  2007 06 10.51682  16 53 15.01  -22 20 53.2   415  60085     16.6 V
07  2007 06 12.57351  16 51 57.55  -22 18 21.7   415  60085     16.6 V
07  2007 06 12.57570  16 51 57.46  -22 18 21.6   415  60085     16.6 V
07  2007 06 16.54703  16 49 29.56  -22 13 18.0   415  60085     16.8 V
07  2007 06 16.55025  16 49 29.43  -22 13 17.8   415  60085     16.6 V
07  2007 06 20.26504  16 47 14.12  -22 08 26.4   704  60085     17.9
07  2007 06 20.27505  16 47 13.80  -22 08 24.6   704  60085     18.0
07  2007 06 20.28511  16 47 13.49  -22 08 24.8   704  60085     18.3
07  2007 06 20.29516  16 47 12.99  -22 08 24.3   704  60085     18.4
07  2007 06 20.30516  16 47 12.62  -22 08 22.4   704  60085     18.0
07  2007 06 22.65449  16 45 49.36  -22 05 12.3   415  60085     16.5 V
07  2007 06 22.65665  16 45 49.28  -22 05 11.7   415  60085     16.6 V
07  2007 07 15.63148  16 34 44.13  -21 35 36.3   415  60268     17.0 V
07  2007 07 15.63472  16 34 44.05  -21 35 36.0   415  60268     17.0 V
07  2007 08 15.37596  16 30 24.69  -21 14 50.5   415  60451     17.3 V
07  2007 08 15.37919  16 30 24.70  -21 14 50.5   415  60451     17.3 V
07  2007 08 20.38932  16 30 59.91  -21 14 30.9   415  60451     17.3 V
07  2007 08 20.39256  16 30 59.95  -21 14 30.9   415  60451     17.5 V
07  2007 08 24.41865  16 31 43.68  -21 14 53.7   415  60451     17.4 V
07  2007 08 24.42188  16 31 43.72  -21 14 53.7   415  60451     17.3 V
07  2007 09 09.47451  16 36 47.68  -21 21 47.8   415  60647     18.0 V
07  2007 09 09.47878  16 36 47.79  -21 21 48.4   415  60647     17.5 V
07  2007 09 12.38794  16 38 03.97  -21 23 55.5   415  60647     18.1 V
07  2007 09 12.39672  16 38 04.23  -21 23 55.7   415  60647     17.7 V
07  2007 10 01.47034  16 48 47.49  -21 43 08.5   415  60906     17.6 V
08  2007 06 06.57979  17 05 49.86  -22 08 46.3   415  60085     16.9 V
08  2007 06 06.58302  17 05 49.75  -22 08 46.2   415  60085     17.1 V
08  2007 06 10.52466  17 03 41.36  -22 04 37.1   415  60085     17.1 V
08  2007 06 10.52894  17 03 41.19  -22 04 36.8   415  60085     17.2 V
08  2007 06 12.75717  17 02 28.57  -22 02 14.8   415  60085     17.4 V
08  2007 06 12.76002  17 02 28.48  -22 02 14.3   415  60085     17.1 V
08  2007 06 15.27225  17 01 07.48  -21 59 35.9   704  60085     17.7
08  2007 06 15.28212  17 01 07.14  -21 59 34.6   704  60085     18.2
08  2007 06 15.29194  17 01 06.75  -21 59 34.4   704  60085     17.4
08  2007 06 15.31155  17 01 06.14  -21 59 32.7   704  60085     18.6
08  2007 06 16.65885  17 00 22.90  -21 58 05.8   415  60085     16.8 V
08  2007 06 21.26858  16 57 58.18  -21 53 14.6   704  60085     17.4
08  2007 06 21.27833  16 57 57.78  -21 53 13.4   704  60085     18.0
08  2007 06 21.28815  16 57 57.52  -21 53 12.6   704  60085     18.1
08  2007 06 21.29797  16 57 57.21  -21 53 12.3   704  60085     18.3
08  2007 06 21.30776  16 57 56.90  -21 53 11.7   704  60085     18.3
08  2007 06 22.62992  16 57 16.32  -21 51 47.0   415  60086     16.7 V
08  2007 06 22.63629  16 57 16.11  -21 51 46.6   415  60086     17.2 V
08  2007 07 15.61997  16 47 32.00  -21 30 37.2   415  60268     17.6 V
08  2007 07 15.62427  16 47 31.90  -21 30 37.0   415  60268     17.6 V
08  2007 08 15.38750  16 43 26.06  -21 19 16.5   415  60451     17.6 V
08  2007 08 15.39177  16 43 26.07  -21 19 16.4   415  60451     17.8 V
08  2007 08 20.40174  16 43 53.22  -21 19 42.6   415  60451     17.8 V
08  2007 08 20.40601  16 43 53.25  -21 19 42.7   415  60451     17.9 V
08  2007 08 24.43655  16 44 28.64  -21 20 30.9   415  60451     17.6 V
08  2007 08 24.44291  16 44 28.71  -21 20 30.9   415  60451     18.5 V
08  2007 09 09.48737  16 48 43.57  -21 27 11.8   415  60647     18.1 V
08  2007 09 09.49373  16 48 43.70  -21 27 11.9   415  60647     18.1 V
08  2007 10 01.44629  16 58 58.41  -21 42 53.6   415  60906     17.7 V
08  2007 10 01.45473  16 58 58.72  -21 42 54.4   415  60906     17.9 V
09  2007 06 06.60221  16 58 16.58  -21 30 49.1   415  60086     19.2 V
09  2007 06 06.60856  16 58 16.38  -21 30 47.8   415  60086     18.9 V
09  2007 06 10.56564  16 55 53.95  -21 25 58.9   415  60086     19.1 V
09  2007 06 10.57126  16 55 53.73  -21 25 58.7   415  60086     18.5 V
09  2007 06 12.73036  16 54 36.18  -21 23 20.0   415  60086     18.8 V
09  2007 06 12.73671  16 54 35.98  -21 23 19.1   415  60086     18.4 V
09  2007 06 16.58866  16 52 19.45  -21 18 41.8   415  60086     18.1 V
09  2007 06 16.59710  16 52 19.19  -21 18 41.5   415  60086     18.4 V
09  2007 06 22.60104  16 48 52.91  -21 11 42.9   415  60086     18.5 V
09  2007 06 22.60670  16 48 52.68  -21 11 42.5   415  60086     18.8 V
09  2007 07 15.59928  16 38 07.64  -20 50 20.7   415  60268     19.0 V
09  2007 07 15.60775  16 38 07.40  -20 50 20.2   415  60268     18.8 V
09  2007 08 20.44090  16 33 24.95  -20 46 12.7   415  60451     18.8 V
09  2007 08 20.45216  16 33 25.00  -20 46 12.7   415  60451     18.4 V
09  2007 09 09.44099  16 37 53.29  -21 00 32.1   415  60647     19.3 V
09  2007 09 09.44942  16 37 53.40  -21 00 32.4   415  60647     18.5 V
09  2007 09 12.44422  16 38 57.96  -21 03 30.5   415  60647     18.9 V
09  2007 09 12.45473  16 38 58.20  -21 03 31.2   415  60647     18.8 V
09  2007 09 15.43740  16 40 08.48  -21 06 38.7   415  60647     19.8 V
09  2007 10 01.39538  16 47 57.98  -21 25 37.0   415  60906     19.7 V
10  2007 06 06.64719  16 50 13.91  -22 00 22.6   415  60086     18.6 V
10  2007 06 06.65563  16 50 13.66  -22 00 22.7   415  60086     18.5 V
10  2007 06 10.59095  16 48 19.32  -21 59 54.1   415  60086     18.2 V
10  2007 06 10.60220  16 48 18.99  -21 59 53.9   415  60086     18.4 V
10  2007 06 12.71112  16 47 18.90  -21 59 35.8   415  60086     18.5 V
10  2007 06 12.71957  16 47 18.66  -21 59 35.9   415  60086     18.3 V
10  2007 06 16.56594  16 45 32.39  -21 59 01.3   415  60086     18.1 V
10  2007 06 16.57438  16 45 32.16  -21 59 01.1   415  60086     18.5 V
10  2007 06 22.53031  16 42 57.39  -21 58 01.9   415  60086     19.3 V
10  2007 06 22.54434  16 42 57.07  -21 58 01.7   415  60086     19.2 V
10  2007 07 15.57713  16 35 45.19  -21 54 55.8   415  60268     19.0 V
10  2007 07 15.58560  16 35 45.12  -21 54 56.0   415  60268     17.9 V
10  2007 08 20.49104  16 36 20.84  -22 00 03.8   415  60451     19.0 V
10  2007 08 20.50229  16 36 21.01  -22 00 03.8   415  60451     18.2 V
10  2007 09 09.39885  16 43 03.02  -22 09 05.4   415  60647     19.9 V
10  2007 09 09.40937  16 43 03.29  -22 09 06.0   415  60647     18.7 V
10  2007 09 12.48358  16 44 26.93  -22 10 44.7   415  60647     19.3 V
10  2007 09 12.49059  16 44 27.13  -22 10 45.3   415  60647     19.7 V
11  2007 06 06.69295  17 01 30.43  -22 18 02.9   415  60086     17.7 V
11  2007 06 06.70218  17 01 30.05  -22 18 02.3   415  60086     18.0 V
11  2007 06 10.64423  16 59 14.65  -22 16 10.7   415  60086     17.9 V
11  2007 06 10.65267  16 59 14.35  -22 16 10.4   415  60086     16.7 V
11  2007 06 12.74606  16 58 02.63  -22 15 08.4   415  60086     17.7 V
11  2007 06 12.75034  16 58 02.50  -22 15 08.0   415  60086     17.7 V
11  2007 06 15.27145  16 56 36.93  -22 13 54.5   704  60086     18.0
11  2007 06 15.28134  16 56 36.54  -22 13 55.1   704  60086     18.5
11  2007 06 15.29115  16 56 36.25  -22 13 55.7   704  60086     18.6
11  2007 06 15.31076  16 56 35.49  -22 13 54.5   704  60086     18.1
11  2007 06 16.62811  16 55 51.19  -22 13 11.7   415  60086     18.7 V
11  2007 06 16.63656  16 55 50.89  -22 13 11.3   415  60086     18.1 V
11  2007 06 22.57796  16 52 35.86  -22 10 09.9   415  60086     18.0 V
11  2007 06 22.58640  16 52 35.58  -22 10 09.8   415  60086     18.1 V
11  2007 07 15.55977  16 42 20.12  -22 00 14.8   415  60268     18.3 V
11  2007 07 15.56613  16 42 19.99  -22 00 14.8   415  60268     18.3 V
11  2007 08 20.41884  16 38 03.70  -22 02 28.4   415  60451     18.8 V
11  2007 08 20.42590  16 38 03.74  -22 02 28.6   415  60451     19.0 V
12  2007 06 12.58909  16 49 54.34  -21 28 05.8   415  60086     18.6 V
12  2007 06 12.59918  16 49 53.97  -21 28 05.3   415  60086     19.3 V
12  2007 07 15.52740  16 33 03.61  -21 20 45.4   415  60268     19.4 V
12  2007 07 15.54143  16 33 03.29  -21 20 45.2   415  60268     19.5 V
12  2007 08 20.52587  16 28 56.73  -21 37 09.5   415  60451     19.7 V
12  2007 08 20.54691  16 28 56.87  -21 37 10.6   415  60451     18.8 V
12  2007 09 12.41303  16 35 15.62  -22 03 10.0   415  60647     19.6 V
12  2007 09 12.42531  16 35 15.94  -22 03 11.1   415  60647     19.2 V
13  2007 06 12.64495  16 49 37.27  -22 06 30.7   415  60086     19.7 V
13  2007 06 12.66690  16 49 36.37  -22 06 28.4   415  60086     20.0 V
13  2007 06 22.53733  16 43 20.22  -21 58 39.0   415  60086     21.2 V
13  2007 07 15.45630  16 32 57.71  -21 36 20.2   415  60268     19.9 V
13  2007 07 15.45805  16 32 57.70  -21 36 19.8   415  60268     19.8 V
13  2007 07 15.47382  16 32 57.46  -21 36 19.4   415  60268     19.6 V
