11  2020 04 28.537878 19 45 52.84  -21 15 21.8   18.06 o  T08 125595
11  2020 04 28.547127 19 45 52.93  -21 15 21.5   17.99 o  T08 125596
11  2020 04 28.551733 19 45 52.96  -21 15 21.1   18.17 o  T08 125596
11  2020 04 28.562328 19 45 53.10  -21 15 20.9   18.28 o  T08 125596
11  2020 05 30.456440 19 45 54.95  -21 12 05.5   17.86 o  T08 125596
11  2020 05 30.458532 19 45 54.93  -21 12 05.7   17.74 o  T08 125596
11  2020 05 30.486804 19 45 54.59  -21 12 06.5   17.77 o  T08 125596
11  2020 05 30.493250 19 45 54.50  -21 12 06.5   17.78 o  T08 125596
11  2020 06 03.469806 19 45 01.86  -21 13 55.1   17.67 o  T08 125596
11  2020 06 03.472669 19 45 01.80  -21 13 55.2   17.52 o  T08 125596
11  2020 06 03.477733 19 45 01.74  -21 13 55.2   17.55 o  T08 125596
11  2020 06 03.487405 19 45 01.60  -21 13 55.6   17.57 o  T08 125596
11  2020 06 05.454622 19 44 31.60  -21 14 58.8   17.75 o  T05 125596
11  2020 06 05.456941 19 44 31.53  -21 14 59.0   18.00 o  T05 125596
11  2020 06 05.459693 19 44 31.46  -21 14 59.1   17.54 o  T05 125596
11  2020 06 05.467493 19 44 31.38  -21 14 59.9   17.47 o  T05 125596
11  2020 06 15.475636 19 41 20.68  -21 21 50.3   17.42 o  T08 125596
11  2020 06 15.477481 19 41 20.62  -21 21 50.6   17.58 o  T08 125596
11  2020 06 15.480247 19 41 20.57  -21 21 50.6   17.58 o  T08 125596
11  2020 06 15.485315 19 41 20.44  -21 21 50.9   17.59 o  T08 125596
11  2020 06 16.482577 19 40 58.25  -21 22 38.8   17.86 c  T05 125596
11  2020 06 16.509051 19 40 57.62  -21 22 40.4   18.01 c  T05 125596
11  2020 06 16.516993 19 40 57.45  -21 22 40.6   17.91 c  T05 125596
11  2020 06 16.518822 19 40 57.40  -21 22 40.7   17.96 c  T05 125596
11  2020 06 17.404724 19 40 37.32  -21 23 24.5   17.92 c  T05 125596
11  2020 06 17.430556 19 40 36.69  -21 23 25.6   17.80 c  T05 125596
11  2020 06 17.436545 19 40 36.55  -21 23 25.9   17.79 c  T05 125596
11  2020 06 17.444713 19 40 36.36  -21 23 26.4   17.86 c  T05 125596
11  2020 06 21.467277 19 38 59.70  -21 26 55.3   17.89 c  T05 125596
11  2020 06 21.469105 19 38 59.64  -21 26 55.2   18.45 c  T05 125596
11  2020 06 21.472305 19 38 59.58  -21 26 55.8   17.80 c  T05 125596
11  2020 06 21.500873 19 38 58.82  -21 26 57.1   18.46 c  T05 125596
11  2020 06 27.459673 19 36 22.81  -21 32 31.9   17.25 o  T08 125596
11  2020 06 27.461513 19 36 22.75  -21 32 32.1   17.17 o  T08 125596
11  2020 06 27.464279 19 36 22.68  -21 32 32.3   17.14 o  T08 125596
11  2020 06 27.469340 19 36 22.54  -21 32 32.5   17.21 o  T08 125596
11  2020 06 29.516866 19 35 26.00  -21 34 33.1   17.70 c  T05 125596
11  2020 06 29.517780 19 35 25.97  -21 34 32.7   17.71 c  T05 125596
11  2020 06 29.518237 19 35 25.90  -21 34 32.7   17.93 c  T05 125596
11  2020 06 29.520559 19 35 25.88  -21 34 33.0   17.73 c  T05 125596
11  2020 06 29.522390 19 35 25.80  -21 34 32.9   17.88 c  T05 125596
11  2020 06 29.526965 19 35 25.70  -21 34 33.5   17.69 c  T05 125596
11  2020 06 29.553024 19 35 24.96  -21 34 34.8   17.71 c  T05 125596
11  2020 06 29.555766 19 35 24.88  -21 34 34.9   17.73 c  T05 125596
11  2020 06 29.560811 19 35 24.73  -21 34 35.3   17.91 c  T05 125596
11  2020 06 29.561269 19 35 24.71  -21 34 35.2   17.67 c  T05 125596
11  2020 06 30.419356 19 35 00.78  -21 35 26.6   17.34 o  T05 125596
11  2020 06 30.420272 19 35 00.78  -21 35 26.5   18.12 o  T05 125596
11  2020 06 30.421645 19 35 00.71  -21 35 26.9   17.52 o  T05 125596
11  2020 06 30.424389 19 35 00.62  -21 35 27.0   17.22 o  T05 125596
11  2020 06 30.425844 19 35 00.62  -21 35 26.8   17.37 o  T05 125596
11  2020 06 30.434571 19 35 00.35  -21 35 27.0   17.39 o  T05 125596
11  2020 06 30.470583 19 34 59.30  -21 35 29.6   17.16 o  T05 125596
11  2020 06 30.474740 19 34 59.19  -21 35 29.6   17.22 o  T05 125596
11  2020 06 30.492047 19 34 58.65  -21 35 30.9   17.20 o  T05 125596
11  2020 06 30.495973 19 34 58.59  -21 35 30.8   17.05 o  T05 125596
11  2020 07 03.355708 19 33 37.17  -21 38 22.8   17.36 o  T05 125596
11  2020 07 03.358450 19 33 37.10  -21 38 22.7   17.33 o  T05 125596
11  2020 07 03.361649 19 33 37.01  -21 38 22.9   17.26 o  T05 125596
11  2020 07 03.367616 19 33 36.83  -21 38 23.2   17.25 o  T05 125596
11  2020 07 09.471196 19 30 37.88  -21 44 34.7   17.33 o  T08 125596
11  2020 07 09.474418 19 30 37.81  -21 44 35.1   17.06 o  T08 125596
11  2020 07 09.477643 19 30 37.71  -21 44 35.4   17.23 o  T08 125596
11  2020 07 09.480864 19 30 37.61  -21 44 35.5   17.30 o  T08 125596
11  2020 07 09.491920 19 30 37.25  -21 44 36.2   17.30 o  T08 125596
11  2020 07 11.479556 19 29 38.22  -21 46 37.4   17.27 o  T05 125596
11  2020 07 11.482763 19 29 38.13  -21 46 37.5   17.10 o  T05 125596
11  2020 07 11.515363 19 29 37.14  -21 46 39.2   17.07 o  T05 125596
11  2020 07 11.523259 19 29 36.88  -21 46 39.8   16.95 o  T05 125596
11  2020 07 17.429963 19 26 41.69  -21 52 33.9   17.32 o  T08 125596
11  2020 07 17.433717 19 26 41.58  -21 52 34.3   17.16 o  T08 125596
11  2020 07 17.440164 19 26 41.39  -21 52 35.0   17.10 o  T08 125596
11  2020 07 17.450372 19 26 41.07  -21 52 35.1   17.09 o  T08 125596
11  2020 07 21.421924 19 24 45.26  -21 56 25.3   17.40 o  T08 125596
11  2020 07 21.425145 19 24 45.17  -21 56 25.3   17.24 o  T08 125596
11  2020 07 21.430667 19 24 45.01  -21 56 25.9   17.29 o  T08 125596
11  2020 07 21.465417 19 24 43.98  -21 56 27.8   17.25 o  T08 125596
11  2020 07 25.406130 19 22 52.54  -22 00 06.7   17.26 o  T08 125596
11  2020 07 25.440380 19 22 51.56  -22 00 08.3   17.40 o  T08 125596
11  2020 07 25.443605 19 22 51.47  -22 00 08.5   17.48 o  T08 125596
11  2020 07 25.449127 19 22 51.32  -22 00 08.7   17.39 o  T08 125596
11  2020 08 06.442005 19 17 47.21  -22 09 56.4   17.63 o  T08 125596
11  2020 08 06.447146 19 17 47.12  -22 09 56.2   17.26 o  T08 125596
11  2020 08 06.451294 19 17 47.02  -22 09 56.8   17.43 o  T08 125596
11  2020 08 06.461910 19 17 46.77  -22 09 57.5   17.35 o  T08 125596
11  2020 11 28.212865 19 53 16.57  -21 10 22.8   18.17 o  T05 127455
11  2020 11 28.217005 19 53 16.76  -21 10 21.6   17.93 o  T05 127455
11  2020 11 28.222068 19 53 17.09  -21 10 22.5   18.28 o  T05 127455
11  2020 11 28.236784 19 53 17.79  -21 10 19.8   18.01 o  T05 127455
11  2020 12 04.196945 19 58 30.59  -20 57 50.0   18.41 o  T08 127455
11  2020 12 04.200169 19 58 30.74  -20 57 48.7   17.86 o  T08 127455
11  2020 12 04.206623 19 58 31.11  -20 57 47.6   18.37 o  T08 127455
11  2020 12 04.218664 19 58 31.75  -20 57 46.3   18.32 o  T08 127455
12  2020 05 30.456440 19 57 22.45  -21 11 54.0   18.79 o  T08 125596
12  2020 05 30.458532 19 57 22.33  -21 11 53.5   18.85 o  T08 125596
12  2020 05 30.486804 19 57 22.02  -21 11 54.0   18.92 o  T08 125596
12  2020 05 30.493250 19 57 21.97  -21 11 54.0   18.63 o  T08 125596
12  2020 07 01.441778 19 46 39.59  -21 28 26.9   18.15 o  T08 125596
12  2020 07 01.444580 19 46 39.52  -21 28 27.0   18.10 o  T08 125596
12  2020 07 01.448741 19 46 39.41  -21 28 27.5   18.41 o  T08 125596
12  2020 07 01.453806 19 46 39.28  -21 28 27.4   18.27 o  T08 125596
12  2020 07 11.479556 19 41 39.53  -21 36 31.8   17.95 o  T05 125596
12  2020 07 11.482763 19 41 39.41  -21 36 31.6   18.32 o  T05 125596
12  2020 07 11.515363 19 41 38.41  -21 36 33.0   18.19 o  T05 125596
12  2020 07 11.523259 19 41 38.15  -21 36 33.8   18.15 o  T05 125596
12  2020 07 18.957384 19 37 47.16  -21 42 28.3   19.0  G  C95 125596
12  2020 07 18.970012 19 37 46.78  -21 42 28.8   18.7  G  C95 125596
12  2020 07 18.982564 19 37 46.31  -21 42 28.9   17.7  G  C95 125596
12  2020 07 23.455583 19 35 28.25  -21 45 50.2   18.59 c  T05 125596
12  2020 07 23.459258 19 35 28.17  -21 45 50.1   18.59 c  T05 125596
12  2020 07 23.493134 19 35 27.11  -21 45 51.4   18.66 c  T05 125596
12  2020 07 23.500094 19 35 26.88  -21 45 51.6   18.75 c  T05 125596
12  2020 08 10.391500 19 27 09.48  -21 56 33.3   18.68 o  T08 125596
12  2020 08 10.395182 19 27 09.38  -21 56 32.8   18.62 o  T08 125596
12  2020 08 10.401168 19 27 09.25  -21 56 33.7   18.53 o  T08 125596
12  2020 08 10.411774 19 27 08.98  -21 56 33.6   18.37 o  T08 125597
12  2020 08 16.371543 19 24 55.87  -21 58 53.3   18.78 c  T05 125597
12  2020 08 16.374743 19 24 55.81  -21 58 54.3   18.96 c  T05 125597
12  2020 08 16.380247 19 24 55.71  -21 58 53.3   18.66 c  T05 125597
12  2020 08 16.391252 19 24 55.41  -21 58 53.7   19.07 c  T05 125597
12  2020 08 18.373868 19 24 15.96  -21 59 31.2   18.82 o  T08 125597
12  2020 08 18.377095 19 24 15.89  -21 59 30.8   18.75 o  T08 125597
12  2020 08 18.382627 19 24 15.74  -21 59 31.0   18.89 o  T08 125597
12  2020 08 18.392373 19 24 15.52  -21 59 31.3   18.82 o  T08 125597
12  2020 08 24.326571 19 22 33.12  -22 00 54.5   18.68 o  T05 125597
12  2020 08 24.332064 19 22 33.05  -22 00 54.6   18.98 o  T05 125597
12  2020 08 24.349946 19 22 32.69  -22 00 54.6   18.94 o  T05 125597
12  2020 08 24.358338 19 22 32.60  -22 00 54.8   19.10 o  T05 125597
12  2020 09 04.355959 19 20 30.60  -22 01 37.6   19.20 o  T08 125597
12  2020 09 04.364703 19 20 30.50  -22 01 36.7   18.69 o  T08 125597
12  2020 09 04.367477 19 20 30.49  -22 01 36.6   19.03 o  T08 125597
12  2020 09 04.391886 19 20 30.32  -22 01 36.7   18.75 o  T08 125597
12  2020 10 13.10479  19 25 45.31  -21 45 01.6   19.89 g  I41 125597
12  2020 10 13.16812  19 25 46.72  -21 44 58.1   19.39 r  I41 125597
12  2020 10 17.10619  19 27 20.00  -21 41 36.1   19.99 g  I41 125597
12  2020 10 17.12803  19 27 20.53  -21 41 34.8   19.19 r  I41 125597
12  2020 10 17.257188 19 27 23.71  -21 41 27.0   19.30 o  T08 125597
12  2020 10 17.259957 19 27 23.86  -21 41 26.9   19.30 o  T08 125597
12  2020 10 17.265486 19 27 23.97  -21 41 27.2   18.87 o  T08 125597
12  2020 10 17.275622 19 27 24.12  -21 41 27.2   19.00 o  T08 125597
13  2020 06 17.23466  19 52 59.30  -21 00 36.6   19.8  G  W76 127455
13  2020 06 17.25242  19 52 58.92  -21 00 38.5   19.6  G  W76 127455
13  2020 06 17.26990  19 52 58.55  -21 00 40.4   19.5  G  W76 127455
13  2020 06 17.28762  19 52 58.15  -21 00 42.1   19.7  G  W76 127455
