2016 04      27.626092   11  2 40.4110    +8  6 10.512    07 
2016 04      27.630611   11  2 40.3861    +8  6 10.573    07
2016 04      27.633624   11  2 40.3681    +8  6 10.580    07
2016 04      27.635131   11  2 40.3624    +8  6 10.532    07
2016 04      27.636637   11  2 40.3508    +8  6 10.589    07
2016 04      27.639651   11  2 40.3357    +8  6 10.607    07
2016 04      27.641157   11  2 40.3282    +8  6 10.559    07
2016 04      27.642664   11  2 40.3152    +8  6 10.545    07
2016 04      27.644171   11  2 40.3069    +8  6 10.580    07
2016 04      27.645677   11  2 40.3001    +8  6 10.549    07
2016 04      27.647184   11  2 40.2896    +8  6 10.569    07
2016 04      27.648694   11  2 40.2821    +8  6 10.605    07
2016 04      27.650203   11  2 40.2778    +8  6 10.603    07
2016 04      27.651709   11  2 40.2659    +8  6 10.604    07
2016 04      27.653216   11  2 40.2598    +8  6 10.549    07
2016 04      27.654722   11  2 40.2482    +8  6 10.565    07
2016 04      27.656229   11  2 40.2403    +8  6 10.610    07
2016 04      27.657736   11  2 40.2342    +8  6 10.608    07
2016 04      27.659242   11  2 40.2263    +8  6 10.580    07
2016 04      27.660748   11  2 40.2180    +8  6 10.601    07
2016 04      27.662256   11  2 40.2104    +8  6 10.565    07
2016 04      27.663762   11  2 40.1989    +8  6 10.590    07
2016 04      28.589167   11  2 35.8663    +8  6 10.263    07
2016 04      28.590630   11  2 35.8606    +8  6 10.194    07
2016 04      28.592660   11  2 35.8501    +8  6 10.171    07
2016 04      28.598747   11  2 35.8166    +8  6 10.213    07
2016 04      28.600487   11  2 35.8094    +8  6 10.226    07
2016 04      28.602225   11  2 35.8026    +8  6 10.201    07
2016 04      28.603963   11  2 35.7947    +8  6 10.197    07
2016 04      28.605701   11  2 35.7832    +8  6 10.155    07
2016 04      28.607439   11  2 35.7738    +8  6 10.189    07
2016 04      28.609177   11  2 35.7652    +8  6 10.175    07
2016 04      28.610915   11  2 35.7587    +8  6 10.186    07
2016 04      28.612653   11  2 35.7461    +8  6 10.157    07
2016 04      28.614391   11  2 35.7382    +8  6 10.173    07
2016 04      28.616130   11  2 35.7284    +8  6 10.129    07
2016 04      28.617867   11  2 35.7198    +8  6 10.142    07
2016 04      28.619605   11  2 35.7133    +8  6 10.152    07
2016 04      28.621344   11  2 35.7047    +8  6 10.140    07
2016 04      28.623081   11  2 35.6939    +8  6 10.139    07
2016 04      28.624820   11  2 35.6845    +8  6 10.097    07
2016 04      28.628549   11  2 35.6672    +8  6 10.083    07
2016 04      28.630290   11  2 35.6546    +8  6 10.101    07
2016 04      28.637242   11  2 35.6208    +8  6 10.055    07
2016 04      28.638981   11  2 35.6104    +8  6 10.049    07
2016 04      28.640719   11  2 35.6017    +8  6 10.070    07
2016 04      28.642457   11  2 35.5949    +8  6 10.049    07
2016 04      28.644194   11  2 35.5873    +8  6 10.029    07
2016 04      28.645933   11  2 35.5769    +8  6 10.021    07
2016 04      29.612928   11  2 31.5593    +8  6  5.288    07
2016 04      29.614667   11  2 31.5452    +8  6  5.205    07
2016 04      29.616405   11  2 31.5434    +8  6  5.282    07
2016 04      29.621619   11  2 31.5110    +8  6  5.213    07
2016 04      29.623358   11  2 31.5089    +8  6  5.173    07
2016 04      29.633791   11  2 31.4621    +8  6  5.040    07
2016 04      29.635529   11  2 31.4488    +8  6  5.073    07
2016 04      29.637268   11  2 31.4506    +8  6  4.979    07
2016 04      29.640744   11  2 31.4308    +8  6  5.004    07
2016 04      29.642482   11  2 31.4221    +8  6  4.966    07
2016 04      29.644220   11  2 31.4174    +8  6  5.025    07
2016 04      29.645958   11  2 31.4074    +8  6  4.998    07
2016 04      29.647696   11  2 31.4005    +8  6  4.948    07
2016 04      29.651175   11  2 31.3854    +8  6  4.931    07
2016 04      29.652913   11  2 31.3710    +8  6  4.903    07
2016 04      29.654652   11  2 31.3688    +8  6  4.911    07
2016 04      29.656390   11  2 31.3573    +8  6  4.852    07
2016 04      29.658128   11  2 31.3519    +8  6  4.900    07
2017 04      28.649757   12 58 15.2216    -5  0 52.494    07
2017 04      28.651840   12 58 15.1482    -5  0 51.960    07
2017 04      28.653924   12 58 15.0956    -5  0 51.607    07
2017 04      28.658090   12 58 14.9606    -5  0 50.941    07
2017 04      28.662257   12 58 14.8426    -5  0 50.209    07
2017 04      28.668507   12 58 14.6363    -5  0 48.946    07
2017 04      28.670590   12 58 14.5675    -5  0 48.466    07
2017 04      28.672674   12 58 14.5092    -5  0 48.041    07
2017 04      28.674757   12 58 14.4469    -5  0 47.655    07
2017 04      28.676840   12 58 14.3760    -5  0 47.284    07
2017 04      29.562072   12 57 47.8116    -4 58  0.310    07
2017 04      29.564155   12 57 47.7482    -4 58  0.026    07
2017 04      29.566238   12 57 47.6863    -4 57 59.646    07
2017 04      29.572500   12 57 47.4941    -4 57 58.384    07
2017 04      29.574583   12 57 47.4286    -4 57 58.017    07
2017 04      29.578750   12 57 47.3011    -4 57 57.237    07
2017 04      29.580833   12 57 47.2406    -4 57 56.839    07
2017 04      29.582917   12 57 47.1776    -4 57 56.436    07
2017 04      29.669491   12 57 44.5270    -4 57 40.185    07
2017 04      29.671690   12 57 44.4622    -4 57 39.833    07
2017 04      29.673889   12 57 44.3945    -4 57 39.448    07
2017 04      29.676088   12 57 44.3250    -4 57 39.021    07
2017 04      29.678287   12 57 44.2577    -4 57 38.561    07
2017 04      29.684884   12 57 44.0521    -4 57 37.361    07
2017 04      29.687095   12 57 43.9870    -4 57 36.946    07
2017 04      30.634514   12 57 15.9718    -4 54 40.314    07
2017 04      30.636713   12 57 15.9070    -4 54 39.921    07
2017 04      30.645509   12 57 15.6406    -4 54 38.290    07
2017 04      30.647708   12 57 15.5729    -4 54 37.840    07
2017 04      30.649907   12 57 15.5084    -4 54 37.454    07
2017 04      30.652106   12 57 15.4433    -4 54 37.079    07
2017 04      30.654306   12 57 15.3760    -4 54 36.681    07
2017 04      30.658704   12 57 15.2417    -4 54 35.816    07
2017 04      30.660903   12 57 15.1783    -4 54 35.426    07
2017 04      30.663102   12 57 15.1088    -4 54 35.006    07
2017 04      30.665301   12 57 15.0451    -4 54 34.595    07
2017 04      30.667500   12 57 14.9785    -4 54 34.156    07
2017 04      30.669699   12 57 14.9126    -4 54 33.805    07
2017 04      30.682894   12 57 14.5163    -4 54 31.313    07
2017 04      30.687292   12 57 14.3820    -4 54 30.536    07
2017 05       1.596597   12 56 47.9584    -4 51 42.965    07
2017 05       1.598796   12 56 47.8849    -4 51 42.504    07
2017 05       1.600995   12 56 47.8208    -4 51 42.112    07
2017 05       1.605394   12 56 47.6952    -4 51 41.263    07
2017 05       1.607604   12 56 47.6300    -4 51 40.997    07
2017 05       1.609803   12 56 47.5620    -4 51 40.451    07
2017 05       1.612002   12 56 47.4986    -4 51 40.164    07
2017 05       1.614201   12 56 47.4342    -4 51 39.704    07
2017 05       1.616400   12 56 47.3716    -4 51 39.209    07
2017 05       1.618600   12 56 47.3017    -4 51 38.901    07
2017 05       1.622998   12 56 47.1696    -4 51 38.069    07
2017 05       1.625197   12 56 47.1073    -4 51 37.671    07
2017 05       1.716644   12 56 44.3980    -4 51 20.900    07
2017 05       1.718843   12 56 44.3364    -4 51 20.573    07
2017 05       1.721042   12 56 44.2759    -4 51 20.165    07
2017 05       1.723241   12 56 44.2082    -4 51 19.782    07
2017 05       1.725440   12 56 44.1424    -4 51 19.322    07
2017 05       1.727639   12 56 44.0743    -4 51 18.868    07
2017 05       1.729838   12 56 44.0106    -4 51 18.509    07
2017 05       1.732049   12 56 43.9508    -4 51 18.160    07
2017 05       1.734248   12 56 43.8806    -4 51 17.726    07
2017 05       1.736447   12 56 43.8155    -4 51 17.261    07
2017 05       2.557280   12 56 20.4436    -4 48 47.883    07
2017 05       2.559479   12 56 20.3795    -4 48 47.574    07
2017 05       2.561678   12 56 20.3158    -4 48 47.150    07
2017 05       2.563877   12 56 20.2517    -4 48 46.751    07
2017 05       2.566076   12 56 20.1872    -4 48 46.296    07
2017 05       2.568275   12 56 20.1232    -4 48 45.961    07
2017 05       2.570475   12 56 20.0641    -4 48 45.573    07
2017 05       2.572685   12 56 19.9982    -4 48 45.131    07
2017 05       2.577083   12 56 19.8708    -4 48 44.355    07
2017 05       2.579282   12 56 19.8038    -4 48 43.953    07
2017 05       2.581481   12 56 19.7380    -4 48 43.577    07
2017 05       2.583681   12 56 19.6789    -4 48 43.176    07
2017 05       2.585880   12 56 19.6091    -4 48 42.704    07
2017 05       2.588079   12 56 19.5454    -4 48 42.302    07
2017 05       2.674352   12 56 17.0329    -4 48 26.714    07
2017 05       2.676551   12 56 16.9739    -4 48 26.339    07
2017 05       2.678750   12 56 16.9112    -4 48 25.983    07
2017 05       2.680949   12 56 16.8457    -4 48 25.571    07
2017 05       2.683148   12 56 16.7813    -4 48 25.160    07
2017 05       2.685347   12 56 16.7194    -4 48 24.774    07
2017 05       2.689745   12 56 16.5858    -4 48 23.984    07
2017 05       2.691944   12 56 16.5242    -4 48 23.570    07
2017 05       2.694144   12 56 16.4594    -4 48 23.178    07
2017 05       2.696343   12 56 16.3972    -4 48 22.781    07
2017 05       2.698542   12 56 16.3327    -4 48 22.371    07
2017 05       2.700741   12 56 16.2654    -4 48 21.941    07
2017 05       2.705139   12 56 16.1405    -4 48 21.184    07
2017 05       2.707338   12 56 16.0796    -4 48 20.777    07
2018 04      19.659236   15  9 35.7131    -16  0 55.439   07
2018 04      19.661273   15  9 35.6616    -16  0 55.197   07
2018 04      19.662951   15  9 35.6137    -16  0 54.920   07
2018 04      19.664630   15  9 35.5619    -16  0 54.791   07
2018 04      19.667986   15  9 35.4838    -16  0 54.122   07
2018 04      19.669664   15  9 35.4298    -16  0 53.925   07
2018 04      19.671343   15  9 35.3768    -16  0 53.691   07
2018 04      19.673021   15  9 35.3315    -16  0 53.490   07
2018 04      19.732789   15  9 33.6838    -16  0 45.279   07
2018 04      19.734468   15  9 33.6308    -16  0 44.954   07
2018 04      19.736146   15  9 33.5934    -16  0 44.788   07
2018 04      19.737824   15  9 33.5452    -16  0 44.555   07
2018 04      19.739676   15  9 33.5023    -16  0 44.295   07
2018 04      19.741354   15  9 33.4490    -16  0 44.093   07
2018 04      19.743032   15  9 33.4098    -16  0 43.846   07
2018 04      19.744711   15  9 33.3608    -16  0 43.595   07
2018 04      19.746389   15  9 33.3169    -16  0 43.370   07
2018 04      19.748067   15  9 33.2615    -16  0 43.232   07
2018 04      19.749745   15  9 33.2129    -16  0 42.904   07
2018 04      19.751424   15  9 33.1643    -16  0 42.732   07
2018 04      19.753102   15  9 33.1193    -16  0 42.548   07
2018 04      20.652975   15  9  8.8758    -15 58 36.539   07
2018 04      20.656343   15  9  8.7847    -15 58 36.087   07
2018 04      20.659699   15  9  8.6854    -15 58 35.639   07
2018 04      20.663056   15  9  8.5936    -15 58 35.192   07
2018 04      20.664734   15  9  8.5432    -15 58 34.948   07
2018 04      20.666412   15  9  8.4996    -15 58 34.743   07
2018 04      20.668090   15  9  8.4632    -15 58 34.480   07
2018 04      20.673125   15  9  8.3146    -15 58 33.731   07
2018 04      20.724919   15  9  6.8706    -15 58 26.605   07
2018 04      20.726597   15  9  6.8238    -15 58 26.396   07
2018 04      20.728287   15  9  6.7849    -15 58 26.113   07
2018 04      20.729954   15  9  6.7309    -15 58 25.833   07
2018 04      20.731644   15  9  6.6812    -15 58 25.632   07
2018 04      20.733322   15  9  6.6366    -15 58 25.448   07
2018 04      20.736678   15  9  6.5506    -15 58 24.997   07
2018 04      20.738356   15  9  6.5034    -15 58 24.694   07 
2018 04      20.740035   15  9  6.4508    -15 58 24.538   07
2018 04      20.741713   15  9  6.4069    -15 58 24.268   07
2016 04      27.670826   11  9 33.5282    +7 59 47.601    08  
2016 04      27.672565   11  9 33.5099    +7 59 47.624    08                                          
2016 04      27.676042   11  9 33.4710    +7 59 47.718    08
2016 04      27.679518   11  9 33.4321    +7 59 47.849    08
2016 04      27.681256   11  9 33.4127    +7 59 47.888    08
2016 04      27.682996   11  9 33.3907    +7 59 47.877    08
2016 04      27.684735   11  9 33.3720    +7 59 47.939    08
2016 04      27.686473   11  9 33.3529    +7 59 48.027    08
2016 04      27.698640   11  9 33.2158    +7 59 48.329    08
2016 04      27.702119   11  9 33.1780    +7 59 48.442    08
2016 04      27.703856   11  9 33.1564    +7 59 48.457    08
2016 04      27.705595   11  9 33.1387    +7 59 48.472    08
2016 04      27.707333   11  9 33.1168    +7 59 48.567    08
2016 04      27.710810   11  9 33.0811    +7 59 48.615    08
2016 04      27.712548   11  9 33.0610    +7 59 48.694    08
2016 04      27.714285   11  9 33.0394    +7 59 48.755    08
2016 04      27.721241   11  9 32.9627    +7 59 48.929    08
2016 04      28.650643   11  9 23.3420    +8  0 12.028    08
2016 04      28.652381   11  9 23.3183    +8  0 12.057    08
2016 04      28.654119   11  9 23.3017    +8  0 12.109    08
2016 04      28.655857   11  9 23.2855    +8  0 12.119    08
2016 04      28.657596   11  9 23.2675    +8  0 12.197    08
2016 04      28.659337   11  9 23.2463    +8  0 12.254    08
2016 04      28.661075   11  9 23.2232    +8  0 12.225    08
2016 04      28.662813   11  9 23.2042    +8  0 12.272    08
2016 04      28.664551   11  9 23.1869    +8  0 12.311    08
2016 04      28.666288   11  9 23.1692    +8  0 12.351    08
2016 04      28.671503   11  9 23.1152    +8  0 12.488    08
2016 04      28.673241   11  9 23.0954    +8  0 12.514    08
2016 04      28.674980   11  9 23.0760    +8  0 12.577    08
2016 04      28.676717   11  9 23.0580    +8  0 12.587    08
2016 04      28.678456   11  9 23.0411    +8  0 12.656    08
2016 04      28.681932   11  9 23.0026    +8  0 12.716    08
2016 04      28.683670   11  9 22.9824    +8  0 12.711    08
2016 04      28.685408   11  9 22.9687    +8  0 12.777    08
2016 04      28.687146   11  9 22.9504    +8  0 12.819    08
2016 04      28.688884   11  9 22.9342    +8  0 12.825    08
2016 04      28.697575   11  9 22.8362    +8  0 13.093    08
2016 04      28.704527   11  9 22.7624    +8  0 13.178    08
2016 04      28.711482   11  9 22.6933    +8  0 13.393    08
2016 04      29.671064   11  9 13.3632    +8  0 33.007    08
2016 04      29.673268   11  9 13.3409    +8  0 33.052    08
2016 04      29.675468   11  9 13.3124    +8  0 32.981    08
2016 04      29.677669   11  9 13.2980    +8  0 33.102    08
2016 04      29.679518   11  9 13.2714    +8  0 33.193    08
2016 04      29.681720   11  9 13.2556    +8  0 33.147    08
2016 04      29.683920   11  9 13.2260    +8  0 33.174    08
2016 04      29.686122   11  9 13.2102    +8  0 33.260    08
2016 04      29.688323   11  9 13.1864    +8  0 33.251    08
2016 04      29.690524   11  9 13.1569    +8  0 33.367    08
2016 04      29.692725   11  9 13.1386    +8  0 33.425    08
2016 04      29.694925   11  9 13.1242    +8  0 33.457    08
2016 04      29.697127   11  9 13.0957    +8  0 33.378    08
2016 04      29.699328   11  9 13.0802    +8  0 33.499    08
2016 04      29.701529   11  9 13.0608    +8  0 33.513    08
2016 04      29.703730   11  9 13.0320    +8  0 33.591    08
2016 04      29.705931   11  9 13.0126    +8  0 33.532    08
2016 04      29.708132   11  9 12.9866    +8  0 33.564    08
2016 04      29.710333   11  9 12.9769    +8  0 33.673    08
2016 04      29.714736   11  9 12.9323    +8  0 33.728    08
2016 04      29.716937   11  9 12.9067    +8  0 33.821    08
2016 04      29.719137   11  9 12.8768    +8  0 33.746    08
2017 04      28.704236   13  3 25.9650    -4 27 54.895    08
2017 04      28.706898   13  3 25.9070    -4 27 54.564    08
2017 04      28.709560   13  3 25.8584    -4 27 54.023    08
2017 04      28.714884   13  3 25.7173    -4 27 53.078    08
2017 04      28.717546   13  3 25.6648    -4 27 52.798    08
2017 04      28.720208   13  3 25.5892    -4 27 52.382    08
2017 04      28.722870   13  3 25.5301    -4 27 51.907    08
2017 04      28.725532   13  3 25.4786    -4 27 51.650    08
2017 04      28.728194   13  3 25.4110    -4 27 51.187    08
2017 04      28.730856   13  3 25.3336    -4 27 50.738    08
2017 04      29.604641   13  3  6.0052    -4 25 38.418    08
2017 04      29.606840   13  3  5.9522    -4 25 38.067    08
2017 04      29.611238   13  3  5.8529    -4 25 37.401    08
2017 04      29.613437   13  3  5.8025    -4 25 37.084    08
2017 04      29.615637   13  3  5.7524    -4 25 36.765    08
2017 04      29.617836   13  3  5.7038    -4 25 36.442    08
2017 04      29.620035   13  3  5.6531    -4 25 36.088    08
2017 04      29.622234   13  3  5.6012    -4 25 35.732    08
2017 04      29.624433   13  3  5.5541    -4 25 35.451    08
2017 04      29.626632   13  3  5.5015    -4 25 35.109    08
2017 04      29.631030   13  3  5.4032    -4 25 34.473    08
2017 04      29.633229   13  3  5.3521    -4 25 34.099    08
2017 04      29.635428   13  3  5.3014    -4 25 33.770    08
2017 04      29.637627   13  3  5.2499    -4 25 33.473    08
2017 04      29.639826   13  3  5.2002    -4 25 33.123    08
2017 04      29.644225   13  3  5.1008    -4 25 32.492    08
2017 04      29.648623   13  3  5.0000    -4 25 31.790    08
2017 04      29.650822   13  3  4.9514    -4 25 31.472    08
2017 04      29.653021   13  3  4.8996    -4 25 31.117    08
2017 04      29.655220   13  3  4.8478    -4 25 30.822    08
2017 04      30.703773   13  2 41.8909    -4 22 55.125    08
2017 04      30.709097   13  2 41.7692    -4 22 54.312    08
2017 04      30.717083   13  2 41.5910    -4 22 53.102    08
2017 04      30.719745   13  2 41.5320    -4 22 52.737    08
2017 04      30.722407   13  2 41.4737    -4 22 52.326    08
2017 04      30.725069   13  2 41.4085    -4 22 51.987    08
2017 04      30.727731   13  2 41.3502    -4 22 51.588    08
2017 04      30.735729   13  2 41.1706    -4 22 50.421    08
2017 04      30.738391   13  2 41.1115    -4 22 49.986    08
2017 04      30.743495   13  2 41.0010    -4 22 49.253    08
2017 04      30.746157   13  2 40.9369    -4 22 48.869    08
2017 05       1.639282   13  2 21.8461    -4 20 38.982    08
2017 05       1.641481   13  2 21.8000    -4 20 38.675    08
2017 05       1.643681   13  2 21.7482    -4 20 38.345    08
2017 05       1.645880   13  2 21.7003    -4 20 38.031    08
2017 05       1.648079   13  2 21.6503    -4 20 37.720    08
2017 05       1.650278   13  2 21.6046    -4 20 37.409    08
2017 05       1.652477   13  2 21.5556    -4 20 37.047    08
2017 05       1.654676   13  2 21.5070    -4 20 36.735    08
2017 05       1.656875   13  2 21.4570    -4 20 36.383    08
2017 05       1.659074   13  2 21.4094    -4 20 36.057    08
2017 05       1.661273   13  2 21.3605    -4 20 35.742    08
2017 05       1.663472   13  2 21.3148    -4 20 35.456    08
2017 05       1.665671   13  2 21.2626    -4 20 35.202    08
2017 05       1.667870   13  2 21.2154    -4 20 34.837    08
2017 05       1.751875   13  2 19.3747    -4 20 22.727    08
2017 05       1.754074   13  2 19.3247    -4 20 22.438    08
2017 05       1.756273   13  2 19.2743    -4 20 22.098    08
2017 05       1.758472   13  2 19.2260    -4 20 21.749    08
2017 05       1.762870   13  2 19.1346    -4 20 21.146    08
2017 05       1.767269   13  2 19.0381    -4 20 20.551    08
2017 05       2.595463   13  2  1.7196    -4 18 22.608    08
2017 05       2.597905   13  2  1.6656    -4 18 22.238    08
2017 05       2.600336   13  2  1.6112    -4 18 21.957    08
2017 05       2.602766   13  2  1.5572    -4 18 21.547    08
2017 05       2.607627   13  2  1.4546    -4 18 20.994    08
2017 05       2.610058   13  2  1.4028    -4 18 20.539    08
2017 05       2.612488   13  2  1.3513    -4 18 20.269    08
2017 05       2.614919   13  2  1.2970    -4 18 19.868    08
2017 05       2.617350   13  2  1.2448    -4 18 19.491    08
2017 05       2.619780   13  2  1.1933    -4 18 19.139    08
2017 05       2.622211   13  2  1.1411    -4 18 18.892    08
2017 05       2.717338   13  1 59.0822    -4 18  5.468    08
2017 05       2.719549   13  1 59.0387    -4 18  5.154    08
2017 05       2.723947   13  1 58.9418    -4 18  4.515    08
2017 05       2.728345   13  1 58.8497    -4 18  3.908    08
2017 05       2.730544   13  1 58.8000    -4 18  3.587    08
2017 05       2.732755   13  1 58.7521    -4 18  3.241    08
2017 05       2.739352   13  1 58.6128    -4 18  2.337    08
2017 05       2.741551   13  1 58.5660    -4 18  2.017    08
2017 05       2.743750   13  1 58.5138    -4 18  1.691    08
2017 05       2.745949   13  1 58.4684    -4 18  1.458    08
2017 05       2.748148   13  1 58.4220    -4 18  1.128    08
2017 05       2.750347   13  1 58.3748    -4 18  0.825    08
2018 04      19.694977   15 21 52.9362    -16  3  0.624   08
2018 04      19.697118   15 21 52.8887    -16  3  0.276   08
2018 04      19.701400   15 21 52.7760    -16  2 59.958   08
2018 04      19.703542   15 21 52.7033    -16  2 59.694   08
2018 04      19.763692   15 21 50.9483    -16  2 53.753   08
2018 04      19.767975   15 21 50.8262    -16  2 53.322   08
2018 04      19.770116   15 21 50.7586    -16  2 53.060   08
2018 04      19.772269   15 21 50.6981    -16  2 52.914   08
2018 04      19.774410   15 21 50.6387    -16  2 52.606   08
2018 04      19.776551   15 21 50.5750    -16  2 52.404   08
2018 04      19.780833   15 21 50.4331    -16  2 51.900   08
2018 04      19.782975   15 21 50.3813    -16  2 51.730   08
2018 04      19.785116   15 21 50.3150    -16  2 51.572   08
2018 04      20.676887   15 21 24.8674    -16  1 21.074   08
2018 04      20.681690   15 21 24.7194    -16  1 20.587   08
2018 04      20.684062   15 21 24.6539    -16  1 20.337   08
2018 04      20.686435   15 21 24.5837    -16  1 20.115   08
2018 04      20.688808   15 21 24.5142    -16  1 19.967   08
2018 04      20.691192   15 21 24.4379    -16  1 19.647   08
2018 04      20.693565   15 21 24.3688    -16  1 19.516   08
2018 04      20.695937   15 21 24.3007    -16  1 19.137   08
2018 04      20.749444   15 21 22.7081    -16  1 13.440   08
2018 04      20.751817   15 21 22.6422    -16  1 13.412   08
2018 04      20.754190   15 21 22.5727    -16  1 13.201   08
2018 04      20.756563   15 21 22.5029    -16  1 12.723   08
2018 04      20.758935   15 21 22.4291    -16  1 12.670   08
2018 04      20.761308   15 21 22.3571    -16  1 12.457   08
2018 04      20.763692   15 21 22.2934    -16  1 11.981   08
2018 04      20.766065   15 21 22.2275    -16  1 11.810   08
2018 04      20.768438   15 21 22.1519    -16  1 11.633   08
                                                 