06 2010 12 10.68042 23 43 05.03 -02 58 43.7  +6680.3057  -1526.6519  -861.6028
06 2010 12 11.01112 23 43 09.56 -02 57 58.8  +6692.4135  -1494.4700  -822.9045
06 2010 12 11.07721 23 43 10.44 -02 57 50.1  +6691.6783  -1482.6732  -848.9790
06 2010 12 11.14342 23 43 11.37 -02 57 41.2  +6698.1903  -1483.8937  -792.3849
06 2010 12 11.27560 23 43 13.18 -02 57 22.6  +6697.1698  -1460.9443  -842.7641
06 2010 12 11.40790 23 43 15.01 -02 57 04.7  +6703.5941  -1450.8257  -810.6437
06 2010 12 11.54021 23 43 16.87 -02 56 46.3  +6709.3706  -1440.4705  -780.3719
06 2010 12 11.67238 23 43 18.70 -02 56 27.5  +6708.1348  -1417.1093  -832.0309
07 2010 06 23.53667 00 11 44.91 +00 06 19.6  +6902.6137   -188.9708  -205.4394
07 2010 06 23.66897 00 11 47.32 +00 06 37.6  +6903.0229   -173.1004  -203.2952
07 2010 06 23.80128 00 11 49.68 +00 06 55.1  +6903.2845   -157.2825  -202.7921
07 2010 06 23.93358 00 11 52.05 +00 07 12.8  +6903.7191   -141.3510  -200.8889
07 2010 06 23.99967 00 11 53.25 +00 07 21.6  +6905.2312   -127.7508  -158.3650
07 2010 06 24.06576 00 11 54.41 +00 07 30.5  +6906.3899   -114.2030  -115.4805
07 2010 06 24.06589 00 11 54.42 +00 07 30.3  +6904.4121   -125.0831  -198.3276
07 2010 06 24.13197 00 11 55.60 +00 07 39.0  +6905.7384   -111.6407  -155.5709
07 2010 06 24.19806 00 11 56.77 +00 07 47.8  +6906.6835    -98.2863  -113.2333
07 2010 06 24.26428 00 11 57.93 +00 07 56.6  +6905.9145    -95.8496  -153.7980
07 2010 06 24.39658 00 12 00.27 +00 08 14.0  +6905.9291    -80.0303  -152.9823
07 2010 06 24.52888 00 12 02.58 +00 08 31.2  +6906.2625    -63.8510  -148.7220
09 2010 06 24.46280 00 16 15.06  0 -07 52.6  +6905.0582    -77.4371  -192.9657
09 2010 06 24.59510 00 16 18.24  0 -07 36.3  +6905.3434    -61.3273  -188.7394
09 2010 06 24.72740 00 16 21.46  0 -07 21.8  +6905.3448    -45.4951  -187.6803
09 2010 06 24.85971 00 16 24.64  0 -07 06.4  +6905.3649    -29.7750  -187.1680
09 2010 06 24.92579 00 16 26.22  0 -06 58.9  +6906.4297    -16.2618  -144.4277
09 2010 06 24.92592 00 16 26.22  0 -06 59.0  +6904.2562    -27.1741  -227.3021
09 2010 06 24.99201 00 16 27.82  0 -06 51.5  +6905.7035    -13.5757  -184.9329
09 2010 06 25.05810 00 16 29.40  0 -06 44.0  +6906.8014     -0.0107  -142.1973
09 2010 06 25.05823 00 16 29.39  0 -06 43.8  +6904.6844    -10.9216  -225.0372
09 2010 06 25.12431 00 16 30.97  0 -06 36.1  +6905.9692     +2.5445  -182.3045
09 2010 06 25.19040 00 16 32.55  0 -06 29.1  +6906.8582    +15.9123  -140.0031
09 2010 06 25.32271 00 16 35.70  0 -06 14.1  +6906.6558    +31.6715  -138.7711
09 2010 06 25.45501 00 16 38.84  0 -05 59.2  +6906.5523    +47.5977  -137.2541
09 2010 06 25.58731 00 16 41.97  0 -05 44.7  +6906.5121    +63.5734  -134.0086
10 2010 06 21.68454 00 05 35.98 -01 11 44.9  +6888.1211   -422.9624  -317.1861
10 2010 06 21.68467 00 05 35.96 -01 11 45.1  +6883.2355   -433.6170  -399.9729
10 2010 06 21.81685 00 05 38.90 -01 11 26.3  +6888.9825   -407.1922  -316.6016
10 2010 06 21.94915 00 05 41.81 -01 11 08.4  +6890.1085   -391.2035  -314.3375
10 2010 06 22.08146 00 05 44.75 -01 10 49.3  +6891.4249   -374.9771  -311.4696
10 2010 06 22.14767 00 05 46.20 -01 10 40.0  +6889.6908   -372.3638  -351.5786
10 2010 06 22.21376 00 05 47.65 -01 10 30.8  +6892.3502   -359.1248  -309.2178
10 2010 06 22.27997 00 05 49.10 -01 10 21.9  +6890.4961   -356.6054  -349.7688
10 2010 06 22.34606 00 05 50.57 -01 10 12.9  +6892.9797   -343.3471  -307.8730
10 2010 06 22.41228 00 05 52.00 -01 10 03.1  +6891.1754   -340.7409  -348.5541
10 2010 06 22.54458 00 05 54.90 -01 09 44.6  +6892.1980   -324.6696  -344.6761
10 2010 06 22.67676 00 05 57.74 -01 09 27.0  +6896.9597   -298.0602  -259.7642
10 2010 06 22.67689 00 05 57.77 -01 09 26.6  +6892.9589   -308.8214  -342.5546
10 2010 06 22.80906 00 06 00.63 -01 09 08.3  +6897.5276   -282.2497  -259.1133
12 2010 06 23.80115 00 11 21.84 +00 16 44.5  +6905.3679   -146.4019  -119.9112
12 2010 06 23.93345 00 11 24.03 +00 16 59.7  +6905.7565   -130.4699  -118.0074
12 2010 06 23.99967 00 11 25.10 +00 17 07.7  +6905.2312   -127.7508  -158.3650
12 2010 06 24.06576 00 11 26.20 +00 17 15.6  +6906.3899   -114.2030  -115.4805
12 2010 06 24.13197 00 11 27.28 +00 17 22.3  +6905.7384   -111.6407  -155.5709
12 2010 06 24.26428 00 11 29.40 +00 17 38.8  +6905.9145    -95.8496  -153.7980
12 2010 06 24.39645 00 11 31.56 +00 17 54.3  +6907.2928    -69.1306   -70.1213
12 2010 06 24.52888 00 11 33.68 +00 18 10.1  +6906.2625    -63.8510  -148.7220
12 2010 06 24.66106 00 11 35.79 +00 18 25.3  +6907.6028    -37.0702   -63.7002
