06 2010 06 22.081328 00 06 16.282 -00 25 55.06   -    -  +6895.1490   -364.2349   -228.6362  158689
06 2010 06 22.213632 00 06 18.727 -00 25 45.84   -    -  +6896.0231   -348.3734   -226.4141  158689
06 2010 06 22.345935 00 06 21.149 -00 25 36.59   -    -  +6896.6130   -332.5863   -225.0661  158689
06 2010 06 22.544455 00 06 24.763 -00 25 22.48   -    -  +6896.2459   -313.9190   -261.8562  158689
06 2010 06 22.676758 00 06 27.146 -00 25 12.68   -    -  +6896.9538   -298.0599   -259.7640  158689
06 2010 06 22.808935 00 06 29.551 -00 25 04.58   -    -  +6900.4774   -271.4359   -176.2826  158689
06 2010 06 22.809063 00 06 29.542 -00 25 04.33   -    -  +6897.5216   -282.2495   -259.1131  158689
07 2010 06 23.536670 00 11 44.911 +00 06 19.69   -    -  +6902.6078   -188.9706   -205.4392  158689
07 2010 06 23.668973 00 11 47.316 +00 06 37.58   -    -  +6903.0169   -173.1002   -203.2950  158689
07 2010 06 23.801278 00 11 49.680 +00 06 55.19   -    -  +6903.2785   -157.2824   -202.7920  158689
07 2010 06 23.933581 00 11 52.054 +00 07 12.94   -    -  +6903.7131   -141.3509   -200.8888  158689
07 2010 06 23.999669 00 11 53.246 +00 07 21.54   -    -  +6905.2252   -127.7507   -158.3649  158689
07 2010 06 24.065758 00 11 54.418 +00 07 30.07   -    -  +6906.3840   -114.2029   -115.4804  158690
07 2010 06 24.065885 00 11 54.415 +00 07 30.43   -    -  +6904.4062   -125.0830   -198.3274  158690
07 2010 06 24.131973 00 11 55.608 +00 07 38.89   -    -  +6905.7324   -111.6406   -155.5707  158690
07 2010 06 24.198061 00 11 56.765 +00 07 47.68   -    -  +6906.6775    -98.2862   -113.2332  158690
07 2010 06 24.396581 00 12 00.266 +00 08 14.03   -    -  +6905.9232    -80.0303   -152.9822  158690
07 2010 06 24.528883 00 12 02.578 +00 08 31.16   -    -  +6906.2565    -63.8510   -148.7218  158690
07 2022 06 30.34291  00 31 48.67  +02 13 17.5   20    R  +5388.7870  +4008.8016  +1314.8021  158693
07 2022 06 30.73434  00 31 56.17  +02 14 11.7    -    -  +5360.2828  +4044.6657  +1321.3591  158693
07 2022 06 30.79954  00 31 57.37  +02 14 21.5    -    -  +5349.0320  +4050.1728  +1349.6024  158693
07 2022 07 01.06045  00 32 02.31  +02 14 57.2    -    -  +5323.3295  +4073.3480  +1380.8603  158694
07 2022 07 01.58241  00 32 12.08  +02 16 08.5    -    -  +5291.6101  +4121.1315  +1360.9051  158694
08 2010 06 21.684417 00 04 03.648 -00 13 17.22   -    -  +6891.9898   -412.2494   -234.3833  158694
08 2010 06 21.816720 00 04 07.034 -00 13 00.95   -    -  +6892.8188   -396.4649   -233.7659  158694
08 2010 06 21.949024 00 04 10.397 -00 12 44.86   -    -  +6893.8941   -380.4708   -231.5017  158694
08 2010 06 22.081328 00 04 13.771 -00 12 28.62   -    -  +6895.1490   -364.2349   -228.6362  158694
08 2010 06 22.147416 00 04 15.418 -00 12 20.20   -    -  +6897.0907   -350.8702   -185.9452  158694
08 2010 06 22.213632 00 04 17.126 -00 12 12.64   -    -  +6896.0231   -348.3734   -226.4141  158694
08 2010 06 22.279720 00 04 18.811 -00 12 04.68   -    -  +6897.8064   -335.0880   -184.1313  158694
08 2010 06 22.345935 00 04 20.496 -00 11 56.54   -    -  +6896.6130   -332.5863   -225.0661  158694
08 2010 06 22.412023 00 04 22.152 -00 11 48.62   -    -  +6898.4040   -319.2129   -182.9098  158694
08 2010 06 22.544328 00 04 25.495 -00 11 32.50   -    -  +6899.2879   -303.1267   -179.0289  158694
08 2010 06 22.676631 00 04 28.805 -00 11 16.69   -    -  +6899.9453   -287.2511   -176.9047  158694
08 2010 06 22.808935 00 04 32.119 -00 11 00.85   -    -  +6900.4774   -271.4359   -176.2826  158694
08 2010 06 22.941238 00 04 35.419 -00 10 45.08   -    -  +6901.2062   -255.4627   -174.1472  158694
09 2010 06 24.462796 00 16 15.062 -00 07 52.64   -    -  +6905.0523    -77.4371   -192.9655  158695
09 2010 06 24.595098 00 16 18.250 -00 07 36.66   -    -  +6905.3374    -61.3272   -188.7392  158695
09 2010 06 24.727403 00 16 21.461 -00 07 21.90   -    -  +6905.3389    -45.4951   -187.6801  158695
09 2010 06 24.859706 00 16 24.636 -00 07 06.46   -    -  +6905.3589    -29.7749   -187.1679  158695
09 2010 06 24.925794 00 16 26.220 -00 06 59.00   -    -  +6906.4238    -16.2618   -144.4276  158695
09 2010 06 24.925921 00 16 26.230 -00 06 58.93   -    -  +6904.2502    -27.1741   -227.3019  158695
09 2010 06 24.992010 00 16 27.821 -00 06 51.48   -    -  +6905.6975    -13.5757   -184.9328  158695
09 2010 06 25.058098 00 16 29.398 -00 06 44.06   -    -  +6906.7954     -0.0107   -142.1972  158695
09 2010 06 25.058226 00 16 29.395 -00 06 43.85   -    -  +6904.6784    -10.9216   -225.0370  158695
09 2010 06 25.124314 00 16 30.960 -00 06 36.25   -    -  +6905.9633     +2.5445   -182.3044  158695
09 2010 06 25.190402 00 16 32.551 -00 06 29.12   -    -  +6906.8523    +15.9123   -140.0029  158695
09 2010 06 25.322706 00 16 35.700 -00 06 14.11   -    -  +6906.6499    +31.6715   -138.7710  158695
09 2010 06 25.587314 00 16 41.966 -00 05 44.56   -    -  +6906.5062    +63.5733   -134.0084  158695
10 2010 06 21.684544 00 05 35.986 -01 11 45.49   -    -  +6888.1152   -422.9620   -317.1858  158700
10 2010 06 21.684671 00 05 35.964 -01 11 44.99   -    -  +6883.2296   -433.6167   -399.9726  158700
10 2010 06 21.816847 00 05 38.904 -01 11 26.63   -    -  +6888.9766   -407.1919   -316.6013  158700
10 2010 06 21.949152 00 05 41.822 -01 11 07.94   -    -  +6890.1026   -391.2031   -314.3372  158700
10 2010 06 22.081455 00 05 44.750 -01 10 49.33   -    -  +6891.4190   -374.9768   -311.4693  158700
10 2010 06 22.147670 00 05 46.205 -01 10 39.94   -    -  +6889.6848   -372.3635   -351.5783  158700
10 2010 06 22.213759 00 05 47.650 -01 10 30.90   -    -  +6892.3443   -359.1245   -309.2176  158700
10 2010 06 22.279975 00 05 49.097 -01 10 21.58   -    -  +6890.4901   -356.6051   -349.7685  158700
10 2010 06 22.346063 00 05 50.556 -01 10 12.47   -    -  +6892.9738   -343.3468   -307.8727  158700
10 2010 06 22.412278 00 05 51.991 -01 10 03.07   -    -  +6891.1695   -340.7406   -348.5538  158700
10 2010 06 22.544582 00 05 54.898 -01 09 44.60   -    -  +6892.1920   -324.6693   -344.6758  158700
10 2010 06 22.676758 00 05 57.749 -01 09 26.50   -    -  +6896.9538   -298.0599   -259.7640  158700
10 2010 06 22.676885 00 05 57.763 -01 09 26.35   -    -  +6892.9529   -308.8211   -342.5543  158700
10 2010 06 22.809063 00 06 00.631 -01 09 08.42   -    -  +6897.5216   -282.2495   -259.1131  158700
12 2010 06 23.536670 00 11 17.470 +00 16 12.04   -    -  +6902.6078   -188.9706   -205.4392  158702
12 2010 06 23.668846 00 11 19.673 +00 16 27.44   -    -  +6905.1328   -162.2307   -120.4469  158702
12 2010 06 23.801150 00 11 21.842 +00 16 43.86   -    -  +6905.3619   -146.4018   -119.9110  158702
12 2010 06 23.933454 00 11 24.034 +00 16 59.52   -    -  +6905.7505   -130.4698   -118.0073  158702
12 2010 06 24.065758 00 11 26.203 +00 17 15.47   -    -  +6906.3840   -114.2029   -115.4804  158702
12 2010 06 24.131973 00 11 27.274 +00 17 23.24   -    -  +6905.7324   -111.6406   -155.5707  158702
12 2010 06 24.198061 00 11 28.325 +00 17 31.06   -    -  +6906.6775    -98.2862   -113.2332  158702
12 2010 06 24.264277 00 11 29.407 +00 17 38.98   -    -  +6905.9085    -95.8495   -153.7979  158702
12 2010 06 24.396454 00 11 31.560 +00 17 54.31   -    -  +6907.2869    -69.1306    -70.1213  158702
12 2010 06 24.396581 00 11 31.550 +00 17 54.67   -    -  +6905.9232    -80.0303   -152.9822  158702
12 2010 06 24.528756 00 11 33.672 +00 18 10.04   -    -  +6907.5456    -52.9474    -65.8295  158702
12 2010 06 24.528883 00 11 33.674 +00 18 10.33   -    -  +6906.2565    -63.8510   -148.7218  158702
12 2010 06 24.661059 00 11 35.791 +00 18 25.45   -    -  +6907.5969    -37.0701    -63.7002  158702
13 2010 06 21.949024 00 05 08.215 -00 18 27.47   -    -  +6893.8941   -380.4708   -231.5017  158702
13 2010 06 22.081328 00 05 11.371 -00 18 10.76   -    -  +6895.1490   -364.2349   -228.6362  158702
13 2010 06 22.213632 00 05 14.542 -00 17 53.95   -    -  +6896.0231   -348.3734   -226.4141  158702
13 2010 06 22.345935 00 05 17.657 -00 17 37.25   -    -  +6896.6130   -332.5863   -225.0661  158702
13 2010 06 22.412023 00 05 19.219 -00 17 28.64   -    -  +6898.4040   -319.2129   -182.9098  158702
13 2010 06 22.544328 00 05 22.332 -00 17 10.68   -    -  +6899.2879   -303.1267   -179.0289  158702
13 2010 06 22.676631 00 05 25.445 -00 16 54.77   -    -  +6899.9453   -287.2511   -176.9047  158702
13 2010 06 22.808935 00 05 28.526 -00 16 37.56   -    -  +6900.4774   -271.4359   -176.2826  158702
13 2010 06 22.941238 00 05 31.601 -00 16 21.61   -    -  +6901.2062   -255.4627   -174.1472  158702
