06  2010 07 26.62051  00 10 45.25   0 -29 48.0   415  71528     15.6 V
06  2010 07 26.62196  00 10 45.24   0 -29 48.1   415  71528     15.6 V
06  2010 08 12.37281  00 08 23.38  -01 01 47.8   691  71528     15.3 V
06  2010 08 12.39061  00 08 23.13  -01 01 50.4   691  71528     15.2 V
06  2010 08 12.40840  00 08 22.87  -01 01 52.9   691  71528     15.3 V
06  2010 08 16.60987  00 07 21.84  -01 12 14.8   415  71528     15.1 V
06  2010 08 16.61133  00 07 21.82  -01 12 14.5   415  71528     15.0 V
06  2010 08 17.470900 00 07 08.118 -01 14 30.49  673  71528
06  2010 08 17.474492 00 07 08.058 -01 14 31.05  673  71528
06  2010 08 18.458219 00 06 52.058 -01 17 05.55  673  71528
06  2010 08 18.461874 00 06 51.994 -01 17 06.12  673  71528
06  2010 08 19.363091 00 06 36.978 -01 19 29.53  673  71528
06  2010 08 19.366823 00 06 36.915 -01 19 30.10  673  71528
06  2010 08 30.18054  00 03 09.07  -01 49 53.7   I77  71952     14.5 R
06  2010 08 31.16244  00 02 48.08  -01 52 46.8   I77  71952     14.4 R
06  2010 08 31.16296  00 02 48.09  -01 52 46.4   I77  71952     14.5 R
06  2010 09 06.06507  00 00 36.28  -02 10 09.3   I77  71952     14.4 R
06  2010 09 06.09744  00 00 35.51  -02 10 14.9   I77  71952     14.6 R
06  2010 09 06.13391  00 00 34.65  -02 10 21.3   I77  71952     14.5 R
06  2010 09 06.16652  00 00 33.86  -02 10 27.1   I77  71952     14.5 R
06  2010 09 06.19984  00 00 33.04  -02 10 33.0   I77  71952     14.6 R
06  2010 10 14.01630  23 46 16.74  -03 37 46.2   809  72435     14.4 R
06  2010 10 14.11719  23 46 14.85  -03 37 53.6   809  72435     14.5 R
06  2010 10 14.23392  23 46 12.61  -03 38 02.2   809  72435     14.4 R
06  2010 10 18.78388  23 44 54.07  -03 42 53.4   J37  72435     14.6 V
06  2010 10 18.82302  23 44 53.41  -03 42 56.3   J37  72435     14.6 V
06  2010 10 31.41993  23 42 06.06  -03 48 23.2   415  72435     15.0 V
06  2010 10 31.42045  23 42 06.07  -03 48 23.7   415  72435     15.3 V
06  2010 11 17.121574 23 40 34.721 -03 38 57.71  673  72435
06  2010 11 17.125075 23 40 34.718 -03 38 57.46  673  72435
06  2010 11 17.128619 23 40 34.712 -03 38 57.24  673  72435
06  2010 11 18.131861 23 40 34.345 -03 37 50.09  673  72435
06  2010 11 18.136385 23 40 34.344 -03 37 49.76  673  72435
06  2010 11 18.139471 23 40 34.342 -03 37 49.55  673  72435
06  2011 01 05.23221  23 52 00.64  -01 46 46.9   F51  73049     17.4 w
06  2011 01 05.23824  23 52 00.78  -01 46 45.0   F51  73049     16.1 w
06  2011 01 05.24438  23 52 00.87  -01 46 43.6   F51  73049     17.9 w
07  2009 10 15.176951 21 19 35.325 -16 27 01.01  673  67395
07  2009 10 15.180619 21 19 35.295 -16 27 01.08  673  67395
07  2009 11 18.06850  21 25 14.60  -15 46 33.3   704  67668     18.2
07  2009 11 18.08104  21 25 14.90  -15 46 31.5   704  67668     18.4
07  2009 11 18.09368  21 25 15.13  -15 46 30.3   704  67668     18.3
07  2009 11 18.10620  21 25 15.42  -15 46 28.7   704  67668     18.5
07  2009 11 18.11884  21 25 15.83  -15 46 26.8   704  67668     18.4
07  2010 07 26.62552  00 14 54.41  +00 32 57.6   415  71528     17.0 V
07  2010 07 26.62766  00 14 54.37  +00 32 57.3   415  71528     16.8 V
07  2010 08 16.61742  00 09 32.92   0 -04 39.6   415  71528     16.4 V
07  2010 08 16.61887  00 09 32.89   0 -04 39.8   415  71528     15.6 V
07  2010 08 18.466272 00 08 50.024  0 -09 58.24  673  71528
07  2010 08 18.469955 00 08 49.934  0 -09 58.88  673  71528
07  2010 08 19.370689 00 08 28.431  0 -12 39.10  673  71528
07  2010 08 19.373947 00 08 28.353  0 -12 39.68  673  71528
07  2010 08 20.79004  00 07 53.49   0 -16 59.5   D29  72435     16.2 R
07  2010 08 20.80332  00 07 53.14   0 -17 01.8   D29  72435     16.3 R
07  2010 08 20.81624  00 07 52.82   0 -17 04.3   D29  72435     16.3 R
07  2010 08 20.82941  00 07 52.48   0 -17 06.7   D29  72435     16.2 R
07  2010 09 01.38252  00 02 34.02   0 -57 43.4   704  71952     16.7
07  2010 09 01.39394  00 02 33.69   0 -57 46.9   704  71952     18.1
07  2010 09 01.41675  00 02 33.01   0 -57 52.2   704  71952     16.7
07  2010 09 06.22405  00 00 07.68  -01 16 55.6   H82  71952     16.2 R
07  2010 09 06.23867  00 00 07.22  -01 16 59.4   H82  71952     16.2 R
07  2010 09 06.25189  00 00 06.80  -01 17 02.4   H82  71952     16.3 R
07  2010 09 07.22736  23 59 36.81  -01 21 01.1   H82  71952     16.3 R
07  2010 09 07.24163  23 59 36.38  -01 21 04.6   H82  71952     16.2 R
07  2010 09 07.25484  23 59 35.94  -01 21 07.7   H82  71952     16.4 R
07  2010 09 11.34073  23 57 29.30  -01 38 03.3   703  71952     16.0 V
07  2010 09 11.34741  23 57 29.08  -01 38 04.7   703  71952     15.9 V
07  2010 09 11.35413  23 57 28.90  -01 38 06.3   703  71952     16.0 V
07  2010 09 11.36081  23 57 28.69  -01 38 08.0   703  71952     16.0 V
07  2010 10 31.42484  23 38 55.73  -04 17 07.9   415  72435     16.6 V
07  2010 10 31.42629  23 38 55.72  -04 17 08.2   415  72435     16.5 V
08  2009 10 15.167997 21 16 10.534 -15 56 42.96  673  67395
08  2009 10 15.172842 21 16 10.523 -15 56 43.01  673  67395
08  2009 11 18.06850  21 22 56.27  -15 20 07.6   704  67668     18.1
08  2009 11 18.08104  21 22 56.52  -15 20 06.7   704  67668     18.4
08  2009 11 18.09368  21 22 56.85  -15 20 04.2   704  67668     18.1
08  2009 11 18.11884  21 22 57.49  -15 20 01.9   704  67668     18.6
08  2010 05 21.78823  23 46 57.00  -01 46 21.6   E12  70653     17.2 V
08  2010 05 21.79823  23 46 57.39  -01 46 18.9   E12  70653     17.6 V
08  2010 05 21.80826  23 46 57.79  -01 46 16.8   E12  70653     17.3 V
08  2010 05 21.81813  23 46 58.18  -01 46 15.1   E12  70653     17.4 V
08  2010 06 11.75554  23 59 22.81   0 -37 02.8   E12  70653     17.4 V
08  2010 06 11.76793  23 59 23.17   0 -37 00.5   E12  72435     17.4 V
08  2010 06 11.78040  23 59 23.53   0 -36 58.7   E12  72435     17.4 V
08  2010 06 11.79292  23 59 23.89   0 -36 56.2   E12  72435     17.4 V
08  2010 07 26.63268  00 12 45.53  +00 12 34.9   415  71528     17.3 V
08  2010 07 26.63552  00 12 45.53  +00 12 35.2   415  71528     16.7 V
08  2010 08 16.62352  00 11 23.96   0 -19 13.1   415  71528     17.2 V
08  2010 08 16.62567  00 11 23.93   0 -19 13.1   415  71528     17.5 V
08  2010 09 01.41857  00 07 20.23  -01 03 19.6   704  71952     18.1
08  2010 09 01.43005  00 07 19.98  -01 03 21.7   704  71952     18.6
08  2010 09 01.44151  00 07 19.73  -01 03 23.7   704  71952     18.5
08  2010 09 01.45296  00 07 19.52  -01 03 26.3   704  71952     18.7
08  2010 09 01.46440  00 07 19.25  -01 03 28.5   704  71952     18.5
08  2010 09 12.29953  00 03 24.67  -01 40 03.9   704  71952     17.2
08  2010 09 12.31189  00 03 24.46  -01 40 08.1   704  71952     17.6
08  2010 09 12.32423  00 03 24.14  -01 40 10.9   704  71952     17.6
08  2010 09 12.33657  00 03 23.84  -01 40 13.4   704  71952     17.6
08  2010 09 12.34890  00 03 23.53  -01 40 16.1   704  71952     17.5
08  2010 10 03.918157 23 54 31.93  -02 54 43.2   198  72435     16.7 V
08  2010 10 03.932299 23 54 31.58  -02 54 46.0   198  72435     16.7 V
08  2010 10 03.946455 23 54 31.22  -02 54 49.0   198  72435     16.8 V
08  2010 10 03.949279 23 54 31.16  -02 54 49.4   198  72436     16.7 V
08  2010 10 03.960599 23 54 30.86  -02 54 51.5   198  72436     16.8 V
08  2010 10 03.974757 23 54 30.52  -02 54 54.1   198  72436     16.7 V
08  2010 10 04.813337 23 54 10.30  -02 57 34.0   198  72436     16.1 V
08  2010 10 04.831539 23 54 09.82  -02 57 37.5   198  72436     16.2 V
08  2010 10 04.841550 23 54 09.58  -02 57 39.4   198  72436     16.2 V
08  2010 10 04.843338 23 54 09.54  -02 57 39.7   198  72436     16.4 V
08  2010 10 04.860500 23 54 09.13  -02 57 42.7   198  72436     16.1 V
08  2010 10 04.866696 23 54 08.96  -02 57 44.0   198  72436     16.7 V
08  2010 10 04.867759 23 54 08.93  -02 57 44.1   198  72436     16.7 V
08  2010 10 04.868820 23 54 08.91  -02 57 44.3   198  72436     16.6 V
08  2010 10 05.883943 23 53 44.49  -03 00 55.1   198  72436     16.7 V
08  2010 10 05.894596 23 53 44.23  -03 00 56.8   198  72436     16.7 V
08  2010 10 05.905241 23 53 43.97  -03 00 59.0   198  72436     16.2 V
08  2010 10 05.915894 23 53 43.70  -03 01 00.9   198  72436     16.4 V
08  2010 10 05.926535 23 53 43.45  -03 01 02.9   198  72436     16.7 V
08  2010 10 05.937194 23 53 43.18  -03 01 04.7   198  72436     16.3 V
08  2010 10 07.21913  23 53 12.69  -03 05 00.7   704  72436     16.6
08  2010 10 07.23285  23 53 12.33  -03 05 03.4   704  72436     17.0
08  2010 10 07.24614  23 53 12.07  -03 05 04.6   704  72436     17.2
08  2010 10 07.25947  23 53 11.69  -03 05 07.1   704  72436     17.0
08  2010 10 07.27282  23 53 11.39  -03 05 09.6   704  72436     16.9
08  2010 10 11.22952  23 51 39.99  -03 16 46.5   704  72436     16.6
08  2010 10 11.24342  23 51 39.66  -03 16 48.9   704  72436     17.1
08  2010 10 11.25718  23 51 39.33  -03 16 51.3   704  72436     17.1
08  2010 10 11.27090  23 51 39.01  -03 16 53.5   704  72436     17.1
08  2010 10 11.28464  23 51 38.67  -03 16 56.2   704  72436     17.3
08  2010 10 31.43187  23 45 31.83  -03 59 44.0   415  72436     16.7 V
08  2010 10 31.43355  23 45 31.81  -03 59 44.3   415  72436     16.8 V
09  2009 11 08.53718  21 16 10.65  -16 17 42.4   415  67668     18.7 V
09  2009 11 18.06823  21 20 08.01  -16 01 07.5   704  67668     18.5
09  2009 11 18.08076  21 20 08.37  -16 01 05.7   704  67668     18.6
09  2009 11 18.09340  21 20 08.71  -16 01 03.9   704  67668     18.7
09  2009 11 18.10593  21 20 09.09  -16 01 02.7   704  67668     18.8
09  2009 11 18.11856  21 20 09.39  -16 01 01.9   704  67668     18.6
09  2010 06 11.76144  00 10 18.26   0 -37 54.7   E12  70653     18.4 V
09  2010 06 11.77384  00 10 18.62   0 -37 53.1   E12  70653     18.7 V
09  2010 06 11.78633  00 10 19.05   0 -37 51.3   E12  70653     18.6 V
09  2010 06 11.79892  00 10 19.45   0 -37 49.0   E12  70653     18.5 V
09  2010 07 26.65378  00 23 23.42  +00 15 16.7   415  71528     18.5 V
09  2010 07 26.65805  00 23 23.45  +00 15 16.4   415  71528     18.8 V
09  2010 08 16.63819  00 21 11.76   0 -13 20.0   415  71528     17.3 V
09  2010 08 16.64653  00 21 11.66   0 -13 21.2   415  71528     17.4 V
09  2010 09 01.41974  00 16 15.02   0 -54 16.3   704  71952     17.8
09  2010 09 01.43121  00 16 14.72   0 -54 18.2   704  71952     18.5
09  2010 09 01.44267  00 16 14.47   0 -54 20.8   704  71952     19.0
09  2010 09 01.45412  00 16 14.19   0 -54 22.1   704  71952     18.4
09  2010 09 01.46556  00 16 13.90   0 -54 24.4   704  71952     18.1
09  2010 09 04.32745  00 15 05.56  -01 03 08.1   704  71952     17.9
09  2010 09 04.34060  00 15 05.21  -01 03 09.8   704  71952     18.2
09  2010 09 04.35395  00 15 04.85  -01 03 13.2   704  71952     19.1
09  2010 09 09.97402  00 12 40.41  -01 21 09.0   J75  71952     17.4 V
09  2010 09 09.98668  00 12 40.09  -01 21 11.6   J75  71952     17.4 V
09  2010 09 09.99933  00 12 39.75  -01 21 13.8   J75  71952     17.3 V
09  2010 09 12.18322  00 11 40.65  -01 28 24.0   H15  71952     17.9 R
09  2010 09 12.21564  00 11 39.73  -01 28 30.5   H15  71952     18.3 R
09  2010 09 12.24981  00 11 38.77  -01 28 37.3   H15  71952     18.3 R
09  2010 09 12.28134  00 11 37.89  -01 28 43.5   H15  71952     18.1 R
09  2010 09 15.36962  00 10 11.90  -01 38 59.6   H15  72436     18.0 R
09  2010 09 15.37788  00 10 11.66  -01 39 01.3   H15  72436     18.1 R
09  2010 09 15.38619  00 10 11.42  -01 39 02.9   H15  72436     18.0 R
09  2010 09 15.39446  00 10 11.19  -01 39 04.6   H15  72436     18.0 R
09  2010 09 29.26562  00 03 30.02  -02 25 04.4   703  72436     17.3 V
09  2010 09 29.27250  00 03 29.84  -02 25 05.6   703  72436     17.6 V
09  2010 09 29.27937  00 03 29.62  -02 25 07.1   703  72436     17.6 V
09  2010 09 29.28620  00 03 29.44  -02 25 08.2   703  72436     17.5 V
09  2010 10 01.29442  00 02 31.48  -02 31 31.8   704  72436     17.5
09  2010 10 01.30881  00 02 31.05  -02 31 34.5   704  72436     18.2
09  2010 10 01.32200  00 02 30.67  -02 31 37.0   704  72436     17.8
09  2010 10 01.33515  00 02 30.23  -02 31 39.4   704  72436     18.1
09  2010 10 01.34827  00 02 29.87  -02 31 42.5   704  72436     18.1
09  2010 10 02.28930  00 02 02.92  -02 34 38.3   704  72436     18.2
09  2010 10 02.32856  00 02 01.80  -02 34 46.3   704  72436     18.4
09  2010 10 02.34159  00 02 01.39  -02 34 48.1   704  72436     18.4
09  2010 10 31.44495  23 50 42.49  -03 43 05.2   415  72436     18.3 V
09  2010 10 31.44780  23 50 42.43  -03 43 05.5   415  72436     17.8 V
09  2010 10 31.45497  23 50 42.34  -03 43 06.1   415  72436     18.3 V
09  2010 11 02.57079  23 50 10.36  -03 45 47.0   E10  73049     17.8 R
09  2010 11 02.57286  23 50 10.32  -03 45 47.2   E10  73049     17.8 R
09  2011 01 04.07080  23 58 07.06  -02 23 42.1   704  73049     18.5
09  2011 01 04.08411  23 58 07.46  -02 23 38.7   704  73049     19.2
09  2011 01 04.09743  23 58 07.82  -02 23 36.3   704  73049     19.0
09  2011 01 04.11077  23 58 08.24  -02 23 32.8   704  73049     19.2
09  2011 01 04.12402  23 58 08.62  -02 23 30.0   704  73049     19.0
10  2010 10 08.23325  23 50 37.38  -02 14 45.4   704  72436     18.7
10  2010 10 08.24812  23 50 36.97  -02 14 48.0   704  72436     18.7
10  2010 10 08.26228  23 50 36.57  -02 14 50.6   704  72436     18.5
10  2010 10 08.27578  23 50 36.19  -02 14 52.7   704  72436     18.6
10  2010 10 31.46621  23 41 46.59  -03 18 02.2   415  72436     18.0 V
10  2010 10 31.47151  23 41 46.50  -03 18 03.1   415  72436     17.7 V
11  2009 11 08.52032  21 15 54.12  -17 28 59.1   415  67668     18.2 V
11  2009 11 08.52734  21 15 54.24  -17 28 58.4   415  67668     18.6 V
11  2009 11 18.06808  21 19 39.08  -17 10 11.8   704  67668     18.4
11  2009 11 18.08062  21 19 39.40  -17 10 09.7   704  67668     18.7
11  2009 11 18.09326  21 19 39.73  -17 10 08.2   704  67668     18.9
11  2009 11 18.10579  21 19 40.07  -17 10 06.5   704  67668     18.5
11  2009 11 18.11842  21 19 40.41  -17 10 04.6   704  67668     18.6
11  2010 08 16.66014  00 15 09.66  +00 08 57.8   415  71528     17.7 V
11  2010 08 16.66857  00 15 09.55  +00 08 57.8   415  71528     18.0 V
11  2010 08 20.79905  00 14 05.74  +00 02 20.6   D29  71952     17.5 R
11  2010 08 20.81196  00 14 05.49  +00 02 19.5   D29  71952     17.6 R
11  2010 08 20.82518  00 14 05.26  +00 02 18.2   D29  71952     17.5 R
11  2010 08 20.83807  00 14 05.07  +00 02 17.0   D29  71952     17.4 R
11  2010 09 01.41857  00 10 10.71   0 -21 49.6   704  71952     17.6
11  2010 09 01.43005  00 10 10.40   0 -21 51.2   704  71952     18.0
11  2010 09 01.44151  00 10 10.15   0 -21 53.3   704  71952     17.9
11  2010 09 01.45296  00 10 09.88   0 -21 54.8   704  71952     18.1
11  2010 09 01.46440  00 10 09.58   0 -21 56.6   704  71952     17.6
11  2010 09 04.32670  00 09 00.78   0 -29 01.1   704  71952     17.3
11  2010 09 04.33985  00 09 00.45   0 -29 03.1   704  71952     17.7
11  2010 09 04.35321  00 09 00.11   0 -29 05.4   704  71952     17.6
11  2010 09 04.36619  00 08 59.77   0 -29 07.3   704  71952     17.8
11  2010 09 04.37911  00 08 59.40   0 -29 09.0   704  71952     17.8
11  2010 09 11.89204  00 05 42.73   0 -49 20.9   106  71952     16.7 R
11  2010 09 11.90437  00 05 42.35   0 -49 22.8   106  71952     17.3 R
11  2010 09 11.91670  00 05 42.04   0 -49 25.0   106  71952     16.7 R
11  2010 09 11.92903  00 05 41.67   0 -49 27.3   106  71952     16.9 R
11  2010 10 01.29363  23 56 23.30  -01 46 15.9   704  72436     16.8
11  2010 10 01.30802  23 56 22.87  -01 46 18.5   704  72436     17.3
11  2010 10 01.32122  23 56 22.48  -01 46 21.1   704  72436     17.8
11  2010 10 01.33436  23 56 22.07  -01 46 23.6   704  72436     18.0
11  2010 10 01.34748  23 56 21.68  -01 46 25.7   704  72436     17.5
11  2010 10 02.28946  23 55 54.65  -01 49 09.7   704  72436     17.0
11  2010 10 02.31555  23 55 53.89  -01 49 14.4   704  72436     17.2
11  2010 10 02.32872  23 55 53.48  -01 49 16.8   704  72436     17.4
11  2010 10 02.34175  23 55 53.06  -01 49 19.3   704  72436     17.9
11  2010 10 08.21979  23 53 08.01  -02 05 56.6   704  72436     17.8
11  2010 10 08.23325  23 53 07.60  -02 05 59.3   704  72436     18.1
11  2010 10 08.24812  23 53 07.19  -02 06 02.3   704  72436     18.0
11  2010 10 08.26228  23 53 06.79  -02 06 04.5   704  72436     17.9
11  2010 10 08.27578  23 53 06.40  -02 06 06.8   704  72436     17.8
11  2010 10 30.26591  23 44 47.16  -02 55 29.8   704  72436     18.0
11  2010 10 30.27884  23 44 46.93  -02 55 31.2   704  72436     18.6
11  2010 10 30.29185  23 44 46.71  -02 55 32.5   704  72436     18.4
11  2010 10 30.30491  23 44 46.47  -02 55 33.7   704  72436     18.7
11  2010 10 30.31772  23 44 46.23  -02 55 35.4   704  72436     18.5
11  2010 10 31.47943  23 44 27.25  -02 57 23.7   415  72436     17.6 V
11  2010 10 31.48296  23 44 27.20  -02 57 24.2   415  72436     17.7 V
11  2010 11 05.10678  23 43 19.77  -03 03 50.7   704  72436     18.7
11  2010 11 05.11963  23 43 19.47  -03 03 52.0   704  72436     19.9
11  2010 11 05.13251  23 43 19.34  -03 03 53.3   704  72436     20.1
11  2010 11 05.15830  23 43 18.93  -03 03 56.2   704  72436     19.6
12  2009 11 08.49269  21 27 17.79  -17 11 13.0   415  67668     20.3 V
12  2009 11 08.50672  21 27 18.11  -17 11 10.9   415  67668     19.0 V
12  2010 08 16.68423  00 09 11.70  +00 10 18.3   415  71528     18.8 V
12  2010 08 16.69547  00 09 11.37  +00 10 16.8   415  71528     18.8 V
12  2010 09 11.33149  23 57 18.75  -01 09 28.5   G68  72436     18.7 R
12  2010 09 11.34073  23 57 18.46  -01 09 30.3   703  71952     18.2 V
12  2010 09 11.34741  23 57 18.21  -01 09 32.0   703  71952     18.1 V
12  2010 09 11.35413  23 57 17.96  -01 09 33.1   703  71953     18.0 V
12  2010 09 11.35927  23 57 17.86  -01 09 34.7   G68  72436     18.8 R
12  2010 09 11.36081  23 57 17.82  -01 09 34.9   703  71953     18.2 V
12  2010 09 11.38682  23 57 16.92  -01 09 40.7   G68  72436     18.3 R
12  2010 09 12.32825  23 56 46.46  -01 13 11.6   G68  72436     18.0 R
12  2010 09 12.35603  23 56 45.53  -01 13 18.1   G68  72436     18.7 R
12  2010 09 12.38497  23 56 44.58  -01 13 24.4   G68  72436     18.6 R
12  2010 09 13.32500  23 56 14.00  -01 16 56.5   G68  72436     18.1 R
12  2010 09 13.35278  23 56 13.07  -01 17 02.8   G68  72436     17.9 R
12  2010 09 13.38064  23 56 12.14  -01 17 09.1   G68  72436     18.4 R
12  2010 09 17.31274  23 54 03.10  -01 32 07.9   G68  72436     18.6 R
12  2010 09 17.34029  23 54 02.20  -01 32 14.4   G68  72436     18.7 R
12  2010 09 17.36806  23 54 01.25  -01 32 20.6   G68  72436     17.3 R
12  2010 09 18.30950  23 53 30.25  -01 35 58.1   G68  72436     18.3 R
12  2010 09 18.33728  23 53 29.32  -01 36 04.4   G68  72436     17.9 R
12  2010 09 18.36506  23 53 28.39  -01 36 11.3   G68  72436     18.4 R
12  2010 09 29.29468  23 47 32.35  -02 18 22.0   703  73049     18.1 V
12  2010 09 29.30153  23 47 32.13  -02 18 23.3   703  73049     18.2 V
12  2010 09 29.30846  23 47 31.88  -02 18 25.0   703  73049     17.9 V
12  2010 09 29.31534  23 47 31.70  -02 18 26.6   703  73049     18.2 V
12  2010 10 01.29174  23 46 29.50  -02 25 54.4   704  72436     18.7
12  2010 10 01.30613  23 46 29.09  -02 25 58.1   704  72436     18.9
12  2010 10 01.31932  23 46 28.60  -02 26 01.1   704  72436     18.8
12  2010 10 01.33247  23 46 28.17  -02 26 04.1   704  72436     19.0
12  2010 10 01.34558  23 46 27.75  -02 26 07.0   704  72436     18.6
12  2010 10 11.22820  23 41 37.52  -03 01 47.2   704  72436     19.1
12  2010 10 11.24209  23 41 37.08  -03 01 50.3   704  72436     19.3
12  2010 10 11.25585  23 41 36.71  -03 01 52.7   704  72436     19.4
12  2010 10 11.26959  23 41 36.34  -03 01 56.1   704  72436     19.6
12  2010 10 11.28332  23 41 35.95  -03 01 59.1   704  72436     19.4
12  2010 10 31.49136  23 34 32.40  -03 57 55.9   415  72436     19.0 V
12  2010 10 31.49838  23 34 32.29  -03 57 56.9   415  72436     19.3 V
