  6 2000 11 27.98579  04 19 46.38  +20 46 47.4  106
  6 2000 11 28.00271  04 19 45.69  +20 46 45.2  106
  6 2000 11 28.01971  04 19 45.01  +20 46 42.8  106
  6 2000 12 03.29733  04 16 16.87  +20 35 18.4  691
  6 2000 12 03.30387  04 16 16.61  +20 35 17.5  691
  6 2000 12 03.31015  04 16 16.36  +20 35 16.7  691
  6 2000 12 05.12972  04 15 05.28  +20 31 17.1  691
  6 2000 12 05.13368  04 15 05.11  +20 31 16.5  691
  6 2000 12 05.13762  04 15 04.96  +20 31 16.1  691
  7 2000 11 21.31001  04 17 46.65  +19 58 37.6  704
  7 2000 11 21.32461  04 17 46.11  +19 58 36.7  704
  7 2000 11 21.33922  04 17 45.62  +19 58 34.5  704
  7 2000 11 21.35383  04 17 45.12  +19 58 33.0  704
  7 2000 11 30.28545  04 12 51.03  +19 42 52.9  699
  7 2000 11 30.30259  04 12 50.46  +19 42 51.4  699
  7 2000 11 30.31974  04 12 49.88  +19 42 49.7  699
  7 2000 11 30.33698  04 12 49.34  +19 42 48.0  699
  8 2000 11 21.29619  04 16 58.89  +19 03 01.4  704
  8 2000 11 21.31082  04 16 58.33  +19 03 00.1  704
  8 2000 11 21.32542  04 16 57.79  +19 02 58.7  704
  8 2000 11 21.34003  04 16 57.28  +19 02 57.5  704
  8 2000 11 24.27504  04 15 07.60  +18 58 42.4  809
  8 2000 11 24.28003  04 15 07.40  +18 58 41.9  809
  8 2000 11 24.29291  04 15 06.91  +18 58 40.8  809
  8 2000 11 28.29842  04 12 36.85  +18 52 52.1  704
  8 2000 11 28.31329  04 12 36.33  +18 52 51.4  704
  8 2000 11 28.32833  04 12 35.71  +18 52 49.1  704
  9 2000 08 06.57180  04 22 23.33  +20 04 23.1  568
  9 2000 08 06.59592  04 22 24.15  +20 04 24.7  568
  9 2000 08 06.60959  04 22 24.61  +20 04 25.6  568
  9 2000 11 30.28545  04 10 55.85  +19 30 49.3  699
  9 2000 11 30.30259  04 10 55.25  +19 30 47.9  699
  9 2000 11 30.31974  04 10 54.61  +19 30 46.7  699
  9 2000 11 30.33698  04 10 54.03  +19 30 45.0  699
 10 2000 11 30.29890  04 20 23.53  +20 53 02.1  732
 10 2000 11 30.31097  04 20 23.12  +20 53 01.0  732
 10 2000 11 30.34708  04 20 22.12  +20 52 57.4  691
 10 2000 11 30.35102  04 20 21.99  +20 52 57.0  691
 10 2000 11 30.35505  04 20 21.86  +20 52 56.7  691
 11 2000 11 21.29593  04 17 04.96  +20 53 44.2  704
 11 2000 11 21.32516  04 17 03.75  +20 53 42.0  704
 11 2000 11 21.33976  04 17 03.21  +20 53 41.0  704
 11 2000 11 21.35438  04 17 02.62  +20 53 40.0  704
 11 2000 11 28.36996  04 12 32.29  +20 43 27.5  691
 11 2000 11 28.38462  04 12 31.71  +20 43 26.2  691
 11 2000 11 28.39982  04 12 31.12  +20 43 24.8  691
 11 2000 11 30.28545  04 11 18.68  +20 40 36.6  699
 11 2000 11 30.30259  04 11 18.03  +20 40 35.1  699
 11 2000 11 30.31974  04 11 17.38  +20 40 33.8  699
 11 2000 11 30.33698  04 11 16.68  +20 40 31.8  699
 12 2000 11 24.30836  04 29 22.13  +20 17 26.3  691
 12 2000 11 24.33068  04 29 21.37  +20 17 24.2  691
 12 2000 11 24.35302  04 29 20.63  +20 17 22.1  691
 12 2000 11 26.32658  04 28 15.72  +20 14 14.5  704
 12 2000 11 26.34139  04 28 15.24  +20 14 14.1  704
 12 2000 11 26.35626  04 28 14.66  +20 14 12.2  704
 12 2000 11 26.37266  04 28 14.10  +20 14 10.6  704
 13 2000 11 24.30436  04 23 08.74  +20 14 23.7  691
 13 2000 11 24.32668  04 23 08.02  +20 14 22.3  691
 13 2000 11 24.34903  04 23 07.33  +20 14 21.0  691