06  2000 09 16.517436 04 40 45.130 +21 43 18.20  689  63356
06  2000 09 21.504286 04 41 46.199 +21 46 48.99  689  63356
06  2000 09 22.502078 04 41 55.743 +21 47 23.50  689  63356
06  2000 09 23.498417 04 42 04.327 +21 47 55.02  689  63356
06  2000 09 24.496495 04 42 11.986 +21 48 24.37  689  63356
06  2000 09 25.493947 04 42 18.703 +21 48 50.75  689  63356
06  2000 09 28.485615 04 42 33.217 +21 49 53.91  689  63356
06  2000 09 29.483330 04 42 36.146 +21 50 09.67  689  63356
06  2000 09 30.479799 04 42 38.104 +21 50 22.59  689  63356
06  2000 10 01.477080 04 42 39.134 +21 50 32.74  689  63356
06  2000 10 03.472022 04 42 38.288 +21 50 45.23  689  63356
06  2000 10 05.466508 04 42 33.569 +21 50 47.01  689  63356
06  2000 10 06.463837 04 42 29.777 +21 50 43.91  689  63356
06  2000 10 07.461258 04 42 25.012 +21 50 37.80  689  63356
06  2000 10 09.455757 04 42 12.597 +21 50 17.81  689  63356
06  2000 10 12.446959 04 41 46.768 +21 49 27.32  689  63356
06  2000 10 13.444109 04 41 36.249 +21 49 05.29  689  63356
06  2000 10 14.440936 04 41 24.749 +21 48 39.84  689  63356
06  2000 10 15.438373 04 41 12.323 +21 48 12.63  689  63356
06  2000 10 18.429583 04 40 29.421 +21 46 32.51  689  63356
06  2000 10 20.423944 04 39 56.152 +21 45 12.27  689  63356
06  2000 10 21.421220 04 39 38.130 +21 44 27.82  689  63356
06  2000 11 02.384868 04 34 54.382 +21 32 04.93  689  63356
06  2000 11 08.365961 04 31 51.191 +21 23 32.94  689  63356
06  2000 11 09.363674 04 31 18.368 +21 21 59.31  689  63356
06  2000 11 15.344068 04 27 50.274 +21 11 50.69  689  63356
06  2000 11 16.341329 04 27 13.891 +21 10 01.79  689  63356
06  2000 11 17.338584 04 26 37.099 +21 08 11.11  689  63356
06  2000 11 18.335323 04 25 59.954 +21 06 18.64  689  63356
06  2000 11 19.331852 04 25 22.450 +21 04 24.29  689  63356
06  2000 11 21.325412 04 24 06.499 +21 00 30.38  689  63356
06  2000 11 24.316294 04 22 10.613 +20 54 27.79  689  63356
06  2000 11 25.312602 04 21 31.622 +20 52 24.43  689  63356
06  2000 11 26.309624 04 20 52.466 +20 50 19.48  689  63356
06  2000 11 27.306338 04 20 13.210 +20 48 13.65  689  63356
06  2000 12 06.277796 04 14 20.423 +20 28 46.17  689  63356
06  2000 12 30.202355 04 00 54.432 +19 40 06.43  689  63356
06  2001 01 04.188221 03 58 53.806 +19 32 13.15  689  63356
06  2001 01 05.184633 03 58 32.229 +19 30 47.03  689  63356
06  2001 01 19.143703 03 55 04.164 +19 16 20.24  689  63356
06  2001 01 21.138071 03 54 49.400 +19 15 12.55  689  63356
06  2001 01 22.136281 03 54 43.459 +19 14 44.34  689  63356
06  2001 01 26.124388 03 54 29.302 +19 13 28.90  689  63356
06  2001 01 31.110981 03 54 33.224 +19 13 20.08  689  63356
06  2001 02 01.107991 03 54 36.865 +19 13 29.68  689  63356
06  2001 02 05.098052 03 55 00.874 +19 14 46.32  689  63356
06  2001 02 06.095316 03 55 09.188 +19 15 14.76  689  63356
06  2001 02 07.092491 03 55 18.415 +19 15 47.17  689  63356
06  2001 02 10.084378 03 55 51.601 +19 17 45.26  689  63356
06  2001 02 11.082100 03 56 04.466 +19 18 32.15  689  63356
06  2001 02 12.079225 03 56 18.198 +19 19 22.34  689  63356
06  2001 02 13.076965 03 56 32.818 +19 20 16.43  689  63356
06  2001 10 16.535551 07 04 36.951 +22 03 07.03  689  63356
06  2001 10 17.532921 07 04 45.645 +22 02 41.01  689  63356
06  2001 10 18.529766 07 04 53.549 +22 02 17.87  689  63356
06  2001 10 24.513997 07 05 24.315 +22 00 43.65  689  63356
06  2001 10 25.511315 07 05 26.690 +22 00 35.96  689  63356
06  2001 10 26.508625 07 05 28.294 +22 00 30.70  689  63356
06  2001 10 28.503150 07 05 29.160 +22 00 27.45  689  63356
06  2001 10 29.500711 07 05 28.423 +22 00 29.75  689  63356
06  2001 11 01.492385 07 05 21.612 +22 00 50.79  689  63356
06  2001 11 02.489611 07 05 17.830 +22 01 02.95  689  63356
06  2001 11 03.486933 07 05 13.330 +22 01 17.08  689  63356
06  2001 11 12.460992 07 03 59.352 +22 05 22.45  689  63356
06  2001 11 14.455666 07 03 35.084 +22 06 44.67  689  63356
06  2001 11 16.449480 07 03 08.141 +22 08 16.27  689  63356
06  2001 11 18.443576 07 02 38.599 +22 09 57.44  689  63356
06  2001 11 22.432612 07 01 32.077 +22 13 47.56  689  63356
06  2001 11 28.414575 06 59 35.434 +22 20 35.79  689  63357
06  2001 12 05.394053 06 56 57.318 +22 29 51.86  689  63357
06  2001 12 07.387407 06 56 08.445 +22 32 43.67  689  63357
06  2001 12 09.381159 06 55 18.158 +22 35 39.88  689  63357
06  2001 12 10.378650 06 54 52.495 +22 37 09.71  689  63357
06  2001 12 14.366824 06 53 06.965 +22 43 16.15  689  63357
06  2001 12 16.360946 06 52 12.709 +22 46 22.56  689  63357
06  2001 12 17.356860 06 51 45.283 +22 47 56.85  689  63357
06  2001 12 18.353810 06 51 17.681 +22 49 30.90  689  63357
06  2001 12 19.351176 06 50 49.884 +22 51 05.37  689  63357
06  2001 12 23.339063 06 48 57.506 +22 57 23.18  689  63357
06  2001 12 25.333363 06 48 00.820 +23 00 30.98  689  63357
06  2001 12 26.330304 06 47 32.408 +23 02 04.53  689  63357
06  2002 01 03.305120 06 43 45.953 +23 14 06.73  689  63357
06  2002 01 06.295756 06 42 22.461 +23 18 22.54  689  63357
06  2002 01 07.292813 06 41 54.934 +23 19 45.38  689  63357
06  2002 01 13.274890 06 39 14.320 +23 27 33.29  689  63357
06  2002 01 24.242013 06 34 49.981 +23 39 22.33  689  63357
06  2002 02 04.210219 06 31 21.678 +23 47 35.71  689  63357
06  2002 02 07.201405 06 30 36.743 +23 49 12.15  689  63357
06  2002 02 08.198503 06 30 23.000 +23 49 40.87  689  63357
06  2002 02 09.195743 06 30 09.908 +23 50 07.68  689  63357
06  2002 02 13.184031 06 29 24.092 +23 51 37.68  689  63357
06  2002 02 15.178041 06 29 05.239 +23 52 12.59  689  63357
06  2002 02 21.161331 06 28 25.469 +23 53 18.08  689  63357
06  2002 02 25.149848 06 28 13.261 +23 53 30.96  689  63357
06  2002 02 26.147734 06 28 12.018 +23 53 30.21  689  63357
06  2002 02 27.144367 06 28 11.487 +23 53 28.43  689  63357
06  2002 03 01.138498 06 28 12.612 +23 53 20.22  689  63357
06  2002 03 02.135447 06 28 14.297 +23 53 13.61  689  63357
06  2002 03 02.137057 06 28 14.261 +23 53 13.93  689  63357
06  2002 03 04.131384 06 28 19.757 +23 52 57.41  689  63357
06  2002 03 05.128845 06 28 23.565 +23 52 47.15  689  63357
06  2002 03 06.126103 06 28 28.123 +23 52 35.16  689  63357
06  2002 03 11.112531 06 29 01.767 +23 51 17.71  689  63357
06  2002 03 16.099332 06 29 53.427 +23 49 29.09  689  63357
06  2002 11 14.553125 09 23 01.875 +16 23 20.08  689  63357
06  2002 11 16.547892 09 23 38.674 +16 20 39.20  689  63357
06  2002 11 17.545316 09 23 55.943 +16 19 22.52  689  63357
06  2002 11 18.542786 09 24 12.459 +16 18 08.69  689  63357
06  2002 11 19.539988 09 24 28.172 +16 16 58.05  689  63357
06  2002 11 21.534753 09 24 57.288 +16 14 45.28  689  63357
06  2002 11 22.532771 09 25 10.667 +16 13 42.99  689  63357
06  2002 11 24.527395 09 25 34.989 +16 11 47.86  689  63357
06  2002 12 04.501119 09 26 46.761 +16 05 22.97  689  63357
06  2002 12 05.498418 09 26 49.245 +16 05 02.90  689  63357
06  2002 12 07.493281 09 26 51.594 +16 04 32.82  689  63357
06  2002 12 08.490550 09 26 51.449 +16 04 23.39  689  63357
06  2002 12 12.478634 09 26 42.179 +16 04 18.55  689  63357
06  2002 12 13.475950 09 26 37.655 +16 04 26.16  689  63357
06  2002 12 14.473454 09 26 32.240 +16 04 37.50  689  63357
06  2002 12 19.458847 09 25 52.182 +16 06 25.01  689  63357
06  2002 12 20.455995 09 25 41.592 +16 06 57.00  689  63357
06  2002 12 26.439795 09 24 19.731 +16 11 20.08  689  63357
06  2002 12 28.433014 09 23 45.695 +16 13 14.54  689  63357
06  2002 12 31.424953 09 22 48.392 +16 16 30.41  689  63357
06  2003 01 02.418215 09 22 06.144 +16 18 57.20  689  63357
06  2003 01 02.419512 09 22 06.140 +16 18 57.05  689  63357
06  2003 01 04.412032 09 21 20.798 +16 21 35.39  689  63357
06  2003 01 05.409523 09 20 56.969 +16 22 59.28  689  63357
06  2003 01 07.402992 09 20 07.153 +16 25 54.68  689  63357
06  2003 01 08.400457 09 19 41.130 +16 27 27.00  689  63357
06  2003 01 12.387961 09 17 50.334 +16 33 59.84  689  63357
06  2003 01 13.385189 09 17 21.026 +16 35 44.17  689  63357
06  2003 01 14.381816 09 16 51.110 +16 37 30.69  689  63357
06  2003 01 15.379031 09 16 20.586 +16 39 19.61  689  63357
06  2003 01 16.376339 09 15 49.487 +16 41 10.48  689  63357
06  2003 01 17.372847 09 15 17.856 +16 43 03.07  689  63357
06  2003 01 18.369250 09 14 45.695 +16 44 57.88  689  63357
06  2003 01 21.360208 09 13 06.159 +16 50 52.25  689  63357
06  2003 01 22.357282 09 12 32.050 +16 52 53.85  689  63357
06  2003 01 23.353855 09 11 57.528 +16 54 56.66  689  63357
06  2003 01 27.341894 09 09 35.580 +17 03 21.26  689  63357
06  2003 01 28.338047 09 08 59.295 +17 05 30.20  689  63357
06  2003 01 30.332138 09 07 45.859 +17 09 50.70  689  63357
06  2003 01 31.328980 09 07 08.791 +17 12 02.13  689  63357
06  2003 02 01.325821 09 06 31.549 +17 14 14.02  689  63357
06  2003 02 02.322758 09 05 54.124 +17 16 26.39  689  63357
06  2003 02 03.319196 09 05 16.581 +17 18 39.33  689  63357
06  2003 02 04.316828 09 04 38.887 +17 20 52.49  689  63357
06  2003 02 05.313661 09 04 01.167 +17 23 05.77  689  63357
06  2003 02 06.309997 09 03 23.384 +17 25 19.37  689  63357
06  2003 02 07.307229 09 02 45.571 +17 27 32.84  689  63357
06  2003 02 08.303363 09 02 07.797 +17 29 46.15  689  63357
06  2003 02 09.300796 09 01 30.010 +17 31 59.49  689  63357
06  2003 02 10.296938 09 00 52.357 +17 34 12.20  689  63357
06  2003 02 11.294167 09 00 14.745 +17 36 24.91  689  63357
06  2003 02 20.265992 08 54 45.310 +17 55 48.37  689  63357
06  2003 03 06.222706 08 47 18.216 +18 22 43.74  689  63357
06  2003 03 22.174247 08 41 34.526 +18 45 52.62  689  63357
06  2003 03 23.171956 08 41 20.322 +18 46 59.93  689  63357
06  2003 03 25.165897 08 40 54.659 +18 49 07.80  689  63357
06  2003 03 26.162731 08 40 43.224 +18 50 08.11  689  63357
06  2003 03 28.157241 08 40 23.157 +18 52 00.67  689  63357
06  2003 03 29.154209 08 40 14.578 +18 52 53.29  689  63357
06  2003 03 30.152297 08 40 06.900 +18 53 43.69  689  63357
06  2003 03 31.149087 08 40 00.224 +18 54 30.85  689  63357
06  2003 04 02.143806 08 39 49.722 +18 55 57.82  689  63357
06  2003 04 03.140366 08 39 45.929 +18 56 36.89  689  63357
06  2003 04 05.134918 08 39 41.204 +18 57 47.70  689  63357
06  2003 04 07.129442 08 39 40.338 +18 58 47.28  689  63357
06  2003 04 08.127247 08 39 41.347 +18 59 13.01  689  63357
06  2003 04 09.124003 08 39 43.300 +18 59 35.60  689  63357
06  2003 04 13.113593 08 40 00.570 +19 00 38.79  689  63357
06  2003 04 14.111341 08 40 07.249 +19 00 46.22  689  63357
06  2003 12 10.560362 11 15 56.940 +05 38 08.90  689  63357
06  2003 12 14.550546 11 16 43.530 +05 36 08.93  689  63358
06  2004 01 06.488178 11 18 09.369 +05 49 00.22  689  63358
06  2004 01 10.477167 11 17 53.216 +05 55 03.00  689  63358
06  2004 01 23.440440 11 16 00.254 +06 20 53.78  689  63358
06  2004 01 24.437351 11 15 47.909 +06 23 13.44  689  63358
06  2004 01 27.428766 11 15 07.948 +06 30 26.57  689  63358
06  2004 01 29.422954 11 14 38.968 +06 35 25.86  689  63358
06  2004 01 30.420610 11 14 23.776 +06 37 58.60  689  63358
06  2004 02 10.388253 11 11 09.736 +07 07 37.90  689  63358
06  2004 02 14.376395 11 09 48.411 +07 18 55.26  689  63358
06  2004 02 16.370759 11 09 05.967 +07 24 35.93  689  63358
06  2004 02 18.364644 11 08 22.487 +07 30 17.54  689  63358
06  2004 03 14.289715 10 58 42.003 +08 36 22.86  689  63358
06  2004 03 15.286531 10 58 19.260 +08 38 37.90  689  63358
06  2004 03 16.283826 10 57 56.692 +08 40 50.57  689  63358
06  2004 03 17.280860 10 57 34.312 +08 43 00.43  689  63358
06  2004 03 18.278119 10 57 12.134 +08 45 07.70  689  63358
06  2004 03 23.263154 10 55 24.947 +08 54 58.91  689  63358
06  2004 03 28.248122 10 53 45.270 +09 03 31.62  689  63358
06  2004 04 13.201214 10 49 33.926 +09 20 51.75  689  63358
06  2004 04 14.198326 10 49 22.215 +09 21 24.83  689  63358
06  2004 04 15.195749 10 49 11.020 +09 21 54.10  689  63358
06  2004 04 16.192872 10 49 00.368 +09 22 19.44  689  63358
06  2004 04 17.189693 10 48 50.249 +09 22 40.64  689  63358
06  2004 04 19.184267 10 48 31.614 +09 23 12.24  689  63358
06  2004 04 20.181350 10 48 23.117 +09 23 21.93  689  63358
06  2004 04 21.178619 10 48 15.179 +09 23 27.72  689  63358
06  2004 04 22.175895 10 48 07.816 +09 23 29.97  689  63358
06  2004 04 23.172811 10 48 00.991 +09 23 27.86  689  63358
06  2004 04 24.169791 10 47 54.772 +09 23 21.59  689  63358
06  2004 04 26.164623 10 47 43.997 +09 22 58.41  689  63358
06  2004 04 27.161560 10 47 39.450 +09 22 40.68  689  63358
06  2004 05 02.148113 10 47 25.501 +09 20 15.78  689  63358
06  2004 05 03.145466 10 47 24.441 +09 19 35.78  689  63358
06  2004 05 04.142156 10 47 23.984 +09 18 51.93  689  63358
06  2004 05 05.140000 10 47 24.064 +09 18 04.47  689  63358
06  2004 05 06.136991 10 47 24.746 +09 17 13.17  689  63358
06  2004 05 07.133892 10 47 25.987 +09 16 18.63  689  63358
06  2004 05 09.128862 10 47 30.200 +09 14 17.34  689  63358
06  2005 02 06.482134 13 14 01.771 -06 23 24.40  689  63358
06  2005 02 09.473963 13 13 55.209 -06 23 45.92  689  63358
06  2005 03 08.396450 13 07 53.243 -05 55 32.75  689  63358
06  2005 03 10.390449 13 07 06.398 -05 51 14.51  689  63358
06  2005 03 11.386936 13 06 42.075 -05 48 58.85  689  63358
06  2005 03 12.384154 13 06 17.190 -05 46 38.90  689  63358
06  2005 03 13.380924 13 05 51.713 -05 44 15.11  689  63358
06  2005 03 15.375424 13 04 59.177 -05 39 14.89  689  63358
06  2005 03 16.371954 13 04 32.147 -05 36 38.61  689  63358
06  2005 03 21.356615 13 02 09.863 -05 22 42.00  689  63358
06  2005 03 22.353825 13 01 40.121 -05 19 44.03  689  63358
06  2005 04 15.278839 12 48 41.689 -03 56 09.65  689  63358
06  2005 04 17.273196 12 47 36.854 -03 48 40.74  689  63358
06  2006 02 15.533797 15 03 13.979 -15 46 52.29  689  63358
06  2006 02 18.526594 15 03 39.639 -15 46 04.91  689  63358
06  2006 02 22.515074 15 04 04.631 -15 44 30.88  689  63358
06  2006 02 23.512216 15 04 09.200 -15 44 01.75  689  63358
06  2006 03 16.454814 15 03 13.221 -15 27 00.59  689  63358
06  2006 03 25.428509 15 01 24.403 -15 16 19.16  689  63358
06  2006 03 26.425605 15 01 09.435 -15 15 01.94  689  63358
06  2006 04 04.399141 14 58 31.111 -15 02 39.53  689  63358
06  2006 04 07.390313 14 57 29.889 -14 58 17.37  689  63358
06  2006 04 08.387516 14 57 08.650 -14 56 48.89  689  63358
06  2006 04 09.384569 14 56 47.032 -14 55 19.78  689  63358
06  2006 04 12.375375 14 55 39.965 -14 50 49.87  689  63358
06  2006 04 17.360457 14 53 41.661 -14 43 13.99  689  63358
06  2006 04 18.358031 14 53 17.139 -14 41 42.00  689  63358
06  2006 04 19.354722 14 52 52.424 -14 40 10.45  689  63358
06  2006 04 21.348456 14 52 02.226 -14 37 06.81  689  63358
06  2006 04 22.345380 14 51 36.796 -14 35 35.18  689  63358
06  2006 04 23.342176 14 51 11.279 -14 34 03.83  689  63358
06  2006 05 02.315215 14 47 15.918 -14 20 37.65  689  63358
06  2006 05 03.311822 14 46 49.544 -14 19 11.30  689  63358
06  2006 05 04.309122 14 46 23.166 -14 17 45.79  689  63358
06  2006 06 03.219694 14 34 42.093 -13 46 05.42  689  63358
06  2006 06 13.190451 14 32 05.623 -13 42 24.39  689  63358
06  2006 06 14.187477 14 31 52.901 -13 42 16.25  689  63358
06  2006 06 20.170810 14 30 48.473 -13 42 18.50  689  63358
06  2006 06 21.167981 14 30 39.746 -13 42 28.15  689  63358
06  2006 06 22.164403 14 30 31.660 -13 42 39.42  689  63358
06  2006 06 24.159263 14 30 17.270 -13 43 11.35  689  63358
06  2007 04 14.468759 17 17 13.318 -22 47 16.50  689  63358
06  2007 04 18.458522 17 16 53.405 -22 47 33.95  689  63358
06  2007 04 21.450053 17 16 29.322 -22 47 27.41  689  63358
06  2007 04 25.438461 17 15 45.076 -22 46 51.02  689  63358
06  2007 05 08.400777 17 11 48.528 -22 40 52.49  689  63358
06  2007 05 09.396946 17 11 24.693 -22 40 08.55  689  63358
06  2007 05 10.393934 17 11 00.115 -22 39 22.38  689  63358
06  2007 05 11.390544 17 10 34.814 -22 38 33.61  689  63358
06  2007 05 14.381712 17 09 14.408 -22 35 53.20  689  63358
06  2007 05 15.378916 17 08 46.201 -22 34 54.57  689  63358
06  2007 05 16.375558 17 08 17.333 -22 33 53.84  689  63358
06  2007 05 17.372553 17 07 47.781 -22 32 50.71  689  63358
06  2007 05 18.369722 17 07 17.617 -22 31 45.10  689  63358
06  2007 05 20.363169 17 06 15.383 -22 29 26.72  689  63358
06  2007 05 21.360140 17 05 43.416 -22 28 14.33  689  63358
06  2007 05 22.357498 17 05 10.906 -22 26 59.44  689  63358
06  2007 05 25.348399 17 03 30.173 -22 23 01.71  689  63358
06  2007 05 28.338324 17 01 45.301 -22 18 44.93  689  63358
06  2007 05 29.334813 17 01 09.549 -22 17 15.25  689  63358
06  2007 06 03.319889 16 58 05.644 -22 09 20.36  689  63358
06  2007 06 04.316468 16 57 28.104 -22 07 40.66  689  63358
06  2007 06 05.313346 16 56 50.310 -22 05 59.51  689  63358
06  2007 06 08.304252 16 54 56.070 -22 00 48.39  689  63358
06  2008 06 25.385835 19 18 39.175 -22 19 35.34  673  63358
06  2008 06 25.390313 19 18 39.050 -22 19 35.77  673  63358
06  2008 06 25.394824 19 18 38.924 -22 19 36.22  673  63358
06  2008 06 26.345258 19 18 13.008 -22 21 12.07  673  63359
06  2008 06 26.349730 19 18 12.887 -22 21 12.49  673  63359
06  2008 06 26.354202 19 18 12.757 -22 21 12.98  673  63359
06  2008 06 27.50050  19 17 41.32  -22 23 06.3   415  63359     14.5 V
06  2008 06 27.50196  19 17 41.28  -22 23 06.4   415  63359     14.4 V
06  2008 07 01.27742  19 15 56.24  -22 29 29.5   704  63359     15.2
06  2008 07 01.28797  19 15 55.92  -22 29 30.6   704  63359     15.8
06  2008 07 01.29851  19 15 55.49  -22 29 31.4   704  63359     15.9
06  2008 07 01.30937  19 15 55.23  -22 29 33.2   704  63359     15.5
06  2008 07 01.31995  19 15 54.87  -22 29 34.9   704  63359     15.7
06  2008 07 03.44523  19 14 55.47  -22 33 04.5   415  63359     14.3 V
06  2008 07 03.44633  19 14 55.44  -22 33 04.6   415  63359     14.3 V
06  2008 07 05.54623  19 13 56.36  -22 36 33.6   415  63359     14.2 V
06  2008 07 05.54700  19 13 56.34  -22 36 33.7   415  63359     14.2 V
06  2008 07 08.300352 19 12 39.102 -22 41 05.98  673  63359
06  2008 07 08.303436 19 12 39.015 -22 41 06.32  673  63359
06  2008 07 09.359966 19 12 09.477 -22 42 48.57  673  63359
06  2008 07 09.363049 19 12 09.386 -22 42 48.85  673  63359
06  2008 07 11.52925  19 11 09.34  -22 46 13.8   415  63359     14.5 V
06  2008 07 11.53002  19 11 09.32  -22 46 13.9   415  63359     14.5 V
06  2008 07 22.40840  19 06 21.37  -23 02 19.2   415  63584     14.5 V
06  2008 07 22.40940  19 06 21.34  -23 02 19.3   415  63584     14.7 V
06  2008 07 23.42518  19 05 56.12  -23 03 41.8   415  63584     14.6 V
06  2008 07 23.42594  19 05 56.10  -23 03 42.0   415  63584     14.5 V
06  2008 07 29.292422 19 03 38.019 -23 11 10.99  673  63584
06  2008 07 29.295549 19 03 37.948 -23 11 11.26  673  63584
06  2008 07 30.291022 19 03 15.981 -23 12 21.53  673  63584
06  2008 07 30.295052 19 03 15.888 -23 12 21.80  673  63584
06  2008 07 30.298135 19 03 15.823 -23 12 21.99  673  63584
06  2008 07 30.39847  19 03 13.74  -23 12 26.8   415  63584     14.8 V
06  2008 07 30.39924  19 03 13.72  -23 12 26.8   415  63584     14.8 V
06  2008 08 06.295918 19 00 55.209 -23 19 47.44  673  63584
06  2008 08 06.299001 19 00 55.149 -23 19 47.67  673  63584
06  2008 08 06.302085 19 00 55.089 -23 19 47.83  673  63584
06  2008 08 07.305376 19 00 37.088 -23 20 44.28  673  63584
06  2008 08 07.308458 19 00 37.029 -23 20 44.45  673  63584
06  2008 08 07.311541 19 00 36.974 -23 20 44.55  673  63584
06  2008 08 08.289433 19 00 19.996 -23 21 37.85  673  63584
06  2008 08 08.292517 19 00 19.943 -23 21 38.05  673  63584
06  2008 08 08.295600 19 00 19.890 -23 21 38.15  673  63584
06  2008 08 19.243824 18 57 49.531 -23 29 24.94  673  63806
06  2008 08 19.246907 18 57 49.496 -23 29 25.06  673  63806
06  2008 08 19.249990 18 57 49.465 -23 29 25.18  673  63806
06  2008 08 20.254123 18 57 39.589 -23 29 54.71  673  63806
06  2008 08 20.257207 18 57 39.586 -23 29 54.71  673  63806
06  2008 08 20.260292 18 57 39.588 -23 29 54.64  673  63806
06  2008 08 21.262535 18 57 30.184 -23 30 24.49  673  63806
06  2008 08 21.265629 18 57 30.153 -23 30 24.59  673  63806
06  2008 08 21.268711 18 57 30.131 -23 30 24.70  673  63806
06  2008 09 21.45123  18 58 28.80  -23 27 39.3   415  64093     15.9 V
06  2008 09 21.45200  18 58 28.82  -23 27 39.3   415  64093     15.5 V
06  2008 09 30.49232  19 00 47.64  -23 20 43.4   415  64093     15.5 V
06  2008 09 30.49307  19 00 47.66  -23 20 43.3   415  64093     15.6 V
07  2000 10 09.451998 04 37 19.416 +21 16 43.57  689  63359
07  2000 10 20.419365 04 33 45.798 +20 59 27.59  689  63359
07  2000 11 02.379991 04 27 57.674 +20 35 15.62  689  63359
07  2000 11 25.308273 04 15 33.651 +19 51 23.71  689  63359
07  2000 11 26.305498 04 15 00.729 +19 49 38.61  689  63359
07  2000 11 27.302123 04 14 27.987 +19 47 54.57  689  63359
07  2000 11 30.293209 04 12 50.749 +19 42 52.26  689  63359
07  2000 12 06.274332 04 09 43.433 +19 33 32.28  689  63359
07  2000 12 15.247013 04 05 28.097 +19 21 51.35  689  63359
07  2000 12 16.243782 04 05 02.119 +19 20 44.60  689  63359
07  2000 12 18.237940 04 04 11.783 +19 18 39.99  689  63359
07  2000 12 19.235194 04 03 47.485 +19 17 41.27  689  63359
07  2000 12 20.231858 04 03 23.758 +19 16 44.82  689  63359
07  2000 12 21.229126 04 03 00.612 +19 15 52.00  689  63359
07  2000 12 22.225870 04 02 38.112 +19 15 00.47  689  63359
07  2000 12 23.223153 04 02 16.211 +19 14 12.77  689  63359
07  2000 12 24.219978 04 01 55.010 +19 13 27.08  689  63359
07  2000 12 29.205218 04 00 18.960 +19 10 22.87  689  63359
07  2001 01 26.126280 03 57 12.631 +19 16 01.24  689  63359
07  2002 01 11.283929 06 43 41.856 +23 26 37.89  689  63359
07  2002 02 03.213356 06 32 58.751 +23 45 14.23  689  63359
07  2002 02 04.210219 06 32 35.657 +23 45 39.90  689  63359
07  2002 02 08.198503 06 31 08.726 +23 47 02.40  689  63359
07  2002 02 12.186828 06 29 51.207 +23 47 52.70  689  63359
07  2002 02 15.178041 06 28 59.634 +23 48 07.69  689  63359
07  2002 02 20.162990 06 27 47.278 +23 47 52.14  689  63359
07  2002 03 09.115377 06 25 57.885 +23 41 08.17  689  63359
07  2002 11 18.542786 09 24 06.260 +16 11 47.50  689  63359
07  2002 12 02.505583 09 25 12.347 +16 01 12.57  689  63359
07  2002 12 05.497019 09 25 01.991 +16 00 24.09  689  63359
07  2002 12 13.474373 09 23 52.248 +16 01 02.76  689  63359
07  2003 01 12.383764 09 11 45.839 +16 38 26.06  689  63359
07  2003 01 13.380840 09 11 12.259 +16 40 28.43  689  63359
07  2003 01 23.349541 09 05 20.328 +17 02 26.85  689  63359
07  2003 01 27.337264 09 02 54.769 +17 11 50.53  689  63359
07  2003 01 28.333983 09 02 18.264 +17 14 12.92  689  63359
07  2003 01 30.327356 09 01 05.327 +17 18 59.39  689  63359
07  2003 01 31.324076 09 00 28.945 +17 21 22.77  689  63359
07  2003 02 01.321251 08 59 52.632 +17 23 45.97  689  63359
07  2003 02 02.317975 08 59 16.473 +17 26 10.36  689  63359
07  2003 02 03.315088 08 58 40.468 +17 28 34.04  689  63359
07  2003 02 04.311814 08 58 04.638 +17 30 57.26  689  63359
07  2003 02 05.308998 08 57 28.972 +17 33 20.32  689  63359
07  2003 02 06.305272 08 56 53.561 +17 35 42.29  689  63359
07  2003 02 07.302462 08 56 18.375 +17 38 05.35  689  63359
07  2003 02 08.299003 08 55 43.539 +17 40 26.25  689  63359
07  2003 02 09.296265 08 55 08.917 +17 42 46.86  689  63359
07  2003 02 10.292943 08 54 34.668 +17 45 06.41  689  63359
07  2003 02 21.258944 08 48 45.489 +18 09 24.10  689  63359
07  2003 02 22.255816 08 48 16.778 +18 11 27.05  689  63359
07  2003 02 23.253089 08 47 48.662 +18 13 28.38  689  63359
07  2003 03 03.228653 08 44 26.669 +18 28 23.92  689  63359
07  2003 03 06.219720 08 43 22.470 +18 33 21.42  689  63359
07  2003 03 07.216957 08 43 02.558 +18 34 56.45  689  63359
07  2003 03 08.213808 08 42 43.435 +18 36 27.80  689  63359
07  2003 03 09.210997 08 42 25.071 +18 37 57.22  689  63359
07  2003 03 10.208262 08 42 07.474 +18 39 23.92  689  63359
07  2003 03 26.162731 08 39 16.894 +18 56 20.08  689  63359
07  2003 04 01.145653 08 39 07.711 +18 59 34.67  689  63359
07  2003 04 05.134918 08 39 18.265 +19 00 46.27  689  63359
07  2003 12 22.527786 11 15 49.747 +05 44 15.60  689  63359
07  2004 01 16.459900 11 16 26.632 +06 00 52.82  689  63359
07  2004 01 18.454287 11 16 13.394 +06 04 03.21  689  63359
07  2004 01 23.440440 11 15 30.254 +06 13 03.23  689  63359
07  2004 01 30.420610 11 14 07.209 +06 28 00.12  689  63359
07  2004 02 10.388253 11 11 10.397 +06 55 51.99  689  63359
07  2004 03 14.289715 10 59 14.820 +08 28 12.02  689  63359
07  2004 03 16.283826 10 58 30.343 +08 33 06.64  689  63359
07  2004 03 17.280860 10 58 08.331 +08 35 29.26  689  63359
07  2004 03 18.278119 10 57 46.460 +08 37 49.81  689  63359
07  2004 03 19.275321 10 57 24.770 +08 40 07.34  689  63359
07  2004 03 24.260391 10 55 39.397 +08 50 51.84  689  63359
07  2004 03 28.248122 10 54 19.455 +08 58 29.77  689  63359
07  2004 04 13.201214 10 49 51.097 +09 19 03.76  689  63359
07  2004 04 14.198326 10 49 37.496 +09 19 47.64  689  63359
07  2004 04 15.195749 10 49 24.305 +09 20 28.50  689  63359
07  2004 04 16.192872 10 49 11.556 +09 21 03.88  689  63359
07  2004 04 17.189693 10 48 59.221 +09 21 36.13  689  63359
07  2004 04 19.184267 10 48 35.897 +09 22 28.86  689  63359
07  2004 04 22.175895 10 48 04.309 +09 23 17.99  689  63359
07  2004 04 24.169791 10 47 45.575 +09 23 30.36  689  63359
07  2004 04 26.164623 10 47 28.778 +09 23 28.03  689  63359
07  2005 04 02.317507 12 52 41.547 -04 28 18.04  689  63359
07  2005 04 04.310844 12 51 33.680 -04 21 11.39  689  63359
07  2005 04 06.304662 12 50 26.032 -04 14 02.79  689  63359
07  2005 04 07.301424 12 49 52.367 -04 10 28.83  689  63359
07  2005 04 09.295190 12 48 45.445 -04 03 20.40  689  63360
07  2005 04 12.285856 12 47 06.483 -03 52 42.16  689  63360
07  2005 04 13.283050 12 46 33.919 -03 49 10.40  689  63360
07  2005 04 15.276610 12 45 29.741 -03 42 12.10  689  63360
07  2005 04 17.270780 12 44 26.794 -03 35 18.43  689  63360
07  2006 02 23.512216 15 02 59.507 -16 03 40.87  689  63360
07  2006 02 24.509344 15 03 03.898 -16 03 17.36  689  63360
07  2006 03 24.431215 15 00 32.420 -15 32 17.51  689  63360
07  2006 03 25.428509 15 00 17.874 -15 30 34.73  689  63360
07  2006 04 02.404855 14 58 02.999 -15 15 42.57  689  63360
07  2006 04 07.390313 14 56 23.733 -15 05 36.50  689  63360
07  2006 04 20.351150 14 51 27.863 -14 38 04.04  689  63360
07  2006 04 23.342176 14 50 14.538 -14 31 43.80  689  63360
07  2006 04 24.339098 14 49 49.914 -14 29 38.07  689  63360
07  2006 04 25.336020 14 49 25.182 -14 27 33.37  689  63360
07  2006 04 26.332940 14 49 00.378 -14 25 28.77  689  63360
07  2006 04 30.320681 14 47 20.968 -14 17 24.77  689  63360
07  2006 05 01.317663 14 46 56.143 -14 15 27.72  689  63360
07  2006 05 02.315215 14 46 31.337 -14 13 31.85  689  63360
07  2006 05 03.311822 14 46 06.605 -14 11 37.11  689  63360
07  2006 05 04.309122 14 45 42.002 -14 09 44.64  689  63360
07  2006 05 23.252050 14 38 28.848 -13 41 40.49  689  63360
07  2006 06 20.170810 14 31 33.785 -13 33 22.37  689  63360
07  2006 06 21.167981 14 31 25.163 -13 33 45.87  689  63360
07  2007 04 19.455752 17 17 31.049 -22 45 54.56  689  63360
07  2007 05 22.357498 17 04 55.842 -22 39 46.67  689  63360
07  2007 05 26.344875 17 02 37.498 -22 36 40.21  689  63360
07  2008 06 25.399369 19 18 53.090 -21 50 46.77  673  63360
07  2008 06 25.403843 19 18 52.949 -21 50 47.08  673  63360
07  2008 06 25.408317 19 18 52.796 -21 50 47.40  673  63360
07  2008 06 27.51443  19 17 45.98  -21 53 07.7   415  63360     16.9 V
07  2008 06 27.54738  19 17 44.90  -21 53 10.1   415  63360     16.2 V
07  2008 07 01.27742  19 15 45.57  -21 57 37.3   704  63360     16.8
07  2008 07 01.28797  19 15 45.19  -21 57 37.8   704  63360     17.3
07  2008 07 01.29851  19 15 44.85  -21 57 39.4   704  63360     17.3
07  2008 07 01.30937  19 15 44.44  -21 57 39.4   704  63360     16.9
07  2008 07 01.31995  19 15 43.99  -21 57 40.9   704  63360     17.2
07  2008 07 03.45220  19 14 36.05  -22 00 16.2   415  63360     16.3 V
07  2008 07 03.45436  19 14 35.98  -22 00 16.2   415  63360     16.3 V
07  2008 07 05.55113  19 13 29.21  -22 02 56.2   415  63360     16.3 V
07  2008 07 05.55442  19 13 29.09  -22 02 56.4   415  63360     16.3 V
07  2008 07 09.347635 19 11 29.979 -22 07 56.79  673  63360
07  2008 07 09.350718 19 11 29.883 -22 07 56.95  673  63360
07  2008 07 09.353801 19 11 29.790 -22 07 57.28  673  63360
07  2008 07 11.53559  19 10 22.73  -22 10 51.6   415  63360     16.4 V
07  2008 07 11.53775  19 10 22.66  -22 10 51.7   415  63360     15.9 V
07  2008 07 22.41454  19 05 12.25  -22 26 09.5   415  63584     16.6 V
07  2008 07 22.41670  19 05 12.19  -22 26 09.7   415  63584     16.5 V
07  2008 07 23.43150  19 04 45.79  -22 27 37.5   415  63584     16.8 V
07  2008 07 23.43365  19 04 45.73  -22 27 37.9   415  63584     16.3 V
07  2008 07 29.283148 19 02 24.172 -22 36 10.09  673  63584
07  2008 07 29.286231 19 02 24.110 -22 36 10.35  673  63584
07  2008 07 29.289339 19 02 24.026 -22 36 10.64  673  63584
07  2008 07 30.281774 19 02 01.959 -22 37 37.31  673  63584
07  2008 07 30.284856 19 02 01.877 -22 37 37.67  673  63584
07  2008 07 30.40589  19 01 59.32  -22 37 45.5   415  63584     16.6 V
07  2008 07 30.40734  19 01 59.29  -22 37 45.6   415  63584     16.6 V
07  2008 08 06.292836 18 59 43.340 -22 47 41.29  673  63584
07  2008 08 07.299208 18 59 26.042 -22 49 06.09  673  63584
07  2008 08 07.302291 18 59 25.979 -22 49 06.50  673  63584
07  2008 08 08.280185 18 59 09.856 -22 50 28.43  673  63584
07  2008 08 08.283267 18 59 09.803 -22 50 28.71  673  63584
07  2008 09 21.45123  18 58 20.03  -23 28 16.8   415  64093     17.5 V
07  2008 09 21.45200  18 58 20.05  -23 28 16.7   415  64093     17.9 V
08  2000 11 17.333119 04 19 24.896 +19 08 48.05  689  63360
08  2000 11 19.326948 04 18 11.802 +19 05 53.47  689  63360
08  2000 11 20.323660 04 17 34.976 +19 04 26.04  689  63360
08  2000 11 21.320502 04 16 57.955 +19 02 58.60  689  63360
08  2000 11 29.295216 04 11 59.533 +18 51 26.51  689  63360
08  2000 12 01.288898 04 10 45.260 +18 48 38.41  689  63360
08  2000 12 03.282587 04 09 31.547 +18 45 52.64  689  63360
08  2000 12 04.279764 04 08 54.963 +18 44 31.02  689  63360
08  2000 12 17.239106 04 01 27.864 +18 28 39.33  689  63360
08  2000 12 19.232270 04 00 25.571 +18 26 35.84  689  63360
08  2000 12 21.226442 03 59 25.413 +18 24 40.61  689  63360
08  2000 12 22.223310 03 58 56.230 +18 23 45.04  689  63360
08  2000 12 27.208149 03 56 39.855 +18 19 42.68  689  63360
08  2000 12 28.205456 03 56 14.597 +18 19 01.34  689  63360
08  2000 12 29.202113 03 55 50.052 +18 18 21.33  689  63360
08  2000 12 30.198780 03 55 26.189 +18 17 44.62  689  63360
08  2001 01 18.143994 03 50 23.422 +18 14 24.31  689  63360
08  2001 01 19.141177 03 50 15.849 +18 14 41.12  689  63360
08  2001 01 21.135177 03 50 03.293 +18 15 23.09  689  63360
08  2001 01 26.121534 03 49 46.998 +18 17 58.08  689  63360
08  2001 11 17.449065 07 06 20.025 +23 22 59.79  689  63360
08  2002 01 15.271012 06 40 54.598 +24 17 39.93  689  63360
08  2002 01 18.261874 06 39 26.510 +24 19 17.31  689  63360
08  2002 01 20.255689 06 38 29.929 +24 20 15.80  689  63360
08  2002 01 21.252073 06 38 02.336 +24 20 42.71  689  63360
08  2002 01 22.248959 06 37 35.242 +24 21 08.01  689  63360
08  2002 02 09.195743 06 31 12.158 +24 24 54.44  689  63360
08  2002 02 10.193198 06 30 57.553 +24 24 54.66  689  63360
08  2002 02 11.189883 06 30 43.740 +24 24 53.63  689  63360
08  2002 03 02.137057 06 28 57.309 +24 21 07.79  689  63360
08  2002 03 05.128845 06 29 07.845 +24 20 00.09  689  63360
08  2002 03 06.126103 06 29 12.927 +24 19 34.74  689  63360
08  2002 03 09.117932 06 29 33.174 +24 18 15.78  689  63360
08  2002 03 11.112531 06 29 50.691 +24 17 18.18  689  63360
08  2002 03 13.108015 06 30 11.331 +24 16 16.48  689  63360
08  2002 12 02.498259 09 14 59.826 +15 32 28.43  689  63360
08  2002 12 04.492529 09 14 58.607 +15 32 46.25  689  63360
08  2002 12 05.489971 09 14 56.809 +15 33 00.90  689  63360
08  2002 12 07.484507 09 14 51.068 +15 33 41.72  689  63360
08  2002 12 09.479009 09 14 42.226 +15 34 37.74  689  63360
08  2002 12 12.470219 09 14 23.333 +15 36 29.58  689  63360
08  2002 12 28.424542 09 10 51.729 +15 55 29.51  689  63360
08  2003 01 02.409586 09 09 09.621 +16 04 19.27  689  63360
08  2003 01 04.403669 09 08 24.555 +16 08 10.55  689  63360
08  2003 01 05.400669 09 08 01.150 +16 10 11.02  689  63360
08  2003 01 12.379499 09 05 02.797 +16 25 18.20  689  63360
08  2003 01 13.376389 09 04 35.418 +16 27 36.22  689  63360
08  2003 01 27.333546 08 57 38.299 +17 02 13.92  689  63360
08  2003 01 28.329936 08 57 06.915 +17 04 48.03  689  63360
08  2003 01 30.323812 08 56 03.874 +17 09 58.49  689  63360
08  2003 01 31.320976 08 55 32.208 +17 12 33.90  689  63360
08  2003 02 02.314527 08 54 28.991 +17 17 42.96  689  63360
08  2003 02 03.311691 08 53 57.382 +17 20 17.89  689  63360
08  2003 02 04.308856 08 53 25.844 +17 22 52.13  689  63360
08  2003 02 06.302412 08 52 23.096 +17 27 59.03  689  63360
08  2003 02 07.299321 08 51 51.908 +17 30 31.29  689  63360
08  2003 02 08.296428 08 51 20.879 +17 33 03.25  689  63360
08  2003 02 09.292885 08 50 49.991 +17 35 33.49  689  63360
08  2003 02 10.290192 08 50 19.377 +17 38 02.93  689  63360
08  2003 02 21.256628 08 45 02.139 +18 03 56.03  689  63360
08  2003 02 22.253330 08 44 35.686 +18 06 06.90  689  63361
08  2003 02 23.250495 08 44 09.592 +18 08 16.26  689  63361
08  2003 03 03.226146 08 41 00.905 +18 24 04.64  689  63361
08  2003 03 06.217122 08 40 00.107 +18 29 19.29  689  63361
08  2003 03 07.214501 08 39 41.198 +18 30 58.16  689  63361
08  2003 03 08.211626 08 39 22.938 +18 32 35.52  689  63361
08  2003 03 09.208429 08 39 05.425 +18 34 09.92  689  63361
08  2003 03 10.205637 08 38 48.592 +18 35 41.65  689  63361
08  2003 03 11.202720 08 38 32.476 +18 37 09.99  689  63361
08  2003 03 23.168403 08 36 18.191 +18 51 03.10  689  63361
08  2003 03 24.165866 08 36 12.057 +18 51 53.74  689  63361
08  2003 03 26.160160 08 36 02.157 +18 53 24.03  689  63361
08  2003 03 27.157453 08 35 58.515 +18 54 05.11  689  63361
08  2003 03 29.151999 08 35 53.432 +18 55 17.67  689  63361
08  2003 03 30.148990 08 35 52.176 +18 55 48.64  689  63361
08  2003 03 31.146517 08 35 51.677 +18 56 17.85  689  63361
08  2003 04 02.140809 08 35 53.233 +18 57 05.86  689  63361
08  2003 04 03.137969 08 35 55.174 +18 57 25.28  689  63361
08  2003 04 05.132515 08 36 01.533 +18 57 54.65  689  63361
08  2003 04 07.127363 08 36 11.106 +18 58 12.26  689  63361
08  2003 04 08.124899 08 36 17.125 +18 58 16.82  689  63361
08  2004 01 18.463308 11 28 22.925 +06 01 38.63  689  63361
08  2004 01 23.448723 11 27 28.024 +06 10 05.54  689  63361
08  2004 01 24.445721 11 27 14.908 +06 11 59.22  689  63361
08  2004 02 15.380507 11 19 48.591 +07 07 20.61  689  63361
08  2004 02 16.377412 11 19 22.259 +07 10 20.15  689  63361
08  2004 03 14.294807 11 06 00.744 +08 33 50.93  689  63361
08  2004 03 15.291424 11 05 30.488 +08 36 43.95  689  63361
08  2004 03 16.288711 11 05 00.383 +08 39 35.36  689  63361
08  2004 03 17.285088 11 04 30.472 +08 42 23.93  689  63361
08  2004 03 18.282318 11 04 00.767 +08 45 11.21  689  63361
08  2004 03 19.279429 11 03 31.229 +08 47 55.66  689  63361
08  2004 03 26.257716 11 00 12.417 +09 05 47.55  689  63361
08  2004 04 14.200742 10 52 56.235 +09 40 00.91  689  63361
08  2004 04 15.197991 10 52 38.626 +09 41 09.30  689  63361
08  2004 04 16.195308 10 52 21.509 +09 42 13.49  689  63361
08  2004 04 17.192144 10 52 05.076 +09 43 13.55  689  63361
08  2004 04 19.186324 10 51 34.077 +09 44 59.78  689  63361
08  2004 04 23.174773 10 50 39.595 +09 47 42.55  689  63361
08  2004 04 24.171904 10 50 27.599 +09 48 12.32  689  63361
08  2005 03 10.390449 13 06 37.528 -06 01 47.77  689  63361
08  2005 03 11.386936 13 06 17.874 -05 59 15.81  689  63361
08  2005 03 12.384154 13 05 57.740 -05 56 40.84  689  63361
08  2005 03 13.380924 13 05 37.217 -05 54 03.14  689  63361
08  2005 03 16.371954 13 04 32.987 -05 45 55.37  689  63361
08  2005 04 02.320815 12 57 38.496 -04 54 41.52  689  63361
08  2005 04 05.311786 12 56 20.708 -04 45 12.25  689  63361
08  2005 04 06.308815 12 55 54.750 -04 42 02.43  689  63361
08  2005 04 07.305785 12 55 28.786 -04 38 53.30  689  63361
08  2005 04 12.290228 12 53 19.974 -04 23 16.37  689  63361
08  2005 04 13.287264 12 52 54.608 -04 20 10.64  689  63361
08  2005 04 15.281163 12 52 04.278 -04 14 05.01  689  63361
08  2007 06 08.310307 17 04 53.435 -22 06 59.08  689  63361
08  2008 06 24.367372 19 17 07.049 -22 11 21.66  673  63361
08  2008 06 24.370454 19 17 06.950 -22 11 21.68  673  63361
08  2008 06 24.373537 19 17 06.853 -22 11 22.22  673  63361
08  2008 06 25.372371 19 16 38.438 -22 13 14.21  673  63361
08  2008 06 25.376842 19 16 38.306 -22 13 14.71  673  63361
08  2008 06 25.381314 19 16 38.173 -22 13 15.22  673  63361
08  2008 06 26.331843 19 16 10.930 -22 15 02.31  673  63361
08  2008 06 26.336314 19 16 10.796 -22 15 02.68  673  63361
08  2008 06 26.340786 19 16 10.674 -22 15 03.16  673  63361
08  2008 06 27.59622  19 15 34.29  -22 17 23.1   415  63361     16.0 V
08  2008 06 27.59946  19 15 34.20  -22 17 23.6   415  63361     16.8 V
08  2008 07 01.27742  19 13 45.92  -22 24 24.8   704  63361     17.2
08  2008 07 01.28797  19 13 45.61  -22 24 25.2   704  63361     17.8
08  2008 07 01.29851  19 13 45.19  -22 24 27.1   704  63361     18.4
08  2008 07 01.31995  19 13 44.64  -22 24 28.0   704  63361     16.8
08  2008 07 03.45952  19 12 40.85  -22 28 30.4   415  63361     16.3 V
08  2008 07 03.46167  19 12 40.79  -22 28 30.5   415  63361     16.2 V
08  2008 07 05.57981  19 11 37.14  -22 32 31.7   415  63361     16.7 V
08  2008 07 05.58200  19 11 37.07  -22 32 32.1   415  63361     16.6 V
08  2008 07 09.338387 19 09 44.225 -22 39 38.83  673  63361
08  2008 07 09.341471 19 09 44.115 -22 39 39.02  673  63361
08  2008 07 09.344553 19 09 44.040 -22 39 39.17  673  63361
08  2008 07 11.54323  19 08 38.43  -22 43 42.7   415  63361     16.5 V
08  2008 07 11.54538  19 08 38.36  -22 43 42.9   415  63361     16.8 V
08  2008 07 22.42473  19 03 26.51  -23 03 01.3   415  63584     16.7 V
08  2008 07 22.42687  19 03 26.45  -23 03 01.7   415  63584     16.6 V
08  2008 07 23.43796  19 02 59.15  -23 04 43.5   415  63584     16.3 V
08  2008 07 23.44011  19 02 59.10  -23 04 43.0   415  63584     16.7 V
08  2008 07 29.273900 19 00 29.754 -23 14 06.61  673  63584
08  2008 07 29.276983 19 00 29.680 -23 14 06.95  673  63584
08  2008 07 30.272522 19 00 05.760 -23 15 38.02  673  63584
08  2008 07 30.275606 19 00 05.683 -23 15 38.37  673  63584
08  2008 07 30.41571  19 00 02.45  -23 15 48.4   415  63584     17.0 V
08  2008 07 30.42288  19 00 02.28  -23 15 49.4   415  63584     16.8 V
08  2008 08 06.277420 18 57 32.947 -23 25 35.71  673  63584
08  2008 08 06.280503 18 57 32.870 -23 25 35.86  673  63584
08  2008 08 07.293042 18 57 13.234 -23 26 55.64  673  63584
08  2008 08 08.270883 18 56 54.907 -23 28 11.45  673  63584
08  2008 08 08.273993 18 56 54.863 -23 28 11.60  673  63584
08  2008 08 08.277102 18 56 54.815 -23 28 11.83  673  63584
08  2008 09 21.46580  18 55 53.72  -23 55 04.0   415  64093     17.4 V
08  2008 09 21.47006  18 55 53.79  -23 55 04.1   415  64093     17.5 V
08  2008 09 30.51876  18 58 54.75  -23 53 15.5   415  64093     17.4 V
08  2008 09 30.52303  18 58 54.82  -23 53 15.2   415  64093     17.0 V
09  2007 07 28.34900  16 34 34.18  -20 44 15.9   568  64482     18.7 r
09  2007 07 30.25046  16 34 12.85  -20 43 47.1   568  64482     18.7 r
09  2007 07 30.29042  16 34 12.40  -20 43 46.5   568  64482     18.7 r
09  2007 07 30.33071  16 34 11.95  -20 43 45.9   568  64482     19.0 r
09  2008 07 01.27742  19 16 25.33  -23 01 47.4   704  63361     17.9
09  2008 07 01.28797  19 16 24.98  -23 01 47.7   704  63361     18.7
09  2008 07 01.29851  19 16 24.59  -23 01 49.0   704  63361     18.5
09  2008 07 01.30937  19 16 24.32  -23 01 49.9   704  63361     18.0
09  2008 07 03.48478  19 15 19.30  -23 04 49.0   415  63361     17.2 V
09  2008 07 03.48801  19 15 19.21  -23 04 49.1   415  63361     17.4 V
09  2008 07 05.59217  19 14 15.46  -23 07 44.5   415  63361     17.1 V
09  2008 07 05.59787  19 14 15.26  -23 07 45.0   415  63361     17.6 V
09  2008 07 11.55255  19 11 14.01  -23 15 45.6   415  63361     17.6 V
09  2008 07 11.55539  19 11 13.94  -23 15 45.6   415  63361     18.1 V
09  2008 07 22.43742  19 05 52.05  -23 29 03.9   415  63584     17.6 V
09  2008 07 22.44166  19 05 51.94  -23 29 03.8   415  63584     18.0 V
09  2008 07 23.45824  19 05 23.28  -23 30 11.8   415  63584     18.5 V
09  2008 07 23.46358  19 05 23.08  -23 30 12.4   415  63584     18.0 V
09  2008 07 30.48402  19 02 15.98  -23 37 25.2   415  63584     18.1 V
09  2008 07 30.48829  19 02 15.87  -23 37 25.3   415  63584     18.4 V
09  2008 08 24.39041  18 55 03.00  -23 53 36.1   415  63806     18.7 V
09  2008 08 24.40791  18 55 02.85  -23 53 36.4   415  63806     18.1 V
09  2008 09 21.49105  18 56 35.81  -23 54 04.3   415  64093     18.1 V
09  2008 09 21.51887  18 56 36.35  -23 54 04.1   415  64093     18.2 V
10  2008 07 03.56184  19 22 37.74  -22 11 11.9   415  63361     17.5 V
10  2008 07 03.57027  19 22 37.48  -22 11 11.9   415  63361     17.6 V
10  2008 07 11.56663  19 18 09.71  -22 15 17.2   415  63361     17.2 V
10  2008 07 11.57299  19 18 09.49  -22 15 17.7   415  63361     17.5 V
10  2008 07 22.46694  19 11 47.90  -22 21 23.3   415  63584     17.1 V
10  2008 07 22.47398  19 11 47.65  -22 21 23.8   415  63584     17.7 V
10  2008 07 23.66840  19 11 05.63  -22 22 06.0   415  63584     17.3 V
10  2008 07 23.67682  19 11 05.33  -22 22 06.3   415  63584     17.0 V
10  2008 07 30.50790  19 07 09.93  -22 26 14.6   415  63584     17.6 V
10  2008 07 30.51425  19 07 09.68  -22 26 15.1   415  63584     17.7 V
10  2008 08 21.56885  18 56 39.25  -22 40 46.4   415  63806     18.2 V
11  2008 07 01.27742  19 13 02.11  -22 34 57.3   704  63361     17.3
11  2008 07 01.28797  19 13 01.83  -22 34 57.6   704  63361     17.6
11  2008 07 01.29851  19 13 01.48  -22 34 57.5   704  63361     17.5
11  2008 07 01.30937  19 13 01.14  -22 34 58.1   704  63361     17.5
11  2008 07 01.31995  19 13 00.77  -22 34 58.6   704  63361     17.5
11  2008 07 03.52295  19 11 55.71  -22 36 32.0   415  63361     17.1 V
11  2008 07 03.53461  19 11 55.37  -22 36 32.5   415  63361     16.5 V
11  2008 07 05.60840  19 10 53.63  -22 37 59.8   415  63361     17.2 V
11  2008 07 05.61267  19 10 53.51  -22 38 00.1   415  63361     17.3 V
11  2008 07 11.58531  19 07 55.80  -22 42 03.8   415  63361     17.2 V
11  2008 07 11.59001  19 07 55.62  -22 42 03.9   415  63361     16.8 V
11  2008 07 22.45135  19 02 45.39  -22 48 31.6   415  63584     17.3 V
11  2008 07 22.45771  19 02 45.21  -22 48 31.7   415  63584     17.1 V
11  2008 07 23.48454  19 02 17.52  -22 49 04.1   415  63584     16.8 V
11  2008 07 23.48878  19 02 17.42  -22 49 04.4   415  63584     17.4 V
11  2008 07 30.44960  18 59 21.16  -22 52 18.7   415  63584     18.4 V
11  2008 07 30.45245  18 59 21.06  -22 52 19.1   415  63584     18.2 V
12  2008 07 03.59368  19 24 19.09  -22 46 55.3   415  63361     18.5 V
12  2008 07 03.60316  19 24 18.77  -22 46 56.0   415  63361     17.6 V
12  2008 07 05.65171  19 23 15.22  -22 48 16.7   415  63361     18.2 V
12  2008 07 05.66025  19 23 14.93  -22 48 17.3   415  63361     18.1 V
12  2008 07 11.60913  19 20 07.85  -22 52 00.6   415  63362     18.1 V
12  2008 07 11.61757  19 20 07.60  -22 52 00.7   415  63362     18.3 V
12  2008 07 22.48596  19 14 29.85  -22 57 38.9   415  63584     18.0 V
12  2008 07 22.49441  19 14 29.57  -22 57 39.1   415  63584     17.7 V
12  2008 07 23.59259  19 13 56.53  -22 58 07.4   415  63584     17.5 V
12  2008 07 23.60103  19 13 56.28  -22 58 07.9   415  63584     18.3 V
12  2008 07 24.66561  19 13 24.65  -22 58 33.5   415  63584     18.6 V
12  2008 07 24.68140  19 13 24.15  -22 58 34.0   415  63584     18.7 V
12  2008 07 30.53582  19 10 37.09  -23 00 34.5   415  63584     18.3 V
12  2008 07 30.54522  19 10 36.83  -23 00 34.4   415  63584     18.2 V
12  2008 08 21.54264  19 02 47.17  -23 02 11.8   415  63806     18.9 V
12  2008 08 21.55316  19 02 47.01  -23 02 11.6   415  63806     18.8 V
13  2008 07 03.61530  19 20 37.37  -21 49 03.1   415  63362     18.8 V
13  2008 07 03.66090  19 20 36.27  -21 49 06.5   415  63362     19.7 V
13  2008 07 11.64935  19 16 55.84  -21 59 19.1   415  63362     18.9 V
13  2008 07 11.66341  19 16 55.47  -21 59 20.6   415  63362     19.3 V
13  2008 07 22.51387  19 11 52.59  -22 14 06.7   415  63584     19.5 V
13  2008 07 22.54190  19 11 51.76  -22 14 06.8   415  63584     19.8 V
13  2008 07 23.53391  19 11 24.59  -22 15 29.5   415  63584     18.3 V
13  2008 07 23.55670  19 11 23.96  -22 15 31.9   415  63584     18.7 V
13  2008 07 24.58992  19 10 55.75  -22 16 58.7   415  63584     19.6 V
13  2008 07 30.58423  19 08 17.13  -22 25 12.4   415  63584     19.8 V
13  2008 07 30.60304  19 08 16.67  -22 25 14.5   415  63584     19.5 V
