 6 1998 07 28 11  1 18.0  23 57 39.8324   -1 34 41.973  0.000  1.225
 6 1998 07 31 10 48 47.4  23 57 14.1516   -1 35 55.865  0.000  1.237
 6 1998 08  2 10 40 16.1  23 56 52.7537   -1 37 13.845  0.000  1.246
 6 1998 08  5 10 28 26.6  23 56 14.3637   -1 39 54.418  0.000  1.259
 6 1998 08  6 10 23  3.3  23 55 59.9373   -1 40 59.420  0.000  1.263
 6 1998 08  7 10 19 12.5  23 55 44.6527   -1 42 10.227  0.000  1.267
 6 1998 08 16  9 41 22.6  23 52 51.9003   -1 56 59.746  0.000  1.306
 6 1998 08 17  9 37  3.8  23 52 28.9549   -1 59  5.803  0.000  1.311
 6 1998 08 20  9 24 49.0  23 51 15.9668   -2  5 54.374  0.000  1.323
 6 1998 08 30  8 40  2.2  23 46 32.9699   -2 33 37.732  0.000  1.363
 6 1998 09 19  7  9 59.9  23 35 15.9029   -3 44 39.788  0.000  1.419
 6 1998 09 20  7  5 10.7  23 34 40.8453   -3 48 27.866  0.000  1.421
 6 1998 09 25  6 42 56.4  23 31 47.3729   -4  7 25.772  0.000  1.427
 6 1998 10 10  5 35 58.4  23 23 52.8927   -5  0 48.518  0.000  1.427
 6 1998 10 11  5 31 51.0  23 23 24.9921   -5  4  1.932  0.000  1.426
 6 1998 10 12  5 26 47.0  23 22 57.7114   -5  7 11.666  0.000  1.424
 6 1998 10 14  5 18 43.4  23 22  4.9283   -5 13 21.154  0.000  1.421
 6 1998 10 16  5 10 26.0  23 21 14.7267   -5 19 15.599  0.000  1.418
 6 1998 10 17  5  6 22.4  23 20 50.6275   -5 22  6.820  0.000  1.416
 6 1998 10 19  4 56 22.9  23 20  4.5696   -5 27 37.408  0.000  1.412
 6 1998 10 24  4 35 42.2  23 18 22.2884   -5 40  6.334  0.000  1.399
 6 1998 10 25  4 30 55.5  23 18  4.1606   -5 42 22.142  0.000  1.397
 6 1998 10 28  4 18 51.0  23 17 14.5787   -5 48 41.015  0.000  1.388
 6 1998 10 29  4 13 59.4  23 16 59.7193   -5 50 37.089  0.000  1.384
 6 1998 10 30  4 10 14.0  23 16 45.6626   -5 52 28.409  0.000  1.381
 6 1998 11  2  3 58 13.7  23 16  8.5760   -5 57 31.198  0.000  1.371
 6 1998 11  3  3 53 18.1  23 15 57.8982   -5 59  2.007  0.000  1.367
 6 1998 11  4  3 50 17.8  23 15 48.0954   -6  0 27.100  0.000  1.363
 6 1998 11  5  3 45  7.5  23 15 39.1471   -6  1 47.064  0.000  1.359
 6 1998 11  6  3 41  3.6  23 15 31.0648   -6  3  1.790  0.000  1.356
 6 1998 11 11  3 21  4.8  23 15  3.6320   -6  7 54.287  0.000  1.335
 6 1998 11 13  3 13 40.8  23 14 58.7687   -6  9 13.246  0.000  1.327
 6 1998 11 14  3  9 19.2  23 14 57.6663   -6  9 44.486  0.000  1.322
 6 1998 11 15  3  5 47.6  23 14 57.4081   -6 10 10.266  0.000  1.318
 6 1998 11 16  3  1 27.8  23 14 58.0684   -6 10 30.278  0.000  1.313
 6 1998 11 18  2 54  4.4  23 15  1.9705   -6 10 54.069  0.000  1.304
 6 1998 11 21  2 42 29.0  23 15 14.3756   -6 10 48.745  0.000  1.290
 6 1998 11 22  2 38 14.4  23 15 20.2412   -6 10 35.432  0.000  1.286
 6 1998 11 23  2 34 49.7  23 15 26.9771   -6 10 16.923  0.000  1.281
 6 1998 11 24  2 29 40.0  23 15 34.5712   -6  9 52.959  0.000  1.276
 6 1998 11 24  2 31 42.3  23 15 34.5579   -6  9 53.050  0.000  1.276
 6 1998 11 25  2 26 41.1  23 15 42.9721   -6  9 23.908  0.000  1.271
 6 1998 11 26  2 23 51.7  23 15 52.2749   -6  8 48.758  0.000  1.266
 6 1998 12  2  2  0 23.6  23 17  5.3520   -6  3 26.823  0.000  1.237
 6 1998 12  3  1 56 42.7  23 17 20.3882   -6  2 14.536  0.000  1.232
 6 1998 12  4  1 54 24.4  23 17 36.1949   -6  0 56.545  0.000  1.227
 6 1998 12  5  1 49 23.2  23 17 52.7989   -5 59 34.309  0.000  1.222
 6 1998 12 10  1 31 58.8  23 19 27.3303   -5 51 23.031  0.000  1.197
 6 1998 12 11  1 27 43.5  23 19 48.4958   -5 49 29.484  0.000  1.192
 6 1998 12 12  1 24 49.9  23 20 10.3997   -5 47 31.067  0.000  1.187
 6 1998 12 13  1 21  8.4  23 20 33.0473   -5 45 27.155  0.000  1.182
 6 1998 12 14  1 17  3.1  23 20 56.4388   -5 43 18.763  0.000  1.177
 6 1998 12 15  1 13 47.6  23 21 20.5207   -5 41  5.359  0.000  1.172
 6 1998 12 16  1 10 32.7  23 21 45.2889   -5 38 46.807  0.000  1.167
 6 1998 12 17  1  6 37.7  23 22 10.8343   -5 36 23.922  0.000  1.162
 6 1998 12 18  1  4 21.5  23 22 37.0686   -5 33 55.155  0.000  1.157
 7 1998 08 16  9 35 34.6  23 46 43.3223   -2 44 42.096  0.000  1.322
 7 1998 08 17  9 31 23.0  23 46 22.4164   -2 47 52.971  0.000  1.325
 7 1998 08 19  9 22 33.2  23 45 39.6591   -2 54 23.282  0.000  1.332
 7 1998 08 20  9 17 55.0  23 45 17.8845   -2 57 42.489  0.000  1.336
 7 1998 08 26  8 52 19.6  23 43  2.0984   -3 18 25.644  0.000  1.355
 7 1998 08 27  8 48 15.9  23 42 38.7692   -3 21 58.906  0.000  1.358
 7 1998 08 28  8 43 46.3  23 42 15.3007   -3 25 33.708  0.000  1.361
 7 1998 08 29  8 38 56.0  23 41 51.6857   -3 29  9.550  0.000  1.364
 7 1998 08 30  8 35  2.2  23 41 27.9707   -3 32 46.546  0.000  1.366
 7 1998 09 16  7 21 18.4  23 34 38.5300   -4 34 11.174  0.000  1.400
 7 1998 09 17  7 16 38.2  23 34 14.8766   -4 37 39.553  0.000  1.401
 7 1998 09 18  7 12 18.9  23 33 51.3475   -4 41  5.692  0.000  1.402
 7 1998 09 19  7  7 59.6  23 33 27.9647   -4 44 29.836  0.000  1.403
 7 1998 10  1  6 16 52.0  23 29  4.7519   -5 21 54.357  0.000  1.404
 7 1998 10 11  5 34 29.7  23 26  1.0839   -5 46 44.434  0.000  1.394
 7 1998 10 19  5  1  2.3  23 24  5.8396   -6  1 28.131  0.000  1.378
 7 1998 10 29  4 20 13.0  23 22 30.2312   -6 12 38.010  0.000  1.351
 7 1998 11  6  3 47 51.5  23 21 56.8671   -6 15 27.936  0.000  1.323
 7 1998 11 11  3 28 53.0  23 21 56.3771   -6 14 28.385  0.000  1.304
 7 1998 11 13  3 20 23.9  23 22  0.6559   -6 13 28.056  0.000  1.296
 7 1998 11 14  3 17  2.2  23 22  3.7753   -6 12 51.134  0.000  1.292
 7 1998 11 15  3 12 38.9  23 22  7.5266   -6 12  8.914  0.000  1.288
 7 1998 11 16  3  9 13.3  23 22 11.9363   -6 11 21.083  0.000  1.284
 7 1998 11 18  3  1 27.1  23 22 22.7282   -6  9 30.992  0.000  1.276
 7 1998 11 25  2 35  9.1  23 23 20.8861   -6  0 30.207  0.000  1.245
 7 1998 11 26  2 31 34.4  23 23 31.7115   -5 58 53.963  0.000  1.241
 7 1998 12 12  1 32 14.9  23 27 49.1143   -5 22 50.232  0.000  1.168
 7 1998 12 14  1 25 21.3  23 28 31.8597   -5 17  3.101  0.000  1.159
 8 1998 07 28 11  4  2.8   0  0 47.4600   -1 56 11.350  0.000  1.245
 8 1998 07 31 10 52  5.9   0  0 33.0736   -2  1 13.547  0.000  1.257
 8 1998 08  2 10 44 11.1   0  0 19.7263   -2  4 58.110  0.000  1.264
 8 1998 08  5 10 31 57.9  23 59 54.1415   -2 11  8.245  0.000  1.276
 8 1998 08 16  9 45 34.1  23 57 25.7864   -2 39  8.230  0.000  1.319
 8 1998 08 17  9 41 46.4  23 57  8.2873   -2 42  3.707  0.000  1.323
 8 1998 08 19  9 33 23.0  23 56 31.4045   -2 48  4.506  0.000  1.330
 8 1998 08 20  9 29 13.0  23 56 12.0405   -2 51  9.373  0.000  1.334
 8 1998 08 26  9  3 19.7  23 54  4.0100   -3 10 41.731  0.000  1.354
 8 1998 08 27  8 58 34.9  23 53 40.8356   -3 14  5.794  0.000  1.358
 8 1998 08 28  8 54 36.1  23 53 17.1926   -3 17 32.302  0.000  1.361
 8 1998 08 29  8 50 41.9  23 52 53.1030   -3 21  0.284  0.000  1.364
 8 1998 08 30  8 45 35.2  23 52 28.5331   -3 24 30.797  0.000  1.367
 8 1998 09 13  7 44 34.8  23 46  9.2248   -4 15 33.486  0.000  1.400
 8 1998 09 14  7 39 49.5  23 45 40.3462   -4 19 15.793  0.000  1.402
 8 1998 09 15  7 35 53.6  23 45 11.3420   -4 22 56.681  0.000  1.403
 8 1998 09 23  7  0 25.0  23 41 17.5805   -4 51 51.554  0.000  1.411
 8 1998 09 24  6 55 49.7  23 40 48.4998   -4 55 20.960  0.000  1.412
 8 1998 09 25  6 51 19.7  23 40 19.4976   -4 58 49.777  0.000  1.412
 8 1998 09 26  6 46 49.9  23 39 50.6148   -5  2 15.557  0.000  1.412
 8 1998 09 27  6 42 51.2  23 39 21.8969   -5  5 39.240  0.000  1.412
 8 1998 09 29  6 34 23.3  23 38 25.0439   -5 12 19.833  0.000  1.412
 8 1998 09 30  6 29 12.8  23 37 56.9379   -5 15 36.275  0.000  1.412
 8 1998 10  1  6 25 14.9  23 37 29.0217   -5 18 49.609  0.000  1.412
 8 1998 10 10  5 45 55.1  23 33 31.7586   -5 45 26.907  0.000  1.403
 8 1998 10 12  5 37  9.6  23 32 43.1726   -5 50 42.190  0.000  1.399
 8 1998 10 14  5 28 31.2  23 31 56.3820   -5 55 41.087  0.000  1.396
 8 1998 10 16  5 20 25.7  23 31 11.5174   -6  0 23.102  0.000  1.391
 8 1998 10 17  5 15 16.3  23 30 49.8492   -6  2 38.223  0.000  1.389
 8 1998 10 18  5 11 20.1  23 30 28.7672   -6  4 47.963  0.000  1.387
 8 1998 10 28  4 29  7.5  23 27 29.6380   -6 22 11.451  0.000  1.358