06  1986 08 12.95570  23 26 56.13  -05 05 21.9   095  14683  A  14.2 V
06  1986 08 18.02764  23 25 14.18  -05 21 24.1   095  14684  A  14.0 V
06  1986 10 06.84611  23 07 40.32  -07 39 30.7   095  14697  A  15.5 V
06  1988 12 11.64514  03 48 16.34  +19 00 03.7   888  14149  A  16.5
06  1988 12 11.67917  03 48 15.52  +19 00 03.4   888  14149  A
06  1988 12 14.51875  03 47 10.02  +18 59 48.3   888  14149  A  16.0
06  1988 12 14.55208  03 47 09.22  +18 59 47.6   888  14149  A
06  1988 12 14.57708  03 47 08.89  +18 59 43.1   888  14149  A
06  1988 12 14.60903  03 47 08.13  +18 59 43.2   888  14149  A
06  1988 12 15.59931  03 46 46.08  +18 59 37.9   888  15211  A  16
06  1988 12 15.63194  03 46 45.18  +18 59 40.3   888  15211  A
06  1989 01 01.51806  03 41 45.95  +19 01 06.1   888  15211  A  15.5
06  1989 01 01.55000  03 41 45.52  +19 01 06.0   888  15211  A
06  1989 01 02.47500  03 41 33.88  +19 01 19.6   888  14150  A  16.0
06  1989 01 02.50764  03 41 33.49  +19 01 21.3   888  14150  A
06  1989 01 05.56389  03 40 58.96  +19 02 12.9   888  14150  A  16.0
06  1989 01 05.59722  03 40 58.61  +19 02 13.0   888  14150  A
06  1992 02 25.43303  10 51 48.50  +08 28 45.6   691  40904  C  15.7 V
06  1992 02 25.47082  10 51 47.21  +08 28 52.2   691  40905  C
06  1992 02 25.49143  10 51 46.57  +08 28 55.7   691  40905  C
06  1994 06 03.87693  14 14 47.76  -12 08 13.3   119  40905  A  16.0
06  1999 10 10.97579  01 57 51.23  +09 53 05.1   106  40905  C  14.1
06  1999 10 10.99198  01 57 50.78  +09 53 03.0   106  40905  C  14.2
06  1999 10 11.00830  01 57 50.37  +09 53 01.0   106  40905  C  14.1
06  1999 10 11.86900  01 57 28.83  +09 51 06.0   106  40905  C  13.0
06  1999 10 11.89380  01 57 28.18  +09 51 02.6   106  40905  C  12.8
06  1999 10 11.91962  01 57 27.52  +09 50 59.0   106  40905  C  12.8
06  1999 10 19.19739  01 54 22.31  +09 35 35.0   704  40905  C  16.1
06  1999 10 19.21114  01 54 21.93  +09 35 33.0   704  40905  C  16.5
06  1999 10 19.22488  01 54 21.54  +09 35 31.5   704  40905  C  16.3
06  1999 10 19.23870  01 54 21.22  +09 35 29.4   704  40905  C  16.2
06  1999 10 19.25248  01 54 20.81  +09 35 27.8   704  40905  C  16.2
06  2000 10 26.39191  04 37 54.96  +21 40 06.5   704  41449  C  15.3
06  2000 10 26.40603  04 37 54.56  +21 40 05.7   704  41449  C  15.5
06  2000 10 26.42050  04 37 54.20  +21 40 04.3   704  41449  C  15.9
06  2000 11 02.28723  04 34 57.24  +21 32 12.9   704  41449  C  14.9
06  2000 11 02.30086  04 34 56.82  +21 32 11.9   704  41449  C  15.8
06  2000 11 02.31441  04 34 56.44  +21 32 10.9   704  41449  C  15.4
06  2000 11 02.32797  04 34 56.02  +21 32 09.9   704  41449  C  15.4
06  2000 11 02.34155  04 34 55.62  +21 32 08.9   704  41449  C  15.6
06  2001 12 14.96626  06 52 50.78  +22 44 11.8   185  44181  C  14.5 R
06  2001 12 14.97188  06 52 50.63  +22 44 12.5   185  44181  C  14.5 R
06  2001 12 14.99259  06 52 50.05  +22 44 14.4   185  44181  C  14.4 R
06  2001 12 19.26300  06 50 52.425 +22 50 57.00  673  44181  C
06  2001 12 19.26745  06 50 52.298 +22 50 57.43  673  44181  C
06  2001 12 19.28666  06 50 51.736 +22 50 59.33  673  44181  C
06  2001 12 19.29167  06 50 51.603 +22 50 59.76  673  44181  C
06  2001 12 19.29671  06 50 51.453 +22 51 00.31  673  44181  C
06  2003 11 23.46502  11 10 53.96  +06 01 29.6   704  52313  C  17.0
06  2003 11 23.47744  11 10 54.25  +06 01 28.1   704  52313  C  17.3
06  2003 11 23.48998  11 10 54.53  +06 01 26.5   704  52313  C  17.1
06  2003 11 23.50252  11 10 54.82  +06 01 24.9   704  52313  C  17.0
06  2004 02 11.45087  11 10 48.56  +07 10 37.6   644  51180  C  15.1
06  2004 02 11.47583  11 10 48.04  +07 10 41.9   644  51180  C  15.1
06  2004 02 11.49840  11 10 47.59  +07 10 45.8   644  51180  C  15.2
06  2004 02 14.57297  11 09 44.28  +07 19 29.1   608  51180  C  14.9
06  2004 02 14.58485  11 09 44.02  +07 19 30.9   608  51180  C  15.2
06  2004 02 14.59723  11 09 43.76  +07 19 33.5   608  51180  C  15.1
06  2004 02 14.92687  11 09 36.89  +07 20 29.5   185  51180  C  15.1 R
06  2004 02 14.93344  11 09 36.74  +07 20 30.5   185  51180  C  15.2 R
06  2004 02 14.94007  11 09 36.59  +07 20 31.6   185  51180  C  15.1 R
06  2004 02 18.34618  11 08 23.07  +07 30 12.6   704  52313  C  17.1
06  2004 02 18.35779  11 08 22.68  +07 30 17.0   704  52313  C  17.2
06  2004 02 18.36946  11 08 22.57  +07 30 18.2   704  52313  C  17.8
06  2004 02 18.39331  11 08 21.83  +07 30 20.7   704  52313  C  17.1
06  2004 02 19.56991  11 07 55.71  +07 33 44.7   608  51180  C  15.6
06  2004 02 19.58060  11 07 55.46  +07 33 46.6   608  51180  C  15.6
06  2004 02 19.59111  11 07 55.23  +07 33 48.3   608  51180  C  15.7
06  2004 02 22.35635  11 06 52.81  +07 41 39.6   695  52313  C  16.0 R
06  2004 02 22.40830  11 06 51.56  +07 41 48.3   695  52313  C
06  2004 03 09.91091  11 00 23.66  +08 26 01.2   565  51366  C
06  2004 03 09.91823  11 00 23.47  +08 26 02.1   565  51366  C  15.0 V
06  2004 03 09.92897  11 00 23.21  +08 26 03.6   565  51366  C
06  2004 03 11.21789  10 59 53.09  +08 29 12.0   333  51366  C  15.2 R
06  2004 03 11.22298  10 59 52.97  +08 29 12.5   333  51366  C  15.1 R
06  2004 03 11.22807  10 59 52.85  +08 29 13.2   333  51366  C  15.1 R
06  2004 03 15.25480  10 58 20.04  +08 38 31.4   704  52313  C  16.6
06  2004 03 15.26544  10 58 19.82  +08 38 34.6   704  52313  C  17.4
06  2004 03 15.27625  10 58 19.51  +08 38 36.5   704  52313  C  17.4
06  2004 03 15.28695  10 58 19.24  +08 38 37.9   704  52313  C  17.3
06  2004 03 15.30542  10 58 18.81  +08 38 40.6   704  52313  C  17.2
06  2004 04 21.18212  10 48 15.20  +09 23 28.0   333  51496  C  16.2 R
06  2004 04 22.18407  10 48 07.77  +09 23 30.3   333  51496  C  15.9 R
06  2004 04 23.18508  10 48 00.95  +09 23 28.1   333  51496  C  17.2 R
06  2004 05 15.19053  10 47 57.086 +09 06 45.79  673  52163  C
06  2004 05 15.19520  10 47 57.113 +09 06 45.38  673  52163  C
06  2004 05 15.19982  10 47 57.140 +09 06 44.99  673  52163  C
06  2004 05 16.21111  10 48 03.676 +09 05 17.21  673  52163  C
06  2004 05 16.21586  10 48 03.707 +09 05 16.79  673  52163  C
06  2004 05 16.22049  10 48 03.739 +09 05 16.37  673  52163  C
06  2004 12 31.64786  13 06 29.93  -05 27 02.3   415  53464  C  15.7 V
06  2004 12 31.65122  13 06 30.06  -05 27 03.4   415  53464  C  15.4 V
06  2005 01 14.66473  13 11 11.54  -05 58 59.5   415  53464  C  16.0 V
06  2005 01 14.66681  13 11 11.53  -05 59 00.1   415  53464  C  15.5 V
06  2005 03 03.40410  13 09 39.57  -06 05 02.4   704  53946  C  16.9
06  2005 03 03.42804  13 09 39.28  -06 05 04.1   704  53946  C  18.3
06  2005 03 03.43963  13 09 39.02  -06 04 57.9   704  53946  C  19.0
06  2005 03 03.45112  13 09 38.65  -06 05 00.4   704  53946  C  17.7
06  2005 03 07.31954  13 08 17.63  -05 57 45.2   704  53946  C  15.7
06  2005 03 07.33154  13 08 17.45  -05 57 45.2   704  53946  C  16.7
06  2005 03 07.34294  13 08 17.06  -05 57 41.3   704  53946  C  16.9
06  2005 03 07.35435  13 08 16.72  -05 57 40.5   704  53946  C  16.6
06  2005 03 07.36574  13 08 16.46  -05 57 39.2   704  53946  C  16.0
06  2005 03 08.38464  13 07 53.52  -05 55 34.5   G96  53946  C  14.4 R
06  2005 03 08.39179  13 07 53.36  -05 55 33.5   G96  53946  C  14.5 R
06  2005 03 08.39891  13 07 53.20  -05 55 32.7   G96  53946  C  14.5 R
06  2005 03 08.40609  13 07 53.03  -05 55 31.9   G96  53946  C  14.5 R
06  2005 03 11.53992  13 06 38.37  -05 48 35.8   415  53946  C  15.3 V
06  2005 03 11.54369  13 06 38.29  -05 48 35.4   415  53946  C  15.1 V
06  2005 03 12.51808  13 06 13.87  -05 46 17.7   415  53946  C  15.2 V
06  2005 03 12.52468  13 06 13.70  -05 46 16.7   415  53946  C  15.0 V
06  2005 03 20.56653  13 02 33.19  -05 24 58.3   415  53946  C  15.0 V
06  2005 03 20.56780  13 02 33.15  -05 24 58.2   415  53946  C  15.1 V
06  2005 03 31.26618  12 56 59.69  -04 50 55.3   333  53946  C  15.5 R
06  2005 03 31.30546  12 56 58.39  -04 50 47.2   333  53946  C  15.5 R
06  2005 03 31.47619  12 56 52.87  -04 50 09.5   415  53946  C  14.7 V
06  2005 03 31.47793  12 56 52.81  -04 50 09.2   415  53946  C  14.7 V
06  2005 03 31.47956  12 56 52.76  -04 50 08.7   415  53946  C  14.8 V
06  2005 04 01.19995  12 56 29.16  -04 47 41.5   333  53946  C  15.5 R
06  2005 04 01.23927  12 56 27.85  -04 47 33.3   333  53946  C  15.5 R
06  2005 04 06.49547  12 53 33.57  -04 28 46.7   415  53947  C  15.0 V
06  2005 04 06.49700  12 53 33.53  -04 28 46.2   415  53947  C  15.0 V
06  2005 04 09.53061  12 51 52.15  -04 17 36.9   415  54161  C  15.0 V
06  2005 04 09.53267  12 51 52.07  -04 17 36.4   415  54161  C  15.1 V
06  2005 04 18.27520  12 47 04.58  -03 44 55.2   704  54161  C  15.9
06  2005 04 18.28445  12 47 04.30  -03 44 53.2   704  54161  C  16.2
06  2005 04 18.29343  12 47 03.99  -03 44 51.1   704  54161  C  16.3
06  2005 04 18.30278  12 47 03.75  -03 44 47.9   704  54161  C  16.4
06  2005 04 18.31178  12 47 03.37  -03 44 46.6   704  54161  C  16.4
06  2005 04 19.40643  12 46 28.65  -03 40 40.2   608  54161  C  16.9
06  2005 04 19.41719  12 46 28.30  -03 40 37.9   608  54161  C  16.9
06  2005 04 19.42784  12 46 27.94  -03 40 35.4   608  54161  C  17.0
06  2005 04 30.63547  12 40 56.22  -03 00 13.1   415  54161  C  14.9 V
06  2005 04 30.63642  12 40 56.20  -03 00 12.7   415  54161  C  15.0 V
06  2005 05 08.57113  12 37 40.54  -02 34 49.2   415  54161  C  15.2 V
06  2005 05 08.57323  12 37 40.55  -02 34 49.0   415  54161  C  15.2 V
06  2005 05 11.52156  12 36 38.34  -02 26 24.2   415  54161  C  15.4 V
06  2005 05 11.52332  12 36 38.28  -02 26 23.5   415  54161  C  15.4 V
06  2005 05 23.17891  12 33 36.16  -01 59 59.0   644  54343  C  15.5
06  2005 05 23.19867  12 33 35.93  -01 59 56.9   644  54343  C  15.5
06  2005 05 23.21946  12 33 35.69  -01 59 54.7   644  54343  C  15.5
06  2005 06 12.48265  12 32 38.14  -01 44 39.4   415  54343  C  15.6 V
06  2005 06 12.48382  12 32 38.15  -01 44 39.4   415  54343  C  15.4 V
06  2005 06 24.38277  12 34 32.36  -01 54 34.5   415  54557  C  15.8 V
06  2005 06 24.38428  12 34 32.37  -01 54 34.6   415  54557  C  15.8 V
06  2005 07 27.36815  12 47 30.94  -03 22 15.9   415  54697  C  15.7 V
06  2005 07 27.37244  12 47 31.07  -03 22 17.1   415  54697  C  15.7 V
06  2005 08 23.37201  13 04 15.16  -05 19 13.0   415  54823  C  16.0 V
06  2005 08 23.37274  13 04 15.19  -05 19 13.0   415  54823  C  16.0 V
06  2005 08 23.37347  13 04 15.22  -05 19 13.3   415  54823  C  15.9 V
07  1992 02 23.38498  10 52 17.72  +09 04 23.7   691  40906  C  18.9 V
07  1992 02 23.40675  10 52 17.18  +09 04 27.2   691  40906  C  19.0 V
07  1992 02 23.43097  10 52 16.63  +09 04 31.6   691  40906  C  19.4 V
07  1992 03 05.36266  10 47 43.44  +09 33 47.5   691  40906  C  17.8 V
07  1992 03 05.38614  10 47 42.81  +09 33 51.1   691  40906  C  17.9 V
07  1992 03 05.40872  10 47 42.22  +09 33 54.6   691  40906  C  17.8 V
07  1993 03 29.66962  12 35 40.56  -02 42 14.8   365  52313  X
07  1999 10 02.37610  02 08 34.05  +11 06 57.3   703  40906  C  16.1 R
07  1999 10 02.38844  02 08 33.77  +11 06 56.1   703  40906  C  16.3 R
07  1999 10 02.40079  02 08 33.47  +11 06 54.8   703  40906  C  16.2 R
07  1999 10 02.41310  02 08 33.15  +11 06 54.0   703  40906  C  16.3 R
07  1999 10 03.36681  02 08 10.252 +11 05 21.66  689  40906  C
07  1999 10 07.36451  02 06 28.54  +10 58 34.2   704  40906  C  17.1
07  1999 10 07.37518  02 06 28.15  +10 58 31.7   704  40906  C  17.5
07  1999 10 07.38590  02 06 27.89  +10 58 31.4   704  40906  C  17.1
07  1999 10 07.39659  02 06 27.59  +10 58 30.4   704  40906  C  17.0
07  1999 10 07.40734  02 06 27.29  +10 58 29.4   704  40906  C  16.9
07  1999 10 10.26427  02 05 09.61  +10 53 16.6   704  40906  C  15.9
07  1999 10 10.28001  02 05 09.15  +10 53 14.9   704  40906  C  16.2
07  1999 10 10.29577  02 05 08.69  +10 53 12.9   704  40906  C  16.1
07  1999 10 10.31151  02 05 08.24  +10 53 11.7   704  40906  C  16.3
07  1999 10 10.32726  02 05 07.77  +10 53 09.6   704  40906  C  16.5
07  1999 10 15.34855  02 02 42.07  +10 43 24.8   691  40906  C  16.4 V
07  1999 10 15.35364  02 02 41.92  +10 43 24.2   691  40906  C  16.4 V
07  1999 10 15.35780  02 02 41.79  +10 43 23.6   691  40906  C  16.4 V
07  1999 10 20.24661  02 00 11.43  +10 33 20.1   704  40907  C  16.1
07  1999 10 20.26239  02 00 10.93  +10 33 18.0   704  40907  C  16.4
07  1999 10 20.27809  02 00 10.43  +10 33 15.9   704  40907  C  16.5
07  1999 10 20.29377  02 00 09.91  +10 33 14.1   704  40907  C  16.0
07  1999 10 20.30946  02 00 09.41  +10 33 11.8   704  40907  C  16.4
07  1999 11 05.24908  01 51 32.28  +09 58 36.9   704  40907  C  16.7
07  1999 11 05.26536  01 51 31.73  +09 58 35.2   704  40907  C  17.0
07  1999 11 05.28158  01 51 31.20  +09 58 33.1   704  40907  C  16.9
07  1999 11 05.29782  01 51 30.66  +09 58 31.2   704  40907  C  17.0
07  1999 11 05.31401  01 51 30.11  +09 58 29.2   704  40907  C  17.4
07  1999 11 12.21746  01 47 50.73  +09 43 50.2   704  40907  C  16.5
07  1999 11 12.23336  01 47 50.22  +09 43 48.2   704  40907  C  16.8
07  1999 11 12.24848  01 47 49.63  +09 43 45.5   704  40907  C  17.3
07  1999 11 12.26293  01 47 49.24  +09 43 44.5   704  40907  C  16.8
07  1999 11 12.27737  01 47 48.78  +09 43 43.2   704  40907  C  16.6
07  2000 10 19.40407  04 34 08.87  +21 01 09.2   919  41449  C  17.0
07  2000 10 19.48419  04 34 07.01  +21 01 01.2   919  41449  C  16.8
07  2000 10 20.16425  04 33 51.81  +20 59 53.7   739  41449  C  16.3 V
07  2000 10 20.17123  04 33 51.62  +20 59 53.1   739  41449  C  16.3 V
07  2000 10 20.17493  04 33 51.54  +20 59 52.6   739  41449  C
07  2000 10 20.18094  04 33 51.47  +20 59 52.5   739  41449  C
07  2000 11 02.28642  04 28 00.53  +20 35 26.8   704  41449  C  17.2
07  2000 11 02.30005  04 28 00.15  +20 35 25.0   704  41449  C  17.5
07  2000 11 02.31360  04 27 59.72  +20 35 24.6   704  41449  C  17.8
07  2000 11 02.32716  04 27 59.28  +20 35 22.3   704  41449  C  17.6
07  2000 11 02.34074  04 27 58.83  +20 35 21.0   704  41449  C  17.7
07  2000 12 15.11587  04 05 31.58  +19 22 01.3   732  41829  C  16.4 V
07  2000 12 15.12698  04 05 31.27  +19 22 00.6   732  41829  C  16.4 V
07  2000 12 15.14172  04 05 30.88  +19 21 59.7   732  41829  C  16.3 V
07  2000 12 15.17395  04 05 30.00  +19 21 57.6   732  41829  C  16.3 V
07  2000 12 15.18497  04 05 29.70  +19 21 56.7   732  41830  C  16.2 V
07  2000 12 15.19594  04 05 29.41  +19 21 55.9   732  41830  C  16.4 V
07  2000 12 16.14334  04 05 04.71  +19 20 52.7   732  41830  C  16.6 V
07  2000 12 16.15431  04 05 04.45  +19 20 52.1   732  41830  C  16.2 V
07  2000 12 16.17049  04 05 04.02  +19 20 49.7   678  41830  C  16.7
07  2000 12 16.17371  04 05 03.99  +19 20 49.5   699  41830  C  15.9 R
07  2000 12 16.18940  04 05 03.60  +19 20 49.1   678  41830  C  16.8
07  2000 12 16.19562  04 05 03.42  +19 20 48.2   699  41830  C
07  2000 12 16.21762  04 05 02.82  +19 20 46.9   699  41830  C
07  2000 12 16.23253  04 05 02.39  +19 20 46.0   678  41830  C  16.6
07  2000 12 16.23958  04 05 02.25  +19 20 45.7   699  41830  C
07  2000 12 17.20699  04 04 37.54  +19 19 43.8   926  41830  C
07  2000 12 17.23052  04 04 36.98  +19 19 42.3   926  41830  C
07  2000 12 29.16646  04 00 19.66  +19 10 24.6   699  41830  C  16.5 R
07  2000 12 29.19068  04 00 19.22  +19 10 24.1   699  41830  C
07  2000 12 29.21487  04 00 18.79  +19 10 23.2   699  41830  C
07  2000 12 29.23907  04 00 18.34  +19 10 22.4   699  41830  C
07  2001 10 19.40814  07 03 42.88  +22 05 33.8   696  43757  C  17.4 R
07  2001 10 19.45143  07 03 43.48  +22 05 34.0   696  43757  C  17.2 R
07  2001 10 19.48995  07 03 44.01  +22 05 34.1   696  43757  C  17.2 R
07  2001 12 19.30175  06 55 19.249 +22 56 46.93  673  44181  C
07  2003 12 24.54886  11 16 06.94  +05 43 57.5   568  51180  C  17.5 R
07  2003 12 24.58005  11 16 07.16  +05 43 57.4   568  51180  C  17.5 R
07  2003 12 24.61572  11 16 07.42  +05 43 57.2   568  51180  C  17.4 R
07  2004 02 11.45087  11 10 50.71  +06 58 46.9   644  51180  C  16.5
07  2004 02 11.47583  11 10 50.23  +06 58 51.0   644  51180  C  16.5
07  2004 02 11.49840  11 10 49.81  +06 58 54.7   644  51180  C  16.5
07  2004 02 14.92687  11 09 43.52  +07 08 30.3   185  51180  C  16.6 R
07  2004 02 14.93344  11 09 43.39  +07 08 31.7   185  51180  C  16.5 R
07  2004 02 14.94007  11 09 43.24  +07 08 32.7   185  51180  C  16.7 R
07  2004 03 11.21789  11 00 24.19  +08 20 20.7   333  51366  C  17.6 R
07  2004 03 11.22298  11 00 24.06  +08 20 20.7   333  51366  C  17.1 R
07  2004 03 11.22807  11 00 23.96  +08 20 22.6   333  51366  C  17.2 R
07  2004 03 20.26499  10 57 03.44  +08 42 22.2   699  52313  C  16.4 R
07  2004 03 20.29028  10 57 02.88  +08 42 25.5   699  52313  C
07  2004 03 20.31564  10 57 02.33  +08 42 28.9   699  52313  C
07  2004 03 20.34104  10 57 01.75  +08 42 31.9   699  52313  C
07  2004 04 14.22829  10 49 37.07  +09 19 49.7   699  52313  C  16.7 R
07  2004 04 14.24855  10 49 36.80  +09 19 50.6   699  52313  C
07  2004 04 14.26884  10 49 36.51  +09 19 51.3   699  52313  C
07  2004 04 14.28906  10 49 36.25  +09 19 52.2   699  52313  C
07  2004 04 21.18212  10 48 14.35  +09 23 05.5   333  51496  C  18.0 R
07  2004 04 22.18407  10 48 04.28  +09 23 18.1   333  51496  C  17.6 R
07  2004 04 23.18508  10 47 54.63  +09 23 26.8   333  51496  C  18.1 R
07  2004 05 15.17633  10 46 31.854 +09 10 53.54  673  52163  C
07  2004 05 15.18108  10 46 31.862 +09 10 53.19  673  52163  C
07  2004 05 15.18577  10 46 31.869 +09 10 52.86  673  52163  C
07  2004 05 16.19218  10 46 34.379 +09 09 38.52  673  52163  C
07  2004 05 16.19688  10 46 34.392 +09 09 38.18  673  52163  C
07  2004 05 16.20521  10 46 34.410 +09 09 37.56  673  52163  C
07  2004 12 31.65853  13 07 18.13  -05 29 03.0   415  53464  C  16.7 V
07  2005 01 14.67177  13 12 01.79  -06 01 48.4   415  53464  C  17.5 V
07  2005 01 14.67324  13 12 01.77  -06 01 48.5   415  53464  C  17.4 V
07  2005 03 11.55289  13 04 24.47  -05 38 32.4   415  53947  C  16.7 V
07  2005 03 11.55545  13 04 24.37  -05 38 31.7   415  53947  C  17.3 V
07  2005 03 12.53269  13 03 56.12  -05 35 51.3   415  53947  C  16.3 V
07  2005 03 12.53564  13 03 56.06  -05 35 51.1   415  53947  C  16.4 V
07  2005 03 20.57385  12 59 48.28  -05 11 44.9   415  53947  C  16.3 V
07  2005 03 20.57588  12 59 48.19  -05 11 44.4   415  53947  C  16.3 V
07  2005 03 31.48556  12 53 44.04  -04 34 45.5   415  53947  C  16.6 V
07  2005 03 31.48818  12 53 43.95  -04 34 45.0   415  53947  C  16.5 V
07  2005 04 06.50442  12 50 19.35  -04 13 17.7   415  53947  C  16.0 V
07  2005 04 06.50815  12 50 19.21  -04 13 16.7   415  53947  C  16.2 V
07  2005 04 09.56365  12 48 36.50  -04 02 20.4   415  54161  C  16.4 V
07  2005 04 09.56653  12 48 36.41  -04 02 19.8   415  54161  C  16.4 V
07  2005 04 18.27440  12 43 55.72  -03 31 54.0   704  54161  C  17.0
07  2005 04 18.28391  12 43 55.48  -03 31 52.2   704  54161  C  17.2
07  2005 04 18.29290  12 43 55.17  -03 31 52.0   704  54161  C  17.2
07  2005 04 18.30225  12 43 54.91  -03 31 48.1   704  54161  C  17.5
07  2005 04 18.31124  12 43 54.62  -03 31 46.3   704  54161  C  17.5
07  2005 04 19.37263  12 43 22.14  -03 28 09.8   608  54161  C  17.3
07  2005 04 19.38367  12 43 21.78  -03 28 07.6   608  54161  C  17.3
07  2005 04 19.39453  12 43 21.44  -03 28 05.5   608  54161  C  17.3
07  2005 04 27.50044  12 39 29.60  -03 02 07.0   415  54161  C  16.6 V
07  2005 04 27.50153  12 39 29.54  -03 02 06.7   415  54161  C  16.6 V
07  2005 04 30.62904  12 38 08.98  -02 52 55.4   415  54161  C  16.6 V
07  2005 04 30.63074  12 38 08.94  -02 52 54.8   415  54161  C  16.5 V
07  2005 05 05.34544  12 36 18.67  -02 40 06.6   608  54161  C  17.3
07  2005 05 05.35567  12 36 18.44  -02 40 05.2   608  54161  C  17.4
07  2005 05 05.36612  12 36 18.19  -02 40 03.5   608  54161  C  17.3
07  2005 05 06.22665  12 35 59.42  -02 37 53.1   G96  54161  C  16.2 R
07  2005 05 06.23528  12 35 59.23  -02 37 51.9   G96  54161  C  16.1 R
07  2005 05 06.24390  12 35 59.04  -02 37 50.6   G96  54161  C  16.1 R
07  2005 05 06.25255  12 35 58.85  -02 37 49.0   G96  54161  C  16.1 R
07  2005 05 08.56657  12 35 11.16  -02 32 08.8   415  54161  C  16.8 V
07  2005 05 08.56838  12 35 11.13  -02 32 08.5   415  54161  C  16.8 V
07  2005 05 11.51650  12 34 15.67  -02 25 27.8   415  54161  C  16.7 V
07  2005 05 11.51794  12 34 15.64  -02 25 27.7   415  54161  C  16.9 V
07  2005 05 11.51936  12 34 15.62  -02 25 27.3   415  54161  C  16.8 V
07  2005 05 23.17891  12 31 37.64  -02 05 25.0   644  54343  C  16.9
07  2005 05 23.18013  12 31 37.62  -02 05 24.8   644  54343  C  16.9
07  2005 05 23.19867  12 31 37.44  -02 05 23.5   644  54343  C  16.9
07  2005 05 23.19987  12 31 37.43  -02 05 23.2   644  54343  C  17.0
07  2005 05 23.21946  12 31 37.24  -02 05 21.9   644  54343  C  16.9
07  2005 05 23.22066  12 31 37.22  -02 05 21.7   644  54343  C  16.9
07  2005 06 12.48706  12 31 06.17  -01 56 06.5   415  54343  C  17.2 V
07  2005 06 12.48975  12 31 06.19  -01 56 06.6   415  54343  C  16.6 V
07  2005 06 24.38623  12 33 08.82  -02 05 57.3   415  54557  C  17.4 V
07  2005 06 24.38836  12 33 08.83  -02 05 57.3   415  54557  C  17.4 V
07  2005 07 28.41854  12 47 09.09  -03 28 54.0   415  54697  C  17.7 V
07  2005 07 28.42139  12 47 09.19  -03 28 54.3   415  54697  C  17.6 V
07  2005 08 23.37791  13 04 00.59  -05 15 51.1   415  54823  C  17.7 V
07  2005 08 23.38215  13 04 00.72  -05 15 53.2   415  54823  C  18.0 V
08  1992 02 24.40632  10 54 08.90  +09 20 46.1   691  40907  C  17.5 V
08  1992 02 24.42712  10 54 08.21  +09 20 50.7   691  40907  C  17.5 V
08  1992 02 24.44801  10 54 07.50  +09 20 54.7   691  40907  C  17.5 V
08  1992 03 06.29402  10 48 03.75  +09 56 30.4   691  40907  C  18.1 V
08  1992 03 06.31440  10 48 02.90  +09 56 34.1   691  40907  C
08  1992 03 06.35314  10 48 01.72  +09 56 41.4   691  40907  C
08  1998 08 23.40748  23 55 09.92  -03 00 48.8   704  40907  C  17.5
08  1998 08 23.41999  23 55 09.58  -03 00 49.5   704  40907  C  17.5
08  1998 08 23.43303  23 55 09.35  -03 00 54.6   704  40907  C  17.5
08  1998 08 23.44604  23 55 09.02  -03 00 55.4   704  40907  C  17.5
08  1998 08 23.45802  23 55 08.57  -03 00 59.9   704  40907  C  17.5
08  1998 08 26.31588  23 54 05.56  -03 10 29.6   699  40907  C  16.5 R
08  1998 08 26.34069  23 54 04.81  -03 10 34.9   699  40907  C
08  1998 08 26.36552  23 54 04.22  -03 10 39.6   699  40907  C
08  1999 09 13.41533  01 59 17.718 +11 04 57.09  689  40907  C
08  1999 09 18.40111  01 57 50.538 +10 58 56.42  689  40907  C
08  1999 10 02.32617  01 52 31.79  +10 35 38.2   703  40907  C  17.0 R
08  1999 10 02.33857  01 52 31.45  +10 35 36.5   703  40907  C  16.9 R
08  1999 10 02.35087  01 52 31.13  +10 35 35.0   703  40907  C  16.9 R
08  1999 10 02.36317  01 52 30.77  +10 35 33.7   703  40907  C  16.8 R
08  1999 10 04.30337  01 51 39.18  +10 31 40.0   704  40907  C  17.0
08  1999 10 04.31681  01 51 38.71  +10 31 38.9   704  40907  C  16.9
08  1999 10 04.33018  01 51 38.33  +10 31 37.0   704  40907  C  16.9
08  1999 10 04.34359  01 51 37.95  +10 31 34.6   704  40907  C  17.7
08  1999 10 04.35697  01 51 37.52  +10 31 33.7   704  40907  C  17.0
08  1999 10 06.94958  01 50 26.34  +10 26 08.8   120  40907  C  17.6
08  1999 10 06.96918  01 50 25.78  +10 26 06.4   120  40907  C
08  1999 10 07.36232  01 50 14.71  +10 25 16.7   704  40907  C  16.6
08  1999 10 07.37301  01 50 14.40  +10 25 15.8   704  40907  C  16.9
08  1999 10 07.38372  01 50 14.09  +10 25 13.8   704  40907  C  17.4
08  1999 10 07.39442  01 50 13.78  +10 25 13.1   704  40907  C  16.8
08  1999 10 07.40516  01 50 13.43  +10 25 11.2   704  40907  C  16.6
08  1999 10 07.86875  01 50 00.59  +10 24 11.4   120  40907  C  17.4
08  1999 10 07.88816  01 50 00.04  +10 24 08.8   120  40907  C
08  1999 10 08.89569  01 49 31.39  +10 21 58.1   120  40908  C  17.6
08  1999 10 08.91796  01 49 30.77  +10 21 55.3   120  40908  C
08  1999 10 09.28822  01 49 20.18  +10 21 07.8   703  40908  C  16.5 R
08  1999 10 09.30021  01 49 19.82  +10 21 05.9   703  40908  C  16.6 R
08  1999 10 09.31218  01 49 19.46  +10 21 04.5   703  40908  C  16.9 R
08  1999 10 09.32410  01 49 19.11  +10 21 03.1   703  40908  C  16.6 R
08  1999 10 10.26201  01 48 52.23  +10 18 59.1   704  40908  C  17.2
08  1999 10 10.27774  01 48 51.70  +10 18 56.5   704  40908  C  17.7
08  1999 10 10.29349  01 48 51.25  +10 18 55.0   704  40908  C  18.1
08  1999 10 10.30924  01 48 50.78  +10 18 52.3   704  40908  C  17.9
08  1999 10 10.32500  01 48 50.24  +10 18 50.1   704  40908  C  17.9
08  1999 10 15.41214  01 46 20.78  +10 07 21.5   704  40908  C  16.6
08  1999 10 15.42761  01 46 20.26  +10 07 19.3   704  40908  C  17.2
08  1999 10 15.44293  01 46 19.81  +10 07 17.2   704  40908  C  17.3
08  1999 10 15.45829  01 46 19.34  +10 07 16.1   704  40908  C  17.8
08  1999 10 15.47362  01 46 18.79  +10 07 12.9   704  40908  C  17.8
08  1999 10 20.24521  01 43 55.91  +09 56 09.7   704  40908  C  17.1
08  1999 10 20.26100  01 43 55.40  +09 56 06.8   704  40908  C  17.7
08  1999 10 20.27670  01 43 54.88  +09 56 06.1   704  40908  C  17.4
08  1999 10 20.29239  01 43 54.41  +09 56 03.4   704  40908  C  17.6
08  1999 10 20.30807  01 43 53.86  +09 56 00.7   704  40908  C  17.6
08  1999 11 02.18815  01 37 34.18  +09 26 35.8   703  40908  C  16.6 R
08  1999 11 02.20435  01 37 33.71  +09 26 33.8   703  40908  C  16.7 R
08  1999 11 02.22058  01 37 33.23  +09 26 31.5   703  40908  C  16.8 R
08  1999 11 02.23687  01 37 32.76  +09 26 29.3   703  40908  C  16.7 R
08  1999 11 05.24682  01 36 09.17  +09 20 02.4   704  40908  C  17.4
08  1999 11 05.26310  01 36 08.68  +09 20 00.1   704  40908  C  17.4
08  1999 11 05.27933  01 36 08.24  +09 19 57.6   704  40908  C  17.4
08  1999 11 05.29553  01 36 07.77  +09 19 55.9   704  40908  C  17.9
08  1999 11 05.31176  01 36 07.26  +09 19 53.2   704  40908  C  17.9
08  1999 11 09.14663  01 34 25.90  +09 12 07.7   704  40908  C  16.6
08  1999 11 09.16100  01 34 25.50  +09 12 05.5   704  40908  C  17.9
08  1999 11 09.17539  01 34 25.09  +09 12 03.7   704  40908  C  17.9
08  1999 11 09.18977  01 34 24.70  +09 12 03.4   704  40908  C  18.3
08  1999 11 09.20415  01 34 24.23  +09 12 00.1   704  40908  C  17.6
08  1999 11 10.12860  01 34 00.70  +09 10 13.1   757  40908  C  16.6 R
08  1999 11 10.14458  01 34 00.29  +09 10 11.6   757  40908  C  16.4 R
08  1999 12 02.13716  01 27 06.29  +08 40 52.4   699  40908  C  16.6 R
08  1999 12 02.16772  01 27 05.93  +08 40 51.2   699  40908  C
08  1999 12 02.19828  01 27 05.57  +08 40 50.1   699  40908  C
08  2000 01 04.07030  01 28 05.56  +08 59 27.3   704  40908  C  17.4
08  2000 01 04.08529  01 28 05.82  +08 59 28.3   704  40908  C  18.7
08  2000 01 04.10040  01 28 06.05  +08 59 30.5   704  40908  C  18.9
08  2000 01 04.13039  01 28 06.53  +08 59 34.1   704  40908  C  17.7
08  2000 01 07.08012  01 28 54.13  +09 05 04.7   704  40908  C  17.6
08  2000 01 07.09493  01 28 54.35  +09 05 06.4   704  40908  C  17.9
08  2000 01 07.10972  01 28 54.62  +09 05 08.3   704  40908  C  17.8
08  2000 01 07.12449  01 28 54.87  +09 05 09.5   704  40908  C  18.2
08  2000 01 07.13929  01 28 55.14  +09 05 11.6   704  40908  C  17.7
08  2000 11 02.28642  04 27 53.52  +19 29 57.6   704  41449  C  16.8
08  2000 11 02.30005  04 27 53.05  +19 29 56.7   704  41449  C  17.3
08  2000 11 02.31360  04 27 52.60  +19 29 55.4   704  41449  C  17.3
08  2000 11 02.32716  04 27 52.20  +19 29 54.4   704  41449  C  17.0
08  2000 11 02.34074  04 27 51.78  +19 29 53.2   704  41449  C  17.5
08  2000 12 17.18677  04 01 29.47  +18 28 43.3   732  41830  C  17.1 V
08  2000 12 17.19620  04 01 29.19  +18 28 42.2   732  41830  C  17.1 V
08  2000 12 17.20564  04 01 28.85  +18 28 41.6   732  41830  C  17.2 V
08  2000 12 22.03241  03 59 01.86  +18 23 55.8   739  41830  C  16.9 V
08  2000 12 22.04927  03 59 01.31  +18 23 55.2   739  41830  C  17.0 V
08  2000 12 22.06603  03 59 00.94  +18 23 53.2   739  41830  C  18.2 V
08  2000 12 22.08280  03 59 00.46  +18 23 51.7   739  41830  C
08  2000 12 29.17271  03 55 50.79  +18 18 23.2   699  41830  C  16.8 R
08  2000 12 29.19690  03 55 50.16  +18 18 22.5   699  41830  C
08  2000 12 29.22109  03 55 49.58  +18 18 21.5   699  41830  C
08  2000 12 29.24533  03 55 48.97  +18 18 20.3   699  41830  C
08  2000 12 30.15492  03 55 27.31  +18 17 46.6   704  41830  C  16.9
08  2000 12 30.16973  03 55 26.90  +18 17 46.1   704  41830  C  17.5
08  2000 12 30.18455  03 55 26.55  +18 17 45.5   704  41830  C  17.3
08  2000 12 30.19982  03 55 26.17  +18 17 44.9   704  41830  C  17.2
08  2000 12 30.21460  03 55 25.77  +18 17 44.4   704  41830  C  17.3
08  2001 12 19.31191  06 55 09.229 +23 54 50.83  673  44181  C
08  2001 12 19.31919  06 55 09.006 +23 54 51.24  673  44181  C
08  2002 02 12.09459  06 30 31.99  +24 24 52.7   704  45045  C  17.3
08  2002 02 12.10879  06 30 31.77  +24 24 52.6   704  45045  C  18.1
08  2002 02 12.12299  06 30 31.58  +24 24 52.3   704  45045  C  17.8
08  2002 02 12.13719  06 30 31.37  +24 24 51.4   704  45045  C  18.3
08  2002 02 12.15142  06 30 31.10  +24 24 51.3   704  45045  C  17.3
08  2002 04 04.12209  06 37 13.77  +24 00 59.2   704  45333  C  17.5
08  2002 04 04.13398  06 37 14.07  +24 00 58.9   704  45333  C  18.0
08  2002 04 04.14589  06 37 14.44  +24 00 58.0   704  45334  C  17.9
08  2002 04 04.15780  06 37 14.76  +24 00 57.4   704  45334  C  18.1
08  2002 04 04.17012  06 37 15.09  +24 00 57.0   704  45334  C  18.1
08  2002 04 17.12975  06 43 47.84  +23 48 13.3   704  45334  C  18.7
08  2002 04 17.14338  06 43 48.35  +23 48 13.3   704  45334  C  18.1
08  2002 04 17.15701  06 43 48.82  +23 48 13.3   704  45334  C  18.4
08  2002 11 06.41393  09 10 49.17  +15 50 14.2   704  47502  C  18.8
08  2002 11 06.43057  09 10 49.59  +15 50 11.2   704  47502  C  18.8
08  2002 11 06.44720  09 10 49.92  +15 50 09.8   704  47502  C  19.1
08  2002 11 06.46412  09 10 50.23  +15 50 08.4   704  47502  C  18.5
08  2002 11 06.48078  09 10 50.54  +15 50 06.3   704  47502  C  18.1
08  2003 10 29.45884  11 03 29.96  +07 50 00.0   704  52313  C  17.6
08  2003 10 29.48370  11 03 30.98  +07 49 54.2   704  52313  C  17.3
08  2003 10 29.49567  11 03 31.46  +07 49 51.7   704  52313  C  17.5
08  2003 11 30.43297  11 21 18.46  +06 16 37.9   704  52313  C  18.2
08  2003 11 30.44408  11 21 18.81  +06 16 35.6   704  52313  C  18.2
08  2003 11 30.45692  11 21 19.05  +06 16 35.7   704  52313  C  18.6
08  2003 11 30.46847  11 21 19.36  +06 16 32.8   704  52313  C  19.1
08  2003 11 30.48050  11 21 19.73  +06 16 31.7   704  52313  C  18.0
08  2003 12 24.53109  11 28 20.91  +05 46 59.0   568  51180  C  18.2 R
08  2003 12 24.56223  11 28 21.18  +05 46 58.4   568  51180  C  17.9 R
08  2003 12 24.59787  11 28 21.49  +05 46 57.7   568  51180  C  18.1 R
08  2003 12 25.53069  11 28 29.88  +05 46 39.8   568  51180  C  17.9 R
08  2003 12 25.56187  11 28 30.13  +05 46 39.3   568  51180  C  17.9 R
08  2003 12 25.59305  11 28 30.38  +05 46 38.8   568  51180  C  17.9 R
08  2004 01 29.33818  11 26 00.83  +06 22 09.7   704  52313  C  17.5
08  2004 01 29.35040  11 26 00.59  +06 22 11.8   704  52313  C  17.8
08  2004 01 29.36273  11 26 00.30  +06 22 13.5   704  52313  C  17.7
08  2004 01 29.38754  11 25 59.93  +06 22 17.0   704  52313  C  17.7
08  2004 02 13.49279  11 20 37.30  +07 01 45.8   333  51180  C  17.9 R
08  2004 02 13.50536  11 20 36.97  +07 01 47.8   333  51180  C  17.9 R
08  2004 02 13.51784  11 20 36.64  +07 01 50.2   333  51180  C  17.7 R
08  2004 02 18.34741  11 18 29.07  +07 16 20.8   704  51180  C  17.3
08  2004 02 18.35902  11 18 28.70  +07 16 23.3   704  51180  C  17.6
08  2004 02 18.37070  11 18 28.36  +07 16 25.5   704  51180  C  18.1
08  2004 02 18.38234  11 18 28.05  +07 16 27.7   704  51180  C  17.9
08  2004 02 18.39455  11 18 27.70  +07 16 29.9   704  51180  C  17.4
08  2004 02 20.44427  11 17 30.79  +07 22 50.5   608  51180  C  17.7
08  2004 02 20.45471  11 17 30.48  +07 22 52.5   608  51180  C  17.7
08  2004 02 20.46524  11 17 30.18  +07 22 54.4   608  51180  C  17.6
08  2004 02 23.33722  11 16 07.99  +07 31 53.2   704  52313  C  17.7
08  2004 02 23.34958  11 16 07.58  +07 31 57.7   704  52313  C  18.2
08  2004 02 23.36199  11 16 07.18  +07 31 59.8   704  52313  C  18.7
08  2004 02 23.37427  11 16 06.79  +07 32 02.8   704  52313  C  18.6
08  2004 02 23.39241  11 16 06.22  +07 32 05.1   704  52313  C  17.5
08  2004 03 11.22154  11 07 34.85  +08 24 45.2   644  51366  C  16.7
08  2004 03 11.24170  11 07 34.22  +08 24 48.8   644  51366  C  16.6
08  2004 03 11.26336  11 07 33.54  +08 24 52.7   644  51366  C  16.6
08  2004 03 15.25560  11 05 31.71  +08 36 38.0   704  51366  C  17.7
08  2004 03 15.26624  11 05 31.28  +08 36 40.4   704  51366  C  19.1
08  2004 03 15.27705  11 05 30.95  +08 36 42.1   704  51366  C  19.0
08  2004 03 15.28775  11 05 30.55  +08 36 44.7   704  51366  C  18.8
08  2004 03 15.30623  11 05 30.01  +08 36 47.1   704  51366  C  17.5
08  2004 03 15.36677  11 05 28.17  +08 36 57.6   333  51366  C  17.0 R
08  2004 03 15.38204  11 05 27.69  +08 37 00.3   333  51366  C  17.0 R
08  2004 03 16.35953  11 04 58.20  +08 39 48.6   333  51366  C  17.1 R
08  2004 03 16.37347  11 04 57.77  +08 39 51.3   333  51366  C  17.8 R
08  2004 03 17.30020  11 04 30.02  +08 42 27.2   333  51366  C  17.1 R
08  2004 03 17.30054  11 04 30.01  +08 42 27.3   333  51366  C  17.1 R
08  2004 03 17.30789  11 04 29.78  +08 42 28.6   333  51366  C  17.1 R
08  2004 03 17.30822  11 04 29.77  +08 42 28.6   333  51366  C  17.2 R
08  2004 03 19.28550  11 03 31.05  +08 47 56.7   704  51366  C  16.9
08  2004 03 19.29628  11 03 30.70  +08 47 58.6   704  51366  C  17.3
08  2004 03 19.30716  11 03 30.37  +08 48 00.6   704  51366  C  17.6
08  2004 03 19.31800  11 03 30.05  +08 48 02.1   704  51366  C  17.4
08  2004 03 19.32887  11 03 29.69  +08 48 03.9   704  51366  C  17.4
08  2004 03 22.29151  11 02 03.59  +08 55 56.4   704  51366  C  16.9
08  2004 03 22.30312  11 02 03.23  +08 55 58.1   704  51366  C  17.3
08  2004 03 22.31447  11 02 02.88  +08 56 00.1   704  51366  C  17.3
08  2004 03 22.32569  11 02 02.58  +08 56 01.8   704  51366  C  17.3
08  2004 03 22.33683  11 02 02.21  +08 56 03.8   704  51366  C  17.2
08  2004 03 28.28055  10 59 17.88  +09 10 30.6   704  51366  C  17.5
08  2004 03 28.29098  10 59 17.58  +09 10 32.8   704  51366  C  17.9
08  2004 03 28.30142  10 59 17.29  +09 10 34.2   704  51366  C  18.7
08  2004 03 28.31191  10 59 16.97  +09 10 35.1   704  51366  C  18.7
08  2004 03 28.32237  10 59 16.65  +09 10 36.9   704  51366  C  18.3
08  2004 04 14.22829  10 52 55.74  +09 40 03.2   699  51496  C  17.3 R
08  2004 04 14.24855  10 52 55.34  +09 40 04.5   699  51497  C
08  2004 04 14.26884  10 52 54.98  +09 40 05.6   699  51497  C
08  2004 04 14.28906  10 52 54.61  +09 40 07.6   699  51497  C
08  2004 04 15.19067  10 52 38.77  +09 41 09.5   704  51497  C  18.4
08  2004 04 15.20136  10 52 38.53  +09 41 10.3   704  51497  C  19.9
08  2004 04 15.21205  10 52 38.41  +09 41 12.5   704  51497  C  20.2
08  2004 04 15.22280  10 52 38.14  +09 41 13.2   704  51497  C  20.3
08  2004 04 15.23356  10 52 37.84  +09 41 13.1   704  51497  C  19.3
08  2004 05 15.20469  10 48 47.131 +09 41 59.12  673  52163  C
08  2004 05 15.20937  10 48 47.140 +09 41 58.84  673  52163  C
08  2004 05 15.21423  10 48 47.146 +09 41 58.57  673  52163  C
08  2004 05 16.22546  10 48 49.635 +09 40 54.13  673  52163  C
08  2004 05 16.23010  10 48 49.645 +09 40 53.85  673  52163  C
08  2004 05 16.23478  10 48 49.657 +09 40 53.47  673  52163  C
08  2005 03 07.31908  13 07 35.05  -06 09 14.8   704  53947  C  18.1
08  2005 03 07.33108  13 07 34.78  -06 09 12.7   704  53947  C  18.9
08  2005 03 07.34248  13 07 34.58  -06 09 12.3   704  53947  C  18.7
08  2005 03 07.35389  13 07 34.37  -06 09 09.5   704  53947  C  18.6
08  2005 03 07.36528  13 07 34.16  -06 09 08.5   704  53947  C  18.2
08  2005 03 11.54667  13 06 14.74  -05 58 49.1   415  53947  C  17.5 V
08  2005 03 11.54972  13 06 14.69  -05 58 48.3   415  53947  C  17.8 V
08  2005 03 12.53987  13 05 54.67  -05 56 13.7   415  53947  C  16.6 V
08  2005 03 12.54260  13 05 54.63  -05 56 13.3   415  53947  C  16.7 V
08  2005 03 20.57924  13 02 56.99  -05 33 51.0   415  53947  C  17.2 V
08  2005 03 20.58111  13 02 56.97  -05 33 50.7   415  53947  C  17.3 V
08  2005 03 31.26618  12 58 31.73  -05 01 10.6   333  53947  C  18.3 R
08  2005 03 31.30546  12 58 30.69  -05 01 03.2   333  53947  C  18.2 R
08  2005 03 31.49506  12 58 25.83  -05 00 25.1   415  53947  C  17.3 V
08  2005 03 31.49779  12 58 25.75  -05 00 24.6   415  53947  C  17.2 V
08  2005 03 31.50022  12 58 25.69  -05 00 24.2   415  53947  C  17.3 V
08  2005 04 01.19995  12 58 07.59  -04 58 13.5   333  53947  C  19.0 R
08  2005 04 01.23927  12 58 06.60  -04 58 06.4   333  53947  C  18.2 R
08  2005 04 06.51266  12 55 49.48  -04 41 21.6   415  53947  C  16.9 V
08  2005 04 06.51536  12 55 49.41  -04 41 21.4   415  53947  C  17.0 V
08  2005 04 09.28012  12 54 37.62  -04 32 39.1   704  54161  C  16.8
08  2005 04 09.28986  12 54 37.33  -04 32 37.6   704  54161  C  17.3
08  2005 04 09.29983  12 54 37.07  -04 32 35.6   704  54161  C  17.0
08  2005 04 09.31145  12 54 36.74  -04 32 33.2   704  54161  C  17.2
08  2005 04 09.32167  12 54 36.50  -04 32 30.7   704  54161  C  17.3
08  2005 04 09.56947  12 54 30.03  -04 31 42.6   415  54161  C  16.8 V
08  2005 04 09.57170  12 54 29.98  -04 31 42.3   415  54161  C  16.9 V
08  2005 04 11.30985  12 53 45.16  -04 26 18.0   704  54161  C  16.6
08  2005 04 11.31004  12 53 45.16  -04 26 17.9   704  54161  C  16.7
08  2005 04 11.32140  12 53 44.86  -04 26 16.0   704  54161  C  17.2
08  2005 04 11.32160  12 53 44.85  -04 26 15.2   704  54161  C  16.9
08  2005 04 11.33256  12 53 44.58  -04 26 13.5   704  54161  C  17.2
08  2005 04 11.33275  12 53 44.53  -04 26 13.7   704  54161  C  17.2
08  2005 04 11.34309  12 53 44.29  -04 26 11.2   704  54161  C  17.2
08  2005 04 11.34329  12 53 44.27  -04 26 11.4   704  54161  C  17.2
08  2005 04 11.35318  12 53 43.98  -04 26 09.8   704  54161  C  17.2
08  2005 04 18.22084  12 50 51.63  -04 05 16.9   704  54161  C  16.7
08  2005 04 18.23221  12 50 51.36  -04 05 14.7   704  54161  C  16.9
08  2005 04 18.24199  12 50 51.10  -04 05 13.0   704  54161  C  17.3
08  2005 04 18.25207  12 50 50.87  -04 05 11.1   704  54161  C  17.7
08  2005 04 18.26274  12 50 50.59  -04 05 09.1   704  54161  C  17.3
08  2005 04 18.27520  12 50 50.28  -04 05 07.4   704  54161  C  17.1
08  2005 04 18.28445  12 50 50.02  -04 05 06.0   704  54162  C  17.7
08  2005 04 18.29343  12 50 49.79  -04 05 04.3   704  54162  C  17.8
08  2005 04 19.17607  12 50 28.50  -04 02 28.9   704  54162  C  17.3
08  2005 04 19.18563  12 50 28.25  -04 02 26.9   704  54162  C  17.4
08  2005 04 19.19516  12 50 28.05  -04 02 25.1   704  54162  C  17.5
08  2005 04 19.20529  12 50 27.75  -04 02 23.3   704  54162  C  17.4
08  2005 04 19.21477  12 50 27.52  -04 02 21.4   704  54162  C  17.3
08  2005 04 27.49497  12 47 18.67  -03 39 26.7   415  54162  C  17.3 V
08  2005 04 27.49667  12 47 18.64  -03 39 26.5   415  54162  C  17.3 V
08  2005 04 30.62155  12 46 13.97  -03 31 34.9   415  54162  C  17.3 V
08  2005 04 30.62355  12 46 13.93  -03 31 35.0   415  54162  C  17.4 V
08  2005 05 06.22796  12 44 29.29  -03 18 50.2   G96  54162  C  16.4 R
08  2005 05 06.23659  12 44 29.15  -03 18 49.4   G96  54162  C  16.3 R
08  2005 05 06.24521  12 44 28.98  -03 18 47.7   G96  54162  C  16.4 R
08  2005 05 06.25384  12 44 28.84  -03 18 46.5   G96  54162  C  16.4 R
08  2005 05 08.55900  12 43 50.37  -03 14 01.3   415  54162  C  17.4 V
08  2005 05 08.56159  12 43 50.33  -03 14 01.0   415  54162  C  17.2 V
08  2005 05 11.50789  12 43 05.47  -03 08 27.9   415  54162  C  17.3 V
08  2005 05 11.50933  12 43 05.45  -03 08 27.5   415  54162  C  17.6 V
08  2005 05 11.51075  12 43 05.42  -03 08 27.1   415  54162  C  17.7 V
08  2005 05 23.24911  12 40 57.48  -02 52 12.4   644  54343  C  17.2
08  2005 05 23.26991  12 40 57.32  -02 52 11.2   644  54343  C  17.2
08  2005 05 23.29240  12 40 57.15  -02 52 09.8   644  54343  C  17.3
08  2005 06 12.49435  12 40 43.52  -02 47 23.6   415  54343  C  17.7 V
08  2005 06 12.49690  12 40 43.54  -02 47 23.8   415  54343  C  17.6 V
08  2005 06 24.39525  12 42 39.01  -02 58 18.2   415  54557  C  17.8 V
08  2005 06 24.39762  12 42 39.02  -02 58 17.9   415  54557  C  17.9 V
08  2005 07 31.38407  12 57 05.00  -04 26 20.0   E12  54698  C  18.3 V
08  2005 07 31.38969  12 57 05.22  -04 26 21.0   E12  54698  C  18.0 V
08  2005 07 31.40102  12 57 05.58  -04 26 23.3   E12  54698  C  18.3 V
08  2005 08 23.39475  13 11 05.27  -05 51 00.0   415  54823  C  18.6 V
08  2005 08 23.39898  13 11 05.41  -05 51 01.0   415  54823  C  18.1 V
09  1992 02 24.39764  10 41 37.24  +09 39 10.0   691  40908  C  18.8 V
09  1992 02 24.41844  10 41 36.62  +09 39 12.9   691  40908  C  18.6 V
09  1992 02 24.43934  10 41 35.93  +09 39 17.5   691  40908  C  18.6 V
09  1992 03 06.28576  10 36 08.43  +10 08 21.0   691  40908  C
09  1992 03 06.30615  10 36 07.76  +10 08 23.9   691  40908  C
09  1992 03 06.34488  10 36 06.66  +10 08 29.7   691  40908  C  18.9 V
09  1994 03 14.32569  14 41 48.65  -14 23 37.2   303  23374  X  17
09  1994 03 15.30556  14 41 38.93  -14 23 04.1   303  23374  X  17
09  1997 07 01.03590  21 26 45.96  -14 57 55.7   910  40908  C  18.9 V
09  1997 07 01.05917  21 26 45.63  -14 57 57.8   910  40908  C  19.0 V
09  1997 07 01.08250  21 26 45.23  -14 58 00.0   910  40908  C  18.9 V
09  1999 10 02.36573  02 09 15.22  +12 19 06.5   703  40908  C  18.2 R
09  1999 10 02.37812  02 09 14.88  +12 19 04.7   703  40908  C  18.0 R
09  1999 10 02.39046  02 09 14.63  +12 19 02.8   703  40908  C  17.8 R
09  1999 10 02.40278  02 09 14.33  +12 19 01.2   703  40908  C  17.9 R
09  1999 10 06.36373  02 07 41.20  +12 09 53.9   691  40908  C  17.3 V
09  1999 10 06.38507  02 07 40.65  +12 09 50.7   691  40908  C  17.3 V
09  1999 10 06.40652  02 07 40.11  +12 09 47.6   691  40908  C  17.2 V
09  1999 10 10.26409  02 06 02.79  +12 00 17.7   704  40908  C  18.0
09  1999 10 10.27984  02 06 02.34  +12 00 14.8   704  40908  C  17.8
09  1999 10 10.29559  02 06 01.92  +12 00 12.9   704  40908  C  17.8
09  1999 10 10.31133  02 06 01.49  +12 00 10.2   704  40908  C  18.0
09  1999 10 10.32709  02 06 01.04  +12 00 08.0   704  40908  C  18.1
09  1999 10 11.40088  02 05 32.92  +11 57 23.4   691  40908  C  17.2 V
09  1999 10 11.42267  02 05 32.33  +11 57 20.0   691  40908  C  17.1 V
09  1999 10 11.44627  02 05 31.69  +11 57 16.3   691  40908  C  17.1 V
09  1999 10 15.33117  02 03 46.93  +11 47 03.8   704  40908  C  17.8
09  1999 10 15.34892  02 03 46.50  +11 47 00.1   704  40908  C  18.4
09  1999 10 15.36557  02 03 45.98  +11 46 58.0   704  40908  C  17.8
09  1999 10 15.38157  02 03 45.52  +11 46 55.4   704  40909  C  17.8
09  1999 10 15.39764  02 03 45.04  +11 46 52.2   704  40909  C  17.7
09  1999 10 19.33462  02 01 55.23  +11 36 09.2   691  40909  C  17.7 V
09  1999 10 19.35789  02 01 54.54  +11 36 05.3   691  40909  C  17.9 V
09  1999 10 19.37937  02 01 53.90  +11 36 01.8   691  40909  C  17.9 V
09  1999 10 20.24678  02 01 29.48  +11 33 38.1   704  40909  C  17.7
09  1999 10 20.26256  02 01 29.00  +11 33 35.3   704  40909  C  17.9
09  1999 10 20.27827  02 01 28.53  +11 33 33.2   704  40909  C  17.8
09  1999 10 20.29395  02 01 28.10  +11 33 30.1   704  40909  C  17.4
09  1999 10 20.30964  02 01 27.66  +11 33 27.3   704  40909  C  17.9
09  1999 10 29.26190  01 57 11.76  +11 08 23.6   699  40909  C  17.6 R
09  1999 10 29.29247  01 57 10.86  +11 08 19.3   699  40909  C
09  1999 10 29.32303  01 57 09.95  +11 08 13.4   699  40909  C
09  1999 10 30.33396  01 56 41.17  +11 05 23.9   691  40909  C  17.9 V
09  1999 10 30.35506  01 56 40.56  +11 05 20.3   691  40909  C  17.9 V
09  1999 10 30.37618  01 56 39.94  +11 05 16.7   691  40909  C  17.8 V
09  1999 11 05.24908  01 53 56.15  +10 49 07.7   704  40909  C  17.8
09  1999 11 05.26536  01 53 55.75  +10 49 04.9   704  40909  C  18.5
09  1999 11 05.31401  01 53 54.37  +10 48 56.1   704  40909  C  18.6
09  1999 11 09.20979  01 52 10.42  +10 38 39.4   704  40909  C  17.2
09  1999 11 09.22430  01 52 09.99  +10 38 36.9   704  40909  C  17.6
09  1999 11 09.24045  01 52 09.60  +10 38 34.4   704  40909  C  17.9
09  1999 11 09.25548  01 52 09.19  +10 38 32.0   704  40909  C  17.3
09  1999 11 12.21857  01 50 53.64  +10 31 01.6   704  40909  C  17.5
09  1999 11 12.23463  01 50 53.21  +10 30 58.7   704  40909  C  18.4
09  1999 11 12.24959  01 50 52.83  +10 30 56.6   704  40909  C  17.9
09  1999 11 12.26404  01 50 52.52  +10 30 54.1   704  40909  C  18.4
09  1999 11 12.27848  01 50 52.07  +10 30 51.8   704  40909  C  18.6
09  1999 11 16.14778  01 49 19.17  +10 21 34.1   704  40909  C  18.0
09  1999 11 16.16242  01 49 18.79  +10 21 31.9   704  40909  C  18.4
09  1999 11 16.17741  01 49 18.41  +10 21 29.8   704  40909  C  18.2
09  1999 11 16.19195  01 49 18.10  +10 21 27.8   704  40909  C  18.2
09  1999 11 16.20647  01 49 17.76  +10 21 25.9   704  40909  C  18.0
09  1999 12 02.14097  01 44 21.33  +09 51 24.1   699  40909  C  18.0 R
09  1999 12 02.17155  01 44 20.83  +09 51 20.4   699  40909  C
09  1999 12 02.20209  01 44 20.38  +09 51 19.5   699  40909  C
09  2000 10 24.40312  04 31 11.72  +20 08 43.7   704  41449  C  19.0
09  2000 10 24.42995  04 31 11.05  +20 08 42.1   704  41449  C  19.3
09  2000 10 24.44339  04 31 10.73  +20 08 40.9   704  41449  C  19.5
09  2000 10 24.45683  04 31 10.35  +20 08 39.8   704  41449  C  19.2
09  2000 12 30.15492  03 55 27.92  +19 07 56.9   704  41830  C  18.6
09  2000 12 30.16973  03 55 27.59  +19 07 56.9   704  41830  C  19.3
09  2000 12 30.18455  03 55 27.29  +19 07 56.4   704  41830  C  19.2
09  2000 12 30.19982  03 55 26.93  +19 07 55.4   704  41830  C  19.4
09  2000 12 30.21460  03 55 26.61  +19 07 55.3   704  41830  C  18.9
09  2004 02 11.45087  11 10 39.01  +06 56 26.8   644  52313  C  18.3
09  2004 02 11.47583  11 10 38.33  +06 56 30.9   644  52313  C  18.2
09  2004 02 11.49840  11 10 37.72  +06 56 34.3   644  52313  C  18.2
09  2004 02 14.92687  11 09 03.92  +07 05 50.5   185  51180  C  17.9 R
09  2004 02 14.93344  11 09 03.76  +07 05 51.2   185  51180  C  17.8 R
09  2004 02 14.94007  11 09 03.54  +07 05 52.6   185  51180  C  17.9 R
09  2004 02 19.56991  11 06 49.89  +07 18 56.3   608  51180  C  19.8
09  2004 02 19.58060  11 06 49.56  +07 18 58.6   608  51180  C  19.6
09  2004 02 19.59111  11 06 49.21  +07 19 00.8   608  51180  C  19.7
09  2004 03 15.25389  10 54 07.60  +08 30 22.4   704  52313  C  18.7
09  2004 03 15.26453  10 54 07.25  +08 30 23.5   704  52313  C  19.1
09  2004 03 15.27534  10 54 06.90  +08 30 25.4   704  52313  C  18.7
09  2004 03 15.28604  10 54 06.55  +08 30 27.5   704  52313  C  19.0
09  2004 03 15.30450  10 54 06.00  +08 30 30.3   704  52313  C  19.1
09  2004 04 14.22915  10 42 01.33  +09 30 47.9   699  52313  C  18.4 R
09  2004 04 14.24939  10 42 00.98  +09 30 50.3   699  52313  C
09  2004 04 14.26968  10 42 00.61  +09 30 51.8   699  52313  C
09  2004 04 14.28991  10 42 00.30  +09 30 53.9   699  52313  C
09  2005 03 07.31954  13 07 54.64  -05 51 42.6   704  53947  C  18.7
09  2005 03 07.33154  13 07 54.49  -05 51 42.6   704  53947  C  19.3
09  2005 03 07.34294  13 07 54.18  -05 51 38.4   704  53947  C  19.0
09  2005 03 07.35435  13 07 53.91  -05 51 37.6   704  53947  C  18.9
09  2005 03 07.36574  13 07 53.76  -05 51 35.9   704  53947  C  19.3
09  2005 03 11.56523  13 06 37.49  -05 40 57.3   415  53947  C  18.6 V
09  2005 03 11.56988  13 06 37.41  -05 40 56.5   415  53947  C  18.5 V
09  2005 03 12.55838  13 06 18.23  -05 38 18.5   415  53947  C  18.1 V
09  2005 03 12.56120  13 06 18.17  -05 38 18.3   415  53947  C  18.1 V
09  2005 03 20.58720  13 03 27.38  -05 15 28.7   415  53947  C  18.0 V
09  2005 03 20.58907  13 03 27.34  -05 15 28.2   415  53947  C  18.5 V
09  2005 03 30.94076  12 59 18.40  -04 43 18.2   185  53947  C  17.5 R
09  2005 03 30.95826  12 59 17.96  -04 43 14.4   185  53947  C  17.6 R
09  2005 03 30.96860  12 59 17.69  -04 43 12.5   185  53947  C  17.6 R
09  2005 03 30.97933  12 59 17.41  -04 43 10.7   185  53947  C  17.7 R
09  2005 03 31.50584  12 59 04.29  -04 41 26.6   415  53947  C  18.1 V
09  2005 03 31.50983  12 59 04.19  -04 41 26.4   415  53947  C  18.5 V
09  2005 04 06.52025  12 56 31.83  -04 22 06.7   415  53947  C  18.3 V
09  2005 04 06.52400  12 56 31.72  -04 22 05.4   415  53947  C  18.3 V
09  2005 04 09.28012  12 55 21.61  -04 13 18.3   704  54162  C  17.9
09  2005 04 09.28986  12 55 21.38  -04 13 16.9   704  54162  C  18.3
09  2005 04 09.29983  12 55 21.12  -04 13 14.0   704  54162  C  18.4
09  2005 04 09.31145  12 55 20.78  -04 13 11.9   704  54162  C  18.7
09  2005 04 09.32167  12 55 20.51  -04 13 09.5   704  54162  C  18.6
09  2005 04 09.57558  12 55 14.09  -04 12 19.9   415  54162  C  17.9 V
09  2005 04 09.57738  12 55 14.04  -04 12 19.5   415  54162  C  18.2 V
09  2005 04 11.30985  12 54 30.21  -04 06 50.9   704  54162  C  18.0
09  2005 04 11.30995  12 54 30.20  -04 06 50.4   704  54162  C  18.2
09  2005 04 11.31004  12 54 30.22  -04 06 50.6   704  54162  C  18.4
09  2005 04 11.32140  12 54 29.88  -04 06 48.1   704  54162  C  18.3
09  2005 04 11.32150  12 54 29.89  -04 06 50.2   704  54162  C  18.8
09  2005 04 11.32160  12 54 29.92  -04 06 48.7   704  54162  C  18.5
09  2005 04 11.33256  12 54 29.62  -04 06 45.9   704  54162  C  18.8
09  2005 04 11.33265  12 54 29.66  -04 06 46.5   704  54162  C  19.3
09  2005 04 11.33275  12 54 29.62  -04 06 46.8   704  54162  C  18.6
09  2005 04 11.34309  12 54 29.36  -04 06 44.5   704  54162  C  18.6
09  2005 04 11.34319  12 54 29.32  -04 06 45.7   704  54162  C  19.2
09  2005 04 11.34329  12 54 29.36  -04 06 44.6   704  54162  C  18.4
09  2005 04 11.35318  12 54 29.02  -04 06 42.5   704  54162  C  18.1
09  2005 04 11.35327  12 54 29.06  -04 06 42.7   704  54162  C  18.6
09  2005 04 11.35337  12 54 29.08  -04 06 42.1   704  54162  C  18.5
09  2005 04 12.27493  12 54 05.93  -04 03 49.0   704  54162  C  18.1
09  2005 04 12.28562  12 54 05.66  -04 03 46.9   704  54162  C  18.5
09  2005 04 12.29639  12 54 05.40  -04 03 44.3   704  54162  C  18.2
09  2005 04 12.30685  12 54 05.11  -04 03 42.5   704  54162  C  18.8
09  2005 04 12.31855  12 54 04.81  -04 03 40.6   704  54162  C  18.5
09  2005 04 14.29243  12 53 15.48  -03 57 31.1   704  54162  C  18.3
09  2005 04 14.30541  12 53 15.18  -03 57 28.0   704  54162  C  18.9
09  2005 04 14.31917  12 53 14.84  -03 57 26.1   704  54162  C  18.8
09  2005 04 14.33043  12 53 14.52  -03 57 23.6   704  54162  C  19.0
09  2005 04 14.34076  12 53 14.25  -03 57 21.7   704  54162  C  18.9
09  2005 04 18.23221  12 51 39.03  -03 45 29.8   704  54162  C  18.4
09  2005 04 18.23231  12 51 38.99  -03 45 30.2   704  54162  C  17.9
09  2005 04 18.24199  12 51 38.78  -03 45 28.4   704  54162  C  18.0
09  2005 04 18.24210  12 51 38.75  -03 45 28.4   704  54162  C  18.4
09  2005 04 18.25207  12 51 38.52  -03 45 26.2   704  54162  C  18.4
09  2005 04 18.25218  12 51 38.52  -03 45 26.5   704  54162  C  18.5
09  2005 04 18.26274  12 51 38.26  -03 45 24.9   704  54162  C  18.0
09  2005 04 18.26286  12 51 38.26  -03 45 24.2   704  54162  C  18.5
09  2005 04 19.45406  12 51 09.66  -03 41 51.7   608  54162  C  18.8
09  2005 04 19.46497  12 51 09.39  -03 41 49.9   608  54162  C  19.2
09  2005 04 19.47756  12 51 09.09  -03 41 47.7   608  54162  C  19.0
09  2005 04 27.48693  12 48 07.68  -03 19 19.9   415  54162  C  18.6 V
09  2005 04 27.49050  12 48 07.58  -03 19 19.3   415  54162  C  18.5 V
09  2005 04 30.59912  12 47 02.90  -03 11 22.2   415  54162  C  18.4 V
09  2005 04 30.60346  12 47 02.85  -03 11 22.1   415  54162  C  18.3 V
09  2005 05 06.22730  12 45 16.17  -02 58 18.9   G96  54162  C  17.9 R
09  2005 05 06.23593  12 45 16.02  -02 58 17.3   G96  54162  C  17.7 R
09  2005 05 06.24456  12 45 15.87  -02 58 16.0   G96  54162  C  17.9 R
09  2005 05 06.25319  12 45 15.70  -02 58 15.2   G96  54162  C  18.0 R
09  2005 05 08.54218  12 44 36.46  -02 53 25.2   415  54162  C  18.5 V
09  2005 05 08.54622  12 44 36.41  -02 53 24.5   415  54162  C  18.6 V
09  2005 05 11.48184  12 43 49.99  -02 47 43.6   415  54162  C  18.5 V
09  2005 05 11.48610  12 43 49.92  -02 47 42.9   415  54162  C  18.6 V
09  2005 05 23.24911  12 41 30.88  -02 30 44.7   644  54343  C  18.3
09  2005 05 23.26991  12 41 30.70  -02 30 43.4   644  54343  C  18.3
09  2005 05 23.29240  12 41 30.49  -02 30 42.3   644  54343  C  18.7
09  2005 06 12.50547  12 40 43.02  -02 24 20.7   415  54343  C  18.8 V
09  2005 06 12.50909  12 40 43.02  -02 24 21.0   415  54343  C  18.4 V
09  2005 06 24.42870  12 42 10.13  -02 34 03.5   415  54557  C  18.7 V
09  2005 06 24.43530  12 42 10.18  -02 34 03.8   415  54557  C  19.2 V
10  1992 03 06.29006  10 42 21.40  +09 40 17.9   691  40909  C
10  1992 03 06.31045  10 42 20.88  +09 40 22.6   691  40909  C
10  1992 03 06.34918  10 42 19.41  +09 40 32.5   691  40909  C  19.2 V
10  2000 12 01.26403  04 19 53.06  +20 51 27.5   732  41830  C  17.6 V
10  2000 12 01.27512  04 19 52.74  +20 51 26.9   732  41830  C  17.5 V
10  2003 12 24.53552  11 22 42.78  +04 50 58.7   568  51180  C  18.8 R
10  2003 12 24.56668  11 22 43.00  +04 50 57.0   568  51180  C  18.8 R
10  2003 12 24.60234  11 22 43.32  +04 50 54.9   568  51180  C  18.8 R
10  2003 12 25.53512  11 22 50.96  +04 50 04.3   568  51180  C  18.7 R
10  2003 12 25.56632  11 22 51.19  +04 50 02.7   568  51180  C  18.7 R
10  2003 12 25.59750  11 22 51.41  +04 50 01.1   568  51180  C  18.8 R
10  2004 01 29.33641  11 19 39.14  +05 16 54.1   704  52313  C  18.3
10  2004 01 29.34869  11 19 38.90  +05 16 56.0   704  52313  C  18.7
10  2004 01 29.36083  11 19 38.66  +05 16 58.3   704  52313  C  18.5
10  2004 02 11.45087  11 14 35.67  +05 55 29.7   644  52313  C  17.8
10  2004 02 11.47583  11 14 34.98  +05 55 34.8   644  52313  C  17.9
10  2004 02 11.49840  11 14 34.37  +05 55 39.6   644  52313  C  18.1
10  2004 02 13.45138  11 13 40.52  +06 02 28.7   333  51180  C  18.9 R
10  2004 02 13.45262  11 13 40.44  +06 02 29.8   333  51180  C  19.3 R
10  2004 02 13.46398  11 13 40.10  +06 02 31.6   333  51180  C  20.2 R
10  2004 02 13.46521  11 13 40.03  +06 02 32.4   333  51180  C  19.6 R
10  2004 02 13.47661  11 13 39.74  +06 02 34.5   333  51180  C  19.2 R
10  2004 02 13.47786  11 13 39.69  +06 02 34.6   333  51180  C  19.3 R
10  2004 02 13.49034  11 13 39.35  +06 02 37.5   333  51180  C  19.4 R
10  2004 02 13.50289  11 13 39.00  +06 02 40.5   333  51180  C  19.6 R
10  2004 02 13.51541  11 13 38.65  +06 02 42.9   333  51180  C  19.8 R
10  2004 04 14.22915  10 44 20.13  +09 44 26.1   699  52313  C  18.4 R
10  2004 04 14.24939  10 44 19.79  +09 44 29.8   699  52313  C
10  2004 04 14.26968  10 44 19.49  +09 44 31.6   699  52313  C
10  2004 04 14.28991  10 44 19.11  +09 44 34.3   699  52313  C
10  2005 03 08.33098  13 03 01.48  -04 46 55.3   699  53947  C  18.2 R
10  2005 03 08.35043  13 03 01.09  -04 46 53.5   699  53947  C
10  2005 03 08.36989  13 03 00.79  -04 46 52.7   699  53947  C
10  2005 03 08.38937  13 03 00.31  -04 46 49.2   699  53947  C
10  2005 03 11.59147  13 01 54.99  -04 41 24.9   415  53947  C  18.6 V
10  2005 03 11.59686  13 01 54.85  -04 41 23.7   415  53947  C  18.2 V
10  2005 03 12.57720  13 01 34.14  -04 39 42.2   415  53947  C  18.1 V
10  2005 03 12.58154  13 01 34.06  -04 39 41.8   415  53947  C  17.9 V
10  2005 03 15.43724  13 00 31.93  -04 34 41.7   691  53947  C  19.4 V
10  2005 03 15.49174  13 00 30.68  -04 34 35.9   691  53947  C  19.0 V
10  2005 03 15.51691  13 00 30.13  -04 34 32.9   691  53947  C  19.2 V
10  2005 03 20.60804  12 58 33.96  -04 25 15.0   415  53947  C  18.0 V
10  2005 03 20.61358  12 58 33.86  -04 25 13.6   415  53947  C  18.5 V
10  2005 03 31.52285  12 54 09.66  -04 04 36.8   415  53947  C  18.1 V
10  2005 03 31.52779  12 54 09.56  -04 04 36.5   415  53947  C  18.2 V
10  2005 04 06.54117  12 51 40.82  -03 53 15.0   415  53947  C  18.3 V
10  2005 04 06.54861  12 51 40.64  -03 53 14.4   415  53947  C  17.8 V
10  2005 04 09.60112  12 50 25.73  -03 47 35.9   415  54162  C  18.5 V
10  2005 04 09.60660  12 50 25.61  -03 47 34.9   415  54162  C  18.8 V
10  2005 04 30.26908  12 42 50.38  -03 14 32.5   644  54162  C  19.6
10  2005 04 30.29176  12 42 49.92  -03 14 30.7   644  54162  C  18.9
10  2005 04 30.31262  12 42 49.52  -03 14 28.8   644  54162  C  19.1
10  2005 04 30.58590  12 42 44.37  -03 14 05.9   415  54162  C  18.6 V
10  2005 04 30.59134  12 42 44.29  -03 14 04.9   415  54162  C  18.7 V
10  2005 05 08.53014  12 40 30.33  -03 05 07.8   415  54162  C  18.5 V
10  2005 05 08.53406  12 40 30.27  -03 05 08.0   415  54162  C  18.6 V
10  2005 06 12.54110  12 37 22.51  -03 00 55.0   415  54343  C  19.3 V
10  2005 06 24.45410  12 39 01.64  -03 13 26.1   415  54557  C  18.2 V
10  2005 06 24.46144  12 39 01.72  -03 13 27.4   415  54557  C  18.3 V
11  1992 02 29.33290  10 52 27.28  +08 06 34.4   691  40909  C  18.8 V
11  1992 02 29.36789  10 52 26.15  +08 06 41.8   691  40909  C  18.5 V
11  1992 02 29.38873  10 52 25.46  +08 06 45.6   691  40909  C  18.6 V
11  1993 04 14.23773  12 39 59.85  -02 03 48.1   691  40909  C  18.1 V
11  1993 04 14.26966  12 39 59.00  -02 03 43.3   691  40909  C  18.0 V
11  1993 04 14.30188  12 39 58.17  -02 03 38.7   691  40909  C  17.9 V
11  1998 08 23.40654  23 53 26.84  -02 22 40.3   704  40909  C  17.8
11  1998 08 23.41892  23 53 26.54  -02 22 43.5   704  40909  C  17.8
11  1998 08 23.43200  23 53 26.09  -02 22 44.8   704  40909  C  18.6
11  1998 08 23.45708  23 53 25.19  -02 22 49.1   704  40909  C  18.6
11  1998 08 26.27917  23 52 21.11  -02 29 05.7   809  40909  X  18.5
11  1998 08 26.29236  23 52 20.82  -02 29 07.1   809  40909  X
11  1998 08 26.30417  23 52 20.49  -02 29 09.3   809  40909  X
11  1998 08 26.31462  23 52 20.13  -02 29 07.3   699  40909  C  17.8 R
11  1998 08 26.33945  23 52 19.53  -02 29 09.9   699  40909  C
11  1998 08 26.36428  23 52 18.92  -02 29 12.6   699  40909  C
11  1998 09 29.89047  23 35 53.35  -04 02 12.0   120  40909  C  17.2
11  1998 09 29.91072  23 35 52.77  -04 02 15.7   120  40909  C  17.9
11  1998 09 29.92798  23 35 52.24  -04 02 18.1   120  40909  C  17.4
11  1998 10 08.84624  23 31 44.90  -04 24 40.5   120  40909  C  17.2
11  1998 10 08.85772  23 31 44.36  -04 24 41.8   120  40909  C
11  1998 10 08.87279  23 31 44.18  -04 24 44.4   120  40909  C  17.8
11  1998 10 10.84612  23 30 53.47  -04 29 15.4   120  40909  C  18.1
11  1998 10 10.86388  23 30 53.01  -04 29 16.9   120  40909  C  18.0
11  1998 10 11.77517  23 30 29.88  -04 31 19.3   120  40909  C  18.3
11  1998 10 11.78694  23 30 29.65  -04 31 20.9   120  40909  C  18.7
11  1998 10 11.79836  23 30 29.37  -04 31 22.0   120  40909  C  18.4
11  1999 10 02.32617  01 55 55.45  +09 47 05.0   703  40909  C  17.3 R
11  1999 10 02.33857  01 55 55.16  +09 47 03.0   703  40909  C  17.3 R
11  1999 10 02.35087  01 55 54.84  +09 47 00.8   703  40909  C  17.2 R
11  1999 10 02.36317  01 55 54.53  +09 46 59.1   703  40909  C  17.2 R
11  1999 10 04.31673  01 55 05.95  +09 41 48.5   704  40909  C  18.1
11  1999 10 04.33010  01 55 05.50  +09 41 47.1   704  40909  C  18.3
11  1999 10 04.34351  01 55 05.22  +09 41 43.4   704  40909  C  18.3
11  1999 10 04.35689  01 55 04.84  +09 41 41.0   704  40909  C  18.4
11  1999 10 07.00697  01 53 56.31  +09 34 29.4   120  40909  C  18.2
11  1999 10 07.03106  01 53 55.67  +09 34 25.3   120  40909  C
11  1999 10 07.91182  01 53 32.37  +09 31 58.8   120  40909  C
11  1999 10 07.93481  01 53 31.72  +09 31 55.4   120  40909  C  18.3
11  1999 10 08.94970  01 53 04.52  +09 29 05.7   120  40909  C  17.8
11  1999 10 08.99838  01 53 03.19  +09 28 57.5   120  40909  C
11  1999 10 09.28822  01 52 55.42  +09 28 09.8   703  40909  C  17.2 R
11  1999 10 09.28882  01 52 55.40  +09 28 09.2   704  40909  C  17.2
11  1999 10 09.30021  01 52 55.07  +09 28 07.6   703  40909  C  17.2 R
11  1999 10 09.30211  01 52 55.03  +09 28 06.8   704  40909  C  17.5
11  1999 10 09.31218  01 52 54.73  +09 28 04.9   703  40909  C  17.6 R
11  1999 10 09.31515  01 52 54.64  +09 28 04.3   704  40909  C  17.8
11  1999 10 09.32410  01 52 54.43  +09 28 03.5   703  40909  C  17.2 R
11  1999 10 09.32847  01 52 54.28  +09 28 02.4   704  40909  C  17.8
11  1999 10 09.34194  01 52 53.87  +09 28 00.1   704  40909  C  17.8
11  1999 10 15.26159  01 50 09.53  +09 11 07.9   704  40909  C  17.1
11  1999 10 15.27876  01 50 09.02  +09 11 04.9   704  40909  C  17.3
11  1999 10 15.29501  01 50 08.55  +09 11 02.3   704  40909  C  17.3
11  1999 10 15.31201  01 50 08.05  +09 10 59.2   704  40909  C  18.2
11  1999 10 15.32792  01 50 07.59  +09 10 56.8   704  40909  C  17.9
11  1999 10 19.19722  01 48 17.06  +08 59 46.9   704  40909  C  17.2
11  1999 10 19.21098  01 48 16.67  +08 59 44.0   704  40909  C  17.6
11  1999 10 19.22472  01 48 16.26  +08 59 41.7   704  40909  C  17.2
11  1999 10 19.23853  01 48 15.85  +08 59 39.4   704  40909  C  17.0
11  1999 10 19.25232  01 48 15.44  +08 59 36.5   704  40909  C  17.4
11  1999 11 05.24756  01 40 17.76  +08 12 49.6   704  40909  C  17.3
11  1999 11 05.26385  01 40 17.31  +08 12 47.1   704  40909  C  17.1
11  1999 11 05.28008  01 40 16.87  +08 12 44.4   704  40909  C  17.6
11  1999 11 05.29628  01 40 16.44  +08 12 41.8   704  40909  C  17.4
11  1999 11 05.31251  01 40 15.95  +08 12 39.5   704  40909  C  17.6
11  1999 11 12.21672  01 37 23.68  +07 56 26.8   704  40909  C  16.4
11  1999 11 12.23262  01 37 23.29  +07 56 24.6   704  40909  C  17.2
11  1999 11 12.24774  01 37 22.94  +07 56 22.7   704  40910  C  16.9
11  1999 11 12.26219  01 37 22.57  +07 56 21.1   704  40910  C  16.7
11  1999 11 12.27663  01 37 22.23  +07 56 19.3   704  40910  C  16.1
11  1999 11 14.21406  01 36 37.88  +07 52 14.2   699  40910  C  16.6 R
11  1999 11 14.23953  01 36 37.23  +07 52 11.6   699  40910  C
11  1999 11 14.26499  01 36 36.65  +07 52 06.9   699  40910  C
11  1999 11 17.13091  01 35 34.80  +07 46 29.4   704  40910  C  17.6
11  1999 11 17.14656  01 35 34.41  +07 46 27.0   704  40910  C  17.6
11  1999 11 17.16231  01 35 34.07  +07 46 25.6   704  40910  C  18.0
11  1999 11 17.17798  01 35 33.75  +07 46 24.1   704  40910  C  17.7
11  1999 11 17.19370  01 35 33.34  +07 46 21.1   704  40910  C  17.7
11  1999 12 02.14606  01 31 33.62  +07 26 08.9   699  40910  C  16.6 R
11  1999 12 02.17666  01 31 33.20  +07 26 06.3   699  40910  C
11  1999 12 02.20719  01 31 32.88  +07 26 01.9   699  40910  C
11  2000 12 30.15506  03 55 00.91  +19 59 10.8   704  41830  C  17.7
11  2000 12 30.16987  03 55 00.56  +19 59 09.4   704  41830  C  18.0
11  2000 12 30.18469  03 55 00.15  +19 59 09.0   704  41830  C  17.6
11  2000 12 30.19996  03 54 59.79  +19 59 07.8   704  41830  C  17.8
11  2000 12 30.21473  03 54 59.41  +19 59 07.0   704  41830  C  17.8
11  2002 02 01.91729  06 38 29.84  +22 39 22.8   938  45045  C  17.7 R
11  2003 11 23.46538  11 17 40.98  +05 12 13.8   704  52314  C  18.7
11  2003 11 23.47780  11 17 41.41  +05 12 12.5   704  52314  C  18.5
11  2003 11 23.49034  11 17 41.73  +05 12 10.5   704  52314  C  18.6
11  2003 11 23.50288  11 17 42.15  +05 12 08.0   704  52314  C  18.6
11  2003 12 24.52889  11 26 51.33  +04 17 50.2   568  51180  C  18.4 R
11  2003 12 24.56001  11 26 51.55  +04 17 49.0   568  51180  C  18.2 R
11  2003 12 24.59564  11 26 51.80  +04 17 47.6   568  51180  C  18.4 R
11  2003 12 25.52849  11 26 58.49  +04 17 13.9   568  51181  C  18.5 R
11  2003 12 25.55965  11 26 58.69  +04 17 12.9   568  51181  C  18.5 R
11  2003 12 25.59083  11 26 58.89  +04 17 11.8   568  51181  C  18.4 R
11  2004 01 24.39948  11 25 00.14  +04 35 07.6   704  52314  C  18.4
11  2004 01 24.41187  11 24 59.88  +04 35 10.2   704  52314  C  18.9
11  2004 01 24.43678  11 24 59.51  +04 35 13.2   704  52314  C  19.4
11  2004 02 03.60712  11 21 57.60  +04 56 27.9   608  52314  C  18.9
11  2004 02 03.61746  11 21 57.37  +04 56 29.0   608  52314  C  18.9
11  2004 02 03.62861  11 21 57.11  +04 56 30.7   608  52314  C  18.8
11  2004 02 13.45384  11 18 05.38  +05 22 49.8   333  51181  C  18.5 R
11  2004 02 13.46646  11 18 05.05  +05 22 51.9   333  51181  C  18.7 R
11  2004 02 13.47909  11 18 04.72  +05 22 53.8   333  51181  C  18.7 R
11  2004 02 14.36654  11 17 41.61  +05 25 31.1   703  51181  C  18.1 V
11  2004 02 14.37567  11 17 41.37  +05 25 32.9   703  51181  C  18.3 V
11  2004 02 14.38480  11 17 41.09  +05 25 34.7   703  51181  C  18.2 V
11  2004 02 14.39399  11 17 40.88  +05 25 36.4   703  51181  C  18.4 V
11  2004 02 18.34752  11 15 53.58  +05 37 36.7   704  51181  C  18.2
11  2004 02 18.35914  11 15 53.20  +05 37 38.8   704  51181  C  19.2
11  2004 02 18.38245  11 15 52.56  +05 37 43.5   704  51181  C  18.7
11  2004 02 18.39466  11 15 52.17  +05 37 45.6   704  51181  C  18.6
11  2004 02 26.32716  11 12 01.60  +06 03 18.6   704  52314  C  18.1
11  2004 02 26.33822  11 12 01.21  +06 03 21.2   704  52314  C  18.7
11  2004 02 26.34929  11 12 00.89  +06 03 23.8   704  52314  C  18.2
11  2004 02 26.36035  11 12 00.52  +06 03 25.8   704  52314  C  18.4
11  2004 02 26.37147  11 12 00.10  +06 03 27.3   704  52314  C  18.0
11  2004 03 15.25500  11 02 52.08  +07 03 01.6   704  51366  C  18.2
11  2004 03 15.26564  11 02 51.74  +07 03 03.9   704  51366  C  18.2
11  2004 03 15.27645  11 02 51.41  +07 03 05.9   704  51366  C  18.5
11  2004 03 15.28715  11 02 51.04  +07 03 08.4   704  51366  C  18.8
11  2004 03 15.30562  11 02 50.50  +07 03 11.3   704  51366  C  18.0
11  2004 03 15.94285  11 02 31.32  +07 05 14.8   599  51366  C  17.3 R
11  2004 03 15.95201  11 02 31.05  +07 05 16.5   599  51366  C  17.4 R
11  2004 03 15.96118  11 02 30.77  +07 05 18.3   599  51366  C  17.3 R
11  2004 03 15.97035  11 02 30.48  +07 05 20.1   599  51366  C  17.3 R
11  2004 03 16.90997  11 02 02.37  +07 08 21.1   599  51366  C  17.4 R
11  2004 03 16.91992  11 02 02.07  +07 08 23.0   599  51366  C  17.4 R
11  2004 03 16.92987  11 02 01.77  +07 08 24.9   599  51366  C  17.5 R
11  2004 03 16.93983  11 02 01.47  +07 08 26.8   599  51366  C  17.3 R
11  2004 03 16.94217  11 02 01.43  +07 08 27.1   224  51366  C  17.5 R
11  2004 03 16.96443  11 02 00.74  +07 08 31.8   224  51366  C  17.4 R
11  2004 03 16.98677  11 02 00.06  +07 08 36.0   224  51366  C  17.5 R
11  2004 03 18.28791  11 01 21.47  +07 12 44.9   704  51366  C  17.9
11  2004 03 18.29924  11 01 21.12  +07 12 47.2   704  51366  C  18.4
11  2004 03 18.31106  11 01 20.75  +07 12 49.1   704  51366  C  18.6
11  2004 03 18.32262  11 01 20.40  +07 12 51.7   704  51366  C  18.1
11  2004 03 18.33424  11 01 20.03  +07 12 53.8   704  51366  C  17.9
11  2004 03 18.35291  11 01 19.45  +07 12 56.7   691  51366  C  17.8 V
11  2004 03 18.38360  11 01 18.52  +07 13 02.5   691  51366  C  17.7 V
11  2004 03 18.41407  11 01 17.61  +07 13 08.2   691  51366  C  17.6 V
11  2004 03 20.26499  11 00 23.49  +07 18 55.3   699  51366  C  17.7 R
11  2004 03 20.29028  11 00 22.72  +07 18 59.7   699  51366  C
11  2004 03 20.31564  11 00 21.99  +07 19 05.2   699  51366  C
11  2004 03 20.34104  11 00 21.22  +07 19 09.5   699  51366  C
11  2004 03 27.28151  10 57 07.53  +07 39 46.3   704  51366  C  17.5
11  2004 03 27.29200  10 57 07.22  +07 39 47.8   704  51366  C  18.3
11  2004 03 27.30257  10 57 06.92  +07 39 50.2   704  51366  C  18.1
11  2004 03 27.31299  10 57 06.65  +07 39 52.5   704  51366  C  18.4
11  2004 03 27.32340  10 57 06.32  +07 39 53.5   704  51366  C  18.7
11  2004 03 28.12259  10 56 45.27  +07 42 07.8   691  51366  C  17.9 V
11  2004 03 28.15098  10 56 44.51  +07 42 12.7   691  51366  C  17.9 V
11  2004 03 28.18066  10 56 43.73  +07 42 17.5   691  51366  C  17.8 V
11  2004 04 12.21532  10 51 02.09  +08 18 14.4   703  51366  C  17.5 R
11  2004 04 12.22956  10 51 01.81  +08 18 16.6   703  51366  C  17.1 R
11  2004 04 12.24370  10 51 01.50  +08 18 18.4   703  51366  C  17.6 R
11  2004 04 12.25785  10 51 01.24  +08 18 19.5   703  51366  C  17.2 R
11  2004 04 14.22829  10 50 25.58  +08 22 02.8   699  51366  C  18.0 R
11  2004 04 14.24855  10 50 25.25  +08 22 05.5   699  51366  C
11  2004 04 14.26884  10 50 24.83  +08 22 07.3   699  51366  C
11  2004 04 14.28906  10 50 24.51  +08 22 09.8   699  51366  C
11  2004 04 15.19001  10 50 09.26  +08 23 46.2   704  52314  C  18.7
11  2004 04 15.20070  10 50 08.93  +08 23 48.1   704  52314  C  19.6
11  2004 04 15.22207  10 50 08.58  +08 23 52.0   704  52314  C  19.3
11  2004 04 15.23289  10 50 08.25  +08 23 52.6   704  52314  C  19.6
11  2005 03 07.31954  13 11 13.90  -05 39 07.9   704  53947  C  17.8
11  2005 03 07.33154  13 11 13.71  -05 39 06.7   704  53947  C  18.2
11  2005 03 07.34294  13 11 13.42  -05 39 06.0   704  53947  C  18.5
11  2005 03 07.35435  13 11 13.23  -05 39 03.8   704  53947  C  18.2
11  2005 03 07.36574  13 11 13.01  -05 39 03.3   704  53947  C  18.0
11  2005 03 08.38464  13 10 54.18  -05 37 10.0   G96  53947  C  17.2 R
11  2005 03 08.39179  13 10 54.02  -05 37 09.3   G96  53947  C  17.2 R
11  2005 03 08.39891  13 10 53.90  -05 37 08.5   G96  53947  C  17.2 R
11  2005 03 08.40609  13 10 53.76  -05 37 07.7   G96  53947  C  17.1 R
11  2005 03 11.57626  13 09 51.87  -05 30 54.8   415  53947  C  18.2 V
11  2005 03 11.58076  13 09 51.83  -05 30 53.9   415  53947  C  18.4 V
11  2005 03 12.42394  13 09 34.44  -05 29 12.4   691  53947  C  18.1 V
11  2005 03 12.45100  13 09 33.87  -05 29 09.0   691  53947  C  18.0 V
11  2005 03 12.48191  13 09 33.20  -05 29 05.2   691  53947  C  18.0 V
11  2005 03 12.56735  13 09 31.54  -05 28 52.4   415  53947  C  18.0 V
11  2005 03 12.57066  13 09 31.46  -05 28 51.9   415  53947  C  18.0 V
11  2005 03 20.59282  13 06 30.87  -05 11 07.9   415  53947  C  17.6 V
11  2005 03 20.59563  13 06 30.79  -05 11 07.5   415  53947  C  17.4 V
11  2005 03 20.59971  13 06 30.70  -05 11 06.6   415  53947  C  17.9 V
11  2005 03 31.51378  13 01 52.83  -04 44 24.3   415  53947  C  17.9 V
11  2005 03 31.51674  13 01 52.77  -04 44 23.7   415  53947  C  17.7 V
11  2005 04 02.97222  13 00 47.34  -04 38 14.8   185  53947  C  17.5 R
11  2005 04 02.98534  13 00 46.93  -04 38 12.4   185  53947  C  17.4 R
11  2005 04 02.99866  13 00 46.55  -04 38 10.3   185  53947  C  17.5 R
11  2005 04 03.01206  13 00 46.19  -04 38 08.4   185  53947  C  17.5 R
11  2005 04 03.94140  13 00 21.30  -04 35 47.0   138  53947  C  17.4 R
11  2005 04 03.95698  13 00 20.85  -04 35 44.8   138  53947  C  17.6 R
11  2005 04 03.97258  13 00 20.44  -04 35 42.4   138  53947  C  17.4 R
11  2005 04 04.86477  12 59 56.50  -04 33 27.0   A13  53948  C  17.7 V
11  2005 04 04.87183  12 59 56.32  -04 33 26.0   A13  53948  C  17.4 V
11  2005 04 04.87780  12 59 56.15  -04 33 25.1   A13  53948  C  17.8 V
11  2005 04 04.92785  12 59 54.77  -04 33 17.4   A13  53948  C  17.7 V
11  2005 04 04.93735  12 59 54.51  -04 33 16.0   A13  53948  C  17.6 V
11  2005 04 04.95346  12 59 54.06  -04 33 13.4   A13  53948  C  17.5 V
11  2005 04 04.96834  12 59 53.66  -04 33 11.2   A13  53948  C  17.6 V
11  2005 04 04.97630  12 59 53.44  -04 33 09.9   A13  53948  C  17.5 V
11  2005 04 05.34028  12 59 43.65  -04 32 14.3   926  53948  C  17.6 R
11  2005 04 05.35566  12 59 43.22  -04 32 11.9   926  53948  C  17.7 R
11  2005 04 05.37163  12 59 42.78  -04 32 09.6   926  53948  C  17.7 R
11  2005 04 06.53104  12 59 11.68  -04 29 11.5   415  53948  C  17.8 V
11  2005 04 06.53502  12 59 11.57  -04 29 11.2   415  53948  C  17.8 V
11  2005 04 06.58084  12 59 10.23  -04 29 06.2   608  53948  C  18.2
11  2005 04 06.59130  12 59 09.96  -04 29 04.6   608  53948  C  18.0
11  2005 04 06.60162  12 59 09.67  -04 29 03.2   608  53948  C  18.3
11  2005 04 09.21698  12 57 59.47  -04 22 29.4   G96  54162  C  17.0 R
11  2005 04 09.22321  12 57 59.30  -04 22 28.3   G96  54162  C  16.9 R
11  2005 04 09.22942  12 57 59.10  -04 22 27.4   G96  54162  C  16.9 R
11  2005 04 09.23565  12 57 58.95  -04 22 26.7   G96  54162  C  16.9 R
11  2005 04 09.28012  12 57 57.78  -04 22 19.5   704  54162  C  17.6
11  2005 04 09.28986  12 57 57.50  -04 22 18.0   704  54162  C  18.0
11  2005 04 09.29983  12 57 57.21  -04 22 16.1   704  54162  C  18.1
11  2005 04 09.32167  12 57 56.58  -04 22 12.7   704  54162  C  17.8
11  2005 04 09.58373  12 57 49.60  -04 21 32.3   415  54162  C  17.6 V
11  2005 04 09.58508  12 57 49.57  -04 21 31.9   415  54162  C  17.6 V
11  2005 04 11.27436  12 57 04.37  -04 17 22.9   G96  54162  C  17.0 R
11  2005 04 11.27963  12 57 04.22  -04 17 22.2   G96  54162  C  17.1 R
11  2005 04 11.28488  12 57 04.08  -04 17 21.4   G96  54162  C  17.1 R
11  2005 04 11.29020  12 57 03.93  -04 17 20.6   G96  54162  C  17.1 R
11  2005 04 11.30995  12 57 03.47  -04 17 17.1   704  54162  C  17.7
11  2005 04 11.32150  12 57 03.13  -04 17 15.4   704  54162  C  18.0
11  2005 04 11.33265  12 57 02.83  -04 17 14.1   704  54162  C  18.0
11  2005 04 11.34319  12 57 02.52  -04 17 12.0   704  54162  C  18.3
11  2005 04 11.35327  12 57 02.24  -04 17 10.6   704  54162  C  18.2
11  2005 04 12.27493  12 56 37.82  -04 14 54.7   704  54162  C  17.7
11  2005 04 12.28562  12 56 37.51  -04 14 53.0   704  54162  C  18.1
11  2005 04 12.29639  12 56 37.25  -04 14 51.8   704  54162  C  18.1
11  2005 04 12.30685  12 56 36.91  -04 14 49.9   704  54163  C  18.0
11  2005 04 12.31855  12 56 36.59  -04 14 48.1   704  54163  C  17.9
11  2005 04 13.27379  12 56 11.30  -04 12 28.2   704  54163  C  17.7
11  2005 04 13.28610  12 56 10.99  -04 12 26.6   704  54163  C  18.0
11  2005 04 13.29697  12 56 10.68  -04 12 25.0   704  54163  C  17.8
11  2005 04 13.30816  12 56 10.39  -04 12 23.7   704  54163  C  18.2
11  2005 04 13.32023  12 56 10.06  -04 12 21.5   704  54163  C  17.7
11  2005 04 13.84249  12 55 56.34  -04 11 06.3   A13  54163  C  17.2 V
11  2005 04 13.84860  12 55 56.13  -04 11 05.5   A13  54163  C  17.4 V
11  2005 04 13.85288  12 55 56.06  -04 11 05.4   A13  54163  C  17.4 V
11  2005 04 13.88296  12 55 55.22  -04 11 00.2   A13  54163  C  17.3 V
11  2005 04 13.88890  12 55 55.08  -04 10 59.3   A13  54163  C  17.4 V
11  2005 04 13.90586  12 55 54.62  -04 10 57.4   A13  54163  C  17.4 V
11  2005 04 13.91032  12 55 54.50  -04 10 56.5   A13  54163  C  17.4 V
11  2005 04 14.29243  12 55 44.48  -04 10 00.6   704  54163  C  17.5
11  2005 04 14.30541  12 55 44.11  -04 09 58.6   704  54163  C  17.9
11  2005 04 14.31917  12 55 43.78  -04 09 56.9   704  54163  C  17.9
11  2005 04 14.33043  12 55 43.45  -04 09 54.9   704  54163  C  18.2
11  2005 04 14.34076  12 55 43.14  -04 09 53.4   704  54163  C  17.8
11  2005 04 18.22094  12 54 02.69  -04 00 43.9   704  54163  C  17.6
11  2005 04 18.23221  12 54 02.43  -04 00 42.5   704  54163  C  18.1
11  2005 04 18.23231  12 54 02.42  -04 00 42.7   704  54163  C  17.4
11  2005 04 18.24199  12 54 02.16  -04 00 41.8   704  54163  C  18.3
11  2005 04 18.24210  12 54 02.16  -04 00 41.0   704  54163  C  17.8
11  2005 04 18.25207  12 54 01.79  -04 00 39.0   704  54163  C  18.1
11  2005 04 18.25218  12 54 01.88  -04 00 39.8   704  54163  C  18.4
11  2005 04 18.26274  12 54 01.59  -04 00 38.7   704  54163  C  18.0
11  2005 04 18.26286  12 54 01.57  -04 00 38.0   704  54163  C  18.1
11  2005 04 18.27618  12 54 01.27  -04 00 36.8   704  54163  C  17.5
11  2005 04 18.28542  12 54 01.00  -04 00 34.8   704  54163  C  18.1
11  2005 04 18.29441  12 54 00.79  -04 00 33.8   704  54163  C  18.6
11  2005 04 18.30375  12 54 00.50  -04 00 33.1   704  54163  C  18.6
11  2005 04 18.31275  12 54 00.27  -04 00 31.4   704  54163  C  18.0
11  2005 04 19.17607  12 53 38.45  -03 58 33.3   704  54163  C  18.0
11  2005 04 19.18563  12 53 38.25  -03 58 32.3   704  54163  C  18.5
11  2005 04 19.19516  12 53 37.99  -03 58 29.6   704  54163  C  18.6
11  2005 04 19.20529  12 53 37.69  -03 58 28.7   704  54163  C  18.3
11  2005 04 19.21477  12 53 37.39  -03 58 27.1   704  54163  C  18.2
11  2005 04 19.45406  12 53 31.40  -03 57 55.9   608  54163  C  18.2
11  2005 04 19.46497  12 53 31.11  -03 57 54.3   608  54163  C  18.6
11  2005 04 19.47756  12 53 30.77  -03 57 52.1   608  54163  C  18.6
11  2005 04 27.47618  12 50 18.90  -03 40 50.8   415  54163  C  17.7 V
11  2005 04 27.48131  12 50 18.79  -03 40 50.1   415  54163  C  17.6 V
11  2005 04 30.61201  12 49 09.77  -03 34 55.6   415  54163  C  18.1 V
11  2005 04 30.61641  12 49 09.70  -03 34 55.1   415  54163  C  18.1 V
11  2005 04 30.89560  12 49 03.80  -03 34 26.9   A13  54163  C  17.6 V
11  2005 04 30.90003  12 49 03.71  -03 34 26.2   A13  54163  C  17.6 V
11  2005 04 30.90374  12 49 03.63  -03 34 25.9   A13  54163  C  17.5 V
11  2005 04 30.91860  12 49 03.32  -03 34 23.8   A13  54163  C  17.6 V
11  2005 04 30.93573  12 49 02.92  -03 34 22.5   A13  54163  C  17.6 V
11  2005 05 05.25390  12 47 35.54  -03 27 04.0   704  54163  C  18.4
11  2005 05 05.26401  12 47 35.27  -03 27 01.3   704  54163  C  18.7
11  2005 05 05.27408  12 47 35.04  -03 27 00.6   704  54163  C  18.6
11  2005 05 05.28417  12 47 34.82  -03 26 59.7   704  54163  C  18.7
11  2005 05 06.22796  12 47 16.92  -03 25 32.5   G96  54163  C  17.4 R
11  2005 05 06.23659  12 47 16.77  -03 25 31.4   G96  54163  C  17.4 R
11  2005 05 06.24521  12 47 16.60  -03 25 30.7   G96  54163  C  17.4 R
11  2005 05 06.25384  12 47 16.41  -03 25 30.0   G96  54163  C  17.3 R
11  2005 05 08.55132  12 46 34.66  -03 22 06.8   415  54163  C  18.0 V
11  2005 05 08.55447  12 46 34.61  -03 22 06.5   415  54163  C  17.8 V
11  2005 05 11.46771  12 45 45.73  -03 18 17.4   415  54163  C  17.9 V
11  2005 05 11.47052  12 45 45.69  -03 18 17.0   415  54163  C  18.0 V
11  2005 05 23.25031  12 43 17.64  -03 08 20.7   644  54343  C  17.9
11  2005 05 23.27113  12 43 17.45  -03 08 19.9   644  54343  C  17.9
11  2005 05 23.29644  12 43 17.20  -03 08 19.2   644  54343  C  18.0
11  2005 06 12.52247  12 42 26.16  -03 12 42.1   415  54343  C  18.0 V
11  2005 06 12.52647  12 42 26.17  -03 12 42.1   415  54343  C  18.2 V
11  2005 06 24.40397  12 43 57.71  -03 27 53.2   415  54557  C  18.7 V
11  2005 06 24.41400  12 43 57.80  -03 27 54.1   415  54557  C  18.5 V
11  2005 06 24.42082  12 43 57.88  -03 27 54.8   415  54557  C  19.0 V
12  1992 02 09.50518  11 00 07.97  +08 16 24.1   691  40910  C  20.1 V
12  1992 02 09.52240  11 00 07.50  +08 16 26.2   691  40910  C
12  1992 02 09.53942  11 00 07.06  +08 16 29.2   691  40910  C
12  1992 03 05.36232  10 47 13.88  +09 25 23.2   691  40910  C  20.4 V
12  1992 03 05.38579  10 47 13.09  +09 25 27.2   691  40910  C  20.5 V
12  1992 03 05.40838  10 47 12.34  +09 25 30.7   691  40910  C  20.3 V
12  1999 10 02.37610  02 13 31.83  +10 30 21.8   703  40910  C  19.0 R
12  1999 10 02.38844  02 13 31.49  +10 30 18.8   703  40910  C  18.6 R
12  1999 10 02.40079  02 13 31.13  +10 30 17.8   703  40910  C  18.6 R
12  1999 10 02.41310  02 13 30.86  +10 30 15.6   703  40910  C  18.4 R
12  1999 10 07.37512  02 11 12.78  +10 18 10.5   704  40910  C  18.5
12  1999 10 07.38584  02 11 12.39  +10 18 08.3   704  40910  C  18.3
12  1999 10 07.39653  02 11 12.13  +10 18 06.9   704  40910  C  18.0
12  1999 10 07.40728  02 11 11.89  +10 18 04.7   704  40910  C  18.4
12  1999 10 10.26444  02 09 47.45  +10 10 50.7   704  40910  C  18.9
12  1999 10 10.28018  02 09 46.92  +10 10 48.1   704  40910  C  18.4
12  1999 10 10.29593  02 09 46.48  +10 10 45.9   704  40910  C  17.9
12  1999 10 10.31167  02 09 45.97  +10 10 42.9   704  40910  C  18.5
12  1999 10 10.32743  02 09 45.51  +10 10 40.5   704  40910  C  18.6
12  1999 11 03.23656  01 56 54.61  +09 08 03.4   703  40910  C  18.4 R
12  1999 11 03.25291  01 56 54.06  +09 08 01.2   703  40910  C  18.7 R
12  1999 11 03.26923  01 56 53.54  +09 07 58.1   703  40910  C  18.6 R
12  1999 11 03.28249  01 56 53.19  +09 07 56.3   699  40910  C  18.7 R
12  1999 11 03.28557  01 56 53.04  +09 07 55.8   703  40910  C  18.2 R
12  1999 11 03.30031  01 56 52.54  +09 07 51.6   699  40910  C
12  1999 11 03.31813  01 56 52.01  +09 07 50.5   699  40910  C
12  1999 11 12.21894  01 52 16.17  +08 47 10.7   704  40910  C  18.4
12  1999 11 12.23500  01 52 15.66  +08 47 08.9   704  40910  C  19.0
12  1999 11 12.24996  01 52 15.18  +08 47 07.4   704  40910  C  18.5
12  1999 11 12.26441  01 52 14.79  +08 47 04.9   704  40910  C  18.6
12  1999 11 12.27885  01 52 14.30  +08 47 03.2   704  40910  C  18.5
12  2000 10 24.40523  04 42 57.56  +21 00 49.0   704  41449  C  18.7
12  2000 10 24.41864  04 42 57.40  +21 00 48.5   704  41449  C  19.2
12  2000 10 24.43207  04 42 57.08  +21 00 46.8   704  41449  C  19.1
12  2000 10 24.44551  04 42 56.92  +21 00 46.7   704  41449  C  19.1
12  2000 10 24.45895  04 42 56.71  +21 00 46.2   704  41449  C  19.5
12  2000 12 16.17450  04 17 36.26  +19 43 53.1   699  41830  C  18.8 R
12  2000 12 16.19639  04 17 35.58  +19 43 51.4   699  41830  C
12  2000 12 16.21840  04 17 34.91  +19 43 49.0   699  41830  C
12  2000 12 16.24036  04 17 34.16  +19 43 48.6   699  41830  C
12  2001 10 12.59147  06 58 31.00  +22 14 09.9   568  43757  C
12  2001 10 12.63091  06 58 31.56  +22 14 10.2   568  43757  C
12  2001 10 12.64556  06 58 31.76  +22 14 10.3   568  43757  C
12  2001 10 13.59031  06 58 45.53  +22 14 18.3   568  43757  C  19.2 R
12  2001 10 13.61637  06 58 45.88  +22 14 18.5   568  43757  C  19.2 R
12  2001 12 14.92037  06 48 41.98  +23 07 12.8   185  44181  C  18.7 R
12  2001 12 14.92708  06 48 41.79  +23 07 13.9   185  44181  C  18.4 R
12  2001 12 14.93578  06 48 41.48  +23 07 14.3   185  44182  C  18.7 R
12  2003 12 25.53735  11 24 42.61  +05 34 05.1   568  51181  C  19.4 R
12  2003 12 25.56855  11 24 42.91  +05 34 03.9   568  51181  C  19.3 R
12  2003 12 25.59973  11 24 43.24  +05 34 02.1   568  51181  C  19.5 R
12  2004 02 16.44355  11 14 38.22  +06 21 16.7   333  51181  C  19.5 R
12  2004 02 16.46163  11 14 37.68  +06 21 18.9   333  51181  C  19.8 R
12  2004 02 17.44007  11 14 10.02  +06 23 41.7   333  51181  C  20.2 R
12  2004 02 17.45806  11 14 09.49  +06 23 44.6   333  51181  C  20.1 R
12  2004 02 22.47001  11 11 42.34  +06 36 20.7   333  51181  C  20.1 R
12  2004 02 22.47969  11 11 42.06  +06 36 22.0   333  51181  C  20.0 R
12  2004 02 22.49061  11 11 41.71  +06 36 23.7   333  51181  C  20.3 R
12  2004 02 26.32750  11 09 44.37  +06 46 25.9   704  52314  C  18.5
12  2004 02 26.33856  11 09 44.01  +06 46 27.9   704  52314  C  19.2
12  2004 02 26.34963  11 09 43.67  +06 46 29.8   704  52314  C  19.2
12  2004 02 26.36070  11 09 43.29  +06 46 31.2   704  52314  C  18.9
12  2004 02 26.37181  11 09 42.93  +06 46 33.3   704  52314  C  19.1
12  2004 03 11.22154  11 02 24.31  +07 23 30.6   644  51366  C  18.4
12  2004 03 11.24170  11 02 23.66  +07 23 34.0   644  51366  C  18.3
12  2004 03 11.26336  11 02 22.96  +07 23 37.2   644  51366  C  18.3
12  2004 03 16.90997  10 59 26.66  +07 38 10.3   599  51366  C  17.9 R
12  2004 03 16.91992  10 59 26.31  +07 38 11.1   599  51366  C  18.4 R
12  2004 03 16.92987  10 59 26.01  +07 38 12.6   599  51367  C  18.2 R
12  2004 03 16.93983  10 59 25.68  +07 38 14.0   599  51367  C  18.4 R
12  2004 03 20.26499  10 57 45.01  +07 46 25.7   699  52314  C  18.7 R
12  2004 03 20.29028  10 57 44.14  +07 46 29.3   699  52314  C
12  2004 03 20.31564  10 57 43.33  +07 46 34.3   699  52314  C
12  2004 03 20.34104  10 57 42.51  +07 46 35.7   699  52314  C
12  2005 03 04.35554  13 00 41.89  -05 13 30.1   704  53948  C  18.8
12  2005 03 04.36697  13 00 41.67  -05 13 28.6   704  53948  C  19.3
12  2005 03 04.37841  13 00 41.50  -05 13 26.1   704  53948  C  19.5
12  2005 03 04.39099  13 00 41.27  -05 13 23.4   704  53948  C  19.0
12  2005 03 04.40279  13 00 41.03  -05 13 22.9   704  53948  C  19.5
12  2005 03 08.38194  12 59 28.08  -05 03 13.9   G96  53948  C  17.9 R
12  2005 03 08.38910  12 59 27.89  -05 03 13.7   G96  53948  C  18.0 R
12  2005 03 08.39620  12 59 27.75  -05 03 12.6   G96  53948  C  18.1 R
12  2005 03 08.40330  12 59 27.61  -05 03 11.4   G96  53948  C  18.0 R
12  2005 03 11.64626  12 58 22.80  -04 54 19.5   415  53948  C  19.4 V
12  2005 03 11.65059  12 58 22.71  -04 54 18.9   415  53948  C  19.4 V
12  2005 03 12.59053  12 58 03.13  -04 51 40.2   415  53948  C  18.8 V
12  2005 03 12.59520  12 58 03.04  -04 51 39.1   415  53948  C  18.9 V
12  2005 03 12.59941  12 58 02.93  -04 51 38.3   415  53948  C  18.8 V
12  2005 03 31.53414  12 50 35.71  -03 53 14.1   415  53948  C  18.7 V
12  2005 03 31.53987  12 50 35.55  -03 53 12.8   415  53948  C  18.5 V
12  2005 04 06.55935  12 48 04.52  -03 33 56.7   415  53948  C  18.5 V
12  2005 04 06.56512  12 48 04.39  -03 33 55.9   415  53948  C  18.6 V
12  2005 04 09.59084  12 46 49.36  -03 24 24.1   415  54163  C  18.6 V
12  2005 04 09.59510  12 46 49.25  -03 24 23.3   415  54163  C  18.4 V
12  2005 04 30.57303  12 39 14.07  -02 26 44.8   415  54163  C  18.4 V
12  2005 04 30.57676  12 39 13.95  -02 26 43.8   415  54163  C  18.8 V
12  2005 05 08.51897  12 37 10.19  -02 10 53.1   415  54163  C  19.0 V
12  2005 05 08.52396  12 37 10.11  -02 10 52.5   415  54163  C  18.9 V
13  1999 12 07.95946  01 31 30.64  +08 38 51.4   511  41261  C
13  1999 12 07.97014  01 31 30.56  +08 38 51.0   511  41261  C
13  1999 12 07.98289  01 31 30.48  +08 38 50.4   511  41261  C
13  2003 04 27.29580  08 43 36.68  +19 17 54.9   568  48616  C  20.7 R
13  2005 03 12.42394  13 07 32.63  -04 55 46.8   691  53948  C  20.0 V
13  2005 03 12.45100  13 07 31.92  -04 55 42.6   691  53948  C  20.0 V
13  2005 03 12.48191  13 07 31.11  -04 55 37.3   691  53948  C  20.0 V
