2012  9 18  12 33 38.0   4 57 15.7431   21  25  25.299  6  0.445 Tyc-2
2012  9 19  12 30 53.0   4 57 24.5680   21  25  10.519  6  0.447 Tyc-2
2012  9 20  12 26  3.0   4 57 32.5855   21  24  54.895  6  0.448 Tyc-2
2012  9 25  12  6 51.0   4 58  0.5201   21  23  30.276  6  0.456 Tyc-2
2012  9 26  12  3 43.0   4 58  3.6773   21  23  12.250  6  0.457 Tyc-2
2012  9 27  11 59 49.0   4 58  6.0258   21  22  53.420  6  0.459 Tyc-2
2012  9 28  11 55 55.0   4 58  7.5977   21  22  34.625  6  0.460 Tyc-2
2012  9 29  11 52  0.0   4 58  8.3153   21  22  14.978  6  0.462 Tyc-2
2012 10  1  11 43 41.0   4 58  7.3367   21  21  35.560  6  0.465 Tyc-2
2012 10  2  11 40 27.0   4 58  5.6953   21  21  14.976  6  0.466 Tyc-2
2012 10  3  11 35 27.0   4 58  3.2048   21  20  54.794  6  0.468 Tyc-2
2012 10  7  11 20 10.0   4 57 45.2287   21  19  31.418  6  0.473 Tyc-2
2012 10  8  11 16  7.0   4 57 38.7515   21  19  10.138  6  0.475 Tyc-2
2012 10  9  11 11 20.0   4 57 31.4751   21  18  48.985  6  0.476 Tyc-2
2012 10 10  11  7 16.0   4 57 23.4295   21  18  27.782  6  0.478 Tyc-2
2012 10 16  10 43 30.0   4 56 18.9169   21  16  21.557  6  0.486 Tyc-2
2012 10 17  10 39 29.0   4 56  5.5436   21  16   1.207  6  0.487 Tyc-2
