2457066.15338889  09 17 30.641   +17 13 45.40   286
2457066.15188194  09 17 30.676   +17 13 45.20   286
2457066.14617477  09 17 30.819   +17 13 44.43   286
2457066.14466782  09 17 30.859   +17 13 44.23   286
2457066.14315972  09 17 30.896   +17 13 44.04   286
2457066.14165278  09 17 30.936   +17 13 43.84   286
2457066.14014468  09 17 30.971   +17 13 43.66   286
2457066.13863657  09 17 31.010   +17 13 43.46   286
2457066.13712847  09 17 31.047   +17 13 43.26   286
2457066.13562153  09 17 31.084   +17 13 43.06   286
2457066.13410417  09 17 31.126   +17 13 42.87   286
2457066.13275694  09 17 31.157   +17 13 42.67   286
2457068.10675463  09 16 43.171   +17 17 52.18   286
2457068.10825347  09 16 43.133   +17 17 52.34   286
2457068.11079977  09 16 43.069   +17 17 52.74   286
2457068.11230787  09 16 43.031   +17 17 52.89   286
2457068.11381597  09 16 42.995   +17 17 53.02   286
2457068.11683102  09 16 42.922   +17 17 53.49   286
2457068.11833912  09 16 42.881   +17 17 53.65   286
2457068.11984722  09 16 42.847   +17 17 53.82   286
2457068.12135417  09 16 42.810   +17 17 53.99   286
2457068.12351157  09 16 42.756   +17 17 54.32   286
2457068.12432407  09 16 42.736   +17 17 54.38   286
2457068.12681944  09 16 42.672   +17 17 54.76   286
2457068.12786343  09 16 42.646   +17 17 54.84   286
2457068.16503588  09 16 41.720   +17 17 59.52   286
2457068.16654398  09 16 41.683   +17 17 59.64   286
2457449.16386690  11 23 54.364   +04 58 39.37   286
2457449.16467940  11 23 54.338   +04 58 39.54   286
2457449.16549421  11 23 54.307   +04 58 39.68   286
2457449.16636227  11 23 54.279   +04 58 39.87   286
2457449.16705903  11 23 54.257   +04 58 39.99   286
2457449.16887616  11 23 54.199   +04 58 40.37   286
2457449.16981829  11 23 54.166   +04 58 40.59   286
2457449.17051505  11 23 54.145   +04 58 40.69   286
2457449.17128356  11 23 54.119   +04 58 40.87   286
2457449.17186343  11 23 54.100   +04 58 41.02   286
2457449.17273264  11 23 54.072   +04 58 41.15   286
2457449.17354514  11 23 54.044   +04 58 41.29   286
2457449.17435764  11 23 54.018   +04 58 41.46   286
2457449.17517130  11 23 53.992   +04 58 41.64   286
2457449.17598611  11 23 53.965   +04 58 41.81   286
2457449.17679745  11 23 53.938   +04 58 41.96   286
2457449.17764468  11 23 53.910   +04 58 42.12   286
2457449.18090162  11 23 53.803   +04 58 42.80   286
2457449.18160301  11 23 53.780   +04 58 42.95   286
2457449.18244444  11 23 53.752   +04 58 43.11   286
2457449.18334259  11 23 53.721   +04 58 43.33   286
2457449.18419213  11 23 53.696   +04 58 43.48   286
2457449.18506366  11 23 53.666   +04 58 43.63   286
2457449.22110532  11 23 52.476   +04 58 50.84   286
2457450.19678819  11 23 20.921   +05 02 07.22   286
2457450.19597569  11 23 20.948   +05 02 07.06   286
2457450.19516204  11 23 20.975   +05 02 06.91   286
2457450.19434954  11 23 21.003   +05 02 06.73   286
2457450.19353588  11 23 21.031   +05 02 06.56   286
2457450.19272338  11 23 21.057   +05 02 06.40   286
2457450.19190972  11 23 21.083   +05 02 06.24   286
2457450.19109606  11 23 21.108   +05 02 06.08   286
2457450.19028241  11 23 21.139   +05 02 05.92   286
2457450.18946875  11 23 21.165   +05 02 05.74   286
2457450.18865625  11 23 21.192   +05 02 05.57   286
2457450.18784259  11 23 21.218   +05 02 05.41   286
2457450.18702894  11 23 21.247   +05 02 05.24   286
2457450.18621644  11 23 21.273   +05 02 05.08   286
2457450.18540278  11 23 21.300   +05 02 04.92   286
2457450.18458912  11 23 21.326   +05 02 04.78   286
2457450.18377662  11 23 21.353   +05 02 04.58   286
2457450.18296296  11 23 21.381   +05 02 04.42   286
2457450.18215046  11 23 21.409   +05 02 04.26   286
2457450.18133681  11 23 21.436   +05 02 04.09   286
2457450.18052199  11 23 21.460   +05 02 03.94   286
2457450.17971065  11 23 21.489   +05 02 03.77   286
2457450.17889005  11 23 21.515   +05 02 03.61   286
2457450.17830903  11 23 21.534   +05 02 03.48   286
2457450.17745833  11 23 21.565   +05 02 03.31   286
2457450.17687731  11 23 21.582   +05 02 03.20   286
2457450.17629514  11 23 21.602   +05 02 03.08   286
2457450.17570718  11 23 21.622   +05 02 02.96   286
2457450.17513889  11 23 21.640   +05 02 02.84   286
2457450.17467130  11 23 21.656   +05 02 02.75   286
2457451.20132523  11 22 48.168   +05 05 31.54   286
2457451.20051157  11 22 48.195   +05 05 31.36   286
2457451.19969792  11 22 48.222   +05 05 31.19   286
2457451.19888542  11 22 48.249   +05 05 31.04   286
2457451.19807176  11 22 48.277   +05 05 30.87   286
2457451.19725810  11 22 48.304   +05 05 30.69   286
2457451.19644444  11 22 48.332   +05 05 30.54   286
2457451.19563194  11 22 48.359   +05 05 30.35   286
2457451.19481829  11 22 48.386   +05 05 30.20   286
2457451.19400463  11 22 48.414   +05 05 30.03   286
2457451.19319213  11 22 48.440   +05 05 29.87   286
2457451.19237847  11 22 48.467   +05 05 29.71   286
2457451.19156481  11 22 48.495   +05 05 29.54   286
2457451.19075231  11 22 48.521   +05 05 29.36   286
2457451.18993866  11 22 48.549   +05 05 29.19   286
2457451.18912500  11 22 48.577   +05 05 29.02   286
2457451.18831250  11 22 48.604   +05 05 28.85   286
2457451.18749884  11 22 48.630   +05 05 28.69   286
2457451.18668519  11 22 48.658   +05 05 28.53   286
2457451.18587269  11 22 48.684   +05 05 28.37   286
2457451.18506019  11 22 48.713   +05 05 28.17   286
2457451.18424537  11 22 48.740   +05 05 28.01   286
2457451.18343287  11 22 48.767   +05 05 27.87   286
2457451.18261921  11 22 48.794   +05 05 27.69   286
2457451.18180556  11 22 48.822   +05 05 27.53   286
2457451.18099190  11 22 48.849   +05 05 27.38   286
2457451.18017824  11 22 48.876   +05 05 27.20   286
2457451.17936574  11 22 48.904   +05 05 27.03   286
2457451.17855208  11 22 48.931   +05 05 26.86   286
2457451.17711806  11 22 48.977   +05 05 26.59   286
2457451.17584028  11 22 49.021   +05 05 26.33   286
2457451.17328125  11 22 49.108   +05 05 25.78   286
2457451.17200463  11 22 49.150   +05 05 25.50   286
2457451.17085880  11 22 49.185   +05 05 25.32   286
2457451.17004398  11 22 49.216   +05 05 25.11   286
2457452.22999884  11 22 14.380   +05 09 02.81   286
2457452.22918519  11 22 14.408   +05 09 02.66   286
2457452.22837269  11 22 14.436   +05 09 02.48   286
2457452.22755903  11 22 14.462   +05 09 02.31   286
2457452.22674537  11 22 14.488   +05 09 02.13   286
2457452.22593171  11 22 14.517   +05 09 01.96   286
2457452.22511921  11 22 14.543   +05 09 01.81   286
2457452.22430556  11 22 14.572   +05 09 01.64   286
2457452.22349306  11 22 14.600   +05 09 01.48   286
2457452.22267940  11 22 14.625   +05 09 01.28   286
2457452.22172338  11 22 14.658   +05 09 01.11   286
2457452.22090972  11 22 14.686   +05 09 00.93   286
2457452.22009606  11 22 14.714   +05 09 00.78   286
2457452.21928356  11 22 14.742   +05 09 00.60   286
2457452.21846991  11 22 14.768   +05 09 00.44   286
2457452.21765625  11 22 14.796   +05 09 00.28   286
2457452.21684375  11 22 14.822   +05 09 00.10   286
2457452.21603009  11 22 14.850   +05 08 59.94   286
2457452.21521759  11 22 14.878   +05 08 59.75   286
2457452.21440278  11 22 14.905   +05 08 59.61   286
2457452.21358912  11 22 14.932   +05 08 59.44   286
2457452.21277662  11 22 14.959   +05 08 59.25   286
2457452.21196296  11 22 14.988   +05 08 59.12   286
2457452.21114931  11 22 15.015   +05 08 58.94   286
2457452.21033565  11 22 15.043   +05 08 58.75   286
2457452.20952431  11 22 15.070   +05 08 58.57   286
2457452.20674306  11 22 15.163   +05 08 58.01   286
2457452.20593056  11 22 15.190   +05 08 57.84   286
2457452.20511690  11 22 15.220   +05 08 57.67   286
2457452.20187847  11 22 15.328   +05 08 56.98   286
2457452.20106481  11 22 15.354   +05 08 56.84   286
2457452.19602894  11 22 15.523   +05 08 55.78   286
2457452.19521528  11 22 15.552   +05 08 55.62   286
2457452.19440162  11 22 15.579   +05 08 55.46   286
2457452.19358912  11 22 15.608   +05 08 55.29   286
2457452.19277546  11 22 15.634   +05 08 55.13   286
2457452.19196296  11 22 15.662   +05 08 54.97   286
2457452.18915046  11 22 15.755   +05 08 54.37   286
2457452.18833796  11 22 15.782   +05 08 54.21   286
2457452.18752431  11 22 15.809   +05 08 54.03   286
2457452.18671065  11 22 15.836   +05 08 53.87   286
2457452.18589699  11 22 15.864   +05 08 53.70   286
2457452.18508449  11 22 15.890   +05 08 53.52   286
2457452.18427083  11 22 15.918   +05 08 53.37   286
2457452.18345718  11 22 15.944   +05 08 53.21   286
2457452.18264468  11 22 15.972   +05 08 53.03   286
2457452.18183218  11 22 15.999   +05 08 52.87   286
2457452.18101736  11 22 16.026   +05 08 52.71   286
2457452.18020486  11 22 16.053   +05 08 52.51   286
2457452.17939120  11 22 16.081   +05 08 52.37   286
2457452.17857870  11 22 16.108   +05 08 52.20   286
2457486.12656713  11 04 26.422   +07 07 09.64   286
2457486.12714815  11 04 26.407   +07 07 09.76   286
2457486.12816551  11 04 26.378   +07 07 09.91   286
2457486.12898611  11 04 26.355   +07 07 10.08   286
2457486.12979977  11 04 26.334   +07 07 10.22   286
2457486.13386574  11 04 26.226   +07 07 10.98   286
2457486.13467940  11 04 26.207   +07 07 11.11   286
2457486.13549190  11 04 26.185   +07 07 11.28   286
2457486.13630556  11 04 26.164   +07 07 11.43   286
2457486.13711921  11 04 26.143   +07 07 11.56   286
2457486.13793287  11 04 26.122   +07 07 11.72   286
2457488.15974537  11 03 35.588   +07 13 17.18   286
2457488.15890046  11 03 35.609   +07 13 17.02   286
2457488.15806713  11 03 35.629   +07 13 16.87   286
2457488.15719907  11 03 35.651   +07 13 16.73   286
2457488.15636574  11 03 35.672   +07 13 16.59   286
2457488.15548611  11 03 35.693   +07 13 16.44   286
2457488.15461806  11 03 35.716   +07 13 16.26   286
2457488.15377315  11 03 35.736   +07 13 16.12   286
2457488.15292824  11 03 35.758   +07 13 15.99   286
2457488.14712963  11 03 35.903   +07 13 14.96   286
2457488.14550926  11 03 35.944   +07 13 14.67   286
2457489.13748843  11 03 12.088   +07 16 09.17   286
2457489.13660880  11 03 12.109   +07 16 09.01   286
2457489.13578704  11 03 12.129   +07 16 08.87   286
2457489.13490741  11 03 12.152   +07 16 08.72   286
2457489.13405093  11 03 12.172   +07 16 08.56   286
2457489.13319444  11 03 12.192   +07 16 08.40   286
2457489.13229167  11 03 12.213   +07 16 08.26   286
2457489.13144676  11 03 12.235   +07 16 08.10   286
2457489.13060185  11 03 12.255   +07 16 07.98   286
2457489.12960648  11 03 12.280   +07 16 07.77   286
2457489.12873843  11 03 12.301   +07 16 07.64   286
2457489.12783565  11 03 12.323   +07 16 07.51   286
2457489.12690972  11 03 12.347   +07 16 07.31   286
2457489.12603009  11 03 12.368   +07 16 07.15   286
2457489.12482639  11 03 12.397   +07 16 06.96   286
2457863.15224537  13 03 43.944   -04 48 58.66   286
2457863.15143519  13 03 43.965   -04 48 58.72   286
2457863.15062500  13 03 43.982   -04 48 58.85   286
2457863.14981481  13 03 44.000   -04 48 58.90   286
2457863.14900463  13 03 44.022   -04 48 59.01   286
2457863.14819444  13 03 44.041   -04 48 59.10   286
2457863.14738426  13 03 44.061   -04 48 59.21   286
2457863.14657407  13 03 44.080   -04 48 59.26   286
2457863.14576389  13 03 44.100   -04 48 59.35   286
2457863.14494213  13 03 44.118   -04 48 59.43   286
2457863.14413194  13 03 44.138   -04 48 59.51   286
2457863.14332176  13 03 44.159   -04 48 59.63   286
2457863.14251157  13 03 44.178   -04 48 59.69   286
2457863.14170139  13 03 44.198   -04 48 59.78   286
2457863.14089120  13 03 44.219   -04 48 59.84   286
2457863.14008102  13 03 44.237   -04 48 59.93   286
2457863.13927083  13 03 44.257   -04 48 59.99   286
2457863.13846065  13 03 44.276   -04 49 00.10   286
2457863.13765046  13 03 44.294   -04 49 00.17   286
2457863.13684028  13 03 44.315   -04 49 00.29   286
2457863.12016204  13 03 44.716   -04 49 01.97   286
2457863.11935185  13 03 44.734   -04 49 02.05   286
2457863.11854167  13 03 44.753   -04 49 02.14   286
2457863.11668981  13 03 44.798   -04 49 02.36   286
2457863.11587963  13 03 44.818   -04 49 02.42   286
2457863.11425926  13 03 44.857   -04 49 02.60   286
2457863.11344907  13 03 44.877   -04 49 02.68   286
2457863.11263889  13 03 44.897   -04 49 02.73   286
2457863.11182870  13 03 44.915   -04 49 02.82   286
2457863.11101852  13 03 44.935   -04 49 02.89   286
2457863.11020833  13 03 44.954   -04 49 02.99   286
2457863.10939815  13 03 44.974   -04 49 03.12   286
2457863.10858796  13 03 44.992   -04 49 03.17   286
2457863.10777778  13 03 45.011   -04 49 03.27   286
2457863.10696759  13 03 45.032   -04 49 03.33   286
2457863.10614583  13 03 45.051   -04 49 03.45   286
2457863.10533565  13 03 45.072   -04 49 03.51   286
2457863.10452546  13 03 45.092   -04 49 03.62   286
2457863.10371528  13 03 45.110   -04 49 03.68   286
2457863.10290509  13 03 45.129   -04 49 03.75   286
2457863.10209491  13 03 45.148   -04 49 03.84   286
2457863.10127315  13 03 45.169   -04 49 03.91   286
2457863.10040509  13 03 45.191   -04 49 04.00   286
2457863.09982639  13 03 45.203   -04 49 04.07   286
2457902.11150463  12 53 10.036   -04 15 31.92   286
2457902.11069444  12 53 10.043   -04 15 31.92   286
2457902.10988426  12 53 10.049   -04 15 31.90   286
2457902.10907407  12 53 10.055   -04 15 31.89   286
2457902.10826389  12 53 10.060   -04 15 31.88   286
2457902.10745370  12 53 10.067   -04 15 31.87   286
2457902.10664352  12 53 10.073   -04 15 31.87   286
2457902.10583333  12 53 10.080   -04 15 31.86   286
2457902.10502315  12 53 10.084   -04 15 31.86   286
2457902.10339120  12 53 10.098   -04 15 31.85   286
2457902.10259259  12 53 10.105   -04 15 31.84   286
2457902.10177083  12 53 10.110   -04 15 31.84   286
2457902.10096065  12 53 10.117   -04 15 31.83   286
2457902.10015046  12 53 10.122   -04 15 31.81   286
2457902.09934028  12 53 10.127   -04 15 31.81   286
2457902.09853009  12 53 10.134   -04 15 31.79   286
2457902.09771991  12 53 10.139   -04 15 31.81   286
2457902.09690972  12 53 10.146   -04 15 31.78   286
2457902.09609954  12 53 10.152   -04 15 31.79   286
2457902.09528935  12 53 10.157   -04 15 31.79   286
2457902.09447917  12 53 10.165   -04 15 31.77   286
2457902.09366898  12 53 10.171   -04 15 31.78   286
2457902.09285880  12 53 10.176   -04 15 31.75   286
2457902.09204861  12 53 10.182   -04 15 31.75   286
2457902.09123843  12 53 10.187   -04 15 31.76   286
2457902.09042824  12 53 10.194   -04 15 31.74   286
2457902.08961806  12 53 10.200   -04 15 31.73   286
2457902.08880787  12 53 10.208   -04 15 31.72   286
2457902.08798611  12 53 10.212   -04 15 31.72   286
2457902.08718750  12 53 10.219   -04 15 31.72   286
2457902.08637731  12 53 10.224   -04 15 31.69   286
2457902.08556713  12 53 10.232   -04 15 31.70   286
2457903.07062500  12 53 03.810   -04 15 41.77   286
2457903.06981481  12 53 03.815   -04 15 41.76   286
2457903.06868056  12 53 03.822   -04 15 41.73   286
2457903.06787037  12 53 03.829   -04 15 41.72   286
2457903.06684028  12 53 03.836   -04 15 41.72   286
2457903.06521991  12 53 03.847   -04 15 41.74   286
2457903.06440972  12 53 03.852   -04 15 41.69   286
2457903.06359954  12 53 03.859   -04 15 41.68   286
2457903.06278935  12 53 03.864   -04 15 41.69   286
2457903.06197917  12 53 03.870   -04 15 41.67   286
2457903.06084491  12 53 03.878   -04 15 41.65   286
2457903.06003472  12 53 03.884   -04 15 41.65   286
2457903.05922454  12 53 03.889   -04 15 41.64   286
2457903.05829861  12 53 03.896   -04 15 41.61   286
2457903.05704861  12 53 03.904   -04 15 41.60   286
2457903.05592593  12 53 03.913   -04 15 41.60   286
2457903.05511574  12 53 03.917   -04 15 41.60   286
2457903.05430556  12 53 03.923   -04 15 41.58   286
2457903.05317130  12 53 03.931   -04 15 41.56   286
2457903.05064815  12 53 03.948   -04 15 41.53   286
2457903.04949074  12 53 03.957   -04 15 41.52   286
2457903.04839120  12 53 03.965   -04 15 41.50   286
2457903.04758102  12 53 03.970   -04 15 41.49   286
2457903.04677083  12 53 03.975   -04 15 41.50   286
2457903.04337963  12 53 03.999   -04 15 41.46   286
2457903.04221065  12 53 04.006   -04 15 41.44   286
2457903.04140046  12 53 04.013   -04 15 41.44   286
2457903.04059028  12 53 04.016   -04 15 41.44   286
2457903.03978009  12 53 04.023   -04 15 41.40   286
2457903.03863426  12 53 04.029   -04 15 41.38   286
2457903.03782407  12 53 04.037   -04 15 41.38   286
2457903.03701389  12 53 04.043   -04 15 41.38   286
2457903.03620370  12 53 04.049   -04 15 41.36   286
2457903.03156250  12 53 04.081   -04 15 41.31   286
2457904.06474537  12 52 57.889   -04 15 55.16   286
2457904.06312500  12 52 57.901   -04 15 55.15   286
2457904.06230324  12 52 57.901   -04 15 55.20   286
2457904.05987269  12 52 57.923   -04 15 55.13   286
2457904.05906250  12 52 57.926   -04 15 55.14   286
2457904.05825232  12 52 57.930   -04 15 55.12   286
2457904.05744213  12 52 57.936   -04 15 55.15   286
2457904.05663194  12 52 57.941   -04 15 55.07   286
2457904.05582176  12 52 57.945   -04 15 55.01   286
2457904.05501157  12 52 57.953   -04 15 55.09   286
2457904.05420139  12 52 57.958   -04 15 55.04   286
2457904.05339120  12 52 57.961   -04 15 54.99   286
2457904.05258102  12 52 57.967   -04 15 55.03   286
2457904.05177083  12 52 57.973   -04 15 55.01   286
2457904.05096065  12 52 57.977   -04 15 55.01   286
2457904.05015046  12 52 57.981   -04 15 54.97   286
2457904.04934028  12 52 57.988   -04 15 54.93   286
2457904.04853009  12 52 57.992   -04 15 54.93   286
2457904.04754630  12 52 57.999   -04 15 54.95   286
2457904.04673611  12 52 58.005   -04 15 54.93   286
2457904.04592593  12 52 58.010   -04 15 54.91   286
2457904.04511574  12 52 58.014   -04 15 54.90   286
2457904.04408565  12 52 58.021   -04 15 54.89   286
2457904.04327546  12 52 58.028   -04 15 54.90   286
2457904.04246528  12 52 58.031   -04 15 54.88   286
2457904.04133102  12 52 58.038   -04 15 54.84   286
2457904.04052083  12 52 58.044   -04 15 54.83   286
2457904.03971065  12 52 58.048   -04 15 54.79   286
2457904.03868056  12 52 58.056   -04 15 54.79   286
2457904.03664352  12 52 58.070   -04 15 54.79   286
2457904.03560185  12 52 58.076   -04 15 54.73   286
2457904.03444444  12 52 58.083   -04 15 54.75   286
2457904.03342593  12 52 58.090   -04 15 54.74   286
2457904.03262731  12 52 58.095   -04 15 54.71   286
2457904.03165509  12 52 58.102   -04 15 54.70   286
2457904.03083333  12 52 58.108   -04 15 54.68   286
2457904.02981481  12 52 58.112   -04 15 54.68   286
2457904.02900463  12 52 58.117   -04 15 54.64   286
2457904.02651620  12 52 58.134   -04 15 54.60   286
2457905.08681713  12 52 52.381   -04 16 12.43   286
2457905.08584491  12 52 52.385   -04 16 12.40   286
2457905.08422454  12 52 52.395   -04 16 12.39   286
2457905.08341435  12 52 52.401   -04 16 12.36   286
2457905.08260417  12 52 52.405   -04 16 12.35   286
2457905.08098380  12 52 52.412   -04 16 12.29   286
2457905.08017361  12 52 52.416   -04 16 12.31   286
2457905.07936343  12 52 52.422   -04 16 12.28   286
2457905.07855324  12 52 52.426   -04 16 12.28   286
2457905.07774306  12 52 52.430   -04 16 12.25   286
2457905.07692130  12 52 52.435   -04 16 12.25   286
2457905.07597222  12 52 52.441   -04 16 12.22   286
2457905.07516204  12 52 52.446   -04 16 12.21   286
2457905.07435185  12 52 52.450   -04 16 12.18   286
2457905.07354167  12 52 52.454   -04 16 12.17   286
2457905.07273148  12 52 52.463   -04 16 12.17   286
2457905.07192130  12 52 52.466   -04 16 12.17   286
2457905.06937500  12 52 52.480   -04 16 12.08   286
2457905.06451389  12 52 52.507   -04 16 12.04   286
2457905.06370370  12 52 52.514   -04 16 11.97   286
2457905.06263889  12 52 52.519   -04 16 11.96   286
2457905.06181713  12 52 52.525   -04 16 11.94   286
2457905.06101852  12 52 52.526   -04 16 11.98   286
2457905.05997685  12 52 52.536   -04 16 11.92   286
2457905.05895833  12 52 52.540   -04 16 11.89   286
2457905.05777778  12 52 52.544   -04 16 11.88   286
2457905.05696759  12 52 52.553   -04 16 11.88   286
2458198.29710648  15 25 07.864   -17 53 38.69   286
2458198.29629630  15 25 07.871   -17 53 38.73   286
2458198.29589120  15 25 07.870   -17 53 38.73   286
2458198.29548611  15 25 07.874   -17 53 38.71   286
2458198.29508102  15 25 07.875   -17 53 38.71   286
2458198.29427083  15 25 07.885   -17 53 38.71   286
2458198.29305556  15 25 07.895   -17 53 38.72   286
2458198.29265046  15 25 07.898   -17 53 38.75   286
2458198.29224537  15 25 07.898   -17 53 38.76   286
2458198.29184028  15 25 07.904   -17 53 38.71   286
2458198.29143519  15 25 07.904   -17 53 38.72   286
2458198.29101852  15 25 07.907   -17 53 38.76   286
2458198.29061343  15 25 07.912   -17 53 38.76   286
2458198.29020833  15 25 07.911   -17 53 38.77   286
2458201.31278935  15 24 45.074   -17 52 37.33   286
2458201.31342593  15 24 45.068   -17 52 37.30   286
2458201.31406250  15 24 45.061   -17 52 37.31   286
2458201.31469907  15 24 45.055   -17 52 37.29   286
2458201.31533565  15 24 45.050   -17 52 37.25   286
2458201.31660880  15 24 45.037   -17 52 37.20   286
2458201.31724537  15 24 45.030   -17 52 37.21   286
2458201.31788194  15 24 45.026   -17 52 37.19   286
2458201.31851852  15 24 45.019   -17 52 37.18   286
2458201.31915509  15 24 45.012   -17 52 37.14   286
2458230.22290509  15 15 22.955   -17 14 17.87   286
2458230.22215278  15 15 22.977   -17 14 17.99   286
2458230.22140046  15 15 22.998   -17 14 18.05   286
2458230.22064815  15 15 23.022   -17 14 18.19   286
2458230.21989583  15 15 23.043   -17 14 18.22   286
2458230.21913194  15 15 23.067   -17 14 18.38   286
2458230.21817130  15 15 23.094   -17 14 18.51   286
2458230.21741898  15 15 23.118   -17 14 18.54   286
2458230.21666667  15 15 23.139   -17 14 18.67   286
2458230.21590278  15 15 23.162   -17 14 18.77   286
2458231.23609954  15 14 53.529   -17 12 02.64   286
2458231.23534722  15 14 53.551   -17 12 02.76   286
2458231.23459491  15 14 53.576   -17 12 02.86   286
2458231.23384259  15 14 53.598   -17 12 02.96   286
2458231.23309028  15 14 53.619   -17 12 03.06   286
2458231.23233796  15 14 53.642   -17 12 03.15   286
2458231.23158565  15 14 53.666   -17 12 03.25   286
2458231.23083333  15 14 53.689   -17 12 03.34   286
2458231.23008102  15 14 53.711   -17 12 03.49   286
2458231.22931713  15 14 53.734   -17 12 03.58   286
2458232.20208333  15 14 25.047   -17 09 50.61   286
2458232.20133102  15 14 25.070   -17 09 50.70   286
2458232.20057870  15 14 25.092   -17 09 50.80   286
2458232.19982639  15 14 25.114   -17 09 50.88   286
2458232.19907407  15 14 25.139   -17 09 51.00   286
2458232.19832176  15 14 25.161   -17 09 51.09   286
2458232.19756944  15 14 25.184   -17 09 51.20   286
2458258.15915509  14 59 57.235   -15 56 22.85   286
2458258.15840278  14 59 57.260   -15 56 23.00   286
2458258.15395833  14 59 57.419   -15 56 23.83   286
2458258.15320602  14 59 57.444   -15 56 23.94   286
2458258.15245370  14 59 57.472   -15 56 24.14   286
2458259.14664352  14 59 23.325   -15 53 16.77   286
2458259.14565972  14 59 23.359   -15 53 16.94   286
2458259.14467593  14 59 23.392   -15 53 17.15   286
2458259.14270833  14 59 23.461   -15 53 17.50   286
2458259.14172454  14 59 23.495   -15 53 17.67   286
2458259.14074074  14 59 23.529   -15 53 17.85   286
2458259.13975694  14 59 23.563   -15 53 18.05   286
2458259.13877315  14 59 23.601   -15 53 18.24   286
2458259.13778935  14 59 23.631   -15 53 18.40   286
2458260.14172454  14 58 49.319   -15 50 09.22   286
2458260.14085648  14 58 49.349   -15 50 09.37   286
2458260.13998843  14 58 49.380   -15 50 09.56   286
2458260.13912037  14 58 49.408   -15 50 09.69   286
2458260.13825231  14 58 49.441   -15 50 09.88   286
2458260.13738426  14 58 49.472   -15 50 10.04   286
2458260.13641204  14 58 49.504   -15 50 10.20   286
2458260.13554398  14 58 49.535   -15 50 10.37   286
2458260.13467593  14 58 49.563   -15 50 10.52   286
2458260.13380787  14 58 49.595   -15 50 10.70   286
2458260.13293981  14 58 49.624   -15 50 10.87   286
2458260.13206019  14 58 49.654   -15 50 11.05   286
2458573.41560185  17 31 09.034   -22 13 24.88   286
2458573.41496528  17 31 09.032   -22 13 24.90   286
2458573.41432870  17 31 09.027   -22 13 24.93   286
2458573.41369213  17 31 09.029   -22 13 24.89   286
2458573.41305556  17 31 09.025   -22 13 24.97   286
2458573.41241898  17 31 09.025   -22 13 24.94   286
2458573.41114583  17 31 09.020   -22 13 24.94   286
2458573.41050926  17 31 09.018   -22 13 24.93   286
2458573.40986111  17 31 09.014   -22 13 24.96   286
2458573.40858796  17 31 09.013   -22 13 24.95   286
2458573.40795139  17 31 09.011   -22 13 24.95   286
2458573.37385417  17 31 08.893   -22 13 25.16   286
2458573.37321759  17 31 08.889   -22 13 25.15   286
2458573.37194444  17 31 08.889   -22 13 25.08   286
2458573.37130787  17 31 08.884   -22 13 25.09   286
2458573.37067130  17 31 08.881   -22 13 25.16   286
2458573.37003472  17 31 08.881   -22 13 25.21   286
2458573.36938657  17 31 08.877   -22 13 25.13   286
2458573.36875000  17 31 08.877   -22 13 25.18   286
2458583.36175926  17 31 14.216   -22 13 04.27   286
2458583.36115741  17 31 14.220   -22 13 04.24   286
2458583.36055556  17 31 14.224   -22 13 04.26   286
2458583.35995370  17 31 14.225   -22 13 04.28   286
2458583.35875000  17 31 14.230   -22 13 04.30   286
2458583.35814815  17 31 14.232   -22 13 04.27   286
2458583.35754630  17 31 14.234   -22 13 04.28   286
2458583.35694444  17 31 14.237   -22 13 04.27   286
2458583.35634259  17 31 14.240   -22 13 04.24   286
2458583.35574074  17 31 14.240   -22 13 04.23   286
2458583.35513889  17 31 14.243   -22 13 04.25   286
2458583.35453704  17 31 14.246   -22 13 04.23   286
2458583.35394676  17 31 14.249   -22 13 04.22   286
2458583.35333333  17 31 14.252   -22 13 04.22   286
2458585.35598380  17 31 06.842   -22 13 08.57   286
2458585.35526620  17 31 06.847   -22 13 08.58   286
2458585.35454861  17 31 06.849   -22 13 08.56   286
2458585.35372685  17 31 06.852   -22 13 08.58   286
2458585.35229167  17 31 06.861   -22 13 08.58   286
2458585.35157407  17 31 06.862   -22 13 08.56   286
2458605.24561343  17 27 28.661   -22 16 05.01   286
2458605.24489583  17 27 28.672   -22 16 04.98   286
2458605.24417824  17 27 28.685   -22 16 05.01   286
2458605.24346065  17 27 28.698   -22 16 04.96   286
2458605.24275463  17 27 28.712   -22 16 05.02   286
2458605.24203704  17 27 28.722   -22 16 04.99   286
2458605.24131944  17 27 28.738   -22 16 04.94   286
2458605.24060185  17 27 28.748   -22 16 04.98   286
2458605.23987269  17 27 28.763   -22 16 04.97   286
2458605.23684028  17 27 28.816   -22 16 04.84   286
2458605.23500000  17 27 28.849   -22 16 04.84   286
2458605.23371528  17 27 28.874   -22 16 04.80   286
2458605.23133102  17 27 28.916   -22 16 04.76   286
2458605.22979167  17 27 28.942   -22 16 04.77   286
2458605.22866898  17 27 28.964   -22 16 04.70   286
2458605.22729167  17 27 28.984   -22 16 04.69   286
2458605.22596065  17 27 29.014   -22 16 04.70   286
2458606.25637731  17 27 10.986   -22 16 19.08   286
2458606.25478009  17 27 11.015   -22 16 19.07   286
2458606.25378472  17 27 11.034   -22 16 19.04   286
2458606.25259259  17 27 11.055   -22 16 18.99   286
2458606.25140046  17 27 11.079   -22 16 19.05   286
2458606.24835648  17 27 11.135   -22 16 18.99   286
2458606.24687500  17 27 11.160   -22 16 18.92   286
2458606.24357639  17 27 11.222   -22 16 18.84   286
2458606.24241898  17 27 11.242   -22 16 18.85   286
2458606.24106481  17 27 11.268   -22 16 18.81   286
2458606.23898148  17 27 11.307   -22 16 18.83   286
2458606.23827546  17 27 11.320   -22 16 18.77   286
2458606.23755787  17 27 11.332   -22 16 18.76   286
2458606.23684028  17 27 11.346   -22 16 18.78   286
2458606.23370370  17 27 11.404   -22 16 18.72   286
2458606.23297454  17 27 11.417   -22 16 18.69   286
2458606.23053241  17 27 11.464   -22 16 18.67   286
2458606.22981481  17 27 11.475   -22 16 18.64   286
2458606.22909722  17 27 11.489   -22 16 18.63   286
2458607.24875000  17 26 53.084   -22 16 33.23   286
2458607.24696759  17 26 53.118   -22 16 33.19   286
2458607.24572917  17 26 53.144   -22 16 33.16   286
2458607.24438657  17 26 53.166   -22 16 33.12   286
2458607.24296296  17 26 53.192   -22 16 33.13   286
2458607.24150463  17 26 53.223   -22 16 33.10   286
2458607.23979167  17 26 53.254   -22 16 33.09   286
2458607.23829861  17 26 53.282   -22 16 33.01   286
2458607.23423611  17 26 53.361   -22 16 32.96   286
2458607.23348380  17 26 53.376   -22 16 32.95   286
2458607.23273148  17 26 53.387   -22 16 32.93   286
2458607.23197917  17 26 53.401   -22 16 32.95   286
2458607.23122685  17 26 53.418   -22 16 32.89   286
2458607.23047454  17 26 53.430   -22 16 32.93   286
2458607.22972222  17 26 53.444   -22 16 32.93   286
2458607.22896991  17 26 53.458   -22 16 32.91   286
2458607.22821759  17 26 53.473   -22 16 32.88   286
2458607.22744213  17 26 53.488   -22 16 32.85   286
2459113.01327546  19 10 40.080   -22 37 52.08   286
2459113.01252315  19 10 40.077   -22 37 52.07   286
2459113.01177083  19 10 40.073   -22 37 52.04   286
2459113.01101852  19 10 40.069   -22 37 52.03   286
2459113.01026620  19 10 40.064   -22 37 52.02   286
2459113.00951389  19 10 40.061   -22 37 51.98   286
2459113.00876157  19 10 40.058   -22 37 51.97   286
2459113.00800926  19 10 40.054   -22 37 51.97   286
2459113.00725694  19 10 40.052   -22 37 51.97   286
2459113.00575231  19 10 40.043   -22 37 51.90   286
2459113.00500000  19 10 40.038   -22 37 51.87   286
2459113.00423611  19 10 40.034   -22 37 51.86   286
2459113.00348380  19 10 40.031   -22 37 51.85   286
2459113.00273148  19 10 40.026   -22 37 51.83   286
2459114.06232639  19 10 46.740   -22 38 18.31   286
2459114.06157407  19 10 46.734   -22 38 18.31   286
2459114.06082176  19 10 46.729   -22 38 18.26   286
2459114.06006944  19 10 46.727   -22 38 18.26   286
2459114.05931713  19 10 46.721   -22 38 18.22   286
2459114.05856481  19 10 46.716   -22 38 18.25   286
2459114.05781250  19 10 46.712   -22 38 18.21   286
2459114.05706019  19 10 46.709   -22 38 18.17   286
2459114.05630787  19 10 46.703   -22 38 18.18   286
2459114.05554398  19 10 46.700   -22 38 18.18   286
2459114.05479167  19 10 46.692   -22 38 18.12   286
2459114.05403935  19 10 46.688   -22 38 18.12   286
2459114.05328704  19 10 46.684   -22 38 18.11   286
2459114.05253472  19 10 46.680   -22 38 18.12   286
2459114.05178241  19 10 46.675   -22 38 18.08   286
2459114.05103009  19 10 46.669   -22 38 18.07   286
2459114.05027778  19 10 46.664   -22 38 18.05   286
2459114.04952546  19 10 46.661   -22 38 18.03   286
2459497.10222222  21 42 08.843   -15 20 43.26   286
2459497.09809028  21 42 08.866   -15 20 43.41   286
2459497.09569444  21 42 08.872   -15 20 43.46   286
2459497.09487269  21 42 08.871   -15 20 43.46   286
2459497.09381944  21 42 08.880   -15 20 43.44   286
2459497.09142361  21 42 08.890   -15 20 43.50   286
2459497.09060185  21 42 08.893   -15 20 43.56   286
2459497.08877315  21 42 08.900   -15 20 43.59   286
2459497.08584491  21 42 08.913   -15 20 43.78   286
2459515.02524306  21 42 47.892   -15 01 48.09   286
2459515.02443287  21 42 47.889   -15 01 48.16   286
2459515.02363426  21 42 47.883   -15 01 48.23   286
2459515.02282407  21 42 47.876   -15 01 48.33   286
2459515.02201389  21 42 47.872   -15 01 48.37   286
2459515.02121528  21 42 47.865   -15 01 48.49   286
2459515.02040509  21 42 47.859   -15 01 48.56   286
2459515.01959491  21 42 47.856   -15 01 48.64   286
2459515.01879630  21 42 47.850   -15 01 48.70   286
2459515.01559028  21 42 47.826   -15 01 49.03   286
2459515.01479167  21 42 47.820   -15 01 49.08   286
2459515.01398148  21 42 47.816   -15 01 49.12   286
2459515.01318287  21 42 47.810   -15 01 49.24   286
2459515.01237269  21 42 47.803   -15 01 49.30   286
2459515.01156250  21 42 47.798   -15 01 49.38   286
2459515.01076389  21 42 47.792   -15 01 49.48   286
2459515.00995370  21 42 47.786   -15 01 49.55   286
2459515.00915509  21 42 47.781   -15 01 49.58   286
2459515.00834491  21 42 47.775   -15 01 49.68   286
2459515.00753472  21 42 47.771   -15 01 49.75   286
2459517.01914352  21 43 04.508   -14 58 33.22   286
2459517.01833333  21 43 04.501   -14 58 33.27   286
2459517.01753472  21 43 04.493   -14 58 33.35   286
2459517.01672454  21 43 04.487   -14 58 33.40   286
2459517.01591435  21 43 04.482   -14 58 33.53   286
2459517.01511574  21 43 04.473   -14 58 33.60   286
2459517.01430556  21 43 04.468   -14 58 33.68   286
2459517.01350694  21 43 04.460   -14 58 33.75   286
2459517.01269676  21 43 04.455   -14 58 33.84   286
2459517.01188657  21 43 04.448   -14 58 33.95   286
2459517.01108796  21 43 04.441   -14 58 34.03   286
2459517.01027778  21 43 04.434   -14 58 34.08   286
2459517.00947917  21 43 04.429   -14 58 34.16   286
2459517.00866898  21 43 04.422   -14 58 34.24   286
2459517.00785880  21 43 04.415   -14 58 34.35   286
2459517.00706019  21 43 04.407   -14 58 34.41   286
2459517.00625000  21 43 04.402   -14 58 34.50   286
2459517.00545139  21 43 04.395   -14 58 34.58   286
2459517.00464120  21 43 04.389   -14 58 34.66   286
2459517.00225694  21 43 04.369   -14 58 34.91   286
2457849.27308681  13 09 19.832   -05 15 37.23   O44
2457849.27257176  13 09 19.844   -05 15 37.33   O44
2457849.27205903  13 09 19.856   -05 15 37.39   O44
2457849.27154398  13 09 19.870   -05 15 37.46   O44
2457849.27103125  13 09 19.883   -05 15 37.51   O44
2457849.27051620  13 09 19.897   -05 15 37.59   O44
2457849.27000347  13 09 19.909   -05 15 37.65   O44
2457849.26948727  13 09 19.922   -05 15 37.73   O44
2457849.26897569  13 09 19.936   -05 15 37.77   O44
2457849.26845949  13 09 19.950   -05 15 37.86   O44
2457849.26794676  13 09 19.963   -05 15 37.89   O44
2457849.26743056  13 09 19.975   -05 15 37.98   O44
2457849.26691435  13 09 19.988   -05 15 38.01   O44
2457849.26640162  13 09 20.000   -05 15 38.11   O44
2457849.26588542  13 09 20.013   -05 15 38.15   O44
2457850.26117708  13 08 55.542   -05 13 34.49   O44
2457850.26065972  13 08 55.554   -05 13 34.56   O44
2457850.26014699  13 08 55.565   -05 13 34.66   O44
2457850.25963079  13 08 55.579   -05 13 34.69   O44
2457850.25911806  13 08 55.592   -05 13 34.76   O44
2457850.25860185  13 08 55.604   -05 13 34.84   O44
2457850.25808565  13 08 55.619   -05 13 34.88   O44
2457850.25757292  13 08 55.631   -05 13 34.98   O44
2457850.25705671  13 08 55.644   -05 13 35.03   O44
2457850.25654282  13 08 55.658   -05 13 35.08   O44
2457850.25602662  13 08 55.670   -05 13 35.17   O44
2457850.25551389  13 08 55.683   -05 13 35.25   O44
2457850.25499769  13 08 55.698   -05 13 35.26   O44
2457850.25448380  13 08 55.711   -05 13 35.32   O44
2457850.25327083  13 08 55.740   -05 13 35.52   O44
2457852.27106019  13 08 06.121   -05 09 28.25   O44
2457852.27054398  13 08 06.131   -05 09 28.35   O44
2457852.27002662  13 08 06.144   -05 09 28.36   O44
2457852.26951157  13 08 06.156   -05 09 28.48   O44
2457852.26899769  13 08 06.170   -05 09 28.58   O44
2457852.26848611  13 08 06.184   -05 09 28.54   O44
2457852.26796991  13 08 06.196   -05 09 28.67   O44
2457852.26745718  13 08 06.210   -05 09 28.70   O44
2457852.26694097  13 08 06.221   -05 09 28.78   O44
2457852.26642940  13 08 06.233   -05 09 28.85   O44
2457852.26591204  13 08 06.246   -05 09 28.89   O44
2457852.26539699  13 08 06.259   -05 09 28.98   O44
2457852.26488426  13 08 06.273   -05 09 29.03   O44
2457852.26436806  13 08 06.287   -05 09 29.08   O44
2457852.26317361  13 08 06.317   -05 09 29.26   O44
2458613.29368171  17 24 52.591   -22 18 05.21   O44
2458613.29337616  17 24 52.597   -22 18 05.15   O44
2458613.29306829  17 24 52.605   -22 18 05.19   O44
2458613.29275463  17 24 52.609   -22 18 05.19   O44
2458613.29244676  17 24 52.618   -22 18 05.16   O44
2458613.29183218  17 24 52.632   -22 18 05.16   O44
2458613.29152315  17 24 52.638   -22 18 05.16   O44
2458613.29121759  17 24 52.646   -22 18 05.19   O44
2458613.29091204  17 24 52.652   -22 18 05.12   O44
2458613.29060301  17 24 52.658   -22 18 05.10   O44
2458613.28683333  17 24 52.743   -22 18 05.10   O44
2458218.27231481  15 20 25.761   -17 36 23.45   O44
2458218.27407639  15 20 25.723   -17 36 23.29   O44
2458218.27492477  15 20 25.705   -17 36 23.21   O44
2458218.27543866  15 20 25.694   -17 36 23.16   O44
2458218.27595486  15 20 25.681   -17 36 23.13   O44
2458218.27647222  15 20 25.671   -17 36 23.07   O44
2458218.27698495  15 20 25.659   -17 36 23.02   O44
2458218.27749769  15 20 25.647   -17 36 22.98   O44
2458218.27801505  15 20 25.635   -17 36 22.95   O44
2458218.27852894  15 20 25.625   -17 36 22.90   O44
2458218.27904630  15 20 25.613   -17 36 22.84   O44
2458218.27956713  15 20 25.601   -17 36 22.82   O44
2458219.29595139  15 20 03.344   -17 34 50.23   O44
2458219.29555093  15 20 03.353   -17 34 50.28   O44
2458219.29515278  15 20 03.361   -17 34 50.31   O44
2458219.29449421  15 20 03.376   -17 34 50.35   O44
2458219.29314931  15 20 03.408   -17 34 50.49   O44
2458222.27519329  15 18 54.161   -17 29 56.77   O44
2458222.27479630  15 18 54.169   -17 29 56.75   O44
2458222.27439583  15 18 54.181   -17 29 56.83   O44
2458222.27359954  15 18 54.200   -17 29 56.92   O44
2458223.27885880  15 18 29.548   -17 28 10.53   O44
2458223.27845833  15 18 29.560   -17 28 10.63   O44
2458223.27805324  15 18 29.570   -17 28 10.65   O44
2458223.27765509  15 18 29.580   -17 28 10.67   O44
2458223.27725000  15 18 29.590   -17 28 10.68   O44
2458223.27659838  15 18 29.606   -17 28 10.79   O44
2458614.31176157  17 24 30.490   -22 18 21.45   O44
2458614.31143866  17 24 30.497   -22 18 21.44   O44
2458614.31113310  17 24 30.504   -22 18 21.45   O44
2458614.31082407  17 24 30.511   -22 18 21.42   O44
2458614.31051968  17 24 30.517   -22 18 21.42   O44
2458614.31021065  17 24 30.526   -22 18 21.44   O44
2458614.30990509  17 24 30.532   -22 18 21.41   O44
2458614.30959722  17 24 30.540   -22 18 21.45   O44
2458614.30929167  17 24 30.547   -22 18 21.41   O44
2458614.30892593  17 24 30.555   -22 18 21.39   O44
2458614.30746759  17 24 30.588   -22 18 21.39   O44
2458616.29893750  17 23 46.021   -22 18 53.71   O44
2458616.29862847  17 23 46.029   -22 18 53.72   O44
2458616.29832292  17 23 46.034   -22 18 53.70   O44
2458616.29801505  17 23 46.043   -22 18 53.70   O44
2458616.29770949  17 23 46.048   -22 18 53.73   O44
2458616.29740162  17 23 46.057   -22 18 53.69   O44
2458616.29709606  17 23 46.063   -22 18 53.65   O44
2458616.29678704  17 23 46.071   -22 18 53.67   O44
2458616.29648264  17 23 46.078   -22 18 53.67   O44
2458616.29617361  17 23 46.086   -22 18 53.66   O44
2458617.30659491  17 23 22.798   -22 19 10.25   O44
2458617.30629051  17 23 22.805   -22 19 10.25   O44
2458617.30598148  17 23 22.811   -22 19 10.26   O44
2458617.30566898  17 23 22.821   -22 19 10.24   O44
2458617.30535995  17 23 22.828   -22 19 10.24   O44
2458617.30505556  17 23 22.835   -22 19 10.22   O44
2458617.30474653  17 23 22.842   -22 19 10.24   O44
2458617.30444213  17 23 22.849   -22 19 10.24   O44
2458617.30413310  17 23 22.858   -22 19 10.23   O44
2458617.30382755  17 23 22.864   -22 19 10.25   O44
2458618.31265509  17 22 59.189   -22 19 26.89   O44
2458618.31235069  17 22 59.196   -22 19 26.90   O44
2458618.31204167  17 22 59.204   -22 19 26.87   O44
2458618.31173611  17 22 59.210   -22 19 26.90   O44
2458618.31142708  17 22 59.218   -22 19 26.91   O44
2458618.31112269  17 22 59.225   -22 19 26.91   O44
2458618.31081829  17 22 59.233   -22 19 26.83   O44
2458618.31050926  17 22 59.240   -22 19 26.87   O44
2458618.31020139  17 22 59.247   -22 19 26.86   O44
2458618.30989583  17 22 59.257   -22 19 26.84   O44
2458619.30802199  17 22 35.437   -22 19 43.47   O44
2458619.30771296  17 22 35.444   -22 19 43.49   O44
2458619.30740741  17 22 35.452   -22 19 43.45   O44
2458619.30709954  17 22 35.459   -22 19 43.48   O44
2458619.30679398  17 22 35.467   -22 19 43.46   O44
2458619.30648495  17 22 35.475   -22 19 43.47   O44
2458619.30617940  17 22 35.481   -22 19 43.44   O44
2458619.30587037  17 22 35.489   -22 19 43.42   O44
2458619.30556481  17 22 35.496   -22 19 43.44   O44
2458619.30525694  17 22 35.504   -22 19 43.40   O44
2458619.30444560  17 22 35.525   -22 19 43.38   O44
2458619.30367361  17 22 35.545   -22 19 43.39   O44
2459513.99779888  21 42 40.306   -15 03 23.62   O44
2459513.99739147  21 42 40.301   -15 03 23.70   O44
2459513.99698406  21 42 40.297   -15 03 23.68   O44
2459513.99657666  21 42 40.299   -15 03 23.66   O44
2459513.99616926  21 42 40.293   -15 03 23.78   O44
2459513.99410097  21 42 40.282   -15 03 23.94   O44
2459514.00105698  21 42 40.325   -15 03 23.32   O44
2459514.00064957  21 42 40.322   -15 03 23.37   O44
2459514.00024218  21 42 40.320   -15 03 23.36   O44
2459513.99983475  21 42 40.318   -15 03 23.42   O44
2459513.99942734  21 42 40.315   -15 03 23.48   O44
2459513.99901995  21 42 40.312   -15 03 23.49   O44
2459513.99861368  21 42 40.311   -15 03 23.52   O44
2459513.99820627  21 42 40.307   -15 03 23.55   O44
2459514.00187178  21 42 40.330   -15 03 23.25   O44
2459514.00146438  21 42 40.328   -15 03 23.25   O44
2459515.07453152  21 42 48.247   -15 01 43.46   O44
2459515.07412527  21 42 48.243   -15 01 43.51   O44
2459515.07371786  21 42 48.239   -15 01 43.50   O44 
2459515.06899449  21 42 48.207   -15 01 43.97   O44
2459515.07738221  21 42 48.267   -15 01 43.12   O44
2459515.07697480  21 42 48.263   -15 01 43.22   O44
2459515.07656855  21 42 48.259   -15 01 43.25   O44
2459515.07616114  21 42 48.257   -15 01 43.30   O44
2459515.07575374  21 42 48.253   -15 01 43.34   O44
2459515.07534632  21 42 48.252   -15 01 43.38   O44
2459515.07493892  21 42 48.247   -15 01 43.40   O44
2459516.01761711  21 42 55.871   -15 00 12.69   O44
2459516.01726699  21 42 55.867   -15 00 12.71   O44
2459516.01691802  21 42 55.864   -15 00 12.76   O44
2459516.01656848  21 42 55.863   -15 00 12.80   O44
2459516.01621896  21 42 55.860   -15 00 12.84   O44
2459516.01936477  21 42 55.883   -15 00 12.52   O44
2459516.01901524  21 42 55.882   -15 00 12.55   O44
2459516.01866455  21 42 55.878   -15 00 12.58   O44
2459516.01831617  21 42 55.875   -15 00 12.62   O44
2459516.01796721  21 42 55.873   -15 00 12.64   O44
2459516.02111248  21 42 55.896   -15 00 12.33   O44
2459516.02076235  21 42 55.893   -15 00 12.37   O44
2459516.02041222  21 42 55.892   -15 00 12.41   O44
2459516.02006387  21 42 55.889   -15 00 12.48   O44
2459516.01971431  21 42 55.886   -15 00 12.48   O44
2459517.03471779  21 43 04.642   -14 58 31.65   O44
2459517.03436826  21 43 04.637   -14 58 31.67   O44
2459517.03321318  21 43 04.626   -14 58 31.80   O44
2459517.03611363  21 43 04.650   -14 58 31.55   O44
2459517.03576524  21 43 04.651   -14 58 31.54   O44
2459517.03541571  21 43 04.647   -14 58 31.59   O44
2459517.03506733  21 43 04.642   -14 58 31.60   O44
2459517.03751178  21 43 04.666   -14 58 31.34   O44
2459517.03716224  21 43 04.661   -14 58 31.42   O44
2459517.03681212  21 43 04.657   -14 58 31.40   O44
2459517.03646200  21 43 04.656   -14 58 31.47   O44
2459518.01528384  21 43 13.715   -14 56 51.22   O44
2459518.01832897  21 43 13.740   -14 56 50.91   O44
2459518.01792156  21 43 13.738   -14 56 50.97   O44
2459518.01751416  21 43 13.734   -14 56 50.98   O44
2459518.01710676  21 43 13.730   -14 56 51.04   O44
2459518.01669933  21 43 13.726   -14 56 51.04   O44
2459518.01629193  21 43 13.722   -14 56 51.10   O44
2459518.01955002  21 43 13.751   -14 56 50.77   O44
2459518.01914378  21 43 13.748   -14 56 50.82   O44
2459518.01873638  21 43 13.745   -14 56 50.84   O44
2458753.00604051  17 07 46.319   -22 51 53.21   O49
2458753.00548843  17 07 46.300   -22 51 53.21   O49
2458753.00933681  17 07 46.421   -22 51 53.26   O49
2458753.00878819  17 07 46.405   -22 51 53.26   O49
2458753.00823958  17 07 46.383   -22 51 53.31   O49
2458753.00768982  17 07 46.368   -22 51 53.27   O49
2458753.00659144  17 07 46.337   -22 51 53.22   O49
2458755.00789005  17 08 49.835   -22 52 18.89   O49
2458755.01119329  17 08 49.941   -22 52 18.95   O49
2458755.01063773  17 08 49.923   -22 52 18.92   O49
2458755.01008796  17 08 49.903   -22 52 18.94   O49
2458755.00954398  17 08 49.888   -22 52 18.90   O49
2458755.00899190  17 08 49.871   -22 52 18.89   O49
2458755.00843981  17 08 49.851   -22 52 18.89   O49
2458755.01230093  17 08 49.974   -22 52 18.90   O49
2458755.01174653  17 08 49.955   -22 52 18.94   O49
2458756.01208449  17 09 22.430   -22 52 31.26   O49
2458756.01153472  17 09 22.412   -22 52 31.24   O49
2458756.01098611  17 09 22.394   -22 52 31.20   O49
2458756.01042940  17 09 22.376   -22 52 31.26   O49
2458756.00988079  17 09 22.359   -22 52 31.24   O49
2458756.01427778  17 09 22.500   -22 52 31.24   O49
2458756.01372917  17 09 22.483   -22 52 31.25   O49
2458756.01318056  17 09 22.464   -22 52 31.26   O49
2458756.01263194  17 09 22.448   -22 52 31.24   O49
2458759.02410648  17 11 03.067   -22 53 06.26   O49
2458759.02321296  17 11 03.038   -22 53 06.24   O49
2458759.02231250  17 11 03.005   -22 53 06.24   O49
2458971.39772454  19 56 42.748   -21 19 53.22   O49
2458971.39694097  19 56 42.739   -21 19 53.23   O49
2458971.39616319  19 56 42.729   -21 19 53.22   O49
2458971.39538079  19 56 42.717   -21 19 53.26   O49
2458971.40163773  19 56 42.805   -21 19 53.00   O49
2458971.40085301  19 56 42.795   -21 19 53.11   O49
2458971.40006944  19 56 42.783   -21 19 53.13   O49
2458971.39928819  19 56 42.767   -21 19 53.15   O49
2458971.39851157  19 56 42.760   -21 19 53.15   O49
2458971.40242361  19 56 42.817   -21 19 52.99   O49
2458975.36056597  19 57 35.887   -21 17 45.76   O49
2458975.35978241  19 57 35.879   -21 17 45.80   O49
2458975.36524884  19 57 35.939   -21 17 45.60   O49
2458975.36446759  19 57 35.932   -21 17 45.61   O49
2458975.36368981  19 57 35.928   -21 17 45.65   O49
2458975.36291204  19 57 35.916   -21 17 45.64   O49
2458975.36212616  19 57 35.908   -21 17 45.67   O49
2458975.36134606  19 57 35.902   -21 17 45.74   O49
2458975.36602662  19 57 35.951   -21 17 45.61   O49
2458977.35614005  19 57 57.884   -21 16 48.96   O49
2458977.35536343  19 57 57.875   -21 16 49.01   O49
2458977.35458681  19 57 57.865   -21 16 48.99   O49
2458977.35380671  19 57 57.858   -21 16 49.03   O49
2458977.36081366  19 57 57.923   -21 16 48.94   O49
2458977.36003704  19 57 57.920   -21 16 48.87   O49
2458977.35925579  19 57 57.908   -21 16 48.95   O49
2458977.35847338  19 57 57.904   -21 16 48.90   O49
2458980.35736458  19 58 24.803   -21 15 33.29   O49
2458980.35657755  19 58 24.804   -21 15 33.32   O49
2458980.35579282  19 58 24.794   -21 15 33.32   O49
2458980.35423148  19 58 24.784   -21 15 33.41   O49
2458980.36048264  19 58 24.825   -21 15 33.24   O49
2458980.35969907  19 58 24.824   -21 15 33.27   O49
2458980.35891551  19 58 24.817   -21 15 33.27   O49
2458980.35814005  19 58 24.808   -21 15 33.28   O49
2458980.36126273  19 58 24.836   -21 15 33.20   O49
2458984.32647801  19 58 48.806   -21 14 11.53   O49
2458984.32570255  19 58 48.801   -21 14 11.50   O49
2458984.33194444  19 58 48.824   -21 14 11.43   O49
2458984.33116319  19 58 48.820   -21 14 11.47   O49
2458984.33038079  19 58 48.817   -21 14 11.45   O49
2458984.32959838  19 58 48.816   -21 14 11.43   O49
2458984.32803472  19 58 48.808   -21 14 11.48   O49
2458984.33271991  19 58 48.827   -21 14 11.43   O49
2458985.30235648  19 58 52.645   -21 13 54.65   O49
2458985.30704167  19 58 52.658   -21 13 54.58   O49
2458985.30626273  19 58 52.657   -21 13 54.59   O49
2458985.30470486  19 58 52.648   -21 13 54.62   O49
2458985.30392824  19 58 52.652   -21 13 54.60   O49
2458985.30314120  19 58 52.650   -21 13 54.62   O49
2458985.30939236  19 58 52.667   -21 13 54.51   O49
2458985.30861111  19 58 52.659   -21 13 54.53   O49
2458985.30782523  19 58 52.660   -21 13 54.52   O49
