06  2011 11 28.91933  01 57 28.40  +10 28 58.9   J43  79139     14.4
06  2011 11 28.93851  01 57 27.93  +10 28 55.6   J43  79139     14.4
06  2011 11 28.95272  01 57 27.58  +10 28 53.3   J43  79139     14.4
06  2012 02 04.096763 02 01 46.839 +10 47 49.50  673  78326
06  2012 02 04.102383 02 01 47.009 +10 47 50.54  673  78326
07  2012 02 04.109364 02 03 06.199 +11 42 14.31  673  78326
07  2012 02 04.117749 02 03 06.402 +11 42 15.12  673  78326
08  1914 08 01.41674  21 22 10.61  -15 27 46.9   662  AJ031
08  1987 09 22.64369  01 36 34.51  +08 05 36.6   381  AJ101
08  2010 11 02.57703  23 45 05.08  -04 02 26.1   E10  79971     17.3
08  2010 11 02.57973  23 45 05.06  -04 02 26.2   E10  79971     17.5
08  2010 11 02.58131  23 45 05.04  -04 02 26.3   E10  79971     17.6
08  2011 07 20.37388  02 13 01.39  +12 39 14.5   809  80114     17.4
08  2011 07 20.40656  02 13 02.17  +12 39 19.0   809  80114     17.6
08  2011 11 29.12954  01 46 16.03  +10 55 02.2   704  79139     17.4
08  2011 11 29.14241  01 46 15.73  +10 54 59.6   704  79139     19.4
08  2011 11 29.15533  01 46 15.50  +10 54 57.3   704  79140     18.8
08  2011 11 29.16854  01 46 15.23  +10 54 57.4   704  79140     19.3
08  2011 11 29.18160  01 46 14.87  +10 54 55.9   704  79140     18.8
08  2012 02 16.10121  02 01 49.31  +12 32 01.6   704  78327     17.9
08  2012 02 16.11327  02 01 49.80  +12 32 04.5   704  78327     18.4
08  2012 02 16.12530  02 01 50.28  +12 32 06.9   704  78327     17.8
08  2012 02 16.13733  02 01 50.76  +12 32 10.3   704  78327     18.0
09  2010 11 02.56578  23 50 10.43  -03 45 46.7   E10  79971     18.2
09  2010 11 02.56870  23 50 10.39  -03 45 46.9   E10  79971     18.2
09  2011 07 20.36735  02 17 09.53  +12 40 13.4   809  80114     18.6
09  2011 07 20.37052  02 17 09.62  +12 40 13.9   809  80114     18.5
09  2011 07 20.41614  02 17 10.81  +12 40 20.7   809  80114     18.6
09  2011 11 28.91933  01 57 40.45  +11 11 57.8   J43  79140     17.3
09  2011 11 28.93851  01 57 40.17  +11 11 54.9   J43  79140     17.3
09  2011 11 28.95272  01 57 39.88  +11 11 53.9   J43  79140     17.3
11  2011 11 29.13047  01 53 09.06  +09 21 52.6   704  79140     17.6
11  2011 11 29.14335  01 53 08.85  +09 21 50.6   704  79140     18.7
11  2011 11 29.15626  01 53 08.48  +09 21 50.8   704  79140     18.1
11  2011 11 29.16947  01 53 08.25  +09 21 49.4   704  79140     18.7
11  2011 11 29.18263  01 53 08.10  +09 21 47.5   704  79140     18.4
13  2011 11 26.91631  01 57 33.10  +10 43 59.7   J43  79140
13  2011 11 26.93044  01 57 32.84  +10 43 58.1   J43  79140
13  2011 11 26.94456  01 57 32.60  +10 43 56.2   J43  79140
13  2011 11 27.54290  01 57 23.24  +10 42 50.5   E07  79140     19.9
13  2011 11 27.54949  01 57 23.15  +10 42 49.8   E07  79140     19.9
