  7 2013 01  5   4 46 10.0   4 19  3.7354   20 11 41.401  0.000  0.530  NOFS/0.2/Tyc-2
  7 2013 11  2  12  4 33.0   7 24 11.7510   21 38 45.973  0.000  0.429  NOFS/0.2/Tyc-2
  7 2013 11  3  12  0 43.0   7 24 16.7741   21 39  4.977  0.000  0.430  NOFS/0.2/Tyc-2
  6 2013 01  5   4 50 44.0   4 23 34.9452   21 14 59.717  0.000  0.491  NOFS/0.2/Tyc-2
  6 2013 01 12   4 20 57.0   4 21 59.7044   21 16 17.779  0.000  0.482  NOFS/0.2/Tyc-2
  6 2013 01 12   4 23 53.0   4 21 59.6982   21 16 17.692  0.000  0.482  NOFS/0.2/Tyc-2
  6 2013 01 15   4 11 25.0   4 21 28.5480   21 16 52.013  0.000  0.479  NOFS/0.2/Tyc-2
  6 2013 01 18   3 58 37.0   4 21  3.4961   21 17 27.326  0.000  0.475  NOFS/0.2/Tyc-2
  6 2013 01 19   3 54 34.0   4 20 56.5253   21 17 39.396  0.000  0.474  NOFS/0.2/Tyc-2
  6 2013 01 20   3 50 32.0   4 20 50.2354   21 17 51.487  0.000  0.472  NOFS/0.2/Tyc-2
  6 2013 01 31   3  6 46.0   4 20 27.7715   21 20 27.909  0.000  0.457  NOFS/0.2/Tyc-2
  6 2013 02  1   3  2 25.0   4 20 30.0167   21 20 44.510  0.000  0.456  NOFS/0.2/Tyc-2
  6 2013 02  2   2 58 32.0   4 20 32.9801   21 21  1.915  0.000  0.454  NOFS/0.2/Tyc-2
  6 2013 02  3   2 54 31.0   4 20 36.7095   21 21 19.503  0.000  0.453  NOFS/0.2/Tyc-2
  6 2013 02  5   2 47 33.0   4 20 46.2441   21 21 56.558  0.000  0.450  NOFS/0.2/Tyc-2
  6 2013 02  6   2 43 43.0   4 20 52.1360   21 22 15.900  0.000  0.448  NOFS/0.2/Tyc-2
  6 2013 02  8   2 35 56.0   4 21  6.0464   21 22 56.626  0.000  0.445  NOFS/0.2/Tyc-2
  6 2013 02 13   2 16 56.0   4 21 53.5745   21 24 49.556  0.000  0.438  NOFS/0.2/Tyc-2
  6 2013 02 14   2 13 29.0   4 22  5.2425   21 25 14.213  0.000  0.437  NOFS/0.2/Tyc-2
  6 2013 10 21  12 57 16.0   7 28 57.5379   22 14 11.892  0.000  0.397  NOFS/0.2/Tyc-2
  6 2013 10 23  12 49 42.0   7 29 32.5159   22 12 59.093  0.000  0.401  NOFS/0.2/Tyc-2
  6 2013 10 27  12 35 15.0   7 30 31.9006   22 10 46.329  0.000  0.407  NOFS/0.2/Tyc-2
  6 2013 10 31  12 19 58.0   7 31 16.7916   22  8 48.994  0.000  0.414  NOFS/0.2/Tyc-2
  6 2013 11  2  12 12 59.0   7 31 33.6670   22  7 57.121  0.000  0.417  NOFS/0.2/Tyc-2
  6 2013 11  3  12  9  1.0   7 31 40.6741   22  7 32.941  0.000  0.419  NOFS/0.2/Tyc-2
  6 2013 11  6  11 57 11.0   7 31 55.9908   22  6 28.122  0.000  0.423  NOFS/0.2/Tyc-2
  6 2013 11  7  11 52 34.0   7 31 59.1745   22  6  9.068  0.000  0.425  NOFS/0.2/Tyc-2
  6 2013 11  8  11 48 31.0   7 32  1.4051   22  5 51.227  0.000  0.426  NOFS/0.2/Tyc-2
  6 2013 11  9  11 45 21.0   7 32  2.6449   22  5 34.889  0.000  0.428  NOFS/0.2/Tyc-2
  6 2013 11 10  11 41 26.0   7 32  2.9311   22  5 19.826  0.000  0.429  NOFS/0.2/Tyc-2
  6 2013 11 11  11 36 45.0   7 32  2.2516   22  5  6.362  0.000  0.431  NOFS/0.2/Tyc-2
  6 2013 11 12  11 32 47.0   7 32  0.6066   22  4 53.936  0.000  0.433  NOFS/0.2/Tyc-2
  6 2013 11 14  11 24 58.0   7 31 54.3817   22  4 33.572  0.000  0.435  NOFS/0.2/Tyc-2
  6 2013 11 18  11  9 17.0   7 31 30.2492   22  4  9.517  0.000  0.441  NOFS/0.2/Tyc-2
  6 2013 12  2  10 10 15.0   7 28  4.8568   22  5 45.625  0.000  0.458  NOFS/0.2/Tyc-2
  6 2013 12  6   9 54  2.0   7 26 33.0464   22  7  1.417  0.000  0.462  NOFS/0.2/Tyc-2
  6 2013 12  7   9 49 24.0   7 26  7.9751   22  7 23.086  0.000  0.463  NOFS/0.2/Tyc-2
  6 2013 12 10   9 35 58.0   7 24 47.8519   22  8 35.132  0.000  0.465  NOFS/0.2/Tyc-2
  6 2013 12 11   9 31 52.0   7 24 19.5852   22  9  1.080  0.000  0.466  NOFS/0.2/Tyc-2
  6 2013 12 14   9 18  0.0   7 22 50.3314   22 10 24.346  0.000  0.468  NOFS/0.2/Tyc-2
  6 2013 12 15   9 14  8.0   7 22 19.1667   22 10 54.181  0.000  0.469  NOFS/0.2/Tyc-2
  6 2013 12 16   9  9 41.0   7 21 47.2804   22 11 24.921  0.000  0.469  NOFS/0.2/Tyc-2
  6 2013 12 17   9  5 48.0   7 21 14.7691   22 11 55.949  0.000  0.470  NOFS/0.2/Tyc-2
  6 2013 12 23   8 38 10.0   7 17 47.0730   22 15 16.662  0.000  0.472  NOFS/0.2/Tyc-2
  6 2013 12 24   8 33 38.5   7 17 10.5764   22 15 52.148  0.000  0.472  NOFS/0.2/Tyc-2
  6 2013 12 27   8 20 16.0   7 15 18.3393   22 17 40.613  0.000  0.472  NOFS/0.2/Tyc-2
  6 2013 12 28   8 15 51.0   7 14 40.0913   22 18 17.133  0.000  0.472  NOFS/0.2/Tyc-2
  6 2013 12 31   8  1 14.0   7 12 43.3655   22 20  8.667  0.000  0.472  NOFS/0.2/Tyc-2
  8 2013 01 10   4 24 26.0   4 15 19.2803   19 59  3.273  0.000  0.522  NOFS/0.2/Tyc-2
  8 2013 01 15   4  2 39.0   4 13 46.9393   19 58 19.854  0.000  0.515  NOFS/0.2/Tyc-2
  8 2013 02 13   2  7 22.0   4 12  1.4217   20 12 39.523  0.000  0.465  NOFS/0.2/Tyc-2
  8 2013 11  6  11 49 22.0   7 24 12.9742   23  9 24.595  0.000  0.406  NOFS/0.2/Tyc-2
  8 2013 11  8  11 41 34.0   7 24 17.4042   23 10 19.778  0.000  0.409  NOFS/0.2/Tyc-2
  8 2013 11 14  11 17 52.0   7 24  9.8105   23 13 42.680  0.000  0.414  NOFS/0.2/Tyc-2
  8 2013 12  2  10  3 42.0   7 20 45.4723   23 29 10.479  0.000  0.425  NOFS/0.2/Tyc-2
  8 2013 12  6   9 46  9.0   7 19 25.3915   23 33 29.227  0.000  0.426  NOFS/0.2/Tyc-2
  8 2013 12  7   9 42 10.0   7 19  3.5459   23 34 35.908  0.000  0.426  NOFS/0.2/Tyc-2
  8 2013 12 30   8  0 47.0   7  8 15.7362   24  1 10.331  0.000  0.422  NOFS/0.2/Tyc-2
  8 2013 12 31   7 56 43.5   7  7 43.2886   24  2 16.438  0.000  0.421  NOFS/0.2/Tyc-2
  6 2014 01  3   7 47 54.5   7 10 44.1650   22 22  1.243  0.000  0.472  NOFS/0.2/Tyc-2
  6 2014 01  4   7 43 54.0   7 10  4.0118   22 22 38.598  0.000  0.471  NOFS/0.2/Tyc-2
  6 2014 01  6   7 34 15.0   7  8 43.3746   22 23 53.137  0.000  0.471  NOFS/0.2/Tyc-2
  6 2014 01  7   7 29 30.0   7  8  2.9169   22 24 30.832  0.000  0.470  NOFS/0.2/Tyc-2
  6 2014 01 10   7 16 17.0   7  6  1.3688   22 26 21.723  0.000  0.469  NOFS/0.2/Tyc-2
  6 2014 01 18   6 38  1.0   7  0 41.4850   22 31  6.303  0.000  0.464  NOFS/0.2/Tyc-2
  6 2014 01 19   6 33  4.0   7  0  2.4850   22 31 39.970  0.000  0.463  NOFS/0.2/Tyc-2
  6 2014 01 20   6 28 55.0   6 59 23.7628   22 32 14.441  0.000  0.462  NOFS/0.2/Tyc-2
  6 2014 01 21   6 24 35.0   6 58 45.3845   22 32 47.394  0.000  0.461  NOFS/0.2/Tyc-2
  6 2014 01 23   6 14 31.0   6 57 29.8003   22 33 53.485  0.000  0.459  NOFS/0.2/Tyc-2
  6 2014 02 13   4 42 48.0   6 46 36.6396   22 43 58.410  0.000  0.434  NOFS/0.2/Tyc-2
  6 2014 02 14   4 37 45.0   6 46 13.8363   22 44 23.515  0.000  0.432  NOFS/0.2/Tyc-2
  6 2014 02 20   4 12 11.0   6 44 15.5928   22 46 53.631  0.000  0.423  NOFS/0.2/Tyc-2
  6 2014 02 25   3 51 46.0   6 43  2.5350   22 48 55.345  0.000  0.416  NOFS/0.2/Tyc-2
  6 2014 03  4   3 22 46.0   6 42  0.9940   22 51 41.559  0.000  0.405  NOFS/0.2/Tyc-2
  6 2014 03  5   3 18 46.0   6 41 56.1435   22 52  5.200  0.000  0.403  NOFS/0.2/Tyc-2
  6 2014 03  6   3 14 55.0   6 41 52.2910   22 52 27.732  0.000  0.401  NOFS/0.2/Tyc-2
  6 2014 03  7   3 10 47.0   6 41 49.4705   22 52 51.672  0.000  0.400  NOFS/0.2/Tyc-2
  6 2014 03 17   2 32 29.0   6 42 14.9296   22 56 37.950  0.000  0.384  NOFS/0.2/Tyc-2
  6 2014 03 19   2 25 30.5   6 42 31.6397   22 57 21.306  0.000  0.381  NOFS/0.2/Tyc-2
  6 2014 03 20   2 20 59.5   6 42 41.4207   22 57 42.668  0.000  0.379  NOFS/0.2/Tyc-2
  8 2014 01  8   7 20 42.0   7  3 21.4243   24 10 31.650  0.000  0.416  NOFS/0.2/Tyc-2
  7 2014 01 26   6  4 41.0   6 57 40.8605   23 20 56.898  0.000  0.415  NOFS/0.2/Tyc-2
  7 2014 02 25   3 57 51.0   6 48 58.3117   23 41 14.477  0.000  0.380  NOFS/0.2/Tyc-2
  7 2014 03  5   3 25 50.0   6 48 19.2834   23 41 54.364  0.000  0.372  NOFS/0.2/Tyc-2
  8 2015 02 13   7  5 42.0   9  9  6.1373   17  5 48.969  0.000  0.637  NOFS/0.2/Tyc-2
  8 2015 02 15   6 56 20.0   9  8  4.0072   17 11 26.294  0.000  0.634  NOFS/0.2/Tyc-2
  8 2015 02 16   6 52 22.0   9  7 33.2963   17 14 12.928  0.000  0.632  NOFS/0.2/Tyc-2
  8 2015 02 17   6 47 56.0   9  7  2.8239   17 16 58.180  0.000  0.630  NOFS/0.2/Tyc-2
  8 2015 02 22   6 25 49.0   9  4 35.1558   17 30 14.834  0.000  0.620  NOFS/0.2/Tyc-2
  8 2015 03 14   4 59 12.0   8 56 45.2168   18 12 51.546  0.000  0.577  NOFS/0.2/Tyc-2
  8 2015 03 24   4 17 25.0   8 54 28.4078   18 26 23.561  0.000  0.557  NOFS/0.2/Tyc-2
  6 2015 02 25   6 21 28.0   9 12 37.4247   17 37 17.624  0.000  0.596  NOFS/0.2/Tyc-2
  6 2015 03  5   5 48 29.0   9  9 56.3318   17 48  5.675  0.000  0.583  NOFS/0.2/Tyc-2
  6 2015 03  6   5 44  6.0   9  9 37.9260   17 49 12.544  0.000  0.582  NOFS/0.2/Tyc-2
  6 2015 03  7   5 37 15.0   9  9 20.0035   17 50 14.424  0.000  0.580  NOFS/0.2/Tyc-2
  6 2015 03  8   5 35 47.0   9  9  2.4529   17 51 15.745  0.000  0.578  NOFS/0.2/Tyc-2
  6 2015 03  9   5 31 35.0   9  8 45.3822   17 52 12.906  0.000  0.577  NOFS/0.2/Tyc-2
  6 2015 03 10   5 26 56.0   9  8 28.7912   17 53  6.472  0.000  0.575  NOFS/0.2/Tyc-2
  6 2015 03 14   5 10 11.0   9  7 27.1408   17 56  8.835  0.000  0.569  NOFS/0.2/Tyc-2
  6 2015 03 16   5  1 43.0   9  6 59.3451   17 57 19.783  0.000  0.566  NOFS/0.2/Tyc-2
  6 2015 03 17   4 57  0.0   9  6 46.2264   17 57 50.841  0.000  0.565  NOFS/0.2/Tyc-2
  6 2015 03 21   4 41 38.0   9  5 59.2300   17 59 20.951  0.000  0.559  NOFS/0.2/Tyc-2
  6 2015 03 22   4 36 32.0   9  5 48.9090   17 59 35.191  0.000  0.558  NOFS/0.2/Tyc-2
  6 2015 03 24   4 29 21.0   9  5 29.9843   17 59 53.787  0.000  0.555  NOFS/0.2/Tyc-2
  6 2015 03 26   4 19 55.0   9  5 13.4235   18  0  0.279  0.000  0.552  NOFS/0.2/Tyc-2
  6 2015 03 28   4 11 58.0   9  4 59.2747   17 59 53.340  0.000  0.550  NOFS/0.2/Tyc-2
  6 2015 04  2   3 52 28.0   9  4 34.4753   17 58 40.750  0.000  0.543  NOFS/0.2/Tyc-2
  6 2015 04  3   3 48 21.0   9  4 31.4311   17 58 17.265  0.000  0.542  NOFS/0.2/Tyc-2
  6 2015 04  6   3 36 36.0   9  4 25.8425   17 56 48.236  0.000  0.539  NOFS/0.2/Tyc-2
  6 2015 04  7   3 32 39.0   9  4 25.2233   17 56 12.537  0.000  0.537  NOFS/0.2/Tyc-2
  6 2015 04  8   3 28 52.0   9  4 25.2527   17 55 33.985  0.000  0.536  NOFS/0.2/Tyc-2
  6 2015 04 10   3 21 11.0   9  4 27.1131   17 54  8.212  0.000  0.534  NOFS/0.2/Tyc-2
  6 2015 04 11   3 16 16.0   9  4 28.9930   17 53 20.990  0.000  0.533  NOFS/0.2/Tyc-2
  6 2015 04 12   3 12 23.0   9  4 31.5231   17 52 30.545  0.000  0.532  NOFS/0.2/Tyc-2
  6 2015 04 13   3  9 22.0   9  4 34.6526   17 51 38.128  0.000  0.531  NOFS/0.2/Tyc-2
  6 2015 04 14   3  4 38.0   9  4 38.4099   17 50 41.487  0.000  0.530  NOFS/0.2/Tyc-2
  6 2015 04 16   2 57 38.5   9  4 47.8173   17 48 41.636  0.000  0.528  NOFS/0.2/Tyc-2
  6 2015 04 18   2 50 25.0   9  4 59.7321   17 46 30.400  0.000  0.526  NOFS/0.2/Tyc-2
  7 2015 03 17   4 50 23.0   8 59 39.5663   17 37  2.609  0.000  0.584  NOFS/0.2/Tyc-2
  7 2015 03 21   4 33 27.0   8 58 32.7233   17 42 30.448  0.000  0.574  NOFS/0.2/Tyc-2
