 6 2002 11 08 02 40 41 300  9 20 42.917 +16 33 10.97 -0.29  0.74   94 3 4
 6 2002 11 08 02 57 27 300  9 20 43.202 +16 33 09.77 -0.10  0.70   94 3 4
 6 2002 11 08 03 03 09 300  9 20 43.314 +16 33 09.12  0.18  0.44   94 3 4
 6 2002 11 08 03 08 51 300  9 20 43.392 +16 33 08.99 -0.03  0.70   94 3 4
 6 2002 11 08 03 14 33 300  9 20 43.494 +16 33 08.43  0.11  0.53   94 3 4
 6 2002 11 08 03 20 16 300  9 20 43.583 +16 33 08.08  0.04  0.57   94 3 4
 7 2002 11 08 02 08 52 300  9 21 19.561 +16 26 07.46  0.29  0.92   94 3 4
 7 2002 11 08 02 16 12 350  9 21 19.669 +16 26 06.23  0.38  0.17   94 3 4
 7 2002 11 08 02 23 02 350  9 21 19.770 +16 26 05.82  0.47  0.21   94 3 4
 7 2002 11 08 02 30 52 350  9 21 19.889 +16 26 05.21  0.62  0.11   94 3 4
 8 1999 09 12 21 38 04 300  1 59 25.833 +11 05 29.47 -0.10  0.15  115 1 1
 8 1999 09 12 21 51 04 300  1 59 25.703 +11 05 29.15  0.12  0.38  115 1 1 
 8 1999 09 12 22 24 00 300  1 59 25.348 +11 05 27.84  0.49  0.53  115 1 1
 8 1999 09 12 22 33 04 300  1 59 25.223 +11 05 27.35 -0.02  0.38  115 1 1
 8 1999 09 12 22 53 04 300  1 59 25.006 +11 05 26.31  0.09  0.19  115 1 1
 8 1999 09 12 23 12 04 300  1 59 24.787 +11 05 25.44  0.02  0.15  115 1 1
 8 1999 09 16 22 44 04 300  1 58 17.589 +11 00 49.91 -0.69  0.16  115 1 1
 8 1999 09 16 22 50 00 300  1 58 17.508 +11 00 49.37 -0.54 -0.01  115 1 1
 8 1999 09 16 22 59 04 300  1 58 17.405 +11 00 49.16 -0.52  0.20  115 1 1
 8 1999 09 16 23 06 04 300  1 58 17.312 +11 00 49.10 -0.54  0.51  115 1 1
 8 1999 09 17 22 36 04 300  1 57 59.269 +10 59 33.20 -0.12  0.44  115 1 1
 8 1999 09 17 22 44 04 300  1 57 59.155 +10 59 32.74 -0.21  0.42  115 1 1
 8 1999 09 17 22 54 04 300  1 57 59.037 +10 59 32.26  0.04  0.49  115 1 1
 8 1999 09 19 22 36 04 300  1 57 20.495 +10 56 49.22 -0.21  0.79  115 1 1
 8 1999 09 19 22 43 04 300  1 57 20.402 +10 56 48.75 -0.10  0.73  115 1 1
 8 2000 09 21 21 48 04 300  4 38 19.472 +20 09 32.08  0.38  0.26  115 1 2
 8 2000 09 21 21 58 04 300  4 38 19.481 +20 09 31.91  0.34  0.30  115 1 2
 8 2000 09 21 22 04 04 300  4 38 19.488 +20 09 31.87  0.36  0.38  115 1 2
 8 2000 09 22 22 48 04 180  4 38 20.947 +20 08 58.28  0.15  0.15  115 1 2
 8 2000 09 22 22 54 04 180  4 38 20.942 +20 08 58.13  0.04  0.13  115 1 2
 8 2000 09 24 23 18 34 240  4 38 21.250 +20 07 48.76  0.24  0.27  115 1 2
 8 2000 09 24 23 24 34 240  4 38 21.243 +20 07 48.60  0.21  0.26  115 1 2
 8 2000 09 24 23 29 34 240  4 38 21.243 +20 07 48.44  0.28  0.21  115 1 2
 8 2000 09 28 23 15 14 200  4 38 11.615 +20 05 15.07  0.18  0.35  115 1 2
 8 2000 09 28 23 20 39 250  4 38 11.598 +20 05 15.02  0.19  0.45  115 1 2
 8 2000 09 28 23 26 04 300  4 38 11.580 +20 05 14.55  0.18  0.14  115 1 2
 8 2000 09 28 23 49 04 300  4 38 11.522 +20 05 14.01  0.41  0.23  115 1 2
 8 2000 09 28 23 56 04 300  4 38 11.491 +20 05 13.83  0.30  0.24  115 1 2
 8 2000 10 02 02 16 24 250  4 37 54.519 +20 03 00.30  0.38  0.36  115 1 2
 8 2000 10 02 22 25 14  90  4 37 48.606 +20 02 21.83  0.17  0.33  115 1 2
 8 2000 10 02 22 27 59  60  4 37 48.594 +20 02 21.62  0.23  0.21  115 1 2
 8 2000 10 02 22 32 32  60  4 37 48.564 +20 02 21.62  0.15  0.35  115 1 2
 8 2000 10 02 22 34 33  60  4 37 48.562 +20 02 21.65  0.28  0.44  115 1 2
 8 2000 10 02 22 36 33  60  4 37 48.540 +20 02 21.43  0.13  0.28  115 1 2
 8 2001 08 25 01 24 19 180  6 33 00.807 +23 16 25.65  0.00  0.30   94 3 3
 8 2001 08 25 01 47 09 180  6 33 01.575 +23 16 25.46 -0.14  0.23   94 3 3
 8 2001 08 26 01 10 58 300  6 33 49.445 +23 16 15.08  0.00  0.39   94 3 3
 8 2001 08 26 01 18 31 300  6 33 49.708 +23 16 14.94  0.10  0.30   94 3 3
 8 2001 08 26 01 25 18 300  6 33 49.924 +23 16 14.99 -0.09  0.38   94 3 3
 8 2001 08 28 01 24 07 300  6 35 26.838 +23 15 51.84 -0.13  0.24   94 3 3
 8 2001 08 28 01 31 44 300  6 35 27.090 +23 15 51.95 -0.14  0.40   94 3 3
 8 2001 08 28 01 39 38 300  6 35 27.363 +23 15 51.84  0.00  0.35   94 3 3
 8 2001 09 01 00 25 16 300  6 38 33.768 +23 15 01.31 -0.45  0.54   94 3 3
 8 2001 09 01 00 34 00 300  6 38 34.070 +23 15 01.48 -0.15  0.71   94 3 3
 8 2001 09 01 00 42 45 300  6 38 34.344 +23 15 00.89 -0.25  0.25   94 3 3
 8 2001 09 01 01 48 01 300  6 38 36.433 +23 15 00.26 -0.27  0.12   94 3 3
 8 2001 09 02 00 32 52 300  6 39 20.181 +23 14 47.49  0.09  0.49   94 3 3
 8 2001 09 02 00 42 06 300  6 39 20.471 +23 14 47.29  0.04  0.36   94 3 3
 8 2001 09 02 01 33 20 300  6 39 22.120 +23 14 47.00  0.78  0.45   94 3 3
 8 2001 09 02 01 40 06 300  6 39 22.325 +23 14 46.81  0.23  0.33   94 3 3
 8 2001 09 03 00 29 19 300  6 40 05.683 +23 14 33.67 -0.81  0.65   94 3 3
 8 2001 09 03 00 38 08 300  6 40 05.983 +23 14 33.36 -0.51  0.40   94 3 3
 8 2001 09 03 00 44 25 180  6 40 06.232 +23 14 33.19  0.20  0.29   94 3 3
 8 2002 10 28 01 59 38 300  9 07 29.442 +16 05 16.27  0.33  0.44   94 3 4 
 8 2002 10 28 02 14 46 300  9 07 29.705 +16 05 15.31  0.52  0.62   94 3 4 
 8 2002 10 28 02 30 26 300  9 07 29.953 +16 05 13.77  0.36  0.25   94 3 4 
 8 2002 10 28 02 45 23 200  9 07 30.198 +16 05 12.60  0.34  0.20   94 3 4 
 8 2002 11 07 23 54 48 200  9 11 17.884 +15 48 05.32  1.30  0.84   94 3 4 
 8 2002 11 08 00 02 00 300  9 11 17.915 +15 48 04.33  0.52  0.23   94 3 4
 8 2002 11 08 00 09 02 300  9 11 17.999 +15 48 04.16  0.51  0.44   94 3 4
 8 2002 11 08 00 19 12 350  9 11 18.110 +15 48 02.98  0.36 -0.19   94 3 4
 8 2002 11 08 00 35 55 350  9 11 18.240 +15 48 03.71 -0.64  1.44   94 3 4
 8 2002 11 08 00 43 39 350  9 11 18.384 +15 48 02.57  0.11  0.71   94 3 4
 8 2002 11 08 00 51 50 350  9 11 18.493 +15 48 02.08  0.28  0.66   94 3 4
 8 2002 11 09 00 02 25 300  9 11 35.084 +15 46 46.84  0.20  0.07   94 3 4
 8 2002 11 09 00 10 04 300  9 11 35.153 +15 46 46.52 -0.07  0.15   94 3 4
 8 2002 11 09 00 23 55 350  9 11 35.310 +15 46 45.68 -0.09  0.02   94 3 4
 8 2002 11 09 00 33 14 300  9 11 35.430 +15 46 45.32  0.09  0.14   94 3 4
 8 2002 11 09 00 41 41 300  9 11 35.524 +15 46 44.81  0.06  0.06   94 3 4
 8 2002 11 09 00 47 59 300  9 11 35.598 +15 46 44.72  0.08  0.30   94 3 4
 8 2002 11 09 00 54 13 300  9 11 35.672 +15 46 43.85  0.13 -0.26   94 3 4
 8 2002 11 12 03 04 27 350  9 12 24.471 +15 43 05.47 -0.42  0.26   94 3 4
 8 2002 11 14 23 17 51 300  9 13 03.864 +15 40 11.12 -0.28  0.65   94 3 4
 8 2002 11 14 23 38 36 300  9 13 04.048 +15 40 09.95 -0.24  0.28   94 3 4
 8 2002 11 14 23 48 04 300  9 13 04.164 +15 40 09.87  0.25  0.56   94 3 4
 8 2002 11 14 23 55 22 350  9 13 04.231 +15 40 08.98  0.30 -0.05   94 3 4
 8 2002 11 15 00 04 39 350  9 13 04.293 +15 40 08.96  0.04  0.28   94 3 4
 8 2002 11 15 00 12 49 400  9 13 04.366 +15 40 08.77  0.07  0.41   94 3 4
 8 2002 11 15 00 21 44 400  9 13 04.416 +15 40 08.45 -0.33  0.43   94 3 4
 8 2002 11 15 00 30 47 400  9 13 04.527 +15 40 08.43  0.14  0.75   94 3 4
 8 2002 11 15 00 38 54 400  9 13 04.581 +15 40 07.78 -0.08  0.42   94 3 4
 9 2000 09 24 01 50 24 100  4 37 21.287 +20 24 15.58 -0.12  0.78  115 1 2
 9 2000 09 24 01 53 24 100  4 37 21.279 +20 24 14.91 -0.23  0.14  115 1 2
 9 2000 09 24 23 50 34 240  4 37 21.329 +20 24 04.02 -0.22  0.01  115 1 2
 9 2000 09 24 23 55 34 240  4 37 21.334 +20 24 03.86 -0.10 -0.11  115 1 2
 9 2000 09 25 00 01 34 240  4 37 21.331 +20 24 03.94 -0.09  0.02  115 1 2
 9 2000 09 29 01 57 04 300  4 37 12.749 +20 23 02.25  0.98  0.06  115 1 2
 9 2000 09 29 02 03 04 300  4 37 12.649 +20 23 02.10 -0.16 -0.01  115 1 2
 9 2000 09 29 02 10 04 300  4 37 12.618 +20 23 01.95 -0.30 -0.07  115 1 2
 9 2000 10 02 01 40 24 300  4 36 57.467 +20 22 02.95  0.14  0.25  115 1 2
 9 2000 10 02 01 50 34 300  4 36 57.410 +20 22 02.92  0.04  0.38  115 1 2
 9 2000 10 02 02 00 15 300  4 36 57.443 +20 22 01.82  1.17 -0.57  115 1 2
 9 2001 09 01 00 58 31 300  6 50 50.769 +23 24 43.27  0.66  1.67   94 3 3
 9 2001 09 01 01 07 37 300  6 50 51.059 +23 24 41.83  0.67  0.53   94 3 3
 9 2001 09 02 01 13 03 300  6 51 36.384 +23 23 51.11  0.25  0.22   94 3 3
 9 2001 09 02 01 21 42 300  6 51 36.613 +23 23 50.71 -0.34 -0.09   94 3 3
 9 2001 09 03 01 23 04 300  6 52 21.350 +23 23 00.76 -0.17  0.27   94 3 3
 9 2001 09 03 01 30 19 300  6 52 21.575 +23 23 00.94 -0.17  0.69   94 3 3
 9 2002 10 28 03 16 54 200  9 07 25.803 +16 24 37.81  0.59  0.42   94 3 4
 9 2002 10 28 03 21 45 200  9 07 25.875 +16 24 37.57  0.64  0.45   94 3 4
 9 2002 11 08 01 34 55 300  9 11 38.519 +16 08 16.51  0.58  0.55   94 3 4
 9 2002 11 08 01 44 09 350  9 11 38.647 +16 08 14.70  0.64 -0.80   94 3 4
 9 2002 11 08 01 51 02 350  9 11 38.620 +16 08 15.16 -1.09  0.02   94 3 4
 9 2002 11 08 01 58 07 350  9 11 38.891 +16 08 15.46  1.46  0.68   94 3 4
11 2000 09 21 22 40 04 300  4 39 26.506 +21 30 59.71 -0.31  0.20  115 1 2
11 2000 09 21 22 58 44 500  4 39 26.520 +21 30 59.87 -0.28  0.09  115 1 2
11 2000 09 22 23 41 04 180  4 39 27.327 +21 31 15.20 -0.33  0.24  115 1 2
11 2000 09 22 23 46 04 180  4 39 27.360 +21 31 14.94  0.14 -0.07  115 1 2
11 2000 09 22 23 50 04 180  4 39 27.338 +21 31 15.21 -0.16  0.16  115 1 2
11 2000 09 23 00 10 04 180  4 39 27.377 +21 31 13.87  0.43 -1.39  115 1 2
11 2000 09 23 01 42 04  60  4 39 27.346 +21 31 16.13  0.24 -0.05  115 1 2
11 2000 09 23 01 51 04  60  4 39 27.321 +21 31 16.96 -0.09  0.69  115 1 2
11 2000 09 23 02 02 04  60  4 39 27.244 +21 31 16.90 -1.12  0.53  115 1 2
11 2000 09 23 02 06 04  60  4 39 27.261 +21 31 17.00 -0.87  0.59  115 1 2
11 2000 09 23 02 08 04  60  4 39 27.327 +21 31 17.04  0.05  0.61  115 1 2
11 2000 09 24 00 50 24 100  4 39 27.188 +21 31 28.76 -0.50  0.18  115 1 2
11 2000 09 24 00 53 24 100  4 39 27.215 +21 31 28.84 -0.09  0.24  115 1 2
11 2000 09 24 01 11 24 100  4 39 27.166 +21 31 29.07 -0.58  0.31  115 1 2
11 2000 09 24 21 56 34 120  4 39 26.445 +21 31 38.69 -0.29  0.39  115 1 2
11 2000 09 24 22 05 34 240  4 39 26.447 +21 31 38.60 -0.11  0.21  115 1 2
11 2000 09 24 22 14 34 240  4 39 26.424 +21 31 38.76 -0.28  0.29  115 1 2
11 2000 09 24 22 19 34 240  4 39 26.424 +21 31 38.69 -0.20  0.18  115 1 2
11 2000 09 28 21 31 04 300  4 39 14.338 +21 32 06.78 -0.07  0.27  115 1 2
11 2000 09 28 21 37 04 300  4 39 14.312 +21 32 06.49 -0.15 -0.04  115 1 2
11 2000 09 28 21 47 54 400  4 39 14.287 +21 32 06.82  0.05  0.24  115 1 2
11 2000 09 28 21 55 54 400  4 39 14.215 +21 32 06.66 -0.55  0.05  115 1 2
11 2000 10 03 02 21 43  60  4 38 46.443 +21 32 06.84 -0.04  0.35  115 1 2
11 2000 10 03 02 23 35  60  4 38 46.424 +21 32 07.09 -0.15  0.61  115 1 2
11 2000 10 03 02 25 27  60  4 38 46.421 +21 32 06.56 -0.02  0.07  115 1 2
11 2000 10 03 02 27 18  60  4 38 46.426 +21 32 06.26  0.20 -0.22  115 1 2
11 2001 08 27 01 20 24 300  6 40 08.932 +22 38 40.88 -0.17  0.45   94 3 3
11 2001 08 27 01 37 35 300  6 40 09.540 +22 38 40.61 -0.03  0.81   94 3 3
11 2001 09 01 01 28 16 300  6 44 12.595 +22 34 01.62 -0.24  0.23   94 3 3
11 2001 09 01 01 39 31 300  6 44 12.933 +22 34 01.86 -0.74  0.90   94 3 3
11 2001 09 02 00 53 12 300  6 44 58.829 +22 33 06.52  0.69  0.96   94 3 3
11 2001 09 02 01 00 47 300  6 44 59.066 +22 33 06.17  0.51  0.90   94 3 3
11 2001 09 03 00 59 19 300  6 45 45.889 +22 32 07.33  0.61 -0.44   94 3 3
11 2001 09 03 01 05 55 300  6 45 46.109 +22 32 07.05  0.68 -0.46   94 3 3
11 2001 09 03 01 12 19 180  6 45 46.291 +22 32 07.48  0.30  0.21   94 3 3
12 2000 09 22 00 27 04 300  4 44 27.283 +21 23 32.64  0.19  0.56  115 1 2
12 2000 09 25 00 49 34 240  4 44 58.424 +21 22 39.59 -0.23  0.50  115 1 2
12 2000 09 25 00 56 34 240  4 44 58.460 +21 22 39.50 -0.29  0.50  115 1 2
12 2000 09 25 01 01 34 240  4 44 58.497 +21 22 39.39 -0.19  0.46  115 1 2
12 2000 09 29 00 57 04 300  4 45 27.267 +21 21 04.45 -0.20  0.70  115 1 2
12 2000 09 29 01 02 04 300  4 45 27.313 +21 21 04.37  0.17  0.73  115 1 2
12 2000 09 29 01 09 04 300  4 45 27.327 +21 21 04.03  0.05  0.53  115 1 2
12 2000 10 02 23 06 55  60  4 45 41.571 +21 19 04.18  0.26  0.93  115 1 2
12 2000 10 02 23 08 58  60  4 45 41.524 +21 19 03.63 -0.42  0.43  115 1 2
12 2000 10 02 23 10 59  60  4 45 41.520 +21 19 03.77 -0.50  0.61  115 1 2
12 2000 10 02 23 13 00  60  4 45 41.557 +21 19 03.92  0.02  0.73  115 1 2
12 2000 10 02 23 15 54  60  4 45 41.577 +21 19 04.07  0.27  0.96  115 1 2
12 2000 10 02 23 17 56  60  4 45 41.546 +21 19 03.43 -0.23  0.43  115 1 2
