06  2008 05 21.459146 19 30 41.739 -21 30 16.70  689  67129
06  2008 05 27.441189 19 29 22.173 -21 36 32.07  689  67129
06  2008 05 28.438345 19 29 06.785 -21 37 41.79  689  67130
06  2008 05 30.432745 19 28 34.197 -21 40 06.79  689  67130
06  2008 05 31.429737 19 28 17.061 -21 41 21.79  689  67130
06  2008 06 14.387348 19 23 23.382 -22 01 31.56  689  67130
06  2008 06 16.382464 19 22 34.541 -22 04 42.89  689  67130
06  2008 06 17.378604 19 22 09.634 -22 06 19.39  689  67130
06  2008 06 22.363789 19 20 00.518 -22 14 31.71  689  67130
06  2008 06 23.360545 19 19 33.933 -22 16 11.59  689  67130
06  2008 06 24.357803 19 19 07.065 -22 17 51.87  689  67130
06  2008 06 28.346243 19 17 17.863 -22 24 33.94  689  67130
06  2008 06 29.341873 19 16 50.240 -22 26 14.61  689  67130
06  2008 07 09.312476 19 12 10.804 -22 42 43.95  689  67130
06  2008 07 10.309528 19 11 43.082 -22 44 19.85  689  67130
06  2008 08 28.164509 18 56 45.007 -23 32 44.31  689  67130
06  2008 08 29.161715 18 56 41.229 -23 32 56.83  689  67130
06  2008 09 03.148082 18 56 32.524 -23 33 24.50  689  67130
06  2008 09 04.145767 18 56 32.959 -23 33 23.71  689  67130
06  2008 09 07.137985 18 56 38.304 -23 33 09.12  689  67130
06  2008 09 15.116560 18 57 22.951 -23 30 57.82  689  67130
06  2008 09 17.111096 18 57 40.824 -23 30 04.86  689  67130
06  2008 09 18.108403 18 57 50.843 -23 29 35.49  689  67130
06  2008 09 20.103161 18 58 12.625 -23 28 30.05  689  67130
06  2008 09 21.100574 18 58 24.537 -23 27 54.30  689  67130
06  2008 09 24.092288 18 59 04.065 -23 25 56.92  689  67130
06  2008 09 26.087196 18 59 33.623 -23 24 28.60  689  67130
06  2009 04 16.77796  21 35 42.71  -15 18 37.8   E12  65919     15.8 V
06  2009 04 16.78642  21 35 43.06  -15 18 36.4   E12  65919     15.8 V
06  2009 04 16.79582  21 35 43.45  -15 18 34.8   E12  65919     15.9 V
06  2009 04 16.80438  21 35 43.80  -15 18 33.3   E12  65919     15.9 V
06  2009 06 17.72627  22 00 40.15  -13 19 55.4   415  66450     15.4 V
06  2009 06 17.72742  22 00 40.15  -13 19 55.4   415  66450     15.4 V
06  2009 06 23.472622 22 00 33.946 -13 18 01.05  689  67130
06  2009 06 27.461865 22 00 11.963 -13 17 57.63  689  67130
06  2009 06 29.456197 21 59 55.513 -13 18 21.06  689  67130
06  2009 07 04.71711  21 58 54.81  -13 20 40.2   415  66685     15.1 V
06  2009 07 04.71788  21 58 54.79  -13 20 40.2   415  66685     14.9 V
06  2009 07 05.67913  21 58 41.04  -13 21 18.9   415  66685     14.2 V
06  2009 07 05.67990  21 58 41.03  -13 21 19.0   415  66685     14.4 V
06  2009 07 12.39792  21 56 42.02  -13 27 42.1   691  66685
06  2009 07 12.41558  21 56 41.65  -13 27 43.4   691  66685
06  2009 07 12.43967  21 56 41.13  -13 27 45.3   691  66685
06  2009 07 16.06192  21 55 21.05  -13 32 32.3   J75  66685     14.6 V
06  2009 07 16.07420  21 55 20.75  -13 32 33.4   J75  66685     14.7 V
06  2009 07 16.08649  21 55 20.45  -13 32 34.4   J75  66685     14.7 V
06  2009 07 17.66953  21 54 42.07  -13 34 54.7   415  66685     14.8 V
06  2009 07 17.67030  21 54 42.05  -13 34 54.9   415  66685     14.7 V
06  2009 07 18.07500  21 54 31.94  -13 35 35.5   J75  66904     14.7 V
06  2009 07 18.08735  21 54 31.62  -13 35 36.6   J75  66904     14.6 V
06  2009 07 18.09970  21 54 31.29  -13 35 37.9   J75  66904     14.6 V
06  2009 07 19.57845  21 53 53.29  -13 38 00.5   415  66685     14.3 V
06  2009 07 19.57923  21 53 53.27  -13 38 00.5   415  66685     14.6 V
06  2009 07 23.50327  21 52 04.53  -13 45 07.7   415  66685     14.7 V
06  2009 07 23.50403  21 52 04.51  -13 45 07.7   415  66685     14.5 V
06  2009 07 27.36301  21 50 07.39  -13 53 05.7   691  66685     15.0 V
06  2009 07 27.38072  21 50 06.83  -13 53 07.9   691  66685     15.0 V
06  2009 07 27.40530  21 50 06.03  -13 53 11.3   691  66685     15.1 V
06  2009 08 04.421077 21 45 36.999 -14 12 11.49  673  66904
06  2009 08 04.424248 21 45 36.885 -14 12 12.00  673  66904
06  2009 08 04.427401 21 45 36.776 -14 12 12.50  673  66904
06  2009 08 12.26471  21 40 50.64  -14 33 17.0   704  66904     16.1
06  2009 08 12.27666  21 40 50.13  -14 33 19.2   704  66904     16.4
06  2009 08 12.28857  21 40 49.69  -14 33 20.6   704  66904     16.6
06  2009 08 12.30048  21 40 49.22  -14 33 22.9   704  66904     16.7
06  2009 08 12.31238  21 40 48.74  -14 33 25.1   704  66904     16.5
06  2009 08 14.48477  21 39 27.23  -14 39 31.8   415  66904     14.4 V
06  2009 08 14.48554  21 39 27.20  -14 39 31.9   415  66904     14.5 V
06  2009 08 15.47786  21 38 49.77  -14 42 22.1   415  66904     13.7 V
06  2009 08 15.47863  21 38 49.74  -14 42 22.5   415  66904     14.3 V
06  2009 08 17.74682  21 37 23.87  -14 48 54.4   415  66904     14.7 V
06  2009 08 17.74759  21 37 23.84  -14 48 54.8   415  66904     14.5 V
06  2009 09 11.43381  21 23 11.59  -15 57 16.1   415  67130     15.1 V
06  2009 09 11.43457  21 23 11.57  -15 57 16.1   415  67130     14.5 V
06  2009 09 14.18489  21 21 55.64  -16 03 48.7   704  67130     15.4
06  2009 09 14.19665  21 21 55.26  -16 03 51.3   704  67130     16.6
06  2009 09 14.20849  21 21 54.95  -16 03 53.0   704  67130     16.7
06  2009 09 14.22029  21 21 54.62  -16 03 54.9   704  67130     16.9
06  2009 09 14.23207  21 21 54.20  -16 03 56.7   704  67130     16.7
07  2008 06 03.422308 19 29 15.546 -21 32 09.57  689  67130
07  2008 06 12.394942 19 25 24.687 -21 38 15.42  689  67130
07  2008 06 13.391961 19 24 56.697 -21 39 04.48  689  67130
07  2008 07 30.248281 19 02 02.707 -22 37 33.90  689  67130
07  2008 09 03.148082 18 55 59.675 -23 19 53.44  689  67130
07  2009 06 17.73216  21 59 51.14  -13 39 11.3   415  66450     16.7 V
07  2009 06 17.73436  21 59 51.15  -13 39 11.2   415  66450     16.3 V
07  2009 06 28.459155 21 59 54.265 -13 45 29.27  689  67130
07  2009 07 04.72270  21 59 13.11  -13 51 54.9   415  66685     16.4 V
07  2009 07 04.72392  21 59 13.09  -13 51 54.8   415  66685     16.6 V
07  2009 07 05.68573  21 59 04.05  -13 53 04.8   415  66685     16.6 V
07  2009 07 05.68792  21 59 04.03  -13 53 04.9   415  66685     16.8 V
07  2009 07 12.39792  21 57 40.54  -14 02 29.9   691  66685
07  2009 07 12.41558  21 57 40.25  -14 02 31.4   691  66685
07  2009 07 12.43967  21 57 39.87  -14 02 33.6   691  66685
07  2009 07 17.67597  21 56 11.05  -14 11 16.3   415  66685     16.2 V
07  2009 07 17.67788  21 56 11.02  -14 11 16.4   415  66685     16.3 V
07  2009 07 19.58647  21 55 33.76  -14 14 43.9   415  66685     16.3 V
07  2009 07 19.58863  21 55 33.71  -14 14 44.2   415  66685     16.1 V
07  2009 07 21.362688 21 54 56.796 -14 18 07.32  673  66685
07  2009 07 21.366205 21 54 56.717 -14 18 07.70  673  66685
07  2009 07 21.369797 21 54 56.641 -14 18 08.12  673  66685
07  2009 07 22.387764 21 54 34.502 -14 20 06.25  673  66685
07  2009 07 22.390948 21 54 34.435 -14 20 06.60  673  66685
07  2009 07 22.394131 21 54 34.355 -14 20 06.92  673  66685
07  2009 07 23.51171  21 54 09.39  -14 22 16.5   415  66685     16.4 V
07  2009 07 23.51317  21 54 09.35  -14 22 17.1   415  66685     16.8 V
07  2009 07 27.37089  21 52 36.84  -14 30 11.9   703  66685     16.5 V
07  2009 07 27.37936  21 52 36.62  -14 30 13.2   703  66685     16.5 V
07  2009 07 27.38785  21 52 36.40  -14 30 14.4   703  66685     16.5 V
07  2009 07 27.44620  21 52 34.92  -14 30 22.1   703  66685     16.4 V
07  2009 07 27.44720  21 52 34.87  -14 30 21.9   703  66685     16.5 V
07  2009 07 27.44819  21 52 34.84  -14 30 22.2   703  66685     16.5 V
07  2009 07 27.44918  21 52 34.81  -14 30 22.6   703  66685     16.5 V
07  2009 08 14.48879  21 43 48.62  -15 10 44.9   415  66904     16.1 V
07  2009 08 14.49024  21 43 48.56  -15 10 45.3   415  66904     16.0 V
07  2009 08 15.48234  21 43 16.61  -15 13 01.2   415  66904     15.7 V
07  2009 08 15.48380  21 43 16.56  -15 13 01.4   415  66904     16.1 V
07  2009 08 16.22323  21 42 52.67  -15 14 45.7   704  66904     17.0
07  2009 08 16.23542  21 42 52.24  -15 14 47.8   704  66904     17.6
07  2009 08 16.24758  21 42 51.71  -15 14 48.7   704  66904     17.5
07  2009 08 16.25982  21 42 51.37  -15 14 51.5   704  66904     17.4
07  2009 08 17.75078  21 42 02.72  -15 18 10.3   415  66904     15.4 V
07  2009 08 17.75225  21 42 02.67  -15 18 10.5   415  66904     16.0 V
08  2008 06 03.420005 19 25 31.947 -21 35 47.23  689  67130
08  2008 06 04.416778 19 25 13.020 -21 37 15.12  689  67130
08  2008 06 27.347185 19 15 41.502 -22 16 57.19  689  67130
08  2008 06 28.344277 19 15 12.412 -22 18 50.61  689  67130
08  2008 07 09.310309 19 09 45.073 -22 39 33.92  689  67130
08  2008 09 13.118413 18 54 03.680 -23 54 35.33  689  67130
08  2008 09 18.105983 18 55 02.915 -23 55 08.76  689  67130
08  2009 04 16.78854  21 41 25.80  -14 41 33.7   E12  65919     17.7 V
08  2009 04 16.79793  21 41 26.08  -14 41 32.2   E12  65919     17.6 V
08  2009 04 16.80652  21 41 26.37  -14 41 30.1   E12  65920     17.4 V
08  2009 06 17.74091  21 58 52.03  -12 59 21.4   415  66450     16.7 V
08  2009 06 17.74414  21 58 52.02  -12 59 21.4   415  66450     17.3 V
08  2009 06 29.454242 21 57 12.341 -13 05 23.15  689  67130
08  2009 07 04.73667  21 55 55.58  -13 10 43.5   415  66685     16.9 V
08  2009 07 04.73991  21 55 55.52  -13 10 43.4   415  66685     17.2 V
08  2009 07 05.69515  21 55 39.69  -13 11 52.2   415  66685     17.4 V
08  2009 07 05.69872  21 55 39.59  -13 11 52.4   415  66685     16.3 V
08  2009 07 12.39792  21 53 31.60  -13 21 17.6   691  66685
08  2009 07 12.41558  21 53 31.21  -13 21 19.2   691  66685
08  2009 07 12.43967  21 53 30.68  -13 21 21.5   691  66685
08  2009 07 17.68375  21 51 31.42  -13 30 12.7   415  66685     17.2 V
08  2009 07 17.68698  21 51 31.32  -13 30 13.1   415  66685     17.0 V
08  2009 07 19.60137  21 50 44.03  -13 33 46.3   415  66685     16.9 V
08  2009 07 19.60422  21 50 43.91  -13 33 46.2   415  66685     17.5 V
08  2009 07 23.52021  21 49 01.30  -13 41 28.0   415  66685     16.8 V
08  2009 07 23.52236  21 49 01.23  -13 41 28.1   415  66685     16.8 V
08  2009 07 31.38509  21 45 15.05  -13 58 25.6   691  66685     17.3 V
08  2009 07 31.40281  21 45 14.50  -13 58 27.9   691  66685     17.3 V
08  2009 07 31.42051  21 45 13.94  -13 58 30.3   691  66685     17.3 V
08  2009 08 12.26459  21 39 00.34  -14 26 06.8   704  66904     17.5
08  2009 08 12.27653  21 39 00.02  -14 26 08.9   704  66904     18.0
08  2009 08 12.28844  21 38 59.62  -14 26 10.8   704  66904     17.8
08  2009 08 12.30035  21 38 59.22  -14 26 12.4   704  66904     17.9
08  2009 08 12.31226  21 38 58.81  -14 26 13.9   704  66904     17.8
08  2009 08 14.49475  21 37 47.84  -14 31 22.5   415  66904     16.4 V
08  2009 08 14.49655  21 37 47.78  -14 31 22.7   415  66904     16.7 V
08  2009 08 15.49414  21 37 15.27  -14 33 44.5   415  66904     16.3 V
08  2009 08 15.49595  21 37 15.22  -14 33 44.7   415  66904     16.6 V
08  2009 08 17.74046  21 36 01.96  -14 39 02.1   415  66904     16.6 V
08  2009 08 17.74262  21 36 01.87  -14 39 02.6   415  66904     16.5 V
08  2009 09 11.44402  21 23 48.40  -15 30 05.3   415  67130     17.0 V
08  2009 09 11.44686  21 23 48.31  -15 30 05.6   415  67130     16.7 V
08  2009 09 14.18540  21 22 42.28  -15 34 28.3   704  67130     17.9
08  2009 09 14.19725  21 22 42.10  -15 34 29.7   704  67130     18.3
08  2009 09 14.20902  21 22 41.69  -15 34 29.9   704  67130     18.3
08  2009 09 14.22081  21 22 41.39  -15 34 31.3   704  67130     18.0
09  2009 06 17.75327  21 55 23.25  -13 11 49.8   415  66450     18.5 V
09  2009 06 17.75962  21 55 23.22  -13 11 50.1   415  66450     18.1 V
09  2009 07 05.71129  21 51 28.88  -13 28 38.0   415  66685     17.6 V
09  2009 07 05.71692  21 51 28.79  -13 28 38.4   415  66685     17.8 V
09  2009 07 17.74034  21 46 52.69  -13 50 12.4   415  66685     17.7 V
09  2009 07 17.74597  21 46 52.52  -13 50 12.9   415  66685     17.8 V
09  2009 07 19.61067  21 46 02.47  -13 54 10.5   415  66685     17.9 V
09  2009 07 19.61560  21 46 02.34  -13 54 11.2   415  66685     17.0 V
09  2009 07 23.53991  21 44 11.31  -14 02 58.9   415  66685     18.1 V
09  2009 07 23.54418  21 44 11.16  -14 02 59.8   415  66685     17.5 V
09  2009 08 14.50255  21 32 21.06  -14 58 54.1   415  66904     18.1 V
09  2009 08 14.50682  21 32 20.90  -14 58 54.6   415  66904     17.7 V
09  2009 08 15.50753  21 31 47.07  -15 01 33.0   415  66904     17.9 V
09  2009 08 15.51038  21 31 46.93  -15 01 33.7   415  66904     17.9 V
09  2009 08 17.72799  21 30 31.98  -15 07 22.4   415  66904     16.7 V
09  2009 08 17.73223  21 30 31.84  -15 07 23.8   415  66904     17.7 V
09  2009 08 19.87174  21 29 20.30  -15 12 59.4   J75  66904     17.5 V
09  2009 08 19.88479  21 29 19.90  -15 13 01.6   J75  66904     17.5 V
09  2009 08 19.89787  21 29 19.42  -15 13 03.8   J75  66904     17.6 V
09  2009 09 11.45567  21 18 08.22  -16 04 25.1   415  67130     17.9 V
09  2009 09 11.46884  21 18 07.84  -16 04 26.5   415  67130     17.7 V
09  2009 09 14.18489  21 17 03.76  -16 09 20.6   704  67130     17.9
09  2009 09 14.19665  21 17 03.45  -16 09 21.5   704  67130     18.4
09  2009 09 14.20849  21 17 03.19  -16 09 22.5   704  67130     18.0
09  2009 09 14.22029  21 17 02.93  -16 09 24.0   704  67130     18.2
09  2009 09 14.23207  21 17 02.62  -16 09 24.6   704  67130     18.2
10  2009 07 12.41313  21 50 27.27  -14 17 31.0   691  66685
10  2009 07 12.43720  21 50 26.65  -14 17 37.0   691  66685
10  2009 07 17.75375  21 48 19.92  -14 33 36.4   415  66685     18.2 V
10  2009 07 17.75656  21 48 19.83  -14 33 37.0   415  66685     17.2 V
10  2009 07 19.62591  21 47 32.10  -14 39 27.8   415  66685     17.5 V
10  2009 07 19.63331  21 47 31.88  -14 39 29.0   415  66685     17.3 V
10  2009 07 23.55321  21 45 46.95  -14 51 58.0   415  66685     16.8 V
10  2009 07 23.55747  21 45 46.83  -14 51 58.8   415  66685     17.0 V
10  2009 07 30.27703  21 42 34.87  -15 13 49.1   691  66685     18.2 V
10  2009 07 30.29473  21 42 34.33  -15 13 52.6   691  66685     18.1 V
10  2009 07 30.31243  21 42 33.80  -15 13 55.8   691  66685     18.1 V
10  2009 08 14.51397  21 34 53.68  -16 01 42.6   415  66904     17.1 V
10  2009 08 14.51894  21 34 53.53  -16 01 43.4   415  66904     17.5 V
10  2009 08 15.52146  21 34 23.27  -16 04 40.3   415  66904     17.3 V
10  2009 08 15.52476  21 34 23.18  -16 04 40.9   415  66904     16.7 V
10  2009 08 16.23419  21 34 01.78  -16 06 46.2   704  66904     17.9
10  2009 08 16.24634  21 34 01.39  -16 06 48.5   704  66904     17.7
10  2009 08 16.25859  21 34 01.00  -16 06 50.9   704  66904     17.9
10  2009 08 17.69519  21 33 17.96  -16 10 55.9   415  66904     17.7 V
10  2009 08 17.70257  21 33 17.72  -16 10 57.0   415  66904     18.2 V
10  2009 08 26.84029  21 28 56.14  -16 34 56.9   J75  66904     17.6 V
10  2009 08 26.85370  21 28 55.78  -16 34 59.3   J75  66904     17.5 V
10  2009 08 26.86712  21 28 55.43  -16 35 01.4   J75  66904     18.0 V
10  2009 08 27.87146  21 28 28.34  -16 37 23.1   J75  66904     17.9 V
10  2009 08 27.87797  21 28 28.17  -16 37 23.7   J75  66904     17.8 V
10  2009 08 27.88280  21 28 28.03  -16 37 24.6   J75  66904     17.8 V
11  2009 06 28.66554  21 51 49.93  -14 18 48.8   E12  66450     18.1 V
11  2009 06 28.67810  21 51 49.75  -14 18 49.7   E12  66450     18.1 V
11  2009 06 28.69081  21 51 49.57  -14 18 50.8   E12  66450     17.9 V
11  2009 06 28.70348  21 51 49.39  -14 18 52.4   E12  66450     18.1 V
11  2009 07 05.74847  21 50 01.21  -14 31 46.9   415  66685     17.2 V
11  2009 07 12.40302  21 47 49.54  -14 46 21.3   691  66685
11  2009 07 12.42068  21 47 49.14  -14 46 23.7   691  66685
11  2009 07 12.44478  21 47 48.59  -14 46 27.2   691  66685
11  2009 07 17.76384  21 45 44.25  -14 59 27.8   415  66685     17.6 V
11  2009 07 17.76808  21 45 44.14  -14 59 28.3   415  66685     17.5 V
11  2009 07 19.64449  21 44 56.67  -15 04 19.7   415  66685     16.6 V
11  2009 07 19.65086  21 44 56.53  -15 04 20.7   415  66685     17.0 V
11  2009 07 23.56492  21 43 11.90  -15 14 50.7   415  66685     17.0 V
11  2009 07 23.56916  21 43 11.76  -15 14 51.4   415  66685     17.5 V
11  2009 07 30.27703  21 39 57.45  -15 33 46.3   691  66685     17.9 V
11  2009 07 30.29473  21 39 56.89  -15 33 49.5   691  66685     17.8 V
11  2009 07 30.31243  21 39 56.31  -15 33 52.6   691  66685     18.9 V
11  2009 08 14.52706  21 31 53.49  -16 18 03.0   415  66904     17.4 V
11  2009 08 14.53203  21 31 53.32  -16 18 03.7   415  66904     17.5 V
11  2009 08 15.53174  21 31 20.81  -16 20 55.4   415  66904     17.3 V
11  2009 08 15.53458  21 31 20.72  -16 20 55.9   415  66904     17.3 V
11  2009 08 16.23419  21 30 58.00  -16 22 56.8   704  66904     17.7
11  2009 08 16.24634  21 30 57.52  -16 22 57.8   704  66904     18.6
11  2009 08 16.25859  21 30 57.12  -16 23 00.9   704  66904     18.3
11  2009 08 16.93559  21 30 35.23  -16 24 57.0   J75  66904     17.1 V
11  2009 08 16.94873  21 30 34.79  -16 24 58.8   J75  66904     17.1 V
11  2009 08 16.96186  21 30 34.35  -16 25 01.1   J75  66905     17.2 V
11  2009 08 17.71829  21 30 09.71  -16 27 06.4   415  66905     17.4 V
11  2009 08 17.72253  21 30 09.56  -16 27 06.9   415  66905     17.5 V
11  2009 08 20.85826  21 28 28.70  -16 35 51.1   J75  66905     17.2 V
11  2009 08 20.87170  21 28 28.27  -16 35 53.4   J75  66905     17.3 V
11  2009 08 20.88515  21 28 27.83  -16 35 55.6   J75  66905     17.4 V
11  2009 08 25.84862  21 25 51.36  -16 49 06.9   J75  66905     17.2 V
11  2009 08 25.86230  21 25 50.93  -16 49 09.0   J75  66905     17.4 V
11  2009 08 25.87586  21 25 50.47  -16 49 11.5   J75  66905     17.2 V
11  2009 08 26.84029  21 25 20.79  -16 51 39.8   J75  66905     16.8 V
11  2009 08 26.85370  21 25 20.39  -16 51 41.6   J75  66905     17.0 V
11  2009 08 26.86712  21 25 19.98  -16 51 43.3   J75  66905     17.2 V
11  2009 08 27.84482  21 24 50.10  -16 54 11.6   J75  66905     17.5 V
11  2009 08 27.85100  21 24 49.93  -16 54 12.9   J75  66905     17.2 V
11  2009 08 27.85874  21 24 49.73  -16 54 14.1   J75  66905     17.3 V
11  2009 09 11.48811  21 18 08.86  -17 26 02.7   415  67130     17.8 V
11  2009 09 11.49517  21 18 08.69  -17 26 04.0   415  67130     17.7 V
11  2009 09 14.18515  21 17 06.80  -17 30 46.3   704  67130     17.8
11  2009 09 14.19699  21 17 06.51  -17 30 47.5   704  67130     18.4
11  2009 09 14.20875  21 17 06.23  -17 30 49.1   704  67130     18.1
11  2009 09 14.23233  21 17 05.67  -17 30 51.5   704  67130     18.3
12  2009 07 12.40548  21 50 51.40  -15 07 03.5   691  66685
12  2009 07 12.42316  21 50 51.11  -15 07 06.0   691  66685
12  2009 07 12.44725  21 50 50.71  -15 07 09.2   691  66685
12  2009 07 17.11001  21 49 29.84  -15 17 58.6   J75  66685     18.7 V
12  2009 07 17.12344  21 49 29.59  -15 18 00.1   J75  66685     19.0 V
12  2009 07 17.13688  21 49 29.35  -15 18 02.3   J75  66685     18.4 V
12  2009 07 17.77448  21 49 17.31  -15 19 32.6   415  66685     18.4 V
12  2009 07 17.77917  21 49 17.22  -15 19 33.2   415  66685     17.3 V
12  2009 07 19.66003  21 48 40.49  -15 24 11.7   415  66685     18.2 V
12  2009 07 19.66565  21 48 40.36  -15 24 12.3   415  66685     17.9 V
12  2009 07 23.60888  21 47 17.26  -15 34 17.3   415  66685     17.9 V
12  2009 07 23.61451  21 47 17.10  -15 34 18.7   415  66686     18.0 V
12  2009 08 14.54661  21 37 54.51  -16 34 05.9   415  66905     17.7 V
12  2009 08 14.55366  21 37 54.30  -16 34 07.1   415  66905     17.8 V
12  2009 08 15.54289  21 37 26.93  -16 36 45.4   415  66905     18.1 V
12  2009 08 15.54501  21 37 26.86  -16 36 46.0   415  66905     18.2 V
12  2009 09 11.56263  21 26 12.43  -17 35 19.4   415  67130     18.7 V
12  2009 09 11.57389  21 26 12.25  -17 35 19.9   415  67130     19.0 V
13  2009 07 12.39792  21 52 00.95  -14 12 19.8   691  66686
13  2009 07 12.41558  21 52 00.45  -14 12 21.4   691  66686
13  2009 07 12.43967  21 51 59.79  -14 12 24.4   691  66686
13  2009 07 17.79200  21 49 28.28  -14 22 40.4   415  66686     19.6 V
13  2009 07 17.80606  21 49 27.90  -14 22 41.2   415  66686     18.8 V
13  2009 07 19.70511  21 48 31.06  -14 26 28.0   415  66686     18.9 V
13  2009 07 19.71918  21 48 30.58  -14 26 29.8   415  66686     18.4 V
13  2009 07 23.63084  21 46 29.04  -14 34 25.3   415  66686     18.9 V
13  2009 07 23.64841  21 46 28.46  -14 34 27.5   415  66686     19.1 V
13  2009 08 14.56714  21 34 24.32  -15 19 24.0   415  66905     19.4 V
13  2009 08 14.57839  21 34 23.94  -15 19 25.3   415  66905     19.2 V
13  2009 08 15.55525  21 33 52.32  -15 21 19.6   415  66905     19.6 V
13  2009 08 15.56651  21 33 51.90  -15 21 21.6   415  66905     19.6 V
13  2009 08 17.66155  21 32 44.75  -15 25 25.1   415  66905     19.1 V
13  2009 08 17.67279  21 32 44.32  -15 25 25.4   415  66905     19.3 V
13  2009 09 11.51843  21 21 48.36  -16 04 35.2   415  67130     18.1 V
13  2009 09 11.53596  21 21 48.09  -16 04 36.2   415  67130     19.4 V
