06  2007 04 10.61209  17 17 19.43  -22 46 29.6   415  59581     15.9 V
06  2007 04 10.61429  17 17 19.42  -22 46 29.7   415  59581     15.6 V
06  2007 04 14.61387  17 17 12.89  -22 47 15.4   415  59581     15.4 V
06  2007 04 14.61501  17 17 12.88  -22 47 15.5   415  59581     15.6 V
06  2007 04 18.73224  17 16 51.50  -22 47 32.3   415  59581     15.6 V
06  2007 04 18.73374  17 16 51.49  -22 47 32.3   415  59581     15.6 V
06  2007 04 20.65446  17 16 36.51  -22 47 28.7   415  59581     15.4 V
06  2007 04 20.65596  17 16 36.49  -22 47 28.7   415  59581     15.5 V
06  2007 05 10.62652  17 10 54.30  -22 39 09.5   415  59860     15.3 V
06  2007 05 10.62766  17 10 54.27  -22 39 09.4   415  59860     15.2 V
06  2007 05 13.34665  17 09 42.98  -22 36 51.5   704  59860     15.8
06  2007 05 13.35613  17 09 42.76  -22 36 50.1   704  59860     15.9
06  2007 05 13.36556  17 09 42.41  -22 36 50.1   704  59860     16.3
06  2007 05 13.37518  17 09 42.17  -22 36 50.3   704  59860     16.6
06  2007 05 13.38478  17 09 41.83  -22 36 50.1   704  59860     16.7
06  2007 05 19.73672  17 06 35.23  -22 30 10.8   D29  59860     15.2 R
06  2007 05 19.75368  17 06 34.65  -22 30 09.4   D29  59860     15.3 R
06  2007 05 19.77124  17 06 34.10  -22 30 07.7   D29  59860     15.2 R
06  2007 05 19.78682  17 06 33.64  -22 30 07.4   D29  59860     15.1 R
06  2007 05 26.49385  17 02 50.51  -22 21 23.1   415  59860     15.0 V
06  2007 05 26.49552  17 02 50.46  -22 21 23.0   415  59860     14.9 V
07  2007 04 10.61956  17 18 17.88  -22 41 50.9   415  59581     17.4 V
07  2007 04 10.62384  17 18 17.88  -22 41 51.1   415  59581     17.0 V
07  2007 04 14.59537  17 18 05.92  -22 43 56.2   415  59581     17.7 V
07  2007 04 14.59965  17 18 05.92  -22 43 56.0   415  59581     17.4 V
07  2007 04 18.74051  17 17 37.53  -22 45 39.1   415  59581     17.7 V
07  2007 04 18.74374  17 17 37.50  -22 45 38.8   415  59581     17.0 V
07  2007 04 20.66507  17 17 18.94  -22 46 16.0   415  59581     17.4 V
07  2007 04 20.66934  17 17 18.90  -22 46 16.0   415  59581     17.3 V
07  2007 05 10.63557  17 10 55.90  -22 45 58.0   415  59860     16.9 V
07  2007 05 10.63880  17 10 55.80  -22 45 58.0   415  59860     16.9 V
07  2007 05 13.34665  17 09 40.00  -22 44 57.5   704  59860     17.3
07  2007 05 13.35613  17 09 39.76  -22 44 57.0   704  59860     17.5
07  2007 05 13.36556  17 09 39.43  -22 44 56.6   704  59860     17.5
07  2007 05 13.37518  17 09 39.18  -22 44 56.8   704  59860     17.6
07  2007 05 13.38478  17 09 38.86  -22 44 56.6   704  59860     17.7
07  2007 05 26.50012  17 02 32.03  -22 36 30.4   415  59860     16.9 V
07  2007 05 26.50441  17 02 31.89  -22 36 30.3   415  59860     16.8 V
08  2007 04 10.63567  17 25 19.39  -22 50 30.7   415  59581     18.4 V
08  2007 04 10.64203  17 25 19.36  -22 50 30.9   415  59581     17.7 V
08  2007 04 14.62388  17 25 09.19  -22 48 57.7   415  59581     17.9 V
08  2007 04 14.63025  17 25 09.15  -22 48 57.6   415  59581     18.1 V
08  2007 04 20.69263  17 24 28.38  -22 46 11.8   415  59581     18.0 V
08  2007 04 20.69898  17 24 28.31  -22 46 11.7   415  59581     18.0 V
08  2007 05 10.64713  17 18 56.63  -22 33 36.1   415  59860     17.3 V
08  2007 05 10.65140  17 18 56.54  -22 33 35.9   415  59860     17.3 V
08  2007 05 13.34749  17 17 51.30  -22 31 31.8   704  59860     17.1
08  2007 05 13.35696  17 17 51.05  -22 31 30.1   704  59860     17.4
08  2007 05 13.36657  17 17 50.81  -22 31 29.6   704  59860     18.1
08  2007 05 13.37602  17 17 50.56  -22 31 29.2   704  59860     17.6
08  2007 05 13.38561  17 17 50.30  -22 31 28.2   704  59860     17.7
08  2007 05 26.51527  17 11 41.69  -22 19 52.0   415  59860     17.0 V
08  2007 05 26.52023  17 11 41.50  -22 19 51.8   415  59860     17.0 V
09  2007 04 15.62574  17 20 41.75  -22 23 16.1   415  59581     19.3 V
09  2007 04 15.63700  17 20 41.72  -22 23 15.7   415  59581     18.7 V
09  2007 05 10.66575  17 13 03.18  -22 01 49.7   415  59860     18.8 V
09  2007 05 10.67212  17 13 03.01  -22 01 49.6   415  59860     19.0 V
09  2007 05 26.56534  17 04 47.22  -21 44 09.3   415  59860     18.0 V
09  2007 05 26.57378  17 04 46.94  -21 44 08.7   415  59860     18.8 V
10  2007 05 09.82435  17 03 36.60  -22 00 30.8   D35  59860     19.1 R
10  2007 05 09.83686  17 03 36.26  -22 00 31.1   D35  59860     19.2 R
10  2007 05 09.85213  17 03 35.90  -22 00 31.2   D35  59860     19.4 R
10  2007 05 10.71867  17 03 13.41  -22 00 33.0   415  59860     18.8 V
10  2007 05 10.72815  17 03 13.13  -22 00 34.2   415  59860     19.0 V
10  2007 05 26.58528  16 55 43.19  -22 01 09.2   415  59860     18.6 V
10  2007 05 26.59372  16 55 42.91  -22 01 09.1   415  59860     18.4 V
11  2007 04 15.67173  17 22 41.24  -22 27 24.7   415  59581     18.3 V
11  2007 04 15.72973  17 22 40.85  -22 27 25.3   415  59581     19.0 V
11  2007 05 10.68689  17 15 34.69  -22 26 48.9   415  59860     18.3 V
11  2007 05 10.69535  17 15 34.48  -22 26 48.7   415  59860     18.5 V
11  2007 05 13.35613  17 14 24.36  -22 26 21.2   704  59860     18.7
11  2007 05 13.36556  17 14 24.03  -22 26 20.9   704  59860     18.3
11  2007 05 13.37518  17 14 23.81  -22 26 20.5   704  59860     18.6
11  2007 05 13.38478  17 14 23.52  -22 26 20.5   704  59860     18.5
11  2007 05 26.65696  17 07 42.48  -22 22 35.3   415  59860     17.8 V
11  2007 05 26.66823  17 07 42.11  -22 22 34.9   415  59860     17.7 V
13  2007 05 26.62376  17 01 04.92  -22 14 09.3   415  59860     19.8 V
