06  2008 04 03.65305  19 26 41.01  -21 31 36.3   415  62565     15.9 V
06  2008 04 03.65686  19 26 41.11  -21 31 36.1   415  62565     15.8 V
06  2008 04 04.67070  19 27 02.53  -21 30 37.3   415  62565     16.0 V
06  2008 04 04.67185  19 27 02.54  -21 30 37.2   415  62565     15.5 V
06  2008 04 08.67333  19 28 20.40  -21 27 06.5   415  62565     15.3 V
06  2008 04 08.67483  19 28 20.44  -21 27 06.4   415  62565     15.1 V
06  2008 04 10.68796  19 28 55.53  -21 25 34.1   415  62565     15.5 V
06  2008 04 10.68911  19 28 55.55  -21 25 34.1   415  62565     15.6 V
06  2008 04 11.63660  19 29 11.15  -21 24 53.6   415  62565     15.5 V
06  2008 04 11.63774  19 29 11.16  -21 24 53.6   415  62565     15.3 V
06  2008 05 01.62507  19 32 15.50  -21 19 16.6   415  62864     15.3 V
06  2008 05 01.62620  19 32 15.50  -21 19 16.7   415  62864     15.2 V
06  2008 05 03.59767  19 32 18.47  -21 19 37.9   415  62864     15.1 V
06  2008 05 03.59883  19 32 18.48  -21 19 37.8   415  62864     15.1 V
06  2008 05 08.57601  19 32 13.69  -21 21 16.7   415  62864     15.1 V
06  2008 05 08.57715  19 32 13.70  -21 21 16.7   415  62864     15.0 V
06  2008 05 14.63778  19 31 44.43  -21 24 40.8   415  62864     15.1 V
06  2008 05 14.63927  19 31 44.42  -21 24 40.7   415  62864     14.9 V
06  2008 05 27.58982  19 29 20.01  -21 36 40.0   415  63122     14.9 V
06  2008 05 27.59058  19 29 20.00  -21 36 40.1   415  63122     14.8 V
06  2008 05 31.60703  19 28 14.00  -21 41 33.0   415  63122     15.1 V
06  2008 05 31.60803  19 28 13.99  -21 41 33.0   415  63122     14.9 V
06  2008 06 06.61356  19 26 18.54  -21 49 42.7   415  63122     14.8 V
06  2008 06 06.61502  19 26 18.51  -21 49 42.9   415  63122     14.7 V
07  2008 04 04.71935  19 29 47.05  -21 56 12.4   415  62565     17.5 V
07  2008 04 04.72358  19 29 47.15  -21 56 12.2   415  62565     16.8 V
07  2008 04 08.68707  19 31 12.73  -21 51 32.6   415  62565     16.4 V
07  2008 04 08.69030  19 31 12.78  -21 51 32.1   415  62565     17.4 V
07  2008 04 10.69742  19 31 51.62  -21 49 18.1   415  62565     16.8 V
07  2008 04 10.70065  19 31 51.69  -21 49 18.0   415  62565     17.3 V
07  2008 04 11.64799  19 32 08.97  -21 48 16.0   415  62565     17.8 V
07  2008 04 11.65330  19 32 09.05  -21 48 15.8   415  62565     16.8 V
07  2008 05 01.63351  19 35 27.66  -21 31 51.0   415  62864     17.6 V
07  2008 05 01.63674  19 35 27.67  -21 31 50.9   415  62864     16.9 V
07  2008 05 03.58586  19 35 29.56  -21 30 51.9   415  62864     16.5 V
07  2008 05 03.58909  19 35 29.56  -21 30 52.0   415  62864     16.4 V
07  2008 05 08.59855  19 35 19.87  -21 28 54.2   415  62864     17.4 V
07  2008 05 08.60282  19 35 19.84  -21 28 53.9   415  62864     16.7 V
07  2008 05 14.62449  19 34 40.65  -21 27 39.5   415  62864     17.3 V
07  2008 05 14.62876  19 34 40.62  -21 27 39.4   415  62864     17.0 V
07  2008 05 27.62641  19 31 38.89  -21 29 08.1   415  63122     16.7 V
07  2008 05 27.62925  19 31 38.83  -21 29 08.1   415  63122     16.6 V
07  2008 05 31.59424  19 30 18.95  -21 30 41.7   415  63122     16.2 V
07  2008 05 31.59709  19 30 18.89  -21 30 41.9   415  63122     16.4 V
07  2008 06 06.49049  19 28 01.56  -21 33 56.6   415  63122     16.7 V
07  2008 06 06.63189  19 27 57.95  -21 34 02.1   415  63122     16.5 V
07  2008 06 06.63474  19 27 57.88  -21 34 02.3   415  63122     16.3 V
08  2008 04 03.71703  19 22 45.73  -21 10 43.4   415  62565     17.6 V
08  2008 04 03.72266  19 22 45.84  -21 10 43.3   415  62565     17.9 V
08  2008 04 04.70392  19 23 09.08  -21 10 11.2   415  62565     18.0 V
08  2008 04 04.71029  19 23 09.23  -21 10 10.9   415  62565     17.9 V
08  2008 04 08.71104  19 24 37.54  -21 08 14.7   415  62565     17.0 V
08  2008 04 08.71635  19 24 37.65  -21 08 14.5   415  62565     18.0 V
08  2008 04 10.71196  19 25 17.75  -21 07 26.0   415  62565     18.1 V
08  2008 04 10.72552  19 25 18.01  -21 07 26.3   415  62565     17.2 V
08  2008 04 10.72979  19 25 18.09  -21 07 26.1   415  62565     18.4 V
08  2008 04 11.68896  19 25 36.43  -21 07 04.8   415  62565     17.4 V
08  2008 04 11.69532  19 25 36.54  -21 07 04.7   415  62565     17.6 V
08  2008 04 29.63520  19 29 22.32  -21 05 45.8   415  62864     17.0 V
08  2008 04 29.64155  19 29 22.35  -21 05 46.1   415  62864     17.7 V
08  2008 05 03.60530  19 29 40.91  -21 06 57.2   415  62864     17.2 V
08  2008 05 03.60957  19 29 40.93  -21 06 57.3   415  62864     17.3 V
08  2008 05 14.64430  19 29 30.59  -21 13 20.0   415  62864     17.0 V
08  2008 05 14.64855  19 29 30.57  -21 13 19.9   415  62864     17.2 V
08  2008 05 27.61502  19 27 24.54  -21 26 32.1   415  63122     16.9 V
08  2008 05 27.61926  19 27 24.48  -21 26 32.4   415  63122     17.1 V
08  2008 05 31.69679  19 26 20.65  -21 31 52.7   415  63122     16.5 V
08  2008 05 31.70315  19 26 20.50  -21 31 53.6   415  63122     16.7 V
08  2008 06 06.62169  19 24 29.00  -21 40 34.0   415  63122     16.7 V
08  2008 06 06.62594  19 24 28.91  -21 40 34.3   415  63122     16.8 V
09  2008 04 03.73049  19 21 24.51  -22 06 21.5   415  62565     18.3 V
09  2008 04 03.73611  19 21 24.65  -22 06 21.3   415  62565     18.4 V
09  2008 04 04.73299  19 21 52.93  -22 05 52.2   415  62565     18.0 V
09  2008 04 04.73862  19 21 53.06  -22 05 52.2   415  62565     18.5 V
09  2008 04 08.72722  19 23 39.47  -22 04 06.0   415  62565     18.7 V
09  2008 04 08.73566  19 23 39.68  -22 04 06.1   415  62565     18.6 V
09  2008 04 10.74439  19 24 29.22  -22 03 20.5   415  62565     19.2 V
09  2008 04 10.75074  19 24 29.36  -22 03 20.2   415  62565     18.5 V
09  2008 04 29.65300  19 29 53.30  -22 01 08.0   415  62864     18.4 V
09  2008 04 29.66145  19 29 53.39  -22 01 07.8   415  62864     18.0 V
09  2008 05 01.65458  19 30 11.83  -22 01 28.3   415  62864     18.2 V
09  2008 05 01.66301  19 30 11.89  -22 01 28.0   415  62864     18.2 V
09  2008 05 03.68211  19 30 27.33  -22 01 57.9   415  62864     18.3 V
09  2008 05 03.69263  19 30 27.45  -22 01 58.1   415  62864     18.0 V
09  2008 05 14.65663  19 30 54.35  -22 06 47.4   415  62864     17.7 V
09  2008 05 14.66366  19 30 54.33  -22 06 47.7   415  62864     17.7 V
09  2008 05 27.60047  19 29 24.16  -22 17 09.5   415  63122     18.1 V
09  2008 05 27.60683  19 29 24.07  -22 17 09.7   415  63122     18.2 V
09  2008 05 31.61547  19 28 30.35  -22 21 18.7   415  63122     17.6 V
09  2008 05 31.62701  19 28 30.15  -22 21 19.7   415  63122     17.6 V
09  2008 06 06.59580  19 26 49.06  -22 28 11.7   415  63122     17.7 V
09  2008 06 06.60144  19 26 48.94  -22 28 12.5   415  63123     17.5 V
10  2008 04 04.76513  19 26 23.27  -22 21 23.4   415  62565     18.6 V
10  2008 04 04.77461  19 26 23.57  -22 21 22.6   415  62565     18.3 V
10  2008 04 10.78284  19 29 09.99  -22 17 07.3   415  62565     19.1 V
10  2008 04 10.79127  19 29 10.20  -22 17 07.3   415  62565     18.3 V
10  2008 04 29.68010  19 35 16.50  -22 06 15.9   415  62864     18.9 V
10  2008 04 29.68958  19 35 16.59  -22 06 15.6   415  62864     18.6 V
10  2008 05 01.69833  19 35 40.52  -22 05 23.7   415  62864     18.6 V
10  2008 05 01.70677  19 35 40.61  -22 05 23.4   415  62864     18.2 V
10  2008 05 27.71696  19 36 07.31  -22 00 24.0   415  63123     18.6 V
10  2008 05 27.72260  19 36 07.25  -22 00 24.6   415  63123     17.5 V
10  2008 06 06.70808  19 33 57.25  -22 01 34.3   415  63123     18.1 V
10  2008 06 06.71861  19 33 57.08  -22 01 34.7   415  63123     18.1 V
11  2008 04 03.69642  19 20 03.43  -22 27 08.3   415  62565     18.4 V
11  2008 04 03.70486  19 20 03.65  -22 27 08.5   415  62565     18.1 V
11  2008 04 04.74689  19 20 30.55  -22 26 17.4   415  62565     18.6 V
11  2008 04 04.75252  19 20 30.70  -22 26 17.1   415  62566     18.1 V
11  2008 04 08.75431  19 22 07.37  -22 23 11.7   415  62566     18.4 V
11  2008 04 08.76133  19 22 07.58  -22 23 11.5   415  62566     18.4 V
11  2008 04 10.76446  19 22 51.91  -22 21 44.5   415  62566     18.0 V
11  2008 04 10.77083  19 22 52.05  -22 21 44.4   415  62566     18.1 V
11  2008 04 11.73822  19 23 12.52  -22 21 03.5   415  62566     18.6 V
11  2008 04 11.74527  19 23 12.65  -22 21 03.4   415  62566     18.4 V
11  2008 04 29.70284  19 27 32.67  -22 12 05.1   415  62864     17.7 V
11  2008 04 29.71128  19 27 32.72  -22 12 04.9   415  62864     17.6 V
11  2008 05 01.67697  19 27 46.78  -22 11 32.9   415  62864     18.0 V
11  2008 05 01.68541  19 27 46.84  -22 11 32.7   415  62864     17.8 V
11  2008 05 03.70478  19 27 58.16  -22 11 05.8   415  62864     17.8 V
11  2008 05 03.71113  19 27 58.18  -22 11 05.9   415  62864     17.5 V
11  2008 05 08.68597  19 28 12.61  -22 10 25.5   415  62864     18.0 V
11  2008 05 08.69441  19 28 12.62  -22 10 25.4   415  62864     18.0 V
11  2008 05 14.67468  19 28 04.76  -22 10 27.3   415  62864     17.7 V
11  2008 05 14.68031  19 28 04.74  -22 10 27.5   415  62864     17.8 V
11  2008 05 27.64171  19 26 15.36  -22 13 28.1   415  63123     17.4 V
11  2008 05 27.64807  19 26 15.28  -22 13 28.2   415  63123     17.6 V
11  2008 06 06.64855  19 23 29.79  -22 18 13.1   415  63123     17.5 V
11  2008 06 06.65280  19 23 29.70  -22 18 13.8   415  63123     17.7 V
12  2008 04 10.80285  19 32 03.13  -22 39 32.1   415  62566     19.3 V
12  2008 04 10.81336  19 32 03.36  -22 39 31.8   415  62566     18.5 V
12  2008 05 01.72247  19 38 28.68  -22 26 13.9   415  62864     18.7 V
12  2008 05 01.73649  19 38 28.79  -22 26 13.6   415  62864     17.6 V
12  2008 05 27.67232  19 38 17.73  -22 25 31.1   415  63123     19.1 V
12  2008 05 27.68285  19 38 17.66  -22 25 31.1   415  63123     19.7 V
12  2008 06 06.73277  19 35 49.40  -22 29 41.4   415  63123     18.4 V
12  2008 06 06.74330  19 35 49.21  -22 29 42.1   415  63123     18.1 V
