017  2000 11 03.37937 04 25 29.59 +19 15 52.7  691   20.7  V  *  41448
017  2000 11 03.41151 04 25 28.68 +19 15 50.3  691   21.2  V  *  41448
017  2000 11 03.43350 04 25 28.05 +19 15 49.2  691   21.9  V  *  41448
017  2002 01 14.07180 06 43 27.48 +23 45 02.8  950     *   *  *  44714
017  2002 01 14.07815 06 43 27.24 +23 45 02.9  950     *   *  *  44714
017  2002 01 14.08435 06 43 27.02 +23 45 03.0  950     *   *  *  44714
017  2003 01 26.22035 08 58 55.08 +16 30 33.0  291   22.3  V  d  52314
017  2003 01 26.24588 08 58 54.32 +16 30 36.3  291   21.4  V  d  52314
017  2003 01 26.27123 08 58 53.56 +16 30 39.8  291   21.4  V  d  52314
017  2003 12 24.54440 11 19 17.02 +06 25 00.7  568   21.8  R  *  51181
017  2003 12 24.57559 11 19 17.11 +06 25 00.3  568   21.9  R  *  51181
017  2003 12 24.61126 11 19 17.22 +06 24 59.7  568   22.0  R  *  51181
017  2003 12 25.54404 11 19 20.27 +06 24 47.6  568   21.5  R  *  51181
017  2003 12 25.57523 11 19 20.34 +06 24 47.2  568   21.6  R  *  51181
017  2003 12 25.60641 11 19 20.41 +06 24 47.0  568   21.6  R  *  51181
017  2005 03 12.44008 13 04 06.11 -06 23 16.2  691   20.9  V  c  53948
017  2005 03 12.46739 13 04 05.52 -06 23 11.8  691   21.2  V  c  53948
017  2005 03 12.50361 13 04 04.79 -06 23 06.5  691   21.0  V  c  53948
018  2001 10 15.63779 07 03 35.90 +22 40 18.2  568   20.2  R  *  43756
018  2001 10 15.64373 07 03 35.98 +22 40 17.6  568   20.3  R  *  43756
018  2001 10 16.60009 07 03 47.71 +22 38 57.9  568     *   *  *  43756
018  2001 10 16.61682 07 03 47.88 +22 38 56.6  568     *   *  *  43756
018  2002 02 11.07577 06 24 59.84 +23 49 28.5  304     *   *  d  44714
018  2002 02 11.10006 06 24 59.31 +23 49 27.8  304     *   *  d  44714
018  2002 02 11.12325 06 24 58.81 +23 49 27.0  304     *   *  d  44714
018  2002 02 12.12163 06 24 39.19 +23 48 50.5  304     *   *  d  44714
018  2002 02 12.12334 06 24 39.16 +23 48 50.4  304     *   *  d  44714
018  2003 03 06.30112 08 47 46.88 +19 14 45.3  644   20.3  *  *  52314
018  2003 03 06.31172 08 47 46.51 +19 14 45.7  644   20.5  *  *  52314
018  2003 03 06.32216 08 47 46.24 +19 14 46.6  644   20.8  *  *  52314
019  2002 01 14.10422 06 51 51.78 +24 23 56.2  950   21.4  R  *  44714
019  2002 01 14.12190 06 51 51.19 +24 23 57.0  950     *   *  *  44714
019  2002 01 14.14057 06 51 50.56 +24 23 57.7  950     *   *  *  44714
019  2003 12 24.53110 11 27 13.63 +05 58 01.3  568   22.6  R  *  51181
019  2003 12 24.56223 11 27 13.86 +05 58 00.4  568   22.6  R  *  51181
019  2003 12 24.59788 11 27 14.08 +05 57 59.9  568   22.8  R  *  51181
019  2003 12 25.53069 11 27 20.83 +05 57 47.6  568   22.7  R  *  51181
019  2003 12 25.56187 11 27 21.03 +05 57 47.3  568   23.0  R  *  51181
019  2003 12 25.59305 11 27 21.21 +05 57 46.8  568   22.4  R  *  51181
020  2003 12 25.53735 11 24 49.38 +05 09 51.9  568   23.0  R  *  51181
020  2003 12 25.56855 11 24 49.71 +05 09 50.4  568   22.9  R  *  51181
020  2003 12 25.59973 11 24 50.02 +05 09 49.3  568   23.1  R  *  51181
021  2001 02 16.32522 04 06 49.84 +20 27 18.5  568     *   *  *  42250
021  2001 10 12.62097 06 56 31.77 +23 06 23.9  568     *   *  *  43757
021  2001 10 13.58031 06 56 45.49 +23 06 11.4  568   22.8  R  *  43757
021  2001 10 13.60025 06 56 45.74 +23 06 11.0  568   23.0  R  *  43757
021  2003 02 08.33583 08 57 12.88 +18 25 40.8  568   23.2  R  *  47993
021  2003 02 08.34332 08 57 12.63 +18 25 40.8  568   23.7  R  *  47504
021  2003 02 08.35573 08 57 12.18 +18 25 44.5  568     *   *  *  47993
021  2003 02 08.36322 08 57 11.92 +18 25 45.7  568     *   *  *  47504
021  2003 02 26.38863 08 47 41.46 +19 07 54.3  568   23.1  R  *  47993
021  2003 02 27.34190 08 47 15.02 +19 09 47.9  568   23.1  R  *  48379
021  2003 02 27.35700 08 47 14.59 +19 09 49.6  568   23.1  R  *  48379
021  2003 02 27.37433 08 47 14.09 +19 09 51.7  568   23.0  R  *  48379
021  2003 03 25.38605 08 38 57.97 +19 43 37.8  568   23.6  R  *  48379
021  2003 03 25.40202 08 38 57.80 +19 43 38.1  568   23.5  R  *  48379
021  2003 03 25.42005 08 38 57.63 +19 43 38.9  568   23.4  R  *  48379
021  2003 12 24.55108 11 17 32.15 +06 12 38.9  568   23.9  R  *  51181
021  2003 12 24.58229 11 17 32.47 +06 12 37.1  568   24.0  R  *  51181
021  2003 12 24.61795 11 17 32.80 +06 12 35.3  568   23.8  R  *  51181
021  2003 12 25.55072 11 17 42.14 +06 11 47.4  568   23.8  R  *  51181
021  2003 12 25.58190 11 17 42.42 +06 11 45.9  568   23.8  R  *  51181
021  2003 12 25.61308 11 17 42.70 +06 11 44.5  568   23.9  R  *  51181
022  2002 01 14.14981 06 31 50.86 +23 58 58.1  950   22.5  R  *  44714
022  2002 01 14.16885 06 31 50.28 +23 58 59.2  950     *   *  *  44714
022  2003 12 24.53773 11 24 55.86 +05 40 24.4  568   23.8  R  *  51181
022  2003 12 24.56891 11 24 56.16 +05 40 22.5  568   23.7  R  *  51181
022  2003 12 24.60456 11 24 56.50 +05 40 19.9  568   23.6  R  *  51181
022  2003 12 25.53735 11 25 05.46 +05 39 19.6  568   23.6  R  *  51181
022  2003 12 25.56855 11 25 05.74 +05 39 17.9  568   23.8  R  *  51181
022  2003 12 25.59973 11 25 06.00 +05 39 15.7  568   23.4  R  *  51181
023  2002 01 14.14981 06 32 09.31 +23 53 43.1  950   21.6  R  *  44714
023  2002 01 14.16885 06 32 08.75 +23 53 43.2  950     *   *  *  44714
023  2003 12 24.53773 11 24 09.96 +05 43 28.3  568   23.0  R  *  51181
023  2003 12 24.56891 11 24 10.30 +05 43 26.7  568   22.6  R  *  51181
023  2003 12 24.60456 11 24 10.68 +05 43 25.0  568   22.8  R  *  51181
023  2003 12 25.53734 11 24 20.84 +05 42 40.3  568   22.9  R  *  51181
023  2003 12 25.56854 11 24 21.15 +05 42 38.9  568   23.0  R  *  51181
023  2003 12 25.59973 11 24 21.46 +05 42 37.4  568   23.0  R  *  51181
025  2003 12 25.55519 11 12 20.79 +05 48 31.4  568   23.1  R  *  51181
025  2003 12 25.58637 11 12 20.97 +05 48 30.0  568   23.2  R  *  51181
025  2003 12 25.61753 11 12 21.14 +05 48 29.1  568   23.0  R  *  51181
026  2003 12 24.52888 11 26 11.37 +04 23 36.0  568   23.7  R  *  51181
026  2003 12 24.56000 11 26 11.60 +04 23 34.9  568   23.6  R  *  51181
026  2003 12 24.59563 11 26 11.84 +04 23 33.5  568     *   *  *  51181
026  2003 12 25.52848 11 26 18.84 +04 23 00.6  568   23.9  R  *  51181
026  2003 12 25.55965 11 26 19.06 +04 22 59.4  568   23.7  R  *  51181
026  2003 12 25.59082 11 26 19.27 +04 22 58.5  568   23.6  R  *  51181
027  2003 12 24.53109 11 26 58.87 +05 48 02.2  568   23.0  R  *  51181
027  2003 12 24.56223 11 26 59.08 +05 48 02.0  568   22.7  R  *  51181
027  2003 12 24.59787 11 26 59.32 +05 48 01.8  568   22.6  R  *  51181
028  2003 02 06.45870 09 01 29.37 +17 23 41.1  568   23.0  R  *  47500
028  2003 02 06.47874 09 01 28.80 +17 23 44.3  568     *   *  *  47500
028  2003 12 24.55555 11 11 09.28 +06 01 09.8  568   22.9  R  *  51181
028  2003 12 24.58675 11 11 09.42 +06 01 08.6  568   22.9  R  *  51181
028  2003 12 24.62243 11 11 09.58 +06 01 07.1  568   22.9  R  *  51181
028  2003 12 25.55519 11 11 14.02 +06 00 31.5  568   22.8  R  *  51181
028  2003 12 25.61753 11 11 14.24 +06 00 29.4  568   22.4  R  *  51181
029  2003 12 24.54440 11 19 20.62 +06 16 13.0  568   23.4  R  *  51181
029  2003 12 24.57559 11 19 20.70 +06 16 13.0  568   23.5  R  *  51181
029  2003 12 24.61126 11 19 20.78 +06 16 12.7  568   23.9  R  *  51181
029  2003 12 25.54404 11 19 23.20 +06 16 06.0  568   22.8  R  *  51181
029  2003 12 25.57522 11 19 23.26 +06 16 05.7  568   23.3  R  *  51181
029  2003 12 25.60640 11 19 23.32 +06 16 05.4  568   23.4  R  *  51181
031  2003 02 08.34332 08 54 04.10 +18 34 51.5  568   23.1  R  *  47500
031  2003 02 08.36322 08 54 03.52 +18 34 54.4  568     *   *  *  47500
031  2003 12 25.54849 11 16 02.18 +05 29 44.0  568   23.9  R  *  51181
031  2003 12 25.57968 11 16 02.26 +05 29 43.7  568   24.0  R  *  51181
031  2003 12 25.61085 11 16 02.36 +05 29 43.2  568   24.1  R  *  51181
032  2003 12 24.53994 11 22 42.75 +06 04 00.9  568   23.3  R  *  51181
032  2003 12 24.57114 11 22 42.87 +06 04 00.0  568   23.7  R  *  51181
032  2003 12 24.60681 11 22 43.01 +06 03 59.1  568   23.7  R  *  51181
034  2003 12 24.55108 11 16 43.80 +06 23 07.5  568   24.0  R  *  51181
034  2003 12 24.58229 11 16 44.12 +06 23 07.3  568   23.4  R  *  51181
034  2003 12 24.61795 11 16 44.47 +06 23 06.9  568   23.7  R  *  51181
201  2004 02 22.34411 11 00 23.33 +07 19 42.5  695   22.7  R  o  52312
201  2004 02 22.39589 11 00 21.78 +07 19 52.5  695     *   *  o  52312
301  2004 02 22.34411 11 00 42.42 +07 50 49.0  695   22.0  R  o  52312
301  2004 02 22.39589 11 00 40.98 +07 50 57.3  695     *   *  o  52312
308  2003 12 25.53069 11 29 49.90 +05 34 31.2  568   23.3  R  *  51180
308  2003 12 25.56187 11 29 50.18 +05 34 30.5  568   23.6  R  *  51180
308  2003 12 25.59305 11 29 50.45 +05 34 29.9  568     *   *  *  51180
308  2004 01 24.38157 11 28 58.03 +05 57 34.0  675     *   *  *  51180
308  2004 01 24.44656 11 28 57.17 +05 57 41.3  675     *   *  *  51180
308  2004 01 24.53402 11 28 56.01 +05 57 50.8  675     *   *  *  51180
321  2003 12 24.53772 11 23 32.35 +05 53 12.3  568   23.8  R  *  51180
321  2003 12 24.56891 11 23 32.72 +05 53 11.0  568   23.6  R  *  51180
321  2003 12 24.60456 11 23 33.13 +05 53 09.5  568   23.8  R  *  51180
321  2003 12 25.53734 11 23 44.18 +05 52 36.0  568   23.8  R  *  51180
321  2003 12 25.56854 11 23 44.52 +05 52 34.8  568   24.0  R  *  51180
321  2003 12 25.59973 11 23 44.86 +05 52 33.8  568   23.5  R  *  51180
