517  438434614690539592 2189.7303145280939  175.07707545375428    4.03776720068738 -0.142017471722902161  0.903790211273521660  0.390306123504348401 245.91508647807242
517  438434614690539593 2189.7303707778237  175.07706577459584    4.03777476946794 -0.142018450777798649  0.903790076572554613  0.390306065686254200 245.91516246281714
517  438434614690539594 2189.7304270244772  175.07706353698458    4.03778564894334 -0.142019429779005085  0.903789941878069936  0.390306007870942939 245.91523896008897
517  438434614690539596 2189.7305395145054  175.07708453254614    4.03776493024385 -0.142021387723935327  0.903789672494296314  0.390305892242552799 245.91539363029199
517  438434614690539597 2189.7305957637809  175.07708081517245    4.03777511053618 -0.142022366770360092  0.903789537790876896  0.390305834423408604 245.91546985867720
517  438434614690539598 2189.7306520096604  175.07707792704446    4.03778571630163 -0.142023345757525982  0.903789403094706345  0.390305776607376642 245.91554603252385
517  438434614690539599 2189.7307082303187  175.07708621969246    4.03774769973699 -0.142024324305573657  0.903789268458049300  0.390305718816890301 245.91562279087145
518  199681478201403421 1757.9573635296917  142.70339120639736   15.67866049595084  0.859996156781714816  0.477807814961858146  0.207458222603253944 240.39074851510264
518  199681478201403422 1757.9574197265626  142.70340867360625   15.67864239118192  0.859995632528522624  0.477808580524960447  0.207458552142051833 240.39066825414366
518  199681478201403423 1757.9574759758993  142.70342320530173   15.67862249155512  0.859995107785064161  0.477809346802340329  0.207458881988309168 240.39058720657536
518  199681478201403424 1757.9575322156500  142.70341954304905   15.67864923381121  0.859994583130217927  0.477810112948665988  0.207459211778150326 240.39050128890025
518  199681478201403425 1757.9575884607016  142.70343181196583   15.67862825018864  0.859994058425099905  0.477810879166747859  0.207459541598875863 240.39041970373199
518  199681478201403426 1757.9576447066745  142.70344881710844   15.67860991826455  0.859993533710568525  0.477811645396920837  0.207459871424802655 240.39033937300661
518  199681478201403427 1757.9577009517466  142.70344110834128   15.67863452453075  0.859993009003626407  0.477812411614356225  0.207460201245243142 240.39025233745323
518  227597928360892411 1808.4428427185878  144.91750017486666   15.07219569959059  0.137484769552313868  0.903927348312824286  0.390422758903586520 233.48840810593660
518  227597928360892412 1808.4428989192577  144.91746662504519   15.07223531596361  0.137483789619644997  0.903927467217123026  0.390422809845544783 233.48855018065754
518  227597928360892413 1808.4429551717060  144.91746239493150   15.07223442243343  0.137482808784032073  0.903927586230083846  0.390422860834056862 233.48870005253531
518  227597928360892414 1808.4430114182014  144.91746179884152   15.07223598216912  0.137481828052074651  0.903927705229566669  0.390422911816794505 233.48885091277916
518  227597928360892415 1808.4430676697425  144.91745768056614   15.07223481754204  0.137480847232016229  0.903927824238838884  0.390422962803726015 233.48900089381434
518  227597928360892416 1808.4431239181015  144.91745442566651   15.07223413926353  0.137479866467316247  0.903927943240493192  0.390423013787393913 233.48915114090531
518  227597928360892417 1808.4431801648577  144.91745464944316   15.07223586077704  0.137478885730436345  0.903928062237871366  0.390423064769229555 233.48930235610072
518  227597928360892418 1808.4432364119600  144.91745168254303   15.07223525736335  0.137477904987387323  0.903928181235097550  0.390423115750999916 233.48945277885937
518  227597928360892419 1808.4432926254033  144.91747958091520   15.07219576178392  0.137476924831100883  0.903928300160229625  0.390423166701883206 233.48961119950417
518  227638852140949781 1808.5168513036949  144.91414156378133   15.07217823128736  0.136194221618260641  0.904083163409011181  0.390489514414152250 233.67926521107955
518  227638852140949782 1808.5169075086437  144.91417274975959   15.07213624265014  0.136193241442806728  0.904083281158621910  0.390489564861295324 233.67941401072818
518  227638852140949783 1808.5169637651800  144.91417202007688   15.07213246226337  0.136192260367571510  0.904083399015423894  0.390489615354362052 233.67955475884722
518  227638852140949784 1808.5170200177404  144.91417092153102   15.07212859044568  0.136191279361549455  0.904083516863010805  0.390489665843480604 233.67969554739551
518  227638852140949785 1808.5170762684374  144.91417085083137   15.07212564557086  0.136190298387894732  0.904083634705808659  0.390489716330547465 233.67983673489721
518  227638852140949786 1808.5171325225622  144.91417178257362   15.07212362662310  0.136189317354338840  0.904083752554901587  0.390489766820311168 233.67997830894222
518  227638852140949787 1808.5171887788929  144.91416875368068   15.07211905638958  0.136188336282179329  0.904083870407731305  0.390489817311675702 233.68011895777047
518  227638852140949789 1808.5173012438752  144.91416697830581   15.07211413441290  0.136186374968975482  0.904084106010850985  0.390489918250473800 233.68040146809435
518  319717690598082561 1975.0367438586288  138.71000331586609   16.62154927545298 -0.376591778482978479 -0.872103483933502011 -0.379252763602103138  57.63955478535330
518  319717690598082562 1975.0368000603178  138.70997898271560   16.62157841890026 -0.376590889902599646 -0.872103819109992684 -0.379252910568360413  57.63940614480004
518  319717690598082563 1975.0368563239037  138.70999606353286   16.62157488568343 -0.376590000343253573 -0.872104154654845587 -0.379253057696135709  57.63926900720647
518  319717690598082564 1975.0369125773329  138.71000440833691   16.62156608063610 -0.376589110944153427 -0.872104490138344457 -0.379253204797009358  57.63912939338945
518  319717690598082565 1975.0369688330575  138.71001297365237   16.62155749024008 -0.376588221508432131 -0.872104825634748004 -0.379253351903542146  57.63898979182779
518  319717690598082566 1975.0370250929534  138.71003114907185   16.62155482304572 -0.376587332006419251 -0.872105161155247943 -0.379253499020641149  57.63885283875779
518  319717690598082567 1975.0370813465834  138.71001289961254   16.62158822156037 -0.376586442603134730 -0.872105496637598621 -0.379253646121013366  57.63870554673392
518  422268925339455101 2160.4954319748817  172.72881092604635    4.80499384325766  0.363605490031853218  0.854031634288128338  0.369035620579333479 160.09736618374430
518  422268925339455102 2160.4954881779431  172.72883558441282    4.80499897131388  0.363604566576616273  0.854031955490026529  0.369035758182024443 160.09728524657888
518  422268925339455104 2160.4956006816192  172.72883843635955    4.80499232364709  0.363602718062208785  0.854032598448858815  0.369036033625181004 160.09711911432251
518  422268925339455105 2160.4956569280616  172.72886277266156    4.80499826285248  0.363601793893149006  0.854032919896188791  0.369036171333012419 160.09703784162843
518  422268925339455106 2160.4957131789688  172.72888716214766    4.80500395925034  0.363600869650374803  0.854033241368207130  0.369036309051419431 160.09695646605599
518  422268925339455107 2160.4957694333425  172.72886652292232    4.80498913472611  0.363599945350300824  0.854033562859203399  0.369036446777955995 160.09687121178811
518  422268925339455108 2160.4958256824093  172.72889097560832    4.80499431415466  0.363599021137075540  0.854033884319040593  0.369036584491143127 160.09678961318181
518  422268925339455109 2160.4958818944883  172.72886901261447    4.80498315843083  0.363598097531238729  0.854034205566665094  0.369036722113417703 160.09670405953239
518  438434832107695151 2189.7306515296295  174.39964291139711    4.16226034526659 -0.142023337402351235  0.903789404244275785  0.390305777100809714 245.86768885871498
518  438434832107695152 2189.7307077267287  174.39964036018867    4.16227223835184 -0.142024315540343171  0.903789269664045491  0.390305719334543610 245.86776713626884
518  438434832107695154 2189.7308202277450  174.39962685999643    4.16229215043010 -0.142026273675105924  0.903789000245125873  0.390305603691074532 245.86792268628054
518  438434832107695155 2189.7308764796858  174.39964866200984    4.16226129190665 -0.142027252767218143  0.903788865530906427  0.390305545867298043 245.86800213012160
518  438434832107695156 2189.7309327242751  174.39966225756220    4.16222698179485 -0.142028231731229748  0.903788730833408160  0.390305488050699478 245.86808073980654
518  438434832107695157 2189.7309889759522  174.39965369897700    4.16223668615285 -0.142029210818462148  0.903788596118051291  0.390305430226436045 245.86815751725334
518  438434832107695158 2189.7310452206530  174.39964794790211    4.16224774249897 -0.142030189784131955  0.903788461418515876  0.390305372408964568 245.86823426035664
518  438434832107695159 2189.7311014351239  174.39969990735315    4.16212327027413 -0.142031168223497289  0.903788326790493368  0.390305314622189314 245.86831497942686
518  527243482214372841 2350.3365748572442  165.57346768231398    7.30011350339758 -0.213563068201413714 -0.917076907628719074 -0.398962370794677335  67.48316842578889
518  527243482214372842 2350.3366310667780  165.57346106823664    7.30014984952531 -0.213562133191045056 -0.917077099720081224 -0.398962455162845342  67.48313815659613
518  527243482214372843 2350.3366873210780  165.57346809189630    7.30013872435424 -0.213561197435841010 -0.917077291963607211 -0.398962539597846055  67.48310964372962
518  527243482214372844 2350.3367435743330  165.57347496845159    7.30012742381489 -0.213560261697813558 -0.917077484202746929 -0.398962624030921142  67.48308117605906
518  527243482214372845 2350.3367998302256  165.57346469704171    7.30016214588684 -0.213559325915725740 -0.917077676450080981 -0.398962708467596128  67.48305061585336
518  527243482214372846 2350.3368560791168  165.57346993919396    7.30015001034738 -0.213558390249901836 -0.917077868672672047 -0.398962792893404694  67.48302213297752
518  527243482214372847 2350.3369123337002  165.57345708266635    7.30018364251316 -0.213557454489211790 -0.917078060913894766 -0.398962877327397492  67.48299140968247
518  527243482214372848 2350.3369685911057  165.57346349274823    7.30017215130510 -0.213556518681379509 -0.917078253163944868 -0.398962961765268076  67.48296317028890
518  527243482214372849 2350.3370248140232  165.57347686094946    7.30016354037710 -0.213555583447038705 -0.917078445295321343 -0.398963046151017187  67.48293582146309
518  648718507369038231 2570.0179746936210  201.56670509274284   -7.15436620277142 -0.395542977001841267  0.839061985133475408  0.362549654555771317 246.68140404303645
518  648718507369038232 2570.0180308896406  201.56669078078681   -7.15431754689975 -0.395543885349786906  0.839061621306066319  0.362549498382143287 246.68141570561369
518  648718507369038233 2570.0180871500020  201.56670223255074   -7.15436502949628 -0.395544794737358818  0.839061257061270882  0.362549342029351407 246.68142423886022
518  648718507369038234 2570.0181433811031  201.56671716818752   -7.15435731245396 -0.395545703651586145  0.839060893005091568  0.362549185757523706 246.68143224893035
518  648718507369038235 2570.0181996432948  201.56670900521405   -7.15435956888754 -0.395546613067976616  0.839060528746798706  0.362549029398938405 246.68144326099667
518  648718507369038237 2570.0183121337154  201.56671292656415   -7.15435523866861 -0.395548431350619623  0.839059800447634174  0.362548716775097091 246.68146275637017
518  648718507369038238 2570.0183683797127  201.56672706521715   -7.15440140974170 -0.395549340504075753  0.839059436291725969  0.362548560460461300 246.68147107381742
518  671033144385824452 2610.3729161257011  201.10636426237960   -7.54250368289443 -0.899213781217961916  0.396322217765272211  0.172241550623079387 182.94445298567376
518  671033144385824453 2610.3729723731376  201.10639213602610   -7.54249572750535 -0.899214216959159707  0.396321400591582329  0.172241198560211278 182.94468314422380
518  671033144385824454 2610.3730286242662  201.10637015899584   -7.54249271178529 -0.899214652728079988  0.396320583363875933  0.172240846474067594 182.94491990770663
518  671033144385824455 2610.3730848702835  201.10639796376782   -7.54248617555682 -0.899215088456530642  0.396319766210038560  0.172240494419745122 182.94515010550424
518  671033144385824456 2610.3731411247177  201.10637551242496   -7.54249130888172 -0.899215524249305176  0.396318948933542803  0.172240142312574090 182.94538703844657
518  671033144385824457 2610.3731973790104  201.10640272576313   -7.54249409672589 -0.899215960040111173  0.396318131658712047  0.172239790206116627 182.94561747210562
518  671033144385824458 2610.3732536274924  201.10643016885143   -7.54249074646242 -0.899216395785026434  0.396317314467917292  0.172239438135860734 182.94584787861916
518  671033144385824459 2610.3733098451635  201.10640765026935   -7.54249288308224 -0.899216831290379548  0.396316497724369388  0.172239086258288432 182.94608481163988
518  671309807108025711 2610.8731903852590  201.06851575545315   -7.53435503104729 -0.903054651037374145  0.389039047369060698  0.169103595534739803 185.06615102960751
518  671309807108025712 2610.8732465826624  201.06850406642513   -7.53434803943471 -0.903055078591904148  0.389038227542738591  0.169103242295806255 185.06638727706243
518  671309807108025713 2610.8733028412089  201.06849187072837   -7.53434837966367 -0.903055506610734748  0.389037406824067844  0.169102888672382212 185.06662371569456
518  671309807108025714 2610.8733590892020  201.06847983118425   -7.53434881108344 -0.903055934548394612  0.389036586258977357  0.169102535115127628 185.06685997870164
518  671309807108025715 2610.8734153473297  201.06851773677093   -7.53434868464967 -0.903056362562278503  0.389035765545664436  0.169102181494004633 185.06708965165598
518  671309807108025716 2610.8734715975024  201.06850569285123   -7.53435274659812 -0.903056790514759400  0.389034944948028150  0.169101827922719522 185.06732583067270
518  671309807108025717 2610.8735278456161  201.06849484037684   -7.53434527052261 -0.903057218450700416  0.389034124380043589  0.169101474364206666 185.06756182741833
518  671309807108025718 2610.8735840910390  201.06853315159935   -7.53434597253516 -0.903057646365285183  0.389033303850947421  0.169101120822445938 185.06779142378468
518  671309807108025719 2610.8736403073863  201.06866991000845   -7.53435978500920 -0.903058074057789817  0.389032483745629598  0.169100767463275015 185.06800806955951
518  671407215154466071 2611.0493478800895  201.05505788890360   -7.53136537582508 -0.904390558316934823  0.386467361111926366  0.167995513455082596 185.81354947574286
518  671407215154466072 2611.0494040789317  201.05504873649397   -7.53136098018703 -0.904390983128567139  0.386466540090018629  0.167995159689202811 185.81379454032057
518  671407215154466073 2611.0494603270354  201.05503941924042   -7.53135839326361 -0.904391408311687850  0.386465718348070253  0.167994805613064652 185.81403987047443
518  671407215154466074 2611.0495165779798  201.05502977177116   -7.53135960284014 -0.904391833515400867  0.386464896564247262  0.167994451518879595 185.81428531686711
518  671407215154466075 2611.0495728252713  201.05502061041429   -7.53135697330750 -0.904392258690623785  0.386464074833410332  0.167994097447521695 185.81453075817166
518  671407215154466076 2611.0496290719257  201.05506066259787   -7.53136122211505 -0.904392683860148483  0.386463253111510141  0.167993743380010635 185.81476985643081
518  671407215154466077 2611.0496853246077  201.05505157190936   -7.53136036094332 -0.904393109074358659  0.386462431301170362  0.167993389274388533 185.81501554864960
518  671407215154466078 2611.0497415719146  201.05504260318395   -7.53135928106020 -0.904393534247054487  0.386461609568988784  0.167993035202439828 185.81526132860913
518  671545545982123081 2611.2995121331733  201.03589643613068   -7.52701901996791 -0.906272856067178889  0.382808966573465026  0.166419129285587775 186.87762234846818
518  671545545982123082 2611.2995683334943  201.03594226859627   -7.52702364010550 -0.906273276972437203  0.382808143875695617  0.166418774780732776 186.87786120752506
518  671545545982123083 2611.2996245831832  201.03593865687671   -7.52702453092277 -0.906273698246550685  0.382807320454870204  0.166418419964305314 186.87810696398813
518  671545545982123084 2611.2996808310022  201.03593541493098   -7.52702231635224 -0.906274119505773301  0.382806497061055628  0.166418065159513157 186.87835288415005
518  671545545982123085 2611.2997370811577  201.03593161617178   -7.52702442003313 -0.906274540781612958  0.382805673632665489  0.166417710339818448 186.87859908505234
518  671545545982123086 2611.2997933258052  201.03592829708523   -7.52702212648899 -0.906274962015320651  0.382804850284531872  0.166417355554702801 186.87884534351713
518  671545545982123087 2611.2998495774332  201.03592484690830   -7.52702024608749 -0.906275383300424675  0.382804026833843181  0.166417000725391867 186.87909175975048
518  671545545982123088 2611.2999058230771  201.03592148216785   -7.52701680308577 -0.906275804539829144  0.382803203470383824  0.166416645933664703 186.87933820502118
518  671586468824884581 2611.3735190192797  201.03021039986538   -7.52571327275085 -0.906826357965738961  0.381725284350840244  0.165952161542951726 187.19404270286014
518  671586468824884582 2611.3735752197831  201.03025834908766   -7.52571535960561 -0.906826777711926657  0.381724461164137718  0.165951806822401793 187.19427101447374
518  671586468824884583 2611.3736314753201  201.03025634290054   -7.52571312641570 -0.906827197868267820  0.381723637170960972  0.165951451754329182 187.19450620525876
518  671586468824884584 2611.3736877253923  201.03025360735512   -7.52571291348146 -0.906827617982907119  0.381722813257466653  0.165951096720588720 187.19474157476404
518  671586468824884585 2611.3737439715460  201.03025084495755   -7.52571030720860 -0.906828038067398090  0.381721989400997275  0.165950741711417216 187.19497702677705
518  671586468824884586 2611.3738002224495  201.03024764394425   -7.52570964067244 -0.906828458186481945  0.381721165474584234  0.165950386672102379 187.19521265329141
518  671586468824884587 2611.3738564774276  201.03024409180310   -7.52571132977683 -0.906828878335113830  0.381720341488120951  0.165950031606907356 187.19544843572876
518  671586468824884588 2611.3739127299805  201.03024055993541   -7.52571356391867 -0.906829298464744804  0.381719517536820374  0.165949676556860548 187.19568429027879
518  671586468824884589 2611.3739689398913  201.03023839216010   -7.52570675333695 -0.906829718275023899  0.381718694209728482  0.165949321775788555 187.19591985033298
518  671822207967723801 2611.7998412481638  200.99742836310136   -7.51797667737233 -0.909985055363991657  0.375470258977064708  0.163256689562610191 189.00700888112840
518  671822207967723802 2611.7998974490229  200.99743567575428   -7.51797727745857 -0.909985468414929888  0.375469433011743237  0.163256333615609206 189.00725176885371
518  671822207967723803 2611.7999536972438  200.99744296195303   -7.51797664007517 -0.909985881813066722  0.375468606350005729  0.163255977368486210 189.00749495684383
518  671822207967723804 2611.8000099485821  200.99744922938191   -7.51798052013638 -0.909986295233230269  0.375467779642086996  0.163255621101457804 189.00773838179236
518  671822207967723805 2611.8000661970377  200.99745568635413   -7.51798168327678 -0.909986708631321806  0.375466952976170165  0.163255264852526061 189.00798185689644
518  671822207967723806 2611.8001224414929  200.99746254614851   -7.51797940910484 -0.909987121999124682  0.375466126368687148  0.163254908628772316 189.00822536890871
518  671822207967723807 2611.8001786932350  200.99746899535634   -7.51797940739782 -0.909987535419594984  0.375465299653750861  0.163254552358708088 189.00846910541742
518  671822207967723808 2611.8002349421799  200.99747494603182   -7.51798283578065 -0.909987948818625769  0.375464472979551933  0.163254196106195626 189.00871305685885
518  671863130942926201 2611.8738483649495  200.99165907641239   -7.51659167814624 -0.910528207870053508  0.374382287290855265  0.162787828450294936 189.32340670109227
518  671863130942926202 2611.8739045635161  200.99166704793876   -7.51658871407866 -0.910528619739210732  0.374381460882643347  0.162787472307349829 189.32364034485633
518  671863130942926203 2611.8739608190017  200.99167475324640   -7.51658701303285 -0.910529032024636642  0.374380633637055427  0.162787115803531307 189.32387425346735
518  671863130942926204 2611.8740170685101  200.99168130425821   -7.51659193695436 -0.910529444265366528  0.374379806479008759  0.162786759337435055 189.32410829548297
518  671863130942926205 2611.8740733315080  200.99168780882442   -7.51659683407725 -0.910529856604073373  0.374378979122230837  0.162786402785691092 189.32434240392496
518  671863130942926206 2611.8741295722702  200.99169622788756   -7.51658985900812 -0.910530268778933061  0.374378152092070982  0.162786046374700261 189.32457615767234
518  671863130942926207 2611.8741858299422  200.99170203284339   -7.51659840869360 -0.910530681076832438  0.374377324812890655  0.162785689856389471 189.32481038904612
518  671863130942926208 2611.8742420744247  200.99170961843973   -7.51659594782267 -0.910531093277185732  0.374376497727296864  0.162785333421501560 189.32504434761790
518  672098871476484251 2612.3001731330069  200.95869260023585   -7.50845001342522 -0.913627180047073773  0.368102782134773210  0.160081546358161964 191.13434735935169
518  672098871476484252 2612.3002293323220  200.95866166340738   -7.50844281343060 -0.913627585198161785  0.368101952997944459  0.160081189009793401 191.13459518237445
518  672098871476484253 2612.3002855892378  200.95867849849822   -7.50844904945377 -0.913627990763615450  0.368101123010945941  0.160080831295007553 191.13483677590850
518  672098871476484254 2612.3003418287276  200.95869702027764   -7.50844628466303 -0.913628396202550652  0.368100293280690882  0.160080473690871250 191.13507768420570
518  672098871476484255 2612.3003980907665  200.95866431480482   -7.50844680381332 -0.913628801803157198  0.368099463217399836  0.160080115943196405 191.13532509525282
518  672098871476484256 2612.3004543316315  200.95868202416960   -7.50844732026329 -0.913629207250225672  0.368098633466149461  0.160079758330003596 191.13556553246784
518  672098871476484257 2612.3005105827579  200.95869932171672   -7.50844970978797 -0.913629612770381683  0.368097803563148807  0.160079400651404191 191.13580591615565
518  672098871476484258 2612.3005668281817  200.95871592764237   -7.50845548498437 -0.913630018248541176  0.368096973743919531  0.160079043008905381 191.13604631386349
518  672098871476484259 2612.3006230407677  200.95883052213205   -7.50847631304393 -0.913630423489078969  0.368096144408814163  0.160078685575054419 191.13627377427974
518  723603030484342822 2705.4428931707630  193.12545796776106   -3.57353363920240 -0.379992784401855244 -0.866904772049954753 -0.376821537678671270 354.71148771412669
518  723603030484342823 2705.4429494197416  193.12546586904733   -3.57353231446187 -0.379991897498552056 -0.866905108771215294 -0.376821685359609249 354.71164478056687
518  723603030484342824 2705.4430056705050  193.12547405645324   -3.57353200248865 -0.379991010566753717 -0.866905445502385463 -0.376821833044894805 354.71180182823463
518  723603030484342825 2705.4430619184450  193.12548291575274   -3.57353698325624 -0.379990123679143810 -0.866905782215870446 -0.376821980722425176 354.71195885502755
518  723603030484342826 2705.4431181699601  193.12549125028934   -3.57353476893131 -0.379989236734815883 -0.866906118949980264 -0.376822128409002532 354.71211590381552
518  723603030484342827 2705.4431744193494  193.12545119388798   -3.57354312441930 -0.379988349823663918 -0.866906455670585996 -0.376822276089658403 354.71227599753030
518  723603030484342828 2705.4432306673698  193.12545989928165   -3.57354490843705 -0.379987462933756071 -0.866906792382217239 -0.376822423766379699 354.71243304280671
518  723603030484342829 2705.4432868830486  193.12546846967658   -3.57354753273402 -0.379986576553451916 -0.866907128899467638 -0.376822571357849578 354.71259001109649
518  886576335010505571 3000.1717488447634  230.70855310916261  -17.53720623774546 -1.003726395324388010  0.016272622584474181  0.008064843023698266 222.72474332679846
518  886576335010505572 3000.1718050514282  230.70852643845831  -17.53718960920017 -1.003726423622816721  0.016271720560103318  0.008064452411632431 222.72491820512781
518  886576335010505573 3000.1718613043977  230.70854088722012  -17.53720330017063 -1.003726451943601106  0.016270817792614044  0.008064061477762310 222.72508080844821
518  886576335010505575 3000.1719738152315  230.70856421313098  -17.53723695255997 -1.003726508584759758  0.016269012179077318  0.008063279575989011 222.72540770140856
518  886576335010505576 3000.1720300697170  230.70853913121326  -17.53721946561945 -1.003726536903433608  0.016268109387246928  0.008062888631563949 222.72558219422368
518  886576335010505577 3000.1720863193459  230.70855424116058  -17.53723287574318 -1.003726565218705291  0.016267206673352654  0.008062497720883540 222.72574454159877
518  886576335010505578 3000.1721425722576  230.70856844596958  -17.53724720414770 -1.003726593534671530  0.016266303906771494  0.008062106787382872 222.72590716734541
518  886576335010505579 3000.1721987918349  230.70854324591735  -17.53722959489574 -1.003726621832900845  0.016265401675158463  0.008061716085539730 222.72608156651310
518  937762540838465861 3092.7393966414461  222.15353627528586  -14.51710696459440 -0.017111543096194125 -0.935168173449738571 -0.406677215198090358  21.47616800178436
518  937762540838465862 3092.7394528439713  222.15352679448898  -14.51710467785218 -0.017110585659308866 -0.935168190814395284 -0.406677223260304588  21.47638872821744
518  937762540838465863 3092.7395090990713  222.15351723016434  -14.51710305668344 -0.017109627326777479 -0.935168208194460671 -0.406677231329694910  21.47660973642801
518  937762540838465864 3092.7395653474609  222.15350778654818  -14.51710144942252 -0.017108669108540399 -0.935168225571617717 -0.406677239397756907  21.47683075381394
518  937762540838465865 3092.7396215951508  222.15349893750385  -14.51709866602438 -0.017107710902207484 -0.935168242947723605 -0.406677247465352942  21.47705168564317
518  937762540838465866 3092.7396778451939  222.15348964880508  -14.51709721958484 -0.017106752655764144 -0.935168260323720912 -0.406677255532920667  21.47727278178533
518  937762540838465867 3092.7397340962916  222.15348002009051  -14.51709682473884 -0.017105794391340530 -0.935168277699208850 -0.406677263600273731  21.47749399199268
518  937762540838465868 3092.7397903475876  222.15347220660070  -14.51709213953205 -0.017104836123512025 -0.935168295073923184 -0.406677271667289730  21.47771475816745
518  937762540838465869 3092.7398465628926  222.15346456705990  -14.51708709389938 -0.017103878468791692 -0.935168312436685856 -0.406677279728778651  21.47793532585793
518  937900869853310911 3092.9895576316171  222.13832209170286  -14.51616008178565 -0.012849750834524578 -0.935237206608364735 -0.406709484311672087  22.47103980649191
518  937900869853310912 3092.9896138370759  222.13835684015294  -14.51617173053157 -0.012848793269441846 -0.935237220262277180 -0.406709490748913716  22.47124979693159
518  937900869853310913 3092.9896700907784  222.13834384914614  -14.51616682656853 -0.012847834882427215 -0.935237233927074030 -0.406709497191315106  22.47147192317778
518  937900869853310914 3092.9897263387165  222.13837646355759  -14.51618374748190 -0.012846876593598053 -0.935237247589635334 -0.406709503632690483  22.47168259809487
518  937900869853310915 3092.9897825890521  222.13836311467691  -14.51617984122109 -0.012845918263912195 -0.935237261251943841 -0.406709510073974601  22.47190480874356
518  937900869853310916 3092.9898388373094  222.13835016296741  -14.51617505342263 -0.012844959969620489 -0.935237274912912531 -0.406709516514655089  22.47212693789350
518  937900869853310917 3092.9898950920583  222.13833783513886  -14.51616884665813 -0.012844001564707878 -0.935237288574622516 -0.406709522955712943  22.47234897784452
518  937900869853310918 3092.9899513431087  222.13832314163236  -14.51616819085955 -0.012843043222790335 -0.935237302234598555 -0.406709529395981650  22.47257167092339
518  937900869853310919 3092.9900075593009  222.13835683309489  -14.51618278139833 -0.012842085474743886 -0.935237315885275367 -0.406709535831893787  22.47278215533885
518  937998275868155361 3093.1657114345012  222.12772191210439  -14.51555510907474 -0.009848568668936710 -0.935275904886739728 -0.406727866213139388  23.17219803994714
518  937998275868155362 3093.1657676319705  222.12770664915567  -14.51555089238031 -0.009847611194911466 -0.935275915925357415 -0.406727871505010774  23.17243236657309
518  937998275868155363 3093.1658238812761  222.12769201126198  -14.51554538519099 -0.009846652837688763 -0.935275926973322624 -0.406727876801397825  23.17266668439914
518  937998275868155364 3093.1658801284366  222.12772453265219  -14.51555810709776 -0.009845694517008247 -0.935275938020031061 -0.406727882097217108  23.17288918618958
518  937998275868155365 3093.1659363739932  222.12770857902643  -14.51555581507732 -0.009844736223644934 -0.935275949065589307 -0.406727887392519583  23.17312394710127
518  937998275868155366 3093.1659926198990  222.12774078026655  -14.51556958972311 -0.009843777924320347 -0.935275960110380944 -0.406727892687489156  23.17334677897739
518  937998275868155367 3093.1660488662210  222.12772572893718  -14.51556556155588 -0.009842819617882468 -0.935275971154418961 -0.406727897982132325  23.17358160272172
518  937998275868155368 3093.1661051094788  222.12771068949615  -14.51556153331116 -0.009841861363640939 -0.935275982197020572 -0.406727903276121183  23.17381650958640
518  937998275868155369 3093.1661613230008  222.12769748502191  -14.51555325136201 -0.009840903616020484 -0.935275993232949299 -0.406727908566945739  23.17405087056436
518  940252369402360071 3097.2421248664132  221.89703399895143  -14.51284545993586  0.059584812262259035 -0.933883473741974890 -0.406151153106439733  39.56214787793001
518  940252369402360072 3097.2421810728902  221.89707302477998  -14.51287747437860  0.059585768621618879 -0.933883424316440225 -0.406151131914038011  39.56235570088507
518  940252369402360073 3097.2422373205050  221.89707211461015  -14.51287899268680  0.059586725680879464 -0.933883374853897608 -0.406151110705760654  39.56257362379492
518  940252369402360074 3097.2422935713821  221.89703327649849  -14.51284780460384  0.059587682795610435 -0.933883325387651730 -0.406151089495887629  39.56280100676546
518  940252369402360075 3097.2423498199687  221.89706918100254  -14.51288328476975  0.059588639871319488 -0.933883275922586353 -0.406151068286512762  39.56300965568031
518  940252369402360076 3097.2424060711728  221.89703144030406  -14.51285093507262  0.059589596991513144 -0.933883226454384818 -0.406151047075785643  39.56323672837875
518  940252369402360077 3097.2424623198976  221.89702842959451  -14.51285502314010  0.059590554069482729 -0.933883176987529207 -0.406151025865627680  39.56345512195408
518  940252369402360078 3097.2425185696598  221.89702882935225  -14.51285508738832  0.059591511165038261 -0.933883127518927658 -0.406151004654713543  39.56367264561726
518  940252369402360079 3097.2425747836696  221.89702558027943  -14.51285939367953  0.059592467652231793 -0.933883078080934514 -0.406150983456915582  39.56389098288626
518  940390695971565971 3097.4922814188690  221.88386985121048  -14.51344248911089  0.063840765586961279 -0.933655250678308124 -0.406053219968948331  40.55116069761523
518  940390695971565972 3097.4923376201400  221.88390199934429  -14.51347419590697  0.063841721635743004 -0.933655197551375604 -0.406053197154898071  40.55136934902568
518  940390695971565973 3097.4923938720117  221.88389885081099  -14.51347015662109  0.063842678545240353 -0.933655144375777568 -0.406053174319942367  40.55158700495827
518  940390695971565974 3097.4924501229443  221.88389413623506  -14.51346785289698  0.063843635438719168 -0.933655091200232712 -0.406053151485002206  40.55180504264467
518  940390695971565975 3097.4925063705773  221.88388583514265  -14.51346961640822  0.063844592276014689 -0.933655038026972917 -0.406053128651036266  40.55202398571197
518  940390695971565976 3097.4925626203644  221.88388236172213  -14.51346596137062  0.063845549149896708 -0.933654984850843084 -0.406053105815830651  40.55224175186003
518  940390695971565977 3097.4926188743616  221.88383779219600  -14.51343335202953  0.063846506095348005 -0.933654931669899546 -0.406053082978550306  40.55246989391608
518  940390695971565978 3097.4926751260359  221.88387335807980  -14.51346127763746  0.063847463001239238 -0.933654878490317253 -0.406053060141847555  40.55267802038926
518  940488101804285591 3097.6684349104398  221.87459371422574  -14.51385983850867  0.066837082305223755 -0.933484645427249515 -0.405979922240173652  41.24294217490798
518  940488101804285592 3097.6684911111720  221.87462571295808  -14.51388810866783  0.066838038178521270 -0.933484589691715216 -0.405979898283253648  41.24315681400208
518  940488101804285593 3097.6685473591742  221.87461897768497  -14.51388454294827  0.066838994855745487 -0.933484533908468861 -0.405979874305818444  41.24338132863039
518  940488101804285594 3097.6686036071815  221.87461184731958  -14.51388149463009  0.066839951533007758 -0.933484478124383288 -0.405979850328015757  41.24360592453610
518  940488101804285595 3097.6686598552083  221.87460579263362  -14.51387746502408  0.066840908210538411 -0.933484422339444841 -0.405979826349839590  41.24383023565069
518  940488101804285596 3097.6687160991478  221.87459843185746  -14.51387521537014  0.066841864818503419 -0.933484366557726597 -0.405979802373040433  41.24405483852799
518  940488101804285597 3097.6687723511009  221.87459260028137  -14.51387168552522  0.066842821562704338 -0.933484310767226599 -0.405979778392459967  41.24427907401645
518  940488101804285598 3097.6688285970458  221.87458583404290  -14.51386953693926  0.066843778204670093 -0.933484254981851280 -0.405979754414075356  41.24450348963171
518  940529023847554821 3097.7424403386358  221.87074633157775  -14.51408054574853  0.068095734011030321 -0.933410531500519558 -0.405948059722833987  41.53469190829292
518  940529023847554822 3097.7424965432788  221.87074365350986  -14.51407019658908  0.068096689878505368 -0.933410474665025691 -0.405948035284033171  41.53490835639314
518  940529023847554823 3097.7425527964706  221.87073292041021  -14.51406858917267  0.068097646571589815 -0.933410417779604540 -0.405948010823757477  41.53512695190762
518  940529023847554824 3097.7426090435488  221.87072579068081  -14.51406300979184  0.068098603160657245 -0.933410360899531111 -0.405947986365774449  41.53534460840192
518  940529023847554825 3097.7426653009002  221.87071581469706  -14.51406042411772  0.068099559924375150 -0.933410304008235547 -0.405947961902959231  41.53556298425702
518  940529023847554826 3097.7427215486628  221.87070893714477  -14.51405431267037  0.068100516524957688 -0.933410247125803227 -0.405947937443948415  41.53578053706693
518  940529023847554827 3097.7427777987295  221.87070169385007  -14.51404841770046  0.068101473164683027 -0.933410190240206439 -0.405947912983569970  41.53599816552245
518  940529023847554828 3097.7428340440824  221.87069139443935  -14.51404567835454  0.068102429724167621 -0.933410133358544281 -0.405947888524876621  41.53621650253202
518  940529023847554829 3097.7428902585980  221.87057054904574  -14.51394141976565  0.068103385759170743 -0.933410076507233843 -0.405947864079227727  41.53646240138569
518  963324337172447741 3138.9666041692258  221.49085755109817  -15.32901085664374  0.700345962012478229 -0.679003634311488580 -0.294829187812626070 332.35045834175833
518  963324337172447742 3138.9666603690916  221.49083747875900  -15.32902745013591  0.700346659858079867 -0.679003023575182052 -0.294828920856543608 332.35046138934592
518  963324337172447743 3138.9667166204695  221.49086146270557  -15.32901872179002  0.700347358342685355 -0.679002412278467027 -0.294828653655504203 332.35045282105131
518  963324337172447744 3138.9667728706463  221.49083974650915  -15.32903154948865  0.700348056811759156 -0.679001800994175841 -0.294828386459896064 332.35045634414934
518  963324337172447745 3138.9668291201961  221.49081927385882  -15.32904655848075  0.700348755272412138 -0.679001189716084919 -0.294828119266998701 332.35045953158385
518  963324337172447746 3138.9668853689877  221.49084186803918  -15.32903495366147  0.700349453723029147 -0.679000578445608127 -0.294827852077430286 332.35045128111727
518  963324337172447747 3138.9669416187658  221.49082231339509  -15.32905151060433  0.700350152185268970 -0.678999967163789853 -0.294827584882905169 332.35045412106217
518  963324337172447748 3138.9669978734505  221.49084560931900  -15.32904106489827  0.700350850707802230 -0.678999355828034501 -0.294827317664804356 332.35044552406708
518  963324337172447749 3138.9670540886423  221.49082430216745  -15.32905466539103  0.700351548739324814 -0.678998744920835673 -0.294827050634028698 332.35044862286554
518 1069359371206469312 3330.7256221322632  258.76474352117589  -22.00959311545039 -0.811591355922015589  0.538827500668657589  0.233556352312038334 223.72171560500303
518 1069359371206469313 3330.7256783759576  258.76476392531794  -22.00959324074417 -0.811591943008642791  0.538826764142770531  0.233556035387583294 223.72158145597797
518 1069359371206469315 3330.7257908777406  258.76475306071848  -22.00957224278092 -0.811593117329769465  0.538825290900930676  0.233555401456883138 223.72133266215127
518 1069359371206469316 3330.7258471218856  258.76476836917175  -22.00957694450064 -0.811593704418721584  0.538824554367574149  0.233555084529208590 223.72120057983787
518 1069359371206469317 3330.7259033699956  258.76478470851293  -22.00958053790664 -0.811594291548267455  0.538823817781772907  0.233554767578965511 223.72106811353268
518 1069359371206469318 3330.7259596220115  258.76480118242256  -22.00958388723759 -0.811594878717792012  0.538823081144298444  0.233554450606485858 223.72093556722280
518 1069359371206469319 3330.7260158389254  258.76481159580158  -22.00959278360240 -0.811595465520125403  0.538822344965969591  0.233554133831573141 223.72080529390726
518 1187503736524809531 3544.3836368592379  254.24671926466152  -22.51050457187718  1.002745510480493207 -0.121631395753730845 -0.051964483743544752 321.56939442163622
518 1187503736524809532 3544.3836930599127  254.24673303489354  -22.51049514801846  1.002745629800330551 -0.121630510298478434 -0.051964098434610320 321.56943886082655
518 1187503736524809533 3544.3837493062829  254.24674837883839  -22.51048766604777  1.002745749216255033 -0.121629624123168398 -0.051963712812343577 321.56948275870116
518 1187503736524809534 3544.3838055526489  254.24672262170427  -22.51051121265107  1.002745868631238935 -0.121628737947824944 -0.051963327190065543 321.56954238554459
518 1187503736524809535 3544.3838617971428  254.24673993543942  -22.51050583847519  1.002745988041320979 -0.121627851801847667 -0.051962941580569549 321.56958548437694
518 1187503736524809536 3544.3839180439813  254.24671072678694  -22.51052533596846  1.002746107455451341 -0.121626965618813948 -0.051962555954951577 321.56964634024200
518 1187503736524809537 3544.3839742937903  254.24672681257070  -22.51051867271299  1.002746226874958513 -0.121626079388867797 -0.051962170308922757 321.56968975832092
518 1187503736524809538 3544.3840305379254  254.24674359090150  -22.51051293300166  1.002746346281487622 -0.121625193248214719 -0.051961784701753382 321.56973278359840
