321 2003 02 06.45870 09 01 14.80 +16  50 03.0   568
321 2003 02 06.47874 09 01 14.10 +16  50 05.6   568
321 2003 02 09.43925 08 59 32.43 +16  56 48.2   568
321 2003 02 09.46190 08 59 31.62 +16  56 51.1   568
321 2003 02 25.44958 08 50 59.57 +17  30 07.0   568
321 2003 02 25.47360 08 50 58.86 +17  30 09.5   568
321 2003 02 25.50180 08 50 58.06 +17  30 12.8   568
321 2003 02 25.51702 08 50 57.59 +17  30 14.6   568
321 2003 02 25.53250 08 50 57.14 +17  30 16.4   568
321 2003 03 25.33570 08 41 29.92 +18  06 57.1   568
321 2003 03 25.35557 08 41 29.69 +18  06 57.7   568
321 2003 03 25.37114 08 41 29.52 +18  06 58.2   568
321 2003 03 27.35939 08 41 10.14 +18  08 18.7   568
321 2003 03 27.37510 08 41 09.96 +18  08 19.0   568
321 2003 03 27.39032 08 41 09.85 +18  08 19.7   568
321 2003 04 25.31455 08 42 13.81 +18  07 25.1   568
321 2003 04 25.33313 08 42 14.03 +18  07 24.4   568
321 2003 04 25.35172 08 42 14.30 +18  07 23.8   568
321 2003 04 27.25591 08 42 40.30 +18  06 02.1   568
321 2003 04 27.27452 08 42 40.54 +18  06 01.4   568
321 2003 04 27.29319 08 42 40.82 +18  06 00.4   568
