101 2003 04 25.26227 08 49 41.52 +18 58 35.7    568
101 2003 04 25.28047 08 49 41.80 +18 58 34.7    568
101 2003 04 25.29896 08 49 42.08 +18 58 33.9    568
101 2003 04 27.31968 08 50 15.24 +18 56 58.9    568
101 2003 04 27.33831 08 50 15.54 +18 56 58.1    568
101 2003 04 27.35683 08 50 15.85 +18 56 57.0    568
103 2003 04 25.26486 08 50 50.70 +19 30 55.0    568
103 2003 04 25.28306 08 50 51.01 +19 30 53.7    568
103 2003 04 25.30160 08 50 51.33 +19 30 52.2    568
103 2003 04 27.32239 08 51 28.71 +19 28 09.4    568
103 2003 04 27.34093 08 51 29.09 +19 28 08.1    568
103 2003 04 27.35949 08 51 29.42 +19 28 06.2    568
305 2003 04 25.25187 08 53 03.09 +18 00 25.8    568
305 2003 04 25.27011 08 53 03.36 +18 00 24.9    568
305 2003 04 25.28835 08 53 03.63 +18 00 23.6    568
307 2003 04 30.29208 08 41 48.39 +19 09 25.3    568
307 2003 04 30.33313 08 41 49.17 +19 09 21.1    568
308 2003 04 27.25854 08 41 39.04 +18 55 23.5    568
308 2003 04 27.27717 08 41 39.42 +18 55 22.5    568
308 2003 04 27.29580 08 41 39.80 +18 55 21.4    568
318 2003 04 25.25968 08 50 38.80 +18 26 49.3    568
318 2003 04 25.27788 08 50 39.03 +18 26 48.7    568
318 2003 04 25.29631 08 50 39.27 +18 26 48.6    568
320 2003 04 27.25591 08 41 58.27 +17 54 11.4    568
320 2003 04 27.27452 08 41 58.54 +17 54 10.9    568
320 2003 04 27.29319 08 41 58.82 +17 54 10.5    568
321 2003 02 06.45870 09 01 14.80 +16 50 03.0    568
321 2003 02 06.47874 09 01 14.10 +16 50 05.6    568
321 2003 02 09.43925 08 59 32.43 +16 56 48.2    568
321 2003 02 09.46190 08 59 31.62 +16 56 51.1    568
321 2003 02 25.44958 08 50 59.57 +17 30 07.0    568
321 2003 02 25.47360 08 50 58.86 +17 30 09.5    568
321 2003 02 25.50180 08 50 58.06 +17 30 12.8    568
321 2003 02 25.51702 08 50 57.59 +17 30 14.6    568
321 2003 02 25.53250 08 50 57.14 +17 30 16.4    568
321 2003 03 25.33570 08 41 29.92 +18 06 57.1    568
321 2003 03 25.35557 08 41 29.69 +18 06 57.7    568
321 2003 03 25.37114 08 41 29.52 +18 06 58.2    568
321 2003 03 27.35939 08 41 10.14 +18 08 18.7    568
321 2003 03 27.37510 08 41 09.96 +18 08 19.0    568
321 2003 03 27.39032 08 41 09.85 +18 08 19.7    568
321 2003 04 25.31455 08 42 13.81 +18 07 25.1    568
321 2003 04 25.33313 08 42 14.03 +18 07 24.4    568
321 2003 04 25.35172 08 42 14.30 +18 07 23.8    568
321 2003 04 27.25591 08 42 40.30 +18 06 02.1    568
321 2003 04 27.27452 08 42 40.54 +18 06 01.4    568
321 2003 04 27.29319 08 42 40.82 +18 06 00.4    568
