 2 2000 11 23.37492   04 25 14.46 +20 20 19.8   +0.1  -0.3
 2 2000 11 23.40038   04 25 13.48 +20 20 18.4   -0.1  +0.2
 2 2000 11 23.42574   04 25 12.51 +20 20 16.4   -0.2   0.0
 2 2000 11 25.26488   04 24 04.22 +20 18 00.3   -0.5   0.0
 2 2000 11 25.26765   04 24 04.13 +20 17 59.9   -0.3  -0.2
 2 2000 11 25.27450   04 24 03.91 +20 17 59.7   +0.2  +0.1
 2 2000 11 25.27730   04 24 03.80 +20 17 59.6   +0.1  +0.2
 2 2000 11 27.25125   04 22 50.06 +20 15 32.8   +0.2  +0.1
 2 2000 11 27.25400   04 22 49.97 +20 15 32.3   +0.4  -0.2
 2 2000 11 27.27300   04 22 49.25 +20 15 30.9   +0.4  -0.2
 2 2000 11 29.35125   04 21 31.38 +20 12 56.9   +0.4  +0.4
 2 2000 11 29.36581   04 21 30.82 +20 12 55.6   +0.4  +0.2
 2 2000 12 01.43794   04 20 13.22 +20 10 21.1    0.0  +0.1
 2 2000 12 01.46927   04 20 12.02 +20 10 18.8   -0.1  +0.2
 2 2000 12 03.47346   04 18 57.34 +20 07 49.6   -0.5  -0.2
 2 2000 12 03.49125   04 18 56.68 +20 07 48.4   -0.3  -0.1
 2 2000 12 05.26634   04 17 51.20 +20 05 37.4   -0.1   0.0
 2 2000 12 05.27237   04 17 50.96 +20 05 37.0   -0.3   0.0
 2 2000 12 05.28513   04 17 50.50 +20 05 36.0   -0.1  -0.1
 2 2000 12 05.29094   04 17 50.29 +20 05 35.4    0.0  -0.3
 2 2000 12 06.44656   04 17 07.70 +20 04 11.2   -0.1   0.0
 2 2000 12 06.45016   04 17 07.58 +20 04 10.9   +0.1  -0.1
 2 2000 12 06.45376   04 17 07.44 +20 04 10.5   +0.1  -0.2
 2 2000 12 07.29567   04 16 36.81 +20 03 09.3   -0.1  -0.1
 2 2000 12 07.29927   04 16 36.68 +20 03 09.0    0.0  -0.1
 2 2000 12 07.30287   04 16 36.55 +20 03 08.9    0.0   0.0
 2 2000 12 15.45762   04 11 49.22 +19 53 40.4   +0.2  +0.1
 2 2000 12 15.46253   04 11 49.04 +19 53 40.1   +0.1  +0.1
 2 2000 12 16.40381   04 11 17.51 +19 52 38.3   +0.2  +0.1
 2 2000 12 16.43083   04 11 16.58 +19 52 36.5   +0.1  +0.1
 2 2000 12 29.34940   04 04 50.29 +19 40 26.8   -0.1  +0.1
 2 2000 12 29.35830   04 04 50.05 +19 40 26.4   -0.1  +0.2
 2 2001 01 01.29943   04 03 36.87 +19 38 18.9    0.0  -0.3
 2 2001 01 01.34125   04 03 35.84 +19 38 17.4   +0.1  -0.1
 3 2000 11 23.38600   04 25 37.93 +21 22 43.3    0.0   0.0
 3 2000 11 23.41144   04 25 37.05 +21 22 41.0   +0.1   0.0
 3 2000 11 23.43678   04 25 36.16 +21 22 38.7   +0.1  -0.1
 3 2000 11 25.32933   04 24 31.40 +21 19 45.9   -0.1   0.0
 3 2000 11 25.33209   04 24 31.31 +21 19 45.7    0.0  +0.1
 3 2000 11 25.34242   04 24 30.94 +21 19 44.8   -0.1  +0.1
 3 2000 11 25.34519   04 24 30.86 +21 19 44.4   +0.1  -0.1
 3 2000 11 27.28322   04 23 24.03 +21 16 43.4    0.0  +0.3
 3 2000 11 27.29584   04 23 23.59 +21 16 42.0    0.0   0.0
 3 2000 11 27.29861   04 23 23.49 +21 16 41.8    0.0  +0.1
 3 2000 11 29.34519   04 22 12.61 +21 13 26.4   +0.4   0.0
 3 2000 11 29.35997   04 22 12.06 +21 13 24.8   +0.1  -0.2
 3 2000 12 01.42709   04 21 00.38 +21 10 04.1   +0.3  +0.2
 3 2000 12 01.45184   04 20 59.49 +21 10 01.8   +0.1  +0.3
 3 2000 12 03.46017   04 19 50.08 +21 06 43.4    0.0  +0.1
 3 2000 12 03.47995   04 19 49.40 +21 06 41.2   +0.3  -0.1
 3 2000 12 05.32095   04 18 46.25 +21 03 37.4   -0.3  -0.3
 3 2000 12 05.32661   04 18 46.05 +21 03 36.8   -0.4  -0.3
 3 2000 12 05.33149   04 18 45.88 +21 03 36.4   -0.3  -0.3
 3 2000 12 05.33510   04 18 45.78 +21 03 35.9    0.0  -0.4
 3 2000 12 05.33863   04 18 45.62 +21 03 35.5   -0.5  -0.5
 3 2000 12 16.24057   04 12 47.11 +20 45 20.9   +0.1  +0.2
 3 2000 12 16.24868   04 12 46.84 +20 45 20.0   -0.1  +0.1
 3 2000 12 16.26690   04 12 46.28 +20 45 18.4   +0.1  +0.3
 3 2000 12 17.39522   04 12 11.36 +20 43 27.2   +0.2  +0.5
 3 2000 12 17.41145   04 12 10.84 +20 43 25.6   +0.1  +0.5
 3 2000 12 27.34271   04 07 31.87 +20 27 50.3    0.0  -0.1
 3 2000 12 27.36339   04 07 31.34 +20 27 48.4   +0.1  -0.2
 3 2000 12 31.40595   04 05 54.56 +20 22 03.8   -0.1  -0.1
 3 2000 12 31.42678   04 05 54.08 +20 22 01.8    0.0  -0.3
 4 2000 11 23.38600   04 25 48.44 +21 23 01.8   +0.2   0.0
 4 2000 11 23.41144   04 25 47.65 +21 23 00.2   +0.4   0.0
 4 2000 11 23.43678   04 25 46.80 +21 22 58.3   -0.2  -0.3
 4 2000 11 26.51212   04 24 11.45 +21 19 40.9   -0.2  +0.1
 4 2000 11 26.51766   04 24 11.28 +21 19 40.5   -0.1   0.0
 4 2000 11 26.52596   04 24 11.01 +21 19 39.9   -0.1   0.0
 4 2000 11 26.53147   04 24 10.86 +21 19 39.5   +0.2   0.0
 4 2000 11 29.37972   04 22 42.05 +21 16 31.2    0.0  +0.3
 4 2000 11 29.39628   04 22 41.52 +21 16 29.9    0.0  +0.1
 4 2000 11 29.40277   04 22 41.29 +21 16 29.5   -0.3  +0.1
 4 2000 12 01.43377   04 21 37.84 +21 14 12.4   -0.1  +0.1
 4 2000 12 01.45802   04 21 37.08 +21 14 10.8   +0.2  +0.1
 4 2000 12 03.45696   04 20 34.89 +21 11 54.6   +0.2  +0.2
 4 2000 12 03.47674   04 20 34.24 +21 11 53.3   -0.1  +0.3
 4 2000 12 05.30068   04 19 38.05 +21 09 47.7   -0.1  -0.2
 4 2000 12 05.30628   04 19 37.88 +21 09 47.4    0.0  -0.2
 4 2000 12 05.31138   04 19 37.71 +21 09 47.1   -0.1  -0.1
 4 2000 12 05.31529   04 19 37.57 +21 09 46.8   -0.3  -0.2
 4 2000 12 16.30459   04 14 14.98 +20 57 24.0   +0.1  +0.1
 4 2000 12 16.33078   04 14 14.25 +20 57 22.0   +0.2  -0.2
 4 2000 12 17.42587   04 13 44.32 +20 56 10.9   +0.2  -0.3
 4 2000 12 17.43954   04 13 43.94 +20 56 10.2   +0.2  -0.1
 4 2000 12 27.34811   04 09 41.86 +20 46 20.0   -0.2  +0.2
 4 2000 12 27.36701   04 09 41.46 +20 46 18.8   +0.1   0.0
 4 2000 12 31.41095   04 08 19.74 +20 42 54.5   -0.1  +0.1
 4 2000 12 31.42973   04 08 19.38 +20 42 53.5    0.0  +0.1
 5 2000 11 23.45236   04 27 30.85 +20 16 45.4   +0.3  +0.3
 5 2000 11 23.47498   04 27 30.07 +20 16 43.0   -0.3  +0.2
 5 2000 11 23.49748   04 27 29.32 +20 16 41.0   -0.6  +0.5
 5 2000 11 25.38455   04 26 29.61 +20 13 31.0   +0.1   0.0
 5 2000 11 25.38733   04 26 29.51 +20 13 30.8   -0.1  +0.1
 5 2000 11 25.39859   04 26 29.12 +20 13 29.7   -0.4  +0.1
 5 2000 11 25.40137   04 26 29.05 +20 13 29.3   -0.1   0.0
 5 2000 11 27.26696   04 25 29.53 +20 10 21.2    0.0  -0.3
 5 2000 11 27.26971   04 25 29.47 +20 10 21.0   +0.4  -0.2
 5 2000 11 27.29255   04 25 28.70 +20 10 18.8    0.0  -0.2
 5 2000 11 29.34228   04 24 22.89 +20 06 53.1   +0.3  -0.4
 5 2000 11 29.35707   04 24 22.39 +20 06 51.8   +0.2  -0.2
 5 2000 12 01.43583   04 23 15.54 +20 03 24.3   +0.3  -0.2
 5 2000 12 01.46016   04 23 14.74 +20 03 21.8   +0.4  -0.2
 5 2000 12 03.46344   04 22 10.53 +20 00 03.3   +0.1  -0.2
 5 2000 12 03.48447   04 22 09.84 +20 00 01.2   +0.1  -0.2
 5 2000 12 05.34407   04 21 10.72 +19 56 59.2    0.0  +0.1
 5 2000 12 05.34788   04 21 10.59 +19 56 58.9   -0.1  +0.2
 5 2000 12 05.35146   04 21 10.48 +19 56 58.7    0.0  +0.3
 5 2000 12 05.35552   04 21 10.33 +19 56 58.1   -0.2  +0.1
 5 2000 12 05.36007   04 21 10.20 +19 56 57.7    0.0  +0.1
 5 2000 12 16.29935   04 15 37.26 +19 40 06.4   -0.4  +0.1
 5 2000 12 16.32104   04 15 36.62 +19 40 04.4   -0.4  -0.1
 5 2000 12 16.35353   04 15 35.69 +19 40 01.8   +0.1  +0.1
 5 2000 12 17.43027   04 15 04.98 +19 38 29.8   -0.2  -0.1
 5 2000 12 17.44516   04 15 04.54 +19 38 28.4   -0.3  -0.2
 5 2000 12 29.35569   04 10 04.81 +19 23 45.7   +0.3  +0.1
 5 2000 12 29.36535   04 10 04.58 +19 23 45.5   +0.2  +0.5
 5 2001 01 01.30245   04 09 03.80 +19 20 51.3    0.0  -0.2
 5 2001 01 01.34439   04 09 02.94 +19 20 49.0    0.0  -0.1
 6 2000 11 23.46065   04 27 34.63 +21 04 28.7   -0.4  +0.1
 6 2000 11 23.48326   04 27 33.76 +21 04 27.4   -0.4  +0.2
 6 2000 11 23.50576   04 27 32.90 +21 04 25.8   -0.4  +0.1
 6 2000 11 25.36183   04 26 23.17 +21 02 26.6   +0.1  +0.4
 6 2000 11 25.36459   04 26 23.08 +21 02 26.1   +0.3  +0.1
 6 2000 11 25.37508   04 26 22.65 +21 02 25.6    0.0  +0.3
 6 2000 11 25.37789   04 26 22.54 +21 02 25.2    0.0  +0.1
 6 2000 11 25.48436   04 26 18.40 +21 02 18.8   -0.4  +0.6
 6 2000 11 25.50157   04 26 17.74 +21 02 17.2   -0.3  +0.1
 6 2000 11 25.51875   04 26 17.10 +21 02 16.2    0.0  +0.3
 6 2000 11 26.27233   04 25 48.78 +21 01 26.4    0.0   0.0
 6 2000 11 26.27508   04 25 48.67 +21 01 26.2   -0.1   0.0
 6 2000 11 26.28920   04 25 48.14 +21 01 25.3   +0.1   0.0
 6 2000 11 26.29196   04 25 48.05 +21 01 25.3   +0.3  +0.1
 6 2000 11 27.30186   04 25 09.76 +21 00 18.6   +0.2   0.0
 6 2000 11 27.30463   04 25 09.64 +21 00 18.4   +0.1   0.0
 6 2000 11 27.32263   04 25 08.96 +21 00 17.2   +0.3   0.0
 6 2000 11 28.38554   04 24 28.55 +20 59 06.3   +0.2  -0.3
 6 2000 11 28.38832   04 24 28.44 +20 59 06.1   +0.2  -0.3
 6 2000 11 28.39108   04 24 28.33 +20 59 06.0   +0.1  -0.2
 6 2000 11 28.42572   04 24 27.00 +20 59 03.7   +0.4  -0.2
 6 2000 11 28.42850   04 24 26.88 +20 59 03.3   +0.2  -0.4
 6 2000 11 29.34810   04 23 52.03 +20 58 01.5   +0.5  -0.4
 6 2000 11 29.36291   04 23 51.41 +20 58 00.7   -0.1  -0.2
 6 2000 11 29.36903   04 23 51.20 +20 58 00.1   +0.3  -0.4
 6 2000 11 29.38652   04 23 50.51 +20 57 59.0   +0.1  -0.4
 6 2000 12 01.43164   04 22 32.81 +20 55 40.3   +0.3  -0.4
 6 2000 12 01.45586   04 22 31.87 +20 55 38.8   +0.3  -0.2
 6 2000 12 03.50103   04 21 14.38 +20 53 18.7   -0.1  -0.1
 6 2000 12 03.50780   04 21 14.11 +20 53 18.5   -0.3  +0.2
 6 2000 12 03.53462   04 21 13.08 +20 53 16.4   -0.2   0.0
 6 2000 12 05.36635   04 20 04.27 +20 51 10.5   -0.4  +0.1
 6 2000 12 05.37028   04 20 04.12 +20 51 10.0   -0.4  -0.1
 6 2000 12 05.39351   04 20 03.25 +20 51 08.7   -0.1  +0.2
 6 2000 12 16.30992   04 13 29.20 +20 38 43.6   -0.2  +0.2
 6 2000 12 16.33679   04 13 28.28 +20 38 42.0   +0.1  +0.4
 6 2000 12 17.40015   04 12 52.06 +20 37 31.8    0.0  +0.2
 6 2000 12 17.41907   04 12 51.39 +20 37 30.6   -0.2  +0.3
 6 2000 12 27.35188   04 07 41.72 +20 27 24.0   +0.3  +0.1
 6 2000 12 27.39108   04 07 40.55 +20 27 21.1   -0.1  -0.6
 7 2000 11 23.46617   04 26 56.28 +21 38 09.8   -0.3   0.0
 7 2000 11 23.48880   04 26 55.50 +21 38 07.3   -0.1  -0.2
 7 2000 11 23.51128   04 26 54.72 +21 38 05.3   +0.1  +0.1
 7 2000 11 25.25875   04 25 54.62 +21 35 10.1    0.0  -0.3
 7 2000 11 25.26153   04 25 54.55 +21 35 09.9   +0.4  -0.3
 7 2000 11 25.27104   04 25 54.21 +21 35 08.9   +0.3  -0.3
 7 2000 11 25.29387   04 25 53.39 +21 35 06.9    0.0  -0.1
 7 2000 11 27.26366   04 24 45.02 +21 31 46.4    0.0  +0.1
 7 2000 11 27.28661   04 24 44.19 +21 31 44.1   -0.3   0.0
 7 2000 11 27.28938   04 24 44.12 +21 31 43.9   +0.1  +0.1
 7 2000 11 29.33913   04 23 32.65 +21 28 11.2   -0.2  -0.1
 7 2000 11 29.35422   04 23 32.13 +21 28 09.8    0.0   0.0
 7 2000 12 01.42920   04 22 19.75 +21 24 31.3   -0.2   0.0
 7 2000 12 01.45383   04 22 18.88 +21 24 28.7   -0.1   0.0
 7 2000 12 03.49454   04 21 08.00 +21 20 51.3   +0.2  +0.3
 7 2000 12 03.51132   04 21 07.40 +21 20 49.2   +0.1  +0.1
 7 2000 12 05.47699   04 19 59.60 +21 17 18.4   +0.1  +0.6
 7 2000 12 05.48051   04 19 59.47 +21 17 17.9    0.0  +0.5
 7 2000 12 05.48481   04 19 59.31 +21 17 17.4   -0.1  +0.5
 7 2000 12 05.48856   04 19 59.18 +21 17 17.1   -0.1  +0.6
 7 2000 12 15.29257   04 14 34.21 +20 59 35.4   +0.2  -0.3
 7 2000 12 15.29896   04 14 33.97 +20 59 34.6   -0.3  -0.5
 7 2000 12 15.30775   04 14 33.72 +20 59 33.8   +0.2  -0.3
 7 2000 12 15.31756   04 14 33.40 +20 59 32.7   +0.2  -0.4
 7 2000 12 16.39097   04 13 59.64 +20 57 38.0    0.0  -0.3
 7 2000 12 16.40775   04 13 59.09 +20 57 36.2   -0.1  -0.3
 7 2001 01 01.30542   04 06 50.04 +20 31 19.9    0.0  +0.3
 7 2001 01 01.34726   04 06 49.07 +20 31 16.0   -0.1  +0.1
 8 2000 11 25.48160   04 27 20.96 +20 52 11.8   -0.4  +0.2
 8 2000 11 25.49881   04 27 20.31 +20 52 10.1   -0.3  +0.3
 8 2000 11 25.51598   04 27 19.66 +20 52 08.3   -0.2  +0.3
 8 2000 11 27.51844   04 26 04.66 +20 48 41.1   +0.2   0.0
 8 2000 11 27.52449   04 26 04.42 +20 48 40.4   +0.1  -0.1
 8 2000 11 29.37304   04 24 55.06 +20 45 28.1   -0.2  +0.1
 8 2000 11 29.38979   04 24 54.45 +20 45 26.3   +0.3  +0.1
 8 2000 12 01.42074   04 23 38.08 +20 41 53.1   +0.2  -0.3
 8 2000 12 01.44465   04 23 37.17 +20 41 50.4   +0.4  -0.4
 8 2000 12 03.49779   04 22 20.17 +20 38 14.3   +0.4  -0.5
 8 2000 12 03.51453   04 22 19.53 +20 38 12.6   +0.4  -0.4
 8 2000 12 05.49311   04 21 05.78 +20 34 44.8   -0.1   0.0
 8 2000 12 05.49663   04 21 05.64 +20 34 44.6   -0.2  +0.2
 8 2000 12 05.50014   04 21 05.52 +20 34 44.0    0.0   0.0
 8 2000 12 05.50366   04 21 05.38 +20 34 43.7   -0.1   0.0
 8 2000 12 05.50718   04 21 05.25 +20 34 43.2    0.0  -0.1
 8 2000 12 15.32396   04 15 12.50 +20 17 48.2   -0.3  +0.2
 8 2000 12 15.32863   04 15 12.36 +20 17 47.8   +0.1  +0.2
 8 2000 12 15.33383   04 15 12.14 +20 17 47.1   -0.4   0.0
 8 2000 12 16.39563   04 14 35.82 +20 16 01.0    0.0  +0.2
 8 2000 12 16.41377   04 14 35.19 +20 15 59.1    0.0  +0.1
 8 2000 12 27.35575   04 08 53.16 +19 58 59.8    0.0  +0.2
 8 2000 12 27.39478   04 08 52.04 +19 58 56.3   +0.1  +0.1
 8 2000 12 31.41747   04 07 04.10 +19 53 27.7    0.0  -0.2
 8 2000 12 31.43600   04 07 03.62 +19 53 26.2   +0.1  -0.2
 9 2000 11 25.48714   04 26 36.35 +21 23 06.1   -0.1  +0.2
 9 2000 11 25.50434   04 26 35.77 +21 23 04.5    0.0   0.0
 9 2000 11 25.52152   04 26 35.20 +21 23 03.3   +0.2  +0.1
 9 2000 11 26.28287   04 26 10.10 +21 22 05.0   +0.1  -0.1
 9 2000 11 26.28562   04 26 10.02 +21 22 04.8   +0.3  -0.1
 9 2000 11 26.29597   04 26 09.67 +21 22 04.0   +0.3  -0.1
 9 2000 11 26.29876   04 26 09.56 +21 22 03.7   +0.1  -0.2
 9 2000 11 28.29970   04 25 02.85 +21 19 30.2   -0.1  +0.2
 9 2000 11 28.30962   04 25 02.52 +21 19 29.4    0.0  +0.1
 9 2000 11 28.33231   04 25 01.72 +21 19 27.5   -0.4  -0.1
 9 2000 11 29.40714   04 24 25.79 +21 18 04.0   -0.1  -0.1
 9 2000 11 29.43145   04 24 24.95 +21 18 02.2   -0.2   0.0
 9 2000 12 01.42478   04 23 18.45 +21 15 26.0   -0.2  +0.3
 9 2000 12 01.44978   04 23 17.59 +21 15 23.9   -0.3  +0.1
 9 2000 12 03.50426   04 22 09.28 +21 12 41.2    0.0  +0.1
 9 2000 12 03.52097   04 22 08.72 +21 12 39.6    0.0  -0.1
 9 2000 12 05.51123   04 21 03.07 +21 10 01.5   +0.1   0.0
 9 2000 12 05.51605   04 21 02.90 +21 10 01.1    0.0   0.0
 9 2000 12 05.51958   04 21 02.78 +21 10 00.8    0.0   0.0
 9 2000 12 05.52310   04 21 02.68 +21 10 00.4   +0.2  -0.1
 9 2000 12 05.52662   04 21 02.54 +21 10 00.1   -0.1  -0.1
 9 2000 12 15.40736   04 15 50.66 +20 57 03.4   -0.2  -0.1
 9 2000 12 15.41258   04 15 50.52 +20 57 03.0   +0.1  -0.1
 9 2000 12 15.41778   04 15 50.35 +20 57 02.6    0.0  -0.1
 9 2000 12 15.43958   04 15 49.70 +20 57 00.9   +0.3  -0.1
 9 2000 12 16.39940   04 15 21.20 +20 55 47.9   +0.1   0.0
 9 2000 12 16.41963   04 15 20.60 +20 55 46.5   +0.3  +0.2
 9 2001 01 01.30859   04 08 40.07 +20 37 55.8   -0.1  +0.1
 9 2001 01 01.35013   04 08 39.19 +20 37 53.6   -0.1  +0.2
10 2000 11 26.35880   04 27 53.03 +20 40 56.6   -0.1  +0.1
10 2000 11 26.38183   04 27 52.26 +20 40 55.7   +0.3  +0.4
10 2000 11 26.40938   04 27 51.28 +20 40 54.2   +0.1  +0.3
10 2000 11 27.50598   04 27 13.80 +20 39 57.4   -0.4  +0.4
10 2000 11 27.52758   04 27 13.10 +20 39 55.9   +0.3  +0.1
10 2000 11 29.37652   04 26 10.01 +20 38 19.3   -0.3   0.0
10 2000 11 29.39300   04 26 09.46 +20 38 18.6   +0.1  +0.1
10 2000 12 01.42279   04 24 59.99 +20 36 31.4   -0.2  -0.3
10 2000 12 01.44789   04 24 59.11 +20 36 30.1   -0.1  -0.3
10 2000 12 03.52813   04 23 48.05 +20 34 40.1   -0.2  -0.4
10 2000 12 03.53793   04 23 47.72 +20 34 39.6    0.0  -0.3
10 2000 12 05.55045   04 22 39.43 +20 32 53.9   +0.1  -0.1
10 2000 12 05.55397   04 22 39.30 +20 32 53.4    0.0  -0.4
10 2000 12 05.55914   04 22 39.14 +20 32 53.3   +0.2  -0.2
10 2000 12 05.56265   04 22 39.02 +20 32 53.1   +0.2  -0.2
10 2000 12 05.56620   04 22 38.91 +20 32 52.9   +0.4  -0.2
10 2000 12 16.27163   04 16 50.75 +20 23 53.3   -0.4  +0.1
10 2000 12 16.27973   04 16 50.52 +20 23 53.0   -0.1  +0.2
10 2000 12 16.29169   04 16 50.13 +20 23 52.2   -0.2  -0.1
10 2000 12 17.43471   04 16 15.08 +20 22 58.9   +0.2  +0.2
10 2000 12 17.45255   04 16 14.51 +20 22 58.1    0.0  +0.2
10 2000 12 27.35955   04 11 38.47 +20 16 10.2   +0.2  +0.2
10 2000 12 27.39899   04 11 37.45 +20 16 08.7   +0.3  +0.1
10 2000 12 31.42050   04 10 01.88 +20 14 00.2   -0.2   0.0
10 2000 12 31.43990   04 10 01.44 +20 13 59.4   -0.1  -0.2
11 2000 12 05.26634   04 17 48.19 +20 07 22.6    0.0  +0.1
11 2000 12 05.27237   04 17 48.01 +20 07 21.8   +0.3   0.0
11 2000 12 05.28513   04 17 47.56 +20 07 20.3   -0.1  -0.1
11 2000 12 05.29094   04 17 47.35 +20 07 19.5   -0.3  -0.2
11 2000 12 06.44656   04 17 09.55 +20 05 07.8   +0.2  -0.2
11 2000 12 06.45376   04 17 09.31 +20 05 07.1   +0.2  -0.1
11 2000 12 07.29567   04 16 41.94 +20 03 32.1   -0.1  +0.3
11 2000 12 07.29927   04 16 41.83 +20 03 31.2    0.0  -0.2
11 2000 12 07.30287   04 16 41.70 +20 03 31.3   -0.1  +0.3
11 2000 12 16.31550   04 11 51.48 +19 47 25.2   -0.1   0.0
11 2000 12 17.38988   04 11 17.80 +19 45 38.5   -0.4  +0.1
11 2000 12 17.40523   04 11 17.34 +19 45 37.2   +0.1  +0.3
11 2000 12 21.25779   04 09 19.97 +19 39 31.8   +0.1  -0.2
11 2000 12 21.27913   04 09 19.33 +19 39 30.1   +0.3   0.0
11 2000 12 31.40038   04 04 41.64 +19 26 15.4   -0.3   0.0
11 2000 12 31.42372   04 04 41.08 +19 26 13.8   +0.2   0.0