 3  2003 02 26.38326 08 53 38.87 +19 14 44.1 568
 4  2003 02 24.45242 08 58 52.30 +18 52 31.3 568
 7  2003 02 26.42655 08 44 02.04 +18 12 12.5 568
10  2003 02 24.45756 08 58 16.61 +17 34 25.2 568
10  2003 02 24.48178 08 58 15.92 +17 34 26.8 568
11  2003 02 02.14853 08 57 02.23 +18 20 31.0 695
11  2003 02 02.17019 08 57 01.60 +18 20 34.1 695
11  2003 02 02.18250 08 57 01.25 +18 20 35.9 695
11  2003 02 02.19487 08 57 00.88 +18 20 37.6 695
11  2003 02 04.23509 08 56 01.75 +18 25 25.9 695
11  2003 02 04.24284 08 56 01.54 +18 25 27.0 695
11  2003 02 04.25059 08 56 01.32 +18 25 28.2 695
11  2003 02 04.25837 08 56 01.08 +18 25 29.2 695
11  2003 02 26.38863 08 46 24.12 +19 10 13.7 568
