1001 2010 09 07.26671 23 56 28.38 -01 25 16.7  675      23
1001 2010 09 07.27206 23 56 28.24 -01 25 17.6  675
1001 2010 09 07.27719 23 56 28.11 -01 25 18.4  675
1001 2010 09 07.28209 23 56 27.96 -01 25 19.4  675
1001 2010 09 07.28718 23 56 27.85 -01 25 20.3  675
1001 2010 09 07.29201 23 56 27.72 -01 25 21.1  675
1001 2010 09 07.29682 23 56 27.60 -01 25 22.0  675
1001 2010 09 07.30165 23 56 27.49 -01 25 22.9  675
1001 2010 09 07.30646 23 56 27.34 -01 25 23.7  675
1001 2010 09 07.31192 23 56 27.23 -01 25 24.6  675
1001 2010 09 07.31674 23 56 27.12 -01 25 25.5  675
1001 2010 09 07.32156 23 56 26.98 -01 25 26.3  675
1001 2010 09 07.32638 23 56 26.85 -01 25 27.1  675
1001 2010 09 07.33120 23 56 26.71 -01 25 28.0  675
1001 2010 09 07.33640 23 56 26.59 -01 25 28.9  675
1001 2010 09 07.34122 23 56 26.47 -01 25 29.7  675
1001 2010 09 07.34604 23 56 26.35 -01 25 30.5  675
1001 2010 09 07.36157 23 56 25.96 -01 25 33.4  675
1001 2010 09 07.36638 23 56 25.83 -01 25 34.1  675
1001 2010 09 07.37121 23 56 25.68 -01 25 35.1  675
1001 2010 09 07.37603 23 56 25.60 -01 25 35.8  675
1001 2010 09 07.38085 23 56 25.50 -01 25 36.6  675
1001 2010 09 07.38588 23 56 25.32 -01 25 37.6  675
1001 2010 09 07.39070 23 56 25.22 -01 25 38.5  675
1001 2010 09 07.39552 23 56 25.12 -01 25 39.2  675
1001 2010 09 07.40034 23 56 24.97 -01 25 40.1  675
1001 2010 09 07.40516 23 56 24.86 -01 25 40.9  675
1001 2010 09 07.41092 23 56 24.70 -01 25 41.9  675
1001 2010 09 07.41575 23 56 24.58 -01 25 42.8  675
1001 2010 09 07.42056 23 56 24.46 -01 25 43.7  675
1001 2010 09 07.42538 23 56 24.34 -01 25 44.4  675
1001 2010 09 07.43020 23 56 24.22 -01 25 45.4  675
1001 2010 09 07.43516 23 56 24.09 -01 25 46.1  675
1001 2010 09 07.43998 23 56 23.97 -01 25 47.1  675
1001 2010 09 07.44480 23 56 23.86 -01 25 47.9  675
1001 2010 09 07.44962 23 56 23.74 -01 25 48.7  675
1001 2010 09 08.33349 23 56 02.10 -01 28 24.5  675
1001 2010 09 08.33881 23 56 01.97 -01 28 25.4  675
1001 2010 09 08.34423 23 56 01.83 -01 28 26.3  675      23
1001 2010 09 08.34914 23 56 01.71 -01 28 27.2  675
1001 2010 09 08.35413 23 56 01.57 -01 28 28.1  675
1001 2010 09 08.35903 23 56 01.45 -01 28 28.9  675
1001 2010 09 08.36395 23 56 01.32 -01 28 29.8  675
1001 2010 09 08.36878 23 56 01.20 -01 28 30.7  675
1001 2010 09 08.37416 23 56 01.07 -01 28 31.6  675
1001 2010 09 08.37947 23 56 00.93 -01 28 32.6  675
1001 2010 09 08.38458 23 56 00.80 -01 28 33.5  675
1001 2010 09 08.38950 23 56 00.68 -01 28 34.3  675
1001 2010 09 08.39437 23 56 00.56 -01 28 35.2  675
1001 2010 09 08.39920 23 56 00.43 -01 28 35.9  675
1001 2010 09 08.40406 23 56 00.30 -01 28 36.8  675
1001 2010 09 08.40888 23 56 00.19 -01 28 37.7  675
1001 2010 09 08.41434 23 56 00.05 -01 28 38.7  675
1001 2010 09 08.41917 23 55 59.92 -01 28 39.5  675
1001 2010 09 08.42408 23 55 59.81 -01 28 40.3  675
1001 2010 09 08.42450 23 55 59.81 -01 28 39.7  568
1001 2010 09 08.42669 23 55 59.76 -01 28 40.1  568
1001 2010 09 08.42887 23 55 59.70 -01 28 40.5  568
1001 2010 09 08.42890 23 55 59.68 -01 28 41.2  675
1001 2010 09 08.43105 23 55 59.65 -01 28 40.8  568
1001 2010 09 08.43323 23 55 59.59 -01 28 41.3  568
1001 2010 09 08.43376 23 55 59.55 -01 28 42.1  675
1001 2010 09 08.43541 23 55 59.53 -01 28 41.7  568
1001 2010 09 08.43759 23 55 59.48 -01 28 41.9  568
1001 2010 09 08.43858 23 55 59.42 -01 28 42.8  675
1001 2010 09 08.43977 23 55 59.42 -01 28 42.4  568
1001 2010 09 08.44196 23 55 59.37 -01 28 42.9  568
1001 2010 09 08.44414 23 55 59.31 -01 28 43.1  568
1001 2010 09 08.44462 23 55 59.28 -01 28 43.8  675
1001 2010 09 08.44632 23 55 59.25 -01 28 43.6  568
1001 2010 09 08.44851 23 55 59.20 -01 28 44.0  568
1001 2010 09 08.45069 23 55 59.14 -01 28 44.3  568
1001 2010 09 08.45276 23 55 59.07 -01 28 45.3  675
1001 2010 09 08.45287 23 55 59.08 -01 28 44.7  568
1001 2010 09 08.45505 23 55 59.03 -01 28 45.2  568
1001 2010 09 08.45724 23 55 58.97 -01 28 45.6  568
1001 2010 09 08.45759 23 55 58.96 -01 28 46.3  675
1001 2010 09 08.45942 23 55 58.91 -01 28 45.9  568
1001 2010 09 08.46159 23 55 58.86 -01 28 46.3  568
1001 2010 09 08.46377 23 55 58.80 -01 28 46.7  568
1001 2010 09 08.46596 23 55 58.75 -01 28 47.1  568
1001 2010 09 08.46814 23 55 58.69 -01 28 47.4  568
1001 2010 09 08.47033 23 55 58.64 -01 28 47.8  568
1001 2010 09 08.47252 23 55 58.58 -01 28 48.2  568
1001 2010 09 08.47469 23 55 58.53 -01 28 48.5  568
1001 2010 09 08.47687 23 55 58.47 -01 28 49.0  568
1001 2010 09 08.47907 23 55 58.41 -01 28 49.4  568
1001 2010 09 08.48125 23 55 58.36 -01 28 49.8  568
1001 2010 09 08.48343 23 55 58.30 -01 28 50.1  568
1001 2010 09 08.48562 23 55 58.24 -01 28 50.5  568
1001 2010 09 08.48781 23 55 58.19 -01 28 50.9  568
1001 2010 09 08.48999 23 55 58.13 -01 28 51.3  568
1001 2010 09 08.49875 23 55 57.91 -01 28 52.8  568
1001 2010 09 08.50100 23 55 57.85 -01 28 53.2  568
1001 2010 09 08.50317 23 55 57.80 -01 28 53.6  568
1001 2010 09 08.50535 23 55 57.73 -01 28 54.0  568
1001 2010 09 08.50754 23 55 57.67 -01 28 54.3  568
1001 2010 09 08.50972 23 55 57.62 -01 28 54.8  568
1001 2010 09 08.51190 23 55 57.57 -01 28 55.0  568
1001 2010 09 08.51408 23 55 57.51 -01 28 55.5  568
1001 2010 09 08.51627 23 55 57.46 -01 28 56.0  568
1001 2010 09 08.51845 23 55 57.40 -01 28 56.3  568
1001 2010 09 08.52062 23 55 57.35 -01 28 56.7  568
1001 2010 09 08.52283 23 55 57.29 -01 28 57.1  568
1001 2010 09 08.52718 23 55 57.19 -01 28 57.9  568
1001 2010 09 08.52936 23 55 57.13 -01 28 58.3  568
1001 2010 09 08.53155 23 55 57.07 -01 28 58.6  568
1001 2010 09 08.53373 23 55 57.02 -01 28 58.9  568
1001 2010 09 08.53591 23 55 56.96 -01 28 59.4  568
1001 2010 09 08.53811 23 55 56.90 -01 28 59.7  568
1001 2010 09 08.54029 23 55 56.84 -01 29 00.1  568
1001 2010 09 08.54247 23 55 56.78 -01 29 00.5  568
1001 2010 09 08.54472 23 55 56.72 -01 29 00.9  568
1001 2010 09 08.54691 23 55 56.68 -01 29 01.3  568
1001 2010 09 08.54909 23 55 56.62 -01 29 01.7  568
1001 2010 10 02.37590 23 45 45.17 -02 40 43.3  568      23
1001 2010 10 02.37808 23 45 45.11 -02 40 43.6  568
1001 2010 10 02.38026 23 45 45.06 -02 40 44.1  568
1001 2010 10 02.38243 23 45 45.01 -02 40 44.1  568
1001 2010 10 02.38461 23 45 44.95 -02 40 44.6  568
1001 2010 10 30.21461 23 37 17.13 -03 39 47.3  568
1001 2010 11 01.20784 23 36 58.50 -03 42 01.3  568      23.3
1001 2010 11 01.21438 23 36 58.44 -03 42 01.7  568      23.5
1001 2010 11 01.22097 23 36 58.37 -03 42 02.2  568      23.4
1001 2011 01 01.20880 23 50 48.72 -02 17 37.9  568
1001 2011 01 04.21087 23 52 31.20 -02 06 49.8  568
1002 2010 09 07.30646 23 55 36.20 -01 24 22.8  675      24
1002 2010 09 07.31674 23 55 35.90 -01 24 24.6  675
1002 2010 09 07.32156 23 55 35.75 -01 24 25.9  675
1002 2010 09 07.32638 23 55 35.58 -01 24 26.6  675
1002 2010 09 07.33120 23 55 35.45 -01 24 27.7  675
1002 2010 09 07.33640 23 55 35.36 -01 24 28.5  675
1002 2010 09 07.34122 23 55 35.23 -01 24 29.8  675
1002 2010 09 07.34604 23 55 35.11 -01 24 30.5  675
1002 2010 09 07.36157 23 55 34.62 -01 24 33.9  675
1002 2010 09 07.36638 23 55 34.50 -01 24 34.8  675
1002 2010 09 07.37121 23 55 34.32 -01 24 36.1  675
1002 2010 09 07.37603 23 55 34.22 -01 24 37.0  675
1002 2010 09 07.39552 23 55 33.67 -01 24 41.2  675
1002 2010 09 07.40034 23 55 33.51 -01 24 42.2  675
1002 2010 09 07.40516 23 55 33.40 -01 24 43.0  675
1002 2010 09 07.41575 23 55 33.11 -01 24 45.2  675
1002 2010 09 07.42056 23 55 32.96 -01 24 46.4  675
1002 2010 09 07.42538 23 55 32.78 -01 24 47.4  675
1002 2010 09 07.43020 23 55 32.67 -01 24 48.4  675
1002 2010 09 07.43516 23 55 32.53 -01 24 49.5  675
1002 2010 09 07.43998 23 55 32.38 -01 24 50.3  675
1002 2010 09 07.44480 23 55 32.26 -01 24 51.6  675
1002 2010 09 07.44962 23 55 32.12 -01 24 52.7  675
1002 2010 09 08.42015 23 55 05.11 -01 28 18.1  568      24.1
1002 2010 09 08.42232 23 55 05.03 -01 28 18.4  568      24.1
1002 2010 09 08.42450 23 55 04.98 -01 28 18.9  568
1002 2010 09 08.42669 23 55 04.91 -01 28 19.4  568
1002 2010 09 08.42887 23 55 04.86 -01 28 19.9  568
1002 2010 09 08.43105 23 55 04.78 -01 28 20.2  568
1002 2010 09 08.43323 23 55 04.72 -01 28 20.7  568
1002 2010 09 08.43541 23 55 04.65 -01 28 21.2  568
1002 2010 09 08.43759 23 55 04.60 -01 28 21.3  568
1002 2010 09 08.43977 23 55 04.54 -01 28 22.1  568
1002 2010 09 08.44196 23 55 04.47 -01 28 22.6  568
1002 2010 09 08.44414 23 55 04.42 -01 28 23.1  568      24.1
1002 2010 09 08.44632 23 55 04.35 -01 28 23.5  568
1002 2010 09 08.44851 23 55 04.29 -01 28 24.0  568
1002 2010 09 08.45069 23 55 04.23 -01 28 24.5  568
1002 2010 09 08.45287 23 55 04.16 -01 28 24.8  568
1002 2010 09 08.45505 23 55 04.10 -01 28 25.4  568
1002 2010 09 08.45724 23 55 04.03 -01 28 25.8  568
1002 2010 09 08.45942 23 55 03.97 -01 28 26.3  568
1002 2010 09 08.46159 23 55 03.91 -01 28 26.8  568
1002 2010 09 08.46377 23 55 03.84 -01 28 27.2  568      23.9
1002 2010 09 08.46596 23 55 03.78 -01 28 27.6  568      24.1
1002 2010 09 08.46814 23 55 03.72 -01 28 28.2  568      24.1
1002 2010 09 08.47033 23 55 03.66 -01 28 28.6  568      23.7
1002 2010 09 08.47252 23 55 03.60 -01 28 29.0  568      24.0
1002 2010 09 08.47469 23 55 03.53 -01 28 29.5  568      24.1
1002 2010 09 08.47687 23 55 03.45 -01 28 29.8  568
1002 2010 09 08.47907 23 55 03.40 -01 28 30.4  568
1002 2010 09 08.48125 23 55 03.34 -01 28 30.9  568
1002 2010 09 08.48343 23 55 03.27 -01 28 31.5  568
1002 2010 09 08.48562 23 55 03.21 -01 28 31.8  568
1002 2010 09 08.48781 23 55 03.15 -01 28 32.4  568
1002 2010 09 08.48999 23 55 03.09 -01 28 32.8  568
1002 2010 09 08.49217 23 55 03.01 -01 28 33.2  568
1002 2010 09 08.49436 23 55 02.97 -01 28 33.6  568
1002 2010 09 08.49654 23 55 02.90 -01 28 34.1  568
1002 2010 09 08.49875 23 55 02.84 -01 28 34.8  568
1002 2010 09 08.50100 23 55 02.77 -01 28 35.1  568
1002 2010 09 08.50317 23 55 02.70 -01 28 35.6  568
1002 2010 09 08.50535 23 55 02.66 -01 28 36.0  568
1002 2010 09 08.50754 23 55 02.58 -01 28 36.5  568
1002 2010 09 08.50972 23 55 02.53 -01 28 37.0  568
1002 2010 09 08.51190 23 55 02.44 -01 28 37.2  568
1002 2010 09 08.51408 23 55 02.40 -01 28 37.8  568
1002 2010 09 08.51627 23 55 02.33 -01 28 38.4  568
1002 2010 09 08.51845 23 55 02.27 -01 28 38.8  568
1002 2010 09 08.52283 23 55 02.15 -01 28 39.5  568
1002 2010 09 08.52500 23 55 02.08 -01 28 40.0  568
1002 2010 09 08.54472 23 55 01.51 -01 28 44.4  568
1002 2010 09 08.54691 23 55 01.44 -01 28 44.6  568
1002 2010 09 08.54909 23 55 01.39 -01 28 45.1  568
1002 2010 10 02.37590 23 43 40.19 -02 54 55.4  568      24.1
1002 2010 10 02.37808 23 43 40.12 -02 54 55.9  568
1002 2010 10 02.38026 23 43 40.07 -02 54 56.3  568
1002 2010 10 09.27583 23 40 41.46 -03 17 46.2  568      23.6
1002 2010 10 09.27806 23 40 41.41 -03 17 46.4  568
1002 2010 10 09.28024 23 40 41.34 -03 17 47.0  568
1002 2010 10 09.28242 23 40 41.29 -03 17 47.4  568
1002 2010 10 09.28460 23 40 41.23 -03 17 47.9  568
1002 2010 10 30.21240 23 34 09.06 -04 09 48.9  568
1002 2010 10 30.22564 23 34 08.90 -04 09 50.6  568
1002 2010 11 01.20566 23 33 46.65 -04 13 03.8  568
1002 2010 11 01.21220 23 33 46.58 -04 13 04.6  568
