 17 2003 04 25.26748 08 43 08.76 +18 19 35.6    568
 17 2003 04 25.28567 08 43 09.12 +18 19 34.8    568
 17 2003 04 25.30428 08 43 09.49 +18 19 34.0    568
 17 2003 04 27.32506 08 43 51.95 +18 18 03.4    568
 17 2003 04 27.34356 08 43 52.34 +18 18 02.5    568
 17 2003 04 27.36212 08 43 52.74 +18 18 01.6    568
 18 2003 04 30.23896 08 47 31.91 +18 29 38.2    568
 18 2003 04 30.27442 08 47 32.80 +18 29 35.8    568
 23 2003 04 25.32780 08 36 58.43 +19 30 09.6    568
 23 2003 04 25.34637 08 36 58.74 +19 30 08.7    568
 23 2003 04 25.36495 08 36 59.02 +19 30 07.4    568
 23 2003 04 27.26916 08 37 32.34 +19 28 19.4    568
 23 2003 04 27.28786 08 37 32.66 +19 28 18.2    568
 23 2003 04 27.30639 08 37 32.98 +19 28 17.0    568
 24 2003 04 25.32251 08 37 08.39 +18 23 46.0    568
 24 2003 04 25.34107 08 37 08.71 +18 23 44.8    568
 24 2003 04 25.35968 08 37 09.04 +18 23 43.7    568
 24 2003 04 27.26385 08 37 44.76 +18 21 33.0    568
 24 2003 04 27.28248 08 37 45.12 +18 21 31.6    568
 24 2003 04 27.30112 08 37 45.49 +18 21 30.4    568
 25 2003 04 25.26227 08 48 25.69 +18 44 19.8    568
 25 2003 04 25.28047 08 48 25.89 +18 44 18.8    568
 25 2003 04 25.29896 08 48 26.07 +18 44 17.3    568
 26 2003 04 27.25854 08 42 09.74 +19 15 15.9    568
 26 2003 04 27.27717 08 42 10.10 +19 15 14.0    568
 26 2003 04 27.29580 08 42 10.48 +19 15 12.2    568
 27 2003 04 25.31455 08 42 27.70 +18 25 08.5    568
 27 2003 04 25.33313 08 42 28.06 +18 25 07.3    568
 27 2003 04 25.35173 08 42 28.43 +18 25 06.6    568
 27 2003 04 27.25591 08 43 07.23 +18 23 16.7    568
 27 2003 04 27.27452 08 43 07.60 +18 23 15.5    568
 27 2003 04 27.29319 08 43 07.98 +18 23 14.4    568
