17  2011 08 04.56105  02 23 48.56  +12 36 31.9   21.7  r  568 112833
17  2011 08 05.52936  02 24 04.23  +12 38 15.0   21.7  r  568 112833
17  2011 08 05.57201  02 24 04.87  +12 38 19.5   21.6  r  568 112833
17  2011 08 05.61363  02 24 05.50  +12 38 23.9   21.8  r  568 112833
19  2010 09 11.20586  00 04 13.585 -01 03 05.20  21.7  r  304 112835
19  2010 09 11.24221  00 04 12.622 -01 03 12.98   -    -  304 112835
19  2010 09 11.25857  00 04 12.172 -01 03 16.23   -    -  304 112835
19  2010 09 12.29319  00 03 45.319 -01 06 51.86   -    -  304 112835
19  2010 09 12.30739  00 03 44.931 -01 06 54.81   -    -  304 112835
19  2010 09 12.32123  00 03 44.555 -01 06 57.78   -    -  304 112835
21  2011 10 20.13408  02 15 49.664 +12 17 09.91   -    -  304 112835
21  2011 10 20.14405  02 15 49.342 +12 17 08.15   -    -  304 112835
21  2011 10 20.15357  02 15 49.015 +12 17 06.04   -    -  304 112835
21  2011 10 22.15597  02 14 43.158 +12 10 58.52   -    -  304 112835
21  2011 10 22.18038  02 14 42.334 +12 10 54.54  22.7  r  304 112835
21  2011 11 26.13355  01 56 46.583 +10 30 35.81  23.2  r  304 112835
21  2011 11 26.16274  01 56 45.876 +10 30 32.14   -    -  304 112835
21  2011 11 28.05924  01 56 01.427 +10 26 24.13   -    -  304 112835
21  2011 11 28.08833  01 56 00.703 +10 26 19.82   -    -  304 112835
22  2011 09 03.45113  02 39 58.22  +13 36 51.1   23.1  r  568 112833
22  2011 09 03.52183  02 39 57.90  +13 36 50.9   23.3  r  568 112833
22  2011 09 03.55762  02 39 57.71  +13 36 51.0   22.9  r  568 112833
22  2011 09 04.51282  02 39 53.60  +13 36 43.2   23.0  r  568 112833
23  2010 09 11.18891  23 59 15.018 -02 17 55.41  21.8  r  304 112835
23  2010 09 11.21174  23 59 14.453 -02 17 59.40   -    -  304 112835
23  2010 09 11.22831  23 59 14.046 -02 18 02.42   -    -  304 112835
23  2010 09 12.14299  23 58 52.432 -02 20 39.11   -    -  304 112835
23  2010 09 12.15748  23 58 52.079 -02 20 41.64   -    -  304 112835
23  2010 09 12.17248  23 58 51.708 -02 20 44.19   -    -  304 112835
23  2017 03 26.28163  13 08 24.06  -05 19 04.5   22.6  V  W84 112833
23  2017 03 26.28417  13 08 23.99  -05 19 04.0    -    -  W84 112833
23  2017 03 26.28669  13 08 23.92  -05 19 03.6    -    -  W84 112834
23  2017 03 26.28922  13 08 23.85  -05 19 03.1    -    -  W84 112834
23  2017 03 26.32711  13 08 22.82  -05 18 55.9    -    -  W84 112834
23  2017 03 26.32964  13 08 22.76  -05 18 55.5    -    -  W84 112834
23  2017 03 26.33218  13 08 22.69  -05 18 55.1    -    -  W84 112834
25  2016 03 09.27415  11 12 21.204 +06 36 04.03  22.6  r  304 112835
25  2016 03 09.29219  11 12 20.714 +06 36 07.51   -    -  304 112835
25  2017 03 26.22581  13 07 16.12  -05 57 51.4   23.7  V  W84 112834
25  2017 03 26.22837  13 07 16.04  -05 57 50.9    -    -  W84 112834
25  2017 03 26.28163  13 07 14.46  -05 57 41.8    -    -  W84 112834
25  2017 03 26.28417  13 07 14.38  -05 57 41.4    -    -  W84 112834
25  2017 03 26.28669  13 07 14.32  -05 57 40.9    -    -  W84 112834
25  2017 03 26.28922  13 07 14.23  -05 57 40.4    -    -  W84 112834
25  2017 03 26.32964  13 07 13.03  -05 57 33.4    -    -  W84 112834
25  2017 03 26.33218  13 07 12.95  -05 57 32.9    -    -  W84 112834
26  2011 11 26.13062  01 57 11.381 +09 53 08.65  22.4  r  304 112835
26  2011 11 26.15984  01 57 10.791 +09 53 07.50   -    -  304 112835
26  2011 11 28.05637  01 56 35.146 +09 50 44.69   -    -  304 112835
26  2011 11 28.08546  01 56 34.597 +09 50 42.43   -    -  304 112835
27  2017 03 24.26656  13 24 40.17  -06 30 59.9   22.2  V  W84 112834
27  2017 03 24.26979  13 24 40.09  -06 30 59.2    -    -  W84 112834
27  2017 03 24.27300  13 24 40.00  -06 30 58.7    -    -  W84 112834
27  2017 03 24.27622  13 24 39.93  -06 30 58.1    -    -  W84 112834
27  2017 03 24.30446  13 24 39.20  -06 30 52.9    -    -  W84 112834
27  2017 03 24.31095  13 24 39.03  -06 30 51.7    -    -  W84 112834
27  2017 03 24.31395  13 24 38.95  -06 30 51.1    -    -  W84 112834
27  2017 03 24.31695  13 24 38.88  -06 30 50.5    -    -  W84 112834
27  2017 03 24.31993  13 24 38.80  -06 30 50.1    -    -  W84 112834
28  2011 09 27.29641  02 31 28.941 +13 52 51.70  22.1  r  304 112835
28  2011 09 27.31251  02 31 28.691 +13 52 50.07   -    -  304 112835
28  2011 09 27.32813  02 31 28.435 +13 52 48.42   -    -  304 112835
28  2011 09 28.33231  02 31 13.134 +13 51 04.24   -    -  304 112835
28  2011 09 28.34557  02 31 12.913 +13 51 02.73   -    -  304 112835
28  2016 03 09.27715  11 10 25.918 +06 01 01.48  22.0  r  304 112835
28  2016 03 09.29516  11 10 25.309 +06 01 04.83  22.0  r  304 112835
29  2017 03 24.27300  13 22 43.51  -06 31 44.6   23.2  V  W84 112834
29  2017 03 24.27622  13 22 43.42  -06 31 44.1    -    -  W84 112834
29  2017 03 24.30446  13 22 42.63  -06 31 38.3    -    -  W84 112834
29  2017 03 24.31095  13 22 42.44  -06 31 37.1    -    -  W84 112834
29  2017 03 24.31395  13 22 42.37  -06 31 36.4    -    -  W84 112834
29  2017 03 24.31695  13 22 42.28  -06 31 35.8    -    -  W84 112834
29  2017 03 24.31993  13 22 42.20  -06 31 35.2    -    -  W84 112834
29  2017 03 26.23091  13 21 49.50  -06 25 08.9   23.1  V  W84 112834
29  2017 03 26.26873  13 21 48.42  -06 25 01.2    -    -  W84 112834
29  2017 03 26.27126  13 21 48.34  -06 25 00.8    -    -  W84 112834
29  2017 03 26.27385  13 21 48.26  -06 25 00.1    -    -  W84 112834
29  2017 03 26.27649  13 21 48.19  -06 24 59.6    -    -  W84 112834
29  2017 03 26.27909  13 21 48.11  -06 24 59.1    -    -  W84 112834
29  2017 03 26.31952  13 21 46.95  -06 24 50.8    -    -  W84 112834
29  2017 03 26.32206  13 21 46.88  -06 24 50.2    -    -  W84 112834
29  2017 03 26.32459  13 21 46.81  -06 24 49.7    -    -  W84 112834
30  2011 08 04.56105  02 24 42.06  +13 09 17.8   23.1  r  568 112834
30  2011 08 05.52936  02 24 55.63  +13 10 45.8   23.1  r  568 112834
30  2011 08 05.57201  02 24 56.19  +13 10 49.8   23.2  r  568 112834
30  2011 08 05.61363  02 24 56.73  +13 10 53.5   23.1  r  568 112834
30  2017 03 24.26656  13 23 20.24  -06 07 14.5   23.0  V  W84 112834
30  2017 03 24.26979  13 23 20.16  -06 07 13.9    -    -  W84 112834
30  2017 03 24.27300  13 23 20.07  -06 07 13.4    -    -  W84 112834
30  2017 03 24.27622  13 23 19.97  -06 07 13.0    -    -  W84 112834
30  2017 03 24.30446  13 23 19.21  -06 07 08.4    -    -  W84 112834
30  2017 03 24.31095  13 23 19.04  -06 07 07.4    -    -  W84 112834
30  2017 03 24.31395  13 23 18.95  -06 07 07.0    -    -  W84 112834
30  2017 03 24.31695  13 23 18.87  -06 07 06.6    -    -  W84 112834
30  2017 03 24.31993  13 23 18.78  -06 07 06.1    -    -  W84 112834
30  2017 03 26.23091  13 22 27.34  -06 02 05.4   22.6  V  W84 112834
30  2017 03 26.26873  13 22 26.29  -06 01 59.3    -    -  W84 112834
30  2017 03 26.27126  13 22 26.21  -06 01 59.1    -    -  W84 112834
30  2017 03 26.27385  13 22 26.14  -06 01 58.5    -    -  W84 112834
30  2017 03 26.27649  13 22 26.07  -06 01 58.1    -    -  W84 112834
30  2017 03 26.27909  13 22 26.00  -06 01 57.7    -    -  W84 112834
30  2017 03 26.31952  13 22 24.87  -06 01 51.2    -    -  W84 112834
30  2017 03 26.32206  13 22 24.79  -06 01 50.8    -    -  W84 112834
30  2017 03 26.32459  13 22 24.72  -06 01 50.5    -    -  W84 112834
31  2016 03 09.28024  11 09 48.838 +06 30 40.94  22.4  r  304 112835
31  2016 03 09.29815  11 09 48.290 +06 30 44.82   -    -  304 112835
31  2017 03 24.26979  13 21 09.67  -06 25 33.1   23.3  V  W84 112834
31  2017 03 24.27300  13 21 09.58  -06 25 32.6    -    -  W84 112834
31  2017 03 24.27622  13 21 09.51  -06 25 32.3    -    -  W84 112834
31  2017 03 24.30446  13 21 08.78  -06 25 28.2    -    -  W84 112834
31  2017 03 24.31095  13 21 08.59  -06 25 27.2    -    -  W84 112834
31  2017 03 24.31395  13 21 08.54  -06 25 26.8    -    -  W84 112834
31  2017 03 24.31695  13 21 08.45  -06 25 26.3    -    -  W84 112834
31  2017 03 26.23091  13 20 20.00  -06 20 52.9   23.1  V  W84 112834
31  2017 03 26.26873  13 20 18.99  -06 20 47.5    -    -  W84 112834
31  2017 03 26.27126  13 20 18.92  -06 20 47.1    -    -  W84 112834
31  2017 03 26.27385  13 20 18.86  -06 20 46.7    -    -  W84 112834
31  2017 03 26.27649  13 20 18.79  -06 20 46.3    -    -  W84 112834
31  2017 03 26.27909  13 20 18.72  -06 20 46.0    -    -  W84 112834
31  2017 03 26.31952  13 20 17.65  -06 20 40.0    -    -  W84 112834
31  2017 03 26.32206  13 20 17.59  -06 20 39.8    -    -  W84 112834
31  2017 03 26.32459  13 20 17.53  -06 20 39.4    -    -  W84 112834
32  2011 11 26.14228  02 04 47.210 +11 11 29.37  22.9  r  304 112835
32  2011 11 26.17141  02 04 46.600 +11 11 25.62   -    -  304 112835
32  2011 11 28.06798  02 04 08.755 +11 07 12.04   -    -  304 112835
32  2011 11 28.09701  02 04 08.156 +11 07 08.43   -    -  304 112835
32  2016 03 09.28620  11 14 25.814 +06 16 27.86  22.8  r  304 112835
32  2016 03 09.30409  11 14 25.314 +06 16 31.95   -    -  304 112835
34  2017 03 26.22581  13 08 21.30  -05 44 40.1   23.6  V  W84 112834
34  2017 03 26.22837  13 08 21.22  -05 44 39.5    -    -  W84 112834
34  2017 03 26.28163  13 08 19.78  -05 44 28.4    -    -  W84 112834
34  2017 03 26.28417  13 08 19.72  -05 44 27.9    -    -  W84 112834
34  2017 03 26.28669  13 08 19.64  -05 44 27.4    -    -  W84 112834
34  2017 03 26.28922  13 08 19.58  -05 44 26.8    -    -  W84 112834
34  2017 03 26.32711  13 08 18.55  -05 44 18.9    -    -  W84 112834
34  2017 03 26.32964  13 08 18.49  -05 44 18.4    -    -  W84 112834
34  2017 03 26.33218  13 08 18.42  -05 44 17.9    -    -  W84 112834
35  2017 03 26.28163  13 10 46.99  -04 46 43.1   24.1  V  W84 112834
35  2017 03 26.28417  13 10 46.91  -04 46 42.6    -    -  W84 112834
35  2017 03 26.28669  13 10 46.83  -04 46 42.2    -    -  W84 112834
35  2017 03 26.28922  13 10 46.76  -04 46 41.8    -    -  W84 112834
35  2017 03 26.32711  13 10 45.66  -04 46 35.9    -    -  W84 112834
35  2017 03 26.32964  13 10 45.57  -04 46 35.3    -    -  W84 112834
37  2017 03 26.23091  13 21 14.54  -07 12 15.9   23.6  V  W84 112834
37  2017 03 26.26873  13 21 13.48  -07 12 10.0    -    -  W84 112834
37  2017 03 26.27126  13 21 13.42  -07 12 09.6    -    -  W84 112834
37  2017 03 26.27385  13 21 13.34  -07 12 09.1    -    -  W84 112834
37  2017 03 26.27649  13 21 13.27  -07 12 08.8    -    -  W84 112834
37  2017 03 26.27909  13 21 13.18  -07 12 08.4    -    -  W84 112834
37  2017 03 26.31952  13 21 12.05  -07 12 02.2    -    -  W84 112834
37  2017 03 26.32206  13 21 11.98  -07 12 01.9    -    -  W84 112834
40  2017 03 26.28163  13 11 30.81  -05 40 14.5   23.6  V  W84 112834
40  2017 03 26.28669  13 11 30.70  -05 40 13.6    -    -  W84 112834
40  2017 03 26.28922  13 11 30.64  -05 40 13.1    -    -  W84 112834
40  2017 03 26.32711  13 11 29.75  -05 40 06.3    -    -  W84 112834
40  2017 03 26.32964  13 11 29.69  -05 40 05.9    -    -  W84 112834
40  2017 03 26.33218  13 11 29.64  -05 40 05.4    -    -  W84 112834
41  2017 03 24.26656  13 20 41.86  -06 14 55.4   23.0  V  W84 112834
41  2017 03 24.26979  13 20 41.76  -06 14 54.7    -    -  W84 112835
41  2017 03 24.27300  13 20 41.66  -06 14 54.1    -    -  W84 112835
41  2017 03 24.27622  13 20 41.58  -06 14 53.4    -    -  W84 112835
41  2017 03 24.30446  13 20 40.75  -06 14 48.0    -    -  W84 112835
41  2017 03 24.31095  13 20 40.56  -06 14 46.8    -    -  W84 112835
41  2017 03 24.31395  13 20 40.48  -06 14 46.2    -    -  W84 112835
41  2017 03 24.31695  13 20 40.38  -06 14 45.6    -    -  W84 112835
41  2017 03 24.31993  13 20 40.30  -06 14 45.0    -    -  W84 112835
41  2017 03 26.23091  13 19 45.09  -06 08 33.0   23.0  V  W84 112835
41  2017 03 26.26873  13 19 43.96  -06 08 25.5    -    -  W84 112835
41  2017 03 26.27126  13 19 43.89  -06 08 25.0    -    -  W84 112835
41  2017 03 26.27385  13 19 43.81  -06 08 24.5    -    -  W84 112835
41  2017 03 26.27649  13 19 43.73  -06 08 24.0    -    -  W84 112835
41  2017 03 26.27909  13 19 43.66  -06 08 23.5    -    -  W84 112835
41  2017 03 26.32206  13 19 42.37  -06 08 15.1    -    -  W84 112835
41  2017 03 26.32459  13 19 42.29  -06 08 14.5    -    -  W84 112835
42  2011 10 20.16311  02 15 13.628 +11 37 31.06  23.2  r  304 112835
42  2011 10 20.17069  02 15 13.390 +11 37 29.39   -    -  304 112835
42  2011 10 20.17787  02 15 13.160 +11 37 28.14   -    -  304 112835
42  2017 03 24.26656  13 19 29.12  -07 37 32.6   23.6  V  W84 112835
42  2017 03 24.26979  13 19 29.03  -07 37 32.2    -    -  W84 112835
42  2017 03 24.27300  13 19 28.96  -07 37 31.5    -    -  W84 112835
42  2017 03 24.27622  13 19 28.88  -07 37 31.2    -    -  W84 112835
42  2017 03 24.30446  13 19 28.15  -07 37 26.6    -    -  W84 112835
42  2017 03 24.31095  13 19 27.98  -07 37 25.7    -    -  W84 112835
42  2017 03 24.31395  13 19 27.89  -07 37 25.1    -    -  W84 112835
42  2017 03 26.23091  13 18 39.34  -07 32 17.5   23.8  V  W84 112835
42  2017 03 26.26873  13 18 38.33  -07 32 11.3    -    -  W84 112835
42  2017 03 26.27126  13 18 38.26  -07 32 10.9    -    -  W84 112835
42  2017 03 26.27385  13 18 38.20  -07 32 10.5    -    -  W84 112835
42  2017 03 26.27649  13 18 38.14  -07 32 10.1    -    -  W84 112835
42  2017 03 26.27909  13 18 38.07  -07 32 09.8    -    -  W84 112835
42  2017 03 26.31952  13 18 37.00  -07 32 03.1    -    -  W84 112835
42  2017 03 26.32206  13 18 36.94  -07 32 02.6    -    -  W84 112835
42  2017 03 26.32459  13 18 36.86  -07 32 02.3    -    -  W84 112835
43  2011 10 20.18975  02 21 54.546 +12 22 58.62  22.7  r  304 112835
43  2011 10 20.19692  02 21 54.341 +12 22 57.46   -    -  304 112835
43  2011 10 20.20412  02 21 54.136 +12 22 56.20   -    -  304 112835
43  2016 03 09.28024  11 10 45.145 +06 36 33.19  22.7  r  304 112835
43  2016 03 09.29815  11 10 44.602 +06 36 36.89   -    -  304 112835
44  2010 09 11.18891  23 58 58.904 -02 30 14.37  23.1  r  304 112835
44  2010 09 11.21174  23 58 58.289 -02 30 18.77   -    -  304 112835
44  2010 09 11.22831  23 58 57.857 -02 30 21.94   -    -  304 112835
44  2010 09 12.14299  23 58 34.460 -02 33 12.00   -    -  304 112835
44  2010 09 12.15748  23 58 34.068 -02 33 14.94   -    -  304 112835
44  2010 09 12.17248  23 58 33.701 -02 33 17.55   -    -  304 112835
44  2017 03 26.28163  13 07 04.22  -05 35 37.3   23.6  V  W84 112835
44  2017 03 26.28922  13 07 04.01  -05 35 35.9    -    -  W84 112835
44  2017 03 26.32711  13 07 02.97  -05 35 28.9    -    -  W84 112835
44  2017 03 26.32964  13 07 02.91  -05 35 28.4    -    -  W84 112835
44  2017 03 26.33218  13 07 02.83  -05 35 27.9    -    -  W84 112835
47  2011 11 26.14228  02 04 48.602 +11 09 07.65  22.8  r  304 112835
47  2011 11 26.17141  02 04 47.863 +11 09 03.96   -    -  304 112835
47  2011 11 28.06798  02 04 01.926 +11 04 57.45   -    -  304 112835
47  2011 11 28.09701  02 04 01.213 +11 04 53.66   -    -  304 112835
47  2016 03 09.27715  11 11 17.704 +06 14 44.23  22.4  r  304 112835
47  2016 03 09.29516  11 11 17.200 +06 14 47.57   -    -  304 112835
50  2011 10 20.16547  02 19 33.601 +12 50 51.86  22.5  r  304 112835
50  2011 10 20.17311  02 19 33.380 +12 50 50.50   -    -  304 112835
50  2011 10 20.18024  02 19 33.177 +12 50 49.77   -    -  304 112835
50  2011 10 22.19233  02 18 38.477 +12 45 58.91   -    -  304 112835
