 1  2001 12 10.57448  06 51 32.29 +22  18  42.2
 1  2001 12 10.59788  06 51 31.54 +22  18  42.5
 1  2001 12 10.62119  06 51 30.78 +22  18  43.3
 1  2001 12 18.48742  06 47 05.95 +22  21  33.8
 1  2001 12 18.51963  06 47 04.84 +22  21  34.5
 1  2002 01 08.26007  06 34 29.35 +22  28  47.2
 1  2002 01 08.28380  06 34 28.47 +22  28  47.6
 1  2002 01 15.29632  06 30 23.74 +22  30  42.4
 1  2002 02 10.26807  06 19 02.48 +22  34  48.9
 1  2002 02 10.31125  06 19 01.67 +22  34  49.1
 2  2001 12 11.54341  07 02 17.47 +22  34  18.1
 2  2001 12 11.56667  07 02 16.82 +22  34  20.2
 2  2001 12 11.58999  07 02 16.19 +22  34  21.7
 2  2001 12 18.41655  06 58 59.62 +22  44  29.0
 2  2001 12 18.44947  06 58 58.58 +22  44  32.1
 2  2002 01 08.44646  06 47 27.14 +23  15  31.6
 2  2002 01 08.46588  06 47 26.43 +23  15  33.3
 2  2002 01 15.55675  06 43 33.10 +23  24  53.3
 2  2002 01 15.57872  06 43 32.38 +23  24  54.6
 2  2002 02 10.43345  06 32 26.48 +23  49  54.8
 2  2002 02 10.45590  06 32 26.07 +23  49  55.7
 3  2001 12 09.56947  07 08 02.78 +23  27  37.3
 3  2001 12 09.60404  07 08 01.81 +23  27  38.7
 3  2001 12 09.62892  07 08 01.14 +23  27  39.5
 3  2001 12 17.58220  07 04 11.52 +23  32  58.3
 3  2001 12 17.61258  07 04 10.53 +23  32  59.6
 3  2002 01 08.25278  06 52 02.06 +23  45  36.6
 3  2002 01 08.27679  06 52 01.21 +23  45  37.3
 3  2002 01 15.27965  06 48 04.61 +23  48  18.6
 3  2002 01 15.28800  06 48 04.30 +23  48  18.9
 3  2002 02 10.25612  06 36 37.70 +23  50  31.2
 3  2002 02 10.29933  06 36 36.90 +23  50  30.7
 3  2002 03 12.32554  06 33 43.65 +23  40  45.5
 3  2002 03 12.38735  06 33 44.03 +23  40  43.5
 4  2001 12 09.56947  07 08 00.16 +23  29  31.0
 4  2001 12 09.60404  07 07 59.13 +23  29  32.3
 4  2001 12 09.62892  07 07 58.38 +23  29  33.2
 4  2001 12 18.57426  07 03 16.05 +23  35  30.2
 4  2001 12 18.64454  07 03 13.67 +23  35  32.7
 4  2002 01 08.29928  06 50 46.67 +23  46  55.5
 4  2002 01 08.32304  06 50 45.79 +23  46  56.3
 4  2002 01 16.32502  06 45 58.15 +23  49  31.6
 4  2002 02 10.33124  06 34 07.99 +23  49  44.6
 4  2002 02 10.35957  06 34 07.38 +23  49  44.1
 5  2001 12 09.58617  07 05 50.46 +21  22  24.0
 5  2001 12 09.62130  07 05 49.52 +21  22  24.9
 5  2001 12 09.64579  07 05 48.87 +21  22  25.4
 5  2001 12 19.35288  07 01 12.61 +21  27  58.4
 5  2001 12 19.38609  07 01 11.66 +21  27  59.9
 5  2002 01 08.35351  06 50 16.76 +21  41  51.3
 5  2002 01 08.37856  06 50 15.90 +21  41  52.4
 5  2002 02 10.37863  06 35 45.53 +22  02  00.0
 5  2002 02 10.47913  06 35 43.86 +22  02  02.8
 6  2001 12 11.54012  07 03 16.79 +23  16  28.8
 6  2001 12 11.56339  07 03 16.15 +23  16  30.0
 6  2001 12 11.58670  07 03 15.49 +23  16  31.3
 6  2001 12 19.49267  06 59 26.85 +23  23  44.2
 6  2001 12 19.52950  06 59 25.65 +23  23  46.2
 6  2002 01 08.37031  06 48 36.93 +23  40  28.7
 6  2002 01 08.39552  06 48 36.08 +23  40  29.8
 6  2002 02 10.46691  06 34 15.26 +23  54  48.3
 6  2002 02 10.49149  06 34 14.88 +23  54  48.4
 7  2001 12 11.54012  07 01 55.02 +22  57  27.2
 7  2001 12 11.56339  07 01 54.40 +22  57  29.2
 7  2001 12 11.58670  07 01 53.78 +22  57  31.0
 7  2001 12 19.57109  06 58 13.61 +23  09  30.9
 7  2001 12 19.60213  06 58 12.73 +23  09  33.6
 7  2002 01 08.40376  06 47 48.26 +23  38  04.3
 7  2002 01 08.42990  06 47 47.38 +23  38  06.5
 7  2002 02 11.26735  06 33 33.76 +24  10  10.5
 7  2002 02 11.32363  06 33 32.89 +24  10  12.6
 8  2001 12 09.47169  07 09 38.12 +21  52  48.5
 8  2001 12 09.55888  07 09 35.60 +21  52  52.5
 8  2001 12 19.62208  07 04 25.38 +22  01  18.8
 8  2001 12 19.64412  07 04 24.62 +22  01  19.9
 8  2002 01 08.26935  06 52 51.96 +22  18  58.2
 8  2002 01 08.29149  06 52 51.16 +22  18  59.3
 8  2002 01 09.42174  06 52 10.63 +22  19  57.4
 8  2002 01 09.44330  06 52 09.86 +22  19  58.2
 8  2002 02 11.25513  06 36 19.89 +22  42  06.1
 8  2002 02 11.29174  06 36 19.19 +22  42  07.2
 9  2001 12 11.53343  07 02 24.46 +23  58  34.4
 9  2001 12 11.55682  07 02 23.69 +23  58  35.5
 9  2001 12 11.58015  07 02 22.92 +23  58  36.9
 9  2001 12 19.48171  06 57 49.92 +24  06  10.1
 9  2001 12 19.51925  06 57 48.58 +24  06  12.2
 9  2002 01 08.36203  06 45 11.49 +24  21  17.5
 9  2002 01 08.41201  06 45 09.54 +24  21  19.2
 9  2002 03 12.31177  06 24 09.80 +24  13  16.9
 9  2002 03 12.37559  06 24 10.11 +24  13  14.3
10  2001 12 11.55019  07 02 59.57 +21  32  39.8
10  2001 12 11.57340  07 02 58.82 +21  32  41.0
10  2001 12 11.59678  07 02 58.08 +21  32  42.1
10  2001 12 18.54995  06 59 09.57 +21  38  48.5
10  2001 12 18.59181  06 59 08.21 +21  38  50.6
10  2002 01 08.47201  06 46 24.04 +21  59  37.4
10  2002 01 08.49170  06 46 23.30 +21  59  38.6
10  2002 02 11.24272  06 29 36.23 +22  30  39.1
10  2002 02 11.27949  06 29 35.53 +22  30  40.9
11  2001 12 09.57942  07 05 24.35 +22  10  51.3
11  2001 12 09.61455  07 05 23.28 +22  10  52.6
11  2001 12 19.50872  07 00 06.27 +22  17  44.0
11  2001 12 19.53986  07 00 05.11 +22  17  45.2
11  2002 01 08.30639  06 48 10.41 +22  31  58.0
11  2002 01 08.33016  06 48 09.55 +22  31  59.0
11  2002 01 16.34472  06 43 24.64 +22  37  04.6
11  2002 01 16.38227  06 43 23.35 +22  37  05.9
11  2002 02 10.34071  06 31 48.69 +22  48  32.6
11  2002 02 10.36902  06 31 48.11 +22  48  32.8