11 2010 09 11.20586 00 03 19.259  0 -53 48.33   -   -
11 2010 09 11.24221 00 03 18.341  0 -53 55.30   -   -
11 2010 09 11.25857 00 03 17.895  0 -53 58.33   -   -
11 2010 09 12.29319 00 02 53.266  0 -57 24.31  23.0 r
11 2010 09 12.30739 00 02 52.930  0 -57 27.12   -   -
11 2010 09 12.32123 00 02 52.551  0 -57 30.21   -   -
11 2011 09 27.37634 02 27 42.420 +12 36 49.23  23.1 r
11 2011 09 27.38603 02 27 42.141 +12 36 47.94   -   -
11 2011 09 27.39553 02 27 41.926 +12 36 46.47   -   -
11 2011 09 28.30856 02 27 16.382 +12 34 52.29   -   -
11 2011 09 28.32231 02 27 15.950 +12 34 50.51   -   -
11 2011 10 20.16311 02 15 04.068 +11 43 07.87   -   -
11 2011 10 20.17069 02 15 03.785 +11 43 06.35   -   -
11 2011 10 20.17787 02 15 03.520 +11 43 05.37   -   -
11 2011 10 22.16567 02 13 50.053 +11 38 06.86   -   -
11 2011 10 22.18993 02 13 49.142 +11 38 03.29  22.8 r
11 2011 11 28.04199 01 54 05.715 +10 24 08.94  23.3 r
11 2011 11 28.04484 01 54 05.653 +10 24 08.66   -   -
11 2011 11 28.07385 01 54 04.990 +10 24 06.44   -   -