307 2002 01 11.35191 06 37 52.17 +22 07 27.4    568
307 2002 01 11.36816 06 37 51.66 +22 07 28.5    568
307 2002 01 11.38631 06 37 51.06 +22 07 28.9    568
307 2002 01 15.40090 06 35 46.13 +22 09 56.1    568
307 2002 01 15.42266 06 35 45.46 +22 09 56.8    568
321 2002 01 10.25291 06 34 08.96 +22 57 50.1    568
321 2002 01 10.27463 06 34 08.21 +22 57 51.9    568
321 2002 01 16.54142 06 30 40.13 +23 06 08.0    568
321 2002 01 16.55307 06 30 39.76 +23 06 08.9    568
322 2003 02 09.47469 08 50 56.70 +18 58 46.4    568
322 2003 02 09.48459 08 50 56.36 +18 58 47.7    568
322 2003 02 09.49447 08 50 56.05 +18 58 48.8    568
322 2003 02 26.39135 08 42 53.30 +19 22 52.0    568
322 2003 02 26.41444 08 42 52.71 +19 22 53.3    568
322 2003 02 27.38704 08 42 29.00 +19 23 56.6    568
322 2003 02 27.40195 08 42 28.63 +19 23 57.6    568
322 2003 02 28.50837 08 42 02.26 +19 25 05.8    568
322 2003 03 04.41406 08 40 35.45 +19 28 38.7    568
322 2003 03 04.42465 08 40 35.19 +19 28 38.9    568
322 2003 03 26.35344 08 35 52.85 +19 34 58.3    568
322 2003 03 27.25175 08 35 49.44 +19 34 43.4    568
322 2003 03 27.27058 08 35 49.35 +19 34 43.2    568
322 2003 03 27.28751 08 35 49.27 +19 34 42.7    568
322 2003 04 25.31719 08 39 46.85 +19 06 01.1    568
322 2003 04 25.33575 08 39 47.19 +19 05 59.0    568
322 2003 04 25.35438 08 39 47.55 +19 05 57.1    568
322 2003 04 27.25854 08 40 25.57 +19 02 44.6    568
322 2003 04 27.27717 08 40 25.97 +19 02 42.3    568
322 2003 04 27.29580 08 40 26.34 +19 02 40.3    568
323 2003 02 06.45622 09 04 23.66 +17 04 51.4    568
323 2003 02 06.47625 09 04 22.90 +17 04 53.9    568
323 2003 02 09.52620 09 02 31.57 +17 11 40.2    568
323 2003 02 09.53469 09 02 31.22 +17 11 41.6    568
323 2003 02 25.44958 08 53 22.60 +17 45 03.0    568
323 2003 02 25.45775 08 53 22.34 +17 45 04.2    568
323 2003 02 25.47360 08 53 21.83 +17 45 05.9    568
323 2003 02 25.48177 08 53 21.52 +17 45 06.7    568
323 2003 02 25.48930 08 53 21.33 +17 45 07.9    568
323 2003 02 25.50451 08 53 20.85 +17 45 09.8    568
323 2003 02 25.51985 08 53 20.41 +17 45 10.7    568
323 2003 02 27.47205 08 52 19.57 +17 48 55.0    568
323 2003 02 27.48692 08 52 19.11 +17 48 56.5    568
323 2003 02 27.50178 08 52 18.64 +17 48 58.2    568
323 2003 03 07.25711 08 48 37.61 +18 02 35.6    568
323 2003 03 07.32112 08 48 35.88 +18 02 41.8    568
322 2002 01 11.36270 06 42 44.03 +22 21 08.9    568
322 2002 01 11.37910 06 42 43.57 +22 21 09.7    568
322 2002 01 11.39726 06 42 43.03 +22 21 10.9    568
322 2002 01 15.33944 06 40 51.44 +22 25 08.7    568
322 2002 01 15.37575 06 40 50.35 +22 25 11.0    568
