1999 10  6.36219    2 05 27.71  12 28 47.8 687 ? 1
1999 10  6.38353    2 05 27.22  12 28 44.8 687 ? 1
1999 10  6.40498    2 05 26.69  12 28 41.9 687 ? 1
1999 10 12.36523    2 02 57.27  12 14 55.4 687 ? 1
1999 10 12.40965    2 02 56.06  12 14 49.6 687 ? 1
1999 10 19.33318    1 59 49.99  11 57 15.0 687 ? 1
1999 10 19.35644    1 59 49.33  11 57 11.3 687 ? 1
1999 10 19.37792    1 59 48.71  11 57 07.9 687 ? 1
1999 10 30.33261    1 54 44.66  11 27 38.6 687 ? 1
1999 10 30.35371    1 54 44.08  11 27 34.9 687 ? 1
1999 10 30.37484    1 54 43.55  11 27 31.5 687 ? 1
1999 11  4.36652    1 52 28.07  11 14 03.0 687 ? 1
1999 11  4.38952    1 52 27.39  11 13 59.1 687 ? 1
1999 11  4.41569    1 52 26.69  11 13 54.9 687 ? 1
2000 07 25.41389    4 12 16.08  19 28 01.4 809 1 2
2000 07 25.41704    4 12 16.18  19 28 01.4 809 1 2
2000 07 25.42035    4 12 16.31  19 28 01.5 809 1 2
2000 07 28.40119    4 14 13.55  19 31 39.3 309 2 2
2000 07 28.40910    4 14 13.85  19 31 39.9 309 2 2
2000 07 28.41756    4 14 14.17  19 31 40.6 309 2 2