17  2015 02 12.34195  09 06 29.381 +16 00 43.18  20.9  w  F51  92473
17  2015 02 12.35593  09 06 28.925 +16 00 45.31  21.0  w  F51  92473
17  2015 02 12.36817  09 06 28.544 +16 00 47.01  21.0  w  F51  92473
17  2015 02 12.38047  09 06 28.152 +16 00 48.90  20.9  w  F51  92473
17  2015 02 18.29094  09 03 27.038 +16 14 49.24  21.0  w  F51  92473
17  2015 02 18.30390  09 03 26.644 +16 14 50.96  20.9  w  F51  92473
17  2015 02 18.31666  09 03 26.288 +16 14 52.63  21.1  w  F51  92473
17  2015 02 18.32942  09 03 25.859 +16 14 54.13  20.7  w  F51  92473
17  2016 02 05.49416  11 35 02.609 +04 45 09.56  21.2  w  F51  97711
17  2016 02 05.50598  11 35 02.325 +04 45 11.39  21.2  w  F51  97711
17  2016 02 05.51781  11 35 02.074 +04 45 12.83  20.9  w  F51  97711
17  2016 02 05.52969  11 35 01.820 +04 45 14.61  21.0  w  F51  97711
17  2016 02 28.43998  11 24 40.25  +05 47 21.7    -    -  691  99414
17  2016 02 28.45867  11 24 39.65  +05 47 25.2    -    -  691  99414
17  2016 02 28.47735  11 24 39.05  +05 47 28.5    -    -  691  99414
18  2015 02 27.14697  09 13 35.70  +17 25 41.1   19.9  V  G96  92473
18  2015 02 27.15324  09 13 35.53  +17 25 42.5   20.0  V  G96  92473
18  2015 02 27.15953  09 13 35.34  +17 25 43.6   19.7  V  G96  92474
18  2015 02 27.16580  09 13 35.19  +17 25 44.4   20.1  V  G96  92474
18  2015 03 14.25802  09 07 19.839 +18 03 51.47  20.4  w  F51  93114
18  2015 03 14.27159  09 07 19.527 +18 03 53.08  20.3  w  F51  93114
18  2015 03 14.28517  09 07 19.207 +18 03 54.65  20.3  w  F51  93114
18  2015 03 14.29941  09 07 18.882 +18 03 56.35  20.3  w  F51  93114
19  2016 02 05.49416  11 39 37.196 +04 50 25.89  22.0  w  F51  97711
19  2016 02 05.50598  11 39 36.981 +04 50 27.64  22.3  w  F51  97711
19  2016 02 05.51781  11 39 36.755 +04 50 29.40  22.2  w  F51  97711
27  2016 02 05.50598  11 37 49.073 +04 58 02.57  22.2  w  F51  97711
27  2016 02 05.51781  11 37 48.817 +04 58 04.18  22.0  w  F51  97711
27  2016 02 05.52969  11 37 48.572 +04 58 06.12  22.0  w  F51  97711