 1 2001 01 21.14006    03 54 24.58 +19  55  52.0  696 696 696
 1 2001 01 21.20689    03 54 24.39 +19  55  48.0  696 696 696
 1 2001 01 21.29002    03 54 24.15 +19  55  43.2  696 696 696
 4 2001 01 27.35951    04 04 34.26 +20  33  27.6  568 568 568
 4 2001 01 27.41074    04 04 34.36 +20  33  28.3  568 568 568
 5 2001 01 27.41544    04 04 47.83 +19  10  53.3  568 568 568
 5 2001 01 28.36981    04 04 48.89 +19  11  04.7  568 568 568
 7 2001 01 23.39598    04 01 46.93 +20  07  00.4  568 568 568
 7 2001 01 23.42010    04 01 46.80 +20  06  59.5  568 568 568
 7 2001 01 24.35059    04 01 42.64 +20  06  22.5  568 568 568
 8 2001 01 23.39815    04 00 39.68 +19  33  37.0  568 568 568
 8 2001 01 23.42242    04 00 39.46 +19  33  36.2  568 568 568
 8 2001 01 24.35272    04 00 32.97 +19  33  16.4  568 568 568
 9 2001 01 27.42012    04 04 20.47 +20  24  56.1  568 568 568
 9 2001 01 28.36513    04 04 21.62 +20  24  55.9  568 568 568
10 2001 01 23.40235    04 04 45.61 +20  11  08.7  568 568 568
10 2001 01 23.42843    04 04 45.50 +20  11  09.1  568 568 568
10 2001 01 24.35676    04 04 41.68 +20  11  24.9  568 568 568
 1 2001 02 14.85163    03 59 19.18 +19  43  58.7  950 950 950
 1 2001 02 14.85869    03 59 19.34 +19  43  58.8  950 950 950
 1 2001 02 14.86515    03 59 19.50 +19  43  59.0  950 950 950
 7 2001 02 16.25432    04 03 38.94 +20  02  19.0  568 568 568
 7 2001 02 16.29925    04 03 39.55 +20  02  19.8  568 568 568
 9 2001 02 14.86194    04 06 52.42 +20  30  44.4  950 950 950
 9 2001 02 14.86833    04 06 52.52 +20  30  44.7  950 950 950
 9 2001 02 16.26811    04 07 14.80 +20  31  38.8  568 568 568
 9 2001 02 16.31860    04 07 15.61 +20  31  40.6  568 568 568
10 2001 02 16.27464    04 06 49.14 +20  27  15.8  568 568 568