17  2003 02 26.42385 08 44 34.13 +17  41 11.7   568
18  2003 02 24.44985 08 52 57.03 +19  00 09.3   568
18  2003 02 24.47407 08 52 56.19 +19  00 11.5   568
20  2003 02 24.45242 08 56 55.14 +18  25 41.9   568
21  2003 02 08.33583 08 57 12.88 +18  25 40.8   568
21  2003 02 08.35573 08 57 12.18 +18  25 44.5   568
21  2003 02 26.38863 08 47 41.46 +19  07 54.3   568
22  2003 02 26.42385 08 44 52.03 +18  04 26.7   568
23  2003 02 02.14853 08 55 07.76 +18  02 01.1   695
23  2003 02 02.17019 08 55 07.01 +18  02 04.6   695
23  2003 02 02.18250 08 55 06.58 +18  02 06.6   695
23  2003 02 02.19487 08 55 06.14 +18  02 08.6   695
23  2003 02 26.45856 08 42 20.83 +18  59 36.4   568
23  2003 02 26.48072 08 42 20.22 +18  59 38.9   568
24  2003 02 26.45856 08 41 11.16 +18  13 20.7   568
26  2003 02 02.14465 08 58 00.99 +18  27 03.4   695
26  2003 02 02.16611 08 58 00.27 +18  27 06.4   695
26  2003 02 02.17840 08 57 59.83 +18  27 08.2   695
26  2003 02 02.19076 08 57 59.41 +18  27 10.1   695
27  2003 02 26.42385 08 45 02.00 +18  03 10.0   568