1001 2003 02 27.33941 08 47 12.60 +18 41 20.1  568
1001 2003 02 27.35452 08 47 12.15 +18 41 21.7  568
1001 2003 02 27.37185 08 47 11.64 +18 41 23.3  568
1001 2003 02 28.42986 08 46 41.30 +18 43 01.5  568
1001 2003 02 28.44488 08 46 40.86 +18 43 03.0  568
1001 2003 02 28.45984 08 46 40.43 +18 43 04.3  568
1001 2003 03 27.40816 08 38 11.36 +19 07 15.9  568
1001 2003 03 27.42327 08 38 11.22 +19 07 15.8  568
1001 2003 03 27.43856 08 38 11.08 +19 07 15.8  568
1001 2003 12 24.52888 11 27 30.51 +04 53 59.8  568
1001 2003 12 24.56000 11 27 30.84 +04 53 58.4  568
1001 2011 07 08.17019 02 13 03.19 +11 49 33.0  950
1001 2011 07 08.19228 02 13 03.83 +11 49 36.4  950
1001 2011 08 04.54593 02 23 22.80 +12 39 55.6  568
1001 2011 08 04.55438 02 23 22.91 +12 39 56.4  568
1001 2011 08 04.56775 02 23 23.11 +12 39 57.1  568
1001 2011 08 04.57442 02 23 23.16 +12 39 57.6  568
1001 2011 08 04.58112 02 23 23.25 +12 39 58.2  568
1001 2011 08 05.52935 02 23 36.71 +12 41 01.1  568
1001 2011 08 05.53873 02 23 36.83 +12 41 01.8  568     23.9
1001 2011 08 05.54811 02 23 36.96 +12 41 02.3  568
1001 2011 08 05.55620 02 23 37.07 +12 41 02.8  568
1001 2011 08 05.56382 02 23 37.17 +12 41 03.3  568
1001 2011 08 05.57201 02 23 37.28 +12 41 03.8  568
1001 2011 08 05.57991 02 23 37.38 +12 41 04.5  568
1001 2011 08 05.58663 02 23 37.48 +12 41 04.9  568
1001 2011 08 05.59338 02 23 37.57 +12 41 05.4  568
1001 2011 08 05.60009 02 23 37.65 +12 41 05.7  568
1001 2011 08 05.60689 02 23 37.74 +12 41 06.1  568
1001 2011 08 05.61362 02 23 37.83 +12 41 06.5  568
1002 2011 08 04.55771 02 36 14.31 +12 55 38.8  568
1002 2011 08 04.56438 02 36 14.45 +12 55 39.1  568
1002 2011 08 04.57108 02 36 14.56 +12 55 39.7  568
1002 2011 08 05.53457 02 36 32.63 +12 56 52.9  568     24.2
1002 2011 08 05.55233 02 36 32.94 +12 56 54.3  568
1002 2011 08 05.56834 02 36 33.23 +12 56 55.7  568
1002 2011 08 05.57622 02 36 33.37 +12 56 56.1  568
1002 2011 08 05.58330 02 36 33.50 +12 56 56.5  568
1002 2011 08 05.59001 02 36 33.62 +12 56 57.3  568
1002 2011 08 05.59676 02 36 33.74 +12 56 57.5  568
1002 2011 08 05.61027 02 36 33.97 +12 56 58.7  568
1002 2011 09 03.45112 02 40 05.40 +13 09 18.7  568     24.4
1002 2011 09 03.48648 02 40 05.22 +13 09 17.9  568
1002 2011 09 03.55761 02 40 04.89 +13 09 16.4  568
1002 2011 09 04.51282 02 40 00.38 +13 08 52.2  568
1101 2011 11 26.13062 01 57 20.529+09 52 16.57 304     23.5
1101 2011 11 26.13062 01 57 20.529+09 52 16.57 304     23.5
1101 2011 11 26.15984 01 57 19.786+09 52 13.59 304
1101 2011 11 26.15984 01 57 19.786+09 52 13.59 304
1101 2011 11 28.05637 01 56 34.770+09 48 55.12 304
1101 2011 11 28.05637 01 56 34.770+09 48 55.12 304
1101 2011 11 28.08546 01 56 34.089+09 48 51.40 304
1101 2011 11 28.08546 01 56 34.089+09 48 51.40 304
