17   2011 09 21.39664 02 23 55.24  +13 05 47.7   691    20.6
17   2011 09 21.41444 02 23 54.91  +13 05 47.7   691    20.9
17   2011 09 21.43224 02 23 54.62  +13 05 46.6   691    20.5
17   2011 10 03.61390 02 19 55.04  +12 54 56.8   E07    21.4
17   2011 10 03.62254 02 19 54.83  +12 54 56.0   E07    21.0
17   2011 10 17.55058 02 14 01.93  +12 35 17.8   E07    20.0
17   2011 10 17.56043 02 14 01.64  +12 35 16.7   E07    20.5
17   2011 10 17.59613 02 14 00.60  +12 35 14.0   E07    20.9
17   2011 10 18.53796 02 13 34.91  +12 33 40.6   E07    20.1
17   2011 10 18.54984 02 13 34.56  +12 33 39.6   E07    20.3
17   2011 10 19.62104 02 13 05.06  +12 31 52.9   E07    20.3
17   2011 10 27.62209 02 09 21.54  +12 17 57.1   E07    20.6
17   2011 10 27.63127 02 09 21.20  +12 17 56.1   E07    20.2
17   2011 10 29.54334 02 08 27.92  +12 14 29.5   E07    20.6
17   2011 10 29.56307 02 08 27.31  +12 14 28.1   E07    20.9
17   2011 11 17.08016 02 00 31.51  +11 42 13.1   691    20.9
17   2011 11 17.10692 02 00 30.92  +11 42 10.9   691    20.6
17   2011 11 17.14887 02 00 29.92  +11 42 06.8   691    20.4
17   2011 11 17.57309 02 00 20.41  +11 41 28.8   E07    21.1
17   2011 11 17.58188 02 00 20.24  +11 41 28.1   E07    20.0
17   2011 11 18.52649 01 59 59.61  +11 40 00.8   E07    21.3
17   2011 11 18.54438 01 59 59.21  +11 39 59.4   E07    21.5
18   2011 09 21.39913 02 27 07.41  +13 30 00.7   691    20.0
18   2011 09 21.41693 02 27 07.15  +13 29 58.2   691    20.1
18   2011 09 21.43473 02 27 06.90  +13 29 55.9   691    20.1
18   2011 10 03.64154 02 23 46.91  +12 57 08.6   E07    20.5
18   2011 10 03.64586 02 23 46.78  +12 57 08.1   E07    20.2
18   2011 10 29.51993 02 14 50.42  +11 33 22.4   E07    19.8
18   2011 10 29.52994 02 14 50.18  +11 33 21.2   E07    19.5
18   2011 11 17.59809 02 05 26.55  +10 54 59.8   E07    20.6
18   2011 11 17.60909 02 05 26.22  +10 54 58.6   E07    20.6
19   2011 10 29.62670 02 05 56.31  +11 56 22.8   E07    22.6
19   2011 10 29.63987 02 05 55.76  +11 56 20.4   E07    22.0
19   2011 10 31.20390 02 05 06.36  +11 53 09.0   G96    21.6
19   2011 10 31.21080 02 05 06.14  +11 53 08.3   G96    21.7
19   2011 10 31.21771 02 05 05.89  +11 53 07.9   G96    21.6
19   2011 10 31.22462 02 05 05.64  +11 53 06.7   G96    20.3
41   2011 10 31.20448 02 05 11.94  +10 01 29.4   G96    20.9
41   2011 10 31.21138 02 05 11.79  +10 01 29.3   G96    20.9
41   2011 10 31.21825 02 05 11.58  +10 01 25.9   G96    21.2
41   2011 10 31.22520 02 05 11.29  +10 01 25.4   G96    22.1
50   2011 09 27.34112 02 28 06.762 +13 36 50.19  304    23.0
50   2011 09 27.36664 02 28 06.338 +13 36 47.87  304    XX
50   2011 09 28.35878 02 27 49.648 +13 35 16.48  304    XX
50   2011 09 28.37208 02 27 49.441 +13 35 15.14  304    XX
