301 2003 12 25.55743 11 12 51.41 +06 31 55.2    568
301 2003 12 25.58859 11 12 51.60 +06 31 54.2    568
301 2003 12 25.61975 11 12 51.78 +06 31 53.2    568
301 2004 04 15.26082 10 40 41.51 +09 39 09.3    675
301 2004 04 15.27006 10 40 41.41 +09 39 09.7    675
313 2003 12 25.52849 11 26 54.45 +04 24 12.5    568
313 2003 12 25.55965 11 26 54.76 +04 24 11.6    568
313 2003 12 25.59083 11 26 55.08 +04 24 10.6    568
313 2004 04 15.26570 10 56 37.41 +08 37 11.2    675
313 2004 04 15.27491 10 56 37.26 +08 37 12.2    675
