101  2003 02 25.49178 08 53 17.85 +18  11 45.5   568
101  2003 02 25.50699 08 53 17.49 +18  11 47.5   568
101  2003 02 25.52235 08 53 17.14 +18  11 49.7   568
101  2003 02 27.47455 08 52 34.23 +18  16 07.4   568
101  2003 02 27.48940 08 52 33.90 +18  16 09.2   568
101  2003 02 27.50426 08 52 33.57 +18  16 11.2   568
102  2003 02 27.33692 08 48 04.89 +17  34 12.4   568
102  2003 02 27.35203 08 48 04.55 +17  34 14.0   568
102  2003 02 27.36937 08 48 04.15 +17  34 15.8   568
102  2003 02 28.42738 08 47 40.94 +17  36 07.4   568
102  2003 02 28.44237 08 47 40.61 +17  36 08.9   568
102  2003 02 28.45735 08 47 40.28 +17  36 10.5   568
102  2003 03 27.35939 08 42 03.73 +18  07 36.2   568
102  2003 03 27.37510 08 42 03.68 +18  07 36.6   568
102  2003 03 27.39033 08 42 03.63 +18  07 37.1   568
103  2003 03 25.32850 08 47 19.32 +19  45 41.2   568
103  2003 03 25.34840 08 47 19.21 +19  45 41.5   568
103  2003 03 25.36396 08 47 19.12 +19  45 41.9   568
103  2003 03 27.35163 08 47 11.30 +19  46 20.7   568
103  2003 03 27.36764 08 47 11.23 +19  46 20.9   568
103  2003 03 27.38271 08 47 11.18 +19  46 21.1   568
104  2003 02 27.42951 08 57 39.34 +18  58 34.4   568
104  2003 02 27.44438 08 57 38.97 +18  58 36.2   568
104  2003 02 27.45939 08 57 38.60 +18  58 37.8   568
104  2003 03 27.30137 08 50 38.20 +19  32 25.7   568
104  2003 03 27.31648 08 50 38.10 +19  32 26.0   568
104  2003 03 27.33551 08 50 37.98 +19  32 26.5   568
105  2003 02 27.34190 08 47 09.25 +19  18 27.4   568
105  2003 02 27.35700 08 47 08.86 +19  18 28.9   568
105  2003 02 27.37433 08 47 08.39 +19  18 30.8   568
107  2003 02 27.38455 08 43 39.39 +18  13 30.0   568
107  2003 02 27.39946 08 43 39.02 +18  13 31.0   568
107  2003 02 27.41436 08 43 38.64 +18  13 32.5   568
108  2003 02 27.47455 08 54 54.99 +18  39 11.8   568
108  2003 02 27.48940 08 54 54.65 +18  39 13.0   568
108  2003 02 27.50426 08 54 54.30 +18  39 14.0   568
109  2003 02 24.40990 09 00 56.66 +18  27 19.2   568
109  2003 02 24.42470 09 00 56.24 +18  27 21.7   568
109  2003 02 24.43906 09 00 55.84 +18  27 23.5   568
109  2003 02 27.42951 08 59 35.19 +18  34 29.4   568
109  2003 02 27.44438 08 59 34.79 +18  34 31.4   568
109  2003 02 27.45939 08 59 34.38 +18  34 33.3   568
109  2003 03 27.30136 08 51 12.18 +19  18 31.8   568
109  2003 03 27.31647 08 51 12.04 +19  18 32.4   568
109  2003 03 27.33550 08 51 11.85 +19  18 33.2   568
110  2003 02 27.42703 08 56 55.39 +17  38 31.3   568
110  2003 02 27.44190 08 56 54.98 +17  38 32.5   568
110  2003 02 27.45685 08 56 54.57 +17  38 33.7   568
110  2003 03 27.34665 08 48 25.17 +18  00 46.5   568
110  2003 03 27.36268 08 48 25.02 +18  00 46.8   568
110  2003 03 27.37775 08 48 24.88 +18  00 47.0   568
111  2003 02 27.34190 08 46 03.85 +19  11 45.2   568
111  2003 02 27.35700 08 46 03.52 +19  11 46.5   568
111  2003 02 27.37433 08 46 03.15 +19  11 48.1   568
111  2003 02 28.43235 08 45 41.20 +19  13 25.6   568
111  2003 02 28.44736 08 45 40.88 +19  13 27.0   568
111  2003 02 28.46235 08 45 40.57 +19  13 28.3   568
201  2003 02 25.49178 08 53 09.23 +18  58 03.4   568
201  2003 02 25.50699 08 53 08.86 +18  58 04.7   568
201  2003 02 25.52235 08 53 08.48 +18  58 06.6   568
201  2003 02 27.47455 08 52 23.65 +19  01 19.3   568
201  2003 02 27.48941 08 52 23.30 +19  01 20.7   568
201  2003 02 27.50426 08 52 22.96 +19  01 22.2   568
201  2003 03 27.34914 08 46 08.47 +19  25 56.6   568
201  2003 03 27.36516 08 46 08.41 +19  25 56.8   568
201  2003 03 27.38024 08 46 08.36 +19  25 56.7   568
301  2003 02 25.49178 08 55 42.67 +18  38 00.0   568
301  2003 02 25.50699 08 55 42.21 +18  38 02.3   568
301  2003 02 25.52235 08 55 41.75 +18  38 04.1   568
301  2003 02 27.47455 08 54 45.94 +18  42 21.1   568
301  2003 02 27.48940 08 54 45.51 +18  42 23.1   568
301  2003 02 27.50426 08 54 45.09 +18  42 24.9   568
303  2003 02 27.47205 08 56 08.10 +18  02 24.8   568
303  2003 02 27.48692 08 56 07.74 +18  02 26.9   568
303  2003 02 27.50179 08 56 07.37 +18  02 28.9   568
304  2003 02 27.42703 08 58 26.36 +17  22 16.7   568
304  2003 02 27.44190 08 58 25.99 +17  22 18.7   568
304  2003 02 27.45685 08 58 25.62 +17  22 20.4   568
305  2003 02 24.40752 08 58 55.49 +17  27 02.0   568
305  2003 02 24.42232 08 58 55.12 +17  27 03.5   568
305  2003 02 24.43668 08 58 54.74 +17  27 05.2   568
305  2003 02 27.42703 08 57 40.72 +17  32 44.3   568
305  2003 02 27.44190 08 57 40.35 +17  32 45.9   568
305  2003 02 27.45685 08 57 39.98 +17  32 47.5   568
305  2003 03 25.28078 08 50 44.39 +18  05 15.1   568
305  2003 03 25.29704 08 50 44.26 +18  05 15.6   568
305  2003 03 25.31153 08 50 44.15 +18  05 16.2   568
305  2003 03 27.29888 08 50 31.53 +18  06 24.8   568
305  2003 03 27.31397 08 50 31.43 +18  06 25.3   568
305  2003 03 27.33303 08 50 31.32 +18  06 25.7   568
306  2003 02 25.48930 08 54 03.21 +17  46 59.7   568
306  2003 02 25.50451 08 54 02.75 +17  47 01.8   568
306  2003 02 25.51985 08 54 02.28 +17  47 04.0   568
306  2003 02 27.47205 08 53 05.37 +17  51 30.2   568
306  2003 02 27.48692 08 53 04.95 +17  51 32.2   568
306  2003 02 27.50179 08 53 04.54 +17  51 33.8   568
306  2003 03 12.40369 08 47 42.07 +18  17 05.4   568
306  2003 03 12.43080 08 47 41.48 +18  17 08.1   568
306  2003 03 25.33571 08 44 11.12 +18  35 13.1   568
306  2003 03 25.35557 08 44 10.88 +18  35 14.3   568
306  2003 03 25.37115 08 44 10.70 +18  35 15.2   568
306  2003 03 27.35939 08 43 49.28 +18  37 19.2   568
306  2003 03 27.37510 08 43 49.11 +18  37 19.9   568
306  2003 03 27.39033 08 43 48.95 +18  37 21.0   568
307  2003 02 27.34190 08 47 11.25 +19  13 00.7   568
307  2003 02 27.35700 08 47 10.79 +19  13 02.2   568
307  2003 02 27.37433 08 47 10.27 +19  13 04.0   568
307  2003 02 28.43235 08 46 39.42 +19  14 50.3   568
307  2003 02 28.44736 08 46 38.98 +19  14 51.7   568
307  2003 02 28.46235 08 46 38.54 +19  14 53.1   568
307  2003 03 25.38605 08 38 28.48 +19  37 35.3   568
307  2003 03 25.40202 08 38 28.31 +19  37 35.3   568
307  2003 03 25.42005 08 38 28.13 +19  37 35.5   568
307  2003 03 27.41064 08 38 10.86 +19  37 49.9   568
307  2003 03 27.42576 08 38 10.73 +19  37 50.0   568
307  2003 03 27.44105 08 38 10.61 +19  37 50.0   568
308  2003 02 27.38455 08 43 40.94 +18  26 00.7   568
308  2003 02 27.39946 08 43 40.57 +18  26 02.2   568
308  2003 02 27.41436 08 43 40.20 +18  26 04.1   568
308  2003 02 28.47587 08 43 15.05 +18  28 04.5   568
308  2003 02 28.49091 08 43 14.69 +18  28 06.3   568
308  2003 02 28.50588 08 43 14.33 +18  28 07.8   568
309  2003 02 27.42951 08 56 27.07 +18  40 46.0   568
309  2003 02 27.44438 08 56 26.71 +18  40 47.1   568
309  2003 02 27.45939 08 56 26.35 +18  40 48.4   568
309  2003 03 25.28315 08 49 36.33 +19  01 16.0   568
309  2003 03 25.29942 08 49 36.18 +19  01 15.7   568
309  2003 03 25.31389 08 49 36.08 +19  01 16.1   568
309  2003 03 27.30136 08 49 24.23 +19  01 24.4   568
309  2003 03 27.31647 08 49 24.15 +19  01 25.1   568
309  2003 03 27.33550 08 49 24.07 +19  01 25.4   568
310  2003 02 27.42703 08 59 18.99 +17  41 24.2   568
310  2003 02 27.44190 08 59 18.59 +17  41 26.1   568
310  2003 02 27.45685 08 59 18.19 +17  41 27.9   568
311  2003 02 27.48452 08 51 54.22 +17  55 59.9   568
311  2003 02 27.49937 08 51 53.80 +17  56 01.6   568
311  2003 02 27.51420 08 51 53.37 +17  56 03.5   568
312  2003 02 27.42703 08 59 06.63 +17  44 22.5   568
312  2003 02 27.44190 08 59 06.24 +17  44 23.7   568
312  2003 02 27.45685 08 59 05.83 +17  44 25.0   568
313  2002 12 31.51062 09 25 10.42 +17  23 51.6   675
313  2002 12 31.52537 09 25 10.06 +17  23 52.8   675
313  2002 12 31.54052 09 25 09.74 +17  23 54.2   675
