17  2017 03 19.37623  13 08 03.98  -07 07 12.2   20.7  V  G96 104116
17  2017 03 19.38131  13 08 03.85  -07 07 11.0   20.9  V  G96 104116
17  2017 03 19.38554  13 08 03.74  -07 07 11.1   21.2  V  G96 104116
17  2017 03 19.39064  13 08 03.62  -07 07 09.6   20.8  V  G96 104116
17  2017 04 19.28120  12 54 33.05  -05 40 14.0   21.2  V  G96 104116
17  2017 04 19.28547  12 54 32.94  -05 40 13.4   21.0  V  G96 104116
17  2017 04 19.28974  12 54 32.77  -05 40 12.0   21.0  V  G96 104116
17  2017 04 19.29400  12 54 32.74  -05 40 12.0   20.5  V  G96 104116
17  2017 04 20.32327  12 54 06.918 -05 37 20.59  21.0  w  F51 104116
17  2017 04 20.33565  12 54 06.590 -05 37 18.55  20.9  w  F51 104116
17  2017 04 20.34806  12 54 06.272 -05 37 16.59  20.9  w  F51 104116
17  2017 04 20.36112  12 54 05.938 -05 37 14.27  20.8  w  F51 104116
18  2017 04 20.32392  13 04 45.292 -04 48 43.71  20.1  w  F51 104116
18  2017 04 20.33630  13 04 45.016 -04 48 41.39  20.3  w  F51 104116
18  2017 04 20.34871  13 04 44.712 -04 48 38.83  20.3  w  F51 104116
19  2017 02 26.06278  13 15 39.91  -07 22 02.2    -    -  G36 103148
19  2017 02 26.09856  13 15 39.36  -07 21 58.9    -    -  G36 103149
19  2017 02 26.12399  13 15 38.99  -07 21 56.4    -    -  G36 103149
19  2017 02 26.19666  13 15 37.83  -07 21 50.7    -    -  G36 103149
19  2017 02 26.21363  13 15 37.54  -07 21 49.5    -    -  G36 103149
19  2017 02 27.08419  13 15 24.36  -07 20 38.2    -    -  G36 103149
19  2017 02 27.19145  13 15 22.59  -07 20 28.8    -    -  G36 103149
19  2017 02 27.21464  13 15 22.21  -07 20 26.9    -    -  G36 103149
23  2017 03 23.24858  13 09 43.81  -05 28 28.7   22.2  r  807 104116
23  2017 03 23.27130  13 09 43.20  -05 28 24.6   22.1  r  807 104116
25  2017 03 23.24858  13 08 42.10  -06 06 20.8   23.3  r  807 104116
25  2017 03 23.27130  13 08 41.45  -06 06 17.1   23.2  r  807 104116
25  2017 03 26.32711  13 07 13.10  -05 57 33.8   23.0  r  807 104116
27  2017 03 23.25159  13 25 05.48  -06 34 05.2   21.7  r  807 104116
27  2017 03 23.27395  13 25 04.90  -06 34 01.5   21.7  r  807 104116
27  2017 03 26.32458  13 23 47.91  -06 24 39.4   21.7  r  807 104116
29  2017 03 25.22644  13 22 17.41  -06 28 31.9   22.7  r  807 104116
29  2017 03 25.23746  13 22 17.10  -06 28 30.1   22.8  r  807 104116
29  2017 03 26.27648  13 21 48.21  -06 24 59.2   22.6  r  807 104116
29  2017 03 26.32458  13 21 46.83  -06 24 49.2   22.7  r  807 104116
30  2017 03 23.25159  13 23 47.13  -06 09 52.0   22.2  r  807 104116
30  2017 03 23.27395  13 23 46.51  -06 09 48.8   22.1  r  807 104116
30  2017 03 26.27648  13 22 26.10  -06 01 57.9   22.1  r  807 104116
30  2017 03 26.32458  13 22 24.76  -06 01 50.2   22.2  r  807 104116
31  2017 03 23.25159  13 21 34.99  -06 27 56.3   22.6  r  807 104116
31  2017 03 23.27395  13 21 34.41  -06 27 53.1   22.5  r  807 104116
31  2017 03 26.27648  13 20 18.82  -06 20 46.3   22.5  r  807 104116
31  2017 03 26.32458  13 20 17.57  -06 20 39.2   22.4  r  807 104116
33  2017 03 25.22644  13 20 57.56  -06 08 20.5   23.5  r  807 104116
33  2017 03 26.27648  13 20 28.39  -06 04 43.6   23.4  r  807 104116
33  2017 03 26.32458  13 20 27.02  -06 04 33.4   23.5  r  807 104116
34  2017 03 23.24858  13 09 39.05  -05 54 55.3   23.1  r  807 104116
34  2017 03 23.27130  13 09 38.44  -05 54 51.0   23.0  r  807 104116
35  2017 03 23.24858  13 12 12.87  -04 54 48.5   23.5  r  807 104116
35  2017 03 23.27130  13 12 12.21  -04 54 45.2   23.5  r  807 104116
37  2017 03 23.25159  13 22 34.57  -07 19 39.2   23.3  r  807 104116
37  2017 03 23.27395  13 22 33.95  -07 19 36.0   23.2  r  807 104116
37  2017 03 25.22644  13 21 41.86  -07 14 47.1   23.3  r  807 104116
37  2017 03 25.23746  13 21 41.54  -07 14 45.5   23.2  r  807 104116
37  2017 03 26.27648  13 21 13.29  -07 12 08.5   23.1  r  807 104116
38  2017 03 23.25159  13 25 29.53  -06 37 52.4   23.7  r  807 104116
38  2017 03 23.27395  13 25 28.98  -06 37 49.5   23.5  r  807 104116
38  2017 03 25.22644  13 24 40.81  -06 32 45.2   23.7  r  807 104116
38  2017 03 25.23746  13 24 40.52  -06 32 43.7   23.8  r  807 104116
38  2017 03 26.27648  13 24 14.31  -06 29 59.3   23.7  r  807 104116
38  2017 03 26.32458  13 24 13.07  -06 29 51.7   23.8  r  807 104116
40  2017 03 23.24858  13 12 38.64  -05 49 15.8   23.1  r  807 104116
40  2017 03 23.27130  13 12 38.12  -05 49 11.7   23.0  r  807 104116
40  2017 03 26.28417  13 11 30.76  -05 40 14.1   23.1  r  807 104116
41  2017 03 23.25159  13 21 10.73  -06 18 10.6   22.6  r  807 104116
41  2017 03 23.27395  13 21 10.09  -06 18 06.4   22.5  r  807 104116
41  2017 03 26.27648  13 19 43.74  -06 08 23.5   22.5  r  807 104116
41  2017 03 26.32458  13 19 42.31  -06 08 14.0   22.5  r  807 104116
42  2017 03 23.27395  13 19 53.85  -07 40 08.2   23.2  r  807 104116
42  2017 03 25.22644  13 19 05.01  -07 34 59.5   23.2  r  807 104116
42  2017 03 25.23746  13 19 04.71  -07 34 57.6   23.1  r  807 104116
42  2017 03 26.27648  13 18 38.18  -07 32 09.9   23.0  r  807 104116
42  2017 03 26.32458  13 18 36.88  -07 32 01.8   23.1  r  807 104116
44  2017 03 23.24858  13 08 24.43  -05 44 53.7   22.8  r  807 104116
44  2017 03 23.27130  13 08 23.81  -05 44 49.2   22.7  r  807 104116
44  2017 03 26.28417  13 07 04.19  -05 35 36.3   22.9  r  807 104116
47  2017 03 23.24858  13 11 27.85  -05 21 18.0   22.9  r  807 104116
47  2017 03 23.27130  13 11 27.18  -05 21 14.1   22.8  r  807 104116
51  2017 03 23.24858  13 10 31.49  -06 07 25.0   23.2  r  807 104116
51  2017 03 23.27130  13 10 30.86  -06 07 21.5   23.2  r  807 104116
51  2017 03 26.28417  13 09 12.09  -05 59 26.5   23.0  r  807 104116
51  2017 03 26.32711  13 09 10.91  -05 59 19.5   23.0  r  807 104116
53  2017 03 23.25159  13 20 57.49  -06 34 21.3   23.3  r  807 104116
53  2017 03 23.27395  13 20 56.92  -06 34 17.1   23.1  r  807 104116
53  2017 03 26.27648  13 19 40.33  -06 24 32.3   23.0  r  807 104116
53  2017 03 26.32458  13 19 39.04  -06 24 22.3   23.3  r  807 104116
54  2016 03 08.23142  11 25 28.99  +06 07 14.8   24    r  304 104987
54  2016 03 08.24835  11 25 28.50  +06 07 18.4   24    r  304 104987
54  2016 03 09.28322  11 24 58.61  +06 11 09.3   24    r  304 104987
54  2016 03 09.30113  11 24 58.07  +06 11 13.3   24    r  304 104987
54  2016 03 10.21243  11 24 31.81  +06 14 36.1    -    -  304 104987
54  2016 03 10.28905  11 24 29.54  +06 14 53.1    -    -  304 104987
54  2016 04 10.25987  11 10 52.30  +07 52 09.0   24.0  r  568 104987
54  2016 04 10.51433  11 10 46.80  +07 52 43.9   24.0  r  568 104987
54  2016 05 02.99234  11 05 21.40  +08 25 28.1    -    -  304 104987
54  2016 05 03.02550  11 05 21.14  +08 25 29.2    -    -  304 104987
54  2016 05 03.07761  11 05 20.67  +08 25 31.2    -    -  304 104987
54  2017 02 24.56974  13 19 05.50  -07 30 35.4   24.3  r  568 104987
54  2017 02 24.64168  13 19 04.65  -07 30 31.9   24.4  r  568 104987
54  2017 04 23.06760  12 58 22.99  -05 38 23.3    -    -  304 104987
54  2017 04 23.08325  12 58 22.63  -05 38 21.0    -    -  304 104988
55  2017 03 24.30403  13 17 20.41  -07 13 31.1   23.3  r  304 104987
55  2017 03 24.31037  13 17 20.23  -07 13 30.9   23.3  r  304 104987
55  2017 04 23.19250  13 04 13.42  -06 06 42.9   23.2  r  304 104987
55  2017 04 23.31349  13 04 10.30  -06 06 26.7   23.2  r  304 104987
56  2012 10 16.35461  04 48 49.68  +22 42 32.6   23.8  r  304 104987
56  2012 10 16.36311  04 48 49.55  +22 42 32.4    -    -  304 104987
56  2012 10 16.37163  04 48 49.45  +22 42 32.4    -    -  304 104987
56  2017 02 24.56584  13 34 31.04  -08 01 58.5   24.1  r  568 104987
56  2017 02 24.64549  13 34 30.05  -08 01 53.8   24.2  r  568 104987
56  2017 03 01.27849  13 33 28.55  -07 56 37.3    -    -  304 104987
56  2017 03 01.29017  13 33 28.38  -07 56 36.3    -    -  304 104987
57  2016 04 10.25724  10 59 12.92  +07 55 16.4   22.6  r  568 104987
57  2016 04 10.49682  10 59 08.46  +07 55 35.5   22.6  r  568 104987
57  2017 02 24.56584  13 32 36.95  -08 14 52.2   23.8  r  568 104987
57  2017 02 24.64549  13 32 35.92  -08 14 44.4   23.8  r  568 104987
57  2017 03 23.25159  13 23 42.64  -07 11 59.6   22.9  r  807 104987
57  2017 03 23.27395  13 23 42.03  -07 11 55.8   22.8  r  807 104987
57  2017 03 25.22644  13 22 49.66  -07 06 05.3   22.6  r  807 104987
57  2017 03 25.23746  13 22 49.35  -07 06 03.5   22.7  r  807 104987
57  2017 03 26.27648  13 22 20.96  -07 02 53.7   22.7  r  807 104987
57  2017 03 26.32458  13 22 19.61  -07 02 45.0   22.7  r  807 104987
57  2017 04 23.05937  13 08 54.39  -05 35 11.4   22.6  r  304 104987
57  2017 04 23.07344  13 08 54.01  -05 35 08.9   22.6  r  304 104987
58  2016 02 05.64655  11 25 19.67  +03 51 04.5   23.6  r  568 104987
58  2016 02 05.65734  11 25 19.46  +03 51 05.8   23.5  r  568 104987
58  2017 03 23.24858  13 10 42.90  -05 13 46.6   23.5  r  807 104987
58  2017 03 25.22365  13 09 44.45  -05 08 32.2   23.4  r  807 104987
58  2017 03 26.28417  13 09 12.57  -05 05 41.6   23.5  r  807 104987
58  2017 03 26.32711  13 09 11.25  -05 05 34.7   23.4  r  807 104987
58  2017 04 22.08944  12 55 31.52  -03 55 34.6   23.4  r  304 104987
58  2017 04 22.12000  12 55 30.62  -03 55 30.3   23.4  r  304 104987
58  2017 04 23.10285  12 55 02.47  -03 53 14.6   23.5  r  304 104987
58  2017 04 23.12534  12 55 01.82  -03 53 11.8   23.4  r  304 104987
58  2017 04 26.24195  12 53 34.77  -03 46 19.6   23.5  r  304 104987
59  2016 02 05.64655  11 23 30.14  +04 02 03.2   23.7  r  568 104988
59  2016 02 05.65734  11 23 29.95  +04 02 04.5   23.7  r  568 104988
59  2016 04 10.25724  10 58 12.55  +07 04 03.1   23.8  r  568 104988
59  2016 04 10.49682  10 58 08.58  +07 04 31.6   23.8  r  568 104988
59  2017 02 24.56974  13 18 34.49  -06 53 43.2   23.8  r  568 104988
59  2017 02 24.64168  13 18 33.24  -06 53 37.5   23.8  r  568 104988
59  2017 03 23.24858  13 08 05.54  -06 00 40.0   24.0  r  807 104988
59  2017 03 23.27130  13 08 04.87  -06 00 36.9   23.9  r  807 104988
59  2017 03 26.28417  13 06 36.13  -05 52 56.5   23.9  r  807 104988
59  2017 03 26.32711  13 06 34.81  -05 52 49.6   23.8  r  807 104988
59  2017 04 22.11022  12 53 07.38  -04 43 04.4   23.8  r  304 104988
59  2017 04 22.14163  12 53 06.48  -04 42 59.8   23.8  r  304 104988
59  2017 04 23.15981  12 52 37.95  -04 40 34.5   23.8  r  304 104988
59  2017 04 23.18409  12 52 37.27  -04 40 30.9   23.9  r  304 104988
60  2017 02 24.56974  13 18 52.43  -06 56 30.0   23.6  r  568 105714
60  2017 02 24.64168  13 18 51.37  -06 56 25.7   23.4  r  568 105714
60  2017 03 23.24858  13 09 29.43  -06 11 56.6   23.1  r  807 105714
60  2017 03 23.27130  13 09 28.80  -06 11 53.8   23.0  r  807 105714
60  2017 03 26.28417  13 08 07.47  -06 05 09.5   23.2  r  807 105714
60  2017 03 26.32711  13 08 06.27  -06 05 03.6   22.9  r  807 105714
60  2017 04 23.06484  12 55 18.02  -05 00 58.6   23.0  r  304 105714
60  2017 04 23.08048  12 55 17.60  -05 00 56.7   23.0  r  304 105714
60  2017 04 23.13891  12 55 16.09  -05 00 49.2   22.9  r  304 105714
60  2017 06 18.17915  12 45 50.38  -04 27 34.6    -    -  688 105714
60  2017 06 18.21056  12 45 50.62  -04 27 36.6    -    -  688 105714
