 1  2003 02 05.40405 09 06 29.49 +17 45 42.5
 1  2003 02 05.47231 09 06 27.12 +17 45 54.4
 1  2003 02 06.32341 09 05 58.40 +17 48 20.4
 1  2003 02 06.38207 09 05 56.27 +17 48 29.6
 1  2003 02 24.44985 08 56 13.18 +18 35 38.3
 1  2003 02 24.47407 08 56 12.45 +18 35 41.8
 1  2003 03 02.45590 08 53 24.30 +18 48 32.4
 1  2003 03 02.46425 08 53 24.08 +18 48 33.3
 1  2003 03 03.47084 08 52 57.58 +18 50 33.0
 1  2003 03 03.47685 08 52 57.40 +18 50 33.7
 2  2003 02 05.41367 09 08 10.92 +17 48 34.8
 2  2003 02 05.48193 09 08 08.58 +17 48 42.6
 2  2003 02 06.33303 09 07 40.25 +17 50 17.8
 2  2003 02 06.39169 09 07 38.25 +17 50 24.8
 2  2003 02 24.45242 08 58 00.29 +18 20 00.0
 2  2003 02 24.47662 08 57 59.53 +18 20 02.0
 2  2003 03 04.29527 08 54 23.76 +18 29 23.7
 2  2003 03 04.30293 08 54 23.59 +18 29 24.4
 3  2003 02 05.42008 09 06 19.80 +17 02 15.5
 3  2003 02 05.48834 09 06 17.73 +17 02 27.7
 3  2003 02 06.37242 09 05 51.59 +17 05 03.1
 3  2003 02 06.40772 09 05 50.51 +17 05 09.3
 3  2003 02 06.45622 09 05 49.05 +17 05 17.5
 3  2003 02 06.47625 09 05 48.44 +17 05 20.9
 3  2003 02 23.46141 08 57 48.46 +17 52 28.5
 3  2003 02 23.46969 08 57 48.30 +17 52 29.8
 3  2003 02 25.45775 08 56 57.65 +17 57 29.6
 3  2003 02 25.48177 08 56 57.03 +17 57 33.0
 3  2003 03 03.37375 08 54 37.64 +18 11 27.6
 3  2003 03 03.37852 08 54 37.51 +18 11 28.3
 4  2003 02 05.46822 09 08 39.47 +16 27 39.0
 4  2003 02 05.49476 09 08 38.68 +16 27 43.4
 4  2003 02 06.37887 09 08 12.36 +16 30 04.6
 4  2003 02 06.41413 09 08 11.29 +16 30 10.2
 4  2003 02 24.45756 08 59 40.55 +17 15 36.7
 4  2003 02 24.48178 08 59 39.92 +17 15 39.7
 4  2003 03 04.35525 08 56 32.52 +17 32 36.0
 4  2003 03 04.36262 08 56 32.36 +17 32 37.1
 5  2003 02 06.37566 09 07 25.80 +16 47 29.0
 5  2003 02 06.41093 09 07 24.83 +16 47 34.6
 5  2003 02 10.44861 09 05 24.30 +16 57 00.0
 5  2003 02 23.53234 08 59 17.84 +17 25 17.6
 5  2003 02 23.53709 08 59 17.71 +17 25 18.4
 5  2003 03 03.49764 08 56 07.04 +17 39 52.5
 5  2003 03 03.50368 08 56 06.90 +17 39 53.2
 6  2003 02 06.45622 09 04 27.64 +16 58 33.3
 6  2003 02 06.46625 09 04 27.29 +16 58 35.1
 6  2003 02 06.47625 09 04 26.91 +16 58 36.4
 6  2003 02 09.52620 09 02 41.49 +17 06 48.9
 6  2003 02 09.53469 09 02 41.15 +17 06 49.9
 6  2003 02 23.52010 08 55 02.40 +17 42 23.1
 6  2003 02 23.52604 08 55 02.20 +17 42 24.3
 6  2003 02 25.45775 08 54 04.14 +17 46 55.0
 6  2003 02 25.48177 08 54 03.41 +17 46 58.2
 6  2003 03 03.35160 08 51 18.08 +17 59 53.2
 6  2003 03 03.35639 08 51 17.95 +17 59 53.7
 6  2003 03 04.26791 08 50 54.01 +18 01 47.0
 6  2003 03 04.27382 08 50 53.86 +18 01 47.9
 7  2003 02 08.34332 08 57 54.63 +18 31 32.5
 7  2003 02 08.36322 08 57 53.90 +18 31 35.8
 7  2003 02 09.46730 08 57 13.17 +18 34 26.0
 7  2003 02 09.48712 08 57 12.44 +18 34 29.1
 7  2003 02 10.62672 08 56 30.74 +18 37 21.8
 7  2003 02 23.50841 08 49 08.30 +19 06 03.1
 7  2003 02 23.51377 08 49 08.15 +19 06 04.0
 7  2003 02 26.38863 08 47 39.57 +19 11 21.0
 7  2003 02 26.41172 08 47 38.86 +19 11 23.1
 7  2003 03 02.51088 08 45 40.84 +19 18 06.8
 7  2003 03 02.51913 08 45 40.60 +19 18 07.6