17  2012 12 08.55858  04 37 46.07  +19 52 57.3   E07  81615  20.9 V
17  2012 12 08.56739  04 37 45.70  +19 52 56.6   E07  81615  21.4 V
17  2012 12 12.48106  04 35 25.45  +19 48 30.4   E07  81615  21.4 V
17  2012 12 12.49208  04 35 25.11  +19 48 29.6   E07  81615  21.0 V
17  2012 12 20.54334  04 30 49.92  +19 40 02.2   E07  81615  21.2 V
17  2012 12 20.57949  04 30 48.69  +19 39 59.9   E07  81615  21.3 V
17  2014 01 02.18279  07 13 36.30  +23 19 11.3   691  86335  20.7 V
17  2014 01 02.20055  07 13 35.72  +23 19 12.3   691  86335  20.5 V
17  2014 01 02.21926  07 13 35.15  +23 19 13.2   691  86335  20.7 V
17  2014 01 04.61893  07 12 20.11  +23 21 30.3   E07  86335  20.9 V
17  2014 01 04.62775  07 12 19.78  +23 21 31.9   E07  86335  20.5 V
17  2014 01 26.54536  07 01 12.09  +23 36 21.6   E07  86778  20.5 V
17  2014 01 26.55417  07 01 11.75  +23 36 21.7   E07  86778  21.1 V
17  2015 01 17.41039  09 19 50.935 +14 58 28.67  F51  91853  20.8 w
17  2015 01 17.42240  09 19 50.589 +14 58 30.19  F51  91853  20.9 w
17  2015 01 17.43442  09 19 50.243 +14 58 31.81  F51  91853  20.9 w
17  2015 01 17.44649  09 19 49.897 +14 58 33.41  F51  91853  21.0 w
17  2015 01 17.57142  09 19 46.298 +14 58 49.88  F51  91853  21.0 w
17  2015 01 17.58372  09 19 45.936 +14 58 51.29  F51  91853  20.9 w
17  2015 01 17.59608  09 19 45.592 +14 58 53.04  F51  91853  20.9 w
17  2015 01 17.60848  09 19 45.225 +14 58 54.70  F51  91853  20.8 w
18  2014 01 04.57160  07 09 10.56  +22 23 33.3   E07  86335  19.5 V
18  2014 01 04.58262  07 09 10.30  +22 23 34.1   E07  86335  19.5 V
18  2014 01 04.59528  07 09 09.88  +22 23 35.6   E07  86335  19.8 V
18  2014 01 10.17073  07 06 29.32  +22 35 07.4   691  86335  20.1 V
18  2014 01 10.18850  07 06 28.81  +22 35 09.8   691  86335  19.9 V
18  2014 01 10.20627  07 06 28.28  +22 35 12.7   691  86335  19.7 V
18  2015 01 20.37902  09 28 57.937 +15 28 43.24  F51  91853  20.3 w
18  2015 01 20.39107  09 28 57.695 +15 28 44.91  F51  91853  20.4 w
18  2015 01 20.40313  09 28 57.472 +15 28 46.60  F51  91853  20.2 w
18  2015 01 20.41540  09 28 57.221 +15 28 48.04  F51  91853  20.2 w
18  2015 01 22.39999  09 28 18.510 +15 33 20.75  F51  91853  20.3 w
18  2015 01 22.41217  09 28 18.263 +15 33 22.43  F51  91853  20.1 w
18  2015 01 22.42432  09 28 18.029 +15 33 24.14  F51  91853  20.2 w
18  2015 01 22.43651  09 28 17.769 +15 33 25.94  F51  91853  20.2 w
18  2015 01 22.55378  09 28 15.358 +15 33 42.87  F51  91853  20.2 w
18  2015 01 22.56612  09 28 15.100 +15 33 44.58  F51  91853  20.1 w
18  2015 01 22.57840  09 28 14.846 +15 33 46.31  F51  91853  20.0 w
18  2015 01 22.59072  09 28 14.591 +15 33 48.16  F51  91853  20.1 w
24  2015 01 20.54336  09 20 41.636 +15 22 53.81  F51  91853  22.2 w
24  2015 01 20.55594  09 20 41.237 +15 22 55.22  F51  91853  22.2 w
24  2015 01 20.56851  09 20 40.862 +15 22 56.90  F51  91853  22.3 w
24  2015 01 20.58123  09 20 40.460 +15 22 58.63  F51  91853  22.3 w
27  2014 01 24.95060  06 59 50.16  +24 03 17.3   C95  87618  21.1 V
27  2014 01 25.00143  06 59 48.65  +24 03 20.3   C95  87618  22.1 V
27  2015 01 20.54336  09 23 43.122 +15 31 11.27  F51  91853  21.6 w
27  2015 01 20.55594  09 23 42.746 +15 31 12.97  F51  91853  21.9 w
27  2015 01 20.56851  09 23 42.406 +15 31 14.78  F51  91853  21.5 w
27  2015 01 20.58123  09 23 42.049 +15 31 16.99  F51  91853  22.0 w
27  2015 01 22.55378  09 22 47.108 +15 36 15.14  F51  91854  21.4 w
27  2015 01 22.56612  09 22 46.747 +15 36 17.00  F51  91854  21.8 w
27  2015 01 22.57840  09 22 46.392 +15 36 18.91  F51  91854  21.8 w
27  2015 01 22.59072  09 22 46.042 +15 36 20.77  F51  91854  21.8 w
28  2015 01 22.56612  09 17 50.185 +15 51 24.28  F51  91854  22.3 w
28  2015 01 22.57840  09 17 49.854 +15 51 25.95  F51  91854  22.4 w
28  2015 01 22.59072  09 17 49.463 +15 51 27.99  F51  91854  22.3 w
41  2015 01 22.55733  09 38 33.943 +15 27 43.78  F51  91854  22.4 w
41  2015 01 22.56963  09 38 33.604 +15 27 45.84  F51  91854  22.6 w
41  2015 01 22.59423  09 38 32.869 +15 27 50.33  F51  91854  22.3 w
