 8  2003 02 08.33831 08 52 40.81 +17 43 41.0 568
 8  2003 02 08.35818 08 52 40.16 +17 43 44.0 568
 8  2003 02 10.50612 08 51 32.88 +17 48 58.3 568
 8  2003 02 26.42655 08 44 04.14 +18 24 09.4 568
 8  2003 02 26.45307 08 44 03.47 +18 24 12.5 568
 8  2003 03 04.45935 08 41 46.99 +18 35 10.3 568
 8  2003 03 04.46991 08 41 46.77 +18 35 11.4 568
 8  2003 03 05.47453 08 41 26.18 +18 36 52.8 568
 8  2003 03 05.48509 08 41 25.93 +18 36 53.5 568
 8  2002 01 11.31203 06 43 16.51 +24 13 23.4 568
 8  2002 01 11.32895 06 43 15.96 +24 13 24.2 568
 8  2002 01 11.34561 06 43 15.41 +24 13 25.1 568
 8  2002 01 15.31525 06 41 11.05 +24 16 19.3 568
 8  2002 01 15.35125 06 41 09.83 +24 16 21.0 568
 9  2003 02 06.32341 09 06 15.44 +18 02 36.5 568
 9  2003 02 06.38207 09 06 13.64 +18 02 43.9 568
 9  2003 02 08.54660 09 05 08.41 +18 07 14.0 568
 9  2003 02 08.55576 09 05 08.17 +18 07 14.7 568
 9  2003 02 24.45242 08 57 40.66 +18 36 19.5 568
 9  2003 02 24.47662 08 57 40.04 +18 36 22.0 568
 9  2003 03 07.25347 08 53 36.33 +18 50 28.8 568
 9  2003 03 07.31749 08 53 35.02 +18 50 32.9 568
10  2003 02 06.37887 09 09 41.08 +16 51 19.6 568
10  2003 02 06.41413 09 09 39.92 +16 51 25.2 568
10  2003 02 09.50816 09 08 02.46 +16 59 24.1 568
10  2003 02 09.51619 09 08 02.22 +16 59 25.3 568
10  2003 02 24.45756 09 00 38.28 +17 35 06.6 568
10  2003 02 24.48178 09 00 37.60 +17 35 09.5 568
10  2003 03 07.25529 08 56 10.92 +17 56 12.4 568
10  2003 03 07.31931 08 56 09.48 +17 56 18.9 568
11  2003 02 06.45622 09 03 13.06 +17 07 43.7 568
11  2003 02 06.47625 09 03 12.35 +17 07 46.6 568
11  2003 02 09.57303 09 01 25.56 +17 15 29.7 568
11  2003 02 09.58006 09 01 25.28 +17 15 31.8 568
11  2003 02 25.44958 08 52 53.02 +17 51 53.0 568
11  2003 02 25.47360 08 52 52.30 +17 51 56.1 568
11  2003 03 07.25711 08 48 29.95 +18 10 08.7 568
11  2003 03 07.32112 08 48 28.38 +18 10 14.5 568
12  2003 02 08.52660 09 08 21.50 +17 12 51.2 568
12  2003 02 08.53529 09 08 21.22 +17 12 52.3 568
12  2003 02 09.54736 09 07 49.42 +17 14 45.9 568
12  2003 02 09.55534 09 07 49.16 +17 14 46.6 568
12  2003 02 24.45756 09 00 25.96 +17 40 06.1 568
12  2003 02 24.48178 09 00 25.29 +17 40 08.4 568
12  2003 03 07.25166 08 55 58.90 +17 53 59.9 568
12  2003 03 07.31565 08 55 57.41 +17 54 03.7 568