18  2018 04 12.19240  15 14 27.791 -16 55 58.98  20.8  r  807 110173
18  2018 04 12.19562  15 14 27.701 -16 55 58.49  20.7  r  807 110173
18  2018 04 13.17718  15 14 05.161 -16 53 30.66  20.7  r  807 110173
18  2018 04 13.19587  15 14 04.708 -16 53 27.76  20.6  r  807 110173
20  2018 04 12.17949  15 24 18.630 -16 46 46.24  23.4  r  807 110173
20  2018 04 12.18593  15 24 18.468 -16 46 45.75  23.3  r  807 110173
20  2018 04 13.18029  15 23 54.478 -16 45 10.30  23.0  r  807 110173
20  2018 04 13.18651  15 23 54.334 -16 45 09.80  23.2  r  807 110173
20  2018 05 11.15100  15 10 07.496 -15 52 12.11  22.4  r  807 110174
20  2018 05 11.18827  15 10 06.272 -15 52 07.42  22.6  r  807 110174
20  2018 05 12.14792  15 09 35.410 -15 50 11.07  22.5  r  807 110174
20  2018 05 12.16767  15 09 34.772 -15 50 08.69  22.9  r  807 110174
21  2018 04 12.18593  15 19 51.172 -17 24 59.01  23.8  r  807 110173
21  2018 04 13.18029  15 19 24.618 -17 23 05.74  23.5  r  807 110173
21  2018 04 13.18651  15 19 24.470 -17 23 04.98  23.7  r  807 110173
21  2018 05 12.14792  15 03 54.151 -16 15 35.30  23.0  r  807 110174
21  2018 05 12.16767  15 03 53.492 -16 15 32.09  23.1  r  807 110174
22  2018 04 12.19240  15 08 28.270 -17 03 01.62  23.5  r  807 110173
22  2018 04 12.19562  15 08 28.190 -17 03 00.53  23.3  r  807 110173
22  2018 04 13.17718  15 08 04.409 -17 01 03.29  23.4  r  807 110173
24  2018 04 12.19240  15 09 11.513 -16 50 58.72  22.9  r  807 110173
24  2018 04 12.19562  15 09 11.405 -16 50 58.44  22.8  r  807 110173
24  2018 04 13.17718  15 08 47.447 -16 49 53.00  22.9  r  807 110173
24  2018 04 13.19587  15 08 46.975 -16 49 51.32  22.9  r  807 110173
26  2018 04 13.17718  15 09 04.385 -16 05 21.88  23.3  r  807 110808
26  2018 04 13.19587  15 09 03.888 -16 05 19.55  23.3  r  807 110808
26  2018 05 12.14135  14 54 44.068 -14 59 06.21  23.2  r  807 110808
26  2018 05 12.16110  14 54 43.423 -14 59 03.24  23.2  r  807 110808
28  2018 04 12.19240  15 07 53.256 -17 01 06.82  23.1  r  807 110173
28  2018 04 12.19562  15 07 53.170 -17 01 06.83  23.1  r  807 110173
28  2018 04 13.17718  15 07 28.830 -16 59 52.68  23.0  r  807 110173
28  2018 04 13.19587  15 07 28.330 -16 59 50.94  23.2  r  807 110173
32  2018 04 13.18029  15 22 50.542 -16 56 22.33  23.7  r  807 110173
32  2018 04 13.18651  15 22 50.423 -16 56 21.76  23.4  r  807 110173
32  2018 05 11.15100  15 11 02.472 -15 56 50.65  22.9  r  807 110174
32  2018 05 11.18827  15 11 01.392 -15 56 45.47  23.0  r  807 110174
32  2018 05 12.14792  15 10 34.345 -15 54 35.74  22.9  r  807 110174
32  2018 05 12.16767  15 10 33.766 -15 54 33.12  22.8  r  807 110174
36  2018 05 16.14068  15 03 11.754 -17 02 15.47  23.7  r  304 110808
36  2018 05 16.19798  15 03 09.907 -17 02 07.23  23.8  r  304 110808
36  2018 05 18.25461  15 02 05.039 -16 57 17.47  23.6  r  304 110808
36  2018 05 18.30229  15 02 03.534 -16 57 10.33  23.7  r  304 110808
39  2018 05 11.15100  15 09 04.093 -15 41 54.73  22.8  r  807 110174
39  2018 05 11.18827  15 09 02.844 -15 41 50.55  23.0  r  807 110174
39  2018 05 12.14792  15 08 31.081 -15 40 04.93  22.9  r  807 110174
39  2018 05 12.16767  15 08 30.408 -15 40 02.58  23.0  r  807 110174
43  2018 05 11.15100  15 04 55.445 -15 54 05.48  22.9  r  807 110174
43  2018 05 11.18827  15 04 54.383 -15 54 00.61  23.1  r  807 110174
43  2018 05 12.14792  15 04 28.168 -15 52 03.11  23.0  r  807 110174
43  2018 05 12.16767  15 04 27.610 -15 52 00.72  23.0  r  807 110174
45  2018 05 12.14353  15 01 05.318 -16 34 47.45  23.3  r  807 110808
45  2018 05 12.16549  15 01 04.573 -16 34 44.03  23.1  r  807 110808
46  2018 05 11.15100  15 06 03.683 -17 07 47.52  23.0  r  807 110174
46  2018 05 11.18827  15 06 02.502 -17 07 40.37  23.0  r  807 110174
46  2018 05 12.14792  15 05 32.737 -17 04 47.31  23.1  r  807 110174
46  2018 05 12.16767  15 05 32.125 -17 04 43.97  22.9  r  807 110174
47  2018 05 11.15100  15 09 00.504 -16 57 39.42  22.8  r  807 110174
47  2018 05 11.18827  15 08 59.359 -16 57 35.03  23.0  r  807 110174
47  2018 05 12.14792  15 08 30.937 -16 55 42.81  22.9  r  807 110174
47  2018 05 12.16767  15 08 30.347 -16 55 40.65  22.9  r  807 110174
48  2018 04 12.17949  15 25 38.928 -16 40 57.64  23.9  r  807 110173
48  2018 04 12.18593  15 25 38.773 -16 40 56.90  24.0  r  807 110173
48  2018 04 13.18029  15 25 16.604 -16 39 05.62  24.0  r  807 110173
48  2018 04 13.18651  15 25 16.460 -16 39 04.63  23.8  r  807 110173
50  2018 05 12.13469  14 51 28.760 -15 34 46.65  23.4  r  807 110808
50  2018 05 12.15671  14 51 28.084 -15 34 44.22  23.3  r  807 110808
56  2018 05 11.16075  15 05 43.645 -15 07 37.05  23.8  r  807 110808
56  2018 05 11.18101  15 05 43.094 -15 07 34.58  23.7  r  807 110808
56  2018 05 12.15448  15 05 17.423 -15 05 35.36  23.7  r  807 110808
56  2018 05 12.17641  15 05 16.843 -15 05 32.42  23.8  r  807 110808
59  2018 05 11.15100  15 08 22.718 -17 01 41.43  24.0  r  807 110174
59  2018 05 11.18827  15 08 21.584 -17 01 36.11  24.0  r  807 110174
59  2018 05 12.14792  15 07 53.443 -16 59 19.82  23.9  r  807 110174
59  2018 05 12.16767  15 07 52.871 -16 59 17.19  23.9  r  807 110174
61  2017 02 24.56197  13 19 04.94  -07 02 39.0   23.9  r  568 110805
61  2017 02 24.62272  13 19 03.95  -07 02 32.0   23.9  r  568 110805
61  2017 03 23.24858  13 09 06.40  -05 52 38.7   23.6  r  807 110805
61  2017 03 23.27130  13 09 05.72  -05 52 34.2   23.7  r  807 110805
61  2017 03 26.28417  13 07 40.77  -05 42 56.1   23.5  r  807 110805
61  2017 03 26.32711  13 07 39.51  -05 42 47.5   23.4  r  807 110805
61  2017 04 22.09793  12 54 44.88  -04 16 09.3   23.5  r  304 110805
61  2017 04 22.12753  12 54 44.08  -04 16 03.9   23.4  r  304 110805
61  2017 04 23.11127  12 54 17.71  -04 13 08.9   23.4  r  304 110805
61  2017 04 23.13342  12 54 17.10  -04 13 04.9   23.5  r  304 110805
61  2018 05 11.16318  15 12 34.009 -16 10 56.64  23.5  r  807 110805
61  2018 05 11.18342  15 12 33.372 -16 10 54.31  23.8  r  807 110805
61  2018 05 12.15229  15 12 03.114 -16 09 11.31  23.4  r  807 110805
61  2018 05 12.17423  15 12 02.430 -16 09 08.98  23.5  r  807 110805
62  2016 03 09.27415  11 12 07.64  +06 28 58.0   23.8  r  304 110806
62  2016 03 09.29219  11 12 07.07  +06 29 01.1   23.8  r  304 110806
62  2016 03 10.20686  11 11 39.16  +06 31 19.9    -    -  304 110806
62  2016 03 10.28318  11 11 36.75  +06 31 31.4    -    -  304 110806
62  2017 03 23.25159  13 21 32.17  -06 27 47.3   24.1  r  807 110806
62  2017 03 23.27395  13 21 31.59  -06 27 43.2   24.2  r  807 110806
62  2017 03 26.32458  13 20 13.87  -06 17 56.0   24.2  r  807 110806
62  2017 04 22.25148  13 07 23.82  -04 48 04.0   24.1  r  304 110806
62  2017 04 22.28980  13 07 22.72  -04 47 56.5   24.1  r  304 110806
62  2017 04 23.29035  13 06 53.83  -04 44 47.5   24.0  r  304 110806
62  2017 04 23.30354  13 06 53.44  -04 44 44.6   24.0  r  304 110806
62  2017 06 13.26496  12 51 26.55  -03 25 32.4    -    -  568 110806
62  2017 06 13.27228  12 51 26.51  -03 25 32.4    -    -  568 110806
62  2017 06 13.27959  12 51 26.47  -03 25 32.8    -    -  568 110806
62  2017 06 13.28690  12 51 26.44  -03 25 32.9    -    -  568 110806
62  2018 04 13.18963  15 12 27.607 -17 17 33.11  23.9  r  807 110806
62  2018 04 13.19587  15 12 27.500 -17 17 32.47  23.8  r  807 110806
62  2018 05 16.14343  14 59 01.878 -16 07 47.20  23.9  r  304 110806
62  2018 05 16.16811  14 59 01.237 -16 07 43.93  23.9  r  304 110806
62  2018 05 16.20043  14 59 00.384 -16 07 39.57  23.8  r  304 110806
62  2018 05 16.22420  14 58 59.768 -16 07 36.33  23.9  r  304 110806
63  2016 02 05.64942  11 37 37.37  +04 03 55.5   23.5  r  568 110806
63  2016 02 05.66018  11 37 37.16  +04 03 56.2   23.5  r  568 110806
63  2017 02 24.56197  13 21 41.87  -06 41 30.3   23.6  r  568 110806
63  2017 02 24.62272  13 21 41.21  -06 41 24.8   23.5  r  568 110806
63  2017 03 23.24858  13 13 45.13  -05 41 46.5   23.5  r  807 110806
63  2017 03 23.27130  13 13 44.56  -05 41 43.0   23.7  r  807 110806
63  2017 03 26.28417  13 12 31.29  -05 33 16.9   23.4  r  807 110806
63  2017 03 26.32711  13 12 30.19  -05 33 09.5   23.5  r  807 110806
63  2017 04 23.09729  13 00 37.29  -04 15 13.0   23.4  r  304 110806
63  2017 04 23.12258  13 00 36.70  -04 15 09.4   23.5  r  304 110806
63  2017 04 26.10341  12 59 26.42  -04 07 50.4   23.5  r  304 110806
63  2017 04 26.12899  12 59 25.83  -04 07 46.7   23.5  r  304 110806
63  2018 05 18.26245  14 54 46.058 -15 44 42.41  24.4  r  304 110806
63  2018 05 18.28197  14 54 45.414 -15 44 39.76  24.3  r  304 110806
63  2018 05 19.13679  14 54 17.309 -15 42 48.90  24.2  r  304 110806
63  2018 05 19.16165  14 54 16.463 -15 42 45.51  24.2  r  304 110806
64  2016 02 05.64942  11 37 40.05  +04 13 10.2   23.5  r  568 110806
64  2016 02 05.66018  11 37 39.84  +04 13 11.2   23.5  r  568 110806
64  2017 02 24.62272  13 21 44.71  -06 27 01.6   23.4  r  568 110806
64  2017 03 23.24858  13 14 12.07  -05 22 10.9   23.8  r  807 110806
64  2017 03 23.27130  13 14 11.54  -05 22 06.9   23.5  r  807 110806
64  2017 03 26.28417  13 13 01.37  -05 13 15.6   23.4  r  807 110806
64  2017 03 26.32711  13 13 00.31  -05 13 07.8   23.5  r  807 110806
64  2017 04 22.09198  13 02 00.77  -03 56 00.8   23.4  r  304 110806
64  2017 04 22.12247  13 02 00.04  -03 55 56.3   23.4  r  304 110806
64  2017 04 23.10848  13 01 37.18  -03 53 26.7   23.4  r  304 110806
64  2017 04 23.13081  13 01 36.66  -03 53 23.4   23.4  r  304 110806
64  2018 04 12.19240  15 09 13.694 -17 18 28.42  23.9  r  807 110806
64  2018 04 12.19562  15 09 13.540 -17 18 28.16  24.2  r  807 110806
64  2018 04 13.17718  15 08 48.498 -17 16 41.30  24.1  r  807 110806
64  2018 04 13.19587  15 08 47.987 -17 16 38.97  24.1  r  807 110806
64  2018 05 12.14135  14 54 24.624 -16 12 11.60  24.2  r  807 110806
64  2018 05 12.16110  14 54 23.969 -16 12 08.58  24.3  r  807 110806
64  2018 05 17.25358  14 51 48.236 -15 59 47.21  24.2  r  304 110806
64  2018 05 17.26616  14 51 47.862 -15 59 45.39  24.3  r  304 110806
65  2017 03 23.25159  13 18 51.84  -06 30 49.1   23.0  r  807 110806
65  2017 03 23.27395  13 18 51.33  -06 30 45.7   23.0  r  807 110806
65  2017 03 26.27648  13 17 46.33  -06 21 53.7   23.1  r  807 110806
65  2017 03 26.32458  13 17 45.21  -06 21 45.0   23.2  r  807 110806
65  2017 04 20.24526  13 07 26.15  -05 03 57.3    -    -  G37 110806
65  2017 04 20.24908  13 07 26.06  -05 03 56.9    -    -  G37 110806
65  2017 04 20.29824  13 07 24.77  -05 03 47.9    -    -  G37 110806
65  2017 04 20.30206  13 07 24.66  -05 03 47.3    -    -  G37 110806
65  2017 04 23.18692  13 06 11.08  -04 55 08.2   23.0  r  304 110806
65  2017 04 23.20098  13 06 10.76  -04 55 05.3   23.0  r  304 110806
65  2017 04 24.26754  13 05 43.88  -04 51 58.4   23.1  r  304 110806
65  2017 04 24.29821  13 05 43.10  -04 51 53.1   23.0  r  304 110806
65  2017 04 26.26799  13 04 53.90  -04 46 13.4   23.0  r  304 110806
65  2017 04 26.29223  13 04 53.28  -04 46 09.4   23.0  r  304 110806
65  2017 06 18.16049  12 52 44.95  -03 41 14.2    -    -  G37 110806
65  2017 06 18.21665  12 52 44.98  -03 41 16.6    -    -  G37 110806
65  2018 05 12.14135  14 59 49.016 -16 00 50.03  23.7  r  807 110806
65  2018 05 12.16110  14 59 48.289 -16 00 47.98  23.7  r  807 110806
65  2018 05 16.29504  14 57 24.754 -15 53 16.41  23.9  r  304 110806
65  2018 05 16.30783  14 57 24.314 -15 53 14.96  23.9  r  304 110806
66  2017 03 23.25159  13 19 37.39  -07 17 46.1   23.5  r  807 110806
66  2017 03 23.27395  13 19 36.72  -07 17 42.3   23.4  r  807 110806
66  2017 03 26.27648  13 18 09.91  -07 09 05.2   23.6  r  807 110806
66  2017 03 26.32458  13 18 08.46  -07 08 56.6   23.7  r  807 110806
66  2017 04 22.08449  13 04 27.41  -05 47 01.0   23.4  r  304 110806
66  2017 04 22.11756  13 04 26.42  -05 46 54.9   23.4  r  304 110806
66  2017 04 23.10563  13 03 57.22  -05 44 00.2   23.5  r  304 110806
66  2017 04 23.12810  13 03 56.56  -05 43 56.3   23.4  r  304 110806
66  2017 04 26.21035  13 02 27.20  -05 35 01.4   23.4  r  304 110806
66  2017 04 26.27512  13 02 25.32  -05 34 50.4   23.5  r  304 110806
66  2018 05 11.16318  15 12 02.696 -16 08 30.19  23.8  r  807 110806
66  2018 05 11.18342  15 12 02.088 -16 08 27.88  23.9  r  807 110806
66  2018 05 12.15229  15 11 33.608 -16 06 50.52  23.8  r  807 110806
66  2018 05 12.17423  15 11 32.968 -16 06 48.24  23.9  r  807 110806
67  2017 02 24.55815  13 27 16.08  -07 13 45.1   23.6  r  568 110806
67  2017 02 24.62650  13 27 15.48  -07 13 38.9   23.5  r  568 110806
67  2017 03 23.25159  13 19 57.19  -06 15 57.5   23.5  r  807 110806
67  2017 03 23.27395  13 19 56.65  -06 15 54.0   23.6  r  807 110806
67  2017 03 26.27648  13 18 44.01  -06 07 49.0   23.6  r  807 110807
67  2017 03 26.32458  13 18 42.78  -06 07 40.5   23.6  r  807 110807
67  2017 04 22.09451  13 06 29.14  -04 55 15.5   23.5  r  304 110807
67  2017 04 22.12501  13 06 28.42  -04 55 11.5   23.5  r  304 110807
67  2017 04 23.11425  13 06 00.99  -04 52 45.9   23.5  r  304 110807
67  2017 04 23.13609  13 06 00.40  -04 52 42.5   23.5  r  304 110807
67  2017 04 26.25842  13 04 35.46  -04 45 18.9   23.5  r  304 110807
67  2017 04 26.28871  13 04 34.63  -04 45 14.9   23.5  r  304 110807
67  2018 05 12.13469  14 50 40.355 -16 21 02.76  23.7  r  807 110807
67  2018 05 12.15671  14 50 39.678 -16 21 00.03  23.6  r  807 110807
67  2018 05 16.28739  14 48 38.700 -16 12 10.68  23.9  r  304 110807
67  2018 05 16.30024  14 48 38.329 -16 12 08.86  24.0  r  304 110807
68  2017 02 24.55815  13 28 48.18  -07 56 31.5   23.6  r  568 110807
68  2017 02 24.62650  13 28 47.58  -07 56 24.8   23.5  r  568 110807
68  2017 03 23.25159  13 21 34.67  -06 50 06.3   23.9  r  807 110807
68  2017 03 23.27395  13 21 34.16  -06 50 02.1   23.9  r  807 110807
68  2017 03 26.27648  13 20 23.41  -06 40 27.6   23.8  r  807 110807
68  2017 03 26.32458  13 20 22.24  -06 40 18.1   23.7  r  807 110807
68  2017 04 23.14416  13 08 19.05  -05 07 52.2   23.6  r  304 110807
68  2017 04 23.16589  13 08 18.49  -05 07 48.1   23.5  r  304 110807
68  2017 04 26.09696  13 07 05.08  -04 58 46.5   23.5  r  304 110807
68  2017 04 26.12083  13 07 04.51  -04 58 42.3   23.5  r  304 110807
68  2018 05 12.13469  14 54 53.975 -15 53 00.02  23.9  r  807 110807
68  2018 05 12.14135  14 54 53.734 -15 52 59.49  23.6  r  807 110807
68  2018 05 12.15671  14 54 53.320 -15 52 58.23  23.9  r  807 110807
68  2018 05 12.16110  14 54 53.140 -15 52 57.68  23.6  r  807 110807
68  2018 05 16.28994  14 52 55.175 -15 46 53.46  24.1  r  304 110807
68  2018 05 16.30274  14 52 54.818 -15 46 52.24  24.0  r  304 110807
68  2018 05 17.20612  14 52 29.492 -15 45 34.12  23.7  r  304 110807
68  2018 05 17.25608  14 52 28.078 -15 45 29.84  23.7  r  304 110807
69  2017 03 23.25159  13 21 38.04  -07 32 47.2   24.1  r  807 110807
69  2017 03 23.27395  13 21 37.41  -07 32 43.3   24.0  r  807 110807
69  2017 03 26.27648  13 20 12.62  -07 24 00.8   24.1  r  807 110807
69  2017 03 26.32458  13 20 11.19  -07 23 52.7   24.1  r  807 110807
69  2017 04 22.24853  13 06 38.65  -06 00 22.4   24.1  r  304 110807
69  2017 04 24.20379  13 05 41.90  -05 54 31.9   24.1  r  304 110807
69  2017 04 24.25278  13 05 40.47  -05 54 23.1   24.1  r  304 110807
69  2017 04 26.08418  13 04 48.41  -05 49 00.7   24.0  r  304 110807
69  2017 04 26.11039  13 04 47.63  -05 48 56.0   24.1  r  304 110807
69  2018 05 11.16318  15 11 03.113 -16 22 51.88  24.1  r  807 110807
69  2018 05 11.18342  15 11 02.515 -16 22 49.91  23.9  r  807 110807
69  2018 05 12.15229  15 10 34.392 -16 21 17.19  23.9  r  807 110807
69  2018 05 12.17423  15 10 33.751 -16 21 15.47  24.3  r  807 110807
70  2017 02 24.55815  13 31 23.39  -07 43 58.5   23.7  r  568 110807
70  2017 02 24.62650  13 31 22.60  -07 43 51.0   23.8  r  568 110807
70  2017 03 23.25159  13 22 53.30  -06 35 33.2   23.0  r  807 110807
70  2017 03 26.27648  13 21 33.57  -06 25 54.1   23.1  r  807 110807
70  2017 03 26.32458  13 21 32.28  -06 25 44.6   23.1  r  807 110807
70  2017 04 23.06211  13 08 19.24  -04 54 55.6   22.7  r  304 110807
70  2017 04 23.07765  13 08 18.78  -04 54 52.8   22.7  r  304 110807
70  2018 04 12.19240  15 10 00.282 -16 44 40.19  23.5  r  807 110807
70  2018 04 12.19562  15 10 00.185 -16 44 41.34  23.4  r  807 110807
70  2018 04 13.17718  15 09 38.686 -16 43 36.11  23.6  r  807 110807
70  2018 04 13.19587  15 09 38.264 -16 43 34.50  23.4  r  807 110807
70  2018 05 12.14135  14 56 57.998 -16 02 38.32  23.0  r  807 110807
70  2018 05 12.16110  14 56 57.422 -16 02 36.43  23.0  r  807 110807
70  2018 05 17.24340  14 54 39.164 -15 54 49.37  22.9  r  304 110807
70  2018 05 17.25862  14 54 38.740 -15 54 48.27  22.9  r  304 110807
71  2017 03 25.22365  13 12 58.740 -06 20 57.96  22.7  r  807 110807
71  2017 03 26.28417  13 12 25.567 -06 16 51.01  22.8  r  807 110807
71  2017 03 26.32711  13 12 24.185 -06 16 40.79  22.8  r  807 110807
71  2018 04 13.18029  15 18 02.988 -16 44 56.21  23.0  r  807 110807
71  2018 04 13.18651  15 18 02.873 -16 44 56.07  23.0  r  807 110807
71  2018 05 11.16075  15 06 18.025 -16 17 25.90  22.9  r  807 110807
71  2018 05 11.18101  15 06 17.413 -16 17 24.60  23.0  r  807 110807
71  2018 05 12.15448  15 05 49.276 -16 16 13.94  23.0  r  807 110807
71  2018 05 12.17641  15 05 48.631 -16 16 12.33  23.0  r  807 110807
71  2018 05 18.25718  15 02 51.886 -16 08 41.37  23.2  r  304 110807
71  2018 05 18.27592  15 02 51.335 -16 08 39.82  23.3  r  304 110807
71  2018 05 19.14032  15 02 26.340 -16 07 35.07  23.1  r  304 110807
71  2018 05 19.16694  15 02 25.530 -16 07 32.91  23.1  r  304 110807
71  2018 06 12.19238  14 51 50.016 -15 38 41.61  23.0  r  G37 110807
71  2018 06 12.20164  14 51 49.818 -15 38 40.88  23.1  r  G37 110807
71  2018 06 15.415344 14 50 40.434 -15 35 19.13  22.73 G  T12 110807
71  2018 06 15.422749 14 50 40.285 -15 35 18.72  22.87 G  T12 110807
72  2017 03 23.24858  13 07 34.63  -05 51 48.0   23.8  r  807 110805
72  2017 03 23.27130  13 07 33.99  -05 51 44.6   23.7  r  807 110805
72  2017 03 26.28417  13 06 11.14  -05 43 43.0   23.8  r  807 110806
72  2017 03 26.32711  13 06 09.90  -05 43 35.9   23.7  r  807 110806
72  2017 04 22.10041  12 53 32.92  -04 31 07.3   23.7  r  304 110806
72  2017 04 22.13007  12 53 32.11  -04 31 02.9   23.7  r  304 110806
72  2017 04 23.14824  12 53 05.47  -04 28 32.6   23.7  r  304 110806
72  2017 04 23.16896  12 53 04.91  -04 28 29.5   23.7  r  304 110806
72  2017 04 26.24565  12 51 46.56  -04 21 09.4   23.7  r  304 110806
72  2017 04 26.28179  12 51 45.63  -04 21 04.0   23.8  r  304 110806
72  2018 05 11.16318  15 10 56.734 -16 18 54.04  23.7  r  807 110806
72  2018 05 11.18342  15 10 56.068 -16 18 51.10  23.9  r  807 110806
72  2018 05 12.15229  15 10 24.895 -16 16 37.01  23.8  r  807 110806
72  2018 05 12.17423  15 10 24.197 -16 16 33.97  23.7  r  807 110806
